"COMID"	"Value"
1	26.5
2	3.7
3	15.1
4	21.2
5	25.8
6	0.6
7	16.2
8	4.3
9	0.4
10	0.3
11	24.3
12	0.3
13	1
14	16.2
15	4.1
16	1.4
17	30.6
18	8.5
19	15.8
20	18.1
21	10.2
22	15.1
23	0.4
24	0.6
25	9.9
26	12.8
27	7.9
28	31.3
29	0.8
30	5.5
31	17.7
32	25.7
33	17.2
34	0.6
35	17.2
36	0.6
37	15.9
38	0.5
39	0.4
40	2.4
41	16
42	7.9
43	2.1
44	28.8
45	3.8
46	0.9
47	2.1
48	16.9
49	9.5
50	7
51	0.5
52	1.2
53	0.7
54	13.7
55	14.4
56	12.6
57	0.8
58	0.5
59	4.5
60	0.7
61	0.8
62	0.6
63	12
64	6.3
65	0.8
66	3.3
67	16.7
68	2
69	3.7
70	2.7
71	0.6
72	15.1
73	0.6
74	11.1
75	3
76	2.3
77	4
78	3.4
79	14.5
80	1.6
81	11.9
82	1.9
83	11.6
84	0.5
85	15
86	2.7
87	0.6
88	0.7
89	1.5
90	7
91	9.8
92	16
93	15.4
94	0.4
95	15.9
96	0.8
97	12.1
98	0.7
99	2.5
100	13.5
101	7.5
102	12.1
103	0.4
104	2
105	1.8
106	12.6
107	2.2
108	0.6
109	1.2
110	0.9
111	0.6
112	14
113	0.5
114	14
115	9.1
116	2.6
117	9.1
118	7
119	0.3
120	5.7
121	0.9
122	12.8
123	0.6
124	6.1
125	4.6
126	15.8
127	14.1
128	14.5
129	1
130	6
131	0.6
132	0.9
133	11
134	7.5
135	5.7
136	5.1
137	17.3
138	0.9
139	1
140	7.6
141	6.9
142	1.8
143	0.6
144	3.8
145	0.6
146	10
147	13.5
148	19.2
149	5.7
150	20.6
151	2.8
152	6
153	1.3
154	4.5
155	0.5
156	4.8
157	18.2
158	1.4
159	1.1
160	11.8
161	3.2
162	1.8
163	1
164	3.2
165	0.4
166	2.2
167	9.7
168	0.3
169	10.5
170	10.9
171	3.2
172	2.8
173	4.7
174	1.7
175	1.1
176	25.1
177	0.9
178	4.3
179	6.3
180	2.2
181	0.3
182	3.5
183	0.8
184	2.4
185	1.1
186	5.5
187	4.7
188	2.6
189	2.3
190	8.9
191	2.1
192	4.9
193	1.4
194	29.2
195	1.6
196	1.5
197	1
198	2.3
199	5.5
200	1.8
201	2.3
202	1.3
203	1.1
204	0.4
205	1.3
206	3.5
207	8.5
208	26.1
209	5.4
210	2.9
211	12.7
212	11.9
213	5.3
214	0.5
215	7.9
216	4.2
217	0.9
218	1.3
219	1.7
220	1
221	0.4
222	6.5
223	20.6
224	0.1
225	2.9
226	5.3
227	0.5
228	5
229	0.3
230	8.4
231	1.7
232	3.9
233	18.2
234	0.6
235	3.7
236	5
237	1.4
238	1.5
239	6.4
240	5.9
241	4.5
242	0.3
243	0.4
244	19.1
245	5.2
246	12.3
247	2.8
248	1.7
249	0.1
250	15.2
251	5.6
252	7.9
253	3.4
254	0.5
255	0.3
256	12
257	0.5
258	2.6
259	3
260	1
261	4.7
262	5.2
263	3.6
264	0.3
265	0.2
266	3.9
267	11.9
268	2.1
269	14.2
270	0.2
271	4.2
272	4.6
273	10.7
274	0.3
275	4.8
276	0.5
277	0.2
278	4.6
279	0.3
280	4
281	4.1
282	9.7
283	0.2
284	6
285	0.5
286	3.8
287	9
288	2.9
289	0.3
290	0.1
291	0.7
292	3.3
293	0.4
294	2.6
295	0.1
296	6.3
297	7.2
298	0.3
299	2.1
300	6.8
301	0.3
302	7.9
303	5.1
304	3.2
305	7.8
306	7.5
307	6.8
308	4
309	1
310	3.3
311	6.1
312	5.6
313	4.2
314	4.2
315	0.3
316	0.3
317	0.4
318	8.6
319	0.5
320	5.3
321	0.1
322	3.2
323	5.4
324	0.9
325	0.5
326	1
327	0.7
328	0.7
329	0.1
330	0.8
331	0.6
332	0.2
333	0.5
334	0.4
335	2.5
336	0.5
337	0.5
338	0.5
339	2.6
340	1.2
341	0.4
342	0.5
343	0.5
344	3.8
345	2.2
346	0.8
347	0.6
348	5.4
349	2.8
350	0.5
351	0.5
352	0.3
353	6.6
354	1.6
355	0.4
356	0.4
357	0.6
358	1.4
359	0.3
360	1.3
361	0.3
362	1.2
363	1.2
364	0.3
365	3.3
366	1.1
367	0.5
368	24.6
369	0.3
370	7.5
371	0.3
372	1
373	0.6
374	0.4
375	2.2
376	0.7
377	8.1
378	0.3
379	0.4
380	7.8
381	0.3
382	0.2
383	6.7
384	0.7
385	0.7
386	0.4
387	25.2
388	1.1
389	0.5
390	24.3
391	0.4
392	1.1
393	1
394	0.3
395	0.3
396	0.9
397	1.1
398	0.7
399	2.2
400	0.3
401	10
402	0.7
403	0.8
404	0.3
405	0
406	3.2
407	1.2
408	0.3
409	0.4
410	6.5
411	8.8
412	0.4
413	3.6
414	0.7
415	1.4
416	0.1
417	0.4
418	0.3
419	0.9
420	0.2
421	0.8
422	1.8
423	6.7
424	1.4
425	31.8
426	0.6
427	5.6
428	1.7
429	5
430	23.4
431	0.6
432	0.3
433	30.9
434	0.2
435	0.3
436	15.8
437	1.9
438	48.9
439	0.4
440	4.8
441	7.9
442	0.3
443	1.5
444	0.2
445	61.1
446	0.7
447	61.7
448	55
449	0.2
450	0.3
451	0.4
452	22.5
453	0.6
454	0
455	0.6
456	0.2
457	12.9
458	11.9
459	22.5
460	0.4
461	17.7
462	32.4
463	2.7
464	1.2
465	11.2
466	1
467	5.6
468	1.2
469	0.3
470	0.7
471	1.8
472	5.6
473	4.1
474	0.5
475	4.2
476	0.2
477	32.8
478	0.2
479	0.7
480	10.4
481	0.6
482	0.5
483	16.8
484	0.3
485	0.4
486	2.3
487	1.3
488	4.5
489	0.5
490	3.5
491	3.3
492	9.7
493	0.7
494	5.3
495	3.6
496	0.4
497	0.5
498	0.4
499	0.6
500	0.3
501	14.3
502	6.7
503	0.6
504	0.5
505	0.1
506	0.2
507	0.9
508	0.1
509	0.1
510	22.9
511	1.4
512	2.2
513	0.3
514	0.1
515	0.5
516	0.6
517	2.1
518	0.6
519	0.7
520	2.5
521	5.5
522	0.8
523	0.2
524	11.7
525	3.9
526	0.3
527	3.5
528	1
529	0.4
530	8.7
531	7.1
532	17.9
533	1.3
534	0
535	10.4
536	11
537	2.5
538	0.8
539	0
540	0.6
541	3.3
542	9.2
543	0.1
544	0.8
545	3.5
546	8.2
547	1
548	3.3
549	4.8
550	0
551	3.2
552	1.1
553	3.9
554	0.5
555	0.8
556	1.1
557	0.2
558	3
559	0.7
560	5.7
561	5.6
562	10.2
563	1
564	1.7
565	0.8
566	12.2
567	0.5
568	9.2
569	0.2
570	0.4
571	5.2
572	4.8
573	0.1
574	1
575	0.3
576	10.2
577	1.3
578	0.7
579	1.8
580	8.5
581	1.6
582	0.5
583	0.9
584	0.8
585	15.1
586	0.9
587	14.7
588	0.2
589	6.5
590	0.4
591	0.6
592	2.7
593	7.4
594	0.2
595	0.5
596	0.6
597	0.3
598	0.1
599	12.2
600	0.2
601	0.1
602	0.6
603	47.5
604	0.2
605	1.3
606	0.4
607	0.2
608	0.2
609	3.2
610	0.4
611	1.9
612	3
613	0.5
614	26.5
615	1
616	1.8
617	7.3
618	37.6
619	0.3
620	0.1
621	0.2
622	26.6
623	26
624	28.4
625	0.5
626	0.1
627	7.2
628	0
629	1.4
630	12.5
631	0.5
632	45.3
633	21.6
634	0.6
635	0.8
636	1.2
637	0.6
638	0
639	39.5
640	1.5
641	7
642	1.1
643	19.2
644	2.2
645	42.9
646	21.4
647	0.4
648	56.5
649	23.6
650	0.2
651	13.4
652	0
653	0.4
654	0.1
655	0.5
656	0.1
657	20.3
658	4
659	16
660	2.6
661	3.5
662	16.4
663	14.1
664	0.1
665	0
666	0.3
667	3.5
668	14.7
669	4.6
670	0.2
671	0.2
672	0.1
673	16.4
674	1.9
675	12.6
676	17.2
677	9
678	0.5
679	0.1
680	0.6
681	22.4
682	28.5
683	11.5
684	12.9
685	0.2
686	8.8
687	0.4
688	12.3
689	0.1
690	17.9
691	2.9
692	5.7
693	0.4
694	1.4
695	2.8
696	24.1
697	0.1
698	12.8
699	26.2
700	10.4
701	2.1
702	20.9
703	10.3
704	24.2
705	29.4
706	0.5
707	7.7
708	17
709	27.9
710	16.8
711	0.9
712	4.8
713	18.8
714	0.3
715	16.2
716	0.9
717	50
718	21
719	23.8
720	10.3
721	0.3
722	21.8
723	17.9
724	33.1
725	0.2
726	0.5
727	1.5
728	25.1
729	2.1
730	13
731	0.6
732	1.3
733	23.1
734	8
735	4.8
736	0.5
737	29.2
738	14.2
739	37.5
740	33.4
741	23.6
742	54.3
743	13.3
744	1.3
745	0.3
746	6.4
747	15.9
748	0.3
749	14
750	0.3
751	8.3
752	26.4
753	15.1
754	17.5
755	15.5
756	9.2
757	15.6
758	26.3
759	0.5
760	6.5
761	0.5
762	33.7
763	24.2
764	6
765	11.6
766	2.2
767	25.8
768	16.2
769	18.5
770	17.2
771	19.2
772	27.2
773	7.1
774	4.9
775	2.1
776	0.3
777	24
778	10.1
779	1.3
780	18
781	21.5
782	93.2
783	91.5
784	91
785	93.6
786	92.9
787	91.3
788	79.8
789	86.1
790	93.2
791	88.1
792	90.2
793	86.4
794	90.6
795	89.7
796	85.5
797	90.2
798	86.6
799	88.5
800	91.4
801	87.3
802	90.5
803	91.9
804	77.9
805	88.9
806	89.6
807	71.2
808	90.6
809	89.7
810	91.4
811	89.3
812	88.1
813	88
814	89.9
815	89.6
816	90.4
817	76.2
818	86.7
819	94.4
820	90.8
821	94.2
822	88.9
823	91.1
824	89.7
825	90.7
826	89.9
827	90.9
828	89.7
829	91
830	88.2
831	93.5
832	91.1
833	97.9
834	86.6
835	88.9
836	91.2
837	69.6
838	93.5
839	100.4
840	88.9
841	88.6
842	105.5
843	47.7
844	85.6
845	89.3
846	101.3
847	89.2
848	95.8
849	102.7
850	88
851	87.4
852	81.5
853	87.4
854	88.7
855	88.9
856	92.6
857	88.6
858	86.2
859	88.7
860	103
861	86.2
862	28.3
863	82.2
864	88
865	85.6
866	101.8
867	79.6
868	85.3
869	87.2
870	67.9
871	91.8
872	90.7
873	35.7
874	88.8
875	84.6
876	89
877	84.3
878	83.7
879	85.7
880	95.9
881	97.5
882	104.1
883	77.7
884	84.6
885	85.1
886	20.5
887	100.4
888	105.1
889	87.9
890	103.8
891	90.4
892	102.7
893	106.6
894	22.7
895	86.4
896	86.3
897	92
898	92.6
899	110
900	109.7
901	99.6
902	92.1
903	87.1
904	84.7
905	97.5
906	90.1
907	105
908	102.9
909	88.9
910	27.9
911	86
912	94.3
913	105.1
914	107.4
915	35.4
916	93
917	84.9
918	95.6
919	104.8
920	94.2
921	76.4
922	107.4
923	51.7
924	98.8
925	86.3
926	91.8
927	86.1
928	106.9
929	103.4
930	111.9
931	88.2
932	111.3
933	104.5
934	30.4
935	95.5
936	94.1
937	90.2
938	91.3
939	86.1
940	103.2
941	84.1
942	109.4
943	23.3
944	88.7
945	92.6
946	97
947	29.1
948	94.5
949	92.5
950	90.1
951	108.8
952	102.5
953	113.1
954	115
955	110.8
956	95.1
957	104
958	109.1
959	101.4
960	110.2
961	113.2
962	93.3
963	99.3
964	16.2
965	93.1
966	113.4
967	20.5
968	103.6
969	108
970	64.1
971	88
972	93.2
973	110.1
974	103.2
975	87.7
976	85.5
977	86.1
978	113.4
979	114.5
980	86.6
981	93.3
982	110.6
983	88
984	86.5
985	85.7
986	84.4
987	111.7
988	84.2
989	107.2
990	40.4
991	89.5
992	75.6
993	84.3
994	102.2
995	90.2
996	86.6
997	83.9
998	110.8
999	101.7
1000	17.2
1001	110.3
1002	86.8
1003	36
1004	87.9
1005	113.2
1006	102.5
1007	20.9
1008	110.8
1009	66.4
1010	111
1011	100.2
1012	100.3
1013	107.5
1014	86.9
1015	110.2
1016	23.7
1017	85.1
1018	109.5
1019	108.4
1020	110.8
1021	99.3
1022	105.6
1023	104.8
1024	87.8
1025	109.8
1026	108.5
1027	96.7
1028	91.9
1029	107.4
1030	93
1031	23.2
1032	33
1033	93.5
1034	100
1035	84.1
1036	99.6
1037	110.9
1038	100.1
1039	112.7
1040	109.2
1041	109.3
1042	111.9
1043	24
1044	104.5
1045	114.5
1046	107.9
1047	89.1
1048	100.8
1049	97.7
1050	21.9
1051	100.8
1052	101.6
1053	107.3
1054	99.1
1055	104
1056	106.7
1057	89.4
1058	101
1059	93.6
1060	102
1061	23.2
1062	111.3
1063	90
1064	87.3
1065	105.9
1066	101
1067	89.3
1068	94.5
1069	85.8
1070	98.6
1071	102.1
1072	85.7
1073	86.8
1074	101.3
1075	68.8
1076	100.8
1077	88.3
1078	110.6
1079	102.7
1080	108.3
1081	92.4
1082	100.7
1083	84.6
1084	108.5
1085	103.4
1086	96
1087	22.3
1088	86.1
1089	109.3
1090	99.2
1091	93.8
1092	91.6
1093	109.5
1094	88.5
1095	101.8
1096	105.6
1097	93.6
1098	108
1099	70.5
1100	20.8
1101	88.4
1102	99.8
1103	86.6
1104	108.9
1105	111.8
1106	110.4
1107	88.3
1108	103.7
1109	100.9
1110	91.7
1111	89.6
1112	100.6
1113	92.1
1114	104.5
1115	114.8
1116	105.5
1117	99.1
1118	114.7
1119	108.3
1120	103
1121	104.7
1122	107.5
1123	108.8
1124	98.1
1125	104.3
1126	104.7
1127	107.4
1128	98.7
1129	103.1
1130	106.6
1131	87.4
1132	102.3
1133	99.2
1134	105.5
1135	102.5
1136	87.3
1137	107.4
1138	105.2
1139	107.6
1140	97.6
1141	102.3
1142	89
1143	99.7
1144	109.1
1145	112.6
1146	103.6
1147	104.4
1148	97.7
1149	102.5
1150	107.9
1151	105.7
1152	97.5
1153	98.5
1154	18.7
1155	108.5
1156	102.4
1157	107.2
1158	114
1159	76.8
1160	103.4
1161	88.7
1162	114.7
1163	110
1164	104.7
1165	105.5
1166	102
1167	94
1168	101.8
1169	96.6
1170	104.3
1171	111.1
1172	84.7
1173	111.9
1174	89.2
1175	105.9
1176	66
1177	108.7
1178	103.4
1179	109
1180	111.2
1181	114.7
1182	105.1
1183	90.8
1184	106.7
1185	102.9
1186	96.9
1187	105.6
1188	101.7
1189	113.4
1190	107.9
1191	99.7
1192	101.6
1193	95
1194	103.6
1195	108.5
1196	107.1
1197	105.5
1198	85.1
1199	88.4
1200	27.7
1201	103.1
1202	107
1203	106.5
1204	106
1205	105.9
1206	90
1207	107.9
1208	88.5
1209	105.3
1210	95.1
1211	94.6
1212	109.2
1213	78.3
1214	99.3
1215	110.5
1216	100.8
1217	88.7
1218	84.5
1219	87.9
1220	92.1
1221	101.6
1222	104.5
1223	104.4
1224	99.8
1225	109.1
1226	95.5
1227	83.5
1228	105.3
1229	116.2
1230	101.7
1231	91.3
1232	91.3
1233	96.9
1234	105.3
1235	109.3
1236	84
1237	87.2
1238	95.2
1239	113.3
1240	95.9
1241	101
1242	93.5
1243	104.8
1244	93.8
1245	104.1
1246	96.9
1247	71.4
1248	38.4
1249	112.5
1250	81.6
1251	107.4
1252	105.5
1253	100.2
1254	109.2
1255	105.2
1256	81.3
1257	109.4
1258	106.8
1259	112.9
1260	85.2
1261	83.2
1262	90.7
1263	105.2
1264	103.6
1265	108.9
1266	99.1
1267	104.2
1268	92.3
1269	38.6
1270	96.8
1271	103.3
1272	95.5
1273	111.2
1274	99.8
1275	96
1276	80.2
1277	95.2
1278	88.1
1279	28.9
1280	115.1
1281	109.3
1282	109.5
1283	92
1284	45.4
1285	108.8
1286	91.5
1287	113
1288	99.9
1289	96.1
1290	99.7
1291	88.5
1292	104.9
1293	23.2
1294	109.6
1295	106.8
1296	91.7
1297	46.7
1298	98.4
1299	99
1300	111.4
1301	111.6
1302	97.9
1303	104.2
1304	49.4
1305	93.5
1306	106.6
1307	107.3
1308	102
1309	108.3
1310	100.1
1311	102.6
1312	84.5
1313	107.8
1314	107.2
1315	113.2
1316	86.2
1317	83.6
1318	106.5
1319	92.1
1320	94.8
1321	112
1322	109.1
1323	114.5
1324	105
1325	95.4
1326	114.5
1327	112.7
1328	97.8
1329	49.3
1330	88.5
1331	84.3
1332	22.5
1333	68.8
1334	97.4
1335	112.4
1336	97.5
1337	116.6
1338	117.7
1339	103.9
1340	106.3
1341	98.7
1342	99.9
1343	118
1344	113
1345	99.3
1346	113.3
1347	88.9
1348	89.7
1349	100.9
1350	112.4
1351	91.9
1352	45.5
1353	98.5
1354	110.7
1355	95.4
1356	36.2
1357	77.6
1358	98.1
1359	108.5
1360	117
1361	97.7
1362	96.4
1363	115.3
1364	121
1365	87.8
1366	112.2
1367	113.8
1368	88.3
1369	105.3
1370	109.5
1371	107.5
1372	99.3
1373	92.9
1374	121
1375	100.9
1376	45.8
1377	99.2
1378	104.1
1379	106.2
1380	86.5
1381	116.9
1382	96.5
1383	119.9
1384	98.8
1385	40.2
1386	87.7
1387	116.3
1388	108.2
1389	105.6
1390	91
1391	91.2
1392	90.2
1393	87.6
1394	120.4
1395	90.2
1396	119.1
1397	91.5
1398	120.7
1399	116.9
1400	77.1
1401	102.3
1402	105.1
1403	104
1404	101.6
1405	125
1406	113
1407	118.4
1408	100.2
1409	109.4
1410	97.4
1411	83.9
1412	120.7
1413	107.3
1414	101.6
1415	116.4
1416	96.8
1417	98.9
1418	102.4
1419	100.9
1420	99
1421	102.1
1422	123.5
1423	62.5
1424	91.2
1425	100.4
1426	83.1
1427	100.1
1428	101.4
1429	102
1430	96.2
1431	106.2
1432	102.8
1433	96.9
1434	112.7
1435	96.8
1436	118
1437	91
1438	104.8
1439	101.6
1440	98.1
1441	96.2
1442	108.7
1443	80.4
1444	102.4
1445	118.1
1446	113.3
1447	119
1448	90
1449	119.8
1450	117.6
1451	106.9
1452	117.2
1453	109.8
1454	58.6
1455	126.9
1456	113.9
1457	105.1
1458	89.8
1459	102.2
1460	100.7
1461	95.6
1462	97.3
1463	100.4
1464	101.5
1465	100.3
1466	93.9
1467	102.6
1468	97.7
1469	91.3
1470	107.5
1471	99.5
1472	103.4
1473	93
1474	124.2
1475	92
1476	96.4
1477	114.7
1478	107.7
1479	94.3
1480	99.1
1481	101.5
1482	99.2
1483	99.6
1484	121.8
1485	54.8
1486	101.9
1487	101.8
1488	103
1489	102.4
1490	115.9
1491	71.4
1492	96.5
1493	111.6
1494	93.4
1495	95.1
1496	100.6
1497	95.3
1498	101.3
1499	94.3
1500	93
1501	96.6
1502	93.9
1503	118.6
1504	98.3
1505	97.4
1506	84.6
1507	102.6
1508	118.9
1509	54.7
1510	120.1
1511	128.3
1512	98.7
1513	109.9
1514	112.8
1515	102.5
1516	107
1517	111
1518	107.6
1519	98.4
1520	116
1521	97.4
1522	100.3
1523	101.7
1524	98.9
1525	101
1526	100
1527	99.5
1528	98.4
1529	97.6
1530	90.2
1531	115
1532	117.1
1533	127.4
1534	106.6
1535	37.8
1536	107.5
1537	98.5
1538	50
1539	111.1
1540	101.6
1541	91.3
1542	99.7
1543	105.1
1544	110.1
1545	95.6
1546	45.5
1547	77.9
1548	98.4
1549	94.3
1550	95.7
1551	98.2
1552	100.3
1553	91.3
1554	65.4
1555	91.9
1556	97.7
1557	121
1558	98
1559	104.1
1560	85.5
1561	108.2
1562	114.5
1563	118.4
1564	98.3
1565	73.2
1566	115.3
1567	97.4
1568	105.8
1569	90.4
1570	115.3
1571	98
1572	102.6
1573	113.1
1574	114.2
1575	83.4
1576	113.9
1577	112.5
1578	95.2
1579	95.6
1580	111.7
1581	115.2
1582	103
1583	105
1584	44.8
1585	113.6
1586	113
1587	105.3
1588	110.8
1589	115.6
1590	105.1
1591	96.6
1592	109.8
1593	116.9
1594	102.9
1595	97.8
1596	90.4
1597	96.1
1598	109.6
1599	97.6
1600	103.1
1601	61.5
1602	114.1
1603	101.8
1604	88.2
1605	110.9
1606	98.9
1607	98.4
1608	103.1
1609	94.1
1610	100.5
1611	120.1
1612	112.9
1613	96.9
1614	102.2
1615	114.4
1616	88.3
1617	97.7
1618	82.1
1619	94.1
1620	110.4
1621	109.8
1622	120.5
1623	96.9
1624	116.1
1625	81.4
1626	113
1627	108.9
1628	80
1629	94.4
1630	122.7
1631	66.1
1632	117.7
1633	96.4
1634	112
1635	116
1636	95.4
1637	102.3
1638	75.2
1639	98.5
1640	98.4
1641	82.3
1642	115.4
1643	82.5
1644	115.5
1645	102.8
1646	90.3
1647	96
1648	109.8
1649	117.6
1650	94.4
1651	115.4
1652	83.2
1653	96.1
1654	109.8
1655	109.9
1656	128
1657	105.2
1658	104.8
1659	88.8
1660	82.5
1661	111.5
1662	106.7
1663	86.5
1664	109.4
1665	92.4
1666	121.5
1667	114.7
1668	87
1669	109.1
1670	125.9
1671	113.9
1672	111.6
1673	115.5
1674	98.3
1675	87.9
1676	115.3
1677	129.6
1678	92.9
1679	115.7
1680	113.7
1681	108.8
1682	90.8
1683	108.9
1684	83.8
1685	107.4
1686	62.6
1687	118.6
1688	87.6
1689	113.6
1690	112.7
1691	119
1692	114.8
1693	130.5
1694	104.4
1695	112.6
1696	103.7
1697	112.9
1698	93.7
1699	109.1
1700	71.7
1701	117.8
1702	116.6
1703	112.3
1704	105.1
1705	104.6
1706	100.8
1707	90.2
1708	88.3
1709	85.1
1710	114.9
1711	107.8
1712	105.7
1713	115.5
1714	113.4
1715	114.3
1716	104.3
1717	99.3
1718	78
1719	63.8
1720	106.2
1721	120.1
1722	109.2
1723	105.8
1724	105.2
1725	112
1726	108.2
1727	113.3
1728	108.8
1729	131.7
1730	115.3
1731	112.8
1732	105.4
1733	95.2
1734	120.1
1735	117.4
1736	89.3
1737	91.5
1738	103.7
1739	106.3
1740	110.3
1741	132.8
1742	107.2
1743	104.9
1744	112.2
1745	114.4
1746	105.3
1747	107.8
1748	108.2
1749	70.4
1750	58
1751	106.6
1752	108
1753	111.5
1754	114.8
1755	107.2
1756	107.5
1757	110.5
1758	108.6
1759	109.7
1760	108.5
1761	114.7
1762	79.3
1763	114
1764	106.1
1765	109.2
1766	113.3
1767	111.9
1768	109.2
1769	112.2
1770	110.2
1771	84.8
1772	111.8
1773	112.6
1774	102.1
1775	57.1
1776	101.5
1777	110.2
1778	107.7
1779	108.4
1780	94.8
1781	112.5
1782	113.5
1783	105.8
1784	104.6
1785	111.7
1786	114
1787	114.8
1788	118.7
1789	102
1790	97.2
1791	74.7
1792	108.8
1793	105.3
1794	66.7
1795	106.9
1796	117.8
1797	113.8
1798	103.8
1799	111
1800	94.8
1801	116.5
1802	107.2
1803	109.9
1804	100.4
1805	109.1
1806	115.9
1807	111.3
1808	99
1809	116.4
1810	125.6
1811	108.2
1812	112.1
1813	119.3
1814	100.6
1815	103
1816	113.8
1817	107
1818	100.1
1819	117
1820	120.2
1821	106.2
1822	111.4
1823	113.7
1824	110.6
1825	122.1
1826	107.1
1827	105.2
1828	108.5
1829	110.3
1830	111.1
1831	100.2
1832	111.1
1833	103.1
1834	109
1835	107.9
1836	111.8
1837	53.3
1838	107.8
1839	123.5
1840	99.6
1841	97.8
1842	99.9
1843	122.2
1844	111.2
1845	105.4
1846	48.2
1847	98.9
1848	114.4
1849	123.5
1850	120.6
1851	97.1
1852	111.2
1853	112.3
1854	113.1
1855	109.8
1856	96
1857	109
1858	104.1
1859	106.5
1860	89.9
1861	108.4
1862	100.9
1863	108.3
1864	100.3
1865	101.5
1866	118
1867	111.5
1868	108.3
1869	100.1
1870	60
1871	104.4
1872	97.1
1873	105.3
1874	121.2
1875	111.4
1876	99.1
1877	107.2
1878	107.1
1879	120.7
1880	114.2
1881	112.3
1882	109.2
1883	122.7
1884	102.6
1885	107
1886	96.8
1887	108
1888	110.2
1889	112.1
1890	113.2
1891	60
1892	111.2
1893	100.5
1894	102.2
1895	107.8
1896	100.3
1897	102.2
1898	119
1899	96.5
1900	105.2
1901	114.5
1902	101.1
1903	110.2
1904	100.5
1905	106.9
1906	107
1907	47.9
1908	84.5
1909	45.7
1910	47.8
1911	110.7
1912	101.2
1913	103.5
1914	104
1915	105.8
1916	101.5
1917	109.9
1918	76.7
1919	104.7
1920	106.2
1921	110.7
1922	102.1
1923	107.8
1924	101.2
1925	107.7
1926	101.2
1927	118.6
1928	97.4
1929	37.7
1930	105.4
1931	44.9
1932	78.5
1933	103
1934	93.6
1935	103.7
1936	109.2
1937	98.8
1938	97.4
1939	109.2
1940	107.3
1941	98.5
1942	86.1
1943	105.1
1944	107.7
1945	39.5
1946	104.5
1947	98.4
1948	39.3
1949	99.3
1950	1.1
1951	105.7
1952	60.1
1953	39.1
1954	98
1955	101.1
1956	108.1
1957	117.9
1958	108.5
1959	83.1
1960	104.6
1961	89.5
1962	96.7
1963	93.5
1964	104.2
1965	104.6
1966	1.1
1967	47.7
1968	114.2
1969	105.9
1970	112.9
1971	105.6
1972	100
1973	89.5
1974	109.5
1975	35.7
1976	83.9
1977	61.2
1978	108.7
1979	1.1
1980	100.6
1981	109.9
1982	1.1
1983	102.7
1984	103.7
1985	42.6
1986	107.7
1987	113.1
1988	47.8
1989	1.1
1990	1.1
1991	96.4
1992	105.5
1993	82.7
1994	118.7
1995	111.1
1996	93.8
1997	96.3
1998	118.1
1999	101.8
2000	41.4
2001	100.3
2002	105.1
2003	102.4
2004	87.2
2005	102.4
2006	92.1
2007	103.3
2008	38.8
2009	98.3
2010	90.7
2011	1.1
2012	92.7
2013	96.8
2014	1.1
2015	101.7
2016	97.4
2017	106.2
2018	50.6
2019	96.3
2020	96.5
2021	48.4
2022	48.3
2023	62.1
2024	1.1
2025	122.3
2026	91.7
2027	45
2028	116.2
2029	96.5
2030	101.9
2031	110
2032	92.7
2033	102.8
2034	101.9
2035	44.2
2036	1.1
2037	97.8
2038	1.1
2039	93.4
2040	94.2
2041	1.1
2042	52.8
2043	96.9
2044	112.9
2045	101.4
2046	102.9
2047	45.8
2048	93.7
2049	110.3
2050	116.1
2051	36.9
2052	103.5
2053	42.1
2054	41
2055	91.1
2056	94.5
2057	43.5
2058	1.1
2059	97.9
2060	48.9
2061	91.7
2062	122.6
2063	95.4
2064	40.1
2065	98.9
2066	101.4
2067	55.2
2068	103.7
2069	97.7
2070	110.6
2071	52
2072	103.5
2073	101.7
2074	108.9
2075	100.3
2076	1.1
2077	92.5
2078	106.1
2079	98.8
2080	97.4
2081	107.3
2082	105.1
2083	33.6
2084	98.3
2085	107.3
2086	75.4
2087	98.2
2088	122.4
2089	93.9
2090	113.9
2091	76
2092	98.6
2093	102.5
2094	96.8
2095	34.9
2096	99.4
2097	41.4
2098	79.3
2099	102.5
2100	93
2101	94.6
2102	94.9
2103	90.6
2104	79.8
2105	104.3
2106	91.3
2107	98.5
2108	95.3
2109	91.9
2110	101.9
2111	85
2112	1.1
2113	91.9
2114	95.7
2115	89.4
2116	85.2
2117	89.7
2118	89.6
2119	54.3
2120	102.3
2121	31.8
2122	96.3
2123	98.3
2124	89.1
2125	85.2
2126	100.1
2127	25.6
2128	94.5
2129	80.7
2130	98.8
2131	90.9
2132	95.6
2133	90.1
2134	96.8
2135	65.9
2136	101.3
2137	30.9
2138	64.2
2139	75.1
2140	79.1
2141	92.2
2142	38.4
2143	96.5
2144	91.2
2145	78.2
2146	30.7
2147	36.3
2148	96.8
2149	96.7
2150	99.8
2151	87
2152	99.1
2153	105.2
2154	97.7
2155	82
2156	84.5
2157	100.1
2158	30.5
2159	26
2160	108
2161	86.6
2162	102
2163	77.9
2164	91.9
2165	30.6
2166	76.7
2167	81.1
2168	99.4
2169	91.9
2170	85.7
2171	98.1
2172	92.1
2173	99.8
2174	87.2
2175	5.4
2176	97.5
2177	105.1
2178	56.4
2179	94.4
2180	72.9
2181	99
2182	92.5
2183	99.4
2184	85.8
2185	75.3
2186	8.8
2187	24
2188	75.2
2189	88.6
2190	27.8
2191	91.6
2192	75.9
2193	92.6
2194	100.4
2195	22.2
2196	89
2197	87.1
2198	72.2
2199	105.6
2200	92
2201	3.1
2202	18.6
2203	89.9
2204	83.3
2205	93
2206	74.6
2207	20.6
2208	22.9
2209	92.6
2210	106.4
2211	93.8
2212	63.8
2213	104.3
2214	94.6
2215	72.5
2216	22.6
2217	91.4
2218	80.6
2219	86.6
2220	17.6
2221	66.9
2222	106.6
2223	76
2224	94.2
2225	81.1
2226	20.2
2227	101
2228	88.6
2229	92.1
2230	62
2231	66.6
2232	88.1
2233	83.9
2234	83.6
2235	85
2236	82.8
2237	90.2
2238	89.1
2239	22.7
2240	91.8
2241	76.7
2242	90
2243	89.4
2244	88.8
2245	88.9
2246	68.5
2247	87.2
2248	103.6
2249	76.4
2250	72.4
2251	17
2252	104.4
2253	95.3
2254	23.3
2255	82.1
2256	77.4
2257	21.5
2258	74.1
2259	102
2260	81.6
2261	84.6
2262	82.4
2263	98.9
2264	96.6
2265	102
2266	92.2
2267	89.6
2268	85.8
2269	22.9
2270	100.3
2271	68.7
2272	88.2
2273	27.1
2274	90.9
2275	98.2
2276	29.9
2277	87.3
2278	95.2
2279	88.1
2280	90.3
2281	106.2
2282	97.7
2283	33.4
2284	99.5
2285	102.9
2286	91.4
2287	22.8
2288	72.1
2289	87.6
2290	85.5
2291	83.5
2292	103.2
2293	25.4
2294	28.6
2295	101.3
2296	101.1
2297	93.6
2298	88.5
2299	20.5
2300	91.7
2301	99.3
2302	97.2
2303	88.7
2304	93.5
2305	84.7
2306	102.2
2307	104.1
2308	92.7
2309	87.3
2310	99.7
2311	114
2312	103.7
2313	101.8
2314	93.2
2315	115.2
2316	86.5
2317	103.2
2318	80
2319	81.2
2320	104.9
2321	79.5
2322	99.7
2323	97.5
2324	104.6
2325	101.3
2326	91.5
2327	93.6
2328	92.1
2329	99
2330	112.2
2331	110.5
2332	36.9
2333	103.3
2334	79.9
2335	112.8
2336	94
2337	108
2338	64.4
2339	40.6
2340	104.6
2341	100.9
2342	108.1
2343	44.5
2344	105.8
2345	60.5
2346	98
2347	95
2348	108.1
2349	102.4
2350	105.8
2351	78
2352	97.2
2353	102.5
2354	109.7
2355	101.6
2356	106.5
2357	110.1
2358	33.7
2359	101.3
2360	101
2361	99
2362	53.7
2363	99.1
2364	81.4
2365	100.6
2366	108.9
2367	111.5
2368	97.7
2369	38
2370	105.9
2371	104.7
2372	96.2
2373	98.3
2374	32.4
2375	103.8
2376	112
2377	99.6
2378	98
2379	95.9
2380	99.3
2381	94.8
2382	94.6
2383	111.3
2384	107.6
2385	65
2386	94.6
2387	95.3
2388	97.4
2389	107.9
2390	73.5
2391	93.1
2392	101.2
2393	107.8
2394	107.4
2395	41.9
2396	94
2397	107.4
2398	63.3
2399	96.4
2400	108.2
2401	93.3
2402	102.3
2403	92.6
2404	31.1
2405	95.8
2406	89.5
2407	116.7
2408	95.2
2409	94.5
2410	95.6
2411	97.6
2412	98.5
2413	103.9
2414	28.6
2415	98.7
2416	89.7
2417	92.9
2418	96.5
2419	93.1
2420	109.6
2421	116.1
2422	83.2
2423	87
2424	99.6
2425	27.1
2426	116.4
2427	97
2428	99.7
2429	112.3
2430	104
2431	98.8
2432	92.5
2433	107.8
2434	25.6
2435	96.8
2436	91.1
2437	24
2438	91.7
2439	93
2440	99.9
2441	114.3
2442	83.9
2443	90.2
2444	110.6
2445	91.9
2446	25.9
2447	96.2
2448	116.2
2449	101.6
2450	107.4
2451	88.7
2452	90
2453	114.6
2454	103.1
2455	98.1
2456	100.6
2457	96.8
2458	87.7
2459	95.7
2460	20.7
2461	108
2462	83.4
2463	24.9
2464	114.5
2465	109.5
2466	103.2
2467	78
2468	82
2469	96.1
2470	109.7
2471	92
2472	95.7
2473	23.8
2474	89.2
2475	89.2
2476	99.2
2477	95.9
2478	85.4
2479	91.9
2480	95.4
2481	71.4
2482	22.4
2483	95.9
2484	98.1
2485	83.2
2486	89.7
2487	100.4
2488	97.8
2489	98.1
2490	102.2
2491	24.6
2492	100.1
2493	101.1
2494	86.2
2495	83.1
2496	24
2497	80.6
2498	80.9
2499	21.8
2500	95.2
2501	82.3
2502	83.7
2503	80
2504	72.8
2505	92.5
2506	91.2
2507	98.5
2508	82.5
2509	98.6
2510	85.7
2511	4.6
2512	91.2
2513	93.4
2514	82.5
2515	83
2516	94.6
2517	25.6
2518	55.2
2519	89.6
2520	96.2
2521	84.6
2522	4.6
2523	32.9
2524	99.6
2525	54.1
2526	83.9
2527	83.4
2528	79
2529	83.9
2530	79.7
2531	76.2
2532	78.8
2533	98.4
2534	56.6
2535	82.1
2536	99.8
2537	63.5
2538	4.6
2539	102.8
2540	95.2
2541	102.2
2542	89.8
2543	84.8
2544	56.6
2545	91.4
2546	79.6
2547	90.2
2548	93.8
2549	93
2550	100.9
2551	41.7
2552	101.3
2553	83.3
2554	95.9
2555	79.8
2556	85
2557	81.7
2558	84.3
2559	80
2560	4.6
2561	82.1
2562	101.2
2563	90.8
2564	94.1
2565	95.6
2566	28.8
2567	90.8
2568	4.6
2569	86.1
2570	52.3
2571	33.4
2572	95.9
2573	64.7
2574	89
2575	56.9
2576	87.7
2577	77.8
2578	80.2
2579	86
2580	92.1
2581	91.3
2582	100
2583	92.2
2584	99.6
2585	4.6
2586	96.9
2587	82.5
2588	89.1
2589	79.3
2590	81
2591	79.8
2592	77.9
2593	81.4
2594	46.8
2595	98.7
2596	4.6
2597	84.8
2598	97.7
2599	90.8
2600	83.1
2601	79.3
2602	89.4
2603	77.9
2604	98.5
2605	90
2606	66.6
2607	4.6
2608	77.3
2609	91.5
2610	58.9
2611	92.5
2612	78.8
2613	82.6
2614	90.8
2615	34.2
2616	93.4
2617	4.6
2618	96.1
2619	98.7
2620	94.3
2621	44.9
2622	83.9
2623	4.6
2624	77.5
2625	93.9
2626	39
2627	89.8
2628	36.5
2629	99.7
2630	77.5
2631	76.8
2632	4.6
2633	83.1
2634	82.7
2635	84.1
2636	90.8
2637	92.9
2638	65.7
2639	81
2640	74
2641	81.5
2642	4.6
2643	97.7
2644	75.1
2645	98.7
2646	74
2647	47.1
2648	90.2
2649	74.3
2650	4.6
2651	88.8
2652	85.7
2653	83.2
2654	80.2
2655	80.8
2656	89.9
2657	48.4
2658	79.7
2659	91.5
2660	4.6
2661	61
2662	94.7
2663	79.8
2664	79.6
2665	76.5
2666	88.5
2667	44.5
2668	90.2
2669	84
2670	91.3
2671	90.3
2672	87
2673	48.9
2674	48.4
2675	77.9
2676	34.8
2677	91.8
2678	92
2679	82
2680	94.8
2681	75.6
2682	63.6
2683	81.8
2684	78.9
2685	85.6
2686	90.3
2687	86.3
2688	70.9
2689	87.1
2690	76.4
2691	72.6
2692	29.1
2693	76.2
2694	89.9
2695	94.9
2696	82.3
2697	89.8
2698	90.9
2699	33.8
2700	82
2701	38.8
2702	70.1
2703	76.2
2704	54.4
2705	78.9
2706	83.8
2707	33.4
2708	70.9
2709	69
2710	75.2
2711	90
2712	78.9
2713	85.1
2714	82.4
2715	73.1
2716	74.6
2717	73.6
2718	71.8
2719	86.7
2720	72
2721	78.5
2722	88.2
2723	85.7
2724	19.5
2725	71.7
2726	81.2
2727	89
2728	73.2
2729	87
2730	79
2731	79.4
2732	81.2
2733	83.3
2734	75
2735	75.3
2736	26
2737	74.7
2738	71.8
2739	78
2740	72.7
2741	75.4
2742	75
2743	74.9
2744	74.1
2745	52.7
2746	24.4
2747	75.4
2748	91.1
2749	84.1
2750	80.4
2751	69
2752	84.5
2753	75.4
2754	88.2
2755	72.9
2756	70.9
2757	83.3
2758	84.2
2759	73.5
2760	76.1
2761	73.9
2762	78.8
2763	27.7
2764	81.1
2765	78.6
2766	90.6
2767	23.4
2768	83.4
2769	71.4
2770	77.9
2771	80.7
2772	71
2773	36.7
2774	72.5
2775	78.5
2776	80.1
2777	84.5
2778	77.9
2779	80
2780	28.3
2781	87.8
2782	49
2783	90.5
2784	90.1
2785	30.1
2786	22.6
2787	85.7
2788	73.5
2789	77.3
2790	89.2
2791	88.4
2792	73.9
2793	74.4
2794	84.8
2795	70.1
2796	67.1
2797	84.9
2798	90.5
2799	84.7
2800	76.2
2801	85.5
2802	78.8
2803	67.7
2804	28.8
2805	76.1
2806	82.3
2807	73.6
2808	75.9
2809	87.5
2810	22.4
2811	76.3
2812	69.8
2813	69.6
2814	85
2815	75.1
2816	68
2817	78.6
2818	66
2819	87
2820	93.6
2821	79.1
2822	81
2823	79.7
2824	19.6
2825	79.4
2826	22.5
2827	25.4
2828	76.4
2829	21.8
2830	83.9
2831	92.6
2832	90.4
2833	71.2
2834	70.2
2835	89.9
2836	85.7
2837	86.6
2838	88.6
2839	97.7
2840	94.3
2841	96.8
2842	61.9
2843	77.4
2844	34.3
2845	74
2846	17.7
2847	78
2848	79.4
2849	94.5
2850	74.7
2851	57.3
2852	85.9
2853	84.9
2854	91.4
2855	84.3
2856	89.2
2857	84.4
2858	69.1
2859	78.1
2860	77.2
2861	84.6
2862	68.2
2863	44.3
2864	68.7
2865	90.3
2866	82.5
2867	81.3
2868	47.1
2869	69.8
2870	78.8
2871	80.2
2872	80.9
2873	91.8
2874	14.4
2875	82.3
2876	15.7
2877	84.8
2878	82.3
2879	31.7
2880	84.7
2881	86.2
2882	96.5
2883	81.2
2884	71.8
2885	52
2886	62.5
2887	46.8
2888	13.1
2889	15.6
2890	13.9
2891	88.2
2892	86.7
2893	80.3
2894	69.8
2895	86.7
2896	13.3
2897	90.3
2898	80.5
2899	78.6
2900	75.4
2901	37.1
2902	86.8
2903	97.6
2904	23.8
2905	81.7
2906	83.9
2907	51.8
2908	86.1
2909	84.5
2910	76.1
2911	91.3
2912	84.8
2913	86.1
2914	94.6
2915	43.3
2916	90.6
2917	11.5
2918	75.5
2919	39
2920	40.6
2921	87.7
2922	73.9
2923	79.2
2924	59.5
2925	89.7
2926	52.7
2927	28.8
2928	77.7
2929	49.5
2930	93.4
2931	87.5
2932	77.7
2933	85.1
2934	29.2
2935	88.4
2936	35.5
2937	75.1
2938	35.7
2939	90.8
2940	32.8
2941	76.5
2942	32.2
2943	89.6
2944	34
2945	88.7
2946	95.4
2947	69
2948	91.9
2949	85.2
2950	74.4
2951	76.7
2952	91.6
2953	86.6
2954	89.7
2955	86.1
2956	77.9
2957	49.4
2958	89.7
2959	39.3
2960	84.8
2961	86.5
2962	81.6
2963	70.1
2964	88.8
2965	76
2966	72.4
2967	90.7
2968	89.2
2969	39.7
2970	32.8
2971	85.7
2972	72.5
2973	31.4
2974	88.8
2975	103.8
2976	77.1
2977	51.6
2978	65.4
2979	89.7
2980	87.7
2981	98.9
2982	80.8
2983	86.6
2984	93.3
2985	87.2
2986	86.4
2987	79.9
2988	85.6
2989	30.4
2990	75
2991	106.3
2992	71
2993	87.2
2994	88.1
2995	87.8
2996	78.8
2997	77
2998	74.6
2999	78.6
3000	76.9
3001	44.3
3002	90.7
3003	76.7
3004	65.9
3005	54.1
3006	89.9
3007	90.7
3008	93.3
3009	64.4
3010	30.3
3011	92.5
3012	58.1
3013	97
3014	71.5
3015	55.9
3016	84.6
3017	107
3018	72.7
3019	53.4
3020	76.2
3021	64.8
3022	40.9
3023	62.4
3024	92.7
3025	70.5
3026	98.4
3027	93.1
3028	78.9
3029	90.7
3030	39
3031	61.3
3032	64.2
3033	54.3
3034	61.6
3035	75.7
3036	36.5
3037	60.5
3038	57.7
3039	76.7
3040	98
3041	107.6
3042	106.5
3043	97.5
3044	90.2
3045	98.9
3046	45.4
3047	58.8
3048	100.1
3049	76.1
3050	106.4
3051	97.7
3052	81.8
3053	104.3
3054	73.5
3055	78.5
3056	99.1
3057	55.3
3058	97.7
3059	87.6
3060	38.2
3061	37.8
3062	60.2
3063	108.1
3064	105.7
3065	40
3066	105.9
3067	41
3068	112.3
3069	48.3
3070	92.5
3071	64.6
3072	82.1
3073	22.5
3074	102.2
3075	57.9
3076	71.6
3077	88.8
3078	81.6
3079	98.2
3080	101.1
3081	54.9
3082	37.7
3083	111.1
3084	46
3085	83.7
3086	89.5
3087	116.5
3088	110.9
3089	115.9
3090	88.7
3091	64.4
3092	35.3
3093	71.1
3094	27.3
3095	36.4
3096	94.9
3097	38.6
3098	116.7
3099	43.4
3100	97
3101	20.1
3102	64.8
3103	101.8
3104	105.4
3105	43.5
3106	105.9
3107	103.7
3108	37.8
3109	62.5
3110	47.7
3111	116.7
3112	21.6
3113	111
3114	63.1
3115	42.9
3116	61.3
3117	61.6
3118	110.5
3119	127.7
3120	16.9
3121	123.3
3122	27.2
3123	107
3124	37.5
3125	58.8
3126	23.2
3127	21.6
3128	49.2
3129	46.1
3130	42
3131	112.7
3132	103.3
3133	110.7
3134	105.5
3135	28.3
3136	110.6
3137	25.4
3138	46.9
3139	117.8
3140	91.3
3141	42.8
3142	98.4
3143	117.4
3144	52.6
3145	20.6
3146	44.5
3147	21.3
3148	52
3149	32.3
3150	35
3151	73.9
3152	107
3153	104.5
3154	95
3155	18.5
3156	89.2
3157	84.6
3158	31.4
3159	93.7
3160	21.9
3161	79.7
3162	106.7
3163	44.8
3164	26.6
3165	18
3166	106.7
3167	15.1
3168	110.8
3169	37.1
3170	102.6
3171	29.7
3172	112.7
3173	36.7
3174	4.4
3175	99
3176	25.1
3177	42.5
3178	42.9
3179	36.6
3180	25.1
3181	9.7
3182	103.1
3183	101.2
3184	88
3185	87.2
3186	78.8
3187	104.6
3188	4
3189	78.1
3190	23.5
3191	24.4
3192	7
3193	45.8
3194	103
3195	108.6
3196	28.2
3197	10.1
3198	9
3199	91.6
3200	34.2
3201	31.6
3202	106.6
3203	101.4
3204	16.4
3205	82.5
3206	40.1
3207	48.4
3208	27.8
3209	46.7
3210	91.5
3211	92.5
3212	95.2
3213	33.3
3214	28.8
3215	29.9
3216	32.6
3217	41
3218	83.2
3219	83.6
3220	11.2
3221	35.1
3222	91.6
3223	21.1
3224	96.9
3225	34.1
3226	90.4
3227	34.1
3228	43.9
3229	45.8
3230	22.6
3231	44.1
3232	31.6
3233	38.4
3234	86.5
3235	97.7
3236	91.7
3237	36.1
3238	89.5
3239	43.9
3240	30.2
3241	62
3242	48.1
3243	87.8
3244	47.5
3245	38.9
3246	39
3247	43
3248	34
3249	27.4
3250	25
3251	99.3
3252	108
3253	46.3
3254	84.4
3255	35.9
3256	33.3
3257	89.3
3258	48.6
3259	65.8
3260	32.6
3261	45.8
3262	90.5
3263	33.8
3264	30.5
3265	31.6
3266	47.1
3267	64
3268	88.8
3269	102.7
3270	45.1
3271	29.2
3272	99.1
3273	29.3
3274	102.1
3275	48.4
3276	45.4
3277	46
3278	75.8
3279	34.9
3280	33.2
3281	41.4
3282	26.4
3283	82.8
3284	47.7
3285	24.3
3286	94.4
3287	32.2
3288	49.4
3289	49.1
3290	30.3
3291	88.7
3292	27.3
3293	51.4
3294	54.7
3295	36.8
3296	24.7
3297	31
3298	57.1
3299	37.5
3300	66.5
3301	41.3
3302	35.9
3303	91.3
3304	53.4
3305	71.1
3306	51.8
3307	30
3308	95.7
3309	47.1
3310	42.5
3311	24
3312	49.2
3313	36.4
3314	22
3315	48.7
3316	91.8
3317	23.7
3318	67.3
3319	23
3320	34.6
3321	49.2
3322	26.2
3323	48.2
3324	50.9
3325	38.8
3326	47.8
3327	16.4
3328	26.6
3329	32.4
3330	60.3
3331	37.1
3332	36.4
3333	36.2
3334	21.4
3335	81.1
3336	49
3337	14.5
3338	34.5
3339	20.2
3340	23.8
3341	69.8
3342	48.8
3343	29.8
3344	35.9
3345	17.7
3346	31.6
3347	46.7
3348	15.3
3349	48.6
3350	60.8
3351	32.1
3352	55.4
3353	32
3354	50.8
3355	36
3356	37.5
3357	50
3358	27
3359	31.5
3360	58
3361	33.9
3362	47.6
3363	59.8
3364	47
3365	36.2
3366	31.8
3367	36.7
3368	22
3369	30.9
3370	46.1
3371	34.2
3372	33.9
3373	34.4
3374	33
3375	47.9
3376	32.6
3377	46.2
3378	46.6
3379	48
3380	34
3381	34.2
3382	45.9
3383	35.7
3384	34.7
3385	35.7
3386	33.8
3387	48.1
3388	44.9
3389	37.4
3390	37.6
3391	36.5
3392	37.5
3393	47.1
3394	39.7
3395	35
3396	37.8
3397	37.9
3398	31.9
3399	30.2
3400	91.7
3401	88.2
3402	87.6
3403	99
3404	85.4
3405	84.8
3406	84.9
3407	101.1
3408	87.5
3409	103.1
3410	23.7
3411	29
3412	84.3
3413	97.3
3414	85.1
3415	100.1
3416	111.7
3417	98.3
3418	100.1
3419	104
3420	100.4
3421	105.4
3422	98.9
3423	98.1
3424	85.1
3425	90.8
3426	109.5
3427	105.2
3428	50.5
3429	91.4
3430	46.4
3431	110
3432	93.7
3433	97.3
3434	90.4
3435	98.8
3436	108.8
3437	96
3438	94
3439	96.7
3440	83.3
3441	97.4
3442	125.2
3443	97.9
3444	75.6
3445	94.5
3446	96.6
3447	105.5
3448	119.4
3449	101.8
3450	93.1
3451	92.8
3452	101.6
3453	76.7
3454	100.7
3455	107.6
3456	114.7
3457	119.7
3458	99.9
3459	99.7
3460	97.6
3461	129.2
3462	113.1
3463	106.2
3464	99.5
3465	108.6
3466	66.9
3467	103.8
3468	108.3
3469	72.1
3470	100.9
3471	110.8
3472	57.8
3473	116.3
3474	99.6
3475	110.7
3476	110.2
3477	104.1
3478	101.4
3479	105.1
3480	101.2
3481	109.5
3482	48.2
3483	97.3
3484	107.2
3485	80.3
3486	104
3487	1.1
3488	46.4
3489	116.1
3490	111.1
3491	102
3492	89.1
3493	61.2
3494	93.1
3495	100.5
3496	26.6
3497	73.5
3498	71.3
3499	106.5
3500	83
3501	24
3502	21.2
3503	80.2
3504	81.4
3505	91.1
3506	102.8
3507	81
3508	105.2
3509	36.4
3510	96.5
3511	102
3512	103.4
3513	66.2
3514	100
3515	106.6
3516	97.4
3517	87
3518	90.4
3519	94.1
3520	95.8
3521	98.2
3522	107.1
3523	93.3
3524	96.1
3525	94.1
3526	39.4
3527	93.4
3528	97.2
3529	86.3
3530	85.4
3531	100.6
3532	55.1
3533	99.3
3534	98.1
3535	92.2
3536	64.6
3537	27.1
3538	87.1
3539	77.3
3540	94.4
3541	86.3
3542	78.2
3543	90.4
3544	92.8
3545	88.4
3546	82.5
3547	64.2
3548	73.5
3549	86.9
3550	82.7
3551	85.8
3552	73.7
3553	78
3554	89.2
3555	87.7
3556	87
3557	34.6
3558	81.3
3559	30.1
3560	72.6
3561	72.4
3562	53.6
3563	93.6
3564	59.8
3565	61.5
3566	54.9
3567	95.4
3568	100.6
3569	119.4
3570	100.6
3571	102.6
3572	56
3573	107.3
3574	62.7
3575	68.5
3576	111.1
3577	104.8
3578	77.2
3579	45.4
3580	42.1
3581	23.2
3582	89.5
3583	30.9
3584	104.5
3585	34.9
3586	100.8
3587	33.7
3588	49.1
3589	30.5
3590	34.6
3591	76.2
3592	36.2
3593	45.8
3594	35.9
