"COMID"	"Value"
1	53
2	24.9
3	54.3
4	46.7
5	44.9
6	6
7	87.2
8	31.7
9	1.6
10	1.6
11	50.7
12	1.2
13	29
14	56
15	30.4
16	9
17	44.3
18	78.5
19	58.9
20	48.6
21	43.7
22	53
23	0.6
24	0.9
25	40.6
26	34.9
27	32.1
28	51.9
29	5.8
30	24.2
31	46.7
32	49.2
33	57
34	0.7
35	45.2
36	2.2
37	53.8
38	1.3
39	0.3
40	26
41	53.7
42	39.9
43	34.1
44	52.5
45	22.8
46	31.6
47	64.3
48	55.9
49	35.6
50	20.4
51	0.4
52	53.9
53	3.4
54	50.1
55	50.8
56	42.2
57	24.9
58	0.5
59	30.6
60	0.5
61	1.8
62	2.3
63	56
64	29.3
65	1.5
66	28.4
67	48.3
68	69.1
69	18.9
70	8.6
71	2.7
72	44.4
73	0.5
74	85.4
75	9.6
76	7.4
77	19
78	15.3
79	48
80	4
81	38.2
82	8.9
83	40
84	0.6
85	39.1
86	72.9
87	0.8
88	0.9
89	8.2
90	33.4
91	26.2
92	45.8
93	39.6
94	2.4
95	87.1
96	1.7
97	46.1
98	0.1
99	11.9
100	47.6
101	50.5
102	35.1
103	0.8
104	19.1
105	4.2
106	43.1
107	20
108	0.3
109	1
110	0.7
111	1.8
112	40.7
113	2.4
114	41.7
115	32.9
116	74.2
117	40.3
118	37
119	4.6
120	24.7
121	48.4
122	35.3
123	3.3
124	35.5
125	82.7
126	40.9
127	24.3
128	41.1
129	0.9
130	12.2
131	47
132	1.2
133	38.8
134	25.8
135	33.2
136	78.8
137	42.1
138	1.2
139	0.8
140	28.9
141	28.6
142	2.6
143	4.4
144	19.4
145	0.6
146	33.7
147	56.2
148	43.5
149	31.8
150	44.9
151	37.1
152	30.3
153	0.5
154	26.3
155	5.1
156	11.4
157	43.5
158	2
159	51.3
160	36.2
161	8.4
162	0.5
163	53
164	8.8
165	4.7
166	0.2
167	35.3
168	7.7
169	37.1
170	35.1
171	66.4
172	5
173	11.3
174	0.5
175	54.3
176	47.1
177	52.8
178	22.8
179	28.1
180	0.2
181	2
182	18.5
183	14.7
184	0.1
185	1.3
186	27.4
187	19.4
188	0.1
189	0.2
190	34.9
191	0.1
192	25.7
193	4.1
194	47.6
195	24.1
196	0.2
197	54.9
198	0.1
199	27.5
200	0.2
201	0.1
202	2.9
203	0.7
204	0.9
205	2.7
206	37.9
207	23.2
208	45
209	28.3
210	65.4
211	53
212	35.9
213	27.5
214	0.9
215	32
216	22.4
217	47.6
218	13
219	18.9
220	0.6
221	11.2
222	30.7
223	39.5
224	2.7
225	15.1
226	27.2
227	12.8
228	27.5
229	0.3
230	18.2
231	58.4
232	23.1
233	40.2
234	19.8
235	10.9
236	25.7
237	56.4
238	10.8
239	26.8
240	80.1
241	26.4
242	0.8
243	5.1
244	34.7
245	26.2
246	34
247	6.3
248	3.2
249	3
250	33.2
251	27.4
252	44.3
253	20.8
254	0.7
255	0.2
256	26.8
257	0.6
258	26
259	7.4
260	1.5
261	25.4
262	28.2
263	10.4
264	0.2
265	0.2
266	20.1
267	33.1
268	30.4
269	34.3
270	0.1
271	70.8
272	24.6
273	32
274	4.5
275	25.8
276	12.1
277	0.3
278	26
279	0.4
280	22.3
281	23.4
282	29.2
283	0.7
284	15.9
285	1.4
286	22.6
287	46.8
288	10.4
289	2.6
290	0.1
291	23.3
292	9.6
293	5.1
294	34.3
295	0.1
296	22.5
297	26
298	0.1
299	55.7
300	27.4
301	0.2
302	30.4
303	22.4
304	5.7
305	26
306	13.3
307	26.5
308	67
309	1
310	19.8
311	26.8
312	21.7
313	23.3
314	7.1
315	1.2
316	0.9
317	5.8
318	19.9
319	7.7
320	23.2
321	0.2
322	20.3
323	24.6
324	1.5
325	10.3
326	27.9
327	1.5
328	1.6
329	0.2
330	0.7
331	0.5
332	0.2
333	0.4
334	0.8
335	49.4
336	0.4
337	18.4
338	0.4
339	4.8
340	2.4
341	0.4
342	4.8
343	0.5
344	17.2
345	5
346	29.5
347	0.5
348	12.4
349	6.4
350	0.4
351	0.8
352	0.5
353	72.9
354	3.5
355	10.2
356	0.5
357	12.2
358	3
359	6.2
360	2.7
361	0.5
362	2.4
363	2
364	5.9
365	57.3
366	8.5
367	6.1
368	56.4
369	3.3
370	71.1
371	5.2
372	0.8
373	10.5
374	6.4
375	36.3
376	1.1
377	69.7
378	10.3
379	5.8
380	67.8
381	4.1
382	4.1
383	81.8
384	7.7
385	13.3
386	5.2
387	56.3
388	58
389	45.6
390	53.3
391	1.5
392	53.1
393	7.2
394	2.8
395	7.1
396	31.5
397	6.7
398	0.8
399	54.7
400	1.1
401	66.2
402	5.4
403	25.6
404	4.5
405	5.1
406	38.6
407	50.3
408	6.6
409	4.8
410	57.4
411	64.4
412	2.5
413	37.2
414	1.7
415	25
416	6.7
417	14.8
418	14.4
419	17.4
420	12.4
421	41.2
422	44.2
423	37.4
424	34.6
425	62
426	27.9
427	17.8
428	34.6
429	60.2
430	32.7
431	36.4
432	4.5
433	62.6
434	7.7
435	1.1
436	61.4
437	52.9
438	71.7
439	25.7
440	60.5
441	23.8
442	0.3
443	34.3
444	6.1
445	71
446	0.7
447	73.2
448	69.6
449	0.2
450	20.9
451	31.2
452	61.7
453	29.3
454	0
455	16.5
456	0.4
457	71.4
458	48.3
459	45.9
460	5.3
461	47.1
462	70.9
463	8.5
464	4.8
465	42.3
466	42.6
467	18.5
468	0.3
469	4.8
470	1.3
471	5.7
472	62.8
473	19.3
474	0.7
475	13
476	0.1
477	74.5
478	0.3
479	8.4
480	61.8
481	27.5
482	16
483	63.9
484	0.6
485	2.5
486	46.1
487	7.9
488	50.8
489	22.9
490	51.3
491	12.4
492	61.1
493	23.8
494	39.8
495	49
496	6
497	46
498	4.1
499	10.6
500	38.3
501	17.2
502	41.6
503	0.3
504	0.6
505	22.4
506	37.2
507	52.6
508	19.2
509	33.1
510	15.4
511	32.2
512	37.6
513	3
514	24.6
515	5.6
516	2.5
517	59.5
518	5.9
519	13.1
520	39.4
521	10.9
522	1.2
523	2.3
524	69.4
525	8.2
526	11.4
527	6.7
528	0.4
529	3.6
530	78.4
531	54.8
532	84.4
533	4.3
534	2.5
535	81.7
536	63.7
537	16.1
538	5
539	0.8
540	0.6
541	49.8
542	47.1
543	2.9
544	3.8
545	22.8
546	52.1
547	1.1
548	17.4
549	27.9
550	0.8
551	40.4
552	1.1
553	84.4
554	2.4
555	0.4
556	1.1
557	6.7
558	17.1
559	31.9
560	41.6
561	91.4
562	47.3
563	2.3
564	19.2
565	39.4
566	48.6
567	0.5
568	52.3
569	16.9
570	2.2
571	94.4
572	36.2
573	5
574	1.1
575	0.5
576	15.4
577	5.6
578	38.1
579	37.7
580	46.1
581	5.3
582	1.1
583	0.4
584	0.5
585	22.3
586	1.1
587	46
588	1.1
589	77.6
590	2.4
591	1.1
592	38.4
593	40.1
594	15.9
595	1.1
596	0.6
597	2.7
598	1.1
599	49.5
600	8.5
601	1.1
602	2.9
603	84.5
604	1.1
605	4.2
606	1.1
607	0.5
608	4.7
609	10.8
610	0.5
611	66.8
612	9.7
613	1.8
614	64
615	56.4
616	5.2
617	90.3
618	79.3
619	23.8
620	14.5
621	1.1
622	68.8
623	74
624	66.7
625	0.2
626	0.2
627	37.9
628	0.4
629	17.1
630	55.2
631	0.5
632	81.9
633	53.5
634	1
635	21.9
636	18.2
637	12.3
638	0.1
639	94.3
640	57.4
641	48.5
642	3.2
643	61.2
644	11.3
645	83.2
646	59.3
647	0.5
648	88.1
649	65.5
650	0.3
651	59.8
652	0.7
653	0.7
654	0.1
655	1.1
656	1.4
657	67.8
658	70.7
659	61
660	24.3
661	66.1
662	54.6
663	56.1
664	0.1
665	0
666	0.3
667	79.2
668	85.2
669	85.4
670	0.4
671	0.5
672	0.2
673	55.1
674	53.8
675	53.2
676	53.3
677	56.1
678	10
679	0.4
680	21.9
681	65
682	56.8
683	92.2
684	51.8
685	0.3
686	53.9
687	1.8
688	51.3
689	0.4
690	60.9
691	67.7
692	52.2
693	8.3
694	49.3
695	64.9
696	52.1
697	0.4
698	51.5
699	44.3
700	50
701	57.8
702	52
703	49.7
704	39.6
705	55.7
706	9
707	48.7
708	51.4
709	46.3
710	50.4
711	19
712	43.3
713	52
714	3.4
715	45
716	9.4
717	93
718	50
719	51.1
720	48.3
721	0.4
722	45.2
723	48.4
724	50
725	0.4
726	3.3
727	48.4
728	46.4
729	58.4
730	46.9
731	13.9
732	45.7
733	45.4
734	45
735	46.8
736	9.6
737	43.2
738	44
739	48.5
740	51
741	45.3
742	78
743	51.3
744	9.1
745	1.9
746	42.5
747	48
748	1.1
749	52.7
750	2.4
751	35.8
752	51.6
753	48
754	48.5
755	55
756	43.7
757	92.5
758	50.3
759	0.3
760	39.7
761	0.5
762	47.1
763	54
764	43.1
765	45.1
766	10.9
767	52.1
768	57.2
769	58
770	53.9
771	47.1
772	54.8
773	28.1
774	32.1
775	61.3
776	5.5
777	46.5
778	42.5
779	8.1
780	57.3
781	45.6
782	112.2
783	111
784	110.3
785	111.2
786	109.9
787	110.5
788	107.5
789	109.5
790	109.3
791	107.6
792	107.4
793	104
794	113
795	114.3
796	105
797	114.7
798	109.6
799	107
800	111.5
801	102.6
802	104.6
803	108.9
804	103.6
805	108.3
806	106.8
807	99.1
808	105.2
809	116.1
810	111.3
811	112.4
812	110.1
813	107.6
814	108.1
815	109.2
816	108
817	105.7
818	107
819	114.9
820	111.8
821	103.5
822	107.2
823	111.1
824	106.9
825	102.2
826	112.8
827	107.4
828	107.5
829	103.4
830	103.7
831	99.5
832	108.5
833	104.6
834	103
835	106
836	106.3
837	89.2
838	106.4
839	104.9
840	104.4
841	104.4
842	104.9
843	58.9
844	100.8
845	103.1
846	108
847	103.3
848	105.6
849	107.1
850	104
851	103.9
852	99.1
853	100.9
854	100.8
855	102.8
856	103
857	103.6
858	105.9
859	98
860	100.1
861	104
862	33.4
863	97.8
864	101.9
865	100.3
866	100.3
867	98.8
868	103.2
869	103.1
870	86.6
871	98.7
872	100.3
873	43
874	103.8
875	103.5
876	102.8
877	99.1
878	96.6
879	104.1
880	100.3
881	104.2
882	109.4
883	98.2
884	99.1
885	97.5
886	24.1
887	97.9
888	99.8
889	101.4
890	106.9
891	104
892	103.7
893	104.2
894	26.9
895	100.2
896	101.3
897	103.8
898	101.7
899	104.9
900	107
901	98.7
902	109.2
903	100.8
904	100.3
905	98.4
906	105
907	108.8
908	103.3
909	100.6
910	37.8
911	100.2
912	103.3
913	108.7
914	103.6
915	47.3
916	99.1
917	99.4
918	98.2
919	106.9
920	104.7
921	100.3
922	110
923	65.7
924	98.1
925	100.5
926	100.8
927	101.7
928	120.9
929	103.7
930	111.7
931	102.6
932	124
933	102.8
934	39.5
935	105.9
936	102.6
937	112.1
938	108.9
939	98.9
940	107
941	110.9
942	110.2
943	32.1
944	114.9
945	97.6
946	104.2
947	38.5
948	99.8
949	101.2
950	102.9
951	115.8
952	104.5
953	124
954	123.5
955	112.1
956	102.7
957	106.9
958	122.3
959	103.5
960	106.9
961	113.5
962	98.9
963	98.7
964	23.5
965	98.1
966	113.5
967	28.4
968	103.8
969	107.5
970	85.2
971	100.4
972	97.5
973	106.3
974	102.1
975	114.1
976	102.8
977	100.4
978	122.2
979	111.4
980	100.5
981	95.4
982	107.9
983	99.3
984	104.1
985	99.8
986	101
987	121.4
988	101.9
989	106.3
990	57.1
991	96.7
992	102.9
993	100.5
994	103.1
995	110.8
996	100.3
997	101.3
998	118.7
999	102.3
1000	22.1
1001	121
1002	101.7
1003	51.7
1004	98.7
1005	118.7
1006	100.6
1007	25.8
1008	117.2
1009	92.2
1010	108.4
1011	100.8
1012	99.9
1013	116.6
1014	102.3
1015	114.7
1016	32.6
1017	100.6
1018	116.2
1019	117.6
1020	111.6
1021	102.6
1022	111.4
1023	99.4
1024	102.8
1025	111.8
1026	111.3
1027	98.5
1028	97.6
1029	114.6
1030	113.5
1031	28.5
1032	47.8
1033	110.4
1034	103
1035	107.8
1036	96.6
1037	109.3
1038	103.7
1039	116
1040	115.4
1041	111.6
1042	116.1
1043	30.6
1044	111.7
1045	115.2
1046	113.9
1047	101.4
1048	99.4
1049	100.5
1050	28.7
1051	98.5
1052	97.7
1053	113.4
1054	101.7
1055	98
1056	112.3
1057	111.5
1058	103.8
1059	113
1060	104.1
1061	30.4
1062	112.8
1063	102.4
1064	102.4
1065	111.1
1066	100
1067	109.2
1068	113.3
1069	101.1
1070	100.6
1071	101.4
1072	102.8
1073	102.4
1074	101.4
1075	90.4
1076	99.9
1077	106.6
1078	112
1079	104.4
1080	114.8
1081	108.6
1082	100
1083	102.8
1084	109.1
1085	98.7
1086	101.3
1087	28.1
1088	102.4
1089	113
1090	97.4
1091	104
1092	105.6
1093	112.4
1094	99.6
1095	114.4
1096	116.4
1097	104.7
1098	117.1
1099	88.9
1100	29.1
1101	100.4
1102	101.2
1103	99.4
1104	112.5
1105	117.3
1106	111.8
1107	102
1108	113.1
1109	98.2
1110	104.8
1111	105.5
1112	101.7
1113	103.4
1114	102.4
1115	109.6
1116	110.8
1117	103.9
1118	111.6
1119	111.4
1120	112
1121	113.8
1122	116.2
1123	117.3
1124	96.5
1125	108.4
1126	104.6
1127	110
1128	100.7
1129	100.4
1130	112.3
1131	99.6
1132	104.2
1133	101.2
1134	111.2
1135	102
1136	99.8
1137	109.8
1138	112.7
1139	113.2
1140	99
1141	108.8
1142	104.4
1143	102.4
1144	115.8
1145	112.3
1146	110.9
1147	111.2
1148	104.1
1149	107.2
1150	109.7
1151	111.8
1152	100.5
1153	103.2
1154	24.8
1155	104.9
1156	105.4
1157	106.6
1158	108
1159	92.6
1160	111.4
1161	102.9
1162	113.3
1163	113.2
1164	104.7
1165	102.4
1166	102.3
1167	99.3
1168	104.5
1169	101
1170	106.5
1171	114.8
1172	98
1173	110.3
1174	101.3
1175	109.9
1176	79.4
1177	104.1
1178	107.9
1179	103.7
1180	110
1181	112.9
1182	114.5
1183	102.3
1184	99.8
1185	104.8
1186	101
1187	105.1
1188	114.4
1189	111.3
1190	106.9
1191	102.9
1192	113.7
1193	98.2
1194	112.9
1195	107.5
1196	107
1197	99.9
1198	99.7
1199	97.8
1200	33.3
1201	114.3
1202	108
1203	101.4
1204	107.9
1205	113.8
1206	101.7
1207	107.2
1208	104.2
1209	116.1
1210	98.2
1211	96.5
1212	105.8
1213	93.6
1214	102.7
1215	111.1
1216	106.7
1217	94.8
1218	100.4
1219	104
1220	96
1221	115.2
1222	115.4
1223	116.7
1224	112.3
1225	106.2
1226	99.2
1227	94.3
1228	110.3
1229	113.7
1230	105.2
1231	104.6
1232	94.8
1233	113.2
1234	108.4
1235	113.2
1236	102.5
1237	99.5
1238	95.9
1239	104.8
1240	111.4
1241	104.6
1242	94.4
1243	111.4
1244	110.6
1245	105.2
1246	101.7
1247	89.3
1248	47.7
1249	102.5
1250	97.4
1251	109.7
1252	104.9
1253	113.9
1254	108.3
1255	107.8
1256	98.4
1257	118.3
1258	119.8
1259	107.9
1260	102.1
1261	98.2
1262	106.5
1263	116.3
1264	117.3
1265	98.8
1266	102.9
1267	109.1
1268	98
1269	49.4
1270	101.5
1271	115.7
1272	113.3
1273	119.4
1274	102.9
1275	111.3
1276	96.3
1277	94.7
1278	103.8
1279	37.7
1280	102.9
1281	119.8
1282	111.1
1283	106.5
1284	56
1285	119.1
1286	105.1
1287	111.5
1288	117.6
1289	97.1
1290	117.7
1291	106.9
1292	114.8
1293	30.6
1294	113.6
1295	102
1296	108.7
1297	60.2
1298	103.2
1299	112.7
1300	119.6
1301	102.4
1302	117.9
1303	116.7
1304	61.9
1305	108.3
1306	108.1
1307	101.2
1308	117.3
1309	107.5
1310	104.3
1311	105.8
1312	106.6
1313	118.9
1314	103.6
1315	106.9
1316	103.6
1317	97.9
1318	117.2
1319	101.2
1320	104.5
1321	117.1
1322	110.3
1323	108.7
1324	117.5
1325	101.2
1326	113.5
1327	116.6
1328	103.1
1329	59.9
1330	107.9
1331	95.8
1332	30.2
1333	89.2
1334	99.6
1335	105.8
1336	102.7
1337	112.7
1338	113
1339	119.2
1340	118.5
1341	102.1
1342	103.3
1343	106.3
1344	109.6
1345	120.2
1346	115.1
1347	106.1
1348	99.7
1349	118.3
1350	105.4
1351	101.5
1352	58.4
1353	103.4
1354	115.4
1355	105.8
1356	48
1357	95.4
1358	106.9
1359	118.6
1360	117.1
1361	119.5
1362	103.9
1363	112.5
1364	109.6
1365	106.8
1366	115.2
1367	110.8
1368	100
1369	116.2
1370	106.3
1371	118.6
1372	116.3
1373	103.6
1374	109
1375	105.7
1376	54.9
1377	114.9
1378	119.2
1379	118.3
1380	105.2
1381	111.8
1382	105.1
1383	118.4
1384	116.1
1385	50.1
1386	103.3
1387	114.5
1388	116.2
1389	116.5
1390	103.6
1391	113.7
1392	109.7
1393	114.9
1394	107.9
1395	111.3
1396	112.1
1397	109.4
1398	114.5
1399	110.5
1400	93.2
1401	119.5
1402	119.9
1403	104.8
1404	116
1405	109.5
1406	112.2
1407	113.4
1408	113.7
1409	101.6
1410	110.9
1411	102.9
1412	108.7
1413	106.9
1414	116.9
1415	103.7
1416	107
1417	113
1418	105.9
1419	121.1
1420	113.9
1421	119
1422	109.4
1423	77.1
1424	112.2
1425	113.1
1426	100.8
1427	116.2
1428	116.9
1429	119.6
1430	105.4
1431	108.4
1432	120.5
1433	105.9
1434	109.3
1435	105
1436	109.9
1437	115.2
1438	113.6
1439	116.6
1440	108
1441	106.9
1442	104.3
1443	95.6
1444	118.3
1445	114.9
1446	106
1447	108.6
1448	106.1
1449	113.9
1450	118.3
1451	107.1
1452	109.6
1453	108.5
1454	72.8
1455	111.3
1456	106.3
1457	109.2
1458	110.7
1459	115.5
1460	116.8
1461	104.9
1462	110.6
1463	114.3
1464	116
1465	116
1466	112.9
1467	115.4
1468	114.2
1469	108.4
1470	103.9
1471	109.5
1472	107.5
1473	114.2
1474	113.1
1475	107
1476	109.8
1477	114.4
1478	105.4
1479	114.4
1480	115.6
1481	107.5
1482	107
1483	112.4
1484	113.2
1485	71.1
1486	116.4
1487	114.4
1488	108.7
1489	109
1490	114.1
1491	89.8
1492	105.6
1493	108.5
1494	108
1495	118.8
1496	108
1497	104.9
1498	116.6
1499	107.1
1500	106.8
1501	106.7
1502	111.4
1503	112.8
1504	119.3
1505	104
1506	99.1
1507	115.2
1508	115.1
1509	70.6
1510	111.8
1511	116.3
1512	113.2
1513	107.3
1514	112.1
1515	113.9
1516	111.6
1517	106.9
1518	116.8
1519	112.3
1520	114.2
1521	112.3
1522	110.3
1523	115.6
1524	119.5
1525	119.7
1526	114.5
1527	105.6
1528	112.8
1529	111.2
1530	105.2
1531	109.7
1532	116.9
1533	114.2
1534	108.7
1535	51.8
1536	109.9
1537	111.4
1538	62.3
1539	114.1
1540	119.2
1541	108.8
1542	119.2
1543	109.2
1544	115.9
1545	107.8
1546	57.8
1547	94.2
1548	107.3
1549	110.9
1550	110.3
1551	117.6
1552	108
1553	105.5
1554	83.8
1555	109.4
1556	113.2
1557	110.4
1558	111.8
1559	108.9
1560	112
1561	111.4
1562	116
1563	121
1564	109.5
1565	91.4
1566	117.5
1567	110
1568	107.1
1569	104
1570	106.4
1571	109.6
1572	114.2
1573	105.1
1574	115.3
1575	99.6
1576	109.5
1577	105.1
1578	112.3
1579	112.3
1580	108.4
1581	107.8
1582	108.9
1583	106.6
1584	57.7
1585	109.9
1586	106.5
1587	119.1
1588	109.3
1589	116.6
1590	110
1591	109.4
1592	110.9
1593	118.5
1594	107.7
1595	109.3
1596	104.5
1597	110.8
1598	111.1
1599	113.1
1600	115.1
1601	77.6
1602	108.5
1603	113.8
1604	101.8
1605	116.7
1606	112.8
1607	110.3
1608	113
1609	109.9
1610	113.2
1611	121.3
1612	110.4
1613	111.1
1614	108.7
1615	104.4
1616	98.8
1617	109.7
1618	100.7
1619	115.9
1620	103.2
1621	110.8
1622	117.5
1623	110.1
1624	109.5
1625	98.6
1626	111
1627	119.8
1628	98.5
1629	107
1630	116.6
1631	84.3
1632	111.4
1633	109
1634	109.5
1635	109.4
1636	107.5
1637	113
1638	94.6
1639	108.3
1640	111.5
1641	101.2
1642	108.5
1643	101
1644	108.3
1645	108.2
1646	102.4
1647	109
1648	107.8
1649	110.1
1650	105.2
1651	109.2
1652	101.6
1653	105.1
1654	105.6
1655	114
1656	115.1
1657	107.9
1658	112.6
1659	106.3
1660	101.5
1661	117.6
1662	116.4
1663	100.5
1664	108.9
1665	102.6
1666	112.8
1667	113.5
1668	104.9
1669	106.7
1670	117.9
1671	116.3
1672	104.2
1673	109.1
1674	109.3
1675	102.3
1676	108.3
1677	115.9
1678	105.1
1679	111.2
1680	116.7
1681	108.4
1682	103
1683	105.9
1684	101.6
1685	105.6
1686	78.3
1687	111
1688	103
1689	109.6
1690	111.8
1691	113.4
1692	107.9
1693	115.8
1694	107.9
1695	111.3
1696	120.1
1697	113.2
1698	105.3
1699	109.5
1700	88.7
1701	109.4
1702	115.2
1703	111.4
1704	118.1
1705	108.1
1706	110.1
1707	104.2
1708	105.2
1709	101.7
1710	109.6
1711	108.2
1712	114.8
1713	110.7
1714	110
1715	111.9
1716	104.9
1717	108.6
1718	110.4
1719	80.4
1720	115.5
1721	108.9
1722	105.5
1723	107.6
1724	104.3
1725	117.3
1726	110.8
1727	114.4
1728	114.4
1729	115.6
1730	111.3
1731	109.6
1732	104.3
1733	109.6
1734	113.3
1735	114.7
1736	106
1737	105.8
1738	104.3
1739	110.5
1740	119.9
1741	116.6
1742	108.7
1743	102.7
1744	110.9
1745	108.7
1746	117.4
1747	110.4
1748	111.6
1749	86.4
1750	75.6
1751	117
1752	114.3
1753	111.5
1754	120.9
1755	115.7
1756	111.8
1757	111.6
1758	118.5
1759	107.7
1760	115.2
1761	113.2
1762	94.1
1763	108.1
1764	115.6
1765	109.5
1766	112.4
1767	114.6
1768	122
1769	111.6
1770	109.9
1771	99.1
1772	119.5
1773	111.8
1774	104.5
1775	83.7
1776	103.5
1777	109.3
1778	112.7
1779	112.7
1780	104.2
1781	112.7
1782	115
1783	107.7
1784	104.7
1785	106.4
1786	117.4
1787	109.4
1788	113.3
1789	101.9
1790	102.8
1791	88.2
1792	106.9
1793	114.4
1794	82
1795	103.4
1796	111.3
1797	119.8
1798	104.1
1799	110.2
1800	106.5
1801	117.2
1802	114.1
1803	120.4
1804	102.6
1805	110.1
1806	112
1807	111.9
1808	100.5
1809	110.9
1810	115.6
1811	108.2
1812	112.1
1813	113.8
1814	103.5
1815	103.7
1816	112.1
1817	114.2
1818	102.4
1819	112
1820	120
1821	114.2
1822	108.1
1823	111.3
1824	110.7
1825	118.8
1826	112.3
1827	105.9
1828	107.4
1829	109.3
1830	116.3
1831	107.7
1832	111.1
1833	105.2
1834	110.6
1835	106.9
1836	109.4
1837	80.8
1838	111.3
1839	118.9
1840	107.6
1841	101.3
1842	103.4
1843	120.8
1844	107.8
1845	104.3
1846	78.5
1847	104.1
1848	115.2
1849	120
1850	118.2
1851	102
1852	108.5
1853	113.4
1854	107.6
1855	110.7
1856	100.8
1857	107.5
1858	106.8
1859	105.1
1860	101.9
1861	106.6
1862	104.5
1863	108.1
1864	102.2
1865	106.9
1866	117.1
1867	105.9
1868	106.2
1869	103.3
1870	74.2
1871	105.3
1872	102.7
1873	105.4
1874	119.8
1875	106
1876	103.9
1877	106.7
1878	105.1
1879	118.8
1880	112
1881	109.3
1882	109.6
1883	121.9
1884	104.5
1885	109.2
1886	100.8
1887	105.9
1888	107.4
1889	112.4
1890	108.7
1891	70.6
1892	107.7
1893	102.5
1894	106.8
1895	105.1
1896	103.5
1897	104.6
1898	118.7
1899	103
1900	109.7
1901	110.7
1902	103.3
1903	107.6
1904	103.9
1905	106.3
1906	106.1
1907	78.8
1908	92.2
1909	63.1
1910	58.5
1911	107.3
1912	104.4
1913	100.2
1914	104.6
1915	105.8
1916	102.7
1917	113.3
1918	80.8
1919	106.1
1920	106.8
1921	108.2
1922	106.5
1923	103.8
1924	105.3
1925	107.8
1926	105.5
1927	116.2
1928	102.6
1929	67.4
1930	110.6
1931	79.6
1932	83.3
1933	109.4
1934	100.2
1935	112.2
1936	108.6
1937	107.7
1938	98.8
1939	106.1
1940	108
1941	104.5
1942	99.6
1943	108.6
1944	107.3
1945	71.3
1946	106.2
1947	105.9
1948	70.7
1949	104.7
1950	1.1
1951	110.8
1952	62.9
1953	80
1954	109.3
1955	97.1
1956	111.2
1957	112
1958	109.2
1959	93.7
1960	107.7
1961	99.9
1962	104.3
1963	103
1964	109
1965	107.8
1966	1.1
1967	68
1968	101.4
1969	104.5
1970	112.5
1971	109.5
1972	107
1973	101
1974	112.7
1975	95.4
1976	90.2
1977	80.9
1978	109.7
1979	1.1
1980	107.7
1981	110.9
1982	1.1
1983	108.4
1984	107.9
1985	85.2
1986	97.5
1987	111.2
1988	83.2
1989	1.1
1990	1.1
1991	107.6
1992	108.9
1993	91.2
1994	114.8
1995	107.7
1996	101.1
1997	90.8
1998	111.8
1999	107.3
2000	98.1
2001	104.7
2002	97.4
2003	96.1
2004	98.7
2005	104.5
2006	98.1
2007	107.1
2008	105.3
2009	105.6
2010	86.8
2011	1.1
2012	102.9
2013	94
2014	1.1
2015	98.3
2016	107.4
2017	109
2018	97.7
2019	102.5
2020	108.6
2021	103
2022	105.7
2023	62
2024	1.1
2025	117.2
2026	101.5
2027	70.9
2028	110.1
2029	106.6
2030	105.8
2031	98.3
2032	83.1
2033	105.4
2034	107.2
2035	63.3
2036	1.1
2037	106.9
2038	1.1
2039	102.5
2040	104.3
2041	1.1
2042	73.5
2043	104.6
2044	107.9
2045	103.4
2046	105.2
2047	74.4
2048	102.6
2049	110.3
2050	113.3
2051	88.5
2052	105.5
2053	98.4
2054	71.4
2055	99
2056	104.6
2057	87.6
2058	1.1
2059	103.5
2060	99.3
2061	83
2062	115.4
2063	105.2
2064	88.6
2065	108.1
2066	103.7
2067	81.9
2068	105.8
2069	105
2070	99.3
2071	84.8
2072	105.6
2073	98.5
2074	109.2
2075	105.3
2076	1.1
2077	101.7
2078	108.1
2079	103.3
2080	104.8
2081	109.1
2082	106.1
2083	76.7
2084	104.5
2085	108.1
2086	79.1
2087	102.7
2088	117.5
2089	97.1
2090	113.4
2091	72.5
2092	98.1
2093	105.5
2094	102.4
2095	74.9
2096	102.1
2097	82
2098	82
2099	105.4
2100	97.7
2101	99.1
2102	101.7
2103	98.1
2104	89.6
2105	104.1
2106	103.4
2107	106.3
2108	88.2
2109	98.2
2110	104.4
2111	96
2112	1.1
2113	92.1
2114	103.3
2115	85.1
2116	84.5
2117	91
2118	98.9
2119	90.1
2120	95.1
2121	71.1
2122	95.8
2123	107.6
2124	86.2
2125	79.9
2126	104.8
2127	73.2
2128	99.8
2129	91.9
2130	106.5
2131	93.5
2132	98.5
2133	100.5
2134	101.9
2135	87
2136	96
2137	74.2
2138	89.9
2139	76.3
2140	92.6
2141	87.2
2142	74.6
2143	103.5
2144	98.6
2145	78.8
2146	67.2
2147	71.3
2148	99.4
2149	98.5
2150	90.7
2151	100
2152	96.4
2153	98.8
2154	97.6
2155	94.8
2156	90
2157	101.2
2158	69.3
2159	61.9
2160	102.2
2161	92.5
2162	106.1
2163	74.8
2164	99.8
2165	71.8
2166	87.8
2167	92.4
2168	99.9
2169	98.9
2170	95.6
2171	101.2
2172	99.7
2173	95.5
2174	94.8
2175	51.7
2176	96.1
2177	100.3
2178	87
2179	91.9
2180	73.8
2181	92.9
2182	100.5
2183	104.3
2184	95.9
2185	73.3
2186	48.3
2187	65.2
2188	84.9
2189	97.7
2190	72.7
2191	95.1
2192	85.5
2193	98.3
2194	94.8
2195	73.5
2196	93.9
2197	83.7
2198	83.7
2199	99.4
2200	94.9
2201	42.7
2202	82.1
2203	95.5
2204	95.2
2205	106.5
2206	69.5
2207	78.8
2208	74.8
2209	97.7
2210	94.8
2211	102.1
2212	65
2213	90
2214	98.9
2215	74.2
2216	85.7
2217	100.3
2218	90.2
2219	84.1
2220	85
2221	79.5
2222	93.1
2223	85.9
2224	100.2
2225	75.1
2226	86
2227	93.7
2228	94.8
2229	97
2230	62.8
2231	80.8
2232	78.3
2233	93.7
2234	82.1
2235	95.3
2236	91.5
2237	98.6
2238	99.3
2239	79.1
2240	96.9
2241	79
2242	98.6
2243	98.1
2244	95
2245	86.6
2246	80.3
2247	95.4
2248	94.8
2249	84
2250	81
2251	77.3
2252	93.1
2253	97.9
2254	70.5
2255	90.7
2256	78
2257	87.8
2258	86.4
2259	94.6
2260	96.6
2261	93.9
2262	89.1
2263	94
2264	92.3
2265	93.4
2266	98.1
2267	100.7
2268	83.7
2269	83
2270	101.9
2271	73.1
2272	95.4
2273	82.6
2274	95.9
2275	89.1
2276	85.6
2277	99.9
2278	100.1
2279	90.3
2280	97.9
2281	110.1
2282	92.7
2283	84
2284	102.2
2285	94
2286	90.1
2287	77.7
2288	76.6
2289	95.4
2290	96.5
2291	88.8
2292	96.5
2293	73.7
2294	87.6
2295	91
2296	101.4
2297	90.5
2298	91.8
2299	70.1
2300	96.6
2301	99.8
2302	93
2303	98.5
2304	94.9
2305	83.4
2306	94.1
2307	97.2
2308	99.4
2309	95.4
2310	96.5
2311	110.9
2312	100.8
2313	92.2
2314	99.8
2315	112.1
2316	92.4
2317	96.2
2318	85
2319	80.6
2320	97.2
2321	82.7
2322	100.9
2323	98.1
2324	96.4
2325	93.1
2326	94.8
2327	86.5
2328	88.8
2329	89.7
2330	105.7
2331	107.4
2332	78.5
2333	92.9
2334	81.4
2335	111.1
2336	97.6
2337	100.8
2338	94.6
2339	79.2
2340	97.7
2341	99.2
2342	106.1
2343	81.9
2344	95.8
2345	95.1
2346	98.9
2347	91.2
2348	96.4
2349	92.3
2350	96.9
2351	79.2
2352	93.8
2353	92.7
2354	98.1
2355	96.1
2356	102.6
2357	101.6
2358	73.1
2359	97.6
2360	98.2
2361	100.2
2362	90.6
2363	95.8
2364	83.2
2365	91.1
2366	104.9
2367	107
2368	91.2
2369	74.3
2370	99.6
2371	98.2
2372	92.2
2373	97
2374	72.4
2375	98.1
2376	109.5
2377	100.7
2378	98.1
2379	91.9
2380	89.6
2381	90.3
2382	93.8
2383	108.6
2384	105.8
2385	68.8
2386	96.8
2387	95.1
2388	97
2389	98.6
2390	76.4
2391	91.6
2392	98.6
2393	109.6
2394	101.4
2395	80.2
2396	91.9
2397	102.6
2398	66.1
2399	96.6
2400	102.7
2401	90.8
2402	99.4
2403	90.8
2404	68.5
2405	93
2406	87.6
2407	104.8
2408	96.5
2409	95.9
2410	96.3
2411	96.8
2412	100
2413	99.6
2414	68.8
2415	97.7
2416	90.5
2417	90.1
2418	89.1
2419	92.4
2420	97.8
2421	110.4
2422	86
2423	85.3
2424	96.2
2425	55.1
2426	103.5
2427	89.2
2428	97.9
2429	109.5
2430	103.7
2431	95.4
2432	91
2433	102.1
2434	64.4
2435	96.8
2436	86.5
2437	53.8
2438	95.1
2439	98.2
2440	96.5
2441	108
2442	85.6
2443	91.1
2444	104
2445	96.2
2446	59.3
2447	98.1
2448	112.2
2449	102.4
2450	101.3
2451	94.8
2452	95.1
2453	114.3
2454	95.7
2455	93.1
2456	104.9
2457	94.1
2458	91.8
2459	99.7
2460	51
2461	107.6
2462	91.7
2463	56
2464	112.8
2465	106.4
2466	97.6
2467	86.1
2468	91.7
2469	101.2
2470	107.5
2471	94.6
2472	101
2473	60.4
2474	95.9
2475	94
2476	106.1
2477	96.5
2478	94.6
2479	103.8
2480	97.1
2481	83
2482	47.9
2483	106.8
2484	94.9
2485	92.6
2486	94.9
2487	100.1
2488	95.1
2489	101.8
2490	98.9
2491	58.1
2492	94.5
2493	105.9
2494	94.5
2495	93.5
2496	55.1
2497	90.6
2498	90.9
2499	48.2
2500	95.5
2501	89.9
2502	91.9
2503	96.5
2504	85.1
2505	89.8
2506	93.5
2507	102
2508	91
2509	108.7
2510	89.7
2511	4.6
2512	89
2513	92.3
2514	89.9
2515	91.3
2516	97.5
2517	58.6
2518	66.3
2519	94.1
2520	95.7
2521	88
2522	4.6
2523	56
2524	101.3
2525	68.1
2526	88.6
2527	87
2528	87.8
2529	90.7
2530	86.4
2531	84.3
2532	85.4
2533	95.1
2534	73
2535	87
2536	97.6
2537	75.8
2538	4.6
2539	104.9
2540	95.4
2541	100.3
2542	88.3
2543	91.3
2544	78.6
2545	92.7
2546	90.4
2547	94
2548	94.1
2549	94.5
2550	103.7
2551	68.6
2552	101.7
2553	82.6
2554	95.8
2555	86.4
2556	89.8
2557	91.4
2558	90.5
2559	85.4
2560	4.6
2561	86.3
2562	102.3
2563	92.2
2564	95.5
2565	95.6
2566	58.2
2567	94.5
2568	4.6
2569	91.6
2570	71.5
2571	66.9
2572	101.8
2573	76.5
2574	95.7
2575	79.6
2576	90.9
2577	85
2578	87.8
2579	88.5
2580	100
2581	95.9
2582	100.4
2583	93.1
2584	101.8
2585	4.6
2586	98.8
2587	89.5
2588	92.3
2589	84.3
2590	89.8
2591	87.6
2592	82.6
2593	80.3
2594	65
2595	103
2596	4.6
2597	87.2
2598	98.6
2599	93.4
2600	86.4
2601	85.4
2602	96.7
2603	81.7
2604	100.5
2605	93.1
2606	98.6
2607	4.6
2608	76.9
2609	93.7
2610	70.1
2611	92.4
2612	80.5
2613	86.1
2614	99.7
2615	72.1
2616	94.3
2617	4.6
2618	97.5
2619	103
2620	95.3
2621	62.9
2622	85.8
2623	4.6
2624	80.3
2625	99.9
2626	53.1
2627	91.4
2628	73.6
2629	100
2630	81
2631	77.8
2632	4.6
2633	85.5
2634	84.6
2635	78.9
2636	94.7
2637	98.7
2638	94.3
2639	78.8
2640	77.1
2641	100.3
2642	4.6
2643	99
2644	101.4
2645	97
2646	75.7
2647	66.1
2648	91.3
2649	93
2650	4.6
2651	96.5
2652	99.6
2653	83.1
2654	101.6
2655	79.1
2656	93.6
2657	63.4
2658	79.1
2659	89.7
2660	4.6
2661	93
2662	90.9
2663	95.3
2664	78.7
2665	94.4
2666	98.2
2667	57.4
2668	95.3
2669	86
2670	90.7
2671	87.5
2672	89.9
2673	60.8
2674	59.5
2675	96.5
2676	47.6
2677	96.3
2678	89.7
2679	94.5
2680	96.4
2681	100.2
2682	96.5
2683	82.5
2684	79.9
2685	82
2686	86.5
2687	88.7
2688	93
2689	100.8
2690	87.9
2691	99.8
2692	36.9
2693	89.2
2694	89.5
2695	97.7
2696	85.6
2697	92.6
2698	95.8
2699	56.4
2700	86.2
2701	49.6
2702	88.3
2703	73.7
2704	51.3
2705	76.7
2706	96.1
2707	41.7
2708	92.6
2709	79.5
2710	93.9
2711	93.8
2712	84.7
2713	87.4
2714	90.4
2715	65.1
2716	88.6
2717	92.2
2718	66
2719	85
2720	89.4
2721	81.1
2722	99.9
2723	82
2724	58.5
2725	90.7
2726	82.9
2727	84.7
2728	67.7
2729	81.9
2730	95.8
2731	82.9
2732	90.6
2733	88.5
2734	93.3
2735	69
2736	44.3
2737	74.8
2738	82.2
2739	78.3
2740	90.2
2741	81.7
2742	87.1
2743	75.1
2744	68.7
2745	61.7
2746	48.8
2747	73.8
2748	89.5
2749	77.6
2750	84.1
2751	73.3
2752	76.8
2753	70.4
2754	89.8
2755	83.8
2756	70.5
2757	78
2758	89.7
2759	71.5
2760	75
2761	70.2
2762	77.6
2763	59.1
2764	96.2
2765	90.7
2766	84.9
2767	52.4
2768	82.6
2769	72.1
2770	75.3
2771	93.8
2772	85.5
2773	46.5
2774	77.4
2775	92.6
2776	77.2
2777	79.1
2778	96.8
2779	77.6
2780	38.1
2781	78.2
2782	69.8
2783	80.4
2784	81.5
2785	62.7
2786	59
2787	92.7
2788	69.1
2789	95.5
2790	78.5
2791	89.3
2792	97.7
2793	84.2
2794	80.2
2795	69.3
2796	82.2
2797	87
2798	85.8
2799	76.9
2800	91.9
2801	99.9
2802	93.8
2803	67.5
2804	47.4
2805	91.6
2806	77.3
2807	90.2
2808	89
2809	93.2
2810	48
2811	100.2
2812	84.3
2813	88.4
2814	80.7
2815	102.4
2816	66.2
2817	74.6
2818	76.7
2819	82.3
2820	93.2
2821	84.7
2822	76.4
2823	88.5
2824	51.3
2825	72.8
2826	58.3
2827	40.6
2828	89.6
2829	54.6
2830	80.7
2831	85.7
2832	83.7
2833	71.6
2834	86.8
2835	96.6
2836	82.6
2837	79.6
2838	95.2
2839	88.5
2840	95.1
2841	88.6
2842	80.7
2843	74.8
2844	60.4
2845	74.6
2846	42.9
2847	101.9
2848	88.9
2849	89.5
2850	95.1
2851	75.6
2852	75.6
2853	81.5
2854	99.1
2855	80.4
2856	99.3
2857	76.2
2858	81.8
2859	76.2
2860	79
2861	83
2862	90.7
2863	65.2
2864	87
2865	87.3
2866	86.2
2867	79.1
2868	69.4
2869	83.7
2870	75.9
2871	86.4
2872	94.4
2873	96.7
2874	43.2
2875	73.6
2876	42.5
2877	79.2
2878	80.9
2879	60
2880	75.9
2881	78.3
2882	90.2
2883	82.3
2884	89.6
2885	69.5
2886	78.9
2887	66.8
2888	40.9
2889	51.4
2890	48.7
2891	86.2
2892	91.6
2893	92.1
2894	85.7
2895	98.1
2896	43.8
2897	97.4
2898	77
2899	87.4
2900	87.2
2901	61.3
2902	77.5
2903	99.7
2904	48.4
2905	81.5
2906	90.8
2907	74.7
2908	80.1
2909	94
2910	82.1
2911	94.8
2912	76.1
2913	93.1
2914	91.7
2915	63.9
2916	99.4
2917	42.4
2918	85.2
2919	64
2920	63.4
2921	82.7
2922	79.9
2923	76.4
2924	81.4
2925	86.3
2926	82.4
2927	47.8
2928	87.4
2929	76.8
2930	94.6
2931	77.7
2932	90.3
2933	76.7
2934	50
2935	80.8
2936	59.3
2937	76.3
2938	57.9
2939	81.4
2940	54.6
2941	73.3
2942	51.7
2943	95.2
2944	56.5
2945	79.9
2946	87.3
2947	85
2948	77.9
2949	78.2
2950	78.2
2951	89.9
2952	77.2
2953	96.8
2954	85.1
2955	98.4
2956	96.9
2957	72.1
2958	78.4
2959	65.6
2960	75.9
2961	81.6
2962	77.3
2963	83
2964	91.8
2965	77.6
2966	86.4
2967	95.7
2968	77.3
2969	60.1
2970	51
2971	77.6
2972	88.8
2973	49.4
2974	81.8
2975	87.3
2976	96.8
2977	69.5
2978	82
2979	84
2980	79.6
2981	91.4
2982	92.6
2983	80.1
2984	83.4
2985	85.1
2986	80.6
2987	77.1
2988	77.9
2989	52.3
2990	72.2
2991	92.7
2992	84.1
2993	82.1
2994	82.8
2995	81.8
2996	93.1
2997	94.6
2998	74.9
2999	88
3000	76.4
3001	67
3002	84.9
3003	76.5
3004	80.8
3005	76.4
3006	82.6
3007	90.5
3008	88.6
3009	81
3010	56.3
3011	82.7
3012	75
3013	85.8
3014	70.7
3015	77
3016	82.7
3017	96.3
3018	71
3019	80.7
3020	74.2
3021	89.3
3022	66.1
3023	80.9
3024	83.5
3025	69.3
3026	87.1
3027	85.2
3028	76.4
3029	85.6
3030	62.4
3031	84.4
3032	79.8
3033	77.2
3034	77.7
3035	73.1
3036	63.4
3037	77
3038	69.6
3039	76.9
3040	89.4
3041	102.2
3042	103.8
3043	93.6
3044	93.8
3045	89.7
3046	70.9
3047	72.2
3048	95.3
3049	75.6
3050	92.7
3051	102.2
3052	80.1
3053	93.8
3054	74.4
3055	78.3
3056	94.5
3057	74.1
3058	92
3059	84.5
3060	62
3061	66.8
3062	79.7
3063	94.3
3064	96.5
3065	62.7
3066	104.8
3067	68.4
3068	105.6
3069	70.6
3070	88.5
3071	81.6
3072	82.2
3073	55.9
3074	91.9
3075	74.6
3076	86.6
3077	87.3
3078	78.2
3079	85.6
3080	96.6
3081	79.4
3082	65.4
3083	96.4
3084	75.2
3085	79.7
3086	101.1
3087	102.4
3088	107.4
3089	101.2
3090	87.1
3091	76.1
3092	73.3
3093	83.7
3094	65.9
3095	58.6
3096	94
3097	72.9
3098	102.1
3099	70.8
3100	95.6
3101	48.1
3102	77.2
3103	90.3
3104	94.3
3105	67.7
3106	99.1
3107	98.2
3108	59
3109	71.3
3110	72.3
3111	102.6
3112	46.4
3113	98.1
3114	75.5
3115	66
3116	73.1
3117	82.4
3118	107.4
3119	109.2
3120	35.4
3121	108.5
3122	62.7
3123	98.1
3124	54.3
3125	85.6
3126	58.6
3127	36.3
3128	58
3129	62.3
3130	56.7
3131	105.8
3132	99.6
3133	100.8
3134	97.3
3135	63.1
3136	101.1
3137	55
3138	66.3
3139	105
3140	89
3141	61.9
3142	95.9
3143	107
3144	65.3
3145	44.8
3146	53.5
3147	52
3148	69.9
3149	53.9
3150	41.4
3151	107.8
3152	103.6
3153	96.4
3154	92.9
3155	29.2
3156	90.5
3157	86.8
3158	41.1
3159	92.9
3160	43.5
3161	108.3
3162	103.3
3163	61.4
3164	59.3
3165	45.8
3166	103.9
3167	42.1
3168	102.6
3169	53.6
3170	96.7
3171	65.2
3172	104.6
3173	57
3174	8.1
3175	96.9
3176	66.6
3177	62.2
3178	65.5
3179	57.9
3180	58.5
3181	39
3182	99.6
3183	99.8
3184	105.6
3185	106.7
3186	86.7
3187	98.2
3188	9.7
3189	83.8
3190	66.7
3191	67
3192	8.6
3193	58.4
3194	99.8
3195	103
3196	46.5
3197	38.7
3198	38.1
3199	95.4
3200	55.6
3201	67.8
3202	103.1
3203	99.9
3204	43.2
3205	102.5
3206	60.9
3207	66.6
3208	65.5
3209	51.1
3210	100.3
3211	100.5
3212	96.6
3213	60.7
3214	60
3215	53.5
3216	61.2
3217	69
3218	100.6
3219	102.7
3220	37
3221	70.7
3222	102.5
3223	68.6
3224	101.4
3225	69.5
3226	98.8
3227	67.1
3228	62
3229	51.4
3230	58.5
3231	57.8
3232	70.1
3233	61.7
3234	94.4
3235	100.6
3236	104.8
3237	57.5
3238	103.9
3239	48.1
3240	71.5
3241	70.8
3242	64.6
3243	103
3244	68.8
3245	72.1
3246	73
3247	46.1
3248	66.2
3249	70
3250	59
3251	98.4
3252	103.6
3253	70.5
3254	99.2
3255	62.5
3256	69
3257	103
3258	67.6
3259	74.1
3260	71.5
3261	52
3262	105.9
3263	65.7
3264	61.6
3265	60.1
3266	62.7
3267	73.3
3268	99
3269	102.2
3270	57.5
3271	61.6
3272	98.1
3273	61.1
3274	104.8
3275	66.7
3276	68
3277	60
3278	84.5
3279	68.2
3280	66.2
3281	69.3
3282	60.7
3283	92.4
3284	64.7
3285	58.4
3286	99
3287	67.7
3288	54.6
3289	63.2
3290	67.4
3291	98.3
3292	65.2
3293	58.1
3294	62
3295	70.1
3296	61.3
3297	64.1
3298	64.9
3299	57.6
3300	72.4
3301	67.1
3302	64.8
3303	97.2
3304	60.1
3305	94.7
3306	66.9
3307	68
3308	96.9
3309	70.1
3310	64.6
3311	63.3
3312	53.9
3313	62.1
3314	55.9
3315	61.1
3316	88.2
3317	62.2
3318	94.8
3319	49
3320	57.9
3321	68.8
3322	53.4
3323	50.4
3324	64.2
3325	61.7
3326	68.9
3327	48.6
3328	65.6
3329	58.4
3330	63.8
3331	68.3
3332	64.9
3333	59.7
3334	55.6
3335	88.4
3336	67.5
3337	48.2
3338	70.6
3339	55.5
3340	59.2
3341	73.6
3342	64
3343	64.4
3344	59
3345	48.5
3346	59.1
3347	62.6
3348	49.1
3349	58.4
3350	88.1
3351	58.2
3352	92.5
3353	59.3
3354	62.4
3355	66.2
3356	66.4
3357	58.8
3358	58.9
3359	57.2
3360	86.5
3361	56.8
3362	54.5
3363	62.4
3364	49
3365	59.7
3366	55.6
3367	59.3
3368	58.5
3369	59.6
3370	49.1
3371	59.2
3372	57.7
3373	56.3
3374	54.8
3375	54.1
3376	52
3377	54.1
3378	53.5
3379	57.1
3380	54.7
3381	57.9
3382	52
3383	56.9
3384	55.4
3385	58.3
3386	55.9
3387	58.8
3388	51.8
3389	57.9
3390	58
3391	57.4
3392	57.9
3393	57.1
3394	62.1
3395	57.2
3396	59.3
3397	61.2
3398	53.1
3399	51.5
3400	107.7
3401	114.9
3402	106.4
3403	102.6
3404	101.8
3405	95.9
3406	100.6
3407	100.2
3408	104.1
3409	104.3
3410	32.7
3411	38.4
3412	99.9
3413	99.3
3414	100.8
3415	100.6
3416	112
3417	106.3
3418	104
3419	100.7
3420	109.1
3421	101
3422	104.6
3423	102
3424	103.8
3425	107.6
3426	105.3
3427	119.5
3428	62.9
3429	110.9
3430	60.2
3431	99.7
3432	110.7
3433	107.9
3434	112.3
3435	112.9
3436	102
3437	105.6
3438	105.7
3439	109.4
3440	99.2
3441	114.8
3442	116.2
3443	106.5
3444	91.8
3445	105.8
3446	108.6
3447	110.8
3448	119.6
3449	108.5
3450	109.6
3451	109.1
3452	112.3
3453	94.7
3454	105.7
3455	108.7
3456	114.8
3457	110.1
3458	98
3459	107.5
3460	108.4
3461	116.3
3462	111
3463	113.3
3464	106.6
3465	110.2
3466	82
3467	103.7
3468	107.2
3469	86.3
3470	103.4
3471	117.8
3472	74.6
3473	114.6
3474	108.6
3475	108.6
3476	106.5
3477	105.2
3478	103.9
3479	106.2
3480	105.4
3481	112.2
3482	60.1
3483	90.6
3484	109.6
3485	89.9
3486	107.1
3487	1.1
3488	76.3
3489	111.6
3490	110.6
3491	105.9
3492	85.8
3493	98.3
3494	97
3495	94.3
3496	69.5
3497	73.5
3498	64.4
3499	91.8
3500	78.6
3501	83.2
3502	96.4
3503	87.6
3504	83.8
3505	85.5
3506	95
3507	81.9
3508	98.3
3509	83.7
3510	93.7
3511	95.1
3512	92.9
3513	97.2
3514	88.1
3515	100.9
3516	90.1
3517	86
3518	89.1
3519	97.1
3520	96.7
3521	97.5
3522	107.6
3523	94.6
3524	92.4
3525	93.8
3526	64.4
3527	93.6
3528	96.5
3529	85
3530	82.8
3531	100.8
3532	74.4
3533	103.1
3534	99.8
3535	88.2
3536	95.2
3537	59.6
3538	90.5
3539	92.9
3540	90.4
3541	97.1
3542	95.7
3543	95.5
3544	86
3545	92
3546	83.7
3547	86.2
3548	99.6
3549	78.2
3550	74.3
3551	76.4
3552	85.5
3553	88
3554	77.1
3555	96.4
3556	77
3557	53.6
3558	96.4
3559	49.7
3560	92
3561	72.8
3562	71.1
3563	84.4
3564	70.9
3565	82
3566	81.5
3567	83.3
3568	96.1
3569	104.8
3570	98.1
3571	98.7
3572	78.6
3573	99.2
3574	78.3
3575	87.1
3576	102.2
3577	95.4
3578	105.3
3579	65.5
3580	63.8
3581	69.8
3582	106.1
3583	55.1
3584	103.7
3585	71.8
3586	100.5
3587	67.5
3588	71.2
3589	69.4
3590	56.9
3591	99.1
3592	60.2
3593	59.9
3594	57.1
