"COMID"	"Value"
1	52.3
2	12.3
3	67.9
4	50
5	45.2
6	5.5
7	88.1
8	22.9
9	1.4
10	1.6
11	56.3
12	0.7
13	3.8
14	70.7
15	25.6
16	29.1
17	46.9
18	77
19	67
20	64.4
21	40.3
22	68.8
23	0.2
24	0.5
25	50.3
26	28.4
27	33.6
28	51.3
29	29
30	12.6
31	56.1
32	42.9
33	69.6
34	0.2
35	33.6
36	1.7
37	64.4
38	1.6
39	0.2
40	34.5
41	67.8
42	24.3
43	23
44	45.5
45	13.7
46	4.7
47	37.5
48	67.9
49	41
50	6.7
51	0.1
52	10.5
53	2.5
54	66.5
55	64.1
56	54.2
57	27.5
58	0.1
59	15.8
60	0
61	0.6
62	1.4
63	59.1
64	28.6
65	0.3
66	31.8
67	59.1
68	41.6
69	13.9
70	1.6
71	5.1
72	54.4
73	0.1
74	73.3
75	2.8
76	2
77	30.7
78	8.4
79	62.3
80	1
81	16.3
82	17.8
83	45.9
84	0.9
85	44.4
86	47.1
87	0.1
88	0.2
89	3.9
90	27.3
91	9.3
92	56.3
93	42.5
94	1.7
95	79.7
96	0.6
97	59.7
98	0.2
99	8.7
100	61.7
101	48
102	36.2
103	0.2
104	21
105	1.6
106	56.5
107	7.7
108	0.6
109	0.6
110	0.2
111	3.6
112	51
113	1.3
114	50.7
115	28.9
116	44.9
117	51.7
118	52.3
119	1.4
120	16.9
121	7.4
122	33.3
123	4.3
124	50.7
125	64.8
126	54.5
127	16.1
128	54.8
129	0.2
130	4.6
131	11.9
132	0.7
133	50.8
134	29.4
135	50.2
136	55.4
137	56
138	0.2
139	0.1
140	30.2
141	24.6
142	1.4
143	1.3
144	13.3
145	0.3
146	44.5
147	59.8
148	56.9
149	51.4
150	55.4
151	21.6
152	46.5
153	0.2
154	43.2
155	4
156	4.1
157	57.3
158	0.3
159	12.7
160	47.3
161	3.4
162	0.4
163	8.8
164	2.9
165	1.1
166	0.2
167	50.8
168	2
169	53.7
170	37.6
171	26.3
172	1.9
173	5.1
174	0.2
175	9.7
176	60.2
177	13.2
178	33.6
179	43.4
180	0.2
181	1.5
182	18.1
183	6.6
184	0.2
185	0.5
186	20.5
187	24.3
188	0.2
189	0.2
190	29.2
191	0.2
192	40
193	1.4
194	54.2
195	12.7
196	0.2
197	12.9
198	0.2
199	43.1
200	0.2
201	0.2
202	0.7
203	0.2
204	0.1
205	0.8
206	29.4
207	8.2
208	50.6
209	44.2
210	25.6
211	61.8
212	51.6
213	41.3
214	0.2
215	49.9
216	26.9
217	7.3
218	6.9
219	11.3
220	0.1
221	2.9
222	48
223	45.1
224	0.9
225	11.1
226	41.6
227	5.1
228	47.3
229	0.1
230	5.8
231	14
232	21.9
233	38
234	3.5
235	2.5
236	39.6
237	7.7
238	5.6
239	37.5
240	47.8
241	40.3
242	0.3
243	1.4
244	33.7
245	45.3
246	36.4
247	2.2
248	1.3
249	0.2
250	34.7
251	36.7
252	55.3
253	26.6
254	0.3
255	0.1
256	10.7
257	0.3
258	24
259	2.3
260	0.7
261	41.6
262	37.1
263	2.9
264	0.1
265	0.1
266	36.7
267	34
268	46.5
269	36.1
270	0.1
271	29.4
272	39.5
273	33.2
274	1.4
275	31.1
276	3.5
277	0.1
278	36.5
279	0.1
280	25.3
281	38.3
282	27.9
283	0.2
284	11.6
285	0.5
286	30.8
287	56.8
288	4.3
289	0.1
290	0.1
291	29.7
292	4.8
293	1.5
294	49.6
295	0
296	30.4
297	27.2
298	0
299	6.3
300	32.9
301	0.1
302	38.8
303	25.7
304	2.4
305	19.7
306	8.5
307	24
308	13.3
309	0.3
310	19
311	31.3
312	11.4
313	23.6
314	3.5
315	0.2
316	0.2
317	1.6
318	12.3
319	2.6
320	18.4
321	0.1
322	17.6
323	26.6
324	0.4
325	2.8
326	41.6
327	0.4
328	0.5
329	0.1
330	0.2
331	0.2
332	0.1
333	0.1
334	0.2
335	5.6
336	0.1
337	3.1
338	0.1
339	2.6
340	1.2
341	0.2
342	1.3
343	0.3
344	9.9
345	2.8
346	2.5
347	0.3
348	8.4
349	4.3
350	0.2
351	0.5
352	0.4
353	19.8
354	2.3
355	1.7
356	0.4
357	1.4
358	2.2
359	1.5
360	1.8
361	0.4
362	1.7
363	1.6
364	1.5
365	8.2
366	10.3
367	1.2
368	53.8
369	0.7
370	22.2
371	1.2
372	0.7
373	11.8
374	1.1
375	52.3
376	1.1
377	22.2
378	10.8
379	1.3
380	20.2
381	0.5
382	0.8
383	45.9
384	1.7
385	1.9
386	0.6
387	55.2
388	13.1
389	12.6
390	53.5
391	1.6
392	16.4
393	2.2
394	2.3
395	0.9
396	4
397	2.3
398	0.3
399	7
400	0.4
401	24.5
402	1.5
403	1.5
404	0.7
405	3.5
406	58.6
407	3.8
408	0.8
409	1.1
410	59.2
411	21.7
412	2
413	62.2
414	0.9
415	3.3
416	0.4
417	1.1
418	0.9
419	19.7
420	0.6
421	2.8
422	3.5
423	45.7
424	51.6
425	31.8
426	1.5
427	56.4
428	48.3
429	13.3
430	57.6
431	2
432	3.7
433	29.1
434	6.8
435	0.6
436	17.2
437	5.8
438	47.8
439	0.9
440	18.2
441	51.5
442	0.3
443	40.6
444	5.9
445	59.3
446	0.3
447	62.3
448	56.8
449	0.1
450	13.5
451	1.9
452	63.9
453	1.5
454	0.1
455	15.6
456	0.2
457	45.7
458	65.4
459	56.9
460	3.7
461	62.1
462	66.8
463	2.1
464	3.4
465	54.4
466	3.9
467	38.2
468	0.2
469	6.9
470	0.3
471	1.6
472	20.6
473	21.2
474	0.1
475	3.1
476	0.1
477	69.2
478	0.2
479	13.9
480	36.6
481	1.2
482	0.9
483	51.2
484	0.5
485	2.6
486	7.1
487	13.9
488	12.9
489	0.9
490	10.5
491	27.8
492	38
493	1.2
494	61.4
495	9.1
496	0.3
497	47.2
498	12.2
499	1.6
500	41.2
501	42.1
502	65.4
503	0.1
504	0.4
505	20.8
506	41.3
507	45.9
508	21.6
509	38.3
510	43.7
511	42
512	52.1
513	0.2
514	22.5
515	1.1
516	1.8
517	49.3
518	3.9
519	10.2
520	20.4
521	28.3
522	0.6
523	0.5
524	60.2
525	16.4
526	7.6
527	15.9
528	0.2
529	2
530	63.4
531	40.7
532	78.9
533	16
534	1.3
535	80
536	56.4
537	15.1
538	5.2
539	0.7
540	0.2
541	48.2
542	40.5
543	1.6
544	3
545	20.6
546	60
547	1.1
548	17.6
549	27.4
550	0.1
551	41.7
552	1.1
553	33.5
554	1.6
555	0.1
556	1.1
557	5.8
558	18.6
559	40.6
560	49.7
561	53.2
562	53.7
563	2.9
564	24
565	45
566	55.1
567	0.2
568	54.7
569	14
570	1.4
571	53.9
572	40.4
573	4.6
574	1.1
575	0.1
576	19.1
577	7.7
578	41.2
579	51.6
580	43.4
581	7.3
582	1.1
583	0.1
584	0.1
585	20.1
586	1.1
587	44
588	1.1
589	43.7
590	1.8
591	1.1
592	56.9
593	38.3
594	14.4
595	1.1
596	0.1
597	1.2
598	1
599	43.7
600	10.1
601	1.6
602	1.3
603	55.2
604	1.1
605	3.6
606	1.1
607	0.2
608	5.3
609	9.5
610	0.1
611	24.3
612	9.1
613	0.4
614	56.1
615	11.7
616	5.4
617	68.5
618	43.1
619	24.1
620	13.3
621	1.1
622	64.6
623	67.3
624	60.4
625	0.2
626	0.5
627	43.1
628	1.2
629	28.4
630	64.7
631	0.2
632	51.9
633	39.2
634	0.5
635	32.6
636	25.5
637	25.7
638	0.2
639	48.3
640	9.9
641	65.3
642	3.2
643	67.7
644	9.4
645	50.6
646	46.7
647	0.2
648	65.8
649	63
650	0.2
651	72.3
652	2.7
653	0.5
654	0.2
655	0.7
656	4.1
657	69.2
658	32.2
659	69.2
660	16.7
661	23.3
662	38.7
663	67.4
664	0.1
665	0.1
666	0.2
667	22.9
668	65.3
669	35.3
670	0.2
671	0.2
672	0.1
673	45.3
674	7.9
675	63.5
676	65.7
677	69.4
678	14.6
679	1.2
680	1.7
681	49.7
682	58.5
683	82.2
684	67.1
685	0.1
686	64.5
687	1
688	60.8
689	0.2
690	53.5
691	14.4
692	66.2
693	11.5
694	5.3
695	14.4
696	65.6
697	0.8
698	64.8
699	48.8
700	58.3
701	13.5
702	67.6
703	57.9
704	42.1
705	62.8
706	11.6
707	60.2
708	63.8
709	60.4
710	67.9
711	2.7
712	32.2
713	67.6
714	4.8
715	63.4
716	5.5
717	61.6
718	65.3
719	62.6
720	54.9
721	0.2
722	59.1
723	63.4
724	60.7
725	0.2
726	2.1
727	7
728	58.9
729	11.5
730	64.6
731	13
732	5.3
733	59.9
734	47.6
735	36.8
736	10.6
737	52.1
738	47.4
739	61
740	63.3
741	55.4
742	65.4
743	62.7
744	2.8
745	1.2
746	44.2
747	56.5
748	0.1
749	64.6
750	3.2
751	32.8
752	56.3
753	59.2
754	63.7
755	67.1
756	31.1
757	99
758	58.5
759	0.2
760	35.4
761	0.4
762	52.5
763	58.6
764	57.7
765	44.4
766	4.1
767	60.2
768	62.9
769	71.1
770	58
771	47
772	59.5
773	20.5
774	20.4
775	12.9
776	6.3
777	45.2
778	34.2
779	2.2
780	72.2
781	61.7
782	100.8
783	112.5
784	101.2
785	109.3
786	111.4
787	104.5
788	84.5
789	86.6
790	112.7
791	109.6
792	109.8
793	105.1
794	106.4
795	101.4
796	103.5
797	103.6
798	109.5
799	106.8
800	108.6
801	101.6
802	100.4
803	108.2
804	80.3
805	105.2
806	102.9
807	72.9
808	102.2
809	101.7
810	105.2
811	109.7
812	105.9
813	105.2
814	103.8
815	107.4
816	104.9
817	80.8
818	106.2
819	105.5
820	107.3
821	95.7
822	102.8
823	105.4
824	104.8
825	94.2
826	100.2
827	103.7
828	103
829	96.4
830	102.9
831	91.9
832	102.7
833	95.9
834	92
835	100.4
836	102.2
837	67.2
838	98.4
839	99.8
840	98.9
841	97.6
842	94.6
843	42
844	89.2
845	92.2
846	105.2
847	98.7
848	97
849	99.2
850	99.1
851	97.5
852	80.9
853	102
854	102.2
855	99.4
856	92.9
857	94.6
858	98.5
859	85.9
860	92.7
861	96
862	21.7
863	98.9
864	90
865	93.9
866	93.3
867	76.8
868	95.2
869	98.2
870	60.6
871	88.3
872	89.7
873	26.8
874	100.8
875	92.2
876	98.7
877	100
878	97.7
879	98.9
880	91.8
881	96
882	100.9
883	72.4
884	100.1
885	97
886	15.2
887	92.8
888	97.1
889	99.9
890	102.6
891	100.8
892	95.8
893	99.4
894	17.6
895	101.4
896	95.9
897	99.8
898	93.5
899	100.9
900	102.7
901	93.7
902	95.2
903	97.2
904	99.5
905	93.7
906	92
907	97.6
908	94.3
909	97.2
910	26.6
911	97.5
912	95.7
913	96.5
914	98.3
915	34.9
916	91.4
917	102.9
918	91.8
919	97
920	98.8
921	74.3
922	98.8
923	44
924	93.9
925	102.3
926	95.3
927	98.3
928	112.7
929	93.3
930	96.3
931	97.2
932	119.5
933	100
934	30.7
935	99.7
936	96.4
937	98.3
938	101.4
939	100.9
940	95.4
941	87.6
942	98.4
943	26
944	100.9
945	90.8
946	98.8
947	29.9
948	94.6
949	93.5
950	95.9
951	106
952	95.3
953	117.1
954	118.3
955	101.1
956	96.3
957	95.3
958	116.9
959	92.9
960	99.9
961	103.3
962	93
963	96.2
964	17.9
965	91.6
966	103.2
967	18.2
968	93.4
969	96.7
970	59
971	96.5
972	91
973	96.9
974	95.2
975	98.3
976	105.4
977	101.4
978	118
979	100.5
980	103.7
981	89.4
982	101.7
983	93.3
984	102.7
985	101.1
986	98.5
987	119.1
988	101.5
989	103.2
990	34.6
991	91
992	74.4
993	105.1
994	98.7
995	101.2
996	96.4
997	101
998	119.9
999	97.9
1000	16.3
1001	119.8
1002	102.2
1003	33.4
1004	94.6
1005	116.2
1006	97.3
1007	18.8
1008	119.9
1009	63.3
1010	100.5
1011	97.6
1012	95.7
1013	120
1014	101
1015	118.7
1016	21.9
1017	101.5
1018	119.3
1019	119.9
1020	102.2
1021	98.4
1022	99.1
1023	96.5
1024	101.7
1025	104.2
1026	101.8
1027	93.6
1028	93.6
1029	118.7
1030	101.4
1031	20.8
1032	31.1
1033	108.8
1034	97.6
1035	94
1036	94.6
1037	100.8
1038	97.8
1039	110.6
1040	117.8
1041	104.2
1042	116.1
1043	22.4
1044	101.4
1045	114.4
1046	116.7
1047	100.2
1048	96.2
1049	96.6
1050	19.8
1051	96.1
1052	96
1053	115.4
1054	93.8
1055	95
1056	98.1
1057	100.7
1058	98.7
1059	109.2
1060	99
1061	21.8
1062	104
1063	100.5
1064	101.3
1065	103.5
1066	97
1067	106.9
1068	106
1069	101.8
1070	96.9
1071	96.6
1072	104.8
1073	103.7
1074	100
1075	72.5
1076	99.4
1077	103.2
1078	102.1
1079	96.2
1080	115.3
1081	103.9
1082	97.3
1083	104.7
1084	97.2
1085	98.1
1086	97
1087	21.2
1088	104.5
1089	107.9
1090	92.9
1091	101.8
1092	100.6
1093	113.6
1094	99.7
1095	113.9
1096	116.4
1097	102.1
1098	116.4
1099	71.5
1100	20.7
1101	99.2
1102	97.4
1103	105
1104	114.5
1105	114.4
1106	106.8
1107	105.6
1108	115.4
1109	93.8
1110	99.5
1111	103.4
1112	98.1
1113	100.2
1114	94
1115	104.8
1116	111
1117	98.5
1118	106.1
1119	113.6
1120	110.8
1121	115.2
1122	113.3
1123	114.2
1124	93.2
1125	108.8
1126	104.1
1127	109.9
1128	96.7
1129	99
1130	113.2
1131	102.8
1132	102
1133	97.6
1134	107.9
1135	95.6
1136	101.4
1137	108
1138	106.5
1139	113.3
1140	96.5
1141	111.4
1142	102.5
1143	97.9
1144	113
1145	114
1146	109.3
1147	108
1148	96.6
1149	107.3
1150	110.6
1151	108.8
1152	95.3
1153	98.2
1154	18.3
1155	96.8
1156	99.9
1157	107
1158	101.4
1159	78.2
1160	111.5
1161	101.9
1162	114.1
1163	111.2
1164	103.6
1165	96.5
1166	100.5
1167	93.8
1168	100.7
1169	95.4
1170	103.4
1171	115.1
1172	87.3
1173	111.8
1174	93.2
1175	104.9
1176	66.6
1177	98.7
1178	105
1179	103.6
1180	104.4
1181	112.9
1182	110.3
1183	100.5
1184	96.5
1185	101.4
1186	94.5
1187	106.1
1188	109.1
1189	113.2
1190	106.7
1191	100.5
1192	109.1
1193	91.2
1194	113.3
1195	108.6
1196	108
1197	96.4
1198	103.3
1199	99.7
1200	26.6
1201	112.6
1202	107.2
1203	94.1
1204	108.6
1205	113
1206	98.3
1207	105.6
1208	106.5
1209	113.3
1210	92.4
1211	94
1212	97.8
1213	82
1214	96.8
1215	112.4
1216	100.6
1217	98
1218	104.4
1219	105.4
1220	95.7
1221	109.3
1222	111.8
1223	117.9
1224	109.4
1225	107.3
1226	91.1
1227	96.8
1228	105.2
1229	114.3
1230	96.7
1231	101.1
1232	97.4
1233	113.7
1234	106.4
1235	112.8
1236	104.1
1237	91.1
1238	92.7
1239	102.4
1240	110.7
1241	100.4
1242	96.9
1243	111
1244	109.2
1245	102.6
1246	93.4
1247	77.1
1248	38.5
1249	103
1250	99.1
1251	104.4
1252	95.7
1253	114.8
1254	107.2
1255	97.4
1256	98.7
1257	118.9
1258	120.4
1259	104.4
1260	102.6
1261	100.1
1262	108.2
1263	115.9
1264	115.9
1265	98.9
1266	89.4
1267	98.4
1268	100.2
1269	40.9
1270	94.3
1271	117.1
1272	107.9
1273	118.5
1274	93.8
1275	107.2
1276	97.9
1277	94.6
1278	95.5
1279	31
1280	103
1281	116.1
1282	105.7
1283	101.8
1284	47
1285	117.5
1286	101.4
1287	107.9
1288	114.6
1289	97.7
1290	115.1
1291	105.2
1292	114
1293	25
1294	111.8
1295	99.3
1296	108.5
1297	50.7
1298	91.9
1299	111.1
1300	117.7
1301	99.6
1302	114.3
1303	115.8
1304	50.8
1305	103.7
1306	97.3
1307	98.4
1308	116.1
1309	99
1310	95.6
1311	98.3
1312	93.8
1313	114.1
1314	99.6
1315	102.5
1316	101.9
1317	98.9
1318	117.5
1319	103.6
1320	107.7
1321	112.7
1322	101.3
1323	102.9
1324	119.4
1325	97.1
1326	111.5
1327	113.3
1328	95.3
1329	48.4
1330	105.1
1331	96.6
1332	24.7
1333	74.7
1334	95
1335	107.1
1336	102.4
1337	109.3
1338	111
1339	111
1340	117.6
1341	95
1342	98.2
1343	101.5
1344	106.5
1345	113.5
1346	108.2
1347	99.5
1348	98.4
1349	114.3
1350	97.3
1351	100.6
1352	47.4
1353	98.5
1354	112.9
1355	107.3
1356	39.6
1357	82.3
1358	109.1
1359	116.8
1360	110.2
1361	114.4
1362	97.5
1363	105.5
1364	105.1
1365	102.7
1366	112
1367	107.3
1368	97.9
1369	114.1
1370	108.5
1371	110.4
1372	122.9
1373	97.2
1374	103.3
1375	101.6
1376	45.8
1377	120.8
1378	116.5
1379	116.3
1380	101.6
1381	105.6
1382	104.2
1383	109
1384	123.4
1385	41.9
1386	99.7
1387	111.2
1388	114.3
1389	115.5
1390	99.2
1391	109.9
1392	101.2
1393	108.9
1394	101.2
1395	102.9
1396	104.9
1397	101.9
1398	105.5
1399	101.5
1400	78.1
1401	111.9
1402	109.7
1403	100.2
1404	119.1
1405	104.2
1406	109.8
1407	103
1408	110.6
1409	94.3
1410	106.9
1411	90.7
1412	104
1413	101.1
1414	122.4
1415	95.4
1416	106.2
1417	112.7
1418	101.8
1419	118.2
1420	119.8
1421	117.3
1422	104.1
1423	63.9
1424	102.3
1425	107.3
1426	89.4
1427	122.2
1428	117.6
1429	117.6
1430	102.4
1431	104.9
1432	118.1
1433	104.8
1434	105.6
1435	100.8
1436	104.2
1437	107.5
1438	111.3
1439	122.9
1440	103.6
1441	104.2
1442	101.6
1443	81.7
1444	116.7
1445	103
1446	98.4
1447	103.4
1448	96.9
1449	105.9
1450	107
1451	102.4
1452	104.4
1453	102.4
1454	62
1455	106
1456	103.6
1457	105.4
1458	99.7
1459	121.5
1460	117
1461	101.8
1462	103.4
1463	120.2
1464	121.5
1465	121.1
1466	102.7
1467	109.3
1468	107.3
1469	99.6
1470	96.4
1471	106.3
1472	103.9
1473	105
1474	107.8
1475	97.8
1476	105.1
1477	108
1478	98.8
1479	101.7
1480	107.7
1481	103.4
1482	103.5
1483	120.4
1484	111
1485	61.9
1486	117.5
1487	121.6
1488	105
1489	104.6
1490	102.1
1491	79
1492	100
1493	102.2
1494	99.6
1495	105.2
1496	102.8
1497	101
1498	114.1
1499	99.4
1500	112.7
1501	100.7
1502	100.2
1503	109.3
1504	106.5
1505	100.5
1506	92.2
1507	108.1
1508	111.4
1509	62.9
1510	105.9
1511	115.1
1512	104.8
1513	101
1514	108.4
1515	119
1516	107.4
1517	103.6
1518	110.1
1519	102.2
1520	108.1
1521	118.6
1522	112.8
1523	111.6
1524	106.6
1525	108.7
1526	112.6
1527	101.2
1528	109.1
1529	103.4
1530	97.2
1531	111.8
1532	107.6
1533	114.8
1534	102
1535	41.4
1536	101.4
1537	117.6
1538	55
1539	105.8
1540	109.6
1541	113.8
1542	107.7
1543	104.5
1544	110.1
1545	99.1
1546	49.3
1547	84.6
1548	107
1549	108.9
1550	111.1
1551	106.3
1552	100
1553	96.9
1554	75.2
1555	98.7
1556	103.9
1557	113.4
1558	103.1
1559	103.8
1560	115.6
1561	109
1562	109.9
1563	111
1564	106.1
1565	81.4
1566	108.7
1567	112.8
1568	108.1
1569	96.6
1570	101.1
1571	109.4
1572	107.3
1573	98.6
1574	107.4
1575	91.7
1576	110.7
1577	97.6
1578	116.4
1579	116.3
1580	101.8
1581	104.6
1582	102.5
1583	102.1
1584	47.7
1585	100.2
1586	100.6
1587	106.8
1588	105.2
1589	114.9
1590	107.9
1591	111.6
1592	105.6
1593	109.8
1594	103.7
1595	102.2
1596	96.5
1597	111.4
1598	104.2
1599	102.5
1600	106.2
1601	66.9
1602	99.3
1603	107.8
1604	96
1605	113.9
1606	112.4
1607	108.2
1608	107.8
1609	110.3
1610	103.1
1611	111.1
1612	104.3
1613	101.4
1614	103.7
1615	107.1
1616	93.1
1617	105.8
1618	90.7
1619	117.1
1620	105.1
1621	104
1622	110.3
1623	109.6
1624	99.2
1625	87.9
1626	107.9
1627	107
1628	88.6
1629	108
1630	111.2
1631	73.6
1632	100.1
1633	106.8
1634	101.3
1635	99.7
1636	99.6
1637	102.3
1638	84.6
1639	106.6
1640	111
1641	92
1642	101.3
1643	92
1644	108.1
1645	100.9
1646	96.2
1647	103.8
1648	106.8
1649	110.3
1650	107.7
1651	109.1
1652	93.4
1653	107.6
1654	104.5
1655	108.8
1656	112
1657	100.2
1658	103.1
1659	97.4
1660	92.6
1661	116.4
1662	110.2
1663	91.9
1664	106.3
1665	106
1666	110.3
1667	106.5
1668	96.1
1669	98.1
1670	118.4
1671	107.8
1672	101.5
1673	106.1
1674	100
1675	93.5
1676	107.1
1677	116.8
1678	108
1679	102.4
1680	111.2
1681	100.1
1682	106.6
1683	93.7
1684	91
1685	92.1
1686	69.4
1687	99.7
1688	93
1689	106.8
1690	109.4
1691	120.3
1692	103.4
1693	117.1
1694	102.4
1695	107.1
1696	111.7
1697	111.5
1698	109.2
1699	106.2
1700	78.9
1701	103.4
1702	107.3
1703	102.9
1704	110.6
1705	104.8
1706	98.6
1707	106.2
1708	104.8
1709	88.3
1710	108
1711	104.5
1712	105.2
1713	100
1714	97.1
1715	108
1716	94.2
1717	95.1
1718	118
1719	70.9
1720	103.2
1721	105
1722	93.8
1723	99.5
1724	92.5
1725	108.2
1726	99
1727	109.8
1728	98.6
1729	117.9
1730	99.4
1731	108.3
1732	91.9
1733	94.6
1734	118.3
1735	107.3
1736	107
1737	90.9
1738	93.4
1739	92.3
1740	112.7
1741	118.9
1742	105.9
1743	92
1744	99.6
1745	97.5
1746	104.3
1747	97.6
1748	101.9
1749	73.5
1750	65.8
1751	100.4
1752	96
1753	97.2
1754	106.1
1755	98
1756	94.8
1757	107
1758	104.8
1759	95.9
1760	93.7
1761	100.3
1762	79.1
1763	100.5
1764	96.3
1765	103.8
1766	95.9
1767	97.9
1768	110.1
1769	98.3
1770	107.8
1771	84.5
1772	112.8
1773	98.8
1774	92.3
1775	68.1
1776	92.2
1777	95.6
1778	96.2
1779	103.4
1780	106.8
1781	98.1
1782	97.8
1783	94.9
1784	93.1
1785	96.2
1786	103.6
1787	108.8
1788	111.4
1789	94
1790	101.7
1791	71.4
1792	96.9
1793	93.2
1794	66.3
1795	96.4
1796	107.5
1797	108.1
1798	94.5
1799	106.1
1800	87.8
1801	105.2
1802	93.7
1803	109.4
1804	93.6
1805	98.2
1806	112.9
1807	97.3
1808	92.2
1809	105.3
1810	117.1
1811	99.1
1812	100.5
1813	114.9
1814	92.1
1815	95.6
1816	97.1
1817	94.1
1818	93.8
1819	114.2
1820	114.4
1821	95.9
1822	100.5
1823	103.2
1824	104.8
1825	109.5
1826	96.7
1827	97
1828	99
1829	98.1
1830	109.9
1831	95.4
1832	109
1833	89.4
1834	107.2
1835	102.6
1836	108.8
1837	64.8
1838	107.2
1839	109.3
1840	89.9
1841	87.2
1842	96.5
1843	116.9
1844	99.3
1845	99.1
1846	58.5
1847	89.1
1848	109.4
1849	108.2
1850	104.1
1851	98.8
1852	101
1853	100.2
1854	100.9
1855	98.9
1856	88.8
1857	107.2
1858	97.7
1859	97.6
1860	80.2
1861	105.7
1862	93.7
1863	101.5
1864	93.4
1865	92
1866	112.1
1867	106.7
1868	100.9
1869	91.3
1870	54
1871	102.8
1872	92.9
1873	95.9
1874	110.9
1875	104.9
1876	88.8
1877	105.4
1878	98
1879	109.7
1880	107.5
1881	100.9
1882	104.4
1883	110.3
1884	104.2
1885	97
1886	82.6
1887	101.8
1888	98.6
1889	105.5
1890	104.4
1891	51.9
1892	99.9
1893	92.4
1894	95.6
1895	98.5
1896	92.5
1897	94.7
1898	106.3
1899	96.6
1900	107.8
1901	103.7
1902	96.7
1903	101
1904	99.2
1905	95.1
1906	100.7
1907	56.7
1908	72.6
1909	47.8
1910	43.3
1911	98.8
1912	92.9
1913	89
1914	97.8
1915	98.7
1916	98.4
1917	102.9
1918	67.2
1919	100
1920	100.3
1921	103
1922	99.9
1923	93.8
1924	96
1925	100.5
1926	98.3
1927	107.3
1928	90
1929	46.1
1930	104.9
1931	57
1932	72
1933	101.7
1934	84.5
1935	105.3
1936	106
1937	90.5
1938	88.8
1939	94.2
1940	101.1
1941	100.7
1942	78.4
1943	94.6
1944	103.4
1945	47.3
1946	100.8
1947	98.3
1948	45.1
1949	99.1
1950	1.1
1951	105.3
1952	53.2
1953	57.3
1954	96.7
1955	70.7
1956	98.5
1957	103.5
1958	103.6
1959	73.7
1960	93
1961	84
1962	97.9
1963	89
1964	93
1965	101.7
1966	1.1
1967	47.6
1968	79.7
1969	100.8
1970	104.1
1971	105
1972	98.8
1973	88.5
1974	101.6
1975	59.1
1976	68.9
1977	62.6
1978	100.9
1979	1.1
1980	103.5
1981	99
1982	1.1
1983	101.2
1984	100.3
1985	66.1
1986	71
1987	99.3
1988	56.2
1989	1.1
1990	1.1
1991	100.8
1992	106.6
1993	73.7
1994	108.5
1995	97.1
1996	88.3
1997	64.7
1998	105.1
1999	107.3
2000	83.9
2001	100.8
2002	88.1
2003	81.8
2004	87.1
2005	89.1
2006	81.5
2007	100.7
2008	71.6
2009	104.8
2010	64.3
2011	1.1
2012	91.3
2013	68.5
2014	1.1
2015	84.3
2016	95.7
2017	108.6
2018	89.4
2019	87.4
2020	98.6
2021	84.6
2022	88.3
2023	52.3
2024	1.1
2025	112
2026	88.8
2027	51.4
2028	103
2029	100.5
2030	97.5
2031	87.5
2032	66.2
2033	96.4
2034	107
2035	53.5
2036	1.1
2037	102.6
2038	1.1
2039	88.9
2040	95.9
2041	1.1
2042	60.8
2043	98.6
2044	100.2
2045	92
2046	90.4
2047	64.9
2048	95.5
2049	109.2
2050	100.5
2051	61.6
2052	95.2
2053	72.8
2054	61.7
2055	79.4
2056	100.5
2057	82.3
2058	1.1
2059	87.8
2060	85.3
2061	68.8
2062	112
2063	91.7
2064	62.9
2065	98.1
2066	99.8
2067	75.9
2068	100.3
2069	100.9
2070	90.1
2071	78.3
2072	103.2
2073	85.8
2074	96.1
2075	101
2076	1.1
2077	83.3
2078	96
2079	91.9
2080	89.7
2081	98.6
2082	94.4
2083	53.2
2084	90.5
2085	108.2
2086	70.7
2087	93.2
2088	111.8
2089	82.8
2090	103.1
2091	63.9
2092	86.2
2093	92
2094	95.8
2095	54.5
2096	87.4
2097	71.5
2098	76.2
2099	110.5
2100	94.2
2101	98
2102	89.8
2103	82.6
2104	71.9
2105	93
2106	98.8
2107	101.8
2108	79.7
2109	95.5
2110	101.2
2111	75
2112	1.1
2113	84.4
2114	95.1
2115	78.2
2116	78.7
2117	84.6
2118	88.5
2119	67.8
2120	88.5
2121	62.5
2122	94.1
2123	106.1
2124	80.7
2125	71.7
2126	101
2127	66.9
2128	93.2
2129	73.1
2130	104.9
2131	86.1
2132	92.8
2133	86.3
2134	98.7
2135	66.6
2136	91.4
2137	68.7
2138	75.2
2139	73.2
2140	75.5
2141	83.3
2142	70.6
2143	84.5
2144	96.4
2145	74.5
2146	62.9
2147	61.3
2148	97.8
2149	95.2
2150	76.7
2151	88.5
2152	98.9
2153	98.6
2154	98.7
2155	76
2156	78
2157	91
2158	65.2
2159	58
2160	102.3
2161	83.3
2162	103.3
2163	71.5
2164	88.5
2165	68
2166	78
2167	80.4
2168	101.1
2169	94.6
2170	80.8
2171	102.1
2172	82.7
2173	87.1
2174	82.5
2175	53
2176	89.6
2177	95.8
2178	88.6
2179	87.4
2180	65.1
2181	93.7
2182	97.1
2183	88.1
2184	81.8
2185	69.8
2186	47.1
2187	58
2188	73.4
2189	86.3
2190	67.9
2191	93.1
2192	75.5
2193	80.8
2194	89
2195	70.4
2196	81.1
2197	82.6
2198	73.1
2199	99.4
2200	79.1
2201	45
2202	72.6
2203	94.9
2204	77.1
2205	98
2206	67
2207	70.8
2208	62.1
2209	92.9
2210	95.5
2211	92.3
2212	62.1
2213	90.6
2214	83.3
2215	65.6
2216	63.5
2217	87.1
2218	83.2
2219	83.6
2220	67.2
2221	66.9
2222	94.9
2223	73.7
2224	92.4
2225	70.4
2226	69.9
2227	94.2
2228	90.4
2229	92.1
2230	59.9
2231	72.7
2232	80.2
2233	88.6
2234	80.1
2235	91.5
2236	83.8
2237	97.4
2238	98.4
2239	62
2240	88.9
2241	74
2242	95.7
2243	99.8
2244	90.8
2245	85
2246	72.8
2247	94.6
2248	95.5
2249	81.3
2250	74.5
2251	59.4
2252	94.6
2253	93.1
2254	59
2255	91.3
2256	74.1
2257	73.5
2258	83.7
2259	97.3
2260	95.4
2261	88.2
2262	84
2263	95.4
2264	91.2
2265	97.2
2266	86.8
2267	91
2268	86.2
2269	70.4
2270	100.8
2271	67
2272	84.3
2273	72.9
2274	94.6
2275	89.5
2276	78
2277	93.1
2278	100.5
2279	86.5
2280	95.7
2281	106.4
2282	93.6
2283	77.4
2284	102.2
2285	97.1
2286	91.5
2287	61.9
2288	71.5
2289	88.8
2290	91.1
2291	90.9
2292	99.6
2293	64.7
2294	78.6
2295	91.4
2296	99.3
2297	89
2298	92.5
2299	55.6
2300	95.9
2301	105.6
2302	102.7
2303	102.9
2304	102.1
2305	91.4
2306	96.7
2307	101.1
2308	98.2
2309	95.2
2310	94
2311	110.6
2312	107.9
2313	103.6
2314	101.5
2315	115.1
2316	94.4
2317	95.7
2318	88
2319	88.9
2320	98.5
2321	79.2
2322	104.8
2323	100.2
2324	97.2
2325	95.2
2326	95.5
2327	99.8
2328	84.5
2329	104.2
2330	110
2331	114.9
2332	79.3
2333	105.7
2334	76
2335	116.1
2336	93.9
2337	110.5
2338	95.5
2339	75.2
2340	100.9
2341	98.6
2342	111.8
2343	82.7
2344	106.1
2345	96.2
2346	97.6
2347	101.1
2348	107.2
2349	97.3
2350	107
2351	73.8
2352	106.2
2353	98.5
2354	110
2355	100.9
2356	107.6
2357	112.9
2358	72
2359	101.8
2360	103.4
2361	102.6
2362	89
2363	96
2364	78.9
2365	98.9
2366	109.5
2367	115.2
2368	100.5
2369	63.6
2370	103.1
2371	107.5
2372	97.2
2373	98.2
2374	68.4
2375	110.2
2376	114.5
2377	103.9
2378	99.5
2379	98.9
2380	98.1
2381	96
2382	91.7
2383	115
2384	115.5
2385	62.8
2386	104.6
2387	101.9
2388	102.4
2389	102.2
2390	70.3
2391	96.9
2392	101.6
2393	117.7
2394	104.8
2395	70.4
2396	98.2
2397	115
2398	60.1
2399	100.5
2400	114.2
2401	96.1
2402	102.8
2403	94.9
2404	63.6
2405	99.6
2406	92.7
2407	111.8
2408	98.4
2409	97.9
2410	103
2411	104.9
2412	107.1
2413	112.1
2414	65.9
2415	105.5
2416	95.3
2417	94
2418	97.4
2419	96.6
2420	104.8
2421	118.4
2422	81.6
2423	88.7
2424	102.4
2425	52.1
2426	113.3
2427	99.9
2428	96.4
2429	118
2430	114.3
2431	102.5
2432	100.8
2433	103.9
2434	58.8
2435	104.5
2436	98.1
2437	45.2
2438	98.5
2439	95.8
2440	101.5
2441	117.2
2442	88.7
2443	96.3
2444	109.1
2445	101.1
2446	56.7
2447	103.3
2448	115.3
2449	114.5
2450	111.8
2451	97.1
2452	98
2453	119.5
2454	106.5
2455	103.1
2456	102
2457	105.2
2458	97.3
2459	104
2460	44.2
2461	106.5
2462	89.8
2463	52.5
2464	115.5
2465	116.5
2466	108
2467	80.2
2468	92.4
2469	105.5
2470	109.7
2471	99.4
2472	105.9
2473	56.7
2474	92.9
2475	98.6
2476	117.7
2477	101.6
2478	97.7
2479	114.6
2480	101.7
2481	79.3
2482	40.6
2483	117.1
2484	104.2
2485	94.8
2486	96.8
2487	111.3
2488	99.6
2489	108.6
2490	107
2491	52.5
2492	103.4
2493	112.5
2494	96.7
2495	96.1
2496	50.5
2497	83.9
2498	93
2499	46.3
2500	105.1
2501	90.4
2502	94.3
2503	102
2504	86.6
2505	97.6
2506	96.2
2507	112.9
2508	96.6
2509	116.9
2510	95
2511	4.6
2512	95.6
2513	94.1
2514	91.3
2515	93.3
2516	102
2517	57.2
2518	73.9
2519	94.2
2520	104.4
2521	88.9
2522	4.6
2523	57.1
2524	109.6
2525	74.1
2526	90.3
2527	88
2528	90.6
2529	93
2530	84.2
2531	85.1
2532	85.5
2533	103.5
2534	83.1
2535	89.1
2536	105.9
2537	83.2
2538	4.6
2539	112.2
2540	103.1
2541	108.4
2542	96.1
2543	93.6
2544	88.5
2545	100.9
2546	95.6
2547	94.6
2548	102.7
2549	95.7
2550	109.4
2551	73.7
2552	112.7
2553	87.3
2554	104.8
2555	87.6
2556	93.4
2557	95.3
2558	93.3
2559	83.2
2560	4.6
2561	84.6
2562	110.9
2563	100.2
2564	103.8
2565	102.6
2566	62.1
2567	98.5
2568	4.6
2569	95.8
2570	74.9
2571	73.2
2572	103.7
2573	81.8
2574	99.7
2575	85.9
2576	92.8
2577	85.7
2578	91.5
2579	91.5
2580	104.7
2581	104.6
2582	110
2583	100.7
2584	105.6
2585	4.6
2586	108.9
2587	92.8
2588	94.8
2589	88.6
2590	94.1
2591	89.9
2592	84.5
2593	80
2594	67.1
2595	107.2
2596	4.6
2597	91.1
2598	107.6
2599	95.5
2600	88.8
2601	85.6
2602	104.5
2603	82.7
2604	110.1
2605	97.4
2606	102.1
2607	4.6
2608	78.2
2609	100
2610	73.4
2611	97.9
2612	82.9
2613	88.5
2614	105.8
2615	77.6
2616	98.3
2617	4.6
2618	98.3
2619	106.4
2620	104.8
2621	63.8
2622	91.8
2623	4.6
2624	82.5
2625	107.6
2626	51.3
2627	95.4
2628	77.8
2629	102.9
2630	86.2
2631	82
2632	4.6
2633	89.9
2634	91.4
2635	83.7
2636	99.3
2637	102.7
2638	98.4
2639	82.7
2640	80
2641	108.3
2642	4.6
2643	106.7
2644	102.4
2645	106.1
2646	80
2647	68
2648	94.8
2649	97.7
2650	4.6
2651	102.4
2652	99.7
2653	88.8
2654	103.4
2655	83.6
2656	97.6
2657	67.4
2658	85.6
2659	97.8
2660	4.6
2661	101
2662	101.1
2663	97.6
2664	83.3
2665	99.8
2666	107.5
2667	64.9
2668	99.7
2669	92
2670	99.2
2671	94.6
2672	94.4
2673	64.4
2674	61.3
2675	97.2
2676	43.6
2677	101.8
2678	98.9
2679	101.4
2680	102.2
2681	104
2682	102.8
2683	89.2
2684	84
2685	87.8
2686	96.4
2687	93.3
2688	95.6
2689	100
2690	95.5
2691	102.8
2692	37.1
2693	95
2694	98.1
2695	101.3
2696	90.8
2697	96.5
2698	100.5
2699	68
2700	89.8
2701	55.1
2702	94.9
2703	81
2704	59.8
2705	84.6
2706	105.6
2707	44.5
2708	96.7
2709	91.8
2710	97.1
2711	102.2
2712	88.4
2713	88.4
2714	95.8
2715	75.9
2716	94.7
2717	98.2
2718	77.5
2719	97.7
2720	97.4
2721	81.1
2722	101
2723	92
2724	59.8
2725	96.9
2726	83.7
2727	90.5
2728	78.7
2729	86.9
2730	103
2731	87.9
2732	101.1
2733	99.5
2734	104.3
2735	80.3
2736	46.3
2737	78.4
2738	88.3
2739	79.4
2740	98.1
2741	88.7
2742	91.3
2743	78
2744	80.2
2745	66
2746	52.7
2747	76.9
2748	93.9
2749	84.1
2750	97.1
2751	78.8
2752	87.7
2753	82.5
2754	102.9
2755	89.8
2756	74.2
2757	83.7
2758	89.4
2759	73.9
2760	76.7
2761	74.7
2762	84.2
2763	60.4
2764	105.3
2765	101.8
2766	98.5
2767	54.5
2768	88.7
2769	75
2770	82.1
2771	95.9
2772	90.8
2773	51
2774	82.5
2775	106.6
2776	87.9
2777	97.4
2778	106.8
2779	86.1
2780	39.9
2781	86.3
2782	73.9
2783	95.9
2784	97.9
2785	60.8
2786	60.3
2787	94.6
2788	74.1
2789	105.7
2790	90.9
2791	103.2
2792	108.5
2793	82.1
2794	87.6
2795	72
2796	87.1
2797	87.7
2798	101.3
2799	84.4
2800	108.1
2801	107.1
2802	94.1
2803	70.9
2804	46.8
2805	107.9
2806	85.6
2807	90.8
2808	106.4
2809	98.7
2810	51.9
2811	109.4
2812	83.8
2813	92.9
2814	91.5
2815	110.4
2816	69.7
2817	80.9
2818	79.3
2819	95
2820	99.6
2821	101.9
2822	85.8
2823	93.6
2824	55.7
2825	80.4
2826	59.7
2827	42.1
2828	86.8
2829	60.4
2830	93
2831	104.6
2832	103.3
2833	75.4
2834	87
2835	94.6
2836	94.9
2837	96.2
2838	94.4
2839	106.2
2840	100.7
2841	106.3
2842	78.6
2843	82.1
2844	57
2845	80.1
2846	52.2
2847	110.2
2848	106.4
2849	104.8
2850	108.1
2851	73.6
2852	90
2853	92.5
2854	105.3
2855	89.7
2856	94.2
2857	90
2858	82.3
2859	87.1
2860	85.3
2861	103.4
2862	90.8
2863	60.7
2864	90.7
2865	107.2
2866	105.2
2867	91.1
2868	68.7
2869	88.8
2870	85.6
2871	105.1
2872	107.3
2873	102.4
2874	56.4
2875	90.3
2876	59
2877	91.9
2878	90.9
2879	60.3
2880	95.1
2881	94.1
2882	108.3
2883	88.2
2884	93
2885	69
2886	79.8
2887	64.7
2888	53.7
2889	62.3
2890	64.6
2891	106.4
2892	106.2
2893	91.5
2894	90.8
2895	110.5
2896	60.9
2897	104.7
2898	87.7
2899	91
2900	91.3
2901	65.9
2902	98.2
2903	110.9
2904	57.1
2905	89.2
2906	105.9
2907	75.5
2908	92.4
2909	107.2
2910	86.9
2911	102.1
2912	93.8
2913	107.4
2914	109.2
2915	60.4
2916	111.5
2917	64.9
2918	91.1
2919	75.5
2920	62.4
2921	103.2
2922	85.5
2923	86.1
2924	85.6
2925	105.1
2926	84.4
2927	54.4
2928	92.6
2929	77.5
2930	104.5
2931	96.3
2932	96.8
2933	97
2934	60.2
2935	93.1
2936	70.8
2937	83.5
2938	54.8
2939	94
2940	62.3
2941	84.9
2942	58.6
2943	105.9
2944	57.3
2945	95.1
2946	103.5
2947	90.7
2948	97.1
2949	91.9
2950	85.9
2951	96.5
2952	95
2953	106.1
2954	99.4
2955	112.4
2956	101.1
2957	77.4
2958	97.7
2959	68.2
2960	91
2961	95.8
2962	91
2963	87
2964	102.2
2965	85.2
2966	92.6
2967	108.7
2968	92.1
2969	64.7
2970	51.5
2971	91.4
2972	90.8
2973	52.4
2974	94.8
2975	103.3
2976	97.8
2977	75.7
2978	87.6
2979	98.5
2980	94.8
2981	105
2982	99.1
2983	93.1
2984	96.3
2985	97
2986	90.4
2987	87.2
2988	93.5
2989	52.3
2990	78.4
2991	105.6
2992	92.1
2993	96.9
2994	92.5
2995	95.7
2996	96.7
2997	97.7
2998	82.1
2999	99.9
3000	84.3
3001	70.2
3002	98.3
3003	86.8
3004	98
3005	79.4
3006	95.5
3007	99.9
3008	95
3009	99.3
3010	58.1
3011	95
3012	81.3
3013	98.7
3014	79.5
3015	88.2
3016	90.9
3017	107.4
3018	81.9
3019	87
3020	80.4
3021	96.8
3022	68.5
3023	94.8
3024	97.1
3025	78.6
3026	99.5
3027	99.8
3028	86.5
3029	100.2
3030	66.6
3031	90
3032	91.4
3033	86
3034	83.1
3035	82.8
3036	67.8
3037	83
3038	88.9
3039	86.8
3040	105.9
3041	110.1
3042	112.8
3043	102.9
3044	100.6
3045	105
3046	81.5
3047	87.9
3048	98.3
3049	82.2
3050	104.1
3051	109.7
3052	89.8
3053	107.8
3054	82.5
3055	87.3
3056	103.4
3057	86.2
3058	106.6
3059	93.3
3060	69.2
3061	69.9
3062	93.7
3063	104.6
3064	109
3065	68.8
3066	116.1
3067	72.6
3068	115.5
3069	77.2
3070	93.2
3071	90.1
3072	91.9
3073	71.4
3074	105.8
3075	83.3
3076	97.2
3077	97.3
3078	88.1
3079	103.5
3080	102.4
3081	87.2
3082	75.3
3083	107.7
3084	77.9
3085	89.8
3086	107.2
3087	114.4
3088	118.2
3089	110.7
3090	96.8
3091	86.9
3092	78.6
3093	94.9
3094	82.3
3095	65.6
3096	101.7
3097	78.6
3098	112.3
3099	79.9
3100	101.2
3101	63.2
3102	85.7
3103	106.4
3104	107.8
3105	79.5
3106	108.2
3107	106
3108	67.7
3109	82.2
3110	79.6
3111	116.1
3112	62.1
3113	113
3114	87.7
3115	80.4
3116	82
3117	91.1
3118	116
3119	119.5
3120	40.5
3121	118.8
3122	66.3
3123	109.1
3124	56
3125	90.3
3126	70.2
3127	40.8
3128	67.6
3129	74
3130	66.6
3131	112.8
3132	106.7
3133	114.9
3134	113.3
3135	65.3
3136	114.2
3137	53.5
3138	76.1
3139	119.7
3140	97.4
3141	66.4
3142	102
3143	115.2
3144	76.1
3145	54.1
3146	60
3147	54.9
3148	78.3
3149	63.5
3150	46.3
3151	119.5
3152	120.1
3153	108.3
3154	100.3
3155	31.3
3156	95
3157	92.8
3158	49.1
3159	100
3160	52.3
3161	118.2
3162	119.7
3163	71.5
3164	56.3
3165	52
3166	121
3167	50.2
3168	112.8
3169	63.1
3170	108
3171	71.4
3172	112
3173	68.8
3174	16.4
3175	104.1
3176	66.5
3177	72.6
3178	77.4
3179	65.7
3180	55.6
3181	44.9
3182	107
3183	107.7
3184	116.3
3185	116.3
3186	92
3187	102.2
3188	18.1
3189	87
3190	67.9
3191	64.8
3192	22.4
3193	72.4
3194	108.5
3195	119.1
3196	60.4
3197	43.9
3198	45.4
3199	102.2
3200	62.2
3201	70.7
3202	118
3203	109.8
3204	44.9
3205	107.4
3206	70.7
3207	81.7
3208	61.2
3209	50
3210	112.6
3211	111.9
3212	106.3
3213	66.3
3214	63
3215	73.9
3216	72.1
3217	80
3218	108.1
3219	110.5
3220	43
3221	75.4
3222	111.5
3223	64
3224	113
3225	75.2
3226	110.1
3227	78.3
3228	78.3
3229	53.8
3230	48.7
3231	67.2
3232	65
3233	68.9
3234	103.4
3235	113.8
3236	111.2
3237	65.2
3238	113.7
3239	50.9
3240	58.9
3241	73.9
3242	75.2
3243	109.8
3244	81.9
3245	78.7
3246	82.8
3247	46.9
3248	66.4
3249	66.2
3250	52.2
3251	108.2
3252	113.2
3253	82.7
3254	106.1
3255	67.5
3256	68.1
3257	108.1
3258	79.5
3259	79.2
3260	67.4
3261	52
3262	100.7
3263	68.5
3264	62.2
3265	68.8
3266	66.7
3267	77.9
3268	101.4
3269	107.4
3270	62.9
3271	56.1
3272	103.4
3273	59.3
3274	106.7
3275	67.6
3276	70.4
3277	64.3
3278	90.7
3279	72.1
3280	71
3281	77.6
3282	54.6
3283	84.3
3284	65.9
3285	59
3286	101.1
3287	68.1
3288	54
3289	67.9
3290	67.4
3291	98.3
3292	56.9
3293	56.7
3294	58.7
3295	75.5
3296	53.2
3297	77.9
3298	68.4
3299	69
3300	75.6
3301	74.7
3302	72.2
3303	98.3
3304	56.9
3305	90.6
3306	69.2
3307	72.3
3308	99.9
3309	72.1
3310	65.8
3311	54.5
3312	53.5
3313	72.4
3314	56.2
3315	65
3316	91.7
3317	64.3
3318	73.5
3319	43.8
3320	68.9
3321	67.9
3322	44.4
3323	54
3324	67.9
3325	69
3326	70.1
3327	45.5
3328	67
3329	72.1
3330	67.9
3331	74.9
3332	72.3
3333	70
3334	43.3
3335	91
3336	66.3
3337	43.4
3338	75.9
3339	53.7
3340	57.1
3341	78
3342	65.2
3343	67.1
3344	70.4
3345	34.1
3346	60.8
3347	69.4
3348	40.4
3349	61.8
3350	81
3351	60.7
3352	81.6
3353	69.4
3354	64.5
3355	72.1
3356	73.8
3357	62.7
3358	58.3
3359	69.3
3360	80.9
3361	68
3362	58.6
3363	66.7
3364	52.2
3365	67.3
3366	67.9
3367	68.4
3368	56.1
3369	62.9
3370	52.2
3371	69.4
3372	64.2
3373	65.8
3374	65.5
3375	59
3376	64.2
3377	60.1
3378	58.6
3379	65.3
3380	65.8
3381	66.8
3382	58.1
3383	67.5
3384	65.8
3385	67.9
3386	65.6
3387	64.2
3388	58.2
3389	67.7
3390	67.4
3391	66.7
3392	66.2
3393	62.6
3394	71.8
3395	67.9
3396	67.2
3397	71.6
3398	60.5
3399	55.8
3400	110
3401	107.2
3402	106.7
3403	95.6
3404	100.1
3405	96.2
3406	98.4
3407	97.3
3408	101.9
3409	100.7
3410	24.5
3411	25.4
3412	95.4
3413	93.4
3414	97.9
3415	93.5
3416	114
3417	98.9
3418	101
3419	97.3
3420	108.1
3421	96.2
3422	100
3423	91.5
3424	103.3
3425	100.2
3426	98.9
3427	116.7
3428	52.8
3429	108.5
3430	49.2
3431	93.6
3432	106
3433	110.1
3434	104.2
3435	107.4
3436	94
3437	102.6
3438	105.7
3439	100.8
3440	89.3
3441	101
3442	114.9
3443	96.9
3444	83.6
3445	101.9
3446	110.9
3447	107.3
3448	112.9
3449	99.8
3450	113.7
3451	99.3
3452	101.4
3453	85.4
3454	97.5
3455	100.3
3456	118.3
3457	100.3
3458	89.4
3459	106.9
3460	96.6
3461	117.4
3462	101.9
3463	105.8
3464	106.9
3465	101
3466	69.1
3467	93.9
3468	95.7
3469	65.8
3470	92.9
3471	99.4
3472	56.4
3473	98.6
3474	88.9
3475	105
3476	106.6
3477	98.6
3478	96.6
3479	100.3
3480	93.9
3481	102.9
3482	43.9
3483	55.7
3484	94.2
3485	69.3
3486	103.1
3487	1.1
3488	57.8
3489	100.5
3490	96
3491	93.5
3492	78.7
3493	81.2
3494	96
3495	91.8
3496	64.9
3497	60.4
3498	57.9
3499	91.6
3500	77.5
3501	71.5
3502	78.9
3503	75.3
3504	84.3
3505	85.8
3506	97.3
3507	83.8
3508	102.6
3509	76.3
3510	97.3
3511	100.7
3512	99
3513	96.6
3514	93.9
3515	104.4
3516	96.7
3517	90.5
3518	97.1
3519	102.6
3520	107.7
3521	105.9
3522	114.1
3523	99.5
3524	95.5
3525	96.4
3526	68.7
3527	94.9
3528	105.4
3529	87.7
3530	87.2
3531	111.7
3532	78.4
3533	107.4
3534	101.9
3535	92.7
3536	101.3
3537	68.3
3538	95
3539	98.1
3540	94.7
3541	101.5
3542	106
3543	100.6
3544	89.3
3545	92.4
3546	97.7
3547	89.4
3548	109.1
3549	97.1
3550	92
3551	95.4
3552	90
3553	91.2
3554	97.6
3555	109.3
3556	94.1
3557	58.1
3558	107.7
3559	50.7
3560	96
3561	80.8
3562	84.4
3563	102
3564	90.5
3565	96.3
3566	90.2
3567	100.5
3568	105.9
3569	115.1
3570	103.2
3571	106.2
3572	90.7
3573	110.1
3574	90.1
3575	102.1
3576	118.3
3577	112
3578	112.9
3579	77.2
3580	75.8
3581	64.2
3582	112.7
3583	72.1
3584	119.1
3585	78.4
3586	112.1
3587	65.9
3588	78.7
3589	63.6
3590	69.4
3591	88.9
3592	70.6
3593	64.1
3594	68
