"COMID"	"Value"
1	69.2
2	29
3	81.9
4	61.2
5	61.6
6	7.9
7	69.9
8	42
9	4.3
10	2.4
11	67
12	2.9
13	6.6
14	93.1
15	45.2
16	50.2
17	41
18	55.9
19	75.5
20	79.8
21	72.8
22	84.9
23	0.4
24	1.6
25	67.5
26	37.6
27	48.8
28	59.4
29	48.4
30	21.4
31	74.7
32	46.1
33	92.2
34	1
35	50.2
36	7.6
37	89
38	2.2
39	0.7
40	52
41	91.8
42	52.6
43	51.2
44	53.3
45	34.3
46	4.8
47	28.9
48	90
49	63.5
50	11.2
51	0.7
52	9.3
53	10.6
54	82.5
55	77.5
56	70.4
57	50
58	0.6
59	42.6
60	0.8
61	4.3
62	6.7
63	67.9
64	54.6
65	2.3
66	40.4
67	82.5
68	29.6
69	29.9
70	2.9
71	6.8
72	84.6
73	0.9
74	67.6
75	4.6
76	4
77	28.1
78	23.8
79	75.9
80	2.3
81	33.6
82	18.3
83	74.6
84	1.2
85	72.9
86	37.5
87	1.1
88	1.2
89	12.8
90	55.6
91	17.7
92	74.4
93	66
94	7.1
95	68.1
96	1.5
97	75.2
98	0.2
99	23.3
100	78.1
101	54.4
102	62.3
103	0.8
104	27.2
105	4.1
106	74.7
107	21.1
108	0.7
109	1.5
110	0.5
111	4.7
112	69.8
113	4.7
114	68.9
115	49
116	44
117	73.3
118	72.1
119	0.4
120	32.5
121	5.1
122	57.4
123	6.7
124	72.1
125	81.3
126	73.3
127	24.8
128	75.1
129	0.6
130	9.9
131	11.3
132	2.5
133	72.4
134	54.3
135	70.7
136	66.2
137	74.8
138	0.4
139	0.3
140	55.3
141	48.3
142	4
143	0.5
144	35.7
145	1.6
146	67.6
147	61
148	74.5
149	72.7
150	69.9
151	27.4
152	68.9
153	0.3
154	68.2
155	7.3
156	10.6
157	72.7
158	0.7
159	19.5
160	68.6
161	9
162	1.1
163	5.5
164	6.8
165	0.3
166	0.5
167	72.9
168	0.7
169	72.9
170	58.2
171	25.6
172	4.6
173	11.6
174	0.3
175	6.8
176	69.2
177	15.5
178	64.7
179	70.3
180	0.3
181	3
182	37.8
183	9.5
184	0.3
185	1.4
186	37.2
187	50.9
188	0.3
189	0.2
190	49.1
191	0.2
192	72.2
193	3.8
194	65
195	15
196	0.5
197	12.5
198	0.2
199	73.4
200	0.4
201	0.2
202	2.1
203	0.6
204	0.4
205	2.1
206	35.9
207	14.6
208	65.4
209	75.7
210	23.4
211	66.9
212	66.2
213	77.8
214	0.7
215	72.5
216	64.4
217	8.2
218	21.5
219	30.6
220	0.6
221	1.3
222	71.3
223	60.9
224	1.3
225	38.1
226	71.9
227	7.1
228	79.9
229	0.3
230	14.8
231	14.6
232	64
233	65.3
234	1.9
235	6.7
236	78.3
237	6.5
238	31.9
239	64.6
240	42.1
241	71.1
242	0.7
243	0.4
244	59.4
245	72.7
246	59.6
247	3.9
248	2.1
249	0.3
250	61
251	70.4
252	63.1
253	64
254	0.5
255	0.2
256	17.2
257	0.4
258	29.3
259	4.4
260	1.2
261	69.2
262	70.9
263	7.8
264	0.2
265	0.1
266	63.9
267	62.7
268	58.3
269	67.4
270	0.1
271	27.6
272	71.2
273	57.1
274	0.4
275	61.1
276	1.6
277	0.2
278	68.9
279	0.3
280	54.2
281	67.9
282	53
283	0.4
284	20.1
285	0.4
286	61.1
287	65.2
288	10.2
289	1.5
290	0.1
291	42.5
292	10.2
293	0.4
294	58.7
295	0.1
296	51.7
297	56.1
298	0.1
299	5.3
300	62
301	0.2
302	61.6
303	38.6
304	6.9
305	51.6
306	15.7
307	60.8
308	13.5
309	1.9
310	29.9
311	57.4
312	50.7
313	38.1
314	8.1
315	0.7
316	0.7
317	0.6
318	18
319	1.1
320	56.9
321	0.1
322	31.8
323	54
324	2.1
325	1.5
326	50.8
327	2
328	2
329	0.1
330	0.2
331	0.9
332	0.1
333	0.4
334	0.8
335	7.1
336	0.3
337	1.9
338	0.4
339	5.2
340	2.2
341	0.3
342	0.4
343	0.6
344	11
345	4.5
346	2
347	0.6
348	12.2
349	5.3
350	0.5
351	0.7
352	0.6
353	24.4
354	3.2
355	1.3
356	0.6
357	1.9
358	2.9
359	0.9
360	2.2
361	0.7
362	2.2
363	1.8
364	0.8
365	10.9
366	14.3
367	0.4
368	52.4
369	0.2
370	28.5
371	1.3
372	0.8
373	19.4
374	0.7
375	63
376	1.1
377	28.8
378	20.2
379	1.4
380	33.2
381	0.2
382	2.3
383	28.1
384	1.8
385	3.6
386	0.7
387	52.7
388	8.7
389	9.1
390	53.7
391	2.5
392	20.9
393	1.9
394	5
395	3
396	6.9
397	3.4
398	0.3
399	24.9
400	1.2
401	39.9
402	3.3
403	3.1
404	2.4
405	3.8
406	77.5
407	24.1
408	2.9
409	2.9
410	66.9
411	52.5
412	1
413	74.4
414	2
415	12.9
416	1.9
417	5.7
418	3.6
419	42.2
420	3.4
421	20.3
422	20.7
423	49.5
424	75.5
425	29.4
426	10.1
427	63
428	69.9
429	47.2
430	64.3
431	13.2
432	11.3
433	28.1
434	25
435	2.7
436	17.2
437	36.6
438	45.9
439	4.9
440	33.5
441	66.8
442	4.7
443	62.3
444	18.7
445	59.8
446	0.6
447	61.6
448	51.3
449	1
450	36.8
451	6.9
452	73.7
453	6.3
454	1
455	36.5
456	0.5
457	51.2
458	75.7
459	68.3
460	11.9
461	83.8
462	67.3
463	4.5
464	10.8
465	71.8
466	10.2
467	66.5
468	0.7
469	30.7
470	0.9
471	3.8
472	27.1
473	52.3
474	0.5
475	7
476	0.1
477	75.4
478	0.5
479	47.6
480	44.1
481	3.5
482	2
483	57
484	2.7
485	21
486	11.7
487	50.3
488	18.9
489	2.1
490	16
491	65
492	48.1
493	2.8
494	86.6
495	14.2
496	0.7
497	78.2
498	51
499	2.8
500	67.6
501	52.3
502	85.6
503	0.3
504	2
505	32.7
506	75.1
507	64.9
508	37.6
509	69.8
510	52.2
511	71.4
512	79.5
513	0.3
514	31.3
515	1.4
516	7.4
517	63.9
518	11.7
519	24.7
520	26.5
521	51.6
522	2.1
523	0.5
524	57.7
525	49.9
526	20.6
527	51.2
528	0.2
529	2
530	70.4
531	44.5
532	71
533	52.1
534	22
535	79.4
536	48
537	15.4
538	5.1
539	4.1
540	0.6
541	56.4
542	49.3
543	41.6
544	2.3
545	19.7
546	65.9
547	1.1
548	16.1
549	24.6
550	4.6
551	49.1
552	1.1
553	58.5
554	0.6
555	0.3
556	1.1
557	18.3
558	18
559	70.3
560	54.7
561	85.4
562	60.6
563	2
564	26.9
565	74.8
566	56.5
567	1
568	65.5
569	35.8
570	0.4
571	77.6
572	48.3
573	15.5
574	1.1
575	0.8
576	16.1
577	7.3
578	71.9
579	80.1
580	48
581	7.1
582	1.1
583	0.2
584	0.2
585	18.1
586	1.1
587	44.1
588	1.1
589	46.6
590	1.1
591	1.1
592	87.1
593	37.9
594	38.7
595	1.1
596	0.3
597	0.6
598	4.5
599	46.8
600	29.8
601	7.6
602	1.3
603	45
604	1.1
605	4.7
606	1.1
607	1.3
608	18.8
609	11.7
610	0.4
611	41
612	12.1
613	1.1
614	61.9
615	20.1
616	7.8
617	68.3
618	30.6
619	54.9
620	35.5
621	1.1
622	73.2
623	75.4
624	69.6
625	1.5
626	2.2
627	51.7
628	5.1
629	52.9
630	66
631	0.8
632	40.4
633	44.7
634	1.6
635	70.4
636	49
637	56.9
638	1.1
639	29.5
640	20
641	69.1
642	5.1
643	77.7
644	12.4
645	37.1
646	53.7
647	0.7
648	53
649	74.8
650	0.8
651	73.5
652	9.4
653	1.3
654	1.1
655	1.8
656	13.8
657	78.5
658	56.7
659	78.4
660	22.2
661	38.6
662	44.3
663	76.2
664	0.7
665	1
666	0.6
667	18.7
668	67.3
669	39.3
670	0.6
671	0.5
672	0.6
673	51.5
674	23.9
675	83.1
676	76.1
677	74.2
678	32.6
679	5.2
680	5.7
681	56.4
682	64.1
683	74.7
684	75.8
685	0.5
686	77
687	1.9
688	82
689	0.4
690	63.8
691	19.5
692	83.9
693	25.3
694	22
695	19.6
696	81.1
697	3.6
698	75.8
699	52.4
700	76.4
701	22.5
702	85.1
703	77.8
704	42.9
705	69.6
706	23.4
707	75.4
708	80.8
709	72.1
710	78.3
711	11.6
712	40
713	74.7
714	12.7
715	71.6
716	8.7
717	43.8
718	81.2
719	69.8
720	74.5
721	0.6
722	71
723	83.6
724	62.9
725	0.5
726	3.3
727	16.8
728	70
729	14
730	77.3
731	26.5
732	15.6
733	70.3
734	66.4
735	43.8
736	22.6
737	49.6
738	69.3
739	56.1
740	66.2
741	65.2
742	53
743	76.3
744	7
745	1.8
746	63.4
747	78.2
748	0.3
749	80.7
750	7.7
751	53.6
752	72.5
753	81.8
754	83
755	82.1
756	45.9
757	75
758	70.2
759	0.7
760	57.5
761	1.4
762	57.1
763	78
764	74.6
765	76.2
766	7.6
767	72.8
768	66.3
769	91.7
770	63
771	60.7
772	75.8
773	41.4
774	40.8
775	14.3
776	18.4
777	63.9
778	46.7
779	3.9
780	93
781	76.8
782	99.4
783	109.3
784	102.4
785	109.2
786	107.6
787	105.6
788	82
789	86.2
790	111.5
791	103.7
792	110.5
793	107.6
794	108.6
795	101
796	95.9
797	102.2
798	97.4
799	108.7
800	110.1
801	101.4
802	100.8
803	108.9
804	78.7
805	99.7
806	99.9
807	68.2
808	104.5
809	100.2
810	110.4
811	102.5
812	111.9
813	103.1
814	104.4
815	106.7
816	106.9
817	77
818	110.2
819	111.3
820	103
821	88.8
822	101.4
823	106
824	109.7
825	91.6
826	104.3
827	102.6
828	104.4
829	97
830	106.4
831	86.3
832	103.9
833	90.8
834	98.3
835	97.9
836	103.2
837	64.7
838	97.4
839	94.9
840	101.1
841	93
842	92.2
843	40.6
844	96.3
845	92.3
846	101.3
847	100.9
848	96.1
849	96.2
850	107.7
851	106.8
852	83.8
853	100.4
854	105.1
855	102.3
856	93.6
857	92.8
858	106.9
859	89.1
860	90.9
861	105.1
862	21.4
863	98.4
864	90.5
865	103.8
866	90.4
867	78
868	105.2
869	92.7
870	60.6
871	88.7
872	90.9
873	26.6
874	103.1
875	98.6
876	95.5
877	101.8
878	101.6
879	107.4
880	91.3
881	94.2
882	100.6
883	72.9
884	104.2
885	102.6
886	15.3
887	89.7
888	91.9
889	105.4
890	100.5
891	101.9
892	95.1
893	98.4
894	18.3
895	106.7
896	106.2
897	102.2
898	95
899	98.2
900	99.7
901	94.4
902	102.7
903	105.9
904	103.3
905	94.9
906	99.5
907	103.1
908	91.1
909	103.5
910	26.4
911	102.6
912	100
913	102.6
914	93.7
915	31.3
916	96.5
917	106.6
918	94.8
919	99.6
920	103.6
921	73.8
922	101.1
923	41.9
924	93.2
925	106.9
926	101.3
927	103.3
928	110.1
929	95.9
930	96.3
931	102.5
932	121
933	94.8
934	28.3
935	104.6
936	101.9
937	104
938	107.5
939	103.4
940	98.4
941	90.3
942	103.7
943	24.1
944	104.2
945	97.5
946	106.9
947	26.1
948	96.3
949	97.5
950	101.2
951	102.7
952	99.7
953	114.2
954	119
955	99.2
956	103.1
957	100.9
958	116.1
959	98.6
960	96.8
961	103.1
962	98.6
963	96
964	16.9
965	94.5
966	103.8
967	16.6
968	99.3
969	103.6
970	56.3
971	101.4
972	96.7
973	97.5
974	98.9
975	103.1
976	106.6
977	103.7
978	113.4
979	104.8
980	106.2
981	93
982	99.6
983	99.9
984	104
985	104.3
986	102.6
987	114.7
988	104.2
989	100.5
990	32.5
991	96.5
992	71.3
993	107
994	97.5
995	106.3
996	101
997	105
998	117.9
999	96.6
1000	15.6
1001	120.9
1002	107.3
1003	32.9
1004	99.8
1005	115.9
1006	104.8
1007	18
1008	117.1
1009	63.2
1010	101.8
1011	99.4
1012	103.9
1013	118.9
1014	104.1
1015	117.2
1016	22.2
1017	107.1
1018	118.1
1019	119.8
1020	103.7
1021	100.8
1022	101.6
1023	102.9
1024	105.9
1025	108.8
1026	104.4
1027	100.2
1028	98.4
1029	116
1030	106.5
1031	19.7
1032	31.8
1033	115.7
1034	95.7
1035	97
1036	95.2
1037	104.1
1038	100.1
1039	113.9
1040	115.7
1041	112.1
1042	114.9
1043	21.4
1044	111.7
1045	115.9
1046	116.7
1047	104.3
1048	104.2
1049	100.9
1050	20.1
1051	93.8
1052	97.8
1053	115.4
1054	99.4
1055	102.3
1056	102.3
1057	105.2
1058	93.1
1059	115.5
1060	95.8
1061	20
1062	109.7
1063	104
1064	108.1
1065	110.9
1066	103.6
1067	113.8
1068	112.9
1069	109.6
1070	100.4
1071	98
1072	113.3
1073	110.7
1074	98
1075	69.7
1076	101.1
1077	111.9
1078	112.4
1079	103.9
1080	115.4
1081	111.8
1082	100.5
1083	114.2
1084	105.5
1085	101.5
1086	98.6
1087	19
1088	114.8
1089	114.7
1090	99.5
1091	104.6
1092	107.8
1093	114
1094	109
1095	119.6
1096	120.6
1097	106.9
1098	118.3
1099	69.3
1100	18.2
1101	108.8
1102	95.4
1103	115
1104	106.7
1105	115.3
1106	115.4
1107	116.7
1108	112.5
1109	103.2
1110	106.9
1111	111.5
1112	99
1113	105.6
1114	104
1115	118.9
1116	110.2
1117	99.8
1118	118.9
1119	107.3
1120	117.3
1121	114.5
1122	116
1123	116.2
1124	101.2
1125	112.5
1126	106
1127	114
1128	99
1129	103.2
1130	115.4
1131	110.8
1132	101.8
1133	98.3
1134	106.4
1135	102.1
1136	110.2
1137	110.8
1138	106.9
1139	111.1
1140	103.1
1141	117.9
1142	108.5
1143	101.8
1144	118
1145	111.9
1146	112.1
1147	112.5
1148	101.4
1149	112.2
1150	115.8
1151	115.1
1152	101.6
1153	105.4
1154	15.4
1155	106.5
1156	103.1
1157	114.1
1158	112.9
1159	76.7
1160	117.3
1161	107
1162	114.5
1163	117.4
1164	110.9
1165	105.1
1166	104.7
1167	98.1
1168	103.5
1169	100.6
1170	107.1
1171	117.4
1172	90.5
1173	116.4
1174	100.9
1175	113
1176	63.1
1177	107
1178	112.8
1179	113.7
1180	115.7
1181	117.3
1182	117.1
1183	106.5
1184	107.9
1185	106.4
1186	101.1
1187	113.9
1188	111.4
1189	118.4
1190	116
1191	106
1192	112
1193	97.5
1194	117.8
1195	112.8
1196	115.5
1197	107
1198	107.4
1199	102.9
1200	23.4
1201	115.2
1202	116.4
1203	101.7
1204	115.4
1205	119.4
1206	110.1
1207	109.2
1208	116.4
1209	114.1
1210	98.3
1211	99.5
1212	104.9
1213	83.7
1214	101.6
1215	117.4
1216	102.4
1217	100.9
1218	109.8
1219	115.8
1220	98.5
1221	114.9
1222	119.3
1223	121.1
1224	113.2
1225	109.9
1226	95.6
1227	102.4
1228	116.7
1229	122.2
1230	101.3
1231	112.1
1232	100
1233	117.7
1234	117.6
1235	116.8
1236	111.4
1237	98.3
1238	95.9
1239	114
1240	114.5
1241	103.2
1242	100.4
1243	114.9
1244	115.8
1245	106.3
1246	97.2
1247	74.3
1248	34.4
1249	114.7
1250	101.3
1251	115.4
1252	103.2
1253	122.6
1254	112.9
1255	107.1
1256	101.6
1257	122.5
1258	120.7
1259	115.8
1260	108.4
1261	103.7
1262	116.9
1263	118.1
1264	122
1265	112.5
1266	95.5
1267	108
1268	102.8
1269	38.6
1270	97.6
1271	121.2
1272	109.1
1273	122.2
1274	98.5
1275	113.3
1276	101.9
1277	100.6
1278	100.5
1279	28.9
1280	114.7
1281	115.6
1282	115.9
1283	110.9
1284	45.3
1285	123
1286	112
1287	117.5
1288	111.5
1289	103.7
1290	114.4
1291	115.5
1292	119
1293	24
1294	117.5
1295	105.4
1296	120.2
1297	45.7
1298	94.9
1299	118.6
1300	119.4
1301	109.5
1302	112.3
1303	120.3
1304	46.7
1305	112
1306	107.6
1307	106.7
1308	117.8
1309	109.6
1310	101
1311	99.9
1312	93.8
1313	113.7
1314	104.8
1315	113.1
1316	110.4
1317	104.6
1318	120.2
1319	104.8
1320	106.5
1321	123
1322	111.3
1323	113.4
1324	121
1325	105
1326	114.8
1327	125.7
1328	97.8
1329	44.9
1330	114.7
1331	101.9
1332	22.9
1333	70.9
1334	98.7
1335	116.3
1336	104.4
1337	117.9
1338	117.4
1339	117.9
1340	121.8
1341	101.1
1342	99.6
1343	112.4
1344	117.3
1345	116.7
1346	117.1
1347	101.1
1348	102.5
1349	114.9
1350	108.5
1351	103.9
1352	42.2
1353	99.8
1354	121.7
1355	104.9
1356	34.7
1357	79.8
1358	103.1
1359	122.1
1360	117.5
1361	115.3
1362	101.9
1363	116.8
1364	110
1365	113.1
1366	122.9
1367	117.5
1368	103.8
1369	127.1
1370	117.5
1371	120.5
1372	116.9
1373	98.8
1374	110.1
1375	100.6
1376	40.7
1377	120.6
1378	124
1379	124.2
1380	111.7
1381	114
1382	101.3
1383	116.3
1384	119.3
1385	37.6
1386	107.7
1387	122.2
1388	127.5
1389	129
1390	103.9
1391	117.3
1392	111.5
1393	118.4
1394	109.1
1395	114.5
1396	114.6
1397	111.1
1398	117.7
1399	112.9
1400	79.4
1401	118.9
1402	116.8
1403	101.3
1404	122.5
1405	108
1406	125.2
1407	115.1
1408	117.5
1409	104
1410	111.9
1411	92.7
1412	110.6
1413	101.8
1414	120.4
1415	104.6
1416	98.7
1417	125.2
1418	102
1419	123.4
1420	124.8
1421	123.3
1422	109
1423	62.1
1424	112
1425	113.1
1426	92.4
1427	124.6
1428	123.5
1429	122.3
1430	102.2
1431	101.4
1432	124.1
1433	98.6
1434	117.3
1435	103.1
1436	114.4
1437	118.8
1438	123.2
1439	124.9
1440	99.9
1441	98.9
1442	117.1
1443	84.4
1444	119.8
1445	119.9
1446	107
1447	114.1
1448	101.2
1449	119.5
1450	124.8
1451	119.1
1452	113.6
1453	104.6
1454	60
1455	111.8
1456	116.4
1457	100
1458	108.3
1459	125.9
1460	121.8
1461	99.3
1462	111
1463	128.2
1464	128.2
1465	128.2
1466	114.8
1467	118.4
1468	114.3
1469	106.1
1470	103.4
1471	118
1472	117.8
1473	116.4
1474	114.8
1475	106.7
1476	114.9
1477	126.7
1478	104.9
1479	113.9
1480	118.3
1481	102.8
1482	98.7
1483	125.3
1484	122.8
1485	60.5
1486	125
1487	124.6
1488	103.2
1489	102.7
1490	118.8
1491	78.3
1492	107.4
1493	108
1494	108.5
1495	117.2
1496	98.8
1497	99.8
1498	120.1
1499	105.1
1500	117.4
1501	108.2
1502	109.9
1503	124.8
1504	119.2
1505	101
1506	97.1
1507	124.7
1508	125.7
1509	61.7
1510	113.4
1511	123.5
1512	121.8
1513	101.8
1514	126.7
1515	125.8
1516	125.4
1517	107.5
1518	122.5
1519	112.3
1520	112.3
1521	118.2
1522	121.5
1523	118.8
1524	121.7
1525	123.5
1526	114.7
1527	103.7
1528	110.5
1529	113.2
1530	102.7
1531	128.5
1532	121
1533	124.3
1534	104.2
1535	37.4
1536	103
1537	122.1
1538	51.9
1539	120.6
1540	124.6
1541	113
1542	122.6
1543	105.7
1544	120.7
1545	109.7
1546	46
1547	90.4
1548	106.5
1549	112.4
1550	118.8
1551	119.8
1552	102.1
1553	105.6
1554	75.5
1555	110.3
1556	115.9
1557	123.8
1558	118.1
1559	104.2
1560	122.1
1561	120.2
1562	122.1
1563	125.6
1564	108.6
1565	82.4
1566	124.5
1567	118.2
1568	123.5
1569	107.8
1570	105.8
1571	109
1572	118.4
1573	103.1
1574	123.6
1575	98.4
1576	121
1577	107.1
1578	118.7
1579	117
1580	102
1581	109.1
1582	107.4
1583	112.2
1584	44.2
1585	104.2
1586	105
1587	121
1588	109.4
1589	126.5
1590	117.1
1591	117.1
1592	110.6
1593	125.9
1594	108.1
1595	108.7
1596	105.5
1597	113.4
1598	110
1599	114.9
1600	113.2
1601	65.1
1602	102.8
1603	112.7
1604	103
1605	126.4
1606	115.4
1607	116.5
1608	111.9
1609	112.3
1610	110.4
1611	127
1612	112.8
1613	111.6
1614	108.3
1615	119.7
1616	101.7
1617	114.1
1618	98
1619	122.7
1620	116.5
1621	107.3
1622	122.6
1623	113.7
1624	104.3
1625	96.6
1626	121.7
1627	117.8
1628	94.3
1629	110.5
1630	126.6
1631	73.7
1632	103.8
1633	112.7
1634	103.7
1635	103.9
1636	106.8
1637	112.2
1638	88.7
1639	116.9
1640	116.8
1641	99.1
1642	106.2
1643	100.3
1644	123
1645	102
1646	102.8
1647	108.4
1648	120.8
1649	125.5
1650	112.8
1651	124.5
1652	100.4
1653	111.3
1654	116.6
1655	114.4
1656	126.5
1657	101.9
1658	107.7
1659	106.1
1660	97.3
1661	125
1662	115.3
1663	100.9
1664	119.3
1665	107.7
1666	122
1667	112.9
1668	104.1
1669	111.8
1670	128.1
1671	113
1672	111.5
1673	123
1674	103.5
1675	99.3
1676	123
1677	126.5
1678	109.8
1679	107.8
1680	119.2
1681	109.8
1682	106.4
1683	107.1
1684	97.1
1685	107.1
1686	68.4
1687	106.1
1688	97.1
1689	122.6
1690	125.6
1691	131.8
1692	114.3
1693	117.5
1694	110.1
1695	125.1
1696	116.4
1697	121.1
1698	111.2
1699	118.6
1700	80.2
1701	113.9
1702	115.3
1703	114.7
1704	112.3
1705	113.1
1706	99.9
1707	109.8
1708	106.9
1709	93.4
1710	122.2
1711	115.9
1712	112.2
1713	107.2
1714	104.7
1715	122.2
1716	106
1717	98.5
1718	123.7
1719	69.3
1720	107.3
1721	112.2
1722	104.4
1723	106.4
1724	106.4
1725	104.1
1726	111.5
1727	118.6
1728	106.4
1729	120.4
1730	107.8
1731	121.8
1732	98.5
1733	98.8
1734	126
1735	117.6
1736	115.7
1737	94.3
1738	104.3
1739	93.4
1740	113.1
1741	121.5
1742	118
1743	105.4
1744	105
1745	105
1746	107.8
1747	108.1
1748	108.7
1749	75.2
1750	61.3
1751	102.4
1752	102.7
1753	104.6
1754	102.7
1755	101.6
1756	95.6
1757	113.5
1758	109.8
1759	105.8
1760	93.3
1761	104.9
1762	82.7
1763	106.5
1764	99.3
1765	117.7
1766	104.6
1767	104.4
1768	115.5
1769	102.1
1770	113.5
1771	87.4
1772	115.5
1773	107.5
1774	98.5
1775	59.9
1776	102
1777	103.8
1778	108.9
1779	114.7
1780	115.7
1781	103.5
1782	104.1
1783	99.2
1784	106.1
1785	105.1
1786	108.2
1787	115.1
1788	117.8
1789	106.2
1790	110.2
1791	74.5
1792	105.3
1793	96.7
1794	64.3
1795	104.5
1796	118.5
1797	109.3
1798	104.3
1799	108.8
1800	90.9
1801	110.7
1802	93.4
1803	115.2
1804	108.3
1805	110.3
1806	114.1
1807	103.9
1808	105.8
1809	116.3
1810	123.8
1811	107
1812	105.2
1813	121.2
1814	100.6
1815	105.3
1816	105.1
1817	94.7
1818	107.4
1819	114.7
1820	117.9
1821	97.8
1822	112.6
1823	111.4
1824	107.6
1825	114.3
1826	100.4
1827	106.2
1828	108.9
1829	104.9
1830	116.3
1831	102.5
1832	110.8
1833	98.8
1834	108.4
1835	108.7
1836	110.2
1837	54.2
1838	103.7
1839	114.8
1840	91.1
1841	94.9
1842	103.4
1843	119.5
1844	110.9
1845	104.4
1846	47.2
1847	96.2
1848	115.8
1849	115.8
1850	114.4
1851	105.6
1852	107.9
1853	109.6
1854	111.9
1855	109
1856	96.5
1857	108.6
1858	109.2
1859	102
1860	82.5
1861	106.6
1862	102.7
1863	95.6
1864	110.9
1865	93.8
1866	118.1
1867	104.9
1868	111.3
1869	95.9
1870	52
1871	106.4
1872	104
1873	105.4
1874	118.2
1875	105
1876	91.8
1877	106.5
1878	92.9
1879	118.2
1880	115.4
1881	110.5
1882	101.3
1883	119.3
1884	106.7
1885	107.2
1886	86
1887	101.2
1888	111.2
1889	113.5
1890	114.1
1891	50.4
1892	109.6
1893	109.4
1894	108.4
1895	106
1896	108.3
1897	106.4
1898	116
1899	107.1
1900	108.5
1901	113.5
1902	105.6
1903	113.3
1904	114
1905	107.7
1906	97.9
1907	42.9
1908	73.2
1909	40.7
1910	39.8
1911	111.9
1912	107.6
1913	99.7
1914	100.4
1915	96
1916	105.5
1917	106.2
1918	69.5
1919	100.3
1920	101.6
1921	115.1
1922	96.6
1923	104.7
1924	99.4
1925	113.9
1926	102.6
1927	111.2
1928	103.4
1929	36.4
1930	107.2
1931	42.6
1932	73.5
1933	103.8
1934	98.4
1935	105.8
1936	114.9
1937	98.1
1938	94.7
1939	102.7
1940	101.6
1941	111.3
1942	101.4
1943	100.8
1944	112.4
1945	36.6
1946	99.5
1947	97.9
1948	34.6
1949	106.5
1950	1.1
1951	108.7
1952	54.2
1953	56
1954	102.4
1955	95.5
1956	112.8
1957	110
1958	104.9
1959	90.9
1960	106.5
1961	104.7
1962	105.7
1963	98.9
1964	103.5
1965	112
1966	1.1
1967	38.6
1968	101
1969	102.7
1970	117.4
1971	114.5
1972	99.8
1973	97.7
1974	116.5
1975	55.7
1976	93.7
1977	53.5
1978	112.7
1979	1.1
1980	106.1
1981	113.6
1982	1.1
1983	114.4
1984	111.1
1985	73
1986	98.5
1987	111.5
1988	65.5
1989	1.1
1990	1.1
1991	103
1992	110.7
1993	88.3
1994	119
1995	109.5
1996	97.5
1997	86.1
1998	114.3
1999	112.7
2000	85.6
2001	108.2
2002	94.8
2003	94.8
2004	94.1
2005	98.1
2006	97.9
2007	113.7
2008	62.3
2009	113.6
2010	85.6
2011	1.1
2012	96.9
2013	95.4
2014	1.1
2015	97.5
2016	99.3
2017	110.9
2018	89.4
2019	95.7
2020	101.3
2021	80.5
2022	83.6
2023	55.1
2024	1.1
2025	123.2
2026	93.6
2027	61.4
2028	114.3
2029	110.6
2030	111.6
2031	97.9
2032	72.1
2033	109
2034	114.2
2035	66.6
2036	1.1
2037	110.9
2038	1.1
2039	94.8
2040	98.7
2041	1.1
2042	67.4
2043	108
2044	111.6
2045	102.8
2046	96.6
2047	75.4
2048	98.8
2049	111.9
2050	112.5
2051	59.9
2052	108.7
2053	68.7
2054	74.6
2055	99.6
2056	109.5
2057	92.6
2058	1.1
2059	94.9
2060	82.9
2061	76.1
2062	124.1
2063	96
2064	59.7
2065	103.4
2066	110.2
2067	84.8
2068	107.2
2069	114.4
2070	98.1
2071	84
2072	113.6
2073	98.6
2074	107.1
2075	113.6
2076	1.1
2077	90
2078	105.2
2079	100.7
2080	97.9
2081	107.4
2082	107.6
2083	52.2
2084	98.1
2085	113.3
2086	77.5
2087	98.3
2088	124.9
2089	92.9
2090	114.6
2091	71.2
2092	95.1
2093	101.3
2094	97.8
2095	51.5
2096	98.1
2097	70.6
2098	84.3
2099	118.5
2100	105.2
2101	108.4
2102	97.2
2103	88
2104	76.9
2105	105.1
2106	98.1
2107	106.7
2108	89.2
2109	105.4
2110	106.5
2111	83.1
2112	1.1
2113	91.8
2114	98
2115	89.6
2116	88.7
2117	90.1
2118	103.9
2119	74.3
2120	101
2121	62
2122	101.8
2123	107.1
2124	90.5
2125	79.8
2126	106.3
2127	58.9
2128	98.8
2129	77.3
2130	106.3
2131	92.5
2132	101
2133	95
2134	106.3
2135	57.9
2136	104.6
2137	59.8
2138	66.1
2139	80.4
2140	80.8
2141	94.1
2142	79.1
2143	91.7
2144	103.9
2145	82.3
2146	52.2
2147	53.2
2148	102.3
2149	103.2
2150	88.5
2151	90.6
2152	103.2
2153	110.6
2154	103
2155	81.1
2156	82.2
2157	96.6
2158	57.2
2159	54
2160	114.7
2161	87.7
2162	112
2163	79.9
2164	90.8
2165	63.8
2166	83.5
2167	83.4
2168	108.3
2169	102.1
2170	84.8
2171	110.1
2172	86.3
2173	98.8
2174	80.1
2175	52.3
2176	97.2
2177	110
2178	77.9
2179	93.6
2180	70.6
2181	106.1
2182	106.6
2183	87.6
2184	82.5
2185	77.3
2186	64
2187	57.4
2188	77.3
2189	93.9
2190	67.2
2191	98.5
2192	75
2193	84.6
2194	102.9
2195	61.6
2196	86.6
2197	93.8
2198	72.2
2199	113.2
2200	81.7
2201	53.8
2202	63.3
2203	102.4
2204	83.4
2205	110.8
2206	76.6
2207	64.3
2208	62.1
2209	103
2210	111.9
2211	105.3
2212	65.2
2213	105.7
2214	83.4
2215	73.4
2216	62.4
2217	93.2
2218	80.3
2219	95.6
2220	58.4
2221	69.6
2222	111.6
2223	77
2224	104.7
2225	83
2226	65.2
2227	109.8
2228	97.5
2229	105
2230	63.6
2231	75.8
2232	91.3
2233	89.3
2234	92.2
2235	98.6
2236	91.7
2237	104.8
2238	102.7
2239	61.9
2240	102.6
2241	85.5
2242	100.4
2243	105.8
2244	101.6
2245	99.3
2246	82.4
2247	101.8
2248	112.7
2249	89.4
2250	86.8
2251	53.4
2252	110.1
2253	98.1
2254	58.4
2255	99.1
2256	84.3
2257	66
2258	87.9
2259	114.8
2260	98.9
2261	95.2
2262	93.8
2263	114.3
2264	107.9
2265	114.9
2266	100.4
2267	105.3
2268	95.2
2269	66.6
2270	110.1
2271	75.3
2272	97.5
2273	66
2274	103
2275	103.7
2276	73.6
2277	104.1
2278	108.7
2279	92.5
2280	100.1
2281	114
2282	111.5
2283	74.3
2284	110.2
2285	114.9
2286	100.2
2287	55
2288	80.4
2289	97.1
2290	100.6
2291	96.5
2292	118.2
2293	70.9
2294	84
2295	103.4
2296	109.1
2297	104.7
2298	94.2
2299	54.5
2300	98.5
2301	112.6
2302	109.3
2303	106.2
2304	106.8
2305	95.2
2306	108.4
2307	116.6
2308	102.8
2309	103.9
2310	108.9
2311	123
2312	116.9
2313	114.4
2314	105.9
2315	129.8
2316	90.3
2317	111.2
2318	85.7
2319	91.8
2320	109.1
2321	88.8
2322	111.6
2323	105.2
2324	112.5
2325	105.6
2326	103.2
2327	105.5
2328	94.7
2329	111.1
2330	124.9
2331	126.6
2332	91.9
2333	118.3
2334	83.2
2335	131.6
2336	104.3
2337	123.6
2338	110.1
2339	86.7
2340	115
2341	107
2342	124.1
2343	92.6
2344	121.4
2345	112.1
2346	107.8
2347	103.7
2348	121.7
2349	103.7
2350	117.8
2351	79.9
2352	112.7
2353	106.2
2354	125.7
2355	111.3
2356	118.3
2357	127.4
2358	74
2359	113.5
2360	110
2361	110.8
2362	100
2363	108.6
2364	86.5
2365	106.2
2366	121.4
2367	127.3
2368	108.6
2369	70.1
2370	115.6
2371	121.7
2372	101.9
2373	106
2374	68.9
2375	125
2376	127.1
2377	108.6
2378	107.9
2379	105.2
2380	105.8
2381	100.6
2382	102.7
2383	128.7
2384	128.3
2385	64.8
2386	118.9
2387	115.3
2388	105
2389	113.4
2390	75.1
2391	96.5
2392	114.5
2393	131.9
2394	117.5
2395	77.7
2396	106.3
2397	127.9
2398	61.4
2399	107.5
2400	128.6
2401	105.7
2402	114.4
2403	100.1
2404	69.8
2405	98.4
2406	94.9
2407	123.5
2408	103.8
2409	101.8
2410	107.4
2411	110.2
2412	109.3
2413	126
2414	76.4
2415	111.5
2416	100.9
2417	99
2418	110.1
2419	101.3
2420	113.4
2421	134.1
2422	88
2423	95.4
2424	107.5
2425	56.4
2426	123.9
2427	113.6
2428	107.1
2429	135.2
2430	131
2431	103.9
2432	109.5
2433	116.2
2434	69.8
2435	111.2
2436	109.9
2437	54.6
2438	103.1
2439	107.1
2440	105.3
2441	131.1
2442	94
2443	99.9
2444	117.9
2445	106.8
2446	59
2447	106.1
2448	127.9
2449	130.6
2450	122.9
2451	99.7
2452	101.6
2453	130.9
2454	121.3
2455	119
2456	115.3
2457	121.2
2458	98.4
2459	106.1
2460	48.2
2461	121.2
2462	100.1
2463	53.8
2464	129.7
2465	132.3
2466	120.3
2467	89.4
2468	100.6
2469	108.6
2470	122
2471	101.1
2472	112.4
2473	56.6
2474	103.6
2475	98.9
2476	133.5
2477	104.5
2478	100.7
2479	133.6
2480	106.7
2481	87
2482	44.4
2483	133.3
2484	120.6
2485	104
2486	103.4
2487	124.1
2488	102.9
2489	124.9
2490	116.9
2491	50.3
2492	117.8
2493	126.5
2494	101.5
2495	100.7
2496	51.4
2497	96.8
2498	99.8
2499	52
2500	124.2
2501	101.6
2502	101.3
2503	110
2504	94.2
2505	114.5
2506	104.1
2507	123.5
2508	109.5
2509	133.8
2510	108
2511	4.6
2512	113.4
2513	102.4
2514	100.2
2515	100.2
2516	107.4
2517	59.5
2518	78.3
2519	104.2
2520	124.5
2521	99.4
2522	4.6
2523	59.2
2524	119.9
2525	77.9
2526	99.5
2527	98.7
2528	96.3
2529	101
2530	94
2531	95.6
2532	97.1
2533	118.3
2534	86.2
2535	97.1
2536	116.4
2537	86.7
2538	4.6
2539	129.8
2540	114.4
2541	117.8
2542	115.6
2543	101.3
2544	91.9
2545	114.7
2546	106.1
2547	103.6
2548	115.1
2549	105.5
2550	119.4
2551	78
2552	131.7
2553	93.9
2554	124
2555	98.7
2556	100.2
2557	102
2558	99.6
2559	93
2560	4.6
2561	95
2562	129.3
2563	117.3
2564	122.9
2565	113.9
2566	62.4
2567	108.4
2568	4.6
2569	102.3
2570	75
2571	73.9
2572	111.8
2573	82.4
2574	105.1
2575	87.6
2576	99.5
2577	95.2
2578	102.6
2579	98
2580	110.4
2581	121.5
2582	131.6
2583	114.6
2584	115.8
2585	4.6
2586	128.4
2587	97
2588	101.8
2589	99.7
2590	97.2
2591	101.3
2592	93.8
2593	87.7
2594	65.6
2595	115.5
2596	4.6
2597	98.8
2598	126.6
2599	102
2600	93.7
2601	96.6
2602	119.8
2603	90.3
2604	130.2
2605	105.6
2606	108.4
2607	4.6
2608	86.8
2609	113.9
2610	75.3
2611	108.5
2612	90.2
2613	95.2
2614	124.2
2615	82.2
2616	107.6
2617	4.6
2618	107.7
2619	115.8
2620	121.3
2621	60.2
2622	101.9
2623	4.6
2624	94.1
2625	126.4
2626	48.5
2627	104.1
2628	83.1
2629	112.5
2630	102.1
2631	94.3
2632	4.6
2633	98.9
2634	103.1
2635	94.8
2636	112
2637	115.5
2638	113.9
2639	92.1
2640	87.5
2641	126.5
2642	4.6
2643	124.5
2644	115.4
2645	123.1
2646	89.5
2647	63.9
2648	102.1
2649	112.5
2650	4.6
2651	113.3
2652	118.2
2653	105.6
2654	117.5
2655	95.5
2656	108.6
2657	62
2658	98.2
2659	111.2
2660	4.6
2661	118.4
2662	116.7
2663	115.3
2664	94.8
2665	117.5
2666	126.2
2667	70.1
2668	120.3
2669	106.3
2670	114.3
2671	109.7
2672	100.7
2673	58.5
2674	56.4
2675	113
2676	41.1
2677	118
2678	112.9
2679	117.4
2680	123.3
2681	119.2
2682	122
2683	103
2684	95.9
2685	102.7
2686	110.5
2687	99.3
2688	113.9
2689	116.7
2690	114.9
2691	120.9
2692	34.6
2693	112.7
2694	113.5
2695	109.2
2696	104.4
2697	103.9
2698	112.7
2699	77.7
2700	95.1
2701	57
2702	111.9
2703	92.1
2704	57
2705	96.2
2706	123.9
2707	48.2
2708	108.5
2709	110.7
2710	111.2
2711	123.3
2712	92.8
2713	101.4
2714	118.1
2715	86.5
2716	106.1
2717	117.5
2718	87.7
2719	111.9
2720	115
2721	90.4
2722	120.3
2723	104.3
2724	73.5
2725	106.8
2726	94.9
2727	105.7
2728	89.3
2729	101.3
2730	122.4
2731	92.1
2732	119
2733	120.7
2734	124.9
2735	92.3
2736	44.5
2737	82.3
2738	99.3
2739	88.1
2740	115.4
2741	98.5
2742	103.2
2743	83.7
2744	91.3
2745	70.8
2746	54.6
2747	85.3
2748	101.3
2749	98
2750	118.3
2751	90.6
2752	100
2753	92.6
2754	119.8
2755	98.4
2756	81.7
2757	97.2
2758	102.6
2759	81.5
2760	84.7
2761	83.5
2762	93.6
2763	67.8
2764	122
2765	114.5
2766	115.2
2767	57.5
2768	97.7
2769	82.7
2770	93.5
2771	104.1
2772	101.4
2773	46.8
2774	95.7
2775	119.9
2776	98
2777	114.9
2778	121.4
2779	97.1
2780	34
2781	101.5
2782	76.7
2783	107.2
2784	108.5
2785	69
2786	67.9
2787	105.9
2788	81.2
2789	122.6
2790	104.4
2791	116.5
2792	120.2
2793	91
2794	98.1
2795	79.4
2796	95.9
2797	101.5
2798	115.2
2799	99.8
2800	121.8
2801	122.7
2802	104.1
2803	78.8
2804	44.3
2805	121.5
2806	99.6
2807	101.7
2808	120.6
2809	111.7
2810	47.5
2811	119.7
2812	92.5
2813	103.7
2814	104.9
2815	119.5
2816	77.9
2817	91.4
2818	91.6
2819	108.7
2820	112.6
2821	115.4
2822	99
2823	104.1
2824	58.5
2825	90
2826	63.7
2827	36.6
2828	95.9
2829	67.5
2830	104.7
2831	116.4
2832	115.8
2833	81.6
2834	95.6
2835	106.9
2836	109.6
2837	111.4
2838	105.8
2839	118.4
2840	115
2841	118.2
2842	82.8
2843	93.6
2844	58
2845	87.5
2846	51.5
2847	120.8
2848	120.8
2849	120.1
2850	119.6
2851	78.3
2852	105.6
2853	108.2
2854	117.9
2855	102.9
2856	105.1
2857	105.1
2858	93.6
2859	101.6
2860	93.4
2861	119
2862	99.8
2863	56.4
2864	98.9
2865	122
2866	121.5
2867	105.9
2868	72
2869	99.2
2870	100.5
2871	122.8
2872	118.4
2873	115.7
2874	62.4
2875	105.7
2876	65.1
2877	106.6
2878	104.7
2879	63.5
2880	110.7
2881	108.4
2882	123.2
2883	98.1
2884	105.9
2885	70.2
2886	93.5
2887	61.8
2888	66.7
2889	68.2
2890	73.1
2891	122.2
2892	125.3
2893	103.2
2894	102.7
2895	120.1
2896	75.1
2897	117.1
2898	100.1
2899	105.1
2900	104.5
2901	68.2
2902	110.7
2903	122.1
2904	59.7
2905	101.1
2906	124
2907	84.8
2908	105.5
2909	130.5
2910	91.1
2911	117.2
2912	107.7
2913	131.6
2914	127.7
2915	62.4
2916	124.5
2917	70.4
2918	105.8
2919	72.4
2920	63.4
2921	121.4
2922	90.2
2923	98.6
2924	99.1
2925	122.8
2926	96.6
2927	54.5
2928	104.8
2929	86.1
2930	119.8
2931	113.6
2932	112.5
2933	110.6
2934	55.6
2935	105.3
2936	65.8
2937	89
2938	56.1
2939	106.7
2940	58.6
2941	94
2942	55.9
2943	131.6
2944	55.5
2945	107.7
2946	119.3
2947	106.1
2948	114.3
2949	102.7
2950	88.1
2951	114.5
2952	108.9
2953	130.6
2954	111
2955	132.9
2956	117
2957	88.1
2958	114.8
2959	75.5
2960	98.4
2961	105.9
2962	99.9
2963	101.9
2964	126.6
2965	86.9
2966	108.3
2967	127.8
2968	102.9
2969	63
2970	51.8
2971	98.9
2972	102.5
2973	49
2974	105.7
2975	120.5
2976	108.3
2977	87.6
2978	102.9
2979	108.7
2980	108.6
2981	120
2982	120.2
2983	108.6
2984	107.4
2985	104.8
2986	102.7
2987	96.2
2988	107.8
2989	50.8
2990	81.5
2991	121.6
2992	109.7
2993	104.8
2994	103.1
2995	111.9
2996	113.7
2997	112.2
2998	84.9
2999	120.5
3000	89.7
3001	69.6
3002	107.8
3003	94
3004	116.6
3005	95.9
3006	111
3007	107.1
3008	108.3
3009	118
3010	51.1
3011	107.8
3012	97.3
3013	110.4
3014	84.9
3015	109.1
3016	101.4
3017	120.6
3018	89.1
3019	103.8
3020	88.3
3021	114.9
3022	66.7
3023	115.1
3024	111.8
3025	85.4
3026	114.1
3027	116.1
3028	94.9
3029	115.5
3030	57.5
3031	107.8
3032	110.4
3033	95.8
3034	100.6
3035	90
3036	58.2
3037	100.6
3038	105.7
3039	94.5
3040	125.3
3041	123.3
3042	126.1
3043	120.8
3044	108.4
3045	124.3
3046	96
3047	103
3048	113.3
3049	89.1
3050	121.4
3051	120.6
3052	99.3
3053	128
3054	89.4
3055	95.1
3056	121.5
3057	98.7
3058	128.1
3059	101
3060	80.7
3061	69.7
3062	110.3
3063	119.8
3064	130.2
3065	77.8
3066	130.1
3067	77.2
3068	130.8
3069	93.7
3070	103.9
3071	109.3
3072	99
3073	74.6
3074	127.7
3075	102.2
3076	115.1
3077	106.8
3078	93.2
3079	124.3
3080	119.2
3081	90.7
3082	73.5
3083	126.1
3084	75.4
3085	97.6
3086	116.7
3087	132.4
3088	133.3
3089	129.6
3090	105
3091	98.5
3092	76.1
3093	113.5
3094	79.3
3095	75.9
3096	112
3097	71.8
3098	130.6
3099	84.6
3100	111.2
3101	55.3
3102	96.6
3103	129.3
3104	129
3105	76
3106	126.2
3107	122.6
3108	78.5
3109	97.4
3110	81.1
3111	136.7
3112	53
3113	135.2
3114	105.9
3115	76.4
3116	94.1
3117	95.6
3118	129.9
3119	136.3
3120	40.6
3121	137.4
3122	59.4
3123	126.9
3124	55.9
3125	95.4
3126	61.4
3127	42.5
3128	76
3129	75.7
3130	78.5
3131	126.4
3132	119.3
3133	135.9
3134	136.5
3135	57.8
3136	132.9
3137	48.9
3138	77.5
3139	141.2
3140	105.7
3141	65.7
3142	112.6
3143	133.2
3144	91.6
3145	49.5
3146	66
3147	51.4
3148	81.2
3149	72.9
3150	45.8
3151	141.3
3152	142.8
3153	125.9
3154	110.3
3155	34.7
3156	105.8
3157	101.5
3158	46.5
3159	110.6
3160	49.3
3161	136.8
3162	143.5
3163	70.7
3164	52.1
3165	68.3
3166	144.1
3167	71.4
3168	134.2
3169	72
3170	125.9
3171	74.6
3172	131.3
3173	70.9
3174	32.1
3175	115.9
3176	66.7
3177	81.3
3178	90.6
3179	74.6
3180	52.7
3181	66.9
3182	120.7
3183	122.1
3184	142.6
3185	139
3186	105.4
3187	115.6
3188	35.3
3189	97.6
3190	76.5
3191	69.5
3192	34.8
3193	74
3194	122.7
3195	143.4
3196	60.6
3197	73.3
3198	68.5
3199	120.1
3200	67.2
3201	72.7
3202	138.5
3203	124
3204	64.5
3205	131.2
3206	75.2
3207	89.9
3208	61.2
3209	50.9
3210	139.6
3211	141.3
3212	124.2
3213	74.6
3214	66.9
3215	76.4
3216	76.4
3217	90.8
3218	128.3
3219	131.2
3220	73.4
3221	78.7
3222	137.1
3223	70.4
3224	133.7
3225	79.8
3226	130.3
3227	86.6
3228	83.2
3229	57.5
3230	60.6
3231	67.4
3232	72.5
3233	73.5
3234	121.6
3235	135.4
3236	131.8
3237	65.3
3238	131.8
3239	53
3240	72.9
3241	83.3
3242	81.8
3243	125.3
3244	90.7
3245	86
3246	93.6
3247	47
3248	67.8
3249	73.1
3250	74.8
3251	120.8
3252	133.3
3253	90.3
3254	120.7
3255	68.7
3256	80.1
3257	124.7
3258	88.6
3259	89.6
3260	78.5
3261	53.3
3262	119.6
3263	75
3264	66.7
3265	75.1
3266	73
3267	87.3
3268	115.6
3269	124
3270	65.7
3271	57.8
3272	116
3273	58.6
3274	124.7
3275	76.8
3276	75
3277	69.1
3278	103.4
3279	75.1
3280	74.6
3281	88.2
3282	57.7
3283	101.6
3284	72.2
3285	58.7
3286	118.2
3287	78.9
3288	57.7
3289	72.9
3290	82.3
3291	112.4
3292	68.6
3293	59
3294	60
3295	82.7
3296	60.4
3297	86
3298	73.9
3299	76.7
3300	83.3
3301	80.4
3302	81.7
3303	111.8
3304	60.3
3305	112.8
3306	75.5
3307	83.7
3308	111.9
3309	79.7
3310	69.9
3311	68.4
3312	56.9
3313	77
3314	57.7
3315	69.9
3316	99.7
3317	68
3318	82.1
3319	43.7
3320	73.3
3321	74.4
3322	48.6
3323	55.9
3324	72.8
3325	73.7
3326	75.6
3327	47.8
3328	77.6
3329	72.5
3330	71.2
3331	88
3332	82.8
3333	74.5
3334	53.6
3335	100.7
3336	71.3
3337	45.1
3338	83.3
3339	58.2
3340	65.2
3341	84.5
3342	69.3
3343	80.3
3344	76.2
3345	38.3
3346	67.8
3347	73.9
3348	42.3
3349	65.8
3350	92.8
3351	67.5
3352	91.4
3353	75.1
3354	69.6
3355	79.5
3356	81.3
3357	64.6
3358	68.1
3359	77.9
3360	94.4
3361	72.9
3362	60.9
3363	72.1
3364	56.2
3365	75.4
3366	77.9
3367	76.5
3368	64.3
3369	70.6
3370	54.8
3371	81
3372	72.3
3373	75.7
3374	76.3
3375	62.1
3376	78.6
3377	64.1
3378	61.9
3379	71.6
3380	80.8
3381	78.2
3382	63.7
3383	77.7
3384	80.9
3385	82.4
3386	75.5
3387	69.8
3388	64.7
3389	82.1
3390	80.1
3391	77.3
3392	77.8
3393	70
3394	86.8
3395	78.7
3396	79.9
3397	84.3
3398	71.9
3399	68.8
3400	109.5
3401	109.7
3402	103.9
3403	90.4
3404	101.8
3405	101.7
3406	106.6
3407	92.9
3408	106
3409	100.8
3410	22.2
3411	24.9
3412	99.7
3413	98.8
3414	102
3415	97.3
3416	112.3
3417	102.9
3418	101.2
3419	105.5
3420	111.4
3421	104.4
3422	103.1
3423	97
3424	109.6
3425	104.9
3426	105.5
3427	115.2
3428	49.9
3429	118.4
3430	42.5
3431	103.4
3432	113.2
3433	101.9
3434	114.1
3435	110.5
3436	104.5
3437	100.5
3438	117.1
3439	113.1
3440	93
3441	115.3
3442	124.8
3443	100.2
3444	85.9
3445	105.7
3446	114.4
3447	121.3
3448	124.4
3449	106.6
3450	112.8
3451	111.9
3452	110.4
3453	89.2
3454	103.4
3455	105.8
3456	126.7
3457	107.1
3458	95.8
3459	112.7
3460	102.7
3461	123.1
3462	108.2
3463	105.7
3464	112.8
3465	115.6
3466	68.6
3467	106.3
3468	104.4
3469	65.7
3470	102.7
3471	101.6
3472	51.4
3473	105.3
3474	91.4
3475	103.3
3476	107.5
3477	112.6
3478	112.4
3479	97.1
3480	109.6
3481	110.1
3482	39
3483	84.4
3484	107.8
3485	91.7
3486	104.7
3487	1.1
3488	69.6
3489	113.1
3490	105.4
3491	100.5
3492	89.9
3493	93.8
3494	105.2
3495	105.3
3496	59
3497	64.3
3498	70
3499	109
3500	89
3501	72.2
3502	71.3
3503	85.5
3504	86.4
3505	96.4
3506	115
3507	85.5
3508	116
3509	87
3510	98.9
3511	112.1
3512	106.5
3513	109.7
3514	99.1
3515	117.5
3516	102.1
3517	92.7
3518	104.5
3519	105
3520	125
3521	115.9
3522	127.4
3523	100.7
3524	100.5
3525	100
3526	75.1
3527	102
3528	124.5
3529	95
3530	93.6
3531	132.7
3532	81.3
3533	116.2
3534	112.9
3535	108.8
3536	121.4
3537	73.7
3538	101.9
3539	112.4
3540	115.1
3541	117.3
3542	120.1
3543	116.5
3544	100.3
3545	107
3546	114.7
3547	98.5
3548	119.1
3549	111.6
3550	107.7
3551	109.8
3552	99.7
3553	104.8
3554	111.9
3555	127.4
3556	104.7
3557	52
3558	128.5
3559	42.5
3560	111.2
3561	87.3
3562	101.5
3563	121.3
3564	108.3
3565	115.5
3566	103.4
3567	118.8
3568	125
3569	131.7
3570	117.1
3571	120.6
3572	98.9
3573	128.3
3574	105.9
3575	110.8
3576	139.3
3577	134.4
3578	133.2
3579	92.2
3580	87.4
3581	68.9
3582	136
3583	72.8
3584	142.7
3585	82.9
3586	132.2
3587	71.6
3588	88.6
3589	73.8
3590	73.6
3591	106.8
3592	71.9
3593	67.4
3594	81.2
