"COMID"	"Value"
1	13.1
2	7.1
3	23.9
4	27.7
5	4.1
6	1.2
7	35.1
8	9.8
9	0.3
10	0.5
11	31.4
12	0.3
13	2
14	19.8
15	8.8
16	0.3
17	16.2
18	22.1
19	23
20	17.7
21	15.8
22	23.5
23	0.3
24	0.3
25	16.5
26	19.2
27	12.7
28	5.5
29	0.2
30	10.8
31	15.3
32	5.3
33	22.4
34	0.3
35	27.9
36	0.5
37	17.6
38	0.5
39	0.2
40	2.6
41	20
42	16
43	4.1
44	5.1
45	5.8
46	2.1
47	6.3
48	22
49	14.7
50	13.1
51	0.1
52	3.6
53	0.7
54	22.2
55	23
56	16.2
57	3.3
58	0.1
59	9.8
60	0.2
61	0.6
62	0.5
63	19.8
64	11
65	0.4
66	6.3
67	20
68	5.8
69	8.4
70	4.5
71	0.9
72	17
73	0.1
74	25.9
75	4.9
76	2.7
77	5.8
78	7.3
79	22.2
80	1.2
81	23.5
82	2.7
83	16.1
84	0.4
85	16
86	7.1
87	0.2
88	0.1
89	2.4
90	11.8
91	17
92	21.3
93	17.3
94	0.2
95	33.7
96	1
97	19.7
98	0.3
99	4.3
100	20.9
101	14.3
102	14.7
103	0
104	4
105	2.2
106	19.9
107	4.8
108	0.3
109	0.7
110	0.4
111	0.7
112	20.1
113	0.6
114	20
115	13.3
116	7
117	11.1
118	9.8
119	0.6
120	8.6
121	1.8
122	14.1
123	1
124	9.4
125	11.1
126	20.6
127	18.2
128	11.6
129	0.1
130	6
131	1.8
132	0.8
133	14
134	10.9
135	8.3
136	10.9
137	14.2
138	0.3
139	0.2
140	12
141	11.9
142	1.7
143	0.7
144	8.9
145	0.4
146	12.4
147	19.7
148	17.4
149	8.1
150	12.7
151	7.5
152	8.5
153	0.1
154	6.5
155	1.1
156	6
157	14.8
158	0.9
159	3.4
160	17.2
161	5.5
162	0.5
163	2.1
164	4.2
165	0.7
166	0.3
167	12.1
168	0.7
169	12.3
170	15
171	9.1
172	2.5
173	9.1
174	0.2
175	2.4
176	23.8
177	4.1
178	4.9
179	8.1
180	0.2
181	0.5
182	8.3
183	2
184	0.2
185	0.7
186	10.9
187	4.1
188	0.2
189	0.1
190	14
191	0.1
192	6.3
193	2
194	22
195	3.9
196	0.2
197	5.2
198	0.1
199	7.1
200	0.1
201	0.1
202	1
203	0.3
204	0.1
205	1.1
206	8.7
207	13.1
208	21.3
209	7
210	9.7
211	18.9
212	10.6
213	6.4
214	0.4
215	9.5
216	4.6
217	3.2
218	1.9
219	2.6
220	0.3
221	0.7
222	8.6
223	19.5
224	0.2
225	2.6
226	6.7
227	1
228	7
229	0.1
230	10
231	6.6
232	4.3
233	16.6
234	0.9
235	4.7
236	5.8
237	3
238	1.5
239	7.7
240	13.9
241	6.6
242	0.1
243	0.8
244	15.3
245	7.8
246	17.9
247	2.7
248	1.4
249	0
250	15.8
251	7
252	6.8
253	4.4
254	0.3
255	0.1
256	15.9
257	0.2
258	4.7
259	3
260	0.7
261	7.6
262	7.2
263	4.9
264	0.1
265	0.1
266	6.1
267	14.6
268	3.1
269	15.4
270	0
271	10.2
272	6.7
273	16.1
274	0.6
275	7.2
276	0.8
277	0.1
278	7.1
279	0.1
280	6.1
281	6.2
282	14.3
283	0.2
284	12
285	0.2
286	6.4
287	9.1
288	5.6
289	0.6
290	0
291	1.5
292	6.2
293	0.9
294	4.4
295	0
296	11.6
297	14
298	0.1
299	5.9
300	15.1
301	0.2
302	16.1
303	11.4
304	3.6
305	13.8
306	10.4
307	14.4
308	10.6
309	0.8
310	9.5
311	15.8
312	10.7
313	11.6
314	5.7
315	0.4
316	0.3
317	0.8
318	19.7
319	0.8
320	11.5
321	0
322	8.3
323	13
324	0.8
325	0.8
326	2.6
327	0.7
328	0.8
329	0.1
330	0.3
331	0.4
332	0
333	0.1
334	0.4
335	5
336	0.1
337	0.8
338	0.1
339	3.7
340	1.1
341	0.1
342	0.9
343	0.2
344	5.1
345	2.9
346	1.5
347	0.2
348	9.6
349	4
350	0.1
351	0.3
352	0.2
353	12.1
354	1.7
355	0.6
356	0.2
357	1.1
358	1.7
359	0.7
360	1.3
361	0.2
362	1.3
363	1.3
364	0.8
365	6
366	0.7
367	1.2
368	33
369	0.6
370	12.6
371	0.6
372	0.6
373	0.7
374	1.3
375	5.7
376	0.9
377	15
378	0.6
379	1.2
380	15.8
381	0.7
382	0.7
383	16.9
384	1.2
385	1.3
386	0.9
387	32.8
388	3.5
389	1.8
390	29.5
391	0.3
392	2.8
393	1.2
394	0.2
395	0.7
396	1.9
397	1.3
398	0.3
399	5.1
400	0.1
401	25
402	1.2
403	1.1
404	0.9
405	0.5
406	6.6
407	3.6
408	0.8
409	1
410	4.2
411	25.8
412	0.6
413	8.5
414	0.5
415	2.1
416	0.5
417	0.9
418	0.6
419	1.2
420	0.6
421	3.1
422	1.9
423	10.8
424	5.3
425	56.7
426	0.8
427	1.9
428	6.2
429	17.9
430	6.4
431	2
432	0.2
433	52.7
434	0.4
435	0.1
436	34
437	7.6
438	66.8
439	1.1
440	18.6
441	2.4
442	0.1
443	5.2
444	0.3
445	65.5
446	0.3
447	71.6
448	70.9
449	0
450	1.5
451	1.3
452	16.8
453	1.4
454	0.1
455	0.6
456	0.6
457	35.3
458	19
459	4
460	0.6
461	15.7
462	38.2
463	4.6
464	1.9
465	16.7
466	2.5
467	1.8
468	0.3
469	0.5
470	0.5
471	2.5
472	14.3
473	3.9
474	0.1
475	5
476	0
477	38.3
478	0.1
479	0.4
480	20.2
481	1
482	0.7
483	28.2
484	0.1
485	0.6
486	4.1
487	0.3
488	8
489	1.1
490	6
491	1.1
492	17.2
493	1.2
494	6.3
495	5.9
496	0.8
497	2.8
498	0.4
499	1.2
500	2.1
501	1.5
502	6.3
503	0.1
504	0.3
505	1
506	1.5
507	2.8
508	0.8
509	1.3
510	2.1
511	3.1
512	3.8
513	0.9
514	0.9
515	1.2
516	0.5
517	4.3
518	0.9
519	1.3
520	7.8
521	0.3
522	0.5
523	0.9
524	20.8
525	0.3
526	0.6
527	0.3
528	0.4
529	1.2
530	11.1
531	5.6
532	27.6
533	0.1
534	0
535	15.2
536	16.6
537	4.5
538	1.5
539	0
540	0.2
541	2.7
542	7.1
543	0.2
544	1.3
545	5.6
546	4.8
547	1.1
548	4.7
549	7.2
550	0.1
551	2.2
552	1
553	14.6
554	0.7
555	0.2
556	1
557	0.7
558	4.6
559	4
560	3
561	17.8
562	7.9
563	0.9
564	1.4
565	4.9
566	9.8
567	0.1
568	5.6
569	1.2
570	0.5
571	19.3
572	2.9
573	0.4
574	0.9
575	0.1
576	10.8
577	1.8
578	3.8
579	3.8
580	5.6
581	1.9
582	0.9
583	0.3
584	0.5
585	13.1
586	0.8
587	14.3
588	0.3
589	14.6
590	0.4
591	0.8
592	4.2
593	6.2
594	0.8
595	0.8
596	0.4
597	0.4
598	0.1
599	11.6
600	0.4
601	0.1
602	0.6
603	78.2
604	0.2
605	1.1
606	0.5
607	0.4
608	0.2
609	2.3
610	0.5
611	10
612	1.9
613	0.4
614	20.4
615	5.2
616	1.1
617	18.9
618	68.1
619	1.1
620	0.6
621	0.2
622	23.8
623	25.6
624	21.3
625	0.3
626	0.1
627	4.5
628	0.2
629	2
630	10.1
631	0.5
632	73.5
633	26.3
634	0.4
635	1.4
636	1.6
637	1.1
638	0.2
639	65.7
640	6.5
641	4.4
642	0.8
643	19.5
644	2.3
645	68.8
646	31.6
647	0.6
648	80.3
649	18.2
650	0.7
651	11.9
652	0.1
653	0.3
654	0.7
655	0.4
656	0.1
657	22.5
658	14
659	21.7
660	4
661	13.5
662	22.8
663	20.8
664	0.6
665	0.2
666	1.3
667	11.6
668	29
669	17.3
670	1.1
671	0.7
672	0.5
673	25.6
674	5.7
675	16.8
676	15
677	5.8
678	0.6
679	0.1
680	1.4
681	28.8
682	17.7
683	23.9
684	19.7
685	0.6
686	7.1
687	0.4
688	15.5
689	0.7
690	28.8
691	8
692	4.8
693	0.4
694	3.3
695	7.8
696	20.9
697	0.3
698	20
699	17.2
700	16
701	7.5
702	19.9
703	15.2
704	14.7
705	5.4
706	0.5
707	7.4
708	17.8
709	5.6
710	16.4
711	1.9
712	9
713	14.3
714	0.3
715	12.7
716	1.4
717	74.5
718	18.9
719	13.2
720	14.6
721	0.7
722	4.6
723	17.2
724	20.7
725	0.6
726	0.7
727	3.6
728	6.9
729	6.3
730	17.1
731	0.6
732	3
733	12.4
734	14.5
735	10.5
736	0.5
737	17.5
738	14.9
739	19.2
740	21
741	6
742	72.8
743	20.1
744	1.9
745	0.5
746	13.5
747	16.4
748	0.3
749	21.7
750	0.4
751	11.4
752	12.9
753	15.9
754	17.7
755	20.4
756	16.2
757	32.9
758	30.5
759	0.9
760	13
761	0.5
762	5.9
763	13.8
764	5.4
765	13.1
766	2.6
767	34.2
768	22.8
769	21.4
770	21.5
771	26.1
772	33.3
773	8.9
774	10.1
775	6.8
776	0.3
777	3.8
778	19.9
779	1.6
780	22.2
781	13.7
782	98.2
783	93.5
784	94.7
785	94.8
786	90.2
787	94.6
788	87.7
789	91.8
790	91.8
791	90.1
792	89.7
793	88.4
794	91.8
795	94.9
796	88.9
797	94.8
798	91.7
799	89.7
800	90.6
801	88.8
802	91.4
803	91.4
804	86
805	91.7
806	89.3
807	80.1
808	91.8
809	94.3
810	91.1
811	93.3
812	87.6
813	89.7
814	92.4
815	91.3
816	96.7
817	84.9
818	86.4
819	92.9
820	93.5
821	98.3
822	92.1
823	96.7
824	87.8
825	96.2
826	92
827	91.3
828	91.8
829	97.3
830	88.1
831	96.9
832	92
833	99
834	90.2
835	91.6
836	91.5
837	78.5
838	97.5
839	102.7
840	91.6
841	91.6
842	102
843	55.4
844	89.6
845	92.4
846	104.4
847	92.1
848	99.7
849	104.1
850	88.3
851	87.9
852	86.3
853	89.1
854	88.7
855	91.7
856	96.4
857	91.2
858	89
859	90.9
860	99.7
861	87.5
862	31.5
863	86.4
864	90.1
865	85.8
866	101.5
867	84.3
868	90
869	91
870	74.1
871	94.2
872	92.2
873	39.8
874	92.9
875	90
876	93.1
877	87.8
878	86.4
879	88.4
880	96.7
881	99.5
882	103.3
883	83
884	87.2
885	87.5
886	23.6
887	100.4
888	103
889	91.3
890	104.9
891	94
892	102.2
893	104.9
894	27.1
895	88.5
896	89.1
897	94
898	93.7
899	106.3
900	104.7
901	98
902	94.3
903	89.3
904	88.1
905	96.1
906	92.6
907	102.1
908	100.9
909	90.8
910	35
911	88.8
912	94.6
913	102.4
914	103
915	44.4
916	92.3
917	88.4
918	95
919	102.6
920	95.4
921	83.5
922	104.7
923	61
924	96.6
925	88.7
926	91.9
927	88.8
928	108.3
929	100.8
930	109
931	89.5
932	113.3
933	101.2
934	38.7
935	95.9
936	94.8
937	92.6
938	91.6
939	89
940	101.1
941	90.9
942	106.5
943	31.7
944	92
945	91.4
946	96.9
947	38
948	92.7
949	92.4
950	90.8
951	108.1
952	100.5
953	111.6
954	114.8
955	107.8
956	93.9
957	102.1
958	110.5
959	100.5
960	105.2
961	110.5
962	93
963	95.2
964	22.9
965	92.4
966	110.2
967	26
968	102.7
969	105.6
970	74
971	89.3
972	91.9
973	103
974	101.2
975	91.8
976	87.6
977	87.3
978	111.4
979	109.4
980	88.6
981	92.6
982	105.8
983	89.1
984	88
985	87.2
986	86.5
987	112
988	86.3
989	103.8
990	49.1
991	91.4
992	83.3
993	86.2
994	99
995	92.9
996	90.6
997	86.2
998	111.4
999	98.4
1000	22.2
1001	111.5
1002	88.3
1003	45.3
1004	92
1005	111.1
1006	100.8
1007	25.6
1008	112.3
1009	74.4
1010	108.1
1011	97
1012	99.4
1013	109.8
1014	90.6
1015	111
1016	29.4
1017	87.3
1018	109.9
1019	110.9
1020	107.9
1021	97.2
1022	105.1
1023	102
1024	91.5
1025	106.5
1026	106
1027	96.6
1028	94.8
1029	110.5
1030	95.7
1031	28.4
1032	41.4
1033	93
1034	99.4
1035	90.2
1036	95.4
1037	107.9
1038	98.9
1039	110.6
1040	113.1
1041	106.1
1042	113.7
1043	29.8
1044	101.6
1045	114.1
1046	109.4
1047	93.4
1048	99.1
1049	98.1
1050	27.1
1051	97
1052	98.6
1053	109.4
1054	98.5
1055	101.4
1056	104.5
1057	93.8
1058	101.9
1059	94.6
1060	100.9
1061	29.7
1062	108
1063	94
1064	91.5
1065	105.2
1066	99.5
1067	91.2
1068	96
1069	89
1070	98.5
1071	99.1
1072	87.8
1073	90.4
1074	101.6
1075	75.9
1076	99.6
1077	89.5
1078	106.9
1079	101.3
1080	109.7
1081	93.3
1082	99
1083	87.3
1084	104.3
1085	101
1086	98.2
1087	27.2
1088	88.4
1089	107.4
1090	96.2
1091	97
1092	93.2
1093	107.2
1094	92.6
1095	104.3
1096	108.6
1097	97.4
1098	109.6
1099	76.2
1100	26.7
1101	92.4
1102	100
1103	88.7
1104	105.9
1105	113.3
1106	107.4
1107	89.7
1108	103.8
1109	98.3
1110	92.5
1111	90.8
1112	99.3
1113	96.1
1114	100.3
1115	110.3
1116	105.4
1117	99.6
1118	109.4
1119	106.9
1120	104.2
1121	104.8
1122	106.8
1123	107.6
1124	95.9
1125	104.3
1126	105.5
1127	104.7
1128	99.3
1129	101.7
1130	107.1
1131	89.6
1132	102.8
1133	99
1134	105.5
1135	98.8
1136	90.3
1137	107.3
1138	106.4
1139	106
1140	96.5
1141	103.8
1142	94.8
1143	99.6
1144	108.3
1145	110
1146	103.5
1147	103.2
1148	98.6
1149	102.4
1150	105.7
1151	103.9
1152	98
1153	98.1
1154	23.4
1155	102.5
1156	101.8
1157	105.2
1158	107.8
1159	82.6
1160	102.6
1161	94.7
1162	111.8
1163	109.7
1164	102.5
1165	100.1
1166	100.9
1167	96.6
1168	102
1169	97.8
1170	103.4
1171	110.3
1172	89.3
1173	109.4
1174	90.9
1175	107.2
1176	74.6
1177	108.2
1178	104.5
1179	104.3
1180	110.9
1181	113.4
1182	105.1
1183	94.9
1184	99.8
1185	100.2
1186	96
1187	106
1188	105.9
1189	111.2
1190	108.1
1191	99.4
1192	106.6
1193	96.3
1194	103.6
1195	107.2
1196	109.2
1197	103.6
1198	89.9
1199	93.5
1200	35.3
1201	102.9
1202	108.5
1203	104.9
1204	106.9
1205	106.5
1206	92.6
1207	108.6
1208	92
1209	104.5
1210	97.2
1211	97.7
1212	108.3
1213	85.8
1214	98.1
1215	110.5
1216	101.4
1217	92.5
1218	88
1219	90.3
1220	94.6
1221	105.1
1222	105.9
1223	104.9
1224	103.9
1225	108.1
1226	96.2
1227	88.7
1228	105.7
1229	115.1
1230	100.2
1231	94.9
1232	93.8
1233	103.1
1234	107.1
1235	111.6
1236	87.4
1237	90.7
1238	99.5
1239	106.5
1240	100.5
1241	102.9
1242	96.3
1243	106.4
1244	96.5
1245	105.2
1246	98.1
1247	81.8
1248	48.9
1249	105.8
1250	86.7
1251	108
1252	102.2
1253	105.6
1254	110.4
1255	103.5
1256	88.2
1257	110.1
1258	109.1
1259	109
1260	92.1
1261	87.4
1262	95.5
1263	106.6
1264	107.7
1265	101.9
1266	98.4
1267	101.7
1268	96.7
1269	51.7
1270	99.5
1271	105.8
1272	100.1
1273	111.7
1274	99.8
1275	98.7
1276	87.4
1277	98.2
1278	92.6
1279	41.7
1280	105
1281	110.2
1282	105.8
1283	94.9
1284	57.3
1285	109.4
1286	95.2
1287	111.1
1288	103.6
1289	99.8
1290	104.7
1291	94.5
1292	106.7
1293	34.6
1294	111
1295	105.7
1296	96.2
1297	61.1
1298	98.3
1299	101.7
1300	112.9
1301	104.8
1302	104
1303	107.3
1304	62.7
1305	97
1306	103.6
1307	106
1308	105.3
1309	106.5
1310	101.1
1311	100.6
1312	93.7
1313	109.5
1314	106
1315	108.5
1316	92.3
1317	88.7
1318	107.8
1319	96.9
1320	99.3
1321	110.7
1322	104.3
1323	110
1324	109.3
1325	98.3
1326	111.8
1327	109.3
1328	99.3
1329	61.5
1330	94.5
1331	88.3
1332	34.1
1333	81.7
1334	100.4
1335	104.4
1336	102.3
1337	111.3
1338	113.5
1339	104.9
1340	107.3
1341	100.6
1342	100.8
1343	110.5
1344	109.7
1345	105
1346	108.9
1347	95.6
1348	92.8
1349	105.1
1350	105.8
1351	95.3
1352	58
1353	101.2
1354	110.6
1355	100.6
1356	48.9
1357	87.8
1358	103.4
1359	110.5
1360	112.1
1361	104.4
1362	98.9
1363	107.8
1364	115.5
1365	93.7
1366	113.1
1367	109.7
1368	91.8
1369	104.7
1370	104.6
1371	107.6
1372	105.9
1373	97
1374	116.6
1375	103.9
1376	57.9
1377	107.2
1378	107.2
1379	108.2
1380	92.2
1381	109.1
1382	101.9
1383	113.8
1384	106.2
1385	52.3
1386	91.9
1387	114.6
1388	110.8
1389	106.8
1390	94.7
1391	97.7
1392	95.2
1393	94.9
1394	106.7
1395	96.2
1396	108.1
1397	96.8
1398	109.4
1399	108.9
1400	85.9
1401	106.9
1402	108.6
1403	103
1404	107.2
1405	116
1406	114.6
1407	110.3
1408	101.9
1409	102.1
1410	100.5
1411	91.8
1412	109.7
1413	105
1414	107.7
1415	110.5
1416	102.9
1417	102.6
1418	102.6
1419	105.2
1420	105.2
1421	106.3
1422	116.8
1423	74.9
1424	96.8
1425	104.6
1426	90.6
1427	106.5
1428	104.6
1429	106.5
1430	102.1
1431	104.9
1432	106.7
1433	102.7
1434	110.2
1435	101.4
1436	109.3
1437	96.6
1438	108.9
1439	106.9
1440	101.9
1441	101.6
1442	107.5
1443	88.9
1444	106.3
1445	107.2
1446	107.8
1447	107.5
1448	95.9
1449	109.5
1450	108.1
1451	107.1
1452	109.4
1453	105.3
1454	71.7
1455	111.6
1456	109.2
1457	105.4
1458	94.5
1459	107.4
1460	102.2
1461	99.6
1462	99.8
1463	105.3
1464	105.6
1465	103.8
1466	100
1467	104.6
1468	100.4
1469	95.4
1470	100.6
1471	102.9
1472	105.3
1473	98.9
1474	113.2
1475	97.1
1476	100.3
1477	105.9
1478	102.3
1479	98.3
1480	100
1481	103.8
1482	102.5
1483	103.2
1484	111.3
1485	68.9
1486	100.5
1487	104.9
1488	103.8
1489	104.7
1490	107.1
1491	83.6
1492	101.2
1493	106.9
1494	97.3
1495	98.5
1496	103.8
1497	99.7
1498	100.7
1499	97.8
1500	86.2
1501	101.2
1502	99.4
1503	111.4
1504	100.5
1505	100.9
1506	91.5
1507	101.1
1508	108.9
1509	69.2
1510	110.5
1511	119.9
1512	97.8
1513	104
1514	107.9
1515	105.3
1516	103.7
1517	104.9
1518	106.2
1519	100.1
1520	111.8
1521	101.6
1522	101.5
1523	103.3
1524	100.6
1525	103.7
1526	102.5
1527	103.2
1528	100.2
1529	99.7
1530	94.6
1531	108.7
1532	110.6
1533	117.7
1534	102.6
1535	54.1
1536	104.5
1537	100.1
1538	64.6
1539	107.7
1540	104.2
1541	98.3
1542	102.6
1543	103.3
1544	106.4
1545	96.2
1546	60.6
1547	87.1
1548	98
1549	96.6
1550	96.6
1551	99.5
1552	102.9
1553	95.4
1554	80.4
1555	97
1556	101
1557	112.7
1558	98.8
1559	105
1560	86.1
1561	107.2
1562	107.7
1563	112.7
1564	97.5
1565	85.6
1566	111.2
1567	97.5
1568	104.3
1569	95.1
1570	106
1571	97.4
1572	102.6
1573	103.4
1574	109
1575	90.6
1576	106.3
1577	103.6
1578	98.6
1579	100.5
1580	106
1581	107
1582	104.9
1583	103.4
1584	61.5
1585	105.9
1586	104.3
1587	105.5
1588	107
1589	107.8
1590	103
1591	97.3
1592	107.3
1593	112.1
1594	104.9
1595	101.4
1596	97.6
1597	96.9
1598	105.3
1599	102.1
1600	106.1
1601	76.3
1602	105.1
1603	105.6
1604	95.2
1605	81.7
1606	98.8
1607	100.3
1608	106.3
1609	97.6
1610	104.5
1611	113.5
1612	106.7
1613	101.7
1614	105.1
1615	106.5
1616	92.8
1617	100
1618	91.3
1619	75.3
1620	103.6
1621	103.3
1622	110.2
1623	96.2
1624	106.7
1625	89.5
1626	105.3
1627	108.4
1628	90.2
1629	95.3
1630	114.6
1631	81.5
1632	108.9
1633	99.7
1634	106
1635	106.7
1636	100.4
1637	105.1
1638	88.5
1639	100.3
1640	101.5
1641	91.5
1642	105.6
1643	92.8
1644	110.1
1645	105.4
1646	96.1
1647	97.4
1648	105.1
1649	111.8
1650	99.1
1651	107.7
1652	93
1653	100.7
1654	103.5
1655	105.1
1656	117.2
1657	105.8
1658	106.5
1659	98.6
1660	92.5
1661	90.1
1662	107.3
1663	92.2
1664	104.6
1665	97.4
1666	110.6
1667	109.1
1668	96.3
1669	101.8
1670	107.2
1671	109
1672	105.1
1673	109.4
1674	101.9
1675	96.2
1676	109.3
1677	108.9
1678	97.6
1679	107.9
1680	106.5
1681	103.5
1682	95.8
1683	101.2
1684	95.1
1685	100.3
1686	79.5
1687	109.2
1688	96.6
1689	109.1
1690	107.5
1691	82.4
1692	107.6
1693	94.7
1694	102.6
1695	106.8
1696	105.2
1697	106.5
1698	97.5
1699	106.3
1700	86.8
1701	109.4
1702	107
1703	107.1
1704	107.8
1705	104.6
1706	104.4
1707	95.8
1708	94.9
1709	95.6
1710	109
1711	104.4
1712	106.7
1713	108.9
1714	106.1
1715	108.9
1716	99.5
1717	105.3
1718	73.5
1719	80.1
1720	105.9
1721	109.3
1722	102.4
1723	104.2
1724	99.4
1725	112.5
1726	105.6
1727	105.9
1728	105.4
1729	91.2
1730	108.8
1731	108.1
1732	102
1733	103.4
1734	86.4
1735	111
1736	94.7
1737	99.9
1738	99.8
1739	111.1
1740	111.9
1741	89.2
1742	104.3
1743	99.2
1744	106.7
1745	106.9
1746	107
1747	106.8
1748	106.2
1749	84.2
1750	74.5
1751	106.4
1752	104.8
1753	106.8
1754	116.3
1755	105.7
1756	110.8
1757	104.3
1758	108.9
1759	102.5
1760	114.7
1761	108.2
1762	90
1763	107.1
1764	112.7
1765	104.2
1766	105.6
1767	106.6
1768	110.2
1769	108.1
1770	105.1
1771	94.5
1772	112.8
1773	104.2
1774	102.2
1775	72.9
1776	101.1
1777	103.8
1778	103.3
1779	104.9
1780	96.8
1781	107
1782	107.3
1783	104.3
1784	100.9
1785	105.4
1786	110.5
1787	106.1
1788	109
1789	96.9
1790	97
1791	85.8
1792	102.9
1793	112.6
1794	79.6
1795	101.4
1796	110.4
1797	114.6
1798	98.5
1799	105.3
1800	103.2
1801	111.9
1802	112.8
1803	109.5
1804	97.8
1805	102.8
1806	108.1
1807	107.9
1808	95.6
1809	110.3
1810	111
1811	102.7
1812	107.7
1813	108.3
1814	101.4
1815	100
1816	107.2
1817	111.4
1818	100.1
1819	109.2
1820	116.3
1821	110
1822	105.8
1823	106.4
1824	108.4
1825	114.8
1826	108.6
1827	101.2
1828	102.9
1829	104.3
1830	110.4
1831	98.4
1832	105.2
1833	98.3
1834	107.6
1835	101.4
1836	104.7
1837	70.1
1838	105
1839	113.9
1840	105.3
1841	93.7
1842	98.2
1843	117.8
1844	103.6
1845	100.3
1846	68.2
1847	95.7
1848	113.2
1849	112.5
1850	110.5
1851	96.5
1852	104.1
1853	108.8
1854	103.8
1855	107.6
1856	93.3
1857	103.8
1858	105.7
1859	100.3
1860	99.2
1861	102.9
1862	96.1
1863	103.2
1864	101.8
1865	105.9
1866	114.3
1867	105.3
1868	101.3
1869	103.3
1870	74
1871	101.5
1872	94.3
1873	98.7
1874	114.3
1875	104.6
1876	103.9
1877	101.8
1878	102.2
1879	114.8
1880	112.7
1881	104.9
1882	105.4
1883	115.4
1884	101.9
1885	107.4
1886	102.4
1887	101.5
1888	104
1889	109
1890	110.3
1891	71.5
1892	103.5
1893	100.5
1894	104.2
1895	100.4
1896	102
1897	98.2
1898	113
1899	94.9
1900	104.2
1901	110.8
1902	95.3
1903	103.6
1904	97.9
1905	103.9
1906	103.1
1907	70.4
1908	93.8
1909	63.7
1910	59.1
1911	105.4
1912	101.5
1913	101.1
1914	100
1915	101.4
1916	97.2
1917	109.8
1918	82.4
1919	102.3
1920	103.1
1921	105.3
1922	98.1
1923	104.1
1924	100.8
1925	104.1
1926	100.7
1927	114.6
1928	97.2
1929	59
1930	102.1
1931	68.3
1932	83.2
1933	103.5
1934	84.7
1935	103.8
1936	105.3
1937	96.2
1938	98.4
1939	107.6
1940	101
1941	95.7
1942	77.8
1943	98.8
1944	102.9
1945	60.6
1946	97.4
1947	96.6
1948	57
1949	97.6
1950	1.1
1951	102.2
1952	64.7
1953	40.3
1954	97.7
1955	77.6
1956	103.7
1957	114
1958	103.9
1959	84.8
1960	100.2
1961	87.9
1962	95.1
1963	91.2
1964	97.7
1965	100.2
1966	0.6
1967	61.5
1968	87.4
1969	99.6
1970	108.4
1971	102.6
1972	96.5
1973	88.5
1974	104.4
1975	44.1
1976	75.4
1977	72.8
1978	104.7
1979	1.1
1980	97.1
1981	103
1982	0.7
1983	99.2
1984	98.8
1985	41.2
1986	79.9
1987	106.5
1988	45.5
1989	1.1
1990	0.3
1991	94.7
1992	100.8
1993	78.6
1994	114.8
1995	103.1
1996	86.6
1997	67.1
1998	114.2
1999	99.7
2000	49.2
2001	97.9
2002	90.3
2003	89.3
2004	83.5
2005	91.5
2006	81.3
2007	98
2008	53.4
2009	97
2010	70.6
2011	1.1
2012	91.3
2013	73.8
2014	0.8
2015	72.4
2016	95.2
2017	103.5
2018	61.5
2019	86.8
2020	93.5
2021	62.8
2022	62.7
2023	64.2
2024	0.8
2025	115.5
2026	88.9
2027	37
2028	107.5
2029	96.5
2030	97
2031	90.1
2032	82.5
2033	99
2034	100.7
2035	27.7
2036	0.7
2037	98.5
2038	1.1
2039	87.7
2040	90.6
2041	1.1
2042	51.7
2043	95.4
2044	105.8
2045	96.1
2046	93.9
2047	30.7
2048	88.2
2049	103.9
2050	109.4
2051	50.3
2052	100.5
2053	53.8
2054	30.1
2055	77.5
2056	94.4
2057	39.6
2058	1.1
2059	90
2060	55.6
2061	76.2
2062	114.8
2063	89
2064	48.7
2065	92.6
2066	94.3
2067	56.8
2068	97
2069	95
2070	88.3
2071	48.1
2072	98.8
2073	81.1
2074	105.9
2075	96.9
2076	1.1
2077	87.3
2078	104.2
2079	96.3
2080	90.1
2081	106.5
2082	101.6
2083	43.5
2084	98.6
2085	102
2086	76.5
2087	89.8
2088	115.2
2089	91.3
2090	110.6
2091	74.2
2092	94.9
2093	101.7
2094	88.5
2095	40
2096	98.1
2097	40.7
2098	82.5
2099	70.9
2100	90.3
2101	91.6
2102	97.3
2103	90.3
2104	80.8
2105	101.1
2106	89.6
2107	91.2
2108	91.1
2109	90.7
2110	96
2111	83.2
2112	1.1
2113	94.2
2114	90.1
2115	86.2
2116	86.3
2117	93.3
2118	65.9
2119	56.4
2120	100.5
2121	34.7
2122	93.7
2123	93.4
2124	87.8
2125	87.1
2126	96.1
2127	26.6
2128	86.4
2129	79.5
2130	93.3
2131	94.4
2132	96.8
2133	91.4
2134	94.2
2135	61.1
2136	99.3
2137	34
2138	65.2
2139	77.9
2140	79.4
2141	89
2142	39.2
2143	92
2144	91.9
2145	79.8
2146	35.1
2147	38.4
2148	97
2149	86.9
2150	93.9
2151	89.4
2152	95
2153	102
2154	96.1
2155	82.6
2156	91
2157	92.2
2158	39.7
2159	29.4
2160	105.6
2161	93.9
2162	97.5
2163	78.5
2164	93.6
2165	38.6
2166	79.7
2167	84
2168	88.5
2169	93.6
2170	89.7
2171	89.7
2172	91.4
2173	102.5
2174	88.9
2175	6.5
2176	88.8
2177	105.2
2178	56.6
2179	90.8
2180	75.2
2181	97.2
2182	87.7
2183	97.3
2184	88.9
2185	76.2
2186	4.5
2187	28.5
2188	78.1
2189	95
2190	33.7
2191	89.5
2192	78.7
2193	90.6
2194	104.2
2195	34.8
2196	90.3
2197	86.3
2198	75.9
2199	103.5
2200	88.7
2201	3.4
2202	27.9
2203	87.8
2204	82
2205	93.2
2206	77.4
2207	29.9
2208	26.3
2209	86.3
2210	100.7
2211	90.7
2212	64.8
2213	99.8
2214	91.6
2215	77.1
2216	27
2217	95.3
2218	84.5
2219	84.9
2220	28
2221	71.2
2222	99.9
2223	78.8
2224	91.1
2225	84.9
2226	27.9
2227	93
2228	90.9
2229	88.2
2230	62.4
2231	71.6
2232	89.1
2233	87.5
2234	81.2
2235	89
2236	90.1
2237	90.4
2238	92.8
2239	27.2
2240	87.9
2241	84.3
2242	90.3
2243	91.1
2244	86.6
2245	83.4
2246	71.1
2247	89.8
2248	97.3
2249	84.4
2250	73.9
2251	27.5
2252	99
2253	92.2
2254	27.4
2255	88.1
2256	75.3
2257	31.2
2258	77.6
2259	96
2260	86.6
2261	86.9
2262	82.8
2263	92.9
2264	89.6
2265	94.8
2266	87.3
2267	88.6
2268	88.8
2269	28.2
2270	99
2271	68.3
2272	85.1
2273	31.6
2274	95.4
2275	95.2
2276	41.1
2277	88.7
2278	97.8
2279	88
2280	93.1
2281	104.3
2282	91.6
2283	44.5
2284	98.8
2285	95.8
2286	93.5
2287	27.9
2288	71.4
2289	89.1
2290	88
2291	85.3
2292	97.4
2293	28.4
2294	32
2295	95.4
2296	101.3
2297	88
2298	92.8
2299	25
2300	96.2
2301	98
2302	97.8
2303	93.2
2304	95
2305	90.7
2306	96.6
2307	99.2
2308	96.3
2309	92.2
2310	93.5
2311	106.7
2312	99.2
2313	102.8
2314	96.6
2315	106.4
2316	94.4
2317	96.5
2318	88.9
2319	89.3
2320	99.1
2321	76.5
2322	98.6
2323	99.5
2324	97.3
2325	95.5
2326	94.8
2327	96.8
2328	86.2
2329	99.3
2330	103.6
2331	106.1
2332	35
2333	103.7
2334	76.3
2335	106.4
2336	94.2
2337	105
2338	52.7
2339	40.1
2340	98.4
2341	98.4
2342	102.2
2343	40.8
2344	101.8
2345	57.4
2346	97.5
2347	98.3
2348	103.8
2349	98.6
2350	105.1
2351	73.6
2352	99.4
2353	95.3
2354	102.5
2355	93.6
2356	98.3
2357	104.7
2358	39.7
2359	95.1
2360	98
2361	99.9
2362	58.9
2363	94.2
2364	76.3
2365	98.4
2366	100.6
2367	106.7
2368	100.6
2369	32.8
2370	97.1
2371	102.5
2372	94.7
2373	98.9
2374	38.8
2375	99.2
2376	104.8
2377	100.4
2378	98.4
2379	96.9
2380	100.8
2381	95.9
2382	91
2383	103.5
2384	102.4
2385	60.5
2386	96.4
2387	97.2
2388	99.6
2389	96.8
2390	70.6
2391	96.1
2392	94.1
2393	102
2394	97.5
2395	39.9
2396	97.2
2397	101.3
2398	58.9
2399	98.3
2400	102
2401	94.9
2402	94.2
2403	95.6
2404	38.6
2405	97.6
2406	93.7
2407	103.5
2408	95.3
2409	96.9
2410	98.5
2411	99.6
2412	101.8
2413	99.4
2414	33
2415	98.9
2416	94.7
2417	94.4
2418	94.4
2419	96.3
2420	97
2421	105.7
2422	80
2423	88.9
2424	97
2425	31.1
2426	102.7
2427	93.1
2428	91.1
2429	105.6
2430	101.3
2431	99
2432	94.3
2433	96.8
2434	27.5
2435	98.2
2436	91.3
2437	21.3
2438	92.7
2439	82
2440	97.5
2441	105.1
2442	87.5
2443	93.3
2444	99.5
2445	93.9
2446	30.7
2447	98.2
2448	100.8
2449	100
2450	98.1
2451	90.9
2452	90.8
2453	98.4
2454	102
2455	99.1
2456	86.2
2457	96
2458	92.8
2459	98
2460	20.9
2461	92
2462	74.4
2463	29.3
2464	98.8
2465	103.3
2466	101.9
2467	84.8
2468	91.6
2469	99.3
2470	96.8
2471	94.5
2472	97.7
2473	26.8
2474	79.6
2475	93.6
2476	98.4
2477	97.3
2478	92.3
2479	95.8
2480	95.9
2481	67.2
2482	20.3
2483	97.1
2484	100.5
2485	92.7
2486	92
2487	99.1
2488	95.1
2489	90.9
2490	94.8
2491	27.2
2492	99.8
2493	97.2
2494	92.6
2495	91
2496	25.3
2497	86.3
2498	91.4
2499	21.4
2500	94.9
2501	88.9
2502	91.8
2503	88.8
2504	72.4
2505	92.9
2506	92.5
2507	97.9
2508	80.9
2509	97.9
2510	83.2
2511	4.6
2512	89.3
2513	92.3
2514	89.9
2515	91.3
2516	93.5
2517	29.2
2518	57.9
2519	92
2520	92.3
2521	89.3
2522	4.6
2523	30.4
2524	96.2
2525	55.3
2526	89.8
2527	87.8
2528	87.9
2529	91.1
2530	87.6
2531	83.4
2532	84
2533	94.7
2534	58.5
2535	87.8
2536	94.3
2537	65.4
2538	4.6
2539	96.6
2540	89.1
2541	97.1
2542	85.9
2543	92.2
2544	59.5
2545	86.4
2546	77.7
2547	92.1
2548	88.2
2549	91.7
2550	96.9
2551	34.2
2552	94.5
2553	87.5
2554	91.1
2555	84.9
2556	90.6
2557	92.5
2558	90
2559	84.6
2560	4.6
2561	84.9
2562	94
2563	86.4
2564	89.5
2565	89.9
2566	31.4
2567	90.5
2568	4.6
2569	93.3
2570	57.2
2571	36
2572	95.1
2573	64.6
2574	91
2575	59.1
2576	91.3
2577	85.5
2578	87.1
2579	91.3
2580	93.1
2581	87.6
2582	92.9
2583	87.9
2584	95.8
2585	4.5
2586	91.6
2587	90.4
2588	91.2
2589	83.7
2590	90.5
2591	87.1
2592	83.1
2593	81.4
2594	48.7
2595	96.2
2596	4.6
2597	89.7
2598	89.8
2599	94.2
2600	88.7
2601	85.2
2602	86.6
2603	83
2604	90.1
2605	90
2606	79
2607	4.5
2608	79.7
2609	88.3
2610	58.8
2611	88.2
2612	82
2613	88.1
2614	87.8
2615	39.8
2616	89.3
2617	4.6
2618	97
2619	95.1
2620	87.1
2621	43.9
2622	87.2
2623	4.5
2624	82
2625	89.3
2626	39
2627	90.5
2628	39.1
2629	94.1
2630	82.2
2631	81
2632	4.4
2633	87.4
2634	86
2635	82.5
2636	87.9
2637	92.6
2638	71.3
2639	81.1
2640	79.6
2641	79.7
2642	4.4
2643	90.6
2644	82.3
2645	89.7
2646	79.9
2647	45.5
2648	86.1
2649	77.2
2650	4.5
2651	91.7
2652	84.3
2653	84.2
2654	82.6
2655	80.6
2656	86.7
2657	43.8
2658	83.2
2659	89.7
2660	4.6
2661	66.6
2662	86.2
2663	80.3
2664	82.4
2665	77.7
2666	79.8
2667	37.7
2668	79.2
2669	86.1
2670	84.9
2671	86.9
2672	82.9
2673	50.2
2674	41
2675	79
2676	26.9
2677	87
2678	89.1
2679	79.6
2680	77.4
2681	74.3
2682	67.5
2683	83.9
2684	81.9
2685	83.2
2686	87.9
2687	83.1
2688	70.4
2689	75.5
2690	68.5
2691	71.5
2692	21.8
2693	68.5
2694	85.7
2695	90.7
2696	86.3
2697	84.9
2698	87.2
2699	5.8
2700	78.6
2701	31.7
2702	65.7
2703	76.4
2704	51.6
2705	80.2
2706	75.4
2707	5.6
2708	66.3
2709	58.2
2710	69.6
2711	73.8
2712	75.7
2713	85.2
2714	71.9
2715	69.2
2716	68.1
2717	68.3
2718	70.4
2719	84
2720	69.4
2721	80.8
2722	75.6
2723	85
2724	10.9
2725	66.4
2726	81.7
2727	86.7
2728	72
2729	84.1
2730	71.4
2731	75.1
2732	72.4
2733	68.7
2734	69.3
2735	73.1
2736	12.8
2737	78.2
2738	61.5
2739	78.5
2740	66.9
2741	61
2742	62.1
2743	76.6
2744	74
2745	46
2746	12.9
2747	78.5
2748	84.2
2749	79.4
2750	65
2751	56.6
2752	80.5
2753	75.7
2754	70.2
2755	58.7
2756	72.2
2757	80.6
2758	69.1
2759	73
2760	75.2
2761	74.3
2762	81.6
2763	12.3
2764	72.1
2765	70.9
2766	69.3
2767	12.5
2768	62.5
2769	71.6
2770	78.6
2771	69.4
2772	58.5
2773	32.4
2774	59.5
2775	71.5
2776	81.9
2777	66.8
2778	69.9
2779	81.6
2780	22.9
2781	82
2782	45.9
2783	82.1
2784	83.2
2785	15.6
2786	13.8
2787	68.5
2788	71.8
2789	70
2790	83.2
2791	68.9
2792	71.6
2793	61.2
2794	84
2795	70.3
2796	55.5
2797	67.8
2798	67.8
2799	81.3
2800	71.2
2801	75.6
2802	69
2803	67
2804	24.8
2805	71.1
2806	81.5
2807	65.2
2808	69.1
2809	69.3
2810	11
2811	74
2812	56.2
2813	56.9
2814	85.2
2815	74.9
2816	68.7
2817	77.9
2818	54.9
2819	87
2820	74.3
2821	64.7
2822	80.9
2823	62.6
2824	10
2825	75.9
2826	13.6
2827	21.2
2828	59.4
2829	18.1
2830	85.1
2831	86.7
2832	85.6
2833	73
2834	60.7
2835	69.4
2836	86.5
2837	81.2
2838	69.6
2839	71.9
2840	75.9
2841	88.2
2842	52.8
2843	78.7
2844	34.6
2845	72.8
2846	9.7
2847	74.4
2848	71.1
2849	71.2
2850	73
2851	50.3
2852	82.6
2853	85.3
2854	76.3
2855	82.9
2856	68.1
2857	84.8
2858	57.3
2859	80.5
2860	80.4
2861	83.9
2862	56.2
2863	37.8
2864	57.2
2865	86.3
2866	70.8
2867	83.4
2868	42.7
2869	58.7
2870	80.3
2871	68
2872	76.4
2873	73.1
2874	9.1
2875	82
2876	7.8
2877	84.4
2878	83.6
2879	33.2
2880	82.9
2881	86.9
2882	88.7
2883	81.9
2884	59.7
2885	44.2
2886	52.7
2887	41.5
2888	7.1
2889	12.2
2890	10.9
2891	85.3
2892	71.9
2893	61.7
2894	60.1
2895	81.4
2896	6.5
2897	74.6
2898	82.8
2899	60.7
2900	60.4
2901	35.6
2902	86.6
2903	83
2904	22.8
2905	82.5
2906	75.1
2907	46.2
2908	85.4
2909	77.8
2910	78.4
2911	73.8
2912	84.9
2913	75.4
2914	86.8
2915	38.9
2916	82.5
2917	9
2918	61.1
2919	33.4
2920	38.1
2921	83.1
2922	76.6
2923	80.4
2924	51.5
2925	83.7
2926	46.7
2927	28
2928	64.6
2929	44.4
2930	74.4
2931	84.1
2932	65.6
2933	87
2934	25.5
2935	85.8
2936	29.7
2937	76.1
2938	32.1
2939	87.7
2940	27.5
2941	79.9
2942	29.4
2943	80.9
2944	28.7
2945	87.4
2946	84.8
2947	58.3
2948	85.5
2949	84.3
2950	77.3
2951	64.8
2952	84.7
2953	80.1
2954	79.4
2955	80.3
2956	69.2
2957	46.8
2958	85.2
2959	35.7
2960	79.5
2961	88.2
2962	85.1
2963	57.9
2964	71.7
2965	77.7
2966	60.5
2967	76.2
2968	82.6
2969	36.3
2970	26.1
2971	80.1
2972	61.6
2973	23.9
2974	87.1
2975	92.7
2976	66
2977	48.1
2978	56.5
2979	90.6
2980	85.6
2981	86.5
2982	66.5
2983	80.3
2984	86.7
2985	77.1
2986	84.8
2987	81
2988	81.7
2989	26.4
2990	74
2991	94.6
2992	59.5
2993	88.2
2994	86.9
2995	81.4
2996	66.2
2997	63.3
2998	75.1
2999	65.4
3000	77.7
3001	45.3
3002	88.6
3003	77.4
3004	54.8
3005	48.5
3006	84.3
3007	78.3
3008	89.1
3009	57.7
3010	28
3011	83.4
3012	51.5
3013	87.9
3014	71.9
3015	50.8
3016	83.6
3017	95.8
3018	73.3
3019	49.4
3020	74.2
3021	55.4
3022	43
3023	51.2
3024	87.1
3025	71
3026	88.3
3027	85.6
3028	78.2
3029	88.7
3030	34.9
3031	52.4
3032	56.1
3033	42.6
3034	53
3035	75.5
3036	35.7
3037	51.6
3038	47.1
3039	77.6
3040	89.7
3041	93.4
3042	91.6
3043	92.6
3044	79.6
3045	90.1
3046	44.7
3047	46.7
3048	92.7
3049	75.7
3050	94.6
3051	86.7
3052	81
3053	92.7
3054	73.1
3055	77.6
3056	93.2
3057	47.7
3058	92.5
3059	83.9
3060	35.1
3061	41.9
3062	50.3
3063	94.8
3064	92.8
3065	36
3066	92.8
3067	37.7
3068	97.3
3069	41
3070	86
3071	53
3072	80.5
3073	20.8
3074	90.7
3075	48.4
3076	59.9
3077	85
3078	80.1
3079	89.8
3080	92.6
3081	47.6
3082	40.2
3083	97.8
3084	42.6
3085	81.9
3086	83.4
3087	101.7
3088	96.5
3089	101.2
3090	85.4
3091	49.8
3092	33.4
3093	57.9
3094	25.9
3095	33.2
3096	89.8
3097	33.8
3098	101.8
3099	40.7
3100	90.8
3101	16.7
3102	53.6
3103	93.1
3104	96
3105	42.7
3106	96.7
3107	94.9
3108	33.2
3109	48.6
3110	42.1
3111	101.7
3112	14
3113	97.3
3114	44.8
3115	42.9
3116	51.5
3117	50.3
3118	95.7
3119	106.3
3120	13.5
3121	103.8
3122	26
3123	97.7
3124	33.2
3125	56.8
3126	20.1
3127	16.9
3128	35.3
3129	40.1
3130	32.9
3131	95.7
3132	96.5
3133	99.6
3134	96.1
3135	29.8
3136	100.2
3137	23
3138	42.4
3139	101.3
3140	86.9
3141	37.3
3142	92.5
3143	99.7
3144	36.4
3145	15.9
3146	30.6
3147	19.1
3148	46
3149	25.6
3150	23.9
3151	75.2
3152	97.5
3153	97
3154	89.6
3155	4.5
3156	77.3
3157	73.9
3158	23.8
3159	88.6
3160	17.1
3161	72.3
3162	96.3
3163	38.7
3164	28.5
3165	3.6
3166	95.8
3167	3.2
3168	95.1
3169	26.8
3170	94.8
3171	40.2
3172	96.7
3173	32.2
3174	0.3
3175	93.1
3176	36.4
3177	34.6
3178	34.3
3179	30.3
3180	25
3181	2.2
3182	95.7
3183	95.1
3184	72.9
3185	69.9
3186	75.1
3187	89
3188	0.1
3189	70.9
3190	38.3
3191	36.3
3192	0.3
3193	48.3
3194	95.7
3195	95.1
3196	24.7
3197	1.8
3198	1.9
3199	85
3200	28.4
3201	32.2
3202	95.7
3203	96.1
3204	3.7
3205	58.6
3206	30.1
3207	52.7
3208	33
3209	38.6
3210	60.1
3211	59.6
3212	87.5
3213	30.2
3214	29
3215	27.4
3216	34.2
3217	38.4
3218	55.8
3219	62.2
3220	1.6
3221	35.3
3222	58.2
3223	35.3
3224	89.6
3225	36.5
3226	86.2
3227	36.4
3228	42.4
3229	44.2
3230	7.6
3231	44.9
3232	35.3
3233	33.3
3234	82.6
3235	88.4
3236	55.8
3237	27.9
3238	64
3239	40.2
3240	9.3
3241	61.9
3242	49.1
3243	60.1
3244	47.7
3245	37.4
3246	40.1
3247	36
3248	34
3249	36.5
3250	4.3
3251	94.8
3252	89.6
3253	45.4
3254	52.1
3255	31.4
3256	37.7
3257	51.8
3258	51.4
3259	65.3
3260	35.8
3261	40.7
3262	55
3263	33.9
3264	32.6
3265	33.5
3266	44.5
3267	64.1
3268	49.3
3269	87.6
3270	43.7
3271	30.8
3272	84.9
3273	31.6
3274	85.8
3275	45.2
3276	42.2
3277	44.4
3278	72.8
3279	35
3280	33.4
3281	41.1
3282	30.8
3283	37.5
3284	45.9
3285	29.3
3286	80.3
3287	33.3
3288	43.8
3289	48.4
3290	37
3291	78.2
3292	32.6
3293	45.5
3294	46.8
3295	39.5
3296	30.7
3297	31.8
3298	56.7
3299	37.1
3300	62
3301	41.6
3302	39
3303	79.2
3304	46.7
3305	58.5
3306	50.2
3307	33.7
3308	80.3
3309	46.2
3310	38.7
3311	32.1
3312	43.1
3313	37.8
3314	28
3315	50.2
3316	75.8
3317	30.1
3318	35.7
3319	26.1
3320	37.8
3321	48.1
3322	29
3323	39.8
3324	51.4
3325	39.3
3326	47.1
3327	20.3
3328	31.9
3329	35.8
3330	53.1
3331	39.2
3332	38.8
3333	38.2
3334	28.9
3335	73.1
3336	47.1
3337	18.6
3338	38.6
3339	25.6
3340	29
3341	61.7
3342	45
3343	33.8
3344	38.5
3345	20.9
3346	32.1
3347	46.9
3348	21.4
3349	44.6
3350	33
3351	33.5
3352	33.2
3353	36.6
3354	49.5
3355	41.8
3356	42.8
3357	49.3
3358	31.5
3359	34.1
3360	33.6
3361	37.2
3362	44.5
3363	51.5
3364	40.4
3365	37.5
3366	34.3
3367	39.7
3368	30.6
3369	33.4
3370	41.3
3371	36.6
3372	35
3373	37.4
3374	35.2
3375	44.9
3376	34.4
3377	43.6
3378	43.7
3379	46.6
3380	35.5
3381	38.2
3382	44.1
3383	39.2
3384	36.3
3385	37.4
3386	39.3
3387	49.1
3388	44.3
3389	38.9
3390	39.6
3391	40.5
3392	41.3
3393	49
3394	41.9
3395	41.5
3396	39.6
3397	43
3398	38.7
3399	37.1
3400	89.6
3401	89.1
3402	87.7
3403	100.6
3404	89
3405	86.2
3406	87.4
3407	98
3408	89.1
3409	99.4
3410	31.3
3411	36
3412	86.5
3413	95.9
3414	89
3415	97.2
3416	109.7
3417	99.9
3418	99.5
3419	99.5
3420	100.6
3421	103.7
3422	99.8
3423	97.8
3424	92.5
3425	96.3
3426	105.1
3427	107
3428	63.2
3429	96.4
3430	59.5
3431	107.2
3432	98.8
3433	103.4
3434	97.2
3435	103
3436	102.5
3437	99.8
3438	101.1
3439	96.3
3440	90.9
3441	101.1
3442	113.4
3443	100.9
3444	85.4
3445	95.5
3446	98.1
3447	105.5
3448	112.4
3449	102.2
3450	98.1
3451	98.3
3452	104.5
3453	87.5
3454	102.7
3455	105.9
3456	80.4
3457	108.5
3458	98.5
3459	101.5
3460	102.9
3461	94.5
3462	106.8
3463	108.8
3464	100.7
3465	103.1
3466	80.3
3467	98.5
3468	102.7
3469	84.1
3470	102
3471	112.6
3472	72.6
3473	108.7
3474	106.1
3475	105.1
3476	104
3477	103.3
3478	103.2
3479	103.4
3480	98.6
3481	108.3
3482	58.5
3483	70.2
3484	100.9
3485	74.5
3486	100.7
3487	1.1
3488	36
3489	108.5
3490	104.5
3491	94.9
3492	86.8
3493	52.2
3494	91.2
3495	96.4
3496	29.9
3497	73.6
3498	70.5
3499	101.1
3500	89.7
3501	29.2
3502	31.1
3503	81.4
3504	84.1
3505	92.1
3506	96.8
3507	85.5
3508	100
3509	36.3
3510	96.9
3511	95.3
3512	96.8
3513	60.2
3514	97.8
3515	97.6
3516	96.6
3517	91.5
3518	92.8
3519	95.3
3520	98.4
3521	99.1
3522	94.8
3523	94
3524	92.5
3525	92.2
3526	33.7
3527	92.6
3528	92.1
3529	90
3530	88.7
3531	93.7
3532	54.2
3533	96
3534	93.6
3535	89.9
3536	67.3
3537	15.7
3538	82.6
3539	70.5
3540	73.7
3541	74.1
3542	70.6
3543	74.5
3544	67.1
3545	69.2
3546	63
3547	53.1
3548	72.4
3549	84.9
3550	82.4
3551	85.2
3552	58.5
3553	63.8
3554	86.2
3555	80.7
3556	83.5
3557	27.9
3558	75.9
3559	24.1
3560	59.6
3561	72.7
3562	46.1
3563	89
3564	48
3565	51.4
3566	49.5
3567	87.3
3568	93.1
3569	102.1
3570	92.9
3571	95.5
3572	50.7
3573	97.8
3574	52
3575	56
3576	97.6
3577	95
3578	66.6
3579	32.3
3580	31.8
3581	34.3
3582	61.5
3583	31.1
3584	92.9
3585	37.1
3586	86.4
3587	33.5
3588	48.5
3589	33
3590	31.7
3591	44.9
3592	38.4
3593	42.7
3594	39.4
