"COMID"	"Value"
1	65.5
2	85
3	90.3
4	79.9
5	76.8
6	18.9
7	113
8	90.9
9	6.3
10	6.6
11	81.7
12	3.2
13	55.4
14	99.3
15	85.4
16	69.4
17	57
18	116.7
19	85.6
20	83.2
21	101.8
22	93.2
23	2.4
24	2.3
25	87.2
26	70.1
27	74.9
28	82.4
29	69
30	59.2
31	75.6
32	73.6
33	97.4
34	1.2
35	88.8
36	11
37	98.5
38	6.6
39	3.4
40	54
41	99.9
42	97.6
43	54.1
44	76.8
45	79.1
46	52.2
47	101.1
48	96.4
49	86.4
50	46.7
51	2
52	64.4
53	15.9
54	92.1
55	89
56	78.2
57	53.7
58	1.2
59	92.1
60	0.7
61	4.7
62	8.8
63	79.1
64	90.2
65	2
66	54.2
67	96.3
68	111.2
69	77
70	17.9
71	15.2
72	101.7
73	0.6
74	119.6
75	18.5
76	10.9
77	42.6
78	66.5
79	89.1
80	4.8
81	83.8
82	33.3
83	100.6
84	4.1
85	98.1
86	114.2
87	0.8
88	0.9
89	41.4
90	91.4
91	53.1
92	88.6
93	91.4
94	13.6
95	115.7
96	5
97	83.5
98	1.9
99	55.5
100	90.7
101	73.3
102	98.4
103	0.6
104	42
105	9.3
106	82.9
107	68
108	2.9
109	2.7
110	1.7
111	10
112	79.4
113	13.4
114	80.4
115	97
116	122
117	87.8
118	87.4
119	18.2
120	88.4
121	42.8
122	89
123	14.3
124	88
125	124.8
126	87.5
127	51.5
128	90.8
129	0.5
130	22.4
131	87.7
132	3.4
133	87.8
134	83.2
135	90.2
136	123.5
137	91.6
138	1.2
139	0.6
140	93.6
141	99.9
142	6.7
143	13.4
144	84.8
145	1.6
146	82.4
147	78.8
148	92.4
149	90.9
150	89
151	49.4
152	88.9
153	0.5
154	91.9
155	17.8
156	23.3
157	91.2
158	3.9
159	116.6
160	88.5
161	20.7
162	1.7
163	49.1
164	19.9
165	12.7
166	0.7
167	89
168	15.3
169	90.4
170	90.2
171	117.4
172	10.9
173	31.2
174	0.8
175	57.7
176	87.8
177	117.1
178	95.4
179	88.7
180	0.5
181	7.9
182	81.7
183	19.6
184	0.6
185	2.2
186	85.5
187	88.5
188	0.5
189	0.5
190	93
191	0.5
192	94
193	8.6
194	86.4
195	26.6
196	0.6
197	117.3
198	0.5
199	90.8
200	0.6
201	0.5
202	3.7
203	0.7
204	0.4
205	4
206	59.7
207	42
208	88.2
209	92.5
210	115.4
211	84
212	87.7
213	94.8
214	1.1
215	87.8
216	94.8
217	87.7
218	71.9
219	85.9
220	0.8
221	19.4
222	88.3
223	83.2
224	2.5
225	84.2
226	93.5
227	11.4
228	94
229	0.2
230	29.8
231	109.9
232	95
233	86.9
234	21.2
235	15.7
236	96
237	58.8
238	72.4
239	87.9
240	113.8
241	90.2
242	1.6
243	11.3
244	79.1
245	87.4
246	79.3
247	8.7
248	4.5
249	0.3
250	79.7
251	91.7
252	74.2
253	94.4
254	0.9
255	0.2
256	42.5
257	0.6
258	45
259	9.7
260	2.2
261	87.3
262	92.2
263	15.7
264	0.1
265	0.1
266	85.7
267	82.8
268	76.1
269	85.6
270	0.1
271	98.4
272	90.6
273	77.2
274	11.3
275	85
276	27
277	0.2
278	91.4
279	0.3
280	78
281	90.6
282	74
283	0.8
284	37.6
285	1
286	87.8
287	74.2
288	21.6
289	3.1
290	0
291	72.9
292	21.7
293	14.6
294	78.8
295	0
296	81.4
297	79.8
298	0.1
299	43.4
300	90.5
301	0.2
302	94.9
303	89.6
304	13.4
305	76.5
306	33.5
307	88.5
308	53.6
309	3.7
310	98.4
311	93.6
312	81.6
313	95
314	23.1
315	1.8
316	1.5
317	16.4
318	68.1
319	25.1
320	85.5
321	0.1
322	86.9
323	86.9
324	3.7
325	25.7
326	81.1
327	3.3
328	3.5
329	0.2
330	0.7
331	1.5
332	0.2
333	0.2
334	1.5
335	24.2
336	0.2
337	26.1
338	0.2
339	16.2
340	4.6
341	0.2
342	12.6
343	0.4
344	24.1
345	12.9
346	20.1
347	0.4
348	33.3
349	14.9
350	0.4
351	0.7
352	0.3
353	58.8
354	6.5
355	15.5
356	0.4
357	10.4
358	6.9
359	14.1
360	4.4
361	0.4
362	4.5
363	3.9
364	15.6
365	27.4
366	41.1
367	15.2
368	75.1
369	7
370	65.7
371	11.9
372	3
373	50.7
374	18.6
375	84.1
376	1.1
377	69.2
378	42.2
379	21.9
380	73
381	6.2
382	9.5
383	106.1
384	26.2
385	11.1
386	9.6
387	72.9
388	66.3
389	77.5
390	67.6
391	5.2
392	113.8
393	16.1
394	10.1
395	8.4
396	16.9
397	18.2
398	0.7
399	42.8
400	2.4
401	77.5
402	17.2
403	7.4
404	11.2
405	9.7
406	81.8
407	32.8
408	8.4
409	16.6
410	92.3
411	76.4
412	9.4
413	78.5
414	5.8
415	28.8
416	4.2
417	10
418	6.9
419	64.1
420	5.5
421	29.9
422	20.8
423	64.4
424	83.7
425	66
426	9.2
427	68.1
428	80.3
429	77.3
430	68.7
431	20.1
432	18.1
433	64.5
434	39.6
435	4.5
436	50.7
437	54.9
438	75.8
439	8.6
440	61.4
441	71
442	5.7
443	79.3
444	25.8
445	81.7
446	2.6
447	81.3
448	72.4
449	0.8
450	70.6
451	13.1
452	77.9
453	9.2
454	2.2
455	52.6
456	6.1
457	84.8
458	85.7
459	79
460	21.5
461	97.6
462	83.5
463	19.7
464	34.8
465	78.6
466	25.1
467	71.5
468	0.7
469	46
470	1.5
471	10.1
472	67.1
473	94.6
474	0.6
475	16.5
476	0.1
477	90.3
478	0.2
479	63.1
480	76.8
481	13.7
482	5.8
483	77.9
484	3.1
485	28.9
486	40.6
487	66.6
488	51.1
489	12.5
490	48.5
491	73.3
492	78.5
493	18.2
494	90.4
495	50.1
496	5.4
497	86.9
498	70.5
499	14
500	89
501	52.2
502	87.8
503	1.1
504	3.3
505	69.5
506	93.8
507	81.6
508	73.6
509	95.3
510	52.3
511	89.1
512	91.1
513	2.8
514	64.1
515	6.3
516	17.2
517	83.3
518	26.3
519	51.6
520	62.7
521	52.7
522	6.7
523	1.3
524	93.6
525	52.5
526	42.6
527	52.7
528	2.4
529	5.8
530	91.9
531	72
532	102
533	52.8
534	29.7
535	98
536	92.8
537	46.9
538	16
539	4
540	1.8
541	91.7
542	74.3
543	48.7
544	10
545	61
546	88.6
547	1.1
548	57.8
549	73.6
550	3.4
551	87.5
552	1.1
553	130.5
554	4.6
555	1.4
556	1.1
557	38.3
558	63.4
559	86.5
560	83.8
561	136.8
562	82
563	9.7
564	62.7
565	88.8
566	81.1
567	2.7
568	88.3
569	62.2
570	6.4
571	129.2
572	75.2
573	33
574	1.1
575	2.3
576	42.6
577	33.6
578	89.8
579	90
580	73.6
581	29
582	1.1
583	2.4
584	2.4
585	36.7
586	1.1
587	70.2
588	1.1
589	92.9
590	6.7
591	1.1
592	92.1
593	61.8
594	68.9
595	1.1
596	3.6
597	5.8
598	11.2
599	71.3
600	59.4
601	20.1
602	9.2
603	101.3
604	1.1
605	14.8
606	1.1
607	5.9
608	40.1
609	20.5
610	4.1
611	88
612	17.3
613	5.2
614	63.8
615	61.1
616	12.3
617	120.9
618	82.9
619	88.8
620	73.1
621	1.1
622	76.8
623	79.7
624	72.8
625	4.6
626	8.5
627	75.9
628	16.1
629	76.2
630	82.4
631	4.3
632	93.3
633	77.1
634	4.7
635	91.1
636	77
637	72.2
638	2
639	88
640	68.5
641	89.3
642	9.5
643	83.7
644	20.6
645	88.9
646	87.6
647	4.2
648	98.6
649	79.4
650	5
651	85.8
652	18.8
653	3
654	3.4
655	3.8
656	29.1
657	85.2
658	119.5
659	89.6
660	37.8
661	107.8
662	67.5
663	88.3
664	2.6
665	3.4
666	3.5
667	107.2
668	108.3
669	116.6
670	4.2
671	5.2
672	4.5
673	68.8
674	80.2
675	90.7
676	81.5
677	90.6
678	61.6
679	13.1
680	26.2
681	84.1
682	65
683	117
684	87
685	5.4
686	87.2
687	3.4
688	93.9
689	5.4
690	79.3
691	91.7
692	96.1
693	50
694	63.7
695	88.4
696	90.9
697	9.7
698	87.2
699	56.1
700	88.9
701	94.6
702	93
703	95.8
704	46.3
705	77.1
706	46.1
707	84.3
708	94.8
709	81.7
710	83.1
711	40.5
712	68.1
713	76.9
714	27.5
715	73
716	17
717	101.2
718	91
719	69.5
720	96.1
721	5.7
722	82.6
723	95.5
724	70.6
725	5.4
726	7.6
727	81.8
728	80.5
729	75.6
730	81
731	45.1
732	65.7
733	69.6
734	93.5
735	77.6
736	42.8
737	57.5
738	95.4
739	70.3
740	74.2
741	78.7
742	89
743	84.8
744	32.7
745	5.8
746	92.6
747	100
748	1.5
749	90.6
750	15.1
751	91.2
752	69.9
753	101.8
754	94.4
755	89.2
756	66
757	124
758	83.2
759	5
760	95.3
761	3.5
762	78.1
763	71.8
764	88.6
765	107
766	33.4
767	84.5
768	79.6
769	96.8
770	75.2
771	83.8
772	93.9
773	83.5
774	92
775	75.8
776	26.2
777	73.2
778	73.7
779	25.8
780	97.8
781	74.1
782	108.5
783	120.8
784	111.6
785	118.9
786	121.3
787	116
788	97.1
789	98.6
790	123.2
791	119.5
792	123.1
793	122.7
794	121.6
795	112.6
796	116.2
797	113.3
798	118.2
799	122.5
800	124.4
801	118
802	114.3
803	123.7
804	93.8
805	114.4
806	117
807	85.9
808	118.1
809	113.3
810	121.6
811	116.8
812	125.4
813	118.4
814	116.8
815	119.8
816	122.1
817	93.9
818	125
819	122.8
820	116
821	110.3
822	111.6
823	120.1
824	123.5
825	114.8
826	115.9
827	116.5
828	114.8
829	117.6
830	121
831	105.7
832	117.1
833	110.1
834	111.6
835	109.6
836	116
837	80.4
838	114.4
839	113.4
840	114.2
841	107.3
842	109.6
843	54
844	108.9
845	106.8
846	118.3
847	114.7
848	117.1
849	116.2
850	121.1
851	120.7
852	98.3
853	116.6
854	120.2
855	116.4
856	112.1
857	109.6
858	121.1
859	106.2
860	105.1
861	120.4
862	30.7
863	115.6
864	108.4
865	119.2
866	106.2
867	93.4
868	117.3
869	110
870	77.6
871	105
872	107.1
873	37.8
874	116.4
875	111.1
876	109.4
877	118.3
878	118.4
879	123.5
880	103.8
881	110.6
882	113.2
883	87.8
884	120.1
885	118.1
886	23.1
887	101.8
888	101.9
889	118.4
890	118.1
891	114.5
892	108.7
893	115.2
894	27.3
895	121.7
896	118.3
897	114.8
898	108.5
899	112.6
900	113.3
901	104.7
902	115.3
903	118.3
904	118.2
905	104.2
906	111.6
907	116.9
908	103.7
909	115.4
910	40.9
911	116.6
912	111.1
913	115.6
914	105.1
915	50.5
916	106.4
917	119.9
918	105.4
919	114.9
920	115.3
921	89.9
922	110.7
923	60.2
924	103.1
925	121.2
926	111.2
927	115.8
928	118
929	109.4
930	109.3
931	115.3
932	127.7
933	105.3
934	46
935	115.6
936	113.1
937	117.4
938	122.2
939	117.1
940	114.9
941	107
942	118.5
943	40.6
944	119.2
945	106.4
946	118
947	43.8
948	105.5
949	110.3
950	114.8
951	112.5
952	114.6
953	123.3
954	127.5
955	108.6
956	112.7
957	116.9
958	123.9
959	113.3
960	109.2
961	115.5
962	109.6
963	105.1
964	28.7
965	109.3
966	116.3
967	27.3
968	110.9
969	117.7
970	75.2
971	115.4
972	107
973	108.4
974	112
975	118.9
976	123
977	119.6
978	122.5
979	117.6
980	121.2
981	109.7
982	111.5
983	114.8
984	120.7
985	120
986	118.8
987	124.6
988	120.1
989	112
990	47.4
991	113.3
992	88.5
993	122.3
994	109.7
995	120.1
996	117
997	120.6
998	127.5
999	108.1
1000	25.3
1001	130.9
1002	121.6
1003	47.8
1004	115.9
1005	127.3
1006	115.9
1007	28.6
1008	126.8
1009	79.5
1010	114.8
1011	109.4
1012	116.2
1013	129.9
1014	119.1
1015	126.1
1016	33.4
1017	121.8
1018	128.2
1019	130.2
1020	116.4
1021	111
1022	114.6
1023	114.5
1024	120.2
1025	122.5
1026	114.9
1027	114.7
1028	114
1029	128.1
1030	119.2
1031	32.5
1032	44.6
1033	127.4
1034	111.1
1035	109.7
1036	105.2
1037	117
1038	114.3
1039	127.8
1040	127.8
1041	125.9
1042	126.2
1043	35.4
1044	125.6
1045	126.8
1046	127.1
1047	119.5
1048	117.6
1049	116.5
1050	30.5
1051	102.4
1052	110.1
1053	127.3
1054	111
1055	113.8
1056	115
1057	116.9
1058	105.6
1059	127
1060	109.7
1061	34.8
1062	122.9
1063	120.5
1064	124.5
1065	124.1
1066	118.3
1067	125.5
1068	124.5
1069	124.6
1070	117.4
1071	110.8
1072	127.3
1073	125.6
1074	110.3
1075	84.3
1076	114.1
1077	123.1
1078	124.4
1079	114.5
1080	127.3
1081	123.4
1082	116.3
1083	126.4
1084	115.6
1085	114.6
1086	116
1087	29.5
1088	126.1
1089	124.7
1090	111.5
1091	121.3
1092	119.7
1093	125.7
1094	125
1095	128.4
1096	129.2
1097	123.6
1098	127.1
1099	82.4
1100	31.6
1101	125.2
1102	111.7
1103	127.2
1104	118.5
1105	122.9
1106	127.4
1107	127.3
1108	122.1
1109	114.8
1110	119.4
1111	123.1
1112	115.6
1113	122.7
1114	113.6
1115	129.9
1116	124.4
1117	117.8
1118	130.4
1119	118.3
1120	127.4
1121	123.9
1122	125.6
1123	125.7
1124	113
1125	125.2
1126	121.3
1127	127
1128	117.4
1129	116.9
1130	125.4
1131	126.2
1132	116.3
1133	117.3
1134	118.4
1135	110.8
1136	125.8
1137	122.9
1138	121
1139	123.9
1140	115.7
1141	128.7
1142	125.2
1143	117.6
1144	127.3
1145	123.1
1146	122.9
1147	122.8
1148	117.9
1149	123.5
1150	128.9
1151	125.2
1152	118.8
1153	120.7
1154	24.9
1155	116.5
1156	119.9
1157	127.1
1158	123.7
1159	90.1
1160	128.3
1161	123.8
1162	125.7
1163	128.2
1164	121.9
1165	113.6
1166	119.8
1167	113.4
1168	119.9
1169	117.6
1170	121.8
1171	128
1172	107.9
1173	128.1
1174	115.4
1175	125.4
1176	77.3
1177	118.3
1178	123.6
1179	122.6
1180	126.7
1181	128.4
1182	127.1
1183	123.1
1184	115.6
1185	119.8
1186	118.3
1187	127.1
1188	121.1
1189	128.9
1190	127.3
1191	121.5
1192	120.8
1193	116.7
1194	127
1195	123.3
1196	127.3
1197	117.7
1198	123.6
1199	118.7
1200	35.1
1201	125.1
1202	126.9
1203	113.6
1204	127.7
1205	128.7
1206	121.4
1207	122.1
1208	128
1209	122.8
1210	116.6
1211	114.6
1212	115.9
1213	98.6
1214	117.1
1215	128.3
1216	118.1
1217	114.7
1218	125.2
1219	127.3
1220	113
1221	125
1222	129
1223	127.3
1224	122.1
1225	120
1226	113.1
1227	118.2
1228	128.2
1229	132.8
1230	113.9
1231	123.3
1232	112.9
1233	125.2
1234	129.7
1235	128.9
1236	126.5
1237	113.4
1238	111.8
1239	123.3
1240	122.4
1241	120.1
1242	112
1243	125.2
1244	123.5
1245	121.6
1246	114.6
1247	89.4
1248	51.4
1249	124
1250	115.5
1251	128.5
1252	115.1
1253	129.8
1254	125.8
1255	120
1256	117
1257	129.1
1258	127
1259	126.3
1260	122.7
1261	118.3
1262	128.7
1263	125.4
1264	130.5
1265	122
1266	111.4
1267	120.2
1268	117
1269	57.4
1270	116.2
1271	128.2
1272	118.1
1273	129.8
1274	113.9
1275	121
1276	118
1277	114.1
1278	116.3
1279	46.3
1280	123.7
1281	122.5
1282	126.1
1283	122
1284	62.6
1285	131.1
1286	123.3
1287	129.4
1288	119.4
1289	116.8
1290	122
1291	128.6
1292	129
1293	39.3
1294	129.9
1295	118.4
1296	131.4
1297	67.2
1298	113
1299	125.3
1300	126.4
1301	118.6
1302	119.8
1303	128.1
1304	62.6
1305	122.8
1306	119.5
1307	119.7
1308	125.5
1309	122.4
1310	116.1
1311	116.2
1312	110.8
1313	120.2
1314	118.6
1315	122.6
1316	123.6
1317	119.2
1318	126.5
1319	121.4
1320	122.8
1321	132.7
1322	120.4
1323	123.4
1324	129.2
1325	121
1326	127.7
1327	134.5
1328	112.5
1329	60.6
1330	126.8
1331	116.9
1332	39.1
1333	86.9
1334	114.6
1335	127
1336	120.4
1337	129
1338	129.5
1339	126.8
1340	130.1
1341	117.5
1342	111.3
1343	120.9
1344	125.7
1345	124
1346	125.4
1347	116.2
1348	119.4
1349	121.9
1350	117.2
1351	121.1
1352	62
1353	112.9
1354	132.3
1355	121.4
1356	55.6
1357	96.4
1358	120.5
1359	129.5
1360	127.5
1361	122
1362	119.8
1363	123.6
1364	120
1365	125
1366	133.1
1367	126
1368	118.4
1369	135.3
1370	129.1
1371	129.9
1372	124.8
1373	118.6
1374	120.8
1375	116.2
1376	55.1
1377	128.5
1378	130.3
1379	130.6
1380	123.9
1381	121.2
1382	119.6
1383	125.9
1384	127.3
1385	54.2
1386	120
1387	131.8
1388	135.7
1389	136.6
1390	117.5
1391	129.7
1392	124.4
1393	130.4
1394	119.1
1395	126.4
1396	120.4
1397	121.8
1398	122.4
1399	119.8
1400	96.7
1401	127.9
1402	126.8
1403	112.4
1404	129.7
1405	117.9
1406	133.6
1407	120.5
1408	126.4
1409	113.3
1410	121.5
1411	108.5
1412	119.9
1413	114.3
1414	127.7
1415	113.5
1416	116.8
1417	132.3
1418	115.2
1419	130.1
1420	132.4
1421	130.1
1422	119.9
1423	77.1
1424	125.9
1425	123.1
1426	107.5
1427	131.2
1428	130.2
1429	129
1430	118.9
1431	114.6
1432	131
1433	116.5
1434	125.3
1435	119.3
1436	121.5
1437	131.6
1438	131
1439	131.7
1440	118.9
1441	117.8
1442	125.3
1443	101.6
1444	126.8
1445	124.9
1446	117.7
1447	122.5
1448	113.8
1449	124
1450	128.5
1451	127.5
1452	120.4
1453	118
1454	74.1
1455	121.7
1456	123.2
1457	115.1
1458	124.3
1459	132.8
1460	128.8
1461	117.3
1462	120.9
1463	133.8
1464	133.6
1465	133.6
1466	125.7
1467	127
1468	123.5
1469	122.7
1470	112.6
1471	125.4
1472	126
1473	128.3
1474	125.4
1475	117.9
1476	122.8
1477	129.9
1478	117
1479	128.1
1480	127.3
1481	119.8
1482	116.8
1483	131.2
1484	128.1
1485	75.5
1486	131.4
1487	129.9
1488	117.5
1489	121.6
1490	123.3
1491	93.7
1492	123.2
1493	120.8
1494	119.8
1495	132.3
1496	117.8
1497	116.7
1498	127.4
1499	122
1500	123.2
1501	123.7
1502	120
1503	129.6
1504	134
1505	118.2
1506	110.3
1507	132.6
1508	129.2
1509	77.2
1510	122.5
1511	124.8
1512	130.4
1513	116.2
1514	132.6
1515	132.3
1516	132.4
1517	122.3
1518	130
1519	128.4
1520	123.3
1521	124.8
1522	129.1
1523	127
1524	136.1
1525	135.6
1526	123
1527	120.3
1528	119.6
1529	129.1
1530	114.8
1531	131.9
1532	123.8
1533	128.2
1534	118.7
1535	61.7
1536	118.6
1537	128.9
1538	70.6
1539	126.6
1540	136.9
1541	120.5
1542	137.1
1543	120.3
1544	127.3
1545	120.2
1546	68.4
1547	105.4
1548	116.3
1549	121.7
1550	127.2
1551	134.7
1552	118.2
1553	117.3
1554	92.2
1555	122
1556	131.5
1557	127.2
1558	127.6
1559	121.3
1560	127
1561	126.6
1562	129.2
1563	128.7
1564	120.1
1565	100.3
1566	128.7
1567	125.9
1568	130.6
1569	121.3
1570	120.1
1571	119.1
1572	127.4
1573	116.5
1574	130.1
1575	112.5
1576	123.7
1577	122.4
1578	125.4
1579	124.2
1580	117.4
1581	122.3
1582	123.6
1583	127.5
1584	70.7
1585	118.9
1586	120.2
1587	135.4
1588	121.6
1589	128.3
1590	124.9
1591	126.4
1592	121.7
1593	130.8
1594	125.5
1595	124.9
1596	122.2
1597	122.5
1598	123.2
1599	128.4
1600	128.7
1601	86
1602	117.3
1603	128.9
1604	118.5
1605	128.9
1606	125.6
1607	125.7
1608	128.3
1609	121.3
1610	126.1
1611	130.8
1612	126.7
1613	126.5
1614	125
1615	125
1616	115.9
1617	125
1618	114.8
1619	128.9
1620	121.7
1621	118.5
1622	127
1623	122.1
1624	119.2
1625	112.3
1626	126.5
1627	132.9
1628	112.1
1629	118.5
1630	132.1
1631	92.8
1632	117.9
1633	125.5
1634	119.7
1635	117.8
1636	123
1637	126.4
1638	106.6
1639	126.3
1640	128.9
1641	116.1
1642	122.1
1643	115.9
1644	131.1
1645	118.1
1646	118.3
1647	117.1
1648	128.7
1649	131.5
1650	123.3
1651	129.9
1652	118.1
1653	123.7
1654	122.7
1655	125.6
1656	132.5
1657	117.4
1658	122.6
1659	123.4
1660	115.3
1661	128.9
1662	130.3
1663	116
1664	128.8
1665	120.5
1666	128.4
1667	126.5
1668	122.2
1669	124.6
1670	131.3
1671	123.2
1672	119.3
1673	128.8
1674	120.5
1675	117
1676	131.3
1677	129.9
1678	122.1
1679	120.8
1680	128.2
1681	123.1
1682	119.1
1683	121.4
1684	115.6
1685	120.7
1686	91
1687	118.8
1688	116.5
1689	130
1690	131.5
1691	134.5
1692	123
1693	123.4
1694	125.4
1695	131.6
1696	136.3
1697	130.7
1698	123.3
1699	128.2
1700	102.8
1701	123.4
1702	124.8
1703	130.6
1704	133.3
1705	124.8
1706	118.8
1707	122.9
1708	120.9
1709	112.6
1710	130.7
1711	126.7
1712	128.6
1713	117.3
1714	115.3
1715	129.9
1716	121.5
1717	116
1718	128.6
1719	95.5
1720	128
1721	120.6
1722	119.4
1723	122.3
1724	120.8
1725	123.3
1726	127.1
1727	129.8
1728	128.3
1729	127.8
1730	118
1731	130.5
1732	115.1
1733	118.4
1734	130.9
1735	127.7
1736	127.7
1737	114.8
1738	119.5
1739	114
1740	132.8
1741	128.2
1742	127.9
1743	119.3
1744	125.6
1745	119.7
1746	129.9
1747	124.9
1748	126.2
1749	99.2
1750	86.9
1751	125.4
1752	125.3
1753	118.1
1754	124.5
1755	124.4
1756	116.4
1757	126.7
1758	130.2
1759	119.8
1760	114.9
1761	131.1
1762	104.5
1763	116.4
1764	118.4
1765	127.6
1766	114.2
1767	127.7
1768	135.2
1769	128.2
1770	127
1771	109
1772	133.7
1773	119.5
1774	118.4
1775	89.9
1776	118.2
1777	115
1778	122.4
1779	126
1780	127
1781	128.9
1782	127
1783	121.6
1784	117.3
1785	115.1
1786	129
1787	128.1
1788	129.2
1789	119.1
1790	121.2
1791	98.5
1792	121.9
1793	118.7
1794	91.7
1795	114.8
1796	128
1797	129.8
1798	121
1799	123.6
1800	115
1801	130.2
1802	115.7
1803	134.8
1804	118.8
1805	122.6
1806	126.7
1807	126.9
1808	117.2
1809	126.3
1810	134.5
1811	125.4
1812	118.2
1813	134.8
1814	120.8
1815	121.3
1816	126.9
1817	118.3
1818	119.8
1819	129.2
1820	135.2
1821	123
1822	123.2
1823	130.2
1824	121.3
1825	131.7
1826	124.6
1827	123.4
1828	126.6
1829	120.6
1830	133.1
1831	119.4
1832	128.3
1833	113
1834	125.2
1835	120.6
1836	123.1
1837	89
1838	122.5
1839	130.7
1840	120
1841	109.8
1842	117.5
1843	135.5
1844	128.8
1845	118
1846	85.1
1847	113.7
1848	130.2
1849	131.8
1850	131.2
1851	119.5
1852	126.4
1853	128.6
1854	123.1
1855	126.6
1856	111.3
1857	122.2
1858	124.8
1859	122.1
1860	108.7
1861	120.3
1862	118.9
1863	116.7
1864	123
1865	120
1866	131.8
1867	120.4
1868	123.8
1869	119.5
1870	76.9
1871	120
1872	117.6
1873	118.4
1874	132.3
1875	123.2
1876	116.9
1877	122.5
1878	115.1
1879	131.2
1880	129.1
1881	127.4
1882	119.7
1883	133.9
1884	120.6
1885	121.6
1886	110.6
1887	119.9
1888	125.7
1889	129.3
1890	126.8
1891	71.7
1892	124.3
1893	123.3
1894	121.1
1895	122.6
1896	119
1897	121.6
1898	131.7
1899	119.9
1900	121.2
1901	125.2
1902	118.9
1903	125
1904	126.2
1905	122.9
1906	120.5
1907	86
1908	99.3
1909	69.9
1910	61.6
1911	124.9
1912	118.1
1913	113.8
1914	121.1
1915	115.6
1916	119.5
1917	119.9
1918	89.4
1919	121.5
1920	120.4
1921	126.9
1922	119
1923	117.7
1924	120
1925	124.4
1926	116.3
1927	125.1
1928	114
1929	74.3
1930	123.4
1931	87.7
1932	93.7
1933	116.9
1934	112.4
1935	119.3
1936	127
1937	122.7
1938	114.1
1939	114.9
1940	120.5
1941	124.5
1942	114.8
1943	124.8
1944	125
1945	81.8
1946	120.7
1947	119.6
1948	77.8
1949	118.5
1950	1.1
1951	122.8
1952	68.3
1953	92.7
1954	124.4
1955	107.1
1956	121.2
1957	121.7
1958	124.2
1959	102.5
1960	116.2
1961	113.1
1962	118.3
1963	122.3
1964	124.2
1965	126.6
1966	1.1
1967	70.9
1968	109.5
1969	121.4
1970	126.7
1971	128
1972	120.5
1973	120.2
1974	124.1
1975	103.2
1976	105.9
1977	84.7
1978	124
1979	1.1
1980	125.7
1981	121.3
1982	1.1
1983	126.9
1984	125.8
1985	95.9
1986	109
1987	122.9
1988	84.7
1989	1.1
1990	1.1
1991	123.7
1992	126.3
1993	96.5
1994	128.3
1995	120.7
1996	119.4
1997	100
1998	124.3
1999	125
2000	114.3
2001	119.6
2002	103.1
2003	101.7
2004	115.5
2005	116.9
2006	106.7
2007	127
2008	122.5
2009	125
2010	98.9
2011	1.1
2012	117.4
2013	107.6
2014	1.1
2015	105.8
2016	118.6
2017	125.3
2018	112.6
2019	116.3
2020	120.2
2021	119.4
2022	119.6
2023	64
2024	1.1
2025	132
2026	113.9
2027	77.5
2028	126.7
2029	121.1
2030	124.6
2031	104.7
2032	82.9
2033	122.5
2034	126
2035	86.2
2036	1.1
2037	122
2038	1.1
2039	115.3
2040	118.4
2041	1.1
2042	82.3
2043	119.7
2044	124.5
2045	119.5
2046	116.7
2047	95.6
2048	120.3
2049	123.4
2050	124.5
2051	108.8
2052	122.1
2053	114.9
2054	95.4
2055	106.5
2056	120.6
2057	105.9
2058	1.1
2059	117.1
2060	114.8
2061	88.5
2062	133.3
2063	117.3
2064	103.9
2065	120.3
2066	120.6
2067	101.7
2068	119.2
2069	125.1
2070	108.4
2071	106.4
2072	123.9
2073	104.6
2074	119.9
2075	125.1
2076	1.1
2077	111.9
2078	118.4
2079	120.9
2080	113.9
2081	120.7
2082	121.2
2083	91.5
2084	113.9
2085	124.6
2086	87.4
2087	114.2
2088	134.4
2089	101.1
2090	126.5
2091	76.8
2092	103
2093	116.9
2094	116.6
2095	88.5
2096	114.1
2097	99.3
2098	95.4
2099	125
2100	117
2101	120.8
2102	114.4
2103	110.3
2104	98.7
2105	118.9
2106	117.2
2107	122.1
2108	95.4
2109	119.9
2110	118.6
2111	100.8
2112	1.1
2113	107.8
2114	113.3
2115	97.5
2116	100.2
2117	106
2118	117.4
2119	106.2
2120	110.1
2121	85.8
2122	113.9
2123	122.2
2124	102.4
2125	93.9
2126	116.9
2127	85.3
2128	116.1
2129	97.9
2130	121.5
2131	107.5
2132	116.9
2133	114.5
2134	116.9
2135	84.1
2136	114.2
2137	86
2138	101.8
2139	91.7
2140	101.7
2141	105.2
2142	98.2
2143	106.2
2144	117.3
2145	94.5
2146	77.7
2147	82.6
2148	116.2
2149	119.1
2150	96.9
2151	110.2
2152	113.1
2153	120.2
2154	115.3
2155	98.6
2156	99.6
2157	110.7
2158	82.6
2159	78.9
2160	125
2161	104.3
2162	123.2
2163	89.9
2164	109.1
2165	88.5
2166	98.6
2167	98.7
2168	123.2
2169	115.8
2170	103.4
2171	124.2
2172	105.4
2173	115.4
2174	97.6
2175	65.1
2176	111.7
2177	122.1
2178	101.5
2179	108.5
2180	77.4
2181	114.3
2182	121.8
2183	106.4
2184	98.1
2185	87.1
2186	77.2
2187	82.9
2188	89.7
2189	110.7
2190	94.9
2191	112.3
2192	91.2
2193	103.6
2194	117.5
2195	91
2196	101.7
2197	102.2
2198	88.1
2199	122.8
2200	100.6
2201	69.3
2202	95.3
2203	117.6
2204	95.5
2205	123.6
2206	78.7
2207	92.8
2208	88.7
2209	117.9
2210	121.1
2211	118.9
2212	76.6
2213	116.7
2214	101.8
2215	78.4
2216	92.2
2217	109.2
2218	100.6
2219	104.3
2220	89.5
2221	86.3
2222	120.8
2223	94
2224	116.5
2225	87
2226	96.6
2227	117.7
2228	110.9
2229	116.1
2230	74.1
2231	93
2232	96
2233	108.5
2234	101.1
2235	115
2236	104.1
2237	117.7
2238	118.1
2239	87.9
2240	113.8
2241	90.2
2242	119
2243	122.1
2244	115.4
2245	106.7
2246	97.4
2247	121.6
2248	120.7
2249	98.1
2250	100.9
2251	82.1
2252	118.6
2253	115.2
2254	81.5
2255	116.3
2256	93.6
2257	96.1
2258	105.5
2259	123.1
2260	116.7
2261	114
2262	111.5
2263	121.1
2264	114.8
2265	123.3
2266	112.5
2267	117.6
2268	108.1
2269	93
2270	125.3
2271	84.8
2272	109.1
2273	93.8
2274	119.2
2275	113.3
2276	98.6
2277	116.7
2278	121
2279	111.5
2280	118.1
2281	127.6
2282	116.9
2283	97.1
2284	122.2
2285	123.2
2286	113.9
2287	84.5
2288	89
2289	111.2
2290	115.2
2291	116.5
2292	126.6
2293	91.4
2294	103.6
2295	114.7
2296	121.6
2297	109.9
2298	113.1
2299	80.6
2300	117.1
2301	124.9
2302	129.1
2303	122.2
2304	124.1
2305	119.5
2306	118.6
2307	126.5
2308	119.5
2309	118.8
2310	115
2311	133.3
2312	128.8
2313	130.1
2314	123.5
2315	138.6
2316	109.4
2317	118.1
2318	105.4
2319	115.7
2320	119.9
2321	96.4
2322	128.9
2323	123
2324	119.3
2325	117.3
2326	118.7
2327	125.9
2328	100.6
2329	129.4
2330	132.7
2331	136.7
2332	102.7
2333	133.1
2334	90.7
2335	139.2
2336	118.9
2337	134.4
2338	114.3
2339	102.3
2340	123.3
2341	123.4
2342	132.1
2343	104.7
2344	132.4
2345	118.3
2346	123.4
2347	122.7
2348	132.8
2349	120.1
2350	128.6
2351	87.5
2352	127.8
2353	122.3
2354	133.9
2355	120.8
2356	125.9
2357	135
2358	99.1
2359	122.1
2360	126.2
2361	125.9
2362	114.6
2363	116
2364	95.2
2365	121.2
2366	127.7
2367	134.7
2368	122.7
2369	90.2
2370	122.6
2371	129.7
2372	119.6
2373	118.4
2374	97.5
2375	131.6
2376	133.6
2377	120.5
2378	122.9
2379	120.5
2380	120
2381	117.5
2382	109.2
2383	133.6
2384	133.7
2385	75.5
2386	128.7
2387	127
2388	122.6
2389	120.1
2390	84.1
2391	115.3
2392	121.3
2393	135.9
2394	124.1
2395	99.3
2396	120.4
2397	133.4
2398	71.5
2399	122
2400	134.4
2401	118
2402	120.6
2403	114.7
2404	92.7
2405	115.9
2406	110.9
2407	127.6
2408	117.4
2409	115.4
2410	123.5
2411	123.7
2412	122.2
2413	133.1
2414	99.8
2415	124.2
2416	114.4
2417	114.2
2418	120.6
2419	115.5
2420	118.9
2421	137.4
2422	96.2
2423	109
2424	119.9
2425	75.4
2426	127.8
2427	123.6
2428	113.6
2429	139.4
2430	137.7
2431	119.4
2432	121.9
2433	122.7
2434	93.7
2435	124.7
2436	120.7
2437	76.8
2438	117.5
2439	113
2440	117.3
2441	134.9
2442	108.1
2443	115.1
2444	124.9
2445	121.4
2446	78.9
2447	120.4
2448	132.7
2449	137.2
2450	126.8
2451	115.4
2452	116.4
2453	136.6
2454	131.6
2455	128.4
2456	119.1
2457	129.6
2458	115.3
2459	121.2
2460	72.8
2461	125
2462	106.9
2463	74.7
2464	134.2
2465	136.5
2466	131.2
2467	102.4
2468	113.3
2469	123.6
2470	125.7
2471	117
2472	127.3
2473	80.3
2474	108.8
2475	115.8
2476	137.9
2477	118.7
2478	116.8
2479	138.7
2480	121.5
2481	95.4
2482	63.3
2483	137.8
2484	128.7
2485	117.7
2486	116.4
2487	132.7
2488	116.7
2489	129.1
2490	122.5
2491	72.4
2492	128
2493	131
2494	117.4
2495	115.8
2496	72.2
2497	109.5
2498	115.5
2499	67.4
2500	130.8
2501	113.9
2502	115.2
2503	126
2504	102.5
2505	123.5
2506	118.2
2507	133.7
2508	115.3
2509	138.5
2510	114.1
2511	4.6
2512	123.6
2513	115.1
2514	115.8
2515	115.7
2516	121.7
2517	78.9
2518	92
2519	117.2
2520	131.1
2521	114.2
2522	4.6
2523	75.6
2524	130.2
2525	92.8
2526	116
2527	113.3
2528	113.4
2529	117.3
2530	106.7
2531	107.7
2532	110.3
2533	128.1
2534	104.6
2535	110.7
2536	127.1
2537	100.9
2538	4.6
2539	134.6
2540	124.5
2541	127.2
2542	125.4
2543	117.3
2544	109.9
2545	124.2
2546	114
2547	116.8
2548	125
2549	116.9
2550	129.4
2551	92.1
2552	136.4
2553	110.6
2554	131.2
2555	112.1
2556	113
2557	114.9
2558	114.8
2559	103.2
2560	4.6
2561	107.2
2562	133.7
2563	126.3
2564	129.9
2565	123.3
2566	77.1
2567	119.4
2568	4.6
2569	118.9
2570	92
2571	88.3
2572	124.6
2573	97.3
2574	118.2
2575	106.3
2576	114.8
2577	107.3
2578	112.4
2579	115.5
2580	122
2581	129.1
2582	135.9
2583	123.4
2584	125.9
2585	4.6
2586	133.6
2587	114
2588	115.6
2589	108.5
2590	115.5
2591	112.6
2592	106.2
2593	99.8
2594	86.9
2595	125.4
2596	4.6
2597	112.8
2598	131.2
2599	118.2
2600	111.2
2601	109
2602	128.2
2603	102.6
2604	134.5
2605	117.4
2606	126.2
2607	4.6
2608	99.5
2609	122.6
2610	89.6
2611	118.3
2612	103.9
2613	112.3
2614	132.2
2615	92.4
2616	118.3
2617	4.6
2618	122.1
2619	126.9
2620	125.5
2621	81.7
2622	114.2
2623	4.6
2624	106.9
2625	132.2
2626	67.7
2627	117.2
2628	95
2629	123.2
2630	113.7
2631	107.4
2632	4.6
2633	112.9
2634	115.1
2635	108
2636	121.7
2637	127.8
2638	130.3
2639	106
2640	102.6
2641	138.2
2642	4.6
2643	128.2
2644	131.8
2645	126.2
2646	104.4
2647	81.9
2648	115.1
2649	127.1
2650	4.6
2651	126.1
2652	131.4
2653	116.3
2654	134.6
2655	107
2656	118.8
2657	79
2658	111.4
2659	121.9
2660	4.6
2661	130
2662	120.1
2663	129.4
2664	109.5
2665	130.7
2666	138.2
2667	84.6
2668	132.5
2669	116.1
2670	118.4
2671	118.6
2672	113.7
2673	73.4
2674	69.6
2675	129.4
2676	54.4
2677	123
2678	122.8
2679	132.3
2680	134.7
2681	131.2
2682	131.8
2683	114.8
2684	108.4
2685	113
2686	121.4
2687	110.1
2688	126.9
2689	128
2690	118.9
2691	131.5
2692	47.1
2693	117.6
2694	126.8
2695	122
2696	114.9
2697	116
2698	119.8
2699	87.1
2700	107.3
2701	73
2702	117.3
2703	104.5
2704	65.5
2705	109.3
2706	135.1
2707	65.9
2708	117
2709	112.7
2710	118.7
2711	134.3
2712	106.1
2713	114.5
2714	121.4
2715	97.5
2716	115.2
2717	129.8
2718	99
2719	125.6
2720	128.5
2721	104.3
2722	131
2723	117.2
2724	84.5
2725	117.2
2726	108.9
2727	116.2
2728	100.9
2729	112
2730	132.5
2731	105.3
2732	131.4
2733	132.6
2734	134.9
2735	103.1
2736	59.6
2737	97.8
2738	112.4
2739	102.4
2740	129.2
2741	111.2
2742	117.1
2743	99.1
2744	103.2
2745	80.1
2746	69.9
2747	99.1
2748	114
2749	107.2
2750	131.1
2751	93.7
2752	110.8
2753	104.1
2754	131.8
2755	114.2
2756	94.5
2757	108.4
2758	105.9
2759	95
2760	98.8
2761	96.1
2762	106.3
2763	76.1
2764	131.1
2765	127.8
2766	129
2767	72.5
2768	111.2
2769	97.1
2770	107.2
2771	110.9
2772	114.8
2773	60.7
2774	97.7
2775	130
2776	110.8
2777	128.9
2778	130.4
2779	111.3
2780	47.1
2781	111.3
2782	88.6
2783	120.7
2784	123
2785	75.1
2786	75.3
2787	115.2
2788	94.3
2789	132.2
2790	115.1
2791	129.3
2792	129.5
2793	94.7
2794	111.1
2795	93.5
2796	111.2
2797	103.2
2798	129.1
2799	111.7
2800	131.3
2801	130.7
2802	110.1
2803	91.7
2804	60.1
2805	131.2
2806	112.5
2807	104.9
2808	130.8
2809	119.8
2810	64.6
2811	128.5
2812	105.4
2813	114.7
2814	118.3
2815	128.1
2816	92
2817	105.1
2818	95.3
2819	122
2820	119
2821	128.6
2822	112.4
2823	111.7
2824	71
2825	103.9
2826	73.8
2827	49.4
2828	106.9
2829	74.9
2830	117.4
2831	128.3
2832	127.7
2833	96.1
2834	99.8
2835	113.7
2836	122.4
2837	122.8
2838	111.7
2839	131.3
2840	121.1
2841	129.4
2842	90.7
2843	108.2
2844	72.9
2845	100.3
2846	65.8
2847	129.4
2848	130.5
2849	132.4
2850	129.4
2851	85.1
2852	116.7
2853	123.4
2854	124.6
2855	117.5
2856	113.1
2857	117.4
2858	98.1
2859	117.5
2860	108.5
2861	129.8
2862	110.5
2863	69.8
2864	109.9
2865	131.4
2866	131.3
2867	121.1
2868	83.4
2869	107.7
2870	118.1
2871	132.7
2872	128.8
2873	122.9
2874	70.6
2875	117.3
2876	74.6
2877	120.6
2878	119.6
2879	71.7
2880	121.4
2881	120.4
2882	132.3
2883	112.9
2884	112.7
2885	80.7
2886	97.8
2887	73.4
2888	69.6
2889	75.3
2890	77.6
2891	131.8
2892	134.7
2893	107.7
2894	111.5
2895	128.9
2896	79
2897	124.1
2898	115.1
2899	108.4
2900	113
2901	73.6
2902	119
2903	128
2904	60.6
2905	115.4
2906	133
2907	94
2908	118.5
2909	134.8
2910	105.5
2911	122.9
2912	118.7
2913	136.6
2914	135.8
2915	72.9
2916	130.1
2917	74
2918	108.2
2919	76.9
2920	73.1
2921	132.6
2922	103.8
2923	112.6
2924	102.3
2925	133.1
2926	103.6
2927	57.8
2928	113.5
2929	94.4
2930	123.9
2931	125.2
2932	115.5
2933	122.6
2934	58.9
2935	115.6
2936	71.2
2937	102.2
2938	64.4
2939	117.2
2940	63.3
2941	105.1
2942	60
2943	135.1
2944	62.9
2945	117.8
2946	131.1
2947	106.8
2948	124
2949	111.6
2950	104
2951	115.2
2952	119.7
2953	134.1
2954	124.6
2955	135.8
2956	119
2957	89.6
2958	124.8
2959	79.8
2960	112.1
2961	118.2
2962	111.4
2963	109.2
2964	130.4
2965	103.5
2966	108.6
2967	130
2968	113.6
2969	67.3
2970	57.1
2971	112.1
2972	108.5
2973	53.2
2974	116.8
2975	129.7
2976	112.2
2977	87.8
2978	110.2
2979	121.7
2980	119.5
2981	130.5
2982	124.9
2983	117.9
2984	116.1
2985	116.6
2986	115.3
2987	108
2988	118.4
2989	54.5
2990	98.6
2991	130.5
2992	114
2993	117.6
2994	115.8
2995	120.4
2996	114.4
2997	114.9
2998	101.8
2999	127.1
3000	102.5
3001	76.5
3002	119.6
3003	105.8
3004	121.1
3005	100.2
3006	120.9
3007	117.5
3008	121.4
3009	125.2
3010	55.5
3011	117.8
3012	97.6
3013	120
3014	100.1
3015	120.9
3016	113.9
3017	128.4
3018	102
3019	117.4
3020	104.6
3021	122.4
3022	74.7
3023	119.1
3024	121
3025	99.8
3026	123.5
3027	124.7
3028	106.9
3029	127.5
3030	62.1
3031	110.6
3032	113.5
3033	109.5
3034	101.7
3035	103.2
3036	62.9
3037	103.2
3038	116.8
3039	111.5
3040	133.3
3041	133.1
3042	135.7
3043	132.7
3044	119.1
3045	132
3046	115.9
3047	116.5
3048	124.6
3049	107.1
3050	131.4
3051	130
3052	115
3053	135.1
3054	103.8
3055	108.1
3056	132.1
3057	114.9
3058	137.3
3059	113.8
3060	86.1
3061	77.7
3062	117.1
3063	129.5
3064	137
3065	76.7
3066	139.7
3067	78.3
3068	140.6
3069	97.8
3070	116
3071	111.5
3072	110.9
3073	79.9
3074	134.5
3075	105
3076	117.8
3077	118.5
3078	108.4
3079	132.8
3080	128.9
3081	104.4
3082	75.9
3083	134.6
3084	78.2
3085	112.9
3086	126.9
3087	138.5
3088	141.4
3089	136.7
3090	116.7
3091	108.7
3092	81.9
3093	115.6
3094	88.5
3095	79.6
3096	124
3097	74.3
3098	137.1
3099	99.7
3100	123.4
3101	61.2
3102	102.3
3103	137.2
3104	136.9
3105	78.7
3106	133.4
3107	128.6
3108	80.8
3109	98.5
3110	96.9
3111	141.1
3112	56.2
3113	140
3114	107.2
3115	82.6
3116	97.3
3117	105.9
3118	136.2
3119	140.7
3120	42.5
3121	141.6
3122	66.1
3123	131.1
3124	66.8
3125	109.2
3126	68.4
3127	52.8
3128	77.7
3129	86.1
3130	80
3131	131.9
3132	127
3133	140.6
3134	141.7
3135	64.7
3136	137.4
3137	56
3138	86.6
3139	143.6
3140	115.5
3141	71.6
3142	122.3
3143	136.7
3144	94.4
3145	55.1
3146	70.7
3147	59.3
3148	87.7
3149	75.2
3150	50.7
3151	143.6
3152	145.7
3153	130.6
3154	119.2
3155	35.8
3156	109.6
3157	105.9
3158	53.9
3159	119.8
3160	52.1
3161	141.6
3162	145.9
3163	80
3164	62.3
3165	79.4
3166	146.5
3167	77
3168	136.4
3169	76.3
3170	132.3
3171	85.1
3172	133.9
3173	82
3174	36
3175	124.3
3176	79.4
3177	90.6
3178	98.8
3179	78.5
3180	63.4
3181	71.2
3182	128.3
3183	129.9
3184	143.7
3185	142.1
3186	109.8
3187	120.1
3188	36.2
3189	100.6
3190	86.5
3191	80.9
3192	36.2
3193	84.1
3194	130.2
3195	145.5
3196	62.1
3197	77.5
3198	73
3199	123.2
3200	72.3
3201	83.6
3202	140.9
3203	132.3
3204	69.4
3205	136.9
3206	83.2
3207	101.3
3208	72.8
3209	50.4
3210	142.1
3211	142.7
3212	127
3213	80.1
3214	75.8
3215	73.6
3216	88.9
3217	100.6
3218	133.9
3219	137.1
3220	78.5
3221	91.2
3222	139.9
3223	83.5
3224	135.7
3225	92.6
3226	132.8
3227	98.2
3228	83.6
3229	60.7
3230	65.8
3231	74.3
3232	84.6
3233	85.4
3234	123.9
3235	138.2
3236	135.8
3237	74.5
3238	136.9
3239	54.3
3240	75.4
3241	86.9
3242	90.9
3243	131.7
3244	91
3245	95.2
3246	103
3247	45.9
3248	82.6
3249	84
3250	78.8
3251	129.7
3252	138.9
3253	89.3
3254	128.1
3255	78.2
3256	89.7
3257	130.4
3258	96.1
3259	93
3260	92.6
3261	50.9
3262	128.5
3263	87
3264	80.6
3265	87.3
3266	79.3
3267	91
3268	124.4
3269	131.8
3270	73.9
3271	75.5
3272	125.1
3273	74.1
3274	131.3
3275	77.2
3276	74.7
3277	79.3
3278	108.9
3279	84.2
3280	84.2
3281	97.7
3282	78.6
3283	116.3
3284	79
3285	74.7
3286	123.5
3287	82
3288	56.1
3289	85.5
3290	92.1
3291	119.4
3292	88.3
3293	56.5
3294	57
3295	91.5
3296	83.9
3297	86.4
3298	78.1
3299	78
3300	89
3301	79.1
3302	93.3
3303	119
3304	58.8
3305	122.4
3306	85.7
3307	90.7
3308	120.1
3309	81.5
3310	67.3
3311	88.9
3312	56.5
3313	75.2
3314	75.3
3315	83.9
3316	108.2
3317	79.5
3318	101.2
3319	69.2
3320	79
3321	79.4
3322	77
3323	56.1
3324	86.4
3325	73.2
3326	81.5
3327	65.3
3328	86
3329	75.3
3330	75.8
3331	97.3
3332	94.8
3333	75.3
3334	83.2
3335	107.4
3336	78.2
3337	60.5
3338	87.8
3339	69.2
3340	75.3
3341	91
3342	76.7
3343	89.7
3344	79.3
3345	61.7
3346	84.6
3347	81.9
3348	59.3
3349	73.8
3350	108.3
3351	84
3352	107.9
3353	79.8
3354	78.7
3355	85.1
3356	88.7
3357	77.6
3358	82.7
3359	82
3360	108
3361	78
3362	70.4
3363	75.5
3364	58
3365	90.7
3366	83.2
3367	85.5
3368	78.9
3369	88
3370	57.7
3371	86.7
3372	87.4
3373	83.1
3374	82.8
3375	71.4
3376	86
3377	73.3
3378	70.2
3379	81.1
3380	87.7
3381	84.4
3382	73.3
3383	86.8
3384	87.7
3385	88.6
3386	82.3
3387	80.2
3388	74.4
3389	88.3
3390	86.6
3391	86.3
3392	85.6
3393	78.6
3394	93.4
3395	88.4
3396	86.9
3397	93.3
3398	84.5
3399	86.3
3400	123.5
3401	124
3402	120.2
3403	109.9
3404	117
3405	117.7
3406	122.3
3407	103.2
3408	121
3409	112
3410	37.5
3411	38.3
3412	116.3
3413	111.5
3414	118.5
3415	110
3416	123.6
3417	119.4
3418	117.7
3419	114.5
3420	122.8
3421	116.2
3422	120.1
3423	112.5
3424	124.3
3425	119
3426	119.6
3427	123
3428	68
3429	130
3430	64.7
3431	114.8
3432	124.9
3433	118.5
3434	126.1
3435	121.2
3436	113.8
3437	117.5
3438	124.3
3439	122.9
3440	109
3441	126.3
3442	128.5
3443	116.3
3444	102.7
3445	116.4
3446	122.1
3447	127.5
3448	126.6
3449	121.9
3450	119.7
3451	125.9
3452	125.3
3453	107.3
3454	117.9
3455	119.9
3456	131
3457	121.6
3458	110.7
3459	124.5
3460	119.7
3461	127.9
3462	118.2
3463	122.9
3464	124
3465	125.4
3466	95.1
3467	118.4
3468	119.9
3469	92.6
3470	120.2
3471	125
3472	81.2
3473	125.2
3474	118.8
3475	123
3476	121.1
3477	127.7
3478	125.2
3479	118.1
3480	120.1
3481	121.8
3482	63.6
3483	99.6
3484	116.4
3485	104.8
3486	120.4
3487	1.1
3488	86.2
3489	124.4
3490	120.4
3491	120.4
3492	99.7
3493	116.3
3494	116.7
3495	114.4
3496	84.8
3497	76.1
3498	81.5
3499	120.2
3500	102.3
3501	99.6
3502	102
3503	100
3504	109.2
3505	107.2
3506	124.2
3507	106.4
3508	125.8
3509	103.2
3510	118.7
3511	122.8
3512	122.4
3513	118.3
3514	115.2
3515	124.2
3516	118.8
3517	108.5
3518	116.8
3519	118.8
3520	131.5
3521	127.8
3522	131.7
3523	115.5
3524	114.5
3525	114.6
3526	90.5
3527	115.2
3528	131.2
3529	112.3
3530	110.6
3531	137.1
3532	100.1
3533	127.4
3534	124.2
3535	118.7
3536	131.3
3537	85.9
3538	114.7
3539	118.8
3540	116.8
3541	128.1
3542	129.9
3543	126.5
3544	112.3
3545	109
3546	128.8
3547	110.6
3548	128.5
3549	122.5
3550	120
3551	120.1
3552	111.8
3553	113.6
3554	122.4
3555	133.7
3556	117.2
3557	55.9
3558	132.1
3559	45.7
3560	114
3561	104.4
3562	116.2
3563	131.4
3564	116.8
3565	120.7
3566	117.5
3567	126.7
3568	133.9
3569	140.4
3570	126.5
3571	127.5
3572	115
3573	133.2
3574	108
3575	117.8
3576	142.5
3577	139.9
3578	139.6
3579	99.5
3580	94.9
3581	81.1
3582	140.5
3583	84.7
3584	144.4
3585	95.1
3586	136.1
3587	85.8
3588	87.9
3589	91.7
3590	72.9
3591	120.9
3592	73.4
3593	76.4
3594	88.1
