"COMID"	"Value"
1	52.3
2	27.7
3	64.8
4	48.1
5	42.4
6	7.6
7	90.7
8	38.7
9	1.3
10	2.2
11	51
12	0.6
13	3.7
14	68
15	35.6
16	35.5
17	43
18	76.6
19	63.9
20	62.6
21	40.3
22	64.2
23	0.3
24	0.4
25	37.7
26	27.2
27	26.5
28	49.5
29	30
30	20.8
31	58.3
32	40.5
33	66.7
34	0.2
35	29.8
36	1.9
37	57.3
38	2.1
39	0.2
40	44.4
41	67
42	26.6
43	38.8
44	45.4
45	20.9
46	5.7
47	39.1
48	63.6
49	26.8
50	14.2
51	0.2
52	8.6
53	2.8
54	58.2
55	60.4
56	57.6
57	43.4
58	0.2
59	23.4
60	0.2
61	0.8
62	1.4
63	55.6
64	23.8
65	0.4
66	33.1
67	60.4
68	41.3
69	11.5
70	3.2
71	6.6
72	56.5
73	0.3
74	73.6
75	4.7
76	3.1
77	29.3
78	7.8
79	55.1
80	1.6
81	19.9
82	19.2
83	30.2
84	1.1
85	53.3
86	50.9
87	0.3
88	0.3
89	5.2
90	24.6
91	14.2
92	53
93	55.7
94	1.9
95	80.9
96	1.1
97	59.4
98	0.2
99	10.4
100	53.7
101	48.6
102	42.8
103	0.2
104	23.6
105	3
106	58.1
107	11.8
108	0.6
109	1.7
110	0.7
111	3.8
112	53.3
113	2.1
114	53.2
115	27
116	52.6
117	54.5
118	46.1
119	0.5
120	21.4
121	5.6
122	52.1
123	5
124	48
125	70.8
126	52.8
127	14.1
128	56.4
129	0.1
130	5.7
131	13.1
132	1
133	53.5
134	37
135	46.1
136	61.8
137	58.3
138	0.4
139	0.3
140	33.6
141	23.7
142	1.7
143	0.5
144	13.2
145	0.8
146	45.8
147	57.1
148	60.4
149	47.3
150	59.3
151	25.2
152	44.2
153	0.4
154	42.5
155	4.8
156	4.5
157	63.3
158	0.9
159	24.7
160	47.7
161	2.5
162	1.3
163	5.6
164	5
165	0.3
166	1.3
167	53.5
168	0.8
169	56.4
170	44.3
171	40.1
172	3.8
173	3.5
174	0.8
175	6.2
176	58.7
177	25.1
178	39.3
179	44.6
180	1.1
181	1.6
182	19.8
183	7.1
184	1.1
185	1.1
186	27.9
187	31.6
188	1.2
189	1
190	38.2
191	0.9
192	45.3
193	1
194	49.5
195	13.5
196	1.1
197	19.7
198	0.9
199	44.1
200	1
201	0.8
202	1
203	1.1
204	0.7
205	1.2
206	26.7
207	11.6
208	49.1
209	46.1
210	41
211	53.9
212	56.1
213	46.4
214	0.4
215	50.4
216	37
217	8.8
218	12.4
219	16.3
220	1.3
221	0.9
222	47.9
223	42.1
224	0.8
225	20.2
226	42.4
227	4
228	46
229	0.3
230	9.5
231	18.6
232	33.1
233	38.7
234	2
235	3.7
236	43.6
237	4.8
238	10.9
239	38.6
240	59.8
241	37
242	0.4
243	0.7
244	33
245	40.3
246	33.3
247	3
248	1.9
249	0.2
250	33.6
251	36.9
252	34.1
253	33.1
254	0.5
255	0.2
256	12.7
257	0.4
258	17.6
259	3
260	1.1
261	34.6
262	34.1
263	4.1
264	0.2
265	0.1
266	30
267	32.1
268	33.7
269	35.6
270	0.1
271	35.2
272	33.1
273	29.6
274	0.8
275	25.9
276	1.1
277	0.2
278	30.3
279	0.2
280	21.2
281	29.8
282	26.6
283	0.2
284	11.9
285	0.4
286	24
287	38
288	5.4
289	0.1
290	0.1
291	22.4
292	4.9
293	0.8
294	34.5
295	0.1
296	27.4
297	22.3
298	0.1
299	4.5
300	23.6
301	0.1
302	30.6
303	23.1
304	3.3
305	22.9
306	10.5
307	22.7
308	15.1
309	0.4
310	16.8
311	25
312	22.5
313	19.9
314	5.2
315	0.3
316	0.2
317	0.9
318	14.1
319	0.8
320	22.7
321	0.1
322	13.2
323	24.3
324	0.7
325	0.6
326	32.8
327	0.6
328	0.6
329	0.1
330	0.2
331	0.3
332	0.2
333	0.3
334	0.3
335	6.8
336	0.3
337	0.5
338	0.3
339	3.2
340	1.2
341	0.4
342	0.9
343	0.3
344	7.5
345	2.7
346	0.7
347	0.3
348	7.7
349	4.9
350	0.4
351	0.4
352	0.3
353	26.4
354	3.1
355	0.3
356	0.5
357	0.8
358	2.7
359	0.6
360	2.6
361	0.4
362	2.5
363	2.2
364	0.6
365	10.5
366	8.1
367	0.6
368	46.2
369	0.4
370	28.9
371	0.5
372	1
373	11.7
374	0.6
375	47
376	1.1
377	24.2
378	11.4
379	0.9
380	19
381	0.3
382	1.1
383	56.6
384	0.9
385	2.6
386	0.6
387	47.5
388	10.6
389	11.9
390	46.1
391	1.9
392	21.6
393	1.9
394	2.3
395	1.7
396	5.2
397	3.2
398	0.2
399	8.2
400	0.6
401	16.4
402	3
403	3.3
404	2
405	4.4
406	59.2
407	4.4
408	2
409	2.4
410	67.9
411	9.7
412	2.2
413	61.1
414	1
415	12.2
416	0.7
417	2.9
418	2
419	21.9
420	1.5
421	2.4
422	6.5
423	41
424	55.1
425	13.1
426	2.6
427	54
428	52.7
429	5.5
430	58
431	2
432	6.2
433	15.7
434	9.5
435	1.7
436	4.2
437	2.8
438	44.4
439	1.5
440	18.2
441	53.9
442	1.2
443	47.1
444	8.3
445	60.3
446	1.2
447	65
448	57.8
449	0.6
450	23
451	3.6
452	51.7
453	2.1
454	0.2
455	18.8
456	0.3
457	56.2
458	57.2
459	51.6
460	7.3
461	55
462	74.1
463	4.4
464	4.3
465	59
466	5.9
467	50.3
468	1
469	17.2
470	0.4
471	1.8
472	30
473	33.1
474	0.9
475	4
476	0.1
477	78.1
478	0.3
479	29.4
480	44.5
481	3.5
482	2.4
483	59.9
484	1.3
485	10.1
486	14.6
487	31.7
488	23.4
489	2.6
490	20.9
491	45.7
492	46
493	5.8
494	66
495	19.2
496	1.5
497	64.8
498	25.6
499	5.4
500	51.3
501	40.6
502	64.6
503	0.6
504	1.2
505	29.8
506	54.4
507	64.5
508	32.9
509	51.6
510	39.3
511	45.4
512	53
513	0.8
514	28.6
515	2.6
516	4.6
517	55.3
518	8.5
519	17.4
520	17.9
521	33.3
522	1.8
523	0.3
524	51.3
525	29.7
526	12.3
527	32.2
528	1
529	1.5
530	74
531	50.8
532	73.8
533	34.4
534	7.1
535	83.2
536	61
537	17.6
538	6
539	1.7
540	1
541	56.4
542	49.1
543	12
544	4.1
545	25.4
546	65.1
547	1.1
548	25.1
549	34.6
550	1.1
551	47.4
552	1.1
553	40.2
554	1.6
555	0.6
556	1.1
557	11.1
558	23.4
559	48.7
560	54.3
561	61.8
562	61.5
563	3.4
564	27
565	54.4
566	63.5
567	0.8
568	62.4
569	21.3
570	1.1
571	54.2
572	46.8
573	7.9
574	1.1
575	0.6
576	20.3
577	9.4
578	48.3
579	56.6
580	52
581	8.4
582	1.1
583	0.5
584	0.4
585	22.5
586	1.1
587	53.8
588	1.1
589	51.2
590	1.7
591	1.1
592	67.6
593	47.4
594	17.9
595	1.1
596	0.4
597	0.9
598	1.7
599	54.7
600	8.5
601	1.8
602	1.4
603	55.6
604	1.1
605	4.1
606	1.1
607	0.3
608	4.9
609	11.4
610	0.3
611	19.8
612	11.3
613	0.4
614	46.5
615	9
616	6.5
617	83.5
618	44.9
619	30
620	11.4
621	1.1
622	55.2
623	58.5
624	50.4
625	0.3
626	0.4
627	53.9
628	0.9
629	15
630	71.3
631	0.2
632	56.8
633	39.1
634	0.5
635	37.3
636	11.1
637	19.2
638	0.3
639	51.7
640	6.4
641	73.2
642	3.8
643	54.2
644	10.9
645	53.8
646	43.3
647	0.2
648	69.5
649	49.8
650	0.2
651	75.1
652	1.2
653	0.5
654	0.3
655	0.8
656	1.1
657	60
658	31.5
659	61.1
660	19.9
661	13.8
662	41.8
663	61.6
664	0.2
665	0.3
666	0.2
667	58.1
668	76.6
669	60.1
670	0.2
671	0.3
672	0.2
673	42.9
674	3.1
675	57
676	51.2
677	76.4
678	7.7
679	0.6
680	1.3
681	54.6
682	52
683	92.7
684	57.6
685	0.2
686	72.6
687	1.1
688	57
689	0.2
690	51.1
691	20.5
692	78.2
693	7.8
694	1.1
695	15.8
696	58.4
697	0.4
698	61.6
699	46.7
700	53
701	8.2
702	61.2
703	55.6
704	40.4
705	56.8
706	10.1
707	67
708	59.8
709	55.8
710	52.3
711	0.9
712	41.4
713	55.8
714	3.5
715	52.7
716	6.6
717	68.5
718	57.8
719	54.3
720	55.3
721	0.3
722	53.9
723	55.7
724	57.6
725	0.2
726	2.5
727	2.9
728	54.3
729	10.7
730	53.8
731	13.7
732	1.3
733	53.7
734	54.9
735	49
736	10.4
737	48.9
738	49.1
739	56.9
740	60
741	51.2
742	68.2
743	58.9
744	1.3
745	1.6
746	53.5
747	55.3
748	0.2
749	64.7
750	2.7
751	41.8
752	52.8
753	55.8
754	58
755	63.2
756	32.6
757	99.3
758	53.2
759	0.2
760	52.2
761	0.4
762	48.4
763	56.9
764	63.4
765	50.7
766	3.3
767	52
768	61.2
769	68.9
770	58
771	50.2
772	54.8
773	30.3
774	39.5
775	12.7
776	6.6
777	42
778	37.6
779	1.1
780	71.8
781	58.7
782	103.8
783	116.1
784	105
785	112.7
786	114.4
787	108.6
788	91.2
789	92.3
790	116
791	111.4
792	113.1
793	107.4
794	111.7
795	105.9
796	104.5
797	108
798	109.2
799	110.8
800	114.8
801	103.2
802	102.3
803	113.6
804	86.1
805	106.3
806	106.8
807	77.6
808	104.9
809	105.1
810	109
811	111.6
812	110.8
813	108
814	106.8
815	109.8
816	108.7
817	84.4
818	110.4
819	107.9
820	110.2
821	96.9
822	106.1
823	109.6
824	107.7
825	97.4
826	102.3
827	105.5
828	106.2
829	101.2
830	105.9
831	93.5
832	104.8
833	95.8
834	94.4
835	104.9
836	104.3
837	69
838	103.2
839	101.1
840	103.6
841	102.6
842	95.1
843	42.4
844	91.8
845	97.4
846	107.7
847	103.2
848	101.6
849	101.8
850	102.3
851	100.8
852	83.7
853	104.3
854	105.6
855	102.9
856	97.6
857	99.8
858	101.2
859	91.4
860	92.9
861	99.4
862	21.3
863	100.8
864	95.4
865	98
866	93.1
867	79.6
868	97.9
869	102.4
870	61.8
871	93.2
872	95
873	26.9
874	103.9
875	95.5
876	102.7
877	101.8
878	100.1
879	102.4
880	95.2
881	99.6
882	101.6
883	75.1
884	102.4
885	99.2
886	15.4
887	91.8
888	95.7
889	102.7
890	105.2
891	105.4
892	95.9
893	101.4
894	17.2
895	105.4
896	99.4
897	105.3
898	98.9
899	102.2
900	103.2
901	95.5
902	98.3
903	100.9
904	101.7
905	96.2
906	95.4
907	97.4
908	94
909	100.3
910	25.6
911	100.1
912	102
913	95.6
914	97.3
915	32.8
916	96.1
917	106.3
918	95.6
919	96.4
920	104.5
921	75.2
922	97.7
923	42.4
924	96.2
925	106.1
926	99.2
927	102
928	112.6
929	93.2
930	91.9
931	100.9
932	118.7
933	101.3
934	29
935	105.8
936	101.2
937	100.9
938	104.6
939	104.7
940	95.2
941	89.3
942	95.4
943	23.9
944	103.6
945	94.2
946	104.3
947	27.6
948	98
949	95.8
950	99.6
951	104.1
952	95.2
953	114.4
954	117.2
955	99.2
956	101.5
957	94.6
958	115.4
959	93
960	100
961	100.5
962	96.7
963	98.1
964	16
965	93.7
966	99.3
967	17.3
968	92.6
969	94.6
970	58.3
971	101.2
972	94.1
973	96.7
974	95.1
975	101.4
976	108
977	104.4
978	115.6
979	96.6
980	107.2
981	91.9
982	103.9
983	98.6
984	105.5
985	104.3
986	103
987	117.2
988	104.9
989	106.1
990	33.8
991	96.7
992	75.3
993	107.1
994	101.5
995	103.6
996	103.1
997	104.8
998	117.9
999	100.1
1000	14.3
1001	117.4
1002	104
1003	32.5
1004	101.9
1005	114.6
1006	101.5
1007	17.1
1008	119
1009	63.9
1010	100
1011	102.2
1012	100.5
1013	118.1
1014	106.5
1015	118
1016	21.2
1017	104.8
1018	117.3
1019	118.1
1020	102.6
1021	102.4
1022	100.1
1023	101.3
1024	107.3
1025	102.5
1026	104.8
1027	98.7
1028	99
1029	116.9
1030	103.1
1031	19.8
1032	31
1033	110.3
1034	99.9
1035	95.4
1036	97.9
1037	99
1038	102.1
1039	109.9
1040	116.4
1041	103.7
1042	114.8
1043	22.2
1044	101.4
1045	113
1046	116.1
1047	105.3
1048	101.8
1049	102.2
1050	19.8
1051	99.1
1052	99.7
1053	113.9
1054	97.7
1055	100.3
1056	99
1057	102.2
1058	100.8
1059	110.4
1060	100.4
1061	20.9
1062	104.5
1063	105.2
1064	106.1
1065	105.2
1066	102.9
1067	108.1
1068	107.6
1069	105.1
1070	102.5
1071	98.7
1072	107.1
1073	108
1074	102.7
1075	72.6
1076	102.8
1077	104.6
1078	103.7
1079	99.6
1080	114.5
1081	105.2
1082	103.4
1083	106.6
1084	99.4
1085	102.7
1086	102.2
1087	20.5
1088	106.8
1089	110.4
1090	96.2
1091	106.8
1092	102.2
1093	112.3
1094	102.5
1095	115
1096	117.2
1097	106.4
1098	116.7
1099	71.3
1100	19.8
1101	101.2
1102	99
1103	107.6
1104	112.3
1105	113.6
1106	108.6
1107	108.1
1108	113.4
1109	98.1
1110	101.8
1111	105.2
1112	104.3
1113	104
1114	97.2
1115	108.1
1116	109.3
1117	104.2
1118	108.5
1119	110.4
1120	111.7
1121	112.9
1122	114
1123	114
1124	97.5
1125	107.5
1126	108.2
1127	110.3
1128	101.9
1129	104.1
1130	112.8
1131	104.9
1132	105.2
1133	102.7
1134	108.4
1135	99.1
1136	103.3
1137	108.4
1138	108
1139	112.5
1140	101.3
1141	112
1142	106.1
1143	104
1144	112.8
1145	112.1
1146	111
1147	109.4
1148	101.3
1149	107.7
1150	111.7
1151	109.8
1152	100.9
1153	104.8
1154	16.6
1155	99.7
1156	103.5
1157	108
1158	104.4
1159	77.9
1160	112
1161	104.9
1162	113.4
1163	111.9
1164	109.3
1165	100.1
1166	105.1
1167	96.8
1168	105
1169	99.8
1170	107.7
1171	113.7
1172	90.1
1173	113.1
1174	96.3
1175	107.9
1176	64.5
1177	101.7
1178	106.7
1179	108.8
1180	108.2
1181	112.8
1182	110
1183	104.2
1184	100.6
1185	106.2
1186	101.4
1187	108.7
1188	107.5
1189	114.1
1190	108.3
1191	106.3
1192	107.3
1193	96.5
1194	115.2
1195	113.7
1196	110.3
1197	100.4
1198	104.9
1199	101.7
1200	24.3
1201	114.1
1202	111.6
1203	97
1204	111.3
1205	114.2
1206	101.3
1207	107.9
1208	108.7
1209	114.7
1210	96.8
1211	96.9
1212	101.7
1213	82.9
1214	103.3
1215	114.8
1216	104.3
1217	101.9
1218	106.5
1219	108
1220	98.6
1221	108.4
1222	112.1
1223	120.1
1224	108.5
1225	112.5
1226	97.1
1227	97.6
1228	110.7
1229	116.9
1230	101.1
1231	104.4
1232	101.7
1233	112.7
1234	110.5
1235	115.6
1236	106.7
1237	94.8
1238	95.4
1239	107.4
1240	110
1241	104.2
1242	101.7
1243	112.7
1244	108.8
1245	107.1
1246	98.9
1247	77.5
1248	37.5
1249	107.7
1250	102.2
1251	108.4
1252	98.6
1253	114.2
1254	110.9
1255	101.4
1256	100.8
1257	120.8
1258	122.3
1259	108.5
1260	104.6
1261	102.9
1262	110.3
1263	117.2
1264	116.3
1265	104.3
1266	93.7
1267	101.2
1268	104.5
1269	38.6
1270	98.1
1271	118.4
1272	106.5
1273	119.7
1274	98.4
1275	107.1
1276	100
1277	99.4
1278	99.3
1279	28
1280	108.8
1281	118.3
1282	109.1
1283	103.8
1284	45.5
1285	118.2
1286	103.9
1287	112.9
1288	116.1
1289	104.2
1290	116.9
1291	109
1292	116.5
1293	22.1
1294	115.9
1295	104.5
1296	111.5
1297	47.1
1298	96.1
1299	111.8
1300	119.5
1301	105.3
1302	115.8
1303	116.3
1304	47.7
1305	105
1306	101.1
1307	104.3
1308	118.2
1309	103.8
1310	99.5
1311	102.5
1312	94.3
1313	116.3
1314	104.4
1315	107.5
1316	105
1317	102
1318	117.7
1319	106.7
1320	110.9
1321	117.9
1322	105.2
1323	107.7
1324	119.9
1325	104.1
1326	116.6
1327	117.9
1328	98.7
1329	44.6
1330	108.4
1331	99.6
1332	21
1333	74.2
1334	98
1335	112.7
1336	107.5
1337	114.2
1338	115.7
1339	113.3
1340	118.1
1341	99.8
1342	101.7
1343	107.5
1344	110.8
1345	115.4
1346	112.4
1347	100.2
1348	99.9
1349	116.1
1350	103.1
1351	102.3
1352	43.3
1353	101.9
1354	118.3
1355	110.3
1356	34.8
1357	79.1
1358	111.9
1359	118.5
1360	115.1
1361	116
1362	102.1
1363	109.2
1364	110.1
1365	106.9
1366	116.9
1367	111.8
1368	101.1
1369	117.8
1370	114.4
1371	113.2
1372	122.2
1373	101.8
1374	107.6
1375	104.8
1376	41
1377	120.8
1378	119.1
1379	118.8
1380	106.4
1381	110.5
1382	107.8
1383	113.9
1384	123.2
1385	37.5
1386	104.8
1387	115.1
1388	118.5
1389	119.8
1390	103.8
1391	112.1
1392	108.1
1393	112.7
1394	107.1
1395	109.2
1396	109.1
1397	104.6
1398	109.1
1399	107.7
1400	74.9
1401	114.4
1402	112.5
1403	104.7
1404	120.2
1405	109.3
1406	112.4
1407	108.2
1408	114.3
1409	101.6
1410	111.3
1411	90.3
1412	109.5
1413	105.6
1414	122.5
1415	100.8
1416	108.1
1417	116.7
1418	106.2
1419	121
1420	120.3
1421	119.7
1422	108.9
1423	59.9
1424	107.9
1425	110.1
1426	88.7
1427	123.1
1428	119.5
1429	119.9
1430	106.1
1431	110.2
1432	120.4
1433	107
1434	109.3
1435	105
1436	111
1437	112.1
1438	114.6
1439	123.8
1440	106.8
1441	107
1442	103.7
1443	79.2
1444	118.3
1445	106.5
1446	103.9
1447	109.1
1448	99.1
1449	113.2
1450	111.3
1451	104.4
1452	109.2
1453	109.3
1454	59
1455	110.8
1456	107.6
1457	111.9
1458	106.4
1459	122.2
1460	118.4
1461	105.2
1462	107.6
1463	121.9
1464	123.2
1465	121.9
1466	107.4
1467	111.7
1468	112.9
1469	105.5
1470	103.8
1471	113
1472	107.2
1473	109.6
1474	112.8
1475	101
1476	111.2
1477	112.5
1478	105
1479	109.3
1480	113.7
1481	106.6
1482	106.9
1483	120.9
1484	117.6
1485	58.9
1486	118
1487	122.9
1488	109.9
1489	107.6
1490	106.1
1491	76.7
1492	105.8
1493	107.8
1494	103.6
1495	113
1496	106.1
1497	104.6
1498	115.1
1499	104.9
1500	115.6
1501	107
1502	105.6
1503	114.5
1504	113.4
1505	103.8
1506	93.2
1507	114.6
1508	116.9
1509	60.6
1510	111.4
1511	118.6
1512	111
1513	107.1
1514	110.9
1515	120.1
1516	110
1517	108.7
1518	115.9
1519	108.3
1520	113.6
1521	119.5
1522	114.3
1523	112.4
1524	112.1
1525	114.6
1526	112.3
1527	105.2
1528	109
1529	109.8
1530	100.2
1531	114.7
1532	111.9
1533	119.4
1534	107.7
1535	37.2
1536	106.9
1537	117.4
1538	51.4
1539	111.7
1540	114.3
1541	114.9
1542	112.8
1543	109.9
1544	114.7
1545	100.5
1546	44.9
1547	86.3
1548	107
1549	109.6
1550	112.1
1551	112.6
1552	105
1553	101.7
1554	71.9
1555	105.4
1556	109.4
1557	116.7
1558	106.6
1559	108.3
1560	118.5
1561	112.2
1562	115.7
1563	114.6
1564	107.7
1565	78.7
1566	113.3
1567	113.6
1568	110.3
1569	102
1570	107.4
1571	110.6
1572	111.4
1573	106.2
1574	112.6
1575	94.4
1576	113.9
1577	105.6
1578	116.9
1579	116.4
1580	107.7
1581	109.8
1582	107.5
1583	108.7
1584	44
1585	107.3
1586	107.1
1587	112.9
1588	110.6
1589	118
1590	111.7
1591	113.5
1592	111.6
1593	114.2
1594	109
1595	107.7
1596	99.9
1597	113.6
1598	110.9
1599	107.4
1600	111.4
1601	64.7
1602	107.1
1603	112.6
1604	100.1
1605	117.2
1606	113.9
1607	111.3
1608	112.8
1609	109.7
1610	109.6
1611	115.3
1612	111.2
1613	105.6
1614	108.7
1615	111
1616	97
1617	107.6
1618	93.3
1619	119.8
1620	110.1
1621	110
1622	115.5
1623	109.4
1624	105.5
1625	91
1626	112.8
1627	113.6
1628	90
1629	107.3
1630	116.2
1631	74.1
1632	106.1
1633	108.5
1634	107.2
1635	106.9
1636	103.2
1637	106.6
1638	87
1639	111.2
1640	113
1641	95.8
1642	107.1
1643	95
1644	110.5
1645	107.4
1646	99.6
1647	103.8
1648	110.1
1649	113.7
1650	110.5
1651	113.6
1652	95.8
1653	109.7
1654	110.7
1655	115.2
1656	117.8
1657	107.4
1658	106.8
1659	99.9
1660	96.2
1661	118.6
1662	114.5
1663	95.4
1664	109.8
1665	107.6
1666	116.5
1667	112.5
1668	98.8
1669	107.7
1670	119.8
1671	113.9
1672	110.3
1673	110.3
1674	104.2
1675	97
1676	110.6
1677	118.9
1678	109.7
1679	108.5
1680	118.2
1681	108.2
1682	107.3
1683	104.4
1684	93.9
1685	103.3
1686	68.8
1687	106.8
1688	97.2
1689	111.3
1690	115.4
1691	121
1692	113
1693	118.5
1694	110
1695	111.8
1696	117.9
1697	118.4
1698	110.1
1699	110.2
1700	79.8
1701	113.5
1702	113.2
1703	111.7
1704	116.7
1705	107.6
1706	103.3
1707	106.8
1708	105.1
1709	91.1
1710	112.1
1711	107.8
1712	114.2
1713	109.5
1714	103.9
1715	115.3
1716	105.5
1717	99
1718	119.5
1719	69.9
1720	114.1
1721	112.8
1722	103.7
1723	107.1
1724	104
1725	113.6
1726	109.6
1727	115.5
1728	110.4
1729	117.2
1730	108.4
1731	112.3
1732	105.1
1733	99.2
1734	118
1735	115.9
1736	107.4
1737	95.3
1738	104.3
1739	96.7
1740	118.6
1741	119.3
1742	109.8
1743	102.4
1744	113.7
1745	105.4
1746	111.6
1747	108
1748	113.6
1749	73
1750	66.1
1751	109.3
1752	106.5
1753	103
1754	112.7
1755	107
1756	100.1
1757	112.5
1758	111.8
1759	103.1
1760	98.5
1761	113
1762	81.3
1763	107.9
1764	99.8
1765	108.5
1766	102.2
1767	108.8
1768	116.7
1769	110
1770	113.3
1771	87.7
1772	117.9
1773	104.1
1774	102
1775	68.2
1776	102.4
1777	101.9
1778	101.3
1779	108
1780	107.5
1781	109.6
1782	108
1783	105.5
1784	103.8
1785	103.6
1786	112.1
1787	114.2
1788	117.1
1789	104
1790	103.5
1791	72.3
1792	103.7
1793	96.5
1794	63.4
1795	101.5
1796	114.6
1797	113.3
1798	102.9
1799	111.5
1800	90.6
1801	113.7
1802	98.1
1803	115.8
1804	104
1805	103.6
1806	117.9
1807	108.4
1808	102.6
1809	111.7
1810	121.8
1811	106.2
1812	108
1813	119.8
1814	100
1815	106
1816	108.3
1817	98.4
1818	104.1
1819	119.2
1820	120.9
1821	99.7
1822	105.9
1823	110.6
1824	109.8
1825	117.6
1826	101
1827	107.3
1828	108.5
1829	105.3
1830	114.3
1831	98.1
1832	114.5
1833	92.7
1834	113.8
1835	107.4
1836	113.7
1837	63.5
1838	112.7
1839	117.1
1840	93
1841	90
1842	98.3
1843	122.7
1844	109.4
1845	102.4
1846	60.2
1847	91.4
1848	112.9
1849	117.3
1850	115.3
1851	100.2
1852	108.7
1853	110.2
1854	105.8
1855	107.9
1856	92
1857	111.9
1858	106.1
1859	106.7
1860	82.1
1861	109.8
1862	95.9
1863	109
1864	104.6
1865	93.3
1866	117.2
1867	112.1
1868	105.7
1869	91.1
1870	54.6
1871	105.9
1872	97.4
1873	100.2
1874	117.6
1875	111.8
1876	87.5
1877	110.5
1878	106.6
1879	115.7
1880	110.7
1881	110.6
1882	112.2
1883	118
1884	107.4
1885	107.6
1886	79.5
1887	108.5
1888	109.8
1889	108.9
1890	107.6
1891	52.2
1892	111.2
1893	105.2
1894	105.8
1895	110.2
1896	104.3
1897	98.6
1898	116.4
1899	101.1
1900	111.5
1901	108.8
1902	101.1
1903	113.6
1904	104.3
1905	107.9
1906	110.1
1907	63
1908	70.1
1909	50.4
1910	43.9
1911	112.3
1912	105.6
1913	92.5
1914	107
1915	104.6
1916	103.4
1917	116.1
1918	57
1919	108.3
1920	108.7
1921	115.9
1922	105
1923	100.1
1924	102.8
1925	115
1926	102.2
1927	117.4
1928	103
1929	53.6
1930	108.6
1931	65.9
1932	61.8
1933	104.7
1934	89.9
1935	107.6
1936	118.2
1937	100.5
1938	88.2
1939	101.1
1940	104.2
1941	105.5
1942	89.8
1943	104.9
1944	115.3
1945	54.8
1946	103.8
1947	103.1
1948	47.8
1949	104.7
1950	1.1
1951	106.4
1952	40.4
1953	29
1954	105.1
1955	88.1
1956	110.8
1957	112.8
1958	111.2
1959	78.2
1960	104.6
1961	91.9
1962	103.6
1963	98.1
1964	102.3
1965	112.3
1966	1.1
1967	45
1968	97.3
1969	102.4
1970	115.6
1971	116.4
1972	102.6
1973	97.2
1974	113.4
1975	35.3
1976	86.3
1977	51.1
1978	113.7
1979	1.1
1980	105.8
1981	110.9
1982	1.1
1983	113.6
1984	110.8
1985	45.8
1986	94
1987	112.6
1988	47.6
1989	1.1
1990	1.1
1991	105.2
1992	107.5
1993	79.6
1994	116.8
1995	108.6
1996	99.8
1997	88.4
1998	114.1
1999	110.2
2000	44
2001	105.5
2002	100.9
2003	92.4
2004	98.5
2005	101.6
2006	90.2
2007	110.8
2008	73.9
2009	109.5
2010	84.8
2011	1.1
2012	98.1
2013	94.8
2014	1.1
2015	101.9
2016	101.3
2017	110.8
2018	77.2
2019	98.8
2020	105.5
2021	69.8
2022	79
2023	48.4
2024	1.1
2025	118.9
2026	96
2027	55.9
2028	117.2
2029	107.2
2030	109.7
2031	98.7
2032	73.9
2033	109.4
2034	111.2
2035	62.8
2036	1.1
2037	107.9
2038	1.1
2039	98.9
2040	104.3
2041	1.1
2042	63.3
2043	105.1
2044	113.4
2045	103.9
2046	102.7
2047	77.7
2048	104.9
2049	115
2050	113.3
2051	70.9
2052	107.9
2053	77.6
2054	70.1
2055	99.2
2056	108
2057	82.1
2058	1.1
2059	99.2
2060	87.4
2061	78.5
2062	118.1
2063	102.9
2064	71.3
2065	107.4
2066	107.9
2067	80.4
2068	108.3
2069	108.3
2070	100.6
2071	87.6
2072	109.2
2073	100.1
2074	107.5
2075	107.2
2076	1.1
2077	95.9
2078	108.9
2079	103.4
2080	104.3
2081	106.4
2082	106.7
2083	63.1
2084	106
2085	113.1
2086	74.6
2087	107.3
2088	116
2089	101.5
2090	109.2
2091	69.5
2092	105.1
2093	102.5
2094	107.6
2095	62.3
2096	99.5
2097	84.2
2098	80.9
2099	103.9
2100	102.1
2101	104.7
2102	101.6
2103	94.1
2104	82.2
2105	104
2106	111
2107	112.6
2108	93.7
2109	102.3
2110	108.6
2111	87.8
2112	1.1
2113	93
2114	108.9
2115	87.4
2116	85.6
2117	94.9
2118	97.1
2119	76.9
2120	100.8
2121	71.7
2122	100.6
2123	114.9
2124	88.3
2125	80.7
2126	107
2127	75.3
2128	105.8
2129	84
2130	113.7
2131	95.1
2132	98.7
2133	96.3
2134	104.1
2135	72.3
2136	100.3
2137	75.4
2138	84.5
2139	79.2
2140	85
2141	90.5
2142	79.6
2143	98.1
2144	102.2
2145	81
2146	70.5
2147	70.5
2148	103.1
2149	104.6
2150	96.7
2151	100
2152	103.2
2153	104.9
2154	103.4
2155	85.4
2156	91.7
2157	103.5
2158	70.4
2159	68.4
2160	108.1
2161	96.8
2162	109.2
2163	76.9
2164	98.5
2165	74.1
2166	88.8
2167	86.1
2168	109.6
2169	100.9
2170	93.7
2171	110.4
2172	94.2
2173	102.5
2174	96.1
2175	60.3
2176	101
2177	102.7
2178	92.8
2179	97.1
2180	87.4
2181	97.8
2182	105.7
2183	100.3
2184	87.5
2185	73.9
2186	58.8
2187	68
2188	85.7
2189	99.3
2190	78
2191	104.8
2192	86.3
2193	92.3
2194	99
2195	77
2196	89.7
2197	86.1
2198	83.5
2199	104.6
2200	90
2201	52.7
2202	82
2203	105.6
2204	87
2205	105.4
2206	90.8
2207	81
2208	73.2
2209	103.2
2210	101.2
2211	102.3
2212	65.8
2213	103
2214	94
2215	87.9
2216	76.6
2217	99.9
2218	88.5
2219	87.5
2220	77.6
2221	75.7
2222	101.4
2223	82.1
2224	103.1
2225	94
2226	81.5
2227	98.9
2228	101.4
2229	104.3
2230	63.9
2231	82
2232	100.6
2233	95.6
2234	84.6
2235	102.5
2236	98
2237	108.6
2238	107.3
2239	75.9
2240	99.1
2241	97.3
2242	103.9
2243	108.1
2244	102.1
2245	89.3
2246	82.5
2247	104
2248	100.3
2249	100.6
2250	87.8
2251	66
2252	104.3
2253	103.9
2254	71.9
2255	101.8
2256	78.8
2257	77
2258	93.4
2259	103
2260	104.5
2261	97.2
2262	95.3
2263	99.1
2264	95.4
2265	102.2
2266	96.7
2267	98.3
2268	95.5
2269	82.9
2270	108.6
2271	72
2272	92.9
2273	76.4
2274	101.9
2275	99.1
2276	76.9
2277	97.5
2278	107.7
2279	94.2
2280	101.9
2281	113.3
2282	96.2
2283	81.3
2284	109.1
2285	101.2
2286	98.7
2287	70.8
2288	76.4
2289	96.1
2290	95.1
2291	98.8
2292	103.1
2293	74.8
2294	88
2295	97.2
2296	104.7
2297	91.1
2298	96.8
2299	64.1
2300	98.5
2301	111.3
2302	108.2
2303	110.1
2304	109
2305	96
2306	101.6
2307	105.3
2308	103.1
2309	95.3
2310	95.8
2311	113.9
2312	112.3
2313	109
2314	103.5
2315	117.3
2316	94.5
2317	97.7
2318	89.9
2319	92.1
2320	102.3
2321	81.7
2322	106.5
2323	102.1
2324	99.2
2325	100.8
2326	96
2327	104.7
2328	85.9
2329	110.1
2330	111.4
2331	117.8
2332	86.5
2333	112.2
2334	77.4
2335	117.7
2336	95.3
2337	114.7
2338	100.1
2339	84.9
2340	103.8
2341	99.7
2342	113.4
2343	88.7
2344	110.8
2345	101.6
2346	100.2
2347	100.6
2348	112.9
2349	96.9
2350	112
2351	75
2352	109.6
2353	97.5
2354	114.1
2355	104
2356	109.2
2357	115.6
2358	83.7
2359	102.6
2360	104.3
2361	105
2362	97.5
2363	97.4
2364	79.7
2365	98.5
2366	110.7
2367	116.8
2368	100.3
2369	70.5
2370	104.2
2371	111
2372	94.9
2373	98.3
2374	82.5
2375	111.4
2376	115.8
2377	103.1
2378	100.7
2379	98.7
2380	96.9
2381	94.1
2382	91.2
2383	115.8
2384	115.7
2385	63.6
2386	106.4
2387	104.3
2388	101.1
2389	103.7
2390	70.4
2391	93.4
2392	101
2393	118
2394	106
2395	80.1
2396	97.2
2397	113.5
2398	60.2
2399	99.1
2400	114.7
2401	95.5
2402	102.2
2403	94.3
2404	75.4
2405	96
2406	90.8
2407	112.1
2408	99.2
2409	97.4
2410	101.2
2411	102.4
2412	104.1
2413	110.2
2414	74.9
2415	102.3
2416	95.4
2417	93.1
2418	97.5
2419	97.3
2420	104.6
2421	118.7
2422	80.7
2423	88.9
2424	97.8
2425	59.8
2426	112.5
2427	99.2
2428	95.6
2429	118.6
2430	114.3
2431	99.3
2432	101.5
2433	103.5
2434	67.5
2435	107.5
2436	97.8
2437	50.8
2438	97
2439	96
2440	96.4
2441	117.2
2442	89.6
2443	94.4
2444	107.8
2445	101.6
2446	65.5
2447	101.9
2448	115.7
2449	114.5
2450	111.2
2451	91.9
2452	91.4
2453	117.2
2454	109.3
2455	105.8
2456	102.4
2457	105.9
2458	99
2459	104
2460	51.7
2461	107
2462	90.4
2463	62.1
2464	114.5
2465	116.7
2466	111
2467	82.8
2468	94.2
2469	104.7
2470	110.5
2471	100.3
2472	106.4
2473	67.4
2474	93.2
2475	100.9
2476	118.7
2477	98.7
2478	92.7
2479	115.9
2480	102.2
2481	80.2
2482	46.2
2483	118.3
2484	107.5
2485	95.8
2486	90.8
2487	113.5
2488	99.2
2489	109.2
2490	105.7
2491	63.4
2492	106.6
2493	114.1
2494	95.4
2495	90
2496	62.9
2497	87.8
2498	92.8
2499	55
2500	106.7
2501	93.3
2502	96.2
2503	101.2
2504	86.3
2505	99.9
2506	92.4
2507	114
2508	97.2
2509	119.2
2510	96.3
2511	4.6
2512	97.1
2513	92.2
2514	91.7
2515	93.8
2516	101.9
2517	66.3
2518	76.2
2519	88.9
2520	106.8
2521	90.6
2522	4.6
2523	63.4
2524	109.5
2525	77
2526	90.7
2527	88.8
2528	85.8
2529	90.5
2530	88.2
2531	90.4
2532	89.2
2533	105.8
2534	88
2535	90.1
2536	107.5
2537	86.9
2538	4.6
2539	114.7
2540	103.1
2541	109.4
2542	97.1
2543	92.6
2544	93.4
2545	101.5
2546	97.4
2547	88.9
2548	103.2
2549	90.5
2550	109.2
2551	78.3
2552	115.3
2553	86.2
2554	107.1
2555	89.8
2556	93.2
2557	99.4
2558	88.4
2559	88
2560	4.6
2561	88.1
2562	113.1
2563	101.2
2564	105.8
2565	102.6
2566	64.8
2567	92.5
2568	4.6
2569	95.8
2570	78.7
2571	76.3
2572	101.2
2573	82.6
2574	94.7
2575	89
2576	87.2
2577	89.5
2578	94.1
2579	91
2580	100.9
2581	105.9
2582	113.3
2583	100.6
2584	105.4
2585	4.6
2586	111.5
2587	91.5
2588	89.1
2589	91
2590	93.4
2591	92
2592	86.6
2593	81.4
2594	69.3
2595	105.7
2596	4.6
2597	90
2598	109.4
2599	92.5
2600	87.4
2601	87.8
2602	104.7
2603	85.8
2604	112
2605	92.4
2606	102.9
2607	4.6
2608	80.1
2609	99.9
2610	70.7
2611	97.8
2612	85.3
2613	86.7
2614	105.6
2615	77.1
2616	98.1
2617	4.6
2618	96.6
2619	105.1
2620	105.8
2621	65.7
2622	91.4
2623	4.6
2624	83.2
2625	109.2
2626	52.7
2627	91.6
2628	74.9
2629	102
2630	85.3
2631	82.5
2632	4.6
2633	88.7
2634	90.3
2635	82.5
2636	99.1
2637	98.7
2638	99.4
2639	83.6
2640	82.2
2641	110.3
2642	4.6
2643	108.9
2644	104.7
2645	107.3
2646	80.4
2647	65.7
2648	94.4
2649	97.3
2650	4.6
2651	97.9
2652	101.2
2653	87.9
2654	106
2655	81.8
2656	96.8
2657	63.6
2658	83.1
2659	96.3
2660	4.6
2661	100.2
2662	102
2663	97.8
2664	81.8
2665	99.3
2666	107.6
2667	62.1
2668	99.4
2669	90.4
2670	100
2671	93.7
2672	92.9
2673	59
2674	55.7
2675	98.5
2676	40.5
2677	102.2
2678	96.7
2679	100.4
2680	101.4
2681	101.6
2682	101
2683	87.3
2684	83.1
2685	86.2
2686	93.9
2687	91
2688	94.9
2689	96.8
2690	96.5
2691	100.5
2692	32.2
2693	95.4
2694	94.9
2695	97.7
2696	89.7
2697	94.8
2698	99.7
2699	52.6
2700	87.6
2701	51.6
2702	95.5
2703	77.7
2704	52
2705	80.1
2706	105.7
2707	32.4
2708	95.5
2709	91.9
2710	95.9
2711	102.8
2712	85.5
2713	90
2714	96.3
2715	69.9
2716	92.9
2717	97.4
2718	72.6
2719	94
2720	96
2721	80.6
2722	99.5
2723	88.6
2724	43.8
2725	93.4
2726	84.2
2727	86.5
2728	74.4
2729	84
2730	101.7
2731	83.8
2732	102.6
2733	99.6
2734	103.4
2735	74.5
2736	35.1
2737	78.5
2738	86.4
2739	80.1
2740	97.4
2741	86
2742	88.4
2743	78
2744	73.5
2745	63.3
2746	40.3
2747	73.3
2748	91.5
2749	81.8
2750	97.1
2751	77.9
2752	84.2
2753	77
2754	104.1
2755	85.2
2756	72.3
2757	79.5
2758	88.9
2759	73.7
2760	77.4
2761	70.5
2762	80.9
2763	43.8
2764	104.8
2765	102.8
2766	99.6
2767	43.1
2768	85.4
2769	74.2
2770	75.8
2771	94.6
2772	87.4
2773	45.2
2774	81.6
2775	108.6
2776	82.3
2777	96.4
2778	107.4
2779	79.9
2780	33.8
2781	83.6
2782	70.6
2783	91
2784	93.1
2785	46
2786	42.6
2787	94.8
2788	73.1
2789	105.1
2790	86.9
2791	106.7
2792	109.6
2793	82.2
2794	82.9
2795	72.1
2796	83.5
2797	87.3
2798	104.1
2799	80.3
2800	110.8
2801	106.1
2802	94.2
2803	69.6
2804	42
2805	110
2806	80.7
2807	91.5
2808	109.5
2809	96.4
2810	41.7
2811	109.5
2812	80.1
2813	90.1
2814	86.8
2815	109.6
2816	69.6
2817	77.4
2818	78.8
2819	90.2
2820	96.9
2821	106.1
2822	82.1
2823	90.5
2824	43.9
2825	79.2
2826	47.7
2827	37
2828	83.7
2829	47.8
2830	87.8
2831	103.7
2832	101.9
2833	74.8
2834	87.3
2835	94.5
2836	90.6
2837	93.4
2838	94.8
2839	110.6
2840	98.6
2841	107.1
2842	79.4
2843	80.9
2844	54.8
2845	78.7
2846	42.7
2847	108.8
2848	108.5
2849	109.9
2850	108.7
2851	73.8
2852	85.4
2853	89.6
2854	103
2855	87.5
2856	92.7
2857	85
2858	81.4
2859	86.5
2860	83.6
2861	102.9
2862	87.2
2863	60.6
2864	86.2
2865	108.5
2866	107.7
2867	90.2
2868	67.4
2869	85.2
2870	86.4
2871	108.8
2872	107.7
2873	99.9
2874	49.1
2875	84.3
2876	52.9
2877	88.7
2878	88.1
2879	58.9
2880	89.5
2881	89.1
2882	110.5
2883	86.3
2884	89.7
2885	67.4
2886	77.7
2887	64.8
2888	49.4
2889	54.2
2890	59.4
2891	106.6
2892	111.6
2893	89.3
2894	87.4
2895	109.6
2896	57.7
2897	102.7
2898	87.3
2899	89
2900	86.5
2901	62.9
2902	91.9
2903	108.8
2904	55
2905	85.8
2906	108
2907	73
2908	90.3
2909	110
2910	85.3
2911	100
2912	88.1
2913	111.1
2914	110.1
2915	58.1
2916	110.6
2917	59.7
2918	89.6
2919	67.9
2920	58.1
2921	99.1
2922	80.4
2923	82.6
2924	82.6
2925	103.3
2926	81.4
2927	48.7
2928	89.5
2929	75
2930	102.9
2931	89.2
2932	95.1
2933	90.4
2934	54.3
2935	89.6
2936	63.4
2937	79
2938	52.4
2939	89.8
2940	55.4
2941	79.9
2942	53.2
2943	107.4
2944	51.9
2945	89.1
2946	100.7
2947	89.2
2948	91.2
2949	85
2950	81.1
2951	95.9
2952	87.7
2953	106.4
2954	96.2
2955	111.8
2956	99.8
2957	73.6
2958	91.8
2959	64.9
2960	80.8
2961	92.6
2962	87.3
2963	84.4
2964	103.4
2965	80.8
2966	91.6
2967	107.4
2968	83.7
2969	59.9
2970	48.9
2971	81.7
2972	88.4
2973	46.8
2974	87.5
2975	99.9
2976	96.8
2977	72.7
2978	85
2979	94.4
2980	87.5
2981	102.8
2982	98.6
2983	86.3
2984	89.7
2985	93.5
2986	86.2
2987	81.9
2988	86
2989	47.9
2990	75.8
2991	102
2992	89.4
2993	90.9
2994	87.4
2995	89.3
2996	96.1
2997	96.7
2998	77.5
2999	100.8
3000	79.6
3001	67.9
3002	92.7
3003	82.4
3004	93.8
3005	75.6
3006	88.6
3007	96.6
3008	91
3009	94.6
3010	48.9
3011	88.6
3012	79.4
3013	92.7
3014	74.6
3015	80.2
3016	86.8
3017	104.1
3018	77
3019	80.2
3020	79
3021	93.8
3022	65.3
3023	88.6
3024	92.1
3025	73.8
3026	95.5
3027	94.9
3028	80.9
3029	97
3030	58.9
3031	86.6
3032	87.9
3033	82.3
3034	81.5
3035	76.4
3036	56.4
3037	80.8
3038	79.6
3039	82.7
3040	103.5
3041	107.8
3042	111
3043	100.4
3044	97.3
3045	102.8
3046	71.3
3047	77
3048	95.2
3049	79.3
3050	102.1
3051	107.4
3052	88
3053	107.2
3054	77
3055	80.1
3056	100.9
3057	75
3058	104.9
3059	85.5
3060	62.8
3061	65.4
3062	84.4
3063	102.2
3064	109.1
3065	61.5
3066	115.5
3067	62.7
3068	114.9
3069	71.9
3070	88
3071	85.7
3072	85.2
3073	55.7
3074	105.1
3075	77.6
3076	91.6
3077	89.1
3078	84.9
3079	101.7
3080	99.5
3081	81
3082	65.5
3083	106.8
3084	61.9
3085	88.7
3086	105.3
3087	115.1
3088	118.5
3089	110.4
3090	89.6
3091	76.4
3092	62.4
3093	90.1
3094	62.4
3095	56.8
3096	94.6
3097	59.3
3098	112.4
3099	74.6
3100	95.8
3101	43
3102	76.5
3103	105.6
3104	107.6
3105	64.2
3106	106.8
3107	103.2
3108	57
3109	73.1
3110	71.6
3111	116.9
3112	43
3113	113.2
3114	77.6
3115	65.6
3116	73.1
3117	85.2
3118	116.3
3119	120.3
3120	31.1
3121	119.4
3122	49.2
3123	107.1
3124	51.6
3125	87
3126	51.5
3127	37.3
3128	54.7
3129	62.2
3130	54.4
3131	113.3
3132	104.2
3133	114.8
3134	113.4
3135	52.9
3136	113.1
3137	40.2
3138	66
3139	120
3140	93.8
3141	60.8
3142	97.9
3143	115.5
3144	63.9
3145	40.7
3146	47.9
3147	40.6
3148	76
3149	50.8
3150	34.9
3151	121
3152	120
3153	106.5
3154	98.4
3155	33.1
3156	95.4
3157	92.9
3158	37.1
3159	98.8
3160	39.2
3161	118.1
3162	119.9
3163	60.6
3164	46.9
3165	47.3
3166	120.6
3167	48.5
3168	113
3169	50.1
3170	106
3171	68.4
3172	112.2
3173	57.1
3174	21.4
3175	101.5
3176	63.8
3177	62.8
3178	68.1
3179	55.5
3180	43.7
3181	42.8
3182	104.2
3183	106.5
3184	117.7
3185	116.9
3186	89.3
3187	102.3
3188	25
3189	83.2
3190	67.1
3191	59.7
3192	28
3193	64.7
3194	105.9
3195	119
3196	50.8
3197	40.9
3198	41.9
3199	101.3
3200	50.9
3201	57.7
3202	117.8
3203	108.1
3204	44.2
3205	106.1
3206	59
3207	76.2
3208	50
3209	42.1
3210	112.5
3211	112
3212	105.6
3213	57
3214	52.6
3215	60.1
3216	63.3
3217	74.6
3218	106.4
3219	108.9
3220	39.9
3221	62.6
3222	110.9
3223	58.8
3224	112.4
3225	66.7
3226	109.2
3227	71.3
3228	69.8
3229	47.2
3230	49
3231	57.1
3232	52.6
3233	60.3
3234	102.6
3235	112.8
3236	110
3237	53.8
3238	110.7
3239	43.1
3240	59
3241	70.9
3242	68.5
3243	106.1
3244	77.4
3245	69.5
3246	77.7
3247	38.3
3248	56
3249	55.3
3250	51.2
3251	106.3
3252	111.6
3253	78.3
3254	102.7
3255	57.2
3256	59.5
3257	105.6
3258	75.3
3259	76.5
3260	58.6
3261	44.2
3262	94.4
3263	60.3
3264	55.5
3265	60.2
3266	61.7
3267	75.3
3268	96.2
3269	106.3
3270	55.3
3271	49.2
3272	102.1
3273	52.4
3274	105.2
3275	66.3
3276	62.5
3277	58.3
3278	88.7
3279	62.9
3280	62.1
3281	71.2
3282	51.5
3283	78.2
3284	61.9
3285	54
3286	99.2
3287	61.7
3288	48.4
3289	63.4
3290	61.6
3291	96.5
3292	52.6
3293	50
3294	50.4
3295	66.5
3296	51.6
3297	74.6
3298	65.1
3299	65.9
3300	72.8
3301	65.2
3302	66.3
3303	96.4
3304	50.5
3305	84.1
3306	66.1
3307	63.1
3308	97.6
3309	71.6
3310	56.7
3311	52.6
3312	47.7
3313	62.8
3314	51.2
3315	59.4
3316	89.4
3317	56.8
3318	63.4
3319	45.5
3320	63.6
3321	65.4
3322	46.5
3323	49.5
3324	62.9
3325	60.4
3326	69.8
3327	44.1
3328	57.6
3329	63.5
3330	65.5
3331	69.2
3332	68.5
3333	62.2
3334	42.7
3335	87.1
3336	64.4
3337	41.4
3338	75
3339	47.3
3340	49.4
3341	75.4
3342	63.3
3343	60
3344	63.3
3345	37.1
3346	60.2
3347	66.7
3348	38.5
3349	56.1
3350	70.9
3351	58.6
3352	71
3353	64.6
3354	60
3355	69.5
3356	69.8
3357	55.2
3358	56.4
3359	62.8
3360	72.1
3361	61.2
3362	50.7
3363	63.9
3364	49.7
3365	61
3366	62.4
3367	63.4
3368	48.2
3369	60.4
3370	48.8
3371	65.1
3372	57.9
3373	61.2
3374	60.6
3375	48.6
3376	59.5
3377	51.7
3378	48.1
3379	58.9
3380	61.7
3381	64.8
3382	47.6
3383	61.9
3384	62.2
3385	65.4
3386	64.3
3387	55.8
3388	49
3389	64.1
3390	63.5
3391	60.7
3392	61.9
3393	54.9
3394	69.7
3395	64.7
3396	64.2
3397	68
3398	53.7
3399	44.3
3400	112.5
3401	113.7
3402	111.4
3403	96.1
3404	102.4
3405	99.9
3406	102.3
3407	98.5
3408	105.3
3409	104.2
3410	22.4
3411	24.1
3412	100
3413	97.1
3414	103.5
3415	96.5
3416	111.8
3417	103.4
3418	103.8
3419	102.5
3420	109.4
3421	99.5
3422	103.9
3423	96.3
3424	105.6
3425	101.7
3426	104.5
3427	118.8
3428	49.7
3429	110.5
3430	44.7
3431	100.6
3432	107.6
3433	112.1
3434	108.5
3435	110.8
3436	100.2
3437	105.9
3438	111.3
3439	104.2
3440	88.3
3441	108.6
3442	120
3443	102.1
3444	83.1
3445	101.9
3446	111.4
3447	111.3
3448	116
3449	105.2
3450	114.7
3451	104.9
3452	108.5
3453	85.9
3454	103.8
3455	109.3
3456	119.8
3457	106.5
3458	98.6
3459	109.8
3460	99.7
3461	118.1
3462	107.4
3463	110
3464	108.8
3465	105.7
3466	67.2
3467	103.9
3468	101.9
3469	67.3
3470	101.5
3471	104.9
3472	55.3
3473	108.1
3474	92
3475	111.3
3476	111.3
3477	109.4
3478	106.6
3479	108.6
3480	107.3
3481	115.9
3482	41.6
3483	75.4
3484	106.9
3485	85.8
3486	106.7
3487	1.1
3488	61.9
3489	112.9
3490	113.9
3491	105.3
3492	87.1
3493	86.2
3494	103.5
3495	99.2
3496	73.8
3497	81.5
3498	83.8
3499	99.8
3500	97.2
3501	82.6
3502	88.4
3503	87.4
3504	91.3
3505	96.1
3506	101.5
3507	89.8
3508	106.7
3509	85.6
3510	95.5
3511	105.3
3512	98.2
3513	102.8
3514	91.5
3515	105.2
3516	95.7
3517	87.9
3518	97.4
3519	97.7
3520	109.8
3521	109.3
3522	113.5
3523	100
3524	94.9
3525	95.8
3526	76
3527	92.7
3528	108
3529	87.1
3530	86
3531	114.5
3532	79.5
3533	106.4
3534	99.3
3535	89.8
3536	100.2
3537	52.6
3538	91.8
3539	97.3
3540	94.2
3541	100.8
3542	107.2
3543	99.9
3544	87.7
3545	92.4
3546	101.5
3547	85.1
3548	108.4
3549	93.9
3550	84.6
3551	89.1
3552	84.2
3553	87.6
3554	90.7
3555	110
3556	85.6
3557	52.5
3558	106.8
3559	45.6
3560	94.2
3561	76.1
3562	74.3
3563	99.4
3564	82.3
3565	88.1
3566	85.3
3567	97.5
3568	104.1
3569	114.8
3570	99.8
3571	103.6
3572	80.9
3573	108.4
3574	81.6
3575	98
3576	118.4
3577	111.7
3578	112.5
3579	65.6
3580	64.8
3581	55.2
3582	112.5
3583	59.3
3584	118.8
3585	68.5
3586	110.4
3587	53.6
3588	77.1
3589	58.2
3590	62.7
3591	81.3
3592	62.1
3593	63.1
3594	66.9
