"COMID"	"Value"
1	16.6
2	6.3
3	22.1
4	25.3
5	10.4
6	0.9
7	20.8
8	8.8
9	1.2
10	0.3
11	29.9
12	1.1
13	1.4
14	27.5
15	7.7
16	0.4
17	22.1
18	13
19	19.2
20	19.2
21	15.8
22	22.3
23	0.2
24	1.3
25	16.8
26	15.8
27	11.9
28	12.8
29	0.3
30	8.4
31	18.4
32	13.3
33	25.1
34	1.5
35	22.4
36	1.4
37	27.5
38	0.3
39	0.6
40	6.8
41	25.8
42	14.2
43	11.5
44	13.9
45	5.1
46	1.5
47	4.6
48	23.3
49	14.1
50	9.5
51	0.8
52	2.9
53	1.3
54	18.6
55	20
56	17.4
57	7.6
58	0.9
59	8.5
60	1
61	1.5
62	1
63	16.5
64	9.7
65	1.2
66	4.6
67	22.3
68	4.4
69	6.8
70	3.3
71	0.6
72	21
73	1
74	16.3
75	3.4
76	2.1
77	4.6
78	5.9
79	20.3
80	1.3
81	20.2
82	1.9
83	17
84	0.2
85	18.6
86	4.8
87	1
88	0.8
89	2.7
90	11.5
91	15.7
92	21.4
93	19.2
94	0.6
95	19.2
96	1.2
97	20.2
98	0
99	4.2
100	19.3
101	11
102	14.7
103	0.6
104	2.7
105	2.9
106	21.7
107	6
108	0.1
109	1.4
110	1
111	0.4
112	21.8
113	1
114	21.2
115	12
116	4.7
117	13.6
118	12
119	0.2
120	6.7
121	2.5
122	15.4
123	0.6
124	11.8
125	7.9
126	20.5
127	13.9
128	15.4
129	1.9
130	5
131	1.9
132	1.1
133	16.8
134	10
135	11.3
136	7.4
137	20.6
138	1.2
139	1.6
140	9.6
141	9.3
142	1.6
143	0.4
144	5.4
145	0.9
146	16.1
147	18.7
148	26.8
149	10.7
150	20.1
151	4.6
152	12.1
153	1.6
154	8.8
155	0.5
156	4.5
157	23.8
158	1.5
159	2.9
160	16.9
161	3.8
162	1.1
163	3.4
164	5.1
165	0.3
166	1
167	14.5
168	0.3
169	16.2
170	14.7
171	4.4
172	3.4
173	5.9
174	1.3
175	4
176	29.3
177	3
178	6.8
179	10.4
180	1.1
181	0.3
182	5.9
183	1.2
184	0.6
185	0.9
186	9.6
187	6.2
188	0.8
189	0.8
190	13.2
191	0.6
192	8
193	1.8
194	28.9
195	2.9
196	0.6
197	2.9
198	0.5
199	8.7
200	0.5
201	0.5
202	1.1
203	0.6
204	0.4
205	1.1
206	6.5
207	14.9
208	30.1
209	8.9
210	4.5
211	18.6
212	17.3
213	8.2
214	0.8
215	13.1
216	6.1
217	2.8
218	2.5
219	3.2
220	0.7
221	0.4
222	12.7
223	26.1
224	0.1
225	3.9
226	10.4
227	0.9
228	8.3
229	0.6
230	10.9
231	3.3
232	5.2
233	21.6
234	0.8
235	6.7
236	7.3
237	5.4
238	1.8
239	12.9
240	6.8
241	8.7
242	0.1
243	0.3
244	22.7
245	8.9
246	19.5
247	4.3
248	2.5
249	0.1
250	19.9
251	11.5
252	5.8
253	5.3
254	0.8
255	0.5
256	16.4
257	0.5
258	4.6
259	4.5
260	1.3
261	8.5
262	10.4
263	7
264	0.3
265	0.3
266	6.7
267	15.5
268	3.1
269	18.5
270	0.2
271	5.6
272	7.8
273	16.3
274	0.2
275	9.2
276	0.4
277	0.5
278	8.6
279	0.3
280	7.1
281	6.5
282	14.1
283	0.5
284	14.8
285	0.3
286	6.5
287	7.9
288	7.6
289	1.5
290	0.2
291	2.2
292	9.3
293	0.4
294	4.4
295	0.3
296	11.4
297	11
298	0.2
299	4.2
300	10.5
301	0.5
302	11.9
303	9.3
304	5.9
305	13
306	12.6
307	12.1
308	6.9
309	1.6
310	6.8
311	10.5
312	10.8
313	7.6
314	6.6
315	0.9
316	0.8
317	0.3
318	14.5
319	0.3
320	10.5
321	0.2
322	6.1
323	10
324	1.7
325	0.4
326	3.9
327	1.6
328	1.7
329	0.3
330	0.5
331	1.1
332	0.5
333	1.3
334	1
335	3.1
336	1
337	0.8
338	1.1
339	4.4
340	2.3
341	0.9
342	0.4
343	1.2
344	5.1
345	3.7
346	1.4
347	1.2
348	8.3
349	4.9
350	1.1
351	1.6
352	1.2
353	9.7
354	2.6
355	0.5
356	1.2
357	0.5
358	2.6
359	0.3
360	2.2
361	0.7
362	1.9
363	1.8
364	0.4
365	4
366	1.9
367	0.6
368	29.9
369	0.3
370	10.1
371	0.3
372	1.5
373	1.8
374	0.5
375	6.5
376	0.7
377	10.7
378	1.8
379	0.5
380	11.4
381	0.3
382	0.3
383	10.4
384	0.6
385	0.6
386	0.4
387	31.1
388	3.6
389	1.5
390	28.3
391	1
392	2.6
393	0.6
394	1.1
395	0.3
396	1.3
397	0.9
398	1
399	5.4
400	0.9
401	16.2
402	0.6
403	0.6
404	0.3
405	0.1
406	9.5
407	4
408	0.2
409	0.5
410	3.7
411	17.9
412	0.4
413	12.5
414	0.5
415	1.2
416	0.1
417	0.4
418	0.3
419	2
420	0.3
421	2.5
422	2.1
423	8.2
424	5.9
425	40.1
426	0.7
427	14.6
428	6.1
429	11.6
430	18.3
431	1.3
432	0.2
433	34.8
434	0.5
435	0.2
436	20
437	4.8
438	51.1
439	0.7
440	10.1
441	9.9
442	0.1
443	4.7
444	0.4
445	59.5
446	0.2
447	63.2
448	59.1
449	0.1
450	1.4
451	0.6
452	23.7
453	0.8
454	0.1
455	1.5
456	0.2
457	20.3
458	18.1
459	13.4
460	0.7
461	20.3
462	29.9
463	4.3
464	1.9
465	18.2
466	1.5
467	5
468	0.7
469	1.1
470	0.7
471	2.9
472	9.8
473	5.8
474	0.5
475	6.9
476	0.2
477	30.3
478	0.9
479	1.5
480	16.5
481	0.6
482	0.3
483	22.3
484	0.2
485	1
486	3.4
487	0.9
488	7
489	0.7
490	6.1
491	2.6
492	14.4
493	1
494	6.4
495	6
496	0.4
497	1.6
498	0.6
499	0.7
500	1.5
501	3.7
502	6.2
503	0.2
504	0.3
505	0.6
506	0.8
507	1.4
508	0.3
509	0.7
510	3.7
511	2.8
512	3.1
513	0.4
514	0.4
515	0.7
516	0.5
517	2.4
518	0.7
519	1.2
520	5
521	0.5
522	0.4
523	0.4
524	16.7
525	0.4
526	0.5
527	0.4
528	0.4
529	0.6
530	7.2
531	5
532	22.5
533	0.1
534	0
535	8.2
536	14.5
537	3.3
538	1.2
539	0
540	0.1
541	2
542	5.7
543	0.3
544	1
545	4.2
546	4.3
547	1
548	3.5
549	5.6
550	0
551	1.6
552	0.9
553	14.5
554	0.4
555	0.2
556	0.9
557	0.7
558	3.1
559	2.5
560	2.4
561	17.2
562	5.2
563	0.5
564	0.9
565	3
566	4.9
567	0.2
568	3.4
569	1
570	0.2
571	18.7
572	1.9
573	0.3
574	0.7
575	0
576	7.1
577	1.1
578	2.6
579	3.3
580	2.8
581	1.2
582	0.8
583	0.2
584	0.3
585	10.4
586	0.6
587	5.8
588	0.2
589	8.7
590	0.2
591	0.7
592	4.4
593	3
594	0.7
595	0.5
596	0.2
597	0.2
598	0
599	6
600	0.3
601	0
602	0.4
603	58.7
604	0.1
605	0.8
606	0.3
607	0.1
608	0.1
609	2
610	0.2
611	11.7
612	1.8
613	0.4
614	35.3
615	4
616	1
617	10.7
618	46.7
619	1.1
620	0.5
621	0.2
622	32.1
623	33.5
624	31.6
625	0.1
626	0
627	2.8
628	0.1
629	1.6
630	7.8
631	0.2
632	51.6
633	21
634	0.4
635	1.5
636	1.1
637	0.9
638	0.1
639	52.3
640	3.8
641	3.5
642	0.8
643	23.1
644	1.5
645	48.8
646	24.7
647	0.2
648	57
649	24.6
650	0.3
651	9.3
652	0
653	0.2
654	0.5
655	0.4
656	0.1
657	28.8
658	13
659	23.7
660	2.5
661	10.7
662	21.8
663	23.2
664	0.4
665	0
666	0.9
667	9
668	16.9
669	12.9
670	0.7
671	0.3
672	0.2
673	25.5
674	2.9
675	18.8
676	16.5
677	4.4
678	0.5
679	0
680	0.4
681	28.3
682	30.6
683	13.3
684	19
685	0.2
686	5.5
687	0.3
688	17.5
689	0.3
690	30.5
691	7.4
692	3.5
693	0.5
694	1.6
695	7.1
696	26.7
697	0.1
698	20
699	25
700	17
701	5.2
702	24.3
703	16.6
704	21.2
705	17.6
706	0.6
707	5.6
708	21
709	17.8
710	16.8
711	0.7
712	6.5
713	18.1
714	0.3
715	14.6
716	0.9
717	56.2
718	24.7
719	18.9
720	16
721	0.4
722	15.2
723	20.6
724	28.3
725	0.3
726	0.5
727	2.3
728	19.7
729	4.8
730	16.9
731	1.3
732	1.7
733	16
734	14.7
735	8.2
736	0.9
737	24.5
738	16.3
739	25
740	28.6
741	16.6
742	55.6
743	18.3
744	1
745	0.3
746	13
747	18.3
748	0.2
749	20.4
750	0.9
751	11.4
752	16.6
753	18
754	22.8
755	19.3
756	17
757	19.6
758	31.4
759	0.9
760	12.2
761	1.3
762	12.9
763	17.1
764	4
765	14.5
766	1.8
767	32.5
768	18.3
769	28.2
770	17.1
771	23.7
772	33.4
773	8.3
774	9.2
775	5.2
776	0.8
777	11
778	17.1
779	0.9
780	27.8
781	17
782	94.9
783	89.3
784	92.7
785	92.5
786	87.4
787	92.9
788	83.1
789	88.8
790	89.6
791	86.8
792	87.3
793	85.2
794	89.3
795	91.6
796	84.9
797	91.5
798	87.8
799	87.2
800	88.9
801	85.1
802	88.7
803	89.2
804	78.7
805	88.7
806	87.9
807	70.6
808	89.6
809	89.5
810	88.5
811	90.1
812	85.9
813	88.1
814	90.6
815	90.3
816	93.1
817	77.8
818	84.9
819	89.8
820	90.8
821	96.2
822	90.3
823	92.5
824	86.2
825	92.6
826	88.3
827	90
828	91.1
829	93.6
830	87
831	92.9
832	90.9
833	97.4
834	85.6
835	89.3
836	90.4
837	68.7
838	94
839	98.6
840	89.7
841	88.8
842	98.1
843	43.9
844	85.3
845	89.4
846	100.2
847	89.8
848	95.4
849	97.9
850	85.6
851	85.3
852	79.8
853	87.2
854	87.2
855	89.4
856	92.6
857	88.3
858	85.5
859	88
860	97.1
861	84
862	25.3
863	83.3
864	86.8
865	82
866	96.7
867	77.9
868	86.5
869	87.3
870	65
871	90.5
872	88.6
873	32.5
874	90.1
875	85.9
876	89.4
877	84.8
878	83
879	84.4
880	92.7
881	94.7
882	100.5
883	76.1
884	83.7
885	84.1
886	18.2
887	95.8
888	99.2
889	88.5
890	99.7
891	90.8
892	98
893	99.9
894	20.1
895	84
896	85.2
897	91.1
898	90.1
899	102.3
900	102.3
901	93.8
902	89.7
903	85
904	84
905	92.6
906	87.7
907	99.6
908	98.9
909	87.9
910	25
911	84.8
912	91.5
913	99.6
914	100.6
915	31.8
916	89.2
917	84.5
918	91.2
919	100.1
920	92.5
921	75.3
922	103.5
923	47.1
924	93.9
925	84.6
926	88.8
927	85
928	109.1
929	98.9
930	107.2
931	85.7
932	113.7
933	98.8
934	27
935	93.2
936	91.2
937	87.7
938	86.5
939	84.9
940	99.4
941	84.7
942	103.7
943	20.6
944	86.5
945	87.5
946	93
947	25.2
948	91.5
949	88
950	86.6
951	108.6
952	98.5
953	111.8
954	115.7
955	108.7
956	91.7
957	99.7
958	110.5
959	98.1
960	102.6
961	110.8
962	88.6
963	94.6
964	14.3
965	87.1
966	109.4
967	17.9
968	100.4
969	103.3
970	62.2
971	84.7
972	87.7
973	99.8
974	98.5
975	86.8
976	83
977	83.2
978	112.5
979	108.8
980	84.5
981	86.7
982	103
983	84.1
984	83.8
985	83
986	82.5
987	113.7
988	82.8
989	102
990	37.2
991	85.9
992	75.3
993	83.4
994	98.6
995	89.7
996	86.2
997	83.1
998	113
999	97.9
1000	14.9
1001	113
1002	85.7
1003	32.2
1004	87.5
1005	111.9
1006	96.4
1007	18
1008	112.8
1009	64.6
1010	106.3
1011	96.1
1012	94.7
1013	111
1014	87.6
1015	111.5
1016	20.5
1017	84.8
1018	111.7
1019	111.5
1020	106.8
1021	95.9
1022	102.3
1023	98.4
1024	89
1025	106.2
1026	104.7
1027	91.9
1028	90.7
1029	111.3
1030	93.1
1031	20.6
1032	31
1033	91.9
1034	97.9
1035	86.7
1036	94.4
1037	107.3
1038	98.5
1039	110.9
1040	113.2
1041	106.9
1042	113.8
1043	21.3
1044	103.1
1045	114.2
1046	109.8
1047	90.3
1048	94.9
1049	94
1050	19.4
1051	95.6
1052	96.4
1053	110.5
1054	98.4
1055	97.7
1056	103.6
1057	92.3
1058	99.1
1059	93.6
1060	99.8
1061	20.9
1062	108.9
1063	90.6
1064	87.7
1065	106.8
1066	96.6
1067	89.5
1068	95.4
1069	85.5
1070	94.7
1071	99.9
1072	85.3
1073	86.8
1074	98.8
1075	70.5
1076	97.9
1077	87.8
1078	107.6
1079	101.2
1080	110.8
1081	91.7
1082	97.4
1083	85.4
1084	103.4
1085	99
1086	94.4
1087	20.2
1088	86.5
1089	109.1
1090	97.3
1091	93.7
1092	91.8
1093	109.1
1094	87.5
1095	106.7
1096	110.5
1097	93.7
1098	111.7
1099	71.8
1100	18.7
1101	87.7
1102	98
1103	86.6
1104	108.1
1105	116.3
1106	109.5
1107	88.4
1108	105.6
1109	97.7
1110	91.8
1111	89.3
1112	97.3
1113	91.9
1114	99.5
1115	112.4
1116	106
1117	96
1118	112.3
1119	108.3
1120	106.1
1121	106.4
1122	108.8
1123	109.6
1124	95.7
1125	103.2
1126	102
1127	103.8
1128	94.6
1129	98.9
1130	110
1131	86.6
1132	100.3
1133	95
1134	107.5
1135	97.9
1136	86.8
1137	110
1138	107.6
1139	106.9
1140	96.3
1141	102.1
1142	90.2
1143	96.2
1144	110.8
1145	110.8
1146	106.5
1147	105.9
1148	94.4
1149	100.3
1150	104.3
1151	106.2
1152	93.7
1153	95.1
1154	17.3
1155	101.7
1156	101.3
1157	103.1
1158	107.8
1159	78.5
1160	102.9
1161	90.2
1162	112.6
1163	111.6
1164	102.6
1165	98.9
1166	97.7
1167	91.7
1168	99.9
1169	93.2
1170	103.2
1171	112.1
1172	84.5
1173	108.5
1174	88.8
1175	105.9
1176	66.8
1177	105.6
1178	102.1
1179	105.1
1180	108.5
1181	114.8
1182	107.6
1183	90.5
1184	98.6
1185	97.8
1186	92.7
1187	103.4
1188	107.7
1189	111.7
1190	105.4
1191	96.2
1192	108.7
1193	91.2
1194	106.3
1195	107.3
1196	106.3
1197	100.7
1198	86.3
1199	89.5
1200	25.8
1201	104.5
1202	108.5
1203	102.7
1204	105.3
1205	108.2
1206	90.7
1207	109.1
1208	89.6
1209	105.7
1210	91.6
1211	92.6
1212	105.7
1213	79.8
1214	95.5
1215	109.8
1216	98.5
1217	88.6
1218	85.2
1219	88.9
1220	90.9
1221	105.9
1222	106.6
1223	107
1224	105.1
1225	107
1226	92.3
1227	83.3
1228	105.7
1229	114.8
1230	97.6
1231	92.5
1232	90.9
1233	106.2
1234	107.6
1235	110.7
1236	85.2
1237	87.6
1238	94.1
1239	105.2
1240	103.2
1241	99.8
1242	93.4
1243	105.4
1244	100.1
1245	102.7
1246	94.7
1247	73.2
1248	36.1
1249	105.7
1250	82.2
1251	108.1
1252	101.4
1253	109.6
1254	109.8
1255	103.1
1256	82.3
1257	111.4
1258	109.8
1259	106.4
1260	86.9
1261	83.9
1262	92.6
1263	106.9
1264	107.3
1265	101.5
1266	94.4
1267	101.2
1268	93.2
1269	35.2
1270	95.7
1271	105.1
1272	105.6
1273	112.3
1274	96.1
1275	103.5
1276	81.4
1277	94.5
1278	87.8
1279	26.2
1280	104.6
1281	111
1282	104.8
1283	91.8
1284	41
1285	109.8
1286	92.1
1287	110.4
1288	103
1289	97
1290	103
1291	89.7
1292	105.1
1293	20.9
1294	110.3
1295	103.3
1296	93.1
1297	42.7
1298	94.8
1299	105.6
1300	113.5
1301	102.5
1302	102.4
1303	108.2
1304	45.6
1305	92.6
1306	103.3
1307	103.7
1308	103.9
1309	105.4
1310	97.9
1311	98.8
1312	84.9
1313	110.1
1314	103.3
1315	105.6
1316	87.4
1317	84.6
1318	111
1319	93.6
1320	96.9
1321	109.7
1322	104.8
1323	108.4
1324	109.8
1325	95.7
1326	112.1
1327	108.8
1328	96.1
1329	44.3
1330	89.5
1331	84.7
1332	20.3
1333	69.9
1334	96.4
1335	103
1336	99.7
1337	112.5
1338	115.3
1339	104.3
1340	107.5
1341	97.2
1342	99.1
1343	108.8
1344	107.1
1345	104.1
1346	109.5
1347	86.9
1348	89.6
1349	104.6
1350	105.5
1351	92.2
1352	41.1
1353	98.7
1354	109.9
1355	98.2
1356	32.3
1357	74.9
1358	101.1
1359	110.3
1360	111.6
1361	103.3
1362	96
1363	109
1364	113.5
1365	88.5
1366	113.1
1367	107.9
1368	88.7
1369	104.3
1370	102.2
1371	105.9
1372	107.4
1373	94.4
1374	114.3
1375	101.3
1376	41.6
1377	108.2
1378	106.9
1379	107.8
1380	88.3
1381	109.4
1382	99.4
1383	111.2
1384	107.4
1385	36.2
1386	89.1
1387	114.6
1388	109.9
1389	106.6
1390	91.9
1391	92.2
1392	91.3
1393	90.2
1394	107.1
1395	91.9
1396	109.4
1397	91.8
1398	111.3
1399	110.1
1400	72.5
1401	106.2
1402	107.1
1403	102.9
1404	106.6
1405	115.3
1406	111.9
1407	112.1
1408	100.7
1409	102.9
1410	99.1
1411	81.5
1412	109.2
1413	105.1
1414	109
1415	109.8
1416	99.8
1417	101
1418	102.3
1419	104.9
1420	107.8
1421	105.2
1422	116.5
1423	59.2
1424	91.9
1425	103.1
1426	80.9
1427	106.9
1428	103.9
1429	106
1430	99
1431	106.4
1432	106.9
1433	99.7
1434	107.3
1435	98.2
1436	108.7
1437	92
1438	106.1
1439	109.8
1440	99
1441	98.5
1442	104.7
1443	75.7
1444	105.9
1445	107.9
1446	107.7
1447	106.5
1448	89
1449	111.6
1450	109.4
1451	104.6
1452	107.5
1453	106.6
1454	56.4
1455	112.5
1456	106.6
1457	107.3
1458	90.5
1459	110.6
1460	102.8
1461	96.6
1462	98.6
1463	105.2
1464	107.4
1465	104.6
1466	94.7
1467	103.8
1468	99.3
1469	91.5
1470	102.1
1471	101.2
1472	102.6
1473	93.8
1474	113.3
1475	92
1476	98.3
1477	106
1478	102.3
1479	94
1480	99.5
1481	102.1
1482	99.8
1483	104
1484	111.1
1485	54
1486	102.2
1487	106.8
1488	104.5
1489	102.4
1490	106.3
1491	70.2
1492	97.2
1493	106.1
1494	91.3
1495	95.3
1496	100.7
1497	96.4
1498	101.7
1499	93.9
1500	87.9
1501	97.2
1502	93.4
1503	110.8
1504	97.2
1505	98.1
1506	82.8
1507	101.2
1508	110.9
1509	53.8
1510	109.4
1511	124.4
1512	97.1
1513	104.2
1514	108.1
1515	108.2
1516	104.7
1517	104.1
1518	106.8
1519	95.6
1520	110.4
1521	104.2
1522	105.3
1523	103.6
1524	96.2
1525	99.7
1526	102.8
1527	100.5
1528	100.9
1529	95.1
1530	87.6
1531	109
1532	109
1533	120.8
1534	102.2
1535	35.2
1536	103.6
1537	101.5
1538	46.5
1539	106.2
1540	99.2
1541	101.1
1542	97
1543	102.2
1544	106.4
1545	96
1546	40.9
1547	76.2
1548	99.7
1549	97.6
1550	97.6
1551	94.4
1552	99.7
1553	88.9
1554	64
1555	91
1556	95
1557	116.4
1558	98.2
1559	102.3
1560	87.1
1561	105.9
1562	106.7
1563	109.4
1564	98.6
1565	70.3
1566	108.2
1567	99.7
1568	103.5
1569	88.3
1570	107.2
1571	99
1572	102.4
1573	104.1
1574	106.6
1575	81.8
1576	110.4
1577	104.6
1578	101.3
1579	104.6
1580	107
1581	107.4
1582	101.8
1583	101.8
1584	40.6
1585	106.7
1586	105.9
1587	98.9
1588	107.5
1589	112
1590	102.2
1591	98
1592	107.8
1593	108.4
1594	101.8
1595	96.9
1596	88.6
1597	97.6
1598	105.7
1599	95.3
1600	100.6
1601	58.7
1602	107.1
1603	100.8
1604	87.3
1605	83.9
1606	99.9
1607	100.8
1608	102.2
1609	101.7
1610	97.7
1611	110.5
1612	107.7
1613	93.8
1614	101.6
1615	108.7
1616	84.6
1617	100.9
1618	80.9
1619	80.7
1620	104.6
1621	104.1
1622	108.4
1623	101.3
1624	108.8
1625	79.9
1626	104.9
1627	100.5
1628	78.2
1629	99.1
1630	113.9
1631	67.6
1632	111.4
1633	100.4
1634	106.9
1635	108.9
1636	91.4
1637	97.2
1638	76.5
1639	99.7
1640	103.1
1641	81.6
1642	107.8
1643	82.9
1644	108.4
1645	100.7
1646	87.2
1647	100.5
1648	103.5
1649	111.7
1650	99.4
1651	109.5
1652	82.2
1653	101.8
1654	103.1
1655	106.2
1656	118.1
1657	100.4
1658	98.3
1659	88.1
1660	81.2
1661	96.4
1662	100.3
1663	82.9
1664	103.8
1665	97.7
1666	109.6
1667	111.3
1668	85.5
1669	103
1670	114.9
1671	110.5
1672	103.1
1673	110.6
1674	92.3
1675	84.3
1676	108.9
1677	117.2
1678	97.5
1679	112.3
1680	108.1
1681	102.9
1682	95.1
1683	102.8
1684	83.9
1685	102.2
1686	63.3
1687	113.1
1688	84.5
1689	109.1
1690	107.9
1691	91.9
1692	106
1693	103
1694	101.3
1695	108
1696	97.3
1697	108.9
1698	96.8
1699	106.9
1700	71.5
1701	108
1702	108.9
1703	106.6
1704	99.8
1705	105.5
1706	92.8
1707	95.1
1708	94
1709	84.1
1710	109.7
1711	105.2
1712	100.4
1713	108.1
1714	109.3
1715	109.4
1716	101.3
1717	93.2
1718	85.5
1719	62.1
1720	99.6
1721	108.4
1722	105
1723	102.5
1724	102
1725	103.8
1726	104.9
1727	107.4
1728	99.5
1729	100.5
1730	108.3
1731	108.8
1732	98.7
1733	91.5
1734	97.9
1735	111.9
1736	93.9
1737	88
1738	101.3
1739	95.4
1740	103.9
1741	95.9
1742	104.9
1743	102.3
1744	103
1745	109.8
1746	99.1
1747	104.8
1748	100.8
1749	67
1750	57.8
1751	99.5
1752	98.5
1753	109
1754	105.3
1755	99
1756	96.2
1757	105.4
1758	101.6
1759	104.8
1760	98.8
1761	105.9
1762	76.4
1763	104.7
1764	99.3
1765	105
1766	106.8
1767	101.3
1768	102
1769	103.7
1770	105.9
1771	81.7
1772	104.3
1773	105.2
1774	98.7
1775	55.4
1776	98.9
1777	105.3
1778	103.6
1779	106
1780	95.8
1781	103.1
1782	101.7
1783	100.9
1784	102
1785	104.9
1786	104.1
1787	107.5
1788	107.1
1789	100.1
1790	97.1
1791	69.7
1792	105.9
1793	97
1794	59.8
1795	100.4
1796	112.2
1797	105.1
1798	100.8
1799	106.6
1800	87.6
1801	105.5
1802	97.8
1803	101.7
1804	99.2
1805	103.8
1806	107.4
1807	103.6
1808	97.8
1809	112.1
1810	111.4
1811	105.1
1812	109.6
1813	110.8
1814	97.8
1815	102.2
1816	102.8
1817	97.6
1818	99.3
1819	109.8
1820	110.4
1821	97.2
1822	106.6
1823	110.8
1824	110.4
1825	110.1
1826	97.2
1827	103.9
1828	106
1829	106.5
1830	101.9
1831	98.4
1832	107.2
1833	98.7
1834	109.9
1835	99.8
1836	104.1
1837	50.2
1838	106.3
1839	110
1840	92.4
1841	94.7
1842	97
1843	112.9
1844	108
1845	99.6
1846	46.4
1847	96.5
1848	106.8
1849	108.9
1850	107.6
1851	95.6
1852	108.6
1853	106.2
1854	107
1855	105.5
1856	94.9
1857	103.7
1858	103.1
1859	104.2
1860	83.9
1861	102.5
1862	95.9
1863	104.1
1864	99
1865	94.6
1866	110.3
1867	105.7
1868	102.9
1869	92.7
1870	57
1871	100.8
1872	96.3
1873	100.7
1874	111.2
1875	106.3
1876	92.9
1877	101.9
1878	102.6
1879	112.4
1880	106.5
1881	110.2
1882	106.8
1883	112.6
1884	100.5
1885	105.2
1886	90.7
1887	102.4
1888	109.4
1889	101.5
1890	105.3
1891	58.3
1892	108.6
1893	100.4
1894	101.7
1895	105.3
1896	99.6
1897	98.7
1898	110.2
1899	95.8
1900	101.8
1901	108.4
1902	97.7
1903	108.7
1904	98.6
1905	106.4
1906	104.6
1907	50.2
1908	80.7
1909	49.4
1910	50.7
1911	110.5
1912	100.9
1913	96.3
1914	103.4
1915	101.9
1916	98
1917	108.6
1918	73.8
1919	103.2
1920	104.4
1921	110.2
1922	99.8
1923	101.8
1924	100.4
1925	108.8
1926	98.3
1927	113
1928	99.7
1929	47.4
1930	99.9
1931	54.9
1932	74.4
1933	99.5
1934	68.1
1935	99.4
1936	109.7
1937	96.5
1938	90.2
1939	105.9
1940	99.9
1941	95.6
1942	66.2
1943	101.1
1944	107.6
1945	50.9
1946	98
1947	97.2
1948	49.6
1949	97.7
1950	0.9
1951	98.6
1952	57
1953	28.4
1954	98.1
1955	78.3
1956	103.9
1957	112.4
1958	106.4
1959	69
1960	104.5
1961	73.3
1962	96.2
1963	91.6
1964	99.6
1965	103.8
1966	0.7
1967	57.7
1968	85.9
1969	98.1
1970	108.2
1971	107
1972	96.8
1973	88.3
1974	105.4
1975	28.9
1976	76.3
1977	70.2
1978	109
1979	1.1
1980	97.4
1981	106.5
1982	0.8
1983	103.2
1984	101
1985	29.4
1986	75.2
1987	111
1988	32.2
1989	1.1
1990	0.8
1991	95.8
1992	98.8
1993	66.3
1994	115.2
1995	109.5
1996	85.9
1997	66.3
1998	113.1
1999	97.8
2000	34.4
2001	96.4
2002	82.2
2003	80.5
2004	81.8
2005	91.3
2006	70.4
2007	100.6
2008	37.8
2009	95.9
2010	71.1
2011	1
2012	90.7
2013	66.9
2014	0.7
2015	71.2
2016	95.5
2017	104.2
2018	50.5
2019	84.2
2020	94.3
2021	48.7
2022	48.1
2023	59.8
2024	1.1
2025	118.3
2026	86.5
2027	34
2028	114.1
2029	97.4
2030	100
2031	83.6
2032	73.6
2033	102.4
2034	100.6
2035	29.7
2036	1.1
2037	98.6
2038	1
2039	82.7
2040	87.5
2041	1.1
2042	49.8
2043	95.8
2044	110.9
2045	97
2046	93.5
2047	29.4
2048	85.3
2049	107.2
2050	113.1
2051	36.2
2052	102.1
2053	38.3
2054	31.8
2055	71.9
2056	95.3
2057	33
2058	1.1
2059	86.8
2060	42.5
2061	69
2062	119
2063	84.7
2064	35.8
2065	94.3
2066	97.9
2067	53.7
2068	100.1
2069	96.6
2070	83.6
2071	41.6
2072	100.8
2073	76.6
2074	107
2075	98.9
2076	1.1
2077	83
2078	104.4
2079	95.6
2080	88.7
2081	106.1
2082	101.6
2083	32.3
2084	98.2
2085	104.1
2086	75.5
2087	90.4
2088	117.7
2089	95.5
2090	111.6
2091	74.9
2092	95.8
2093	101.5
2094	89.6
2095	30.3
2096	96
2097	34.3
2098	78.5
2099	81.4
2100	91.6
2101	93.3
2102	96.9
2103	88.8
2104	78.5
2105	100.4
2106	92
2107	94.3
2108	90.6
2109	91.3
2110	97.1
2111	79.7
2112	1.1
2113	93.1
2114	91.7
2115	85.3
2116	81.6
2117	94.3
2118	74.7
2119	45.3
2120	96.7
2121	27.8
2122	95.3
2123	95.1
2124	82.9
2125	86.1
2126	96.8
2127	21.6
2128	89.1
2129	76.9
2130	94.7
2131	94.3
2132	96.4
2133	89
2134	93.9
2135	40.9
2136	95.2
2137	30.1
2138	54.7
2139	73.6
2140	75.8
2141	84.3
2142	31.4
2143	88.1
2144	90.9
2145	75.4
2146	32.6
2147	32.3
2148	96.6
2149	88.6
2150	87.5
2151	86.8
2152	97.8
2153	96.5
2154	97.1
2155	77.3
2156	87.7
2157	92.4
2158	33.5
2159	23.6
2160	98.6
2161	90.8
2162	95.8
2163	74.4
2164	89.5
2165	30.9
2166	75.6
2167	78.7
2168	89.3
2169	92
2170	85
2171	89.6
2172	85.1
2173	92.9
2174	84
2175	1.3
2176	90.3
2177	97.6
2178	47.5
2179	90.8
2180	74.7
2181	91
2182	86.4
2183	89.9
2184	82.7
2185	71.8
2186	0.7
2187	24.2
2188	71.9
2189	89.5
2190	25.3
2191	90.4
2192	73.6
2193	83.2
2194	94.7
2195	28.3
2196	85
2197	80.7
2198	70.8
2199	94.7
2200	80.8
2201	0.5
2202	23.5
2203	88.3
2204	73.7
2205	89
2206	74.5
2207	26.1
2208	23.3
2209	86.3
2210	90.7
2211	87.4
2212	61.2
2213	89.2
2214	84.5
2215	76.5
2216	22.7
2217	88.6
2218	80.1
2219	79.7
2220	23.2
2221	64.3
2222	90.5
2223	71.7
2224	89.4
2225	76.6
2226	23.6
2227	86.6
2228	88.6
2229	87.9
2230	59.8
2231	65
2232	79.6
2233	81.4
2234	77
2235	85.5
2236	85.4
2237	89.4
2238	90.6
2239	23.5
2240	85.6
2241	79.5
2242	83.6
2243	87.3
2244	82.9
2245	80
2246	62.6
2247	84.3
2248	89.9
2249	82
2250	65
2251	23.5
2252	90.6
2253	86.8
2254	25.1
2255	82.6
2256	71.9
2257	28.2
2258	70.3
2259	89.7
2260	79.1
2261	80.2
2262	74.3
2263	87.7
2264	85.2
2265	88.9
2266	81.8
2267	85
2268	82.6
2269	26.7
2270	92.4
2271	65.7
2272	78.6
2273	29.5
2274	89
2275	86.8
2276	35.4
2277	85.1
2278	92.1
2279	78.2
2280	87.8
2281	98.4
2282	87.4
2283	37.4
2284	93.8
2285	89.6
2286	87.9
2287	25.5
2288	68.6
2289	82.2
2290	82.7
2291	75.1
2292	91.1
2293	27.8
2294	31.7
2295	87.2
2296	94.9
2297	84.8
2298	82.3
2299	23.6
2300	86.6
2301	93.5
2302	86.6
2303	85.7
2304	85.1
2305	77.6
2306	89
2307	91.6
2308	89.3
2309	87.5
2310	89.5
2311	100.9
2312	95.8
2313	92
2314	93
2315	102.9
2316	81.6
2317	91.2
2318	73.5
2319	73.1
2320	93.9
2321	74.8
2322	96.4
2323	93.1
2324	91.6
2325	89.7
2326	91.5
2327	82.4
2328	83
2329	88
2330	100
2331	102.5
2332	34.3
2333	92.5
2334	74.2
2335	103.3
2336	89.5
2337	98.5
2338	49.7
2339	34.4
2340	91.9
2341	94.5
2342	100
2343	36.6
2344	92.2
2345	45.2
2346	94.6
2347	87.4
2348	94.4
2349	92.6
2350	95.2
2351	71.6
2352	89.6
2353	90
2354	94.1
2355	89.9
2356	96.6
2357	97.8
2358	28.4
2359	89.4
2360	95
2361	97.6
2362	37.8
2363	88.1
2364	73.6
2365	90.7
2366	99.1
2367	102
2368	93.2
2369	28
2370	93.8
2371	94
2372	89.3
2373	96
2374	26.7
2375	91.8
2376	102.8
2377	98.2
2378	95.5
2379	89.8
2380	91.9
2381	89.4
2382	85.2
2383	102.1
2384	98.3
2385	59.9
2386	86
2387	88.2
2388	96.5
2389	95.3
2390	67.5
2391	91.4
2392	89.9
2393	99.3
2394	94.1
2395	28.7
2396	89.8
2397	95.3
2398	58.2
2399	94.4
2400	96.1
2401	87.1
2402	91.2
2403	87.8
2404	24.8
2405	94.2
2406	87.1
2407	105.2
2408	92.4
2409	92.5
2410	94.9
2411	96.4
2412	98.8
2413	92.2
2414	21.1
2415	96.5
2416	87.7
2417	87.4
2418	85.3
2419	89.7
2420	98.7
2421	104.6
2422	76.4
2423	82.7
2424	94
2425	22.8
2426	107.3
2427	85.7
2428	88.9
2429	100.9
2430	95
2431	96.1
2432	88.8
2433	94.6
2434	20.2
2435	94
2436	84.8
2437	17.3
2438	89
2439	78.2
2440	94.3
2441	104.9
2442	83.7
2443	89.6
2444	99.5
2445	90.6
2446	23.8
2447	95.5
2448	96.4
2449	94.3
2450	101
2451	85.6
2452	85.5
2453	96.8
2454	96.8
2455	92.8
2456	82.3
2457	89.6
2458	90.8
2459	95.9
2460	17.1
2461	88
2462	70.9
2463	23.3
2464	94.5
2465	100.8
2466	97.8
2467	79.8
2468	86
2469	97.2
2470	92.4
2471	92.5
2472	95.9
2473	22.3
2474	76.2
2475	92.6
2476	93.3
2477	94.4
2478	86.2
2479	89.8
2480	94.4
2481	63.3
2482	17.6
2483	92
2484	95.3
2485	87.7
2486	86.7
2487	97.2
2488	95
2489	88.2
2490	96.4
2491	23.4
2492	96
2493	94
2494	87.5
2495	85.2
2496	22.3
2497	83.3
2498	86.5
2499	19
2500	90.7
2501	85.2
2502	87.5
2503	84.9
2504	68.5
2505	88.1
2506	89.4
2507	97.1
2508	78.1
2509	93.8
2510	80.6
2511	4.6
2512	85.8
2513	89.8
2514	85.9
2515	87.3
2516	93.1
2517	24.9
2518	53.8
2519	87.7
2520	89
2521	85.7
2522	4.6
2523	26.1
2524	95.2
2525	52.6
2526	86.7
2527	85.4
2528	83.7
2529	87.7
2530	83.8
2531	81.3
2532	81.6
2533	92.2
2534	55.2
2535	86.4
2536	93.2
2537	62.9
2538	4.6
2539	94.4
2540	89.2
2541	95.8
2542	82.3
2543	89
2544	56.4
2545	85.4
2546	76.4
2547	89
2548	88
2549	89.2
2550	95.6
2551	32.2
2552	92.3
2553	85.2
2554	87.4
2555	83.7
2556	88.8
2557	89.5
2558	86.2
2559	83.1
2560	4.6
2561	83.7
2562	92.1
2563	84
2564	86.2
2565	90.2
2566	26.2
2567	89.4
2568	4.6
2569	91.5
2570	54.6
2571	32.1
2572	92.8
2573	62.5
2574	89.5
2575	57.1
2576	89.5
2577	84
2578	85.7
2579	89.8
2580	91
2581	85.5
2582	90.2
2583	87.9
2584	94.1
2585	4.6
2586	88.5
2587	88.3
2588	91.2
2589	84.2
2590	89.3
2591	84.8
2592	82.1
2593	79.2
2594	45.1
2595	93.7
2596	4.6
2597	87.8
2598	88.6
2599	93.3
2600	87.7
2601	83.5
2602	85.5
2603	81.8
2604	88.5
2605	89.5
2606	78.3
2607	4.5
2608	76.6
2609	87.8
2610	57.2
2611	88.8
2612	80.7
2613	87.2
2614	86.8
2615	37
2616	88.8
2617	4.6
2618	97.3
2619	94.2
2620	85.9
2621	41.2
2622	87.9
2623	4.5
2624	80.5
2625	88
2626	36.5
2627	89.3
2628	37.8
2629	94.2
2630	81.6
2631	79.9
2632	4.4
2633	87
2634	87.1
2635	83.5
2636	87.8
2637	91.2
2638	74.5
2639	80.8
2640	78.1
2641	83.3
2642	4.5
2643	89.6
2644	80.5
2645	88.7
2646	77.6
2647	46.2
2648	87.2
2649	74.2
2650	4.6
2651	89.7
2652	83.2
2653	85
2654	81.3
2655	82.7
2656	86.2
2657	44.4
2658	80.9
2659	92.8
2660	4.6
2661	63
2662	85.7
2663	76.8
2664	81.4
2665	74.3
2666	82.8
2667	35.4
2668	84.6
2669	88.6
2670	84.4
2671	89.9
2672	84
2673	51.7
2674	42
2675	76.8
2676	28.2
2677	86.9
2678	91.3
2679	79.2
2680	80.3
2681	74.6
2682	63.8
2683	85.6
2684	81.3
2685	84.7
2686	89.3
2687	82.6
2688	66.5
2689	77.8
2690	69.8
2691	69.9
2692	22.3
2693	70.1
2694	86.7
2695	92.3
2696	87.1
2697	86.7
2698	87
2699	13
2700	79.1
2701	30.4
2702	66.5
2703	75.9
2704	52.9
2705	78.4
2706	75.2
2707	10.3
2708	68.6
2709	61
2710	72.3
2711	75.4
2712	78.2
2713	85
2714	74.4
2715	68.9
2716	69.8
2717	65.9
2718	70.8
2719	84.1
2720	67.3
2721	79
2722	77.7
2723	85.5
2724	12.8
2725	67.7
2726	81
2727	86.7
2728	72
2729	84.5
2730	71.4
2731	78
2732	73
2733	71.7
2734	69.7
2735	72.9
2736	15.7
2737	74.4
2738	64.6
2739	77.1
2740	68.2
2741	67.7
2742	71.5
2743	74.3
2744	73.5
2745	46.8
2746	15.7
2747	76.4
2748	87.3
2749	80.4
2750	70.3
2751	59.1
2752	81.7
2753	75.6
2754	76.3
2755	68.8
2756	71.7
2757	80.3
2758	72.9
2759	72.1
2760	75
2761	73.7
2762	80.7
2763	16.1
2764	77.5
2765	73.7
2766	77
2767	15.8
2768	74.4
2769	71.3
2770	78.1
2771	72.6
2772	68.4
2773	32.1
2774	62.3
2775	75.6
2776	80.6
2777	71.9
2778	74.7
2779	81
2780	24.4
2781	81.8
2782	45.7
2783	83.6
2784	84.3
2785	20.9
2786	15
2787	77.9
2788	72.2
2789	73.5
2790	83.7
2791	74.7
2792	74.7
2793	66.1
2794	83.2
2795	71.2
2796	66.2
2797	72.4
2798	73.6
2799	80.1
2800	74
2801	83.4
2802	72.8
2803	69.1
2804	25.4
2805	73.4
2806	80.6
2807	70.6
2808	72.6
2809	79.8
2810	16.3
2811	78.1
2812	70.1
2813	68.5
2814	84.2
2815	79.1
2816	71
2817	78.6
2818	58.9
2819	85.4
2820	86.6
2821	69.5
2822	79.9
2823	75.3
2824	19.2
2825	78.6
2826	21.2
2827	23.8
2828	75.5
2829	22.9
2830	83.4
2831	87.7
2832	86.4
2833	76.6
2834	68.4
2835	86.3
2836	85.1
2837	82.4
2838	83.8
2839	79.7
2840	87.9
2841	90.2
2842	57.9
2843	80.5
2844	35.7
2845	77.4
2846	15.4
2847	78.2
2848	73.7
2849	79.3
2850	74.4
2851	54.1
2852	81.9
2853	84.6
2854	86.5
2855	85.1
2856	86.9
2857	84.3
2858	70.2
2859	81.5
2860	83.9
2861	83.9
2862	68
2863	45.7
2864	68.8
2865	87.7
2866	74.6
2867	84
2868	50.4
2869	69.5
2870	83
2871	73.8
2872	78.7
2873	84.2
2874	13.8
2875	81.2
2876	11.9
2877	85.6
2878	84.6
2879	36.8
2880	82.6
2881	87.3
2882	90.1
2883	85.9
2884	68.8
2885	53.3
2886	63.6
2887	45.6
2888	11
2889	19.8
2890	16.8
2891	86.4
2892	77.7
2893	77
2894	69.3
2895	84.2
2896	9.7
2897	83.4
2898	85
2899	74.7
2900	70.9
2901	38.5
2902	89.2
2903	91.3
2904	27
2905	85.4
2906	77.6
2907	55
2908	87.9
2909	76
2910	81.4
2911	83.5
2912	87.1
2913	76.7
2914	89.5
2915	45.7
2916	87.2
2917	14.5
2918	73
2919	37.3
2920	41.1
2921	86.8
2922	79.8
2923	81.6
2924	61.3
2925	86.8
2926	56.9
2927	31.3
2928	73.8
2929	54.8
2930	86.2
2931	86.8
2932	76.1
2933	87.2
2934	29.8
2935	90.2
2936	34
2937	78.1
2938	39.6
2939	91.5
2940	32.1
2941	79.5
2942	33.7
2943	79.1
2944	34.7
2945	90.8
2946	90.1
2947	68.5
2948	90.1
2949	88.6
2950	77.4
2951	75.6
2952	92.1
2953	78.5
2954	83.9
2955	80
2956	78.6
2957	54.6
2958	88.4
2959	44.8
2960	85.9
2961	90.8
2962	85.1
2963	64.2
2964	75.8
2965	77.7
2966	72.4
2967	82.7
2968	90.7
2969	42.2
2970	35.2
2971	87.3
2972	69.6
2973	31.5
2974	91.3
2975	98
2976	76
2977	55.5
2978	62.7
2979	93.9
2980	89.1
2981	91.6
2982	71.4
2983	86.3
2984	93.8
2985	81.4
2986	86.7
2987	80.3
2988	86.5
2989	33.1
2990	71.8
2991	100
2992	66.8
2993	92.4
2994	86.6
2995	87.2
2996	78.2
2997	74.5
2998	74.8
2999	70.6
3000	78.1
3001	50.1
3002	92.8
3003	77.2
3004	58.1
3005	52.8
3006	89.6
3007	82.9
3008	91.8
3009	57.3
3010	33.9
3011	89.8
3012	61.1
3013	93.2
3014	70.2
3015	49.1
3016	84.4
3017	100.7
3018	72
3019	50.2
3020	72.3
3021	59.1
3022	48.7
3023	53.3
3024	91.4
3025	69.7
3026	93.4
3027	90.8
3028	77.7
3029	91.9
3030	44.7
3031	59.3
3032	59.8
3033	49.1
3034	63.1
3035	74.3
3036	42.8
3037	60.8
3038	46.1
3039	73
3040	94.8
3041	97.8
3042	95.8
3043	97.3
3044	83.8
3045	96
3046	41.7
3047	46.3
3048	97.5
3049	73.4
3050	97.4
3051	91.2
3052	78.5
3053	98.5
3054	72
3055	76.8
3056	97.7
3057	45.2
3058	97.2
3059	85.4
3060	41.8
3061	45.8
3062	51
3063	97.7
3064	98.8
3065	43.2
3066	96.1
3067	44.1
3068	99.5
3069	49.2
3070	90.3
3071	60.5
3072	79.7
3073	25
3074	96.6
3075	55.1
3076	62.4
3077	86.3
3078	76.5
3079	93.3
3080	98.6
3081	51.7
3082	44.5
3083	100.2
3084	49.5
3085	80
3086	86
3087	105.5
3088	100.2
3089	104.2
3090	86.3
3091	52.2
3092	39.8
3093	62.6
3094	31.3
3095	39.3
3096	93.3
3097	40.9
3098	105.2
3099	43
3100	95.5
3101	24.3
3102	56.3
3103	97.4
3104	101.1
3105	46.7
3106	102.5
3107	100.5
3108	39.9
3109	57
3110	45.1
3111	105.6
3112	26.7
3113	101.6
3114	59.4
3115	42.6
3116	54.9
3117	54.8
3118	99.8
3119	111.7
3120	20.8
3121	109.2
3122	31.5
3123	104.2
3124	37.1
3125	59.4
3126	29.3
3127	21.2
3128	45.1
3129	42.5
3130	42.5
3131	101
3132	101.2
3133	104.8
3134	100.8
3135	31
3136	106.6
3137	28.2
3138	45.2
3139	109.3
3140	89.6
3141	44.1
3142	96.5
3143	105.7
3144	50
3145	26
3146	41.4
3147	25.9
3148	54.8
3149	34.9
3150	32.5
3151	100.7
3152	106.2
3153	101.9
3154	93.5
3155	21.9
3156	84.4
3157	80.2
3158	29.7
3159	92.9
3160	26.8
3161	103.1
3162	105.1
3163	43.6
3164	29.4
3165	19.9
3166	105.9
3167	17.9
3168	102.9
3169	37.5
3170	100.5
3171	30.8
3172	103.1
3173	38.9
3174	8.6
3175	98.2
3176	29.4
3177	43.7
3178	43.7
3179	39.4
3180	29.1
3181	13
3182	101.3
3183	99.9
3184	109.3
3185	107
3186	80.7
3187	96
3188	8
3189	77.9
3190	27.2
3191	28.1
3192	9
3193	46.9
3194	101.7
3195	106.1
3196	30.3
3197	13
3198	13.3
3199	92.1
3200	37.2
3201	35.6
3202	105.6
3203	100.6
3204	19.2
3205	92.1
3206	40
3207	49.7
3208	31.7
3209	49.2
3210	108.4
3211	107.5
3212	95.9
3213	37.3
3214	33.4
3215	35.3
3216	36.1
3217	44.4
3218	94.3
3219	95.6
3220	13.7
3221	37.3
3222	108.6
3223	25.6
3224	100.1
3225	37.4
3226	94.6
3227	38
3228	46.7
3229	49.3
3230	33.6
3231	44.9
3232	34.9
3233	40.1
3234	90.5
3235	99.1
3236	106.6
3237	36.3
3238	103
3239	47
3240	45.9
3241	66.6
3242	48
3243	99.5
3244	51.3
3245	42.4
3246	43.7
3247	46.1
3248	35.2
3249	32
3250	28.7
3251	99.4
3252	106.8
3253	50.6
3254	98.3
3255	37.8
3256	35.6
3257	103.9
3258	50.6
3259	71.3
3260	34.1
3261	50.2
3262	106.6
3263	37.2
3264	33.2
3265	34
3266	47.3
3267	68.9
3268	98.9
3269	104.5
3270	43.4
3271	29.5
3272	100.8
3273	31
3274	104
3275	51.8
3276	52.1
3277	45.3
3278	80.7
3279	39.7
3280	38
3281	44.7
3282	27.3
3283	89.2
3284	49.5
3285	28.6
3286	96.6
3287	38.2
3288	52.1
3289	47.1
3290	33.5
3291	95
3292	28.1
3293	55
3294	56.7
3295	43.2
3296	25.8
3297	37.4
3298	61.9
3299	41.4
3300	70.7
3301	48.1
3302	38.9
3303	94.2
3304	54.1
3305	95.7
3306	51.8
3307	37.3
3308	93.9
3309	53
3310	48.9
3311	26.6
3312	49.9
3313	43.1
3314	26
3315	46
3316	90
3317	30.3
3318	75.5
3319	22.2
3320	39.7
3321	53.4
3322	23.6
3323	52.3
3324	49.6
3325	44.8
3326	53
3327	18.6
3328	33.6
3329	38.3
3330	66.5
3331	42.1
3332	40.2
3333	42.3
3334	22.1
3335	80.6
3336	52
3337	17.3
3338	44.4
3339	24.9
3340	29.1
3341	71.8
3342	49.9
3343	35.7
3344	40.9
3345	17.9
3346	33.8
3347	50.5
3348	19.4
3349	47.6
3350	59.3
3351	34.1
3352	61.7
3353	39
3354	50.4
3355	44.9
3356	46.5
3357	48.4
3358	30.9
3359	35.6
3360	60.6
3361	38
3362	45.6
3363	59.4
3364	46.1
3365	38.3
3366	35.7
3367	42.8
3368	28.5
3369	34.2
3370	45.4
3371	37.2
3372	36.2
3373	39.7
3374	37.2
3375	46.2
3376	35.6
3377	45.8
3378	45.9
3379	47.6
3380	36.8
3381	38.3
3382	45.2
3383	40.8
3384	37.8
3385	38.8
3386	38
3387	49.1
3388	44.4
3389	40.8
3390	41.6
3391	41.3
3392	42.2
3393	48
3394	42.8
3395	38.2
3396	41.1
3397	41.1
3398	37.5
3399	34.5
3400	86.9
3401	86.9
3402	86.2
3403	96.8
3404	86.8
3405	83
3406	83.2
3407	96.2
3408	84.3
3409	99.4
3410	20
3411	24.8
3412	81.4
3413	91.7
3414	84.5
3415	98.8
3416	111.3
3417	95.8
3418	99.4
3419	99
3420	99.6
3421	101.6
3422	97.4
3423	94.5
3424	87.1
3425	89.7
3426	103.8
3427	107.3
3428	45.5
3429	91.6
3430	42.2
3431	105.1
3432	92.8
3433	100.4
3434	91.9
3435	101.4
3436	102.7
3437	96.8
3438	97.9
3439	96.2
3440	80
3441	96.1
3442	117.5
3443	97.5
3444	72.6
3445	95.3
3446	102.3
3447	104.5
3448	113.4
3449	99.3
3450	101.4
3451	91.1
3452	97.4
3453	74.4
3454	99.2
3455	100.5
3456	87.7
3457	112.8
3458	94.3
3459	101.2
3460	91.3
3461	101.1
3462	108.9
3463	101.3
3464	100.6
3465	103.9
3466	61
3467	101.5
3468	105.2
3469	65.6
3470	98.1
3471	100.6
3472	52.1
3473	102.9
3474	91.3
3475	106.6
3476	103.8
3477	103.8
3478	100.6
3479	103.8
3480	103.2
3481	107.5
3482	54.2
3483	70.7
3484	104.7
3485	72.1
3486	101.8
3487	1.1
3488	30.3
3489	114.7
3490	107.8
3491	95.9
3492	83.6
3493	50.8
3494	93.6
3495	92.2
3496	23.5
3497	70.7
3498	62.5
3499	89.8
3500	76.6
3501	24.9
3502	26.6
3503	72.4
3504	73.4
3505	84.2
3506	90
3507	72.8
3508	92.3
3509	35
3510	88.9
3511	89.3
3512	91
3513	44.8
3514	89.5
3515	93.5
3516	89.4
3517	85.9
3518	87.1
3519	91.2
3520	93.5
3521	96.7
3522	91.6
3523	94.1
3524	92.1
3525	92
3526	30.3
3527	90.6
3528	89
3529	87.8
3530	86.8
3531	91.2
3532	52.5
3533	94.5
3534	94.3
3535	90.2
3536	63.5
3537	18.4
3538	85.6
3539	72.9
3540	79
3541	79.7
3542	75.1
3543	82.8
3544	83
3545	75.8
3546	67.7
3547	65.6
3548	75
3549	84.2
3550	83.4
3551	86.9
3552	70.3
3553	73.1
3554	90.8
3555	82.6
3556	87.2
3557	37
3558	75.5
3559	32.6
3560	69.6
3561	70.1
3562	43.8
3563	92.2
3564	47.8
3565	51.7
3566	52.5
3567	92
3568	99.2
3569	104.6
3570	98.3
3571	100.2
3572	48.9
3573	103.7
3574	59.8
3575	60
3576	104.8
3577	99.7
3578	98.4
3579	43.7
3580	42.1
3581	27.5
3582	104.4
3583	34.9
3584	103.9
3585	38.6
3586	101.2
3587	34.4
3588	53.5
3589	30.7
3590	39.8
3591	94.6
3592	44
3593	47.1
3594	40.2
