"COMID"	"Value"
1	35.4
2	3.2
3	28.8
4	12.8
5	35.1
6	0.9
7	50.2
8	5.5
9	1.1
10	0.4
11	17.8
12	0.9
13	0.3
14	28.9
15	5.8
16	0.9
17	29
18	35.8
19	25.3
20	30.7
21	7.1
22	26.9
23	0.5
24	0.8
25	10.8
26	5.1
27	6.6
28	32.1
29	0.6
30	4
31	28.1
32	30.7
33	27.7
34	0.6
35	6.7
36	1.2
37	24.2
38	0.6
39	0.2
40	26.3
41	27.2
42	6.3
43	38.6
44	38.1
45	3.4
46	0.3
47	9.9
48	25.7
49	7.5
50	2.8
51	0.2
52	1.3
53	1.4
54	22.7
55	22.7
56	21.3
57	35.4
58	0.3
59	4.8
60	0.2
61	0.9
62	1
63	18.4
64	5.4
65	0.6
66	5.6
67	24.4
68	11.4
69	4.4
70	1.1
71	0.9
72	20.4
73	0.1
74	34.9
75	1.1
76	0.8
77	5.3
78	4.8
79	25.5
80	0.6
81	4.9
82	2.7
83	11.6
84	0.5
85	16.4
86	15.3
87	0.2
88	0.3
89	2.9
90	6.2
91	2.8
92	24.5
93	17
94	0.7
95	43.6
96	0.3
97	23.3
98	0.7
99	3.3
100	23.1
101	10.9
102	8.9
103	0.2
104	3.4
105	0.7
106	25.8
107	2.1
108	0.6
109	0.4
110	0.3
111	0.8
112	27.2
113	0.8
114	26.7
115	7
116	15.5
117	27.2
118	21.7
119	0
120	4.1
121	0.9
122	11.3
123	0.8
124	17.5
125	24.5
126	22.5
127	4.7
128	23.2
129	0.1
130	2.1
131	2.9
132	0.4
133	28.4
134	9.1
135	19.4
136	19.8
137	24.8
138	0.2
139	0.1
140	6.1
141	4.3
142	0.8
143	0.1
144	2.1
145	0.2
146	24.9
147	18.4
148	26.8
149	19.1
150	29.8
151	3.8
152	18.7
153	0.2
154	14.4
155	0.6
156	1.5
157	28
158	0.4
159	5.1
160	16.7
161	0.9
162	0.4
163	1.2
164	1
165	0.1
166	0.3
167	27.2
168	0.1
169	24.1
170	22.5
171	11
172	0.8
173	1.5
174	0.3
175	1.5
176	31.6
177	5.4
178	13.3
179	19.3
180	0.3
181	0.2
182	4.9
183	0.9
184	0.3
185	0.6
186	8.8
187	18.2
188	0.3
189	0.3
190	18.6
191	0.2
192	11.8
193	0.6
194	35.7
195	1.9
196	0.3
197	5.4
198	0.2
199	12.5
200	0.3
201	0.2
202	0.9
203	0.4
204	0.5
205	0.8
206	3.7
207	4.4
208	31.5
209	10.1
210	10.1
211	17
212	26.2
213	8
214	0.6
215	18.1
216	6.9
217	3.3
218	5.6
219	7.7
220	0.4
221	0.1
222	17.4
223	28.9
224	0.1
225	7.8
226	17.9
227	0.6
228	9.3
229	0.5
230	3.4
231	6.4
232	3.2
233	23.6
234	0.2
235	1.9
236	7.1
237	2.1
238	1.7
239	21.9
240	18.7
241	11.9
242	0.2
243	0.2
244	26.6
245	9.4
246	20.4
247	1.3
248	0.9
249	0.1
250	24.7
251	16.6
252	11.3
253	4.4
254	0.4
255	0.2
256	5.4
257	0.2
258	3.6
259	1.4
260	0.5
261	10.5
262	12.4
263	1.7
264	0.1
265	0.2
266	9.6
267	18.4
268	5
269	22.1
270	0.1
271	13.6
272	9.3
273	15.6
274	0.1
275	10
276	0.1
277	0.3
278	8.8
279	0.1
280	8.3
281	8.5
282	11.9
283	0.2
284	4.1
285	0.3
286	6.5
287	12.3
288	1.8
289	0.3
290	0.1
291	1.9
292	2.1
293	0.3
294	5.2
295	0.1
296	8.3
297	4.6
298	0.2
299	4.4
300	3.9
301	0.1
302	6.6
303	6.1
304	1.3
305	5.8
306	3.7
307	4.1
308	9.5
309	0.1
310	4.5
311	5.9
312	4.1
313	5.6
314	1.4
315	0.3
316	0.2
317	0.2
318	3.4
319	0.1
320	4.9
321	0
322	6
323	8.5
324	0.2
325	0.1
326	3
327	0.2
328	0.3
329	0
330	0.4
331	0.2
332	0.1
333	0.1
334	0.2
335	4.2
336	0.1
337	0.2
338	0.1
339	0.9
340	0.4
341	0.1
342	0.3
343	0.2
344	1.9
345	1
346	1
347	0.2
348	2.8
349	1.3
350	0.1
351	0.3
352	0.2
353	12.3
354	1
355	0.1
356	0.2
357	0.5
358	0.8
359	0.1
360	1
361	0.2
362	1
363	1.1
364	0.3
365	5
366	1
367	0.6
368	15.2
369	0.1
370	11.9
371	0.1
372	1.2
373	0.8
374	0.6
375	4.2
376	1.1
377	11.1
378	0.9
379	0.5
380	8.2
381	0.2
382	0.2
383	20.2
384	0.2
385	0.6
386	0.3
387	16.1
388	2.2
389	2.5
390	18.9
391	0.9
392	5
393	0.3
394	0.6
395	0.1
396	0.9
397	0.3
398	0.8
399	1.2
400	0.4
401	9.3
402	0.3
403	0.5
404	0.3
405	1.1
406	14.3
407	0.3
408	0.2
409	0.3
410	16.5
411	4.7
412	0.8
413	18.8
414	0.4
415	0.7
416	0
417	0.3
418	0
419	2.1
420	0
421	0.2
422	1.2
423	9.9
424	9.3
425	15.6
426	0.4
427	19.4
428	8.3
429	2.9
430	21.3
431	0.2
432	0.6
433	15.6
434	0.6
435	0.6
436	5
437	0.7
438	34.7
439	0.2
440	7.7
441	14.6
442	0.6
443	6.7
444	0.7
445	46.5
446	0.3
447	50.7
448	46.2
449	0.3
450	1.1
451	0.4
452	42.6
453	0.3
454	0.1
455	4.2
456	0.3
457	24.8
458	35.6
459	38.2
460	0.8
461	14.7
462	48.1
463	1.1
464	2.5
465	23
466	1
467	7.3
468	0.3
469	1.4
470	0.7
471	1.2
472	7.7
473	11.6
474	0.5
475	2.1
476	0.1
477	49.5
478	0.1
479	2.2
480	18.9
481	0.3
482	0.2
483	31.1
484	0.9
485	1
486	2.7
487	1.5
488	8.3
489	0.5
490	5.9
491	3.2
492	20.6
493	0.8
494	12.4
495	4.2
496	0.5
497	11.1
498	0.9
499	0.9
500	6.1
501	4.6
502	12.2
503	1.1
504	0.9
505	2.1
506	4.9
507	10.3
508	1.5
509	3.7
510	6.6
511	5.6
512	5.6
513	0.7
514	1.5
515	1
516	0.6
517	11.1
518	1
519	1.6
520	3.5
521	0.8
522	0.4
523	0.6
524	22.3
525	1.2
526	0.8
527	2.6
528	0.1
529	0.7
530	28.7
531	15.8
532	37.6
533	2.8
534	0.2
535	34.4
536	19.6
537	3.2
538	1.1
539	0
540	0.2
541	9.7
542	14.5
543	0.8
544	1.1
545	4.9
546	16.6
547	1.1
548	4.5
549	7.6
550	0.1
551	7
552	1.1
553	2.8
554	0.8
555	0.2
556	1.1
557	1.2
558	4.5
559	6
560	10
561	6.9
562	15.5
563	0.8
564	3.2
565	5.8
566	15
567	0.1
568	13.5
569	1.7
570	0.7
571	7.1
572	6.8
573	0.6
574	1.1
575	0.1
576	7.6
577	1.6
578	3.7
579	4.9
580	10.9
581	1.7
582	1.1
583	0.2
584	0.3
585	10.4
586	1.1
587	15.9
588	0.7
589	21.9
590	0.6
591	1.1
592	4.4
593	10.9
594	1.2
595	1
596	0.1
597	0.5
598	0.1
599	17.4
600	0.5
601	0.1
602	0.6
603	28
604	0.8
605	1.1
606	0.7
607	0.2
608	0.2
609	3.2
610	0.3
611	2
612	3
613	0.3
614	52.3
615	0.9
616	1.5
617	30.2
618	21.3
619	0.9
620	0.6
621	0.4
622	55.2
623	54.9
624	52
625	0.2
626	0
627	10.4
628	0
629	2.3
630	23.9
631	0.2
632	28.4
633	12.8
634	0.3
635	1.6
636	2.8
637	1.3
638	0
639	25.9
640	1
641	14
642	0.8
643	41.9
644	2.4
645	29.9
646	11.4
647	0.3
648	41.2
649	44
650	0.2
651	28.7
652	0.1
653	0.2
654	0.2
655	0.3
656	0.1
657	45.1
658	3.7
659	41.6
660	3.7
661	2.2
662	13.7
663	40
664	0.2
665	0.1
666	0.4
667	6.9
668	41
669	7
670	0.3
671	0.3
672	0.2
673	15.2
674	0.9
675	14.8
676	29.6
677	16.7
678	2.1
679	0.2
680	0.2
681	15.6
682	43.4
683	42.8
684	37
685	0.2
686	17.3
687	0.3
688	14.9
689	0.1
690	16.9
691	2.3
692	10.5
693	2.4
694	0.5
695	1.4
696	22.1
697	0.2
698	34
699	29.2
700	12.7
701	1
702	22
703	12
704	24.9
705	42.6
706	3.1
707	15
708	17.6
709	48
710	28.2
711	0.3
712	6.7
713	32.4
714	1.5
715	25.4
716	1
717	41.5
718	19.1
719	30.5
720	11.9
721	0.3
722	43.8
723	16.8
724	36.7
725	0.2
726	0.5
727	0.6
728	47
729	0.9
730	30.1
731	4
732	0.4
733	25.4
734	9.3
735	6.7
736	3.2
737	27
738	11.5
739	31.6
740	38.5
741	43.4
742	48
743	30.4
744	0.4
745	0.4
746	9
747	14.3
748	0.2
749	29.8
750	1.3
751	7
752	34.8
753	14.3
754	16.7
755	28.5
756	7.6
757	58.4
758	17.8
759	0.3
760	7.6
761	0.5
762	35.9
763	33.8
764	10.3
765	9.2
766	0.9
767	22
768	24
769	32.4
770	22.9
771	10.7
772	16.7
773	4.8
774	4.8
775	1.8
776	1.8
777	39.9
778	8.7
779	0.4
780	32
781	29.9
782	105.1
783	98.8
784	104.4
785	104.1
786	95.3
787	103.7
788	94.9
789	99.4
790	97.4
791	92.9
792	93.4
793	89.7
794	98.5
795	103.8
796	88.3
797	105.2
798	91.4
799	91.4
800	95.4
801	88.5
802	89.9
803	95.4
804	90.4
805	89.2
806	92.5
807	84
808	89.1
809	105.4
810	100.4
811	89.9
812	93.2
813	91.3
814	88.7
815	91.4
816	87.2
817	89.1
818	90.4
819	104.2
820	89.2
821	86.4
822	86.5
823	88.6
824	92.4
825	83.1
826	101.1
827	89.2
828	87.2
829	83.7
830	87.2
831	81.3
832	89
833	84.3
834	93.7
835	85
836	86.4
837	76.2
838	86.5
839	85.2
840	84.7
841	84.4
842	86.5
843	49
844	90.8
845	82.9
846	88.8
847	84.1
848	86.7
849	87.4
850	89.6
851	87.6
852	87.2
853	83.1
854	84.5
855	83.6
856	84.6
857	82.3
858	91.8
859	77.8
860	83.9
861	86.3
862	25.7
863	81.2
864	79.7
865	82.6
866	83.3
867	83.1
868	92.5
869	82.4
870	69.3
871	80.5
872	80.1
873	33
874	85.3
875	91.9
876	83.5
877	81.8
878	82
879	90.7
880	83.3
881	85.9
882	87.8
883	79.9
884	82.6
885	80.1
886	18
887	81.7
888	84.9
889	83.6
890	89.3
891	84.7
892	85.1
893	89.1
894	19
895	90.3
896	89.6
897	83.1
898	82.6
899	89.3
900	88.6
901	82.8
902	92.3
903	87.3
904	82.8
905	82.6
906	90.9
907	85.6
908	85.8
909	82.8
910	24.4
911	82.8
912	84.2
913	86.7
914	87
915	31.3
916	80.3
917	84.8
918	81.7
919	86.9
920	83.6
921	80
922	91
923	48.4
924	83.9
925	85.8
926	83.7
927	84
928	100.7
929	84.1
930	95.2
931	84.8
932	105.9
933	87.9
934	26
935	85.9
936	83
937	91.7
938	90
939	84.5
940	88
941	89.8
942	89.6
943	19.8
944	92.4
945	81.6
946	85.1
947	25.1
948	81.9
949	85.5
950	86.1
951	96.4
952	85.8
953	103.8
954	107.7
955	95.8
956	82.5
957	87.7
958	102.4
959	87.1
960	88.8
961	97.9
962	80.9
963	82.9
964	14
965	83.8
966	96.2
967	19.2
968	87.2
969	88.5
970	64.8
971	83.7
972	80.4
973	86.5
974	85.1
975	92.1
976	84.9
977	82.9
978	104.1
979	92.4
980	84.9
981	81.5
982	89.5
983	82.5
984	85
985	82.8
986	82.7
987	105.7
988	83.5
989	88.5
990	39
991	81.8
992	78.8
993	83
994	85.7
995	89.8
996	83.6
997	82.5
998	105.5
999	86
1000	13.8
1001	106.5
1002	83.6
1003	32.8
1004	83.4
1005	102.6
1006	86.5
1007	16.5
1008	104.5
1009	65.3
1010	92.4
1011	82.1
1012	84.4
1013	102.8
1014	84.6
1015	103.8
1016	19.5
1017	82.1
1018	103.8
1019	103
1020	93.8
1021	84.1
1022	90.9
1023	90
1024	84.9
1025	94.5
1026	91.3
1027	82.4
1028	82.7
1029	100
1030	91.5
1031	17.4
1032	29.2
1033	89.8
1034	88.2
1035	85.1
1036	81.9
1037	93
1038	86.4
1039	101.9
1040	100.3
1041	94.8
1042	101.5
1043	18.2
1044	94.5
1045	102.7
1046	101.9
1047	84.9
1048	84.4
1049	84.7
1050	17.5
1051	83.7
1052	86.1
1053	98.3
1054	86.5
1055	87.2
1056	92.8
1057	89.1
1058	92
1059	90.9
1060	90.8
1061	17.2
1062	96.3
1063	85.2
1064	83.4
1065	98.2
1066	85.1
1067	87.2
1068	91.2
1069	82.1
1070	85.4
1071	86.2
1072	82.8
1073	83.9
1074	89.9
1075	66.8
1076	88.2
1077	86.9
1078	95
1079	88.9
1080	101.5
1081	87.7
1082	85.8
1083	83.7
1084	91.6
1085	87.2
1086	86
1087	17.8
1088	85.1
1089	100.7
1090	82.9
1091	87.9
1092	86.7
1093	100
1094	83.7
1095	97.7
1096	101.2
1097	87.7
1098	102
1099	67.7
1100	15.3
1101	84.8
1102	88.6
1103	84.3
1104	100.4
1105	102.5
1106	99.7
1107	85.7
1108	99.5
1109	85
1110	85.5
1111	86.6
1112	88.2
1113	85.9
1114	88.6
1115	100.7
1116	97.7
1117	87.2
1118	100
1119	101.2
1120	94.9
1121	101.9
1122	101.4
1123	102.5
1124	82
1125	95.9
1126	91.1
1127	96.9
1128	87.5
1129	86.6
1130	100.6
1131	83.4
1132	90.6
1133	87.1
1134	99.4
1135	87
1136	83.5
1137	98.9
1138	98.9
1139	99.9
1140	83.9
1141	94
1142	86
1143	86.9
1144	100.2
1145	103.3
1146	92.7
1147	95.2
1148	86.5
1149	91.5
1150	96.7
1151	97.2
1152	84
1153	83.6
1154	15.3
1155	90.7
1156	89.3
1157	93.1
1158	95.4
1159	72.7
1160	94.5
1161	85.8
1162	103.7
1163	101.9
1164	90.9
1165	90.1
1166	85.6
1167	84
1168	89.1
1169	84
1170	91.9
1171	103.2
1172	77.1
1173	99.5
1174	81.5
1175	97.7
1176	62.8
1177	91.4
1178	90.7
1179	91.2
1180	99.2
1181	102.7
1182	95.8
1183	85.2
1184	87.3
1185	86.4
1186	80
1187	92
1188	93.3
1189	100.9
1190	90.7
1191	84.4
1192	93.3
1193	81.5
1194	95.1
1195	96.8
1196	91.9
1197	85.4
1198	83.9
1199	83.7
1200	23.4
1201	95.6
1202	100.9
1203	87.7
1204	95.6
1205	97.2
1206	85.1
1207	99.1
1208	87.9
1209	97.7
1210	83.3
1211	84.3
1212	93.5
1213	74.3
1214	82.6
1215	100.3
1216	89.8
1217	83.6
1218	82.7
1219	85.6
1220	82.8
1221	93.7
1222	96.4
1223	98.2
1224	91.3
1225	96.6
1226	80
1227	78.8
1228	99.8
1229	103.8
1230	87.3
1231	89.6
1232	83.8
1233	96.6
1234	99.2
1235	101.2
1236	83.1
1237	81.2
1238	85.2
1239	93.2
1240	90.9
1241	88.6
1242	85.5
1243	93.5
1244	87.7
1245	92.1
1246	85.3
1247	70.2
1248	32.6
1249	91.8
1250	79.7
1251	97.9
1252	89
1253	97.3
1254	101.3
1255	92.1
1256	80.9
1257	100.8
1258	102
1259	95.3
1260	85.4
1261	80.3
1262	90.9
1263	98.1
1264	96.1
1265	88.8
1266	83.5
1267	89.6
1268	87.4
1269	29.7
1270	85.5
1271	97.8
1272	90.1
1273	102.3
1274	86
1275	89.1
1276	78.3
1277	85.1
1278	83.6
1279	21.5
1280	94.4
1281	103.1
1282	94.2
1283	89.8
1284	36.7
1285	99.9
1286	89.1
1287	100.7
1288	98.6
1289	87.8
1290	98.4
1291	88.2
1292	95.7
1293	16.3
1294	100
1295	91.2
1296	92.2
1297	35.9
1298	85.7
1299	92.1
1300	103.3
1301	94.7
1302	98.2
1303	97.1
1304	44.5
1305	91.3
1306	92.7
1307	90
1308	98.3
1309	93.5
1310	87.3
1311	89.6
1312	84.8
1313	101.4
1314	93
1315	96.4
1316	84.1
1317	79.8
1318	98.5
1319	88.8
1320	92.9
1321	100.9
1322	94.6
1323	97.1
1324	97.7
1325	86.4
1326	102.2
1327	100.3
1328	87.5
1329	40.7
1330	88.6
1331	79
1332	14.8
1333	69.9
1334	86.8
1335	106.3
1336	91.7
1337	101.3
1338	103.5
1339	96.5
1340	97.4
1341	87.3
1342	90.1
1343	96.6
1344	98.8
1345	98
1346	98.8
1347	87.9
1348	83.9
1349	98.6
1350	93.8
1351	87.7
1352	34.7
1353	90.8
1354	101.2
1355	94
1356	25.2
1357	76.6
1358	95.4
1359	100.1
1360	102.6
1361	97.9
1362	86.6
1363	98.4
1364	108.7
1365	87.1
1366	103
1367	99
1368	83.4
1369	97.8
1370	104.5
1371	97
1372	97.2
1373	86.9
1374	107.6
1375	94.3
1376	38.6
1377	97
1378	100.3
1379	99.9
1380	84.9
1381	98.5
1382	92.7
1383	103.8
1384	96.8
1385	31.4
1386	84.7
1387	103.2
1388	100.9
1389	99.5
1390	87.2
1391	94
1392	88.1
1393	94.4
1394	96.7
1395	90.2
1396	97.4
1397	93.1
1398	99.6
1399	97.9
1400	71.5
1401	98.2
1402	98.5
1403	92.7
1404	97.7
1405	107.7
1406	101
1407	99.2
1408	95
1409	93.1
1410	93.4
1411	82.3
1412	102.9
1413	94.3
1414	99.5
1415	100.7
1416	93.6
1417	95.3
1418	94.8
1419	101.5
1420	96.1
1421	100.9
1422	106.3
1423	59.5
1424	90.3
1425	94.8
1426	81.9
1427	99.2
1428	98.8
1429	101.8
1430	93
1431	96.1
1432	100.6
1433	92.1
1434	98.8
1435	92.7
1436	98.3
1437	94.6
1438	98.2
1439	98.5
1440	93.1
1441	92.8
1442	94.4
1443	74.5
1444	100.8
1445	96.2
1446	98
1447	98.3
1448	89.9
1449	99.1
1450	98.9
1451	94.7
1452	97.8
1453	95.1
1454	54.6
1455	103.3
1456	97.3
1457	96.7
1458	86.1
1459	98
1460	97.5
1461	89.9
1462	92.3
1463	98.6
1464	99.8
1465	98.7
1466	92.8
1467	95.6
1468	94.3
1469	86.8
1470	92.2
1471	94.8
1472	94.3
1473	92.8
1474	106.3
1475	91.3
1476	92.2
1477	96.7
1478	93.2
1479	90.3
1480	94.5
1481	94.8
1482	94.3
1483	96.8
1484	100.3
1485	49.4
1486	96.8
1487	99
1488	96.2
1489	96.1
1490	94.7
1491	69
1492	90.2
1493	97.6
1494	89.8
1495	93.7
1496	94.8
1497	90.8
1498	96.7
1499	89
1500	106.2
1501	91.1
1502	90.7
1503	100.7
1504	94.9
1505	89.8
1506	81.1
1507	94.7
1508	98.7
1509	46.1
1510	97.5
1511	104.5
1512	91.3
1513	94.6
1514	97.7
1515	97.5
1516	94.9
1517	94.2
1518	98.3
1519	90.8
1520	101.9
1521	96.1
1522	94
1523	95.5
1524	95.3
1525	97.4
1526	95.7
1527	91.3
1528	93.3
1529	89.9
1530	87.6
1531	99.9
1532	99.5
1533	103.1
1534	94.7
1535	26.1
1536	95.5
1537	94.2
1538	38.5
1539	96
1540	98
1541	92.6
1542	96.6
1543	95.7
1544	97.7
1545	85.7
1546	33.7
1547	72.1
1548	87.3
1549	88.9
1550	90.1
1551	94.6
1552	93.3
1553	85.1
1554	58.8
1555	87.2
1556	91.9
1557	101.1
1558	89.8
1559	96.1
1560	108.6
1561	95.2
1562	98.3
1563	103.9
1564	86.9
1565	66.8
1566	99.9
1567	91
1568	94.6
1569	82.7
1570	93.8
1571	87.9
1572	94
1573	94.1
1574	96.5
1575	77.8
1576	96.4
1577	93.1
1578	93.5
1579	94.8
1580	96.2
1581	96.2
1582	93.7
1583	92.3
1584	33.7
1585	94.7
1586	92.5
1587	99
1588	96.7
1589	99.3
1590	93.8
1591	90
1592	99.6
1593	100.4
1594	94.5
1595	92.2
1596	83
1597	90
1598	96.5
1599	91.7
1600	96.1
1601	53
1602	93.5
1603	96
1604	82.3
1605	103
1606	91.7
1607	91.3
1608	96.2
1609	90.6
1610	94
1611	103.1
1612	96.2
1613	90.4
1614	93.6
1615	94.5
1616	79.6
1617	89
1618	73.6
1619	103.6
1620	94.1
1621	95.4
1622	97.2
1623	88.6
1624	96.2
1625	73.5
1626	94.4
1627	99.2
1628	71.3
1629	88.1
1630	97.9
1631	62.8
1632	97.3
1633	89.2
1634	96.3
1635	95.3
1636	87.6
1637	93.5
1638	71.2
1639	90.7
1640	92.2
1641	74
1642	95
1643	76
1644	98.9
1645	93.9
1646	83.1
1647	89.4
1648	94.5
1649	99.7
1650	88
1651	96.3
1652	73.9
1653	88.5
1654	93.1
1655	97.2
1656	98
1657	93
1658	93.6
1659	80.2
1660	73.3
1661	99.9
1662	98.6
1663	77.5
1664	93
1665	86.3
1666	95.5
1667	98.6
1668	77.4
1669	89.9
1670	96.4
1671	99.9
1672	92.3
1673	95.2
1674	88.4
1675	76.1
1676	99.9
1677	98.3
1678	88.3
1679	97
1680	98.2
1681	92.6
1682	85.7
1683	88.7
1684	76.7
1685	86.5
1686	58.8
1687	96
1688	75.6
1689	100.4
1690	96.8
1691	94
1692	95.4
1693	89.6
1694	91.8
1695	95.7
1696	96.6
1697	94.6
1698	87.3
1699	97.8
1700	66.1
1701	97.4
1702	96.3
1703	93.8
1704	97.2
1705	93.8
1706	85.6
1707	85.3
1708	84.8
1709	75.6
1710	100.5
1711	93.3
1712	93.5
1713	96.8
1714	93.1
1715	98
1716	84.9
1717	84.1
1718	93.1
1719	56.3
1720	91.7
1721	94
1722	87.6
1723	92.3
1724	84.4
1725	95
1726	90.5
1727	94.1
1728	90.9
1729	92.8
1730	95.8
1731	99.5
1732	89.4
1733	81.4
1734	95.5
1735	100.5
1736	85.2
1737	76.4
1738	84.5
1739	84.6
1740	97.7
1741	89.3
1742	95.5
1743	80.9
1744	93.7
1745	93
1746	92
1747	88.8
1748	92.3
1749	60.6
1750	52.6
1751	91.2
1752	89.4
1753	92.3
1754	92.8
1755	90
1756	84.5
1757	92.4
1758	92.4
1759	85.7
1760	87.4
1761	92.4
1762	66.4
1763	90.2
1764	89.6
1765	94.3
1766	92.7
1767	91.2
1768	95.1
1769	91.2
1770	92.2
1771	70.5
1772	96.1
1773	90.4
1774	85.3
1775	54.7
1776	83
1777	90.5
1778	95
1779	96
1780	85.3
1781	89.9
1782	91.3
1783	88
1784	83.6
1785	90
1786	92.2
1787	91.8
1788	94.3
1789	80.2
1790	85.7
1791	60.2
1792	85.9
1793	85.5
1794	51.1
1795	86.8
1796	97.6
1797	92.3
1798	81.5
1799	90.9
1800	76.2
1801	93.1
1802	85
1803	94.3
1804	79.9
1805	92.6
1806	93.9
1807	90.5
1808	77.9
1809	96.5
1810	96.6
1811	86.1
1812	95.2
1813	94
1814	83.1
1815	81.7
1816	89.6
1817	83.1
1818	81.1
1819	93.5
1820	97
1821	81.3
1822	91.7
1823	89.1
1824	92.2
1825	95.8
1826	80.3
1827	83.2
1828	85
1829	89.8
1830	92.9
1831	87.1
1832	90.2
1833	86.7
1834	94.8
1835	88.9
1836	91.8
1837	48.2
1838	90.2
1839	95.4
1840	76.9
1841	81.5
1842	85.9
1843	98.6
1844	85.2
1845	85.1
1846	43.1
1847	83.8
1848	94.2
1849	95.7
1850	94.4
1851	85.5
1852	88.1
1853	92.2
1854	91
1855	91.2
1856	81.5
1857	89.3
1858	88.6
1859	83.9
1860	71.5
1861	88.1
1862	85.3
1863	88.8
1864	85.1
1865	76.9
1866	96.6
1867	88.8
1868	89.4
1869	75.1
1870	44.3
1871	85.8
1872	82.8
1873	86.6
1874	98.1
1875	86.5
1876	75
1877	88.1
1878	88.3
1879	98.6
1880	92.5
1881	87.6
1882	94.1
1883	100.2
1884	86.6
1885	90.9
1886	72.9
1887	86.4
1888	85.2
1889	89.2
1890	89.2
1891	42.8
1892	88.4
1893	83.8
1894	87.8
1895	85.1
1896	86.7
1897	85.5
1898	97.5
1899	83.6
1900	90.3
1901	92.3
1902	85
1903	87.9
1904	85.7
1905	85.5
1906	87.3
1907	42.8
1908	63.4
1909	37.8
1910	35.8
1911	86.5
1912	88
1913	77.3
1914	84.4
1915	83.2
1916	86.3
1917	96.4
1918	57.9
1919	85.3
1920	90.1
1921	89
1922	81.5
1923	83.7
1924	85.3
1925	89.8
1926	87.9
1927	99.4
1928	84.4
1929	36.9
1930	87.9
1931	45.3
1932	60.4
1933	90.3
1934	67.1
1935	91.1
1936	90.3
1937	83.4
1938	74.1
1939	89.6
1940	83.7
1941	86.8
1942	56.6
1943	86.7
1944	88.2
1945	37.6
1946	81
1947	81.5
1948	36.3
1949	87.6
1950	1.1
1951	87.8
1952	44
1953	34
1954	87.1
1955	76.3
1956	91.1
1957	98.3
1958	90.6
1959	62.8
1960	88.1
1961	63.4
1962	85.7
1963	77
1964	85.2
1965	87.1
1966	1.1
1967	39.8
1968	83.1
1969	80.8
1970	95.5
1971	87.6
1972	81.1
1973	74.6
1974	92.7
1975	43.1
1976	60.7
1977	50.8
1978	90.5
1979	1.1
1980	82.3
1981	91.1
1982	1.1
1983	83.9
1984	84.8
1985	43.7
1986	75.3
1987	92.7
1988	44.3
1989	1.1
1990	1.1
1991	80.6
1992	84.6
1993	59.8
1994	100
1995	89.9
1996	76.2
1997	65.1
1998	98.9
1999	85.2
2000	50.5
2001	86
2002	64.2
2003	62.7
2004	74.1
2005	79.7
2006	61.5
2007	82.9
2008	50.1
2009	83.8
2010	60.4
2011	1.1
2012	78.2
2013	72.9
2014	1.1
2015	63.3
2016	81.2
2017	87
2018	67.1
2019	76.8
2020	81.8
2021	64.2
2022	65.5
2023	47.7
2024	1.1
2025	101.6
2026	77.1
2027	40.6
2028	91.1
2029	88.3
2030	81.5
2031	68.1
2032	65.9
2033	81.5
2034	85.9
2035	34.7
2036	1.1
2037	89.1
2038	1.1
2039	78
2040	82.6
2041	1.1
2042	51.2
2043	86.5
2044	87.2
2045	79
2046	79.6
2047	42.5
2048	80.9
2049	88.5
2050	94.6
2051	46
2052	81.3
2053	53.5
2054	41.1
2055	72.1
2056	85.8
2057	56.1
2058	1.1
2059	76.4
2060	60.7
2061	68.1
2062	100.6
2063	79.4
2064	49.6
2065	82.4
2066	81.2
2067	59.5
2068	83
2069	86.1
2070	73.3
2071	57
2072	84.9
2073	66.4
2074	86.8
2075	83.3
2076	1.1
2077	74.2
2078	88.3
2079	80.6
2080	79
2081	90.1
2082	84.1
2083	39.3
2084	83.3
2085	87.7
2086	63.6
2087	79.5
2088	99.8
2089	79.5
2090	94.8
2091	61.8
2092	80.4
2093	86.3
2094	80.9
2095	40.4
2096	82.2
2097	52.2
2098	69
2099	94.1
2100	79.4
2101	77.4
2102	83.2
2103	74.2
2104	65.5
2105	85.7
2106	83
2107	83.6
2108	75.4
2109	74.8
2110	83.6
2111	70.1
2112	1.1
2113	77.2
2114	81
2115	72.7
2116	73.9
2117	79.5
2118	76
2119	59.1
2120	81.6
2121	43.5
2122	78
2123	86
2124	75.6
2125	67.7
2126	83.3
2127	35.1
2128	79.4
2129	66.2
2130	85.6
2131	81.6
2132	83.8
2133	77.9
2134	80.1
2135	53.4
2136	83.5
2137	44.1
2138	63.8
2139	69.1
2140	67.6
2141	76.9
2142	51.7
2143	79
2144	75.5
2145	71.5
2146	43.1
2147	44.2
2148	77.1
2149	79.1
2150	71.9
2151	78.7
2152	81.7
2153	87.4
2154	79.8
2155	69.3
2156	76.8
2157	79.2
2158	45.1
2159	41.2
2160	90
2161	77
2162	84.7
2163	68.6
2164	84.1
2165	45.5
2166	66.8
2167	69.9
2168	80.6
2169	76.2
2170	77.4
2171	81.5
2172	79
2173	77.9
2174	74.8
2175	24.2
2176	77.6
2177	86.7
2178	52.1
2179	76.1
2180	60.1
2181	85.6
2182	79.5
2183	83.2
2184	73.4
2185	66.2
2186	19
2187	41.9
2188	65.5
2189	79.5
2190	46.6
2191	77.8
2192	66.6
2193	77.5
2194	80.9
2195	43.5
2196	74.5
2197	75.6
2198	64.7
2199	86.2
2200	75.4
2201	18.2
2202	40.3
2203	76.4
2204	67.4
2205	82.7
2206	61.2
2207	42.9
2208	41.8
2209	75.6
2210	81
2211	79.1
2212	55
2213	77.5
2214	77
2215	63.2
2216	43.7
2217	81.3
2218	70.4
2219	73.5
2220	36.9
2221	57.9
2222	81.4
2223	63.2
2224	77.9
2225	64.2
2226	42.2
2227	78.8
2228	75.1
2229	75.7
2230	53.1
2231	60
2232	69.4
2233	74.1
2234	70.2
2235	73.3
2236	75.6
2237	78.1
2238	77.6
2239	42.4
2240	74
2241	67.4
2242	78.5
2243	78.1
2244	74.9
2245	73.2
2246	59
2247	76.1
2248	80.6
2249	71.1
2250	60.7
2251	31.7
2252	79.8
2253	79.7
2254	41
2255	74.4
2256	65.9
2257	41.8
2258	67
2259	79
2260	77.7
2261	69.9
2262	67.7
2263	78.4
2264	77.3
2265	77.2
2266	74
2267	73.4
2268	71.8
2269	47.4
2270	84.3
2271	59.2
2272	71.2
2273	45.5
2274	81.5
2275	76
2276	52.7
2277	73.4
2278	82.8
2279	68.5
2280	74.6
2281	90.9
2282	78.9
2283	57
2284	84.5
2285	77.6
2286	77.7
2287	42.1
2288	62.5
2289	71.8
2290	71.8
2291	71.8
2292	78.8
2293	40.5
2294	49.7
2295	76.5
2296	87.6
2297	77.5
2298	71.3
2299	35.5
2300	73.7
2301	84.8
2302	80.7
2303	82.1
2304	82.7
2305	69.4
2306	77.2
2307	79.6
2308	76.7
2309	69.4
2310	81
2311	93.6
2312	85.7
2313	84.4
2314	77.3
2315	93.5
2316	72.3
2317	80.6
2318	67
2319	67.6
2320	85.4
2321	67.7
2322	78.9
2323	77.6
2324	80.9
2325	80.3
2326	70.1
2327	77.2
2328	76.7
2329	80.2
2330	91.6
2331	90.6
2332	45.1
2333	84.9
2334	66.6
2335	94
2336	73
2337	88
2338	59.5
2339	43.9
2340	82.2
2341	76.9
2342	92.4
2343	51.8
2344	84.8
2345	56.7
2346	74.9
2347	77.5
2348	84.8
2349	74.6
2350	84.4
2351	65
2352	81.8
2353	73.8
2354	84
2355	81
2356	88.9
2357	87
2358	38
2359	82
2360	78.3
2361	78.6
2362	52.1
2363	81.8
2364	67.3
2365	75.2
2366	91.2
2367	89.6
2368	77.6
2369	41.9
2370	85.5
2371	83.3
2372	72.6
2373	74.8
2374	36.4
2375	82.3
2376	92.9
2377	81
2378	75
2379	74.3
2380	76.4
2381	72.1
2382	79.9
2383	91.6
2384	88.1
2385	50.3
2386	80.7
2387	79
2388	77.9
2389	85.5
2390	60.6
2391	71.7
2392	83.1
2393	91.1
2394	86.2
2395	44.2
2396	75.1
2397	85.2
2398	48.8
2399	73.3
2400	86.3
2401	74.7
2402	83.1
2403	71.7
2404	37.3
2405	72.9
2406	67
2407	91.4
2408	76.9
2409	73.9
2410	75.6
2411	75
2412	77.7
2413	83.4
2414	33
2415	74.8
2416	72.8
2417	70.6
2418	75.7
2419	73.3
2420	85
2421	93.9
2422	70.8
2423	65.9
2424	73.8
2425	32.7
2426	90.6
2427	74.9
2428	81.5
2429	92.9
2430	87.6
2431	75
2432	75.1
2433	85.5
2434	30.6
2435	78.7
2436	72.2
2437	24.9
2438	71.4
2439	80.1
2440	74.9
2441	92.9
2442	65.9
2443	70.4
2444	87.4
2445	75.5
2446	34.1
2447	76.9
2448	93.3
2449	86.7
2450	87.3
2451	69
2452	69.2
2453	92.7
2454	81.2
2455	79.4
2456	83.9
2457	79.5
2458	71.6
2459	79
2460	24.3
2461	86.6
2462	72.2
2463	31.2
2464	90.3
2465	90.6
2466	82
2467	66
2468	73.4
2469	79.7
2470	88.3
2471	75.1
2472	79.4
2473	31.7
2474	76.7
2475	74
2476	87.2
2477	75.6
2478	69.7
2479	84.3
2480	76.9
2481	63.1
2482	23.6
2483	85.5
2484	80.9
2485	74.5
2486	70.6
2487	82.7
2488	76.3
2489	80.6
2490	83.2
2491	30.9
2492	79
2493	85.4
2494	72.1
2495	68.2
2496	28.4
2497	67.5
2498	73.4
2499	24.4
2500	77.8
2501	72.4
2502	74.9
2503	75.8
2504	65.5
2505	74.3
2506	71.2
2507	83.4
2508	71.9
2509	86
2510	72.2
2511	4.6
2512	71.9
2513	71.3
2514	72.2
2515	74
2516	77.5
2517	33.1
2518	48.6
2519	68.7
2520	77.2
2521	70.1
2522	4.6
2523	30.6
2524	82.6
2525	48
2526	70.3
2527	68.5
2528	66.7
2529	70.7
2530	70.6
2531	68.2
2532	67.6
2533	77.4
2534	49.7
2535	71.2
2536	78.5
2537	54.5
2538	4.6
2539	82.6
2540	75.7
2541	82.1
2542	71.7
2543	72.5
2544	53.9
2545	73.5
2546	70.3
2547	68.9
2548	74.8
2549	71.1
2550	83.5
2551	37.3
2552	81.4
2553	66.3
2554	78
2555	70.9
2556	74.5
2557	78.8
2558	67.3
2559	70.4
2560	4.6
2561	70.4
2562	80.6
2563	73.3
2564	76.7
2565	75.9
2566	29.4
2567	71.7
2568	4.6
2569	73.8
2570	47.5
2571	34.1
2572	81
2573	55.2
2574	74.4
2575	52.3
2576	67.8
2577	72.2
2578	74.2
2579	69
2580	80
2581	75.5
2582	80.5
2583	73.7
2584	81.8
2585	4.4
2586	79.5
2587	70.6
2588	69.3
2589	72.2
2590	70.4
2591	73.4
2592	70.1
2593	67.2
2594	38
2595	83.8
2596	4.6
2597	71.4
2598	77.4
2599	73.4
2600	66.7
2601	71.4
2602	75.7
2603	69.8
2604	78.3
2605	72.6
2606	72.8
2607	4.6
2608	65.3
2609	74.4
2610	44
2611	73
2612	68.7
2613	66.2
2614	78.5
2615	40.6
2616	74.8
2617	4.6
2618	76
2619	83.3
2620	75.7
2621	33.7
2622	71.8
2623	4.6
2624	67.9
2625	78.8
2626	28.5
2627	71.8
2628	38.9
2629	81
2630	68.4
2631	67
2632	3.8
2633	69.2
2634	71.2
2635	66.4
2636	74.9
2637	78.5
2638	62.6
2639	66.8
2640	65.9
2641	70.4
2642	4.2
2643	79.1
2644	73.6
2645	77.7
2646	65.5
2647	33.5
2648	71.5
2649	66.2
2650	4.6
2651	76.3
2652	69.8
2653	70.1
2654	73.3
2655	65.9
2656	73.8
2657	32.5
2658	67.9
2659	73
2660	4.6
2661	64.2
2662	73.8
2663	66
2664	65.5
2665	65.5
2666	69.6
2667	31.8
2668	66.4
2669	71.2
2670	72.6
2671	72.7
2672	69.6
2673	35.2
2674	30.9
2675	67.8
2676	21
2677	75.6
2678	73.4
2679	67.9
2680	68.4
2681	73.9
2682	68
2683	68.7
2684	66.5
2685	68.3
2686	72.6
2687	69.2
2688	60.2
2689	76.1
2690	64
2691	72.2
2692	18
2693	62.7
2694	68.6
2695	77.5
2696	71.2
2697	72.3
2698	75.2
2699	25.7
2700	65.3
2701	27.1
2702	61.8
2703	61.8
2704	36.7
2705	65.1
2706	69.7
2707	26.8
2708	62
2709	58.1
2710	62.8
2711	67.4
2712	63.7
2713	68.9
2714	66.3
2715	56.1
2716	59.5
2717	60.7
2718	56.9
2719	67.2
2720	61.7
2721	65.1
2722	75.9
2723	68.4
2724	22.7
2725	58.7
2726	65.5
2727	71.2
2728	58.1
2729	68.8
2730	71.6
2731	62.5
2732	65.8
2733	61.8
2734	67.4
2735	59.2
2736	26.8
2737	59.8
2738	51.9
2739	62.2
2740	62.5
2741	54.5
2742	62.4
2743	59.2
2744	59
2745	43
2746	30.4
2747	59.8
2748	70.8
2749	64.9
2750	59.5
2751	59.4
2752	65.1
2753	61.5
2754	64.1
2755	56.5
2756	56.4
2757	64.3
2758	69.8
2759	57.2
2760	59.5
2761	56.2
2762	64.4
2763	29
2764	74.4
2765	64.4
2766	64.4
2767	32.5
2768	55.5
2769	56.3
2770	61.2
2771	67.3
2772	59.3
2773	31.1
2774	66.1
2775	70.7
2776	66.7
2777	61.5
2778	74.2
2779	64.8
2780	24.7
2781	64.9
2782	49.9
2783	67.4
2784	67.7
2785	35.3
2786	22.9
2787	63.6
2788	56.8
2789	72.3
2790	65.8
2791	65
2792	74.1
2793	68.7
2794	65.7
2795	55.7
2796	53
2797	75.9
2798	67.4
2799	62
2800	69.8
2801	78.7
2802	68.6
2803	53.7
2804	27.5
2805	70
2806	61.6
2807	69.5
2808	66.9
2809	70.7
2810	30.6
2811	76.7
2812	54.1
2813	61.3
2814	66.2
2815	77.6
2816	53.9
2817	59.9
2818	66.8
2819	68.9
2820	74.8
2821	64.3
2822	61.2
2823	64.6
2824	42.9
2825	60.2
2826	40.8
2827	24.7
2828	59
2829	33.2
2830	67.5
2831	72.5
2832	71.2
2833	58.8
2834	66
2835	70.4
2836	67.1
2837	66.7
2838	69.2
2839	70.8
2840	77.8
2841	73.4
2842	61.4
2843	62.8
2844	38
2845	59.4
2846	33.1
2847	75.5
2848	67.4
2849	69.6
2850	71.4
2851	60.4
2852	63.5
2853	65
2854	77.6
2855	66.8
2856	72.6
2857	63.9
2858	63.3
2859	61.2
2860	65.4
2861	68.4
2862	59.4
2863	42.8
2864	57.3
2865	71.6
2866	66.5
2867	63.7
2868	46.9
2869	58.8
2870	61.9
2871	66.6
2872	70
2873	71.9
2874	29.8
2875	60.9
2876	26.8
2877	64.1
2878	68
2879	37.1
2880	61.6
2881	66.2
2882	73.6
2883	67.2
2884	68.6
2885	51.7
2886	61
2887	50.2
2888	23.7
2889	44.1
2890	43.3
2891	70.2
2892	70.5
2893	71.4
2894	60.5
2895	74.2
2896	24.9
2897	71.2
2898	65.5
2899	71
2900	69.1
2901	42.3
2902	67.2
2903	73.8
2904	30
2905	68
2906	71.4
2907	52.2
2908	67.5
2909	75.3
2910	65.9
2911	68.6
2912	63.8
2913	73.1
2914	73.4
2915	45.5
2916	75.7
2917	35.3
2918	70.8
2919	42.8
2920	44.7
2921	64.9
2922	64.2
2923	64.6
2924	62.4
2925	68.2
2926	59.6
2927	30.7
2928	61.5
2929	52.7
2930	69.2
2931	60.5
2932	76.5
2933	65
2934	33.3
2935	68.8
2936	39
2937	66.5
2938	36
2939	68.6
2940	34.2
2941	67.8
2942	33.2
2943	72.5
2944	33.2
2945	66.5
2946	68
2947	69.8
2948	63
2949	66.8
2950	67.5
2951	74.8
2952	61.6
2953	71.3
2954	66.6
2955	72.6
2956	74.5
2957	57.3
2958	63
2959	45
2960	59.4
2961	72.6
2962	72.8
2963	54.9
2964	68.5
2965	68.1
2966	72.1
2967	71.1
2968	60.8
2969	37.9
2970	30.7
2971	60.1
2972	64.3
2973	28.8
2974	66.7
2975	71.5
2976	72
2977	55.9
2978	54.7
2979	73.2
2980	63.8
2981	72.4
2982	65.6
2983	60.8
2984	65.7
2985	66.5
2986	71.5
2987	70.3
2988	60.7
2989	32.7
2990	62.4
2991	76.6
2992	58.3
2993	69.3
2994	76.2
2995	61.4
2996	74.1
2997	73.1
2998	64.7
2999	65.3
3000	68.5
3001	43.7
3002	70.7
3003	68.5
3004	51.9
3005	51
3006	65.1
3007	72.4
3008	76.9
3009	52.8
3010	34.7
3011	64
3012	60.7
3013	67.4
3014	60.9
3015	45.3
3016	73.5
3017	77.8
3018	62.6
3019	47
3020	61.3
3021	57
3022	38.8
3023	49.7
3024	71.4
3025	59.4
3026	68.3
3027	65.5
3028	67.9
3029	72.7
3030	36.9
3031	58.6
3032	54.5
3033	50
3034	61.7
3035	64
3036	38
3037	58.6
3038	40.7
3039	65
3040	70.1
3041	83
3042	82.4
3043	79
3044	74.4
3045	72.5
3046	38.2
3047	40.3
3048	82.3
3049	62.8
3050	73.7
3051	81.1
3052	68.5
3053	74.8
3054	62.2
3055	66.2
3056	80.9
3057	40.6
3058	78.3
3059	71.9
3060	37.9
3061	34.8
3062	46.2
3063	75.4
3064	74.9
3065	41.6
3066	82
3067	42.5
3068	82.6
3069	45
3070	75.3
3071	55.7
3072	70.4
3073	26.4
3074	74.7
3075	49.2
3076	57
3077	74.1
3078	70.7
3079	74.3
3080	82.2
3081	49.5
3082	36.4
3083	77.1
3084	48.7
3085	70.2
3086	79.5
3087	84.1
3088	84.5
3089	81.7
3090	75.4
3091	44.6
3092	38.4
3093	57.3
3094	31.9
3095	31.9
3096	80.1
3097	41.4
3098	82.9
3099	44.9
3100	80.9
3101	20.7
3102	49
3103	77.8
3104	81.9
3105	43.1
3106	86.9
3107	88.3
3108	31.2
3109	44.8
3110	45.2
3111	86.6
3112	22
3113	82.1
3114	44.3
3115	39.8
3116	46.3
3117	59
3118	86
3119	89.8
3120	15.9
3121	90.4
3122	29.9
3123	90.8
3124	36.4
3125	58.5
3126	25.9
3127	27.2
3128	32.5
3129	37.8
3130	30.5
3131	86.4
3132	89.7
3133	85.1
3134	79.5
3135	30
3136	89
3137	24
3138	44.7
3139	90.7
3140	79.3
3141	42.8
3142	84.4
3143	89.9
3144	35.9
3145	22.5
3146	28.3
3147	20.6
3148	53
3149	25.3
3150	22.7
3151	85
3152	85.1
3153	90
3154	83
3155	35.1
3156	74.8
3157	71.3
3158	24.1
3159	81.4
3160	21.8
3161	90.8
3162	78.3
3163	44.4
3164	24
3165	39.3
3166	85.2
3167	30.3
3168	87.9
3169	25.3
3170	88.2
3171	30.3
3172	90.5
3173	33.4
3174	27.6
3175	86.7
3176	28.1
3177	36
3178	37.2
3179	27.6
3180	22.4
3181	28.6
3182	89.8
3183	90.8
3184	86
3185	91.5
3186	72.5
3187	81.1
3188	23.8
3189	68.5
3190	23.2
3191	21.9
3192	22.3
3193	45.5
3194	90.2
3195	81.7
3196	36.8
3197	28.6
3198	37.5
3199	81.8
3200	24.9
3201	27.6
3202	88.2
3203	90.9
3204	25.6
3205	99.7
3206	30.6
3207	47.1
3208	20.2
3209	38.2
3210	94.6
3211	90.8
3212	83.7
3213	28.3
3214	27.3
3215	37.8
3216	38.1
3217	42.7
3218	99.1
3219	101
3220	29
3221	29.3
3222	96.2
3223	16.8
3224	85.7
3225	34.8
3226	84.3
3227	41.2
3228	44.2
3229	42.2
3230	35.8
3231	40.3
3232	20.8
3233	33.3
3234	81.5
3235	84
3236	97.3
3237	26.4
3238	102.9
3239	39.4
3240	50.6
3241	59.3
3242	43.7
3243	103.4
3244	48.1
3245	31.2
3246	46
3247	36.4
3248	27
3249	15.6
3250	36
3251	87.9
3252	91.2
3253	46.5
3254	100.5
3255	26.5
3256	20.3
3257	98.6
3258	48.2
3259	63.2
3260	21.8
3261	41.7
3262	100.2
3263	26.8
3264	26.9
3265	34.8
3266	41
3267	61.1
3268	101.9
3269	89.4
3270	38.2
3271	21.1
3272	86.8
3273	27.1
3274	88.3
3275	44.6
3276	48.9
3277	38.9
3278	69.3
3279	25.8
3280	23.7
3281	38.9
3282	18.9
3283	93.7
3284	41.8
3285	22.3
3286	82
3287	21
3288	45.6
3289	41.2
3290	14.5
3291	78.5
3292	16.5
3293	47.4
3294	48.5
3295	29.4
3296	16.9
3297	43
3298	53.7
3299	43.3
3300	59.4
3301	46.2
3302	36.9
3303	81
3304	47.9
3305	83.9
3306	43.7
3307	22.4
3308	80.9
3309	46.5
3310	46.6
3311	10.6
3312	44.4
3313	42.6
3314	21.1
3315	37.8
3316	76.8
3317	22.3
3318	75
3319	17.1
3320	41
3321	44
3322	16.3
3323	41.5
3324	40
3325	44.4
3326	44.3
3327	15.8
3328	23.3
3329	40.9
3330	51.9
3331	31.7
3332	31.5
3333	42.4
3334	11.4
3335	68.9
3336	42.6
3337	14.4
3338	46
3339	18
3340	19
3341	59.3
3342	40.1
3343	24.2
3344	43.9
3345	13.5
3346	23.3
3347	39.5
3348	13.6
3349	36.2
3350	66.5
3351	24.9
3352	70.1
3353	40.5
3354	39.3
3355	44.6
3356	42.4
3357	35.2
3358	21.1
3359	38.5
3360	64.1
3361	41.2
3362	32.7
3363	47
3364	36.3
3365	30.1
3366	36.1
3367	35.8
3368	17.2
3369	23.4
3370	36.4
3371	38.9
3372	26.6
3373	35.8
3374	34.9
3375	31.3
3376	31.2
3377	31.5
3378	30
3379	34.3
3380	33.1
3381	38.9
3382	27.8
3383	33.4
3384	33.6
3385	36.6
3386	38
3387	32.9
3388	26.7
3389	35.4
3390	35.3
3391	31.6
3392	32.4
3393	31.5
3394	37.8
3395	35.8
3396	33.8
3397	36.8
3398	24.3
3399	18.6
3400	93.2
3401	94.7
3402	92.1
3403	83.5
3404	83
3405	80.4
3406	87
3407	85.7
3408	86.8
3409	85.9
3410	20.9
3411	25.4
3412	82
3413	83.4
3414	83.7
3415	84.3
3416	100.7
3417	88.9
3418	88.7
3419	86.8
3420	91.9
3421	86.5
3422	87.4
3423	82.5
3424	85.1
3425	88.6
3426	93.1
3427	101.4
3428	39.6
3429	90.9
3430	34.6
3431	94.8
3432	92.6
3433	95.6
3434	92.1
3435	94.8
3436	94
3437	91.1
3438	92.6
3439	88.3
3440	79.2
3441	92.3
3442	100.6
3443	90.9
3444	70.6
3445	85.1
3446	90.9
3447	94.3
3448	103
3449	92.2
3450	93.5
3451	86.5
3452	93.3
3453	68.3
3454	91.7
3455	92.3
3456	98.1
3457	95.5
3458	86.7
3459	91.8
3460	84.3
3461	92.7
3462	94.9
3463	96
3464	90.5
3465	95.7
3466	52.9
3467	81.8
3468	85.8
3469	55.8
3470	84.4
3471	85.1
3472	43.6
3473	91
3474	78.1
3475	88.1
3476	90
3477	83.9
3478	86.7
3479	90.2
3480	86.6
3481	95.9
3482	37.7
3483	67.5
3484	88.6
3485	50.2
3486	83.6
3487	1.1
3488	42.8
3489	93.8
3490	89.7
3491	80.1
3492	71.9
3493	68.2
3494	80.6
3495	82.5
3496	39.2
3497	53.8
3498	53
3499	79.6
3500	66.9
3501	49.1
3502	43.6
3503	64
3504	66
3505	73.9
3506	77.7
3507	64.2
3508	80.9
3509	44.6
3510	74.5
3511	79.8
3512	74.7
3513	59.5
3514	72.2
3515	86.3
3516	72.4
3517	65.3
3518	73.3
3519	72.5
3520	82
3521	79.3
3522	86.9
3523	75.6
3524	73
3525	74
3526	34.2
3527	73.1
3528	78.5
3529	66.2
3530	65.8
3531	80.9
3532	43.9
3533	83.5
3534	80.5
3535	74.6
3536	64.8
3537	30.7
3538	70.4
3539	65.2
3540	73.2
3541	73.8
3542	73.4
3543	71
3544	59.3
3545	78.9
3546	62.3
3547	52.8
3548	73.3
3549	64.8
3550	59.3
3551	64.1
3552	61.7
3553	66.6
3554	63.5
3555	73.8
3556	62
3557	30.5
3558	69.1
3559	29.2
3560	68.3
3561	60
3562	39.7
3563	72.8
3564	41.8
3565	48.3
3566	48.6
3567	72.4
3568	81.8
3569	84.1
3570	83.9
3571	88.4
3572	45.5
3573	90
3574	49.7
3575	63.7
3576	87.1
3577	80.2
3578	96.9
3579	35
3580	33.7
3581	15
3582	95.8
3583	34.3
3584	86.8
3585	35.1
3586	85.3
3587	23.2
3588	48.5
3589	21.3
3590	39.9
3591	82.4
3592	42.7
3593	35.8
3594	37.2
