"COMID"	"Value"
1	18.7
2	8.9
3	29.5
4	29.1
5	8.1
6	2
7	43.5
8	10.4
9	0.4
10	0.6
11	32.8
12	0.2
13	0.4
14	29.9
15	9.3
16	1.1
17	15.9
18	28.8
19	36.2
20	22.3
21	17.7
22	30
23	0.3
24	0.3
25	22.4
26	14.7
27	13.4
28	9.7
29	0.8
30	7.1
31	18.6
32	8.5
33	31.1
34	0.3
35	21
36	0.5
37	26
38	0.6
39	0.4
40	1.1
41	28.3
42	12.7
43	1.4
44	8.8
45	6.3
46	0.5
47	6.3
48	29.5
49	17.3
50	6.2
51	0.3
52	1.5
53	0.7
54	27.9
55	27.3
56	18.6
57	1.1
58	0.3
59	7.6
60	0.1
61	0.5
62	0.5
63	30.1
64	9.7
65	0.4
66	11.4
67	24.2
68	5.1
69	5.6
70	1.3
71	1.6
72	21.1
73	0.1
74	30.6
75	2
76	1.3
77	12.2
78	5.6
79	24.6
80	0.7
81	13.7
82	6.1
83	20.8
84	0.4
85	18
86	7.2
87	0.2
88	0.3
89	1.9
90	13.6
91	7.9
92	25.3
93	20.1
94	0.4
95	42.2
96	0.4
97	21.6
98	0.2
99	4.1
100	24.7
101	24.6
102	12.4
103	0.1
104	7.6
105	1.2
106	20.7
107	3.8
108	0.3
109	0.3
110	0.1
111	1.1
112	19.7
113	0.4
114	20
115	12.5
116	7.8
117	14.6
118	16.8
119	0.1
120	4.8
121	0.7
122	16.8
123	1.4
124	14.1
125	18.2
126	26.2
127	13.2
128	15.3
129	0.1
130	3.5
131	1.6
132	0.5
133	15.6
134	12.3
135	15.1
136	16.8
137	15.8
138	0.2
139	0.1
140	8.5
141	5.3
142	1.3
143	0.1
144	1.3
145	0.2
146	12.6
147	31.7
148	16.3
149	15.5
150	13
151	11
152	12.7
153	0.1
154	11.6
155	1.4
156	1.7
157	16
158	0.3
159	4.2
160	20.4
161	1
162	0.2
163	1
164	2.3
165	0.3
166	0.1
167	15.4
168	0.2
169	15.8
170	14.9
171	8.7
172	1.4
173	1.7
174	0.1
175	1.3
176	21
177	3.5
178	7.5
179	10.9
180	0.1
181	0.6
182	5
183	2.7
184	0.1
185	0.4
186	7.2
187	5.8
188	0.1
189	0.1
190	9.6
191	0.1
192	8.9
193	0.5
194	17.3
195	6
196	0.1
197	2.9
198	0.1
199	9.9
200	0.1
201	0.1
202	0.5
203	0.1
204	0.1
205	0.7
206	14.2
207	4.4
208	17.2
209	9.6
210	8.3
211	30.9
212	13.6
213	8.2
214	0.2
215	12.9
216	4.7
217	2.1
218	1.1
219	1.6
220	0.1
221	0.3
222	12.1
223	15.9
224	0.3
225	2.2
226	9.2
227	1.6
228	9.7
229	0.1
230	2.8
231	4.2
232	3.2
233	14.5
234	0.3
235	1
236	7.1
237	1.9
238	1
239	9.6
240	15.7
241	8.8
242	0.4
243	0.3
244	13.7
245	10
246	15.7
247	0.9
248	0.5
249	0.1
250	14.5
251	9.4
252	15.3
253	3.8
254	0.2
255	0.1
256	4.7
257	0.1
258	8
259	0.9
260	0.3
261	8.7
262	9.3
263	1.3
264	0.1
265	0.1
266	6.8
267	14
268	9.5
269	14.9
270	0
271	9.9
272	7.7
273	14.4
274	0.3
275	9
276	0.2
277	0.1
278	8.2
279	0
280	7.9
281	6.9
282	12.8
283	0.1
284	4.2
285	0.3
286	7.2
287	17.9
288	1.7
289	0.1
290	0
291	5.1
292	1.9
293	0.6
294	11
295	0
296	7.4
297	11.6
298	0.1
299	2.9
300	11.5
301	0.1
302	10.3
303	4.1
304	1.3
305	11.5
306	3.2
307	11.8
308	7.3
309	0.3
310	2.3
311	11.4
312	8.1
313	4.8
314	1.3
315	0.1
316	0.1
317	0.6
318	3.3
319	0.3
320	9.2
321	0
322	3.4
323	9
324	0.3
325	0.3
326	7.6
327	0.3
328	0.3
329	0
330	0.2
331	0.2
332	0
333	0.1
334	0.1
335	3.5
336	0.1
337	0.3
338	0.1
339	0.8
340	0.3
341	0.1
342	0.7
343	0.1
344	4.8
345	0.8
346	0.7
347	0.1
348	2.6
349	1.1
350	0.1
351	0.2
352	0.1
353	12.1
354	0.8
355	0.2
356	0.2
357	0.5
358	0.6
359	0.4
360	0.8
361	0.1
362	0.7
363	0.8
364	0.7
365	4.7
366	1.7
367	1.2
368	34.5
369	0.3
370	13.4
371	0.3
372	0.5
373	2
374	1.3
375	14.4
376	1.1
377	13.8
378	1.9
379	1.1
380	14.2
381	0.4
382	0.6
383	17.3
384	0.2
385	0.9
386	0.7
387	33.3
388	1.7
389	1.3
390	33.2
391	0.4
392	3.2
393	0.7
394	0.4
395	0.5
396	1.4
397	0.8
398	0.2
399	4
400	0.2
401	23.1
402	0.9
403	0.8
404	0.8
405	0.7
406	19.3
407	2.8
408	0.7
409	0.9
410	16.9
411	22.9
412	0.5
413	21.9
414	0.3
415	1.7
416	0.2
417	0.8
418	0.4
419	3.8
420	0.3
421	2.3
422	2.2
423	19.9
424	15.4
425	29.3
426	0.9
427	5.2
428	14.9
429	14.7
430	5.9
431	1.4
432	0.8
433	29
434	1
435	0.2
436	13.2
437	5.6
438	50.9
439	0.8
440	15.9
441	4.1
442	0.3
443	11.8
444	1
445	55.6
446	0.2
447	61.5
448	59.6
449	0
450	3
451	1.1
452	27.3
453	1
454	0.1
455	1.8
456	0.7
457	34.8
458	26
459	13
460	0.9
461	26.3
462	44.3
463	1.7
464	1.5
465	19.2
466	2
467	3
468	0.1
469	0.7
470	0.2
471	0.9
472	13.6
473	3.9
474	0.1
475	1.2
476	0
477	45.2
478	0.1
479	0.9
480	28.8
481	0.9
482	0.7
483	37.6
484	0.2
485	0.4
486	4.3
487	0.6
488	14.3
489	0.8
490	9.3
491	1.6
492	30.7
493	1.3
494	16.5
495	9.5
496	0.6
497	10.4
498	0.6
499	1.3
500	8.3
501	1.1
502	17.8
503	0.1
504	0.3
505	3
506	5.8
507	9.8
508	2.2
509	5
510	1.4
511	10.4
512	13.3
513	0.6
514	2.8
515	1.1
516	0.5
517	11.9
518	0.8
519	2
520	10.8
521	0.3
522	0.3
523	0.5
524	33
525	0.3
526	1.5
527	0.3
528	0.1
529	0.8
530	27.1
531	16.9
532	44.1
533	0.1
534	0
535	31
536	31
537	5.9
538	1.6
539	0
540	0.1
541	11.4
542	15.6
543	0.2
544	1.1
545	8.1
546	17.4
547	1.1
548	7.1
549	12.6
550	0.1
551	8.2
552	1.1
553	5.7
554	0.6
555	0.2
556	1.1
557	1.5
558	7.5
559	12.5
560	11.1
561	13.1
562	17.4
563	0.9
564	3.7
565	14.8
566	16.9
567	0.2
568	14
569	3.5
570	0.4
571	12.8
572	7.2
573	0.8
574	1.1
575	0.2
576	10.4
577	2.2
578	10.6
579	11.9
580	10.6
581	2
582	1.1
583	0.2
584	0.5
585	13.3
586	1.1
587	14.1
588	0.5
589	20.6
590	0.4
591	1.1
592	11.8
593	10.8
594	1.9
595	1
596	0.3
597	0.3
598	0.2
599	15.5
600	0.8
601	0.1
602	0.4
603	41.9
604	0.5
605	1.1
606	0.8
607	0.4
608	0.3
609	3.8
610	0.6
611	3.3
612	3.9
613	0.2
614	30.5
615	1.7
616	2
617	28.6
618	30.5
619	2.8
620	0.9
621	0.3
622	34.1
623	37.6
624	31.5
625	0.3
626	0.2
627	11.8
628	0.1
629	3.3
630	24.4
631	0.5
632	39.5
633	29.4
634	0.2
635	4.3
636	2.8
637	2.5
638	0.1
639	31.8
640	2.2
641	17.1
642	1.3
643	28.4
644	5.2
645	36.7
646	32.9
647	0.7
648	50.3
649	28.1
650	0.6
651	27.9
652	0.1
653	0.2
654	0.4
655	0.5
656	0.1
657	34.1
658	9.7
659	32.5
660	10.5
661	5.7
662	25
663	31.8
664	0.6
665	0.3
666	0.8
667	11.4
668	37.2
669	12.9
670	0.8
671	0.7
672	0.6
673	27.3
674	2.6
675	30.7
676	22
677	19.6
678	1.3
679	0.2
680	0.7
681	33.2
682	26.6
683	35.6
684	27.5
685	0.7
686	20.6
687	0.7
688	28.4
689	0.5
690	29.3
691	6.9
692	18
693	1.1
694	1.8
695	5.4
696	32.2
697	0.3
698	29.1
699	20.6
700	27.1
701	3.2
702	32.4
703	27.8
704	17.3
705	16.5
706	1.3
707	20.3
708	29.7
709	14.8
710	21.9
711	1
712	18.4
713	24
714	0.6
715	20.9
716	3.3
717	43.6
718	30.8
719	23.4
720	25.8
721	0.8
722	13.8
723	29.5
724	24.4
725	0.6
726	1.1
727	1.4
728	14.1
729	3
730	20.8
731	1.6
732	1.1
733	21.1
734	23.1
735	19.6
736	1.1
737	19.3
738	22.2
739	21.4
740	24.7
741	11.5
742	47.7
743	24.4
744	0.9
745	0.7
746	18.8
747	26
748	0.3
749	28.9
750	0.5
751	17.1
752	20
753	26.7
754	27.9
755	24.7
756	14.9
757	41.3
758	34.7
759	0.8
760	17.1
761	0.4
762	9.7
763	18.6
764	16.8
765	18
766	1.6
767	36.1
768	35
769	32
770	33.9
771	29
772	35.9
773	11.2
774	12.4
775	3.6
776	0.7
777	9.1
778	17.6
779	0.6
780	32.2
781	19.5
782	101.9
783	95.6
784	100.9
785	100.8
786	92.7
787	100.5
788	93
789	96.4
790	95
791	89.9
792	91.4
793	87.7
794	94.8
795	100.5
796	85.5
797	102.8
798	88.2
799	89.3
800	92.6
801	85.7
802	86.2
803	92.4
804	90.3
805	86
806	88.9
807	83.9
808	86.2
809	103.8
810	98.5
811	87
812	91.7
813	88.1
814	86.5
815	88.7
816	85.7
817	90.3
818	89.4
819	103
820	86.3
821	80.8
822	85.3
823	87.3
824	91
825	80
826	100.3
827	88.7
828	86.7
829	82.7
830	87.5
831	78.4
832	87.9
833	81.3
834	93.6
835	85.2
836	86.8
837	78.1
838	85.7
839	84.9
840	85.2
841	84.6
842	85.8
843	50.9
844	90.7
845	82.8
846	88.7
847	84.7
848	85.4
849	88.3
850	89.2
851	86.9
852	87.9
853	84.3
854	85.5
855	84.3
856	83.4
857	83.1
858	90.8
859	78.5
860	84.5
861	85.4
862	27
863	83.2
864	81.2
865	81.9
866	83.9
867	85
868	91.8
869	84
870	70.9
871	79.7
872	81
873	33.8
874	86.1
875	91.8
876	84.7
877	83.7
878	82.6
879	89.7
880	81.3
881	84.4
882	87.3
883	82.4
884	83.5
885	82
886	19
887	82.1
888	84.1
889	84.8
890	89
891	86.1
892	85
893	87
894	21.1
895	90.6
896	89.6
897	85.3
898	83.3
899	87.8
900	89
901	81.6
902	92.8
903	87.7
904	83.8
905	81.6
906	90.7
907	85.2
908	84.1
909	83.8
910	28.2
911	83.7
912	85.1
913	86.4
914	86
915	33.9
916	81
917	85.3
918	80.9
919	84.7
920	85.4
921	82.2
922	89.1
923	50.7
924	81.7
925	87.3
926	84.2
927	84.4
928	96.7
929	84.3
930	89.6
931	84.7
932	102.8
933	86
934	29.5
935	86.7
936	83.9
937	92.5
938	90.7
939	85.5
940	84.7
941	91.4
942	87.5
943	23.3
944	94.2
945	81.5
946	85.4
947	28.6
948	81.6
949	84.2
950	85
951	92.6
952	85
953	100.8
954	103.1
955	90.3
956	83.7
957	84.8
958	99.7
959	84.5
960	88.5
961	91.7
962	80.9
963	81.1
964	16.7
965	81.3
966	90.8
967	19.9
968	85.7
969	86.7
970	66.7
971	83.8
972	80
973	87.4
974	84.7
975	94.3
976	87.3
977	84.4
978	100.2
979	88.6
980	86.5
981	78.4
982	89.1
983	82.1
984	88
985	84.6
986	84.1
987	101.2
988	84.8
989	88.3
990	39.1
991	81
992	81.2
993	85
994	83.7
995	91.9
996	84.3
997	83.9
998	100.6
999	82.9
1000	15
1001	102.1
1002	86.1
1003	35.6
1004	83.6
1005	98.1
1006	84.1
1007	18
1008	99.6
1009	68.9
1010	89.3
1011	81.3
1012	82.8
1013	98.4
1014	86.1
1015	98.6
1016	22.4
1017	84
1018	98.8
1019	98.9
1020	90.7
1021	82.9
1022	89.1
1023	85.4
1024	86
1025	91.2
1026	90.6
1027	81.4
1028	82.3
1029	95.8
1030	92.8
1031	19.8
1032	34.1
1033	90.9
1034	84.3
1035	88
1036	79.7
1037	88.8
1038	84.8
1039	95.9
1040	95.8
1041	91.5
1042	96.6
1043	21.4
1044	90.3
1045	96.8
1046	96.9
1047	85.6
1048	82.3
1049	83.6
1050	20.2
1051	80.6
1052	82.3
1053	93.8
1054	85
1055	83.1
1056	89.9
1057	91.2
1058	86.2
1059	92.1
1060	86.2
1061	20.6
1062	92.3
1063	85.4
1064	84.3
1065	93
1066	83.1
1067	88.7
1068	93
1069	83.8
1070	83.6
1071	84.3
1072	85.1
1073	85
1074	85.1
1075	71.3
1076	84.8
1077	88.9
1078	92.3
1079	87.2
1080	96.4
1081	90.1
1082	83.9
1083	86
1084	88.9
1085	83.5
1086	84.9
1087	20.8
1088	87.3
1089	95.5
1090	81.5
1091	87.6
1092	89.9
1093	92.8
1094	85.3
1095	92.7
1096	95.6
1097	87.7
1098	96
1099	72.4
1100	19.4
1101	85.5
1102	84.1
1103	85.8
1104	92
1105	96.2
1106	94.7
1107	87.7
1108	94.1
1109	82.2
1110	89.3
1111	89.4
1112	85.9
1113	86.3
1114	84.9
1115	95.9
1116	89.7
1117	86.4
1118	95.5
1119	93.6
1120	90.1
1121	96.2
1122	95.4
1123	96.1
1124	80.5
1125	88.4
1126	87.4
1127	90.6
1128	86
1129	83.8
1130	93.6
1131	84.2
1132	86.6
1133	86
1134	92.6
1135	83.7
1136	84.6
1137	91.8
1138	92.6
1139	92.9
1140	82.1
1141	88.9
1142	86.2
1143	85.5
1144	94.8
1145	95.7
1146	88.1
1147	90.1
1148	86
1149	86.7
1150	91.4
1151	91.9
1152	84.4
1153	85
1154	17.8
1155	86.6
1156	86.7
1157	88.1
1158	90.9
1159	76.6
1160	89.2
1161	85.9
1162	96.8
1163	95.9
1164	87.3
1165	85.5
1166	84.9
1167	82.5
1168	86.6
1169	83.6
1170	88.4
1171	97.2
1172	80.5
1173	93.9
1174	84.9
1175	91.7
1176	65
1177	87.1
1178	87.1
1179	87.4
1180	93.1
1181	96.6
1182	91.5
1183	85.5
1184	83.7
1185	86.5
1186	82.7
1187	88
1188	89.9
1189	96
1190	87.7
1191	85.4
1192	89.2
1193	82
1194	90.5
1195	91.2
1196	88.6
1197	83.2
1198	84.4
1199	84.1
1200	25.9
1201	90.5
1202	93.9
1203	84.7
1204	90.8
1205	92.2
1206	85.9
1207	92.6
1208	88.4
1209	91.8
1210	82.3
1211	81.5
1212	88.3
1213	77.1
1214	83.9
1215	95.7
1216	87.3
1217	83.3
1218	83.6
1219	87.2
1220	81.8
1221	90.4
1222	92.2
1223	93.5
1224	88.2
1225	90.2
1226	81.1
1227	79.4
1228	92.9
1229	98.5
1230	86.1
1231	89
1232	83.1
1233	92.6
1234	92.4
1235	96.1
1236	84.3
1237	83.5
1238	81.5
1239	88.8
1240	88
1241	85.9
1242	83.7
1243	88.1
1244	86.3
1245	87.6
1246	84.1
1247	73.3
1248	37.1
1249	87.3
1250	80.7
1251	91.3
1252	86.2
1253	93.9
1254	94.5
1255	87.5
1256	81.8
1257	96.1
1258	97.5
1259	91.2
1260	86
1261	81.6
1262	90.4
1263	93.1
1264	93.3
1265	84.5
1266	82.8
1267	88.2
1268	85.4
1269	37.2
1270	83.7
1271	94.3
1272	87.7
1273	98.4
1274	84.1
1275	86.9
1276	80
1277	82.9
1278	87.1
1279	27.8
1280	88.9
1281	98.9
1282	92.6
1283	90.7
1284	43.9
1285	96.8
1286	89.6
1287	94.7
1288	94.7
1289	85.7
1290	95.5
1291	89.3
1292	91.8
1293	21.8
1294	95.3
1295	86.9
1296	91.7
1297	44.2
1298	82.7
1299	90.2
1300	99.2
1301	89.5
1302	95.2
1303	94.6
1304	48.8
1305	92.2
1306	89.9
1307	85.6
1308	95.5
1309	88.6
1310	84.7
1311	85.8
1312	87.2
1313	97.4
1314	88.6
1315	92.9
1316	85.7
1317	81.8
1318	96.6
1319	86.4
1320	90.1
1321	96.9
1322	93.3
1323	92.4
1324	95.9
1325	85.6
1326	97.4
1327	96.3
1328	83.6
1329	46
1330	89.5
1331	80.2
1332	20
1333	73.1
1334	83.5
1335	92
1336	88.1
1337	96.2
1338	98.7
1339	93.8
1340	96.3
1341	84.7
1342	85.7
1343	93.7
1344	96.5
1345	95.4
1346	97.7
1347	88.9
1348	83.5
1349	95.5
1350	91.1
1351	86.6
1352	41.5
1353	86
1354	96.8
1355	91.2
1356	31.9
1357	77.8
1358	90.7
1359	97.4
1360	97.4
1361	95.4
1362	85
1363	97
1364	100.2
1365	88.2
1366	98.3
1367	96.9
1368	83.2
1369	93.6
1370	90.1
1371	92.7
1372	96.1
1373	85.2
1374	97.9
1375	88.5
1376	42.3
1377	95.5
1378	97.5
1379	97.1
1380	86.2
1381	97.3
1382	88.6
1383	99.9
1384	95.8
1385	36.3
1386	85.1
1387	98.6
1388	96.1
1389	94.9
1390	85.8
1391	93.7
1392	88.7
1393	93.1
1394	91.6
1395	90.7
1396	97.3
1397	91.7
1398	99.5
1399	97.3
1400	73.2
1401	94.1
1402	94.1
1403	88
1404	96.4
1405	98
1406	96.5
1407	99.2
1408	90.1
1409	87.3
1410	87.8
1411	83.8
1412	94.7
1413	88.5
1414	97.7
1415	91.5
1416	89.2
1417	91.4
1418	89.5
1419	98.4
1420	94.2
1421	97.3
1422	96.1
1423	61.6
1424	90.9
1425	88.9
1426	82.5
1427	97.5
1428	96.5
1429	98
1430	90.5
1431	90.8
1432	97
1433	88.2
1434	94.2
1435	90.5
1436	98
1437	93.6
1438	93.8
1439	96
1440	88.9
1441	88.8
1442	90.8
1443	75.6
1444	97.3
1445	98.1
1446	89.8
1447	94
1448	89.8
1449	101.2
1450	100.6
1451	91.6
1452	96
1453	89.7
1454	58.7
1455	96
1456	92.8
1457	91
1458	87.7
1459	95.4
1460	95.8
1461	86.7
1462	86.1
1463	96.6
1464	97.1
1465	97.2
1466	92.1
1467	90.3
1468	87.9
1469	87.6
1470	87.6
1471	88.8
1472	90.2
1473	92.9
1474	98.4
1475	90.4
1476	86.4
1477	98.8
1478	86.8
1479	91.1
1480	88.6
1481	89.4
1482	88.7
1483	93
1484	99.6
1485	54.4
1486	94.3
1487	95.4
1488	90.9
1489	90.5
1490	96.2
1491	71.5
1492	89.1
1493	90.2
1494	90.1
1495	93.5
1496	89.2
1497	86.9
1498	93.5
1499	88.7
1500	97.3
1501	90.3
1502	90.1
1503	97.2
1504	94.5
1505	87.3
1506	81.9
1507	90.8
1508	99.6
1509	51.7
1510	93.8
1511	103.1
1512	87.8
1513	87.9
1514	93.9
1515	93.9
1516	92.1
1517	88.4
1518	93.8
1519	91.1
1520	96.6
1521	91.5
1522	90.8
1523	91.6
1524	94.5
1525	96.3
1526	92.2
1527	89
1528	90
1529	90.2
1530	88.2
1531	95.3
1532	100.1
1533	101.2
1534	90
1535	31.5
1536	90.2
1537	90
1538	43.1
1539	94.8
1540	96.1
1541	88.8
1542	94.8
1543	90.9
1544	94.1
1545	83.7
1546	38.2
1547	75.3
1548	84.9
1549	86.6
1550	87.6
1551	93.2
1552	89.3
1553	86.2
1554	62.4
1555	87.6
1556	90.9
1557	96.8
1558	87.7
1559	90.6
1560	100.4
1561	93
1562	95.9
1563	103.8
1564	85.2
1565	69.2
1566	99.4
1567	88.4
1568	90.8
1569	84.6
1570	89.4
1571	86
1572	91.1
1573	88.6
1574	95.7
1575	81.2
1576	94
1577	88.5
1578	90.2
1579	90.9
1580	90.4
1581	91.2
1582	91.2
1583	89.2
1584	37.7
1585	89.9
1586	88.9
1587	96.1
1588	92
1589	98.8
1590	91.8
1591	88
1592	94.2
1593	100.4
1594	90.2
1595	90.7
1596	85
1597	87.9
1598	93
1599	91.5
1600	93.8
1601	55.5
1602	89
1603	94
1604	84.1
1605	97.1
1606	89.7
1607	88.4
1608	94.1
1609	88.6
1610	91.3
1611	103.6
1612	93.3
1613	90.5
1614	91.5
1615	91
1616	82.2
1617	86.9
1618	78
1619	95.2
1620	91.3
1621	92.6
1622	98.3
1623	89
1624	91.2
1625	78.1
1626	94.7
1627	96.5
1628	75.1
1629	88
1630	99.4
1631	65
1632	92.4
1633	86.2
1634	90.9
1635	90.6
1636	88.6
1637	93.1
1638	74.1
1639	89.6
1640	89.2
1641	79.7
1642	91.3
1643	79.9
1644	94.4
1645	91.5
1646	85.2
1647	89.2
1648	92.2
1649	94.6
1650	85.4
1651	93.2
1652	79
1653	85.5
1654	91.3
1655	95.6
1656	99.6
1657	90.9
1658	93.1
1659	84.2
1660	79.1
1661	96.9
1662	96.1
1663	81.8
1664	90.4
1665	82.8
1666	96.2
1667	96.5
1668	82.2
1669	88.2
1670	95.3
1671	97.9
1672	91.4
1673	91.7
1674	88.9
1675	81
1676	94.5
1677	97.7
1678	84.3
1679	95.5
1680	97.2
1681	89.4
1682	81.7
1683	87
1684	79.3
1685	85.7
1686	59.5
1687	92.8
1688	80.7
1689	95.7
1690	94.4
1691	85.4
1692	93.9
1693	90
1694	88.9
1695	92.3
1696	94.9
1697	94.5
1698	83.8
1699	94.3
1700	67.5
1701	96
1702	95.8
1703	92
1704	95.8
1705	90.6
1706	87.5
1707	83.3
1708	83.3
1709	78.6
1710	95.5
1711	90.8
1712	93.1
1713	95.9
1714	91.9
1715	95
1716	85.2
1717	86.9
1718	87.2
1719	58
1720	92.2
1721	95.1
1722	85.8
1723	89.4
1724	84.3
1725	95.4
1726	90
1727	94.9
1728	91.8
1729	92.4
1730	95
1731	94.9
1732	87.9
1733	86.7
1734	91.6
1735	98.4
1736	84.9
1737	82.4
1738	85.1
1739	87.3
1740	97.6
1741	90.1
1742	91.8
1743	81.7
1744	93.3
1745	89.9
1746	92.5
1747	88.6
1748	92.1
1749	62.6
1750	54
1751	92
1752	90.5
1753	91.4
1754	94.8
1755	91.1
1756	87
1757	94.1
1758	94.1
1759	85.6
1760	91
1761	93.2
1762	71
1763	93.1
1764	93.4
1765	89.2
1766	93.8
1767	91.5
1768	96.6
1769	92.6
1770	93.4
1771	76.2
1772	97.1
1773	92.8
1774	85.1
1775	57
1776	83.3
1777	91.2
1778	90.9
1779	91.7
1780	83.4
1781	90.6
1782	91.3
1783	88.3
1784	84.4
1785	90.5
1786	93.7
1787	93.6
1788	98.5
1789	81.5
1790	83.1
1791	64.4
1792	85.8
1793	90.7
1794	56
1795	88.2
1796	94.6
1797	94.4
1798	81.4
1799	92.5
1800	81.8
1801	94.6
1802	88.7
1803	96.2
1804	82.1
1805	89.2
1806	97.5
1807	92.2
1808	79.7
1809	95.5
1810	100
1811	85.8
1812	94.6
1813	97.3
1814	82.8
1815	82.6
1816	90.8
1817	86.7
1818	83.3
1819	97.6
1820	98.3
1821	85
1822	92.6
1823	89
1824	92.8
1825	97.1
1826	84.4
1827	83.7
1828	85.7
1829	90.1
1830	94.7
1831	84.2
1832	93.8
1833	85.2
1834	94
1835	91.6
1836	95
1837	54.1
1838	93.7
1839	96.7
1840	80.4
1841	81.7
1842	83.6
1843	99.7
1844	86.8
1845	88.1
1846	50.1
1847	82.2
1848	95
1849	96.2
1850	94.6
1851	82.6
1852	87.9
1853	92.4
1854	90.5
1855	89.6
1856	81.4
1857	92.9
1858	87.4
1859	86
1860	75.7
1861	90.9
1862	83.2
1863	93.8
1864	85.6
1865	80.1
1866	97.7
1867	93.7
1868	90.5
1869	78.7
1870	48.2
1871	88.1
1872	83.5
1873	86.4
1874	98.4
1875	92.5
1876	78.2
1877	92.5
1878	92.5
1879	98.5
1880	93.5
1881	88
1882	95.4
1883	99.3
1884	87.5
1885	87.7
1886	75.3
1887	91.9
1888	86.3
1889	90.4
1890	90.7
1891	44.6
1892	88.7
1893	85.6
1894	86
1895	86.7
1896	85.3
1897	85.1
1898	95.7
1899	83.9
1900	92
1901	93
1902	86.2
1903	88.5
1904	86.4
1905	86.3
1906	92
1907	50.8
1908	64.7
1909	43.1
1910	35
1911	87.3
1912	85.9
1913	78.7
1914	86.1
1915	88.3
1916	86.5
1917	91.5
1918	59.2
1919	89.6
1920	90.8
1921	89.5
1922	85.9
1923	84.2
1924	87.1
1925	90.2
1926	88.1
1927	96.6
1928	82.9
1929	41.8
1930	91.8
1931	53.9
1932	61.8
1933	91.3
1934	66.8
1935	93.3
1936	91
1937	83.4
1938	77
1939	89.6
1940	88.3
1941	85.8
1942	53.8
1943	86.4
1944	89.3
1945	42.3
1946	85
1947	84.9
1948	36
1949	86.6
1950	1.1
1951	91.2
1952	44.6
1953	37.9
1954	87.3
1955	68.5
1956	89.9
1957	95.8
1958	91.7
1959	62.5
1960	88.3
1961	63.3
1962	85.4
1963	79.2
1964	83.8
1965	87.9
1966	0.9
1967	37.1
1968	77
1969	84.7
1970	92.8
1971	89.6
1972	84.3
1973	78.2
1974	92.1
1975	42.5
1976	46.7
1977	47.8
1978	91.1
1979	1.1
1980	85.3
1981	91.2
1982	1.1
1983	86.9
1984	86.1
1985	46.8
1986	63
1987	92.6
1988	44.4
1989	1.1
1990	1.1
1991	83.6
1992	87.8
1993	55.9
1994	96.7
1995	90
1996	77.6
1997	48.8
1998	95.7
1999	87
2000	51.3
2001	86.6
2002	47.2
2003	52.4
2004	76.7
2005	81.1
2006	56.1
2007	85.7
2008	52.4
2009	85.2
2010	43.3
2011	1.1
2012	80.5
2013	54.4
2014	1.1
2015	44.9
2016	82.6
2017	88.1
2018	64.7
2019	79
2020	83
2021	62.9
2022	63.5
2023	45.8
2024	1.1
2025	98.6
2026	78.6
2027	36.9
2028	92.8
2029	87
2030	85.4
2031	50.3
2032	57.1
2033	85.9
2034	86.2
2035	32
2036	1.1
2037	87.9
2038	1.1
2039	80.1
2040	81.9
2041	1.1
2042	49
2043	85.4
2044	90.5
2045	84.1
2046	82.4
2047	40
2048	80.8
2049	88.6
2050	95.6
2051	48
2052	86.4
2053	52
2054	36
2055	61.4
2056	85.3
2057	54.9
2058	1.1
2059	80
2060	57.7
2061	56.9
2062	98.4
2063	81.1
2064	48.5
2065	81.8
2066	80.7
2067	57.1
2068	82.6
2069	85.8
2070	64.2
2071	54.2
2072	84.8
2073	55.3
2074	90.5
2075	84.9
2076	1.1
2077	77.9
2078	91.1
2079	84.6
2080	81.1
2081	91
2082	88.5
2083	43.6
2084	87.4
2085	87.4
2086	64.4
2087	80.8
2088	97.2
2089	76.9
2090	93.7
2091	60.3
2092	78.2
2093	89.7
2094	79.9
2095	42.7
2096	86
2097	49.4
2098	70.4
2099	76.9
2100	79.7
2101	78.6
2102	86.1
2103	77.6
2104	67.6
2105	89.4
2106	82.1
2107	82
2108	72.4
2109	77.2
2110	83.5
2111	72.9
2112	1.1
2113	78.6
2114	81.6
2115	72.3
2116	73.8
2117	80.3
2118	59
2119	51.4
2120	79.9
2121	42.4
2122	77.8
2123	85.9
2124	75
2125	70
2126	84.7
2127	36.8
2128	79
2129	67.8
2130	86
2131	83
2132	86.5
2133	81.6
2134	83.3
2135	44.7
2136	82.5
2137	45.2
2138	64.1
2139	69.7
2140	70.4
2141	76.3
2142	44.6
2143	81
2144	79.5
2145	71.3
2146	44.8
2147	44.2
2148	79.4
2149	79.3
2150	63
2151	80.8
2152	79.7
2153	85.3
2154	79.6
2155	72.9
2156	78.9
2157	80.3
2158	44.6
2159	42.8
2160	87.7
2161	80.7
2162	87.7
2163	68.2
2164	85.6
2165	46.1
2166	71.3
2167	74.5
2168	81.1
2169	78.9
2170	79.1
2171	82.5
2172	80.9
2173	76.5
2174	77
2175	8.4
2176	78.3
2177	85.4
2178	57.6
2179	77.8
2180	60.4
2181	82.5
2182	80.1
2183	85.3
2184	77.6
2185	65.9
2186	6.4
2187	43.3
2188	68.9
2189	83.1
2190	47.5
2191	78.6
2192	69.6
2193	79.7
2194	80.8
2195	46.8
2196	77.3
2197	74.4
2198	67.2
2199	84.7
2200	77.8
2201	5.9
2202	46.7
2203	76.5
2204	73.4
2205	84.3
2206	61.8
2207	47.5
2208	45.1
2209	76.3
2210	81.4
2211	81
2212	56.7
2213	77
2214	80
2215	63.2
2216	47.1
2217	84.9
2218	76.2
2219	73.9
2220	44.6
2221	63.9
2222	80.9
2223	69.4
2224	79.6
2225	62.7
2226	49.3
2227	79.8
2228	77.9
2229	76.7
2230	55.6
2231	66.5
2232	69
2233	81.2
2234	71.8
2235	77.6
2236	78.6
2237	78.8
2238	79.8
2239	45.4
2240	75.4
2241	68
2242	85.3
2243	79.4
2244	74.7
2245	75
2246	65
2247	81.1
2248	81.5
2249	73.8
2250	66.1
2251	41.7
2252	80
2253	84.3
2254	44.1
2255	78.3
2256	68.1
2257	50.8
2258	72.8
2259	80.1
2260	83.6
2261	75.2
2262	73
2263	80.1
2264	79
2265	78.8
2266	74
2267	76.5
2268	73.9
2269	50.6
2270	88.3
2271	63.6
2272	71.6
2273	51.6
2274	83.9
2275	77
2276	54.3
2277	76.8
2278	86.1
2279	77.5
2280	79.5
2281	92.7
2282	80.1
2283	54.9
2284	87.4
2285	79.3
2286	79.6
2287	45.6
2288	67
2289	74.2
2290	75
2291	78.5
2292	80.8
2293	46.7
2294	53.7
2295	78.7
2296	88.1
2297	78.7
2298	81.1
2299	39.1
2300	82.7
2301	87.2
2302	88.1
2303	86.6
2304	86.8
2305	80.3
2306	79.8
2307	82.2
2308	82
2309	76.7
2310	81.4
2311	93.8
2312	88
2313	88.5
2314	82.2
2315	94
2316	82
2317	81.5
2318	77.9
2319	79.3
2320	85.9
2321	71.1
2322	84.2
2323	85.4
2324	81.4
2325	81.7
2326	76.1
2327	84.9
2328	77.3
2329	84.7
2330	91.4
2331	91.7
2332	50.5
2333	87.5
2334	69.3
2335	94.2
2336	78.8
2337	89
2338	61.9
2339	48.9
2340	83.1
2341	82.3
2342	92.2
2343	52.6
2344	86.1
2345	58.5
2346	80.4
2347	86.3
2348	86.2
2349	81.7
2350	86.2
2351	67
2352	85.8
2353	80.5
2354	85.2
2355	81.8
2356	88.3
2357	88
2358	46
2359	82.3
2360	83.8
2361	83.3
2362	51.6
2363	82
2364	68.8
2365	83.3
2366	90.5
2367	91.1
2368	83.6
2369	39.4
2370	84.8
2371	84.1
2372	80
2373	78.6
2374	39.5
2375	82.6
2376	93.5
2377	83.4
2378	80
2379	81.4
2380	83.9
2381	80
2382	79.3
2383	92.3
2384	89.5
2385	53
2386	80.8
2387	80.9
2388	82.7
2389	84.9
2390	61.3
2391	79.1
2392	82
2393	92
2394	85
2395	39.9
2396	78.8
2397	85.8
2398	50.6
2399	78.6
2400	87.3
2401	75.4
2402	81.6
2403	76.6
2404	32.9
2405	79
2406	74.8
2407	91
2408	77.9
2409	77.3
2410	80.3
2411	80
2412	82.7
2413	83.6
2414	33
2415	80.6
2416	75.1
2417	77
2418	75.4
2419	77.1
2420	85
2421	94.1
2422	70.7
2423	71.4
2424	79.6
2425	31.9
2426	91.5
2427	75.6
2428	80.3
2429	93.1
2430	87.6
2431	79.3
2432	76.7
2433	84.7
2434	32
2435	81.1
2436	73.7
2437	25.5
2438	76.2
2439	77.5
2440	79.8
2441	93
2442	70.4
2443	75.1
2444	88.1
2445	78.4
2446	36
2447	80.5
2448	92.9
2449	86.5
2450	88.2
2451	74.4
2452	74.8
2453	96.3
2454	82.3
2455	80.2
2456	81.4
2457	80
2458	75.3
2459	82.1
2460	27.1
2461	85
2462	70.8
2463	34.7
2464	93.2
2465	90.5
2466	83.3
2467	66.7
2468	76.7
2469	83.1
2470	88.7
2471	77.2
2472	82.1
2473	36.2
2474	75.7
2475	76.8
2476	86.9
2477	79.3
2478	73.9
2479	84.1
2480	78.9
2481	63.7
2482	25.3
2483	85.5
2484	81.7
2485	77.7
2486	75.2
2487	84.5
2488	77.8
2489	82.4
2490	84.8
2491	35.6
2492	79.6
2493	85.7
2494	76
2495	72.5
2496	34.8
2497	70.1
2498	76.7
2499	29.2
2500	78.9
2501	74.4
2502	77.1
2503	79.2
2504	67.2
2505	74.7
2506	74.4
2507	85.1
2508	73.7
2509	85.7
2510	74.9
2511	4.6
2512	71.2
2513	73.8
2514	75.1
2515	76.7
2516	79
2517	39.5
2518	51.3
2519	72.6
2520	78.4
2521	72.8
2522	4.6
2523	38.7
2524	83.5
2525	52.6
2526	73.2
2527	70.6
2528	69.4
2529	73.1
2530	69.9
2531	70.2
2532	69.9
2533	78
2534	56.1
2535	71.4
2536	79.3
2537	59
2538	4.6
2539	82.6
2540	76.4
2541	83
2542	71.1
2543	74.7
2544	62.4
2545	73.5
2546	73
2547	73.7
2548	75.2
2549	74.5
2550	84
2551	45.4
2552	81.5
2553	66.4
2554	78.6
2555	70.3
2556	74
2557	76
2558	70.8
2559	70.9
2560	4.6
2561	70.5
2562	80.7
2563	73.2
2564	77
2565	76.4
2566	40.3
2567	74.2
2568	4.6
2569	76
2570	56.1
2571	45.9
2572	81.9
2573	63.5
2574	75.7
2575	64.7
2576	71.9
2577	69.5
2578	72.3
2579	72.3
2580	81
2581	75.9
2582	80.7
2583	73.7
2584	81.9
2585	4.5
2586	79.9
2587	72.7
2588	73.3
2589	70.6
2590	74.1
2591	71.5
2592	68.3
2593	66.2
2594	52
2595	84
2596	4.6
2597	71.9
2598	78
2599	75
2600	70.3
2601	69
2602	76.1
2603	67.3
2604	78.9
2605	73.7
2606	75.7
2607	4.6
2608	64.6
2609	74
2610	58.6
2611	72.9
2612	66.3
2613	68.7
2614	78.1
2615	50.2
2616	74.6
2617	4.6
2618	78.6
2619	83.4
2620	76.6
2621	49.7
2622	71.1
2623	4.6
2624	64.7
2625	78.9
2626	41.1
2627	73.4
2628	49.2
2629	80.2
2630	66.8
2631	63.2
2632	4.3
2633	69.7
2634	69.6
2635	63.5
2636	74.1
2637	79.1
2638	66
2639	64
2640	60.8
2641	71.8
2642	4.3
2643	78.8
2644	75.2
2645	77.7
2646	60.7
2647	51.1
2648	70.3
2649	67.9
2650	4.5
2651	76.5
2652	72.9
2653	68.6
2654	74.7
2655	63.8
2656	72.8
2657	49.1
2658	64.4
2659	72.2
2660	4.6
2661	65.5
2662	73.8
2663	69.4
2664	64
2665	69.7
2666	71.2
2667	40.8
2668	67.2
2669	71.2
2670	72.7
2671	71.5
2672	68.6
2673	48.7
2674	44.9
2675	69.2
2676	30.4
2677	75.4
2678	72.5
2679	69.6
2680	69.2
2681	72
2682	68.4
2683	68.1
2684	66.5
2685	67.2
2686	70.8
2687	68.8
2688	64.5
2689	71.4
2690	64.4
2691	70.4
2692	23.6
2693	63.7
2694	68.6
2695	77.1
2696	71.1
2697	71.8
2698	75
2699	13.5
2700	65.5
2701	35.1
2702	63
2703	61.5
2704	44.7
2705	62.3
2706	71.4
2707	12.8
2708	64.7
2709	59.2
2710	65.1
2711	68.7
2712	63.6
2713	69.2
2714	66.3
2715	55.4
2716	61.8
2717	64.9
2718	57.2
2719	65.5
2720	64.1
2721	63.9
2722	71
2723	67
2724	19.8
2725	62.6
2726	65.1
2727	70.1
2728	58.3
2729	67.6
2730	69
2731	62.4
2732	66.5
2733	62.7
2734	67.8
2735	58.4
2736	20.2
2737	60.6
2738	55.7
2739	61.8
2740	63.9
2741	55.9
2742	58.8
2743	60.4
2744	58.4
2745	47.4
2746	22.4
2747	57.6
2748	69.2
2749	64.4
2750	59.7
2751	57.4
2752	63.7
2753	59.9
2754	65.4
2755	55.3
2756	55.9
2757	64.3
2758	67.1
2759	57.2
2760	59.9
2761	55.4
2762	62.8
2763	21.7
2764	70.1
2765	65.5
2766	64
2767	23.8
2768	56.1
2769	57.9
2770	61.3
2771	68
2772	56.8
2773	33.5
2774	59.4
2775	70.3
2776	63.4
2777	59.8
2778	73.9
2779	63.3
2780	24.1
2781	64.2
2782	50.5
2783	65.9
2784	66.6
2785	25
2786	23.6
2787	64.8
2788	56.9
2789	71.8
2790	64.7
2791	65.8
2792	74
2793	63.2
2794	63.9
2795	55.9
2796	54.2
2797	66.4
2798	65.4
2799	62
2800	70
2801	74.3
2802	68
2803	55.6
2804	27.3
2805	69.6
2806	61.4
2807	66.9
2808	67
2809	66
2810	21.2
2811	75.8
2812	56.5
2813	59.4
2814	64.1
2815	77
2816	54.2
2817	59.6
2818	58.3
2819	64.5
2820	69.3
2821	63
2822	61.4
2823	61.7
2824	20.4
2825	60.7
2826	24.6
2827	24.2
2828	59.1
2829	25
2830	64.9
2831	72.1
2832	70.1
2833	60
2834	63.4
2835	66.1
2836	64
2837	64.3
2838	66.2
2839	68.9
2840	72.1
2841	73.9
2842	56.9
2843	62
2844	38.2
2845	63
2846	18.5
2847	75.6
2848	67.1
2849	68.2
2850	71.5
2851	54.8
2852	61.3
2853	64
2854	74.6
2855	66.7
2856	66.7
2857	60.5
2858	58.5
2859	62.2
2860	65.9
2861	68.2
2862	57.5
2863	40.1
2864	55.4
2865	71.8
2866	65.5
2867	64.6
2868	45.9
2869	56.1
2870	61.1
2871	65.4
2872	70.4
2873	70.1
2874	19.1
2875	58.9
2876	18
2877	62.7
2878	66.8
2879	39.8
2880	61.1
2881	61.6
2882	73.7
2883	67.8
2884	60.8
2885	46.1
2886	55.9
2887	44.1
2888	15.8
2889	25.1
2890	24.5
2891	70.4
2892	68.5
2893	64.4
2894	56.8
2895	72.4
2896	17.7
2897	69.7
2898	63.7
2899	62.9
2900	57.5
2901	40.7
2902	62.9
2903	71.3
2904	32
2905	66.4
2906	67.7
2907	49
2908	66.5
2909	69.9
2910	65.7
2911	66.6
2912	61.9
2913	68.7
2914	72.6
2915	40.3
2916	72.6
2917	19.7
2918	62.8
2919	38.3
2920	40.3
2921	64.4
2922	63.3
2923	62.2
2924	57
2925	68
2926	52.8
2927	29.6
2928	56.4
2929	48.9
2930	67
2931	60.5
2932	66.3
2933	62.2
2934	30.9
2935	66.8
2936	35.5
2937	60.5
2938	35.2
2939	67.7
2940	32.3
2941	60.8
2942	31.7
2943	68.8
2944	32.9
2945	65
2946	67.7
2947	64.4
2948	61.5
2949	63.2
2950	60.1
2951	67.1
2952	59.1
2953	69.3
2954	67
2955	71.3
2956	67.7
2957	52.4
2958	62.1
2959	40.8
2960	54.6
2961	67.8
2962	65
2963	55
2964	65.2
2965	59.8
2966	66
2967	69
2968	57.2
2969	38.1
2970	30.3
2971	55.4
2972	60.1
2973	27.5
2974	63.7
2975	68.8
2976	68.2
2977	53.3
2978	54.6
2979	68.2
2980	62.1
2981	70.8
2982	64.7
2983	60.8
2984	62.1
2985	67.2
2986	65.3
2987	61.7
2988	60
2989	30
2990	53.7
2991	73.7
2992	57.9
2993	65.1
2994	66.6
2995	61.8
2996	68.1
2997	69.9
2998	56.7
2999	62.5
3000	59.5
3001	46.6
3002	65.9
3003	59.4
3004	52
3005	52.1
3006	62.1
3007	71.2
3008	69.2
3009	53
3010	28.9
3011	61.2
3012	57.6
3013	63.5
3014	53.3
3015	48
3016	63.9
3017	73.9
3018	54.4
3019	50.1
3020	57.2
3021	58.3
3022	44.7
3023	49.6
3024	64.2
3025	51.5
3026	64.9
3027	63.6
3028	58.2
3029	67.3
3030	37
3031	59.7
3032	55
3033	49.9
3034	58.7
3035	54.3
3036	35.8
3037	57.4
3038	41.1
3039	57.2
3040	66.6
3041	79.4
3042	79.6
3043	72
3044	73.4
3045	66.7
3046	40
3047	41.4
3048	70.3
3049	56.5
3050	69.1
3051	79
3052	61.9
3053	69
3054	53.4
3055	55.2
3056	71.7
3057	41.9
3058	70.7
3059	60
3060	41.4
3061	45.5
3062	46.5
3063	71.1
3064	70.1
3065	42.4
3066	79.8
3067	43.4
3068	80.1
3069	46.5
3070	64.2
3071	57.1
3072	59.2
3073	32.5
3074	68.1
3075	51.7
3076	57.8
3077	61.7
3078	58.7
3079	65.5
3080	71.7
3081	48.4
3082	44.6
3083	72
3084	44.8
3085	61.8
3086	78.3
3087	77.1
3088	82.6
3089	76
3090	62.4
3091	45.3
3092	41.9
3093	58.4
3094	37.1
3095	35.6
3096	67.8
3097	39
3098	76.6
3099	43.7
3100	69.8
3101	25.2
3102	49.6
3103	67.9
3104	71.2
3105	42.5
3106	75.6
3107	75.6
3108	35.6
3109	48.1
3110	43.2
3111	79.7
3112	23.4
3113	73.9
3114	48.4
3115	43.5
3116	48.1
3117	52.6
3118	84.6
3119	86.3
3120	17.8
3121	85.2
3122	33.9
3123	76.4
3124	33.5
3125	59.1
3126	30.6
3127	19.7
3128	35.1
3129	38.1
3130	34.4
3131	84.3
3132	76
3133	72.8
3134	69.7
3135	34.6
3136	75.5
3137	27.9
3138	42.1
3139	81.2
3140	66.6
3141	40.4
3142	70.8
3143	85
3144	39.6
3145	24
3146	30.3
3147	26
3148	48
3149	31.1
3150	22.9
3151	66
3152	74.8
3153	75.2
3154	70.8
3155	6.9
3156	71.8
3157	68.7
3158	23.3
3159	72
3160	24.5
3161	67.6
3162	68
3163	39.2
3164	32.7
3165	7.1
3166	74.4
3167	7
3168	80.2
3169	31.7
3170	75.2
3171	42.9
3172	83
3173	34.2
3174	0.9
3175	73.6
3176	39.9
3177	37.8
3178	40
3179	36.6
3180	31.6
3181	5.6
3182	76.2
3183	78
3184	62.3
3185	64.6
3186	67.5
3187	76.9
3188	0.1
3189	63.8
3190	43.9
3191	41.6
3192	0.4
3193	45.2
3194	77.1
3195	69.4
3196	29.3
3197	5
3198	4.9
3199	75.9
3200	35.8
3201	41.7
3202	78.3
3203	79.1
3204	7.5
3205	60.3
3206	38.2
3207	48.8
3208	38.2
3209	33.4
3210	59.5
3211	58.6
3212	75.8
3213	38
3214	36.8
3215	33.9
3216	38.7
3217	45
3218	58.1
3219	60.6
3220	4.5
3221	45.3
3222	60
3223	42
3224	78.3
3225	45.8
3226	75.6
3227	42.5
3228	44
3229	38.2
3230	13
3231	44.1
3232	41.4
3233	39.7
3234	74.8
3235	73.2
3236	62.1
3237	36.2
3238	62.2
3239	34.6
3240	18.6
3241	57.3
3242	45.9
3243	60.1
3244	47.2
3245	46.7
3246	48.9
3247	31.6
3248	43.2
3249	43.2
3250	10.6
3251	78.4
3252	79
3253	45.8
3254	54.2
3255	40.1
3256	43.4
3257	58.4
3258	48.8
3259	60.1
3260	41
3261	39
3262	59.5
3263	42
3264	40.5
3265	39
3266	43.3
3267	58.3
3268	55.7
3269	78.5
3270	42
3271	38.2
3272	75.1
3273	41.6
3274	80.2
3275	45.4
3276	45
3277	42.7
3278	64.7
3279	43.8
3280	43
3281	47.7
3282	36.8
3283	45.4
3284	45.5
3285	38.4
3286	75.5
3287	43.2
3288	42.2
3289	46.5
3290	43.1
3291	74.7
3292	35.9
3293	43.9
3294	45.3
3295	47.1
3296	34
3297	39.4
3298	50.7
3299	40.6
3300	55.2
3301	44.4
3302	44.4
3303	75
3304	43.9
3305	46.4
3306	49
3307	43.9
3308	74.7
3309	46.7
3310	42.2
3311	36
3312	40.1
3313	41.3
3314	36.9
3315	46.6
3316	68.4
3317	41.1
3318	39.7
3319	32.7
3320	39.3
3321	48.2
3322	33.3
3323	36.9
3324	48
3325	42.2
3326	47.8
3327	29.6
3328	42.9
3329	37.9
3330	49.5
3331	47.2
3332	44.5
3333	41.1
3334	29.2
3335	68.5
3336	48
3337	27.5
3338	45.1
3339	34.6
3340	37.1
3341	57
3342	46
3343	42.9
3344	41.5
3345	24.8
3346	37.8
3347	46.1
3348	26
3349	43.6
3350	38
3351	39.4
3352	38.9
3353	40.5
3354	47.4
3355	45.7
3356	46.1
3357	44.7
3358	38
3359	38.3
3360	40.5
3361	39.7
3362	41.2
3363	48.2
3364	36.4
3365	41.2
3366	37.9
3367	41.7
3368	36.8
3369	39.2
3370	36.6
3371	39.3
3372	40.1
3373	40.6
3374	38.8
3375	41.8
3376	37.5
3377	41.3
3378	41.2
3379	43.1
3380	38.1
3381	40.1
3382	39.7
3383	41.3
3384	38.6
3385	39.4
3386	40.1
3387	44.1
3388	39.4
3389	41.1
3390	41.7
3391	41.4
3392	42.3
3393	43.7
3394	43.2
3395	40.6
3396	41.2
3397	42.2
3398	37.3
3399	33.5
3400	90.7
3401	92.4
3402	89.6
3403	82.3
3404	84.1
3405	81.8
3406	86.5
3407	83.5
3408	87.7
3409	85.6
3410	23.1
3411	26.5
3412	83.5
3413	81.5
3414	84.9
3415	82.9
3416	94.3
3417	88.2
3418	85.7
3419	84.3
3420	86.7
3421	83.5
3422	85.7
3423	82.5
3424	85.9
3425	90.5
3426	88.6
3427	97
3428	47.8
3429	91.8
3430	42
3431	87.8
3432	92.5
3433	90.8
3434	92.2
3435	88.6
3436	87.1
3437	87.1
3438	87
3439	84.9
3440	79.9
3441	92.3
3442	101.2
3443	87.7
3444	73.2
3445	82.7
3446	88.8
3447	91.5
3448	103.3
3449	89.8
3450	89
3451	87.5
3452	91
3453	71
3454	88.9
3455	90.9
3456	91.2
3457	93
3458	83.9
3459	88.8
3460	86.8
3461	92
3462	94.2
3463	94.5
3464	87.5
3465	90.9
3466	57.7
3467	83
3468	86.2
3469	59.9
3470	84
3471	88.8
3472	49
3473	91.8
3474	82.5
3475	93.5
3476	92.9
3477	86.6
3478	86.9
3479	92.6
3480	86.9
3481	91.3
3482	34.1
3483	54.6
3484	89
3485	40.4
3486	85.1
3487	1.1
3488	41.8
3489	94.1
3490	93.4
3491	84.2
3492	72.1
3493	57.6
3494	80.7
3495	81.6
3496	40.4
3497	52.8
3498	47.8
3499	79
3500	66
3501	50
3502	54.3
3503	69.7
3504	75
3505	75.1
3506	80
3507	76.2
3508	83.3
3509	50
3510	83.6
3511	81.4
3512	81.2
3513	57.3
3514	81.3
3515	85
3516	80.2
3517	72.3
3518	74.8
3519	79.3
3520	82.4
3521	81.7
3522	89.6
3523	77.3
3524	74.6
3525	75.3
3526	43.5
3527	75.1
3528	79.3
3529	68.5
3530	66.5
3531	81.2
3532	59.4
3533	83.4
3534	80.1
3535	73.2
3536	67.8
3537	27.2
3538	69.7
3539	66.9
3540	67.4
3541	68.9
3542	72.4
3543	66.2
3544	59.1
3545	68.2
3546	60.8
3547	53.7
3548	73.6
3549	64
3550	57.7
3551	60.8
3552	52.9
3553	56.2
3554	60.9
3555	70.4
3556	58
3557	30.9
3558	68.7
3559	26.4
3560	67.6
3561	54.1
3562	41.5
3563	65.6
3564	41.4
3565	48.1
3566	50.3
3567	63.9
3568	72.6
3569	79.9
3570	73.2
3571	75.9
3572	46.9
3573	76.4
3574	53.5
3575	57.4
3576	76.5
3577	70.9
3578	65.2
3579	38.9
3580	39.7
3581	41.4
3582	61.9
3583	35.5
3584	75.1
3585	47
3586	75.2
3587	40
3588	47.7
3589	37.2
3590	37
3591	46.1
3592	39.7
3593	42.7
3594	40.5
