"COMID"	"Value"
1	65
2	49.9
3	82.1
4	59.6
5	65.6
6	9.3
7	72.6
8	61.6
9	20
10	3.2
11	65
12	15.9
13	1.8
14	97.6
15	65.4
16	48.8
17	46.6
18	59.5
19	72.1
20	70.9
21	83.2
22	91.5
23	0.6
24	7.7
25	77
26	47.6
27	62.5
28	64.8
29	30.2
30	36.7
31	69.4
32	57
33	91.5
34	5.5
35	60.7
36	29.1
37	91.1
38	2.4
39	6.7
40	54.7
41	95
42	81.1
43	54.9
44	72.7
45	45.9
46	2.8
47	22.7
48	90
49	80.5
50	21.2
51	6.4
52	5.8
53	33.3
54	80.1
55	80.9
56	61.3
57	54.3
58	4.9
59	69.7
60	6.1
61	17.7
62	17.4
63	63.7
64	74
65	8.8
66	25.8
67	87.6
68	22.1
69	47
70	13.3
71	4
72	92.3
73	7.1
74	58.8
75	16.7
76	14.5
77	18.6
78	43.5
79	73.1
80	7.6
81	60.4
82	9.6
83	93.7
84	1
85	87.3
86	31.7
87	6.4
88	8.7
89	28.6
90	73.9
91	37.1
92	77.7
93	76.8
94	24.1
95	73.9
96	5.7
97	71.6
98	0.2
99	30.4
100	76.6
101	49.7
102	83.8
103	6.2
104	16.3
105	13.4
106	73.3
107	59.7
108	0.8
109	6.1
110	4.5
111	2.5
112	71.9
113	6.9
114	68.5
115	81.7
116	34.2
117	83.4
118	92
119	0.5
120	85.5
121	4.4
122	70.9
123	3.5
124	81.6
125	54.9
126	80.3
127	36.9
128	91.6
129	9.8
130	28.3
131	11.3
132	1.5
133	86.4
134	55.8
135	91.6
136	43
137	91.2
138	4.6
139	4.6
140	74.1
141	94.3
142	3.5
143	0.7
144	85.6
145	1.1
146	80.7
147	63
148	91.1
149	91.3
150	90.1
151	26.2
152	85.2
153	4
154	89
155	4.6
156	35.8
157	87.9
158	6
159	19.4
160	72.8
161	25.6
162	1.6
163	4.8
164	16.2
165	0.3
166	1.5
167	93
168	1.1
169	94.9
170	63
171	40.8
172	11.7
173	26.5
174	3.4
175	6.5
176	85.3
177	23.3
178	80.8
179	92.2
180	2
181	2.5
182	58.7
183	13.9
184	1.3
185	1.9
186	54.2
187	71.6
188	1.2
189	1.3
190	47.7
191	1.2
192	86.1
193	11.7
194	66.4
195	18.6
196	1.4
197	27.9
198	1
199	95.6
200	1.3
201	1
202	7.5
203	1.6
204	1.3
205	4.8
206	35.7
207	24.5
208	70.3
209	98.8
210	48.8
211	68.7
212	83.2
213	96.3
214	1.7
215	89.3
216	85.4
217	18.1
218	55.1
219	63.9
220	1.6
221	2.1
222	83.8
223	65.5
224	3.9
225	71.6
226	86.1
227	9.6
228	80.9
229	0.4
230	22
231	33.3
232	87.6
233	71.5
234	2.2
235	10.4
236	84.5
237	8.8
238	78.3
239	73.4
240	64
241	78.5
242	0.9
243	0.4
244	70.7
245	71.8
246	63.4
247	5.8
248	2.9
249	2
250	70.7
251	78.9
252	79.7
253	77
254	1.1
255	0.4
256	26.1
257	0.8
258	23.1
259	7.2
260	2
261	66.1
262	79.7
263	11.7
264	0.3
265	0.3
266	60.4
267	74.5
268	67.2
269	80.8
270	0.2
271	44.9
272	74.6
273	64.9
274	0.8
275	81.3
276	2.1
277	0.6
278	82.3
279	0.5
280	80.8
281	79.6
282	66.1
283	0.9
284	26.4
285	1
286	84.8
287	78.9
288	17.1
289	6.5
290	0.4
291	48.7
292	24.7
293	0.5
294	75.1
295	0.4
296	49.3
297	73.5
298	0.1
299	14
300	72.9
301	0.8
302	75.7
303	60.4
304	24.1
305	66.9
306	28.5
307	72.6
308	21.8
309	10.3
310	70
311	60.8
312	71.2
313	67
314	23.6
315	2
316	3.8
317	0.5
318	35.4
319	1.3
320	69.6
321	0.7
322	61.4
323	57.7
324	11.7
325	1.5
326	68.3
327	11.1
328	10.3
329	0.6
330	0.7
331	4
332	0.7
333	0.8
334	4.7
335	7.3
336	0.7
337	2.1
338	0.7
339	13.8
340	7.7
341	0.6
342	0.3
343	1.4
344	9.2
345	13.2
346	3.3
347	1.3
348	24.6
349	12.9
350	1
351	2.9
352	1.4
353	22.7
354	7.7
355	1.4
356	1.6
357	1.3
358	6.3
359	0.5
360	5.8
361	0.9
362	4.9
363	3.5
364	0.4
365	7.6
366	24.4
367	0.3
368	68.5
369	0.1
370	19.9
371	0.6
372	1.7
373	27.9
374	0.3
375	85.1
376	1.1
377	22.4
378	34.8
379	0.5
380	25.5
381	0.1
382	0.6
383	25.4
384	0.9
385	1.3
386	0.2
387	68.9
388	6.3
389	9
390	57
391	5.6
392	16
393	1
394	13.1
395	0.7
396	2.3
397	1.3
398	2.1
399	9.8
400	5.3
401	42.5
402	1
403	2.8
404	0.5
405	4.6
406	83.7
407	7.8
408	0.6
409	0.8
410	63
411	47.7
412	2.5
413	84
414	0.6
415	2.4
416	0.4
417	1
418	0.9
419	42.4
420	0.8
421	8.1
422	3.6
423	36.8
424	82.9
425	47.6
426	1.5
427	73.9
428	84.8
429	43
430	70.6
431	4.3
432	11.3
433	44.1
434	21.4
435	2.8
436	27.8
437	18.5
438	59.2
439	1.3
440	23.5
441	74.8
442	7.6
443	81.2
444	15.1
445	68.3
446	2.5
447	69
448	61.8
449	1.1
450	49.6
451	2.9
452	73.7
453	2.4
454	6.3
455	73.2
456	6.9
457	39.2
458	80
459	80.6
460	22
461	88.8
462	66.9
463	13.4
464	13
465	67.4
466	6.2
467	70.1
468	1.2
469	46.8
470	3.1
471	10.6
472	21.3
473	63.6
474	1.3
475	13.3
476	0.5
477	71.7
478	0.6
479	53.2
480	27.5
481	3.2
482	1.7
483	37.9
484	3.5
485	28.6
486	8.6
487	56.1
488	9
489	2.4
490	9.2
491	73.8
492	32.2
493	2.9
494	94.8
495	7.3
496	1.2
497	59
498	59.1
499	3
500	40.4
501	52.9
502	92.1
503	1.4
504	4.2
505	16.6
506	52.2
507	42.1
508	24
509	44.4
510	52.9
511	83
512	88.8
513	0.8
514	31.6
515	1.6
516	7.7
517	54.8
518	18.2
519	32.2
520	17.7
521	53.4
522	4.4
523	1
524	54.6
525	53.7
526	38.4
527	53.6
528	0.9
529	2.8
530	75
531	42
532	75.9
533	53.7
534	46.1
535	85
536	53.8
537	13.7
538	5
539	19
540	1.9
541	62.7
542	38.4
543	51.9
544	3.6
545	19.2
546	57.9
547	1.1
548	18
549	28.7
550	14.8
551	54.2
552	1.1
553	6.5
554	2.4
555	0.7
556	1.1
557	28.2
558	21.2
559	75.2
560	47.7
561	19.8
562	41
563	2.4
564	27.9
565	74.3
566	36.4
567	1.6
568	42
569	47.6
570	1.4
571	18.3
572	35.9
573	23.1
574	1.1
575	0.9
576	15.7
577	6.3
578	71.5
579	85.3
580	33.1
581	6.3
582	1.1
583	1
584	1
585	17.4
586	1.1
587	39.9
588	1.1
589	40.5
590	1.7
591	1.1
592	101.2
593	31.5
594	55.5
595	1.1
596	2.6
597	1.1
598	6
599	47
600	51.4
601	14.6
602	1.5
603	55.3
604	1.1
605	3.9
606	1.1
607	3.1
608	35.6
609	9.1
610	2.1
611	1.9
612	9.3
613	0.3
614	69.7
615	0.7
616	6
617	64.6
618	47.8
619	84.3
620	70.7
621	1.1
622	82.3
623	85.9
624	73.9
625	4.2
626	9.1
627	55.8
628	15.7
629	72.7
630	70.9
631	4.5
632	53.6
633	52.2
634	0.3
635	89.7
636	71
637	75.7
638	6
639	46
640	1.1
641	71.7
642	4.8
643	80.5
644	17
645	50.6
646	53.3
647	5.1
648	63.8
649	73.2
650	6
651	71
652	22.9
653	0.5
654	6.3
655	1.7
656	32.7
657	83.2
658	9.7
659	82.3
660	24.9
661	6.5
662	48.8
663	78.7
664	6
665	7.1
666	5.8
667	14.6
668	61.9
669	19.2
670	5.9
671	5.9
672	6.6
673	45.4
674	1.6
675	77.4
676	70.1
677	65.8
678	60.8
679	19.1
680	0.7
681	64.9
682	65.8
683	78
684	78
685	6.7
686	71.3
687	3.3
688	86.5
689	6.9
690	54.8
691	7.3
692	70.7
693	50.8
694	0.8
695	6.1
696	70.3
697	14.8
698	81.6
699	56.8
700	73.8
701	4.7
702	82.7
703	79.7
704	51.9
705	78.7
706	43.7
707	73.2
708	82.2
709	84
710	73
711	0.7
712	39.8
713	70.7
714	24.2
715	63.8
716	12.5
717	55.5
718	75.4
719	67.2
720	77.7
721	6.4
722	83.6
723	89.5
724	72.9
725	6.7
726	5.8
727	2.2
728	83
729	4.7
730	72.1
731	52.1
732	1.2
733	68.3
734	73.2
735	42.5
736	39.2
737	60.6
738	66.5
739	70.5
740	74
741	74.7
742	59.2
743	79.3
744	1.8
745	3.2
746	80.2
747	68.1
748	1.4
749	90.2
750	19.5
751	61.3
752	73.3
753	81.7
754	77.7
755	69.8
756	48.4
757	66.7
758	65.6
759	6.6
760	68.7
761	8.7
762	65.7
763	73.2
764	72.5
765	90.9
766	3.8
767	69.9
768	67.2
769	95.3
770	65.7
771	59.9
772	65
773	44.1
774	59.7
775	5.9
776	50.7
777	70.8
778	54.7
779	1.9
780	95.2
781	72.7
782	91
783	102.4
784	96.4
785	101.7
786	101.6
787	100.3
788	76
789	80.3
790	103.7
791	98.3
792	104.3
793	101.9
794	103.6
795	95.4
796	91.2
797	98
798	85.2
799	101.8
800	104.4
801	97.6
802	93.5
803	103.6
804	74.6
805	87
806	99
807	65.2
808	92.8
809	96.5
810	106.2
811	84.4
812	104.9
813	97.6
814	92.5
815	97.1
816	88.1
817	72.7
818	102.1
819	105.4
820	87.6
821	81
822	90.7
823	87.5
824	105.5
825	76
826	96.2
827	98.4
828	95.4
829	80.4
830	98.3
831	83.2
832	98.8
833	82.9
834	90.4
835	89.7
836	100.5
837	64.1
838	85.4
839	86.7
840	93
841	85.8
842	85.4
843	44.2
844	88.8
845	85.1
846	87.3
847	91.2
848	83.5
849	81.9
850	102.5
851	101
852	80.6
853	96.7
854	96.6
855	94.5
856	84
857	84.3
858	99.9
859	81.2
860	83.5
861	97.8
862	23.7
863	95.8
864	82
865	95.9
866	82.7
867	75.9
868	95.5
869	81.3
870	62.4
871	82
872	81.7
873	29.7
874	91.6
875	89.6
876	84.3
877	93.7
878	91.7
879	96.1
880	85.4
881	85.4
882	90.8
883	71
884	93.5
885	93.9
886	17
887	85.1
888	87.3
889	92.9
890	86.5
891	88.3
892	87.1
893	90.3
894	19.8
895	93
896	94.6
897	86.4
898	82.2
899	93.6
900	94.7
901	91.8
902	94.6
903	94.2
904	96
905	89.8
906	90.9
907	96.6
908	85
909	93.6
910	26.7
911	95.8
912	84.3
913	98.6
914	90
915	32.5
916	85.6
917	95.9
918	85.6
919	94.9
920	88.9
921	70.5
922	99
923	45
924	89
925	95
926	93.9
927	96.2
928	95.5
929	89.6
930	94.4
931	94.4
932	109.6
933	91.3
934	30.1
935	88
936	90.5
937	95.2
938	98
939	96.6
940	95.5
941	84.3
942	97.8
943	25.7
944	95.9
945	94.6
946	92.7
947	28.1
948	88.1
949	91.4
950	91.8
951	96.2
952	95.5
953	107.7
954	110.5
955	93
956	89.6
957	99.5
958	106.1
959	97.7
960	93.7
961	93.9
962	92.4
963	89.7
964	17
965	88.7
966	94.5
967	17.6
968	96.5
969	98.5
970	57.3
971	94
972	93.6
973	95.9
974	94.9
975	93.8
976	96.6
977	98.2
978	102.8
979	95.7
980	96.3
981	87.3
982	94.1
983	91.8
984	93.1
985	96.7
986	95.3
987	101.5
988	96.2
989	92.9
990	34.2
991	86.6
992	71.4
993	94
994	92.7
995	97.9
996	88.4
997	94.3
998	103.1
999	93.7
1000	15.9
1001	104.2
1002	94.7
1003	34.9
1004	86.1
1005	102.8
1006	99.2
1007	19.1
1008	102
1009	64.4
1010	98.7
1011	94.4
1012	97
1013	104.2
1014	93.1
1015	104.1
1016	23.5
1017	95.2
1018	105.9
1019	105.7
1020	98.8
1021	94.5
1022	98.5
1023	101.6
1024	95.1
1025	98.4
1026	98.5
1027	91.4
1028	88.4
1029	107.9
1030	105.6
1031	20.7
1032	33.5
1033	109.4
1034	92.8
1035	94.1
1036	94.6
1037	96.2
1038	88.7
1039	102.2
1040	108.7
1041	98.9
1042	108.1
1043	22.2
1044	98.4
1045	111.4
1046	106.9
1047	95.6
1048	96.7
1049	91.4
1050	21
1051	95.1
1052	96.7
1053	109.8
1054	92.8
1055	99.3
1056	93.5
1057	99.6
1058	96.6
1059	110.3
1060	96.7
1061	21
1062	98.3
1063	95.8
1064	95.5
1065	94.2
1066	97.7
1067	108.8
1068	108.1
1069	103.8
1070	94.1
1071	94.5
1072	104.9
1073	101.3
1074	97.6
1075	67.9
1076	97.7
1077	109.3
1078	99.3
1079	99.3
1080	106.2
1081	107.7
1082	98.7
1083	110.8
1084	100.4
1085	94.4
1086	93.8
1087	20.3
1088	111
1089	94.4
1090	94.1
1091	97.8
1092	104
1093	104.7
1094	99.2
1095	117.4
1096	117.2
1097	99.2
1098	113.1
1099	68.5
1100	18.6
1101	100.7
1102	94.7
1103	105.8
1104	97.4
1105	114.6
1106	99.3
1107	108.2
1108	98.8
1109	98.1
1110	100.8
1111	105
1112	100.8
1113	96.9
1114	99.9
1115	105.6
1116	100.9
1117	96.1
1118	104
1119	98.9
1120	109.1
1121	99
1122	107.4
1123	108.8
1124	95.1
1125	103.1
1126	99.9
1127	99.8
1128	103.2
1129	97.8
1130	99.9
1131	104.4
1132	97
1133	103
1134	97.6
1135	96.2
1136	106.5
1137	101.7
1138	100.8
1139	97.7
1140	95.3
1141	111.8
1142	99
1143	100.3
1144	112.6
1145	103.3
1146	103.6
1147	103.2
1148	95
1149	105.4
1150	95.9
1151	106.7
1152	102
1153	97.4
1154	16.6
1155	99.3
1156	90.6
1157	99
1158	101.8
1159	73.8
1160	115.2
1161	100.8
1162	109.1
1163	107.7
1164	96.8
1165	96.7
1166	99.1
1167	94.2
1168	95.6
1169	99.1
1170	93.6
1171	107.8
1172	84.6
1173	102.6
1174	91.1
1175	101.4
1176	62.6
1177	93.5
1178	108.3
1179	101.3
1180	100.1
1181	109
1182	111.8
1183	98.1
1184	96
1185	99.8
1186	95.5
1187	97.1
1188	107.8
1189	112.9
1190	103.1
1191	95.6
1192	105.8
1193	98.7
1194	109
1195	96.2
1196	102.2
1197	95.1
1198	109.5
1199	102.1
1200	26.8
1201	110.2
1202	106.2
1203	95
1204	98.9
1205	112
1206	96.2
1207	103.9
1208	109.5
1209	106.2
1210	99.2
1211	97.9
1212	95.6
1213	80.9
1214	93.1
1215	109.6
1216	98.3
1217	105.4
1218	106.5
1219	105.4
1220	97.2
1221	107.6
1222	108.6
1223	105.9
1224	103.9
1225	96.9
1226	95.5
1227	104.4
1228	103.4
1229	113
1230	96.6
1231	101.5
1232	101.7
1233	109.5
1234	109.8
1235	107.3
1236	107.2
1237	89.2
1238	99.9
1239	107.1
1240	104.4
1241	92.5
1242	101.8
1243	108.3
1244	108.8
1245	91.5
1246	95.3
1247	73.2
1248	37.9
1249	104.4
1250	100.1
1251	108.7
1252	97.3
1253	111
1254	105.4
1255	99.3
1256	99.6
1257	103.3
1258	99.8
1259	106.7
1260	103.6
1261	102.1
1262	111.8
1263	106.4
1264	103.9
1265	104.7
1266	96.8
1267	99.9
1268	104.4
1269	40.7
1270	98.9
1271	115
1272	102.5
1273	100.3
1274	96.8
1275	111.8
1276	101.5
1277	101.9
1278	93.1
1279	30.9
1280	108
1281	102.3
1282	105.4
1283	102.9
1284	47
1285	100.8
1286	104
1287	104.7
1288	99.9
1289	103.7
1290	113.2
1291	106.4
1292	108.9
1293	25.3
1294	105.1
1295	105.3
1296	112.8
1297	47.7
1298	96.9
1299	113.1
1300	102.6
1301	103.7
1302	108.2
1303	109
1304	49.7
1305	105.5
1306	100.2
1307	105.4
1308	117
1309	102
1310	99
1311	103.5
1312	89.2
1313	105.2
1314	105.8
1315	103.6
1316	106.2
1317	102
1318	109.5
1319	102.1
1320	98.8
1321	106.9
1322	103.8
1323	104.4
1324	105.4
1325	104
1326	105.3
1327	105.7
1328	100.2
1329	48.6
1330	108.7
1331	99.1
1332	25.3
1333	69.3
1334	102
1335	112.1
1336	105.4
1337	108.8
1338	106.8
1339	111.5
1340	100.5
1341	104.3
1342	103.1
1343	102.3
1344	105.3
1345	114.1
1346	107.3
1347	100.1
1348	96.5
1349	105.8
1350	97.9
1351	96.8
1352	44.8
1353	103.4
1354	106.7
1355	97.7
1356	38.2
1357	81.5
1358	102.6
1359	105.3
1360	109
1361	108.3
1362	104.7
1363	107.7
1364	118.3
1365	106.4
1366	106.6
1367	107.4
1368	98.5
1369	103.1
1370	109.2
1371	106.4
1372	101.9
1373	100.2
1374	114.9
1375	105
1376	46.1
1377	109.2
1378	112.5
1379	114.9
1380	105
1381	107.7
1382	102.4
1383	110.7
1384	105.1
1385	42.4
1386	100.8
1387	108.1
1388	108
1389	104
1390	99.7
1391	108.4
1392	105.6
1393	108.5
1394	107.5
1395	105.6
1396	105.6
1397	106
1398	108.9
1399	105.1
1400	83.1
1401	108.4
1402	109.6
1403	105.2
1404	109.6
1405	112.2
1406	112.3
1407	107.4
1408	104.7
1409	110.4
1410	99.8
1411	92.7
1412	112.7
1413	106.7
1414	102
1415	112.8
1416	104.6
1417	104.3
1418	105.8
1419	114.4
1420	107.4
1421	121
1422	116.3
1423	67.7
1424	106.4
1425	102
1426	94.4
1427	101
1428	125.2
1429	116.9
1430	99.3
1431	108.6
1432	113.5
1433	104.5
1434	110.1
1435	100.9
1436	107.1
1437	112.8
1438	105.4
1439	103.3
1440	105.6
1441	103.5
1442	107.2
1443	90.1
1444	117.4
1445	105.4
1446	112.4
1447	109.5
1448	100
1449	106.4
1450	110.8
1451	108.2
1452	110.4
1453	110.2
1454	65.2
1455	116.1
1456	107.3
1457	108.8
1458	104.7
1459	108.5
1460	119.5
1461	105.8
1462	94.4
1463	106.3
1464	107.5
1465	115.7
1466	107.1
1467	106.2
1468	98.8
1469	103.5
1470	109.8
1471	101.1
1472	102.1
1473	109.2
1474	120.1
1475	100.8
1476	101.4
1477	117
1478	107.1
1479	110.3
1480	100.6
1481	104.4
1482	106.6
1483	107.5
1484	110
1485	65.2
1486	114
1487	108.9
1488	108.8
1489	103.2
1490	114.6
1491	82.7
1492	107.6
1493	109
1494	105
1495	111.3
1496	105.4
1497	108.5
1498	111.4
1499	103.7
1500	121.6
1501	107
1502	107.3
1503	107.4
1504	114.5
1505	109.2
1506	98.6
1507	109.8
1508	119.2
1509	65.6
1510	118.4
1511	112.6
1512	105.7
1513	103.1
1514	109.2
1515	116.4
1516	105.7
1517	100.7
1518	110.3
1519	110.1
1520	115.7
1521	108.1
1522	118.1
1523	109
1524	117.7
1525	118.6
1526	111.6
1527	110.5
1528	104.8
1529	111.4
1530	104.1
1531	107.6
1532	121
1533	113.2
1534	108.7
1535	45.1
1536	109.2
1537	109.6
1538	58.3
1539	119.3
1540	120.7
1541	109.8
1542	119.1
1543	108.5
1544	107.1
1545	104.2
1546	54.2
1547	92.8
1548	96.7
1549	99.2
1550	103.8
1551	117.8
1552	114.4
1553	107.4
1554	78
1555	105.5
1556	115.6
1557	116.8
1558	113.7
1559	108.5
1560	126.3
1561	103.5
1562	121.1
1563	125.2
1564	95
1565	85.5
1566	124
1567	107.3
1568	109.3
1569	108.6
1570	104.8
1571	98.5
1572	112.3
1573	114.7
1574	126.6
1575	100.2
1576	113.7
1577	119.7
1578	108.9
1579	110.6
1580	107.1
1581	106.8
1582	119.8
1583	118.3
1584	50.5
1585	113.6
1586	107.4
1587	123.1
1588	106.2
1589	118.7
1590	109.6
1591	103.7
1592	109.3
1593	127.2
1594	111.4
1595	110.9
1596	112.7
1597	100.5
1598	105
1599	116.2
1600	124
1601	69
1602	114.2
1603	119.7
1604	110.9
1605	127.5
1606	109.9
1607	113.1
1608	119.4
1609	110.4
1610	118.7
1611	127.5
1612	107.5
1613	117.2
1614	115.6
1615	114.1
1616	107.5
1617	111.5
1618	99.2
1619	119.1
1620	111.4
1621	109.2
1622	124
1623	114.1
1624	112
1625	97.4
1626	121.7
1627	130.3
1628	95.6
1629	113.8
1630	122.4
1631	76.5
1632	114.3
1633	104.6
1634	112
1635	114.5
1636	117.2
1637	121.5
1638	91.7
1639	107
1640	108
1641	101.2
1642	114.5
1643	100.9
1644	121.1
1645	113.2
1646	110.4
1647	110.3
1648	115.6
1649	120.2
1650	103.7
1651	114.5
1652	100.4
1653	100.7
1654	118.2
1655	114
1656	125.3
1657	113
1658	124.6
1659	107.1
1660	101.3
1661	128.4
1662	132.2
1663	104.5
1664	114.9
1665	94.1
1666	125.4
1667	118.9
1668	103.8
1669	116.9
1670	133.6
1671	118.5
1672	115.5
1673	114.4
1674	116.8
1675	104.7
1676	125.4
1677	132.2
1678	99.8
1679	120.7
1680	117.9
1681	115.5
1682	93.6
1683	112.3
1684	97.5
1685	108.7
1686	70.7
1687	115.4
1688	100
1689	118.1
1690	118.4
1691	134
1692	113
1693	130.8
1694	113.1
1695	114.1
1696	130.1
1697	117.9
1698	94.9
1699	113.5
1700	82
1701	113.4
1702	121.8
1703	117.1
1704	126.4
1705	107.9
1706	111.7
1707	89.7
1708	91.3
1709	96.9
1710	121.5
1711	112.3
1712	124.5
1713	108.2
1714	118.3
1715	112.9
1716	110.7
1717	105.2
1718	131.7
1719	73.6
1720	118.2
1721	120.6
1722	111.8
1723	116.1
1724	111.7
1725	117.1
1726	114.6
1727	121.8
1728	118.3
1729	134
1730	106
1731	118
1732	109.4
1733	103.4
1734	132.4
1735	111
1736	93.2
1737	102.3
1738	110.9
1739	104.4
1740	127.8
1741	132.7
1742	109.3
1743	111.8
1744	117.8
1745	114.3
1746	121.2
1747	118.8
1748	120
1749	82.6
1750	66.2
1751	116.4
1752	116.3
1753	119.9
1754	113.9
1755	116.1
1756	107.6
1757	115.9
1758	125.2
1759	112.6
1760	104.2
1761	117.1
1762	92.9
1763	111.3
1764	108.9
1765	113.9
1766	117.8
1767	118.8
1768	134.4
1769	115
1770	116
1771	97
1772	128.9
1773	115.7
1774	112
1775	70.2
1776	116
1777	118.7
1778	109.7
1779	111.6
1780	99.9
1781	117.8
1782	118.8
1783	111.5
1784	118.9
1785	105
1786	123.7
1787	120.6
1788	121.4
1789	114.5
1790	106.9
1791	86.4
1792	109.4
1793	109.3
1794	80.5
1795	103.9
1796	114.5
1797	119.1
1798	108.7
1799	118.9
1800	101.8
1801	127.4
1802	106.9
1803	134.2
1804	122.6
1805	113.9
1806	119.7
1807	117.1
1808	117.6
1809	115.3
1810	130.3
1811	113.9
1812	116.6
1813	133
1814	111.3
1815	113.4
1816	120.6
1817	107.8
1818	123.4
1819	125.2
1820	135.8
1821	109.6
1822	113.8
1823	119
1824	124.6
1825	136.2
1826	111.8
1827	112.3
1828	115.9
1829	110.9
1830	128.6
1831	109.2
1832	125.7
1833	103.4
1834	124.5
1835	111.8
1836	118.8
1837	69.9
1838	122.1
1839	137.8
1840	103.5
1841	99.5
1842	100.6
1843	139.6
1844	121.1
1845	112.5
1846	67.6
1847	105.7
1848	128.2
1849	134.7
1850	129.4
1851	104.1
1852	111.5
1853	120.2
1854	114.1
1855	118.4
1856	101.9
1857	115.1
1858	121.8
1859	107.9
1860	97.3
1861	114.4
1862	105.8
1863	115.9
1864	116.7
1865	106.8
1866	135.1
1867	120.1
1868	111.6
1869	106.1
1870	76.3
1871	114.3
1872	105.7
1873	108.3
1874	134.1
1875	123.5
1876	105.9
1877	116.8
1878	112.8
1879	134.4
1880	128.2
1881	123.4
1882	116.9
1883	136.3
1884	113.5
1885	116
1886	100.4
1887	117.6
1888	125.9
1889	126.9
1890	127.7
1891	72.5
1892	123.6
1893	116.6
1894	115.1
1895	116.7
1896	114.4
1897	108.1
1898	131.8
1899	112.1
1900	115.9
1901	129.5
1902	110.9
1903	129.8
1904	114.2
1905	118
1906	117.1
1907	64.9
1908	92.7
1909	61.5
1910	58.6
1911	122.9
1912	114.6
1913	114.9
1914	110.3
1915	114.3
1916	109.5
1917	120.9
1918	81.8
1919	117.8
1920	114.5
1921	129.8
1922	115.9
1923	121.5
1924	115.3
1925	120.7
1926	110.7
1927	136.9
1928	111.5
1929	59.6
1930	114.6
1931	66
1932	84.9
1933	117.1
1934	114.3
1935	120.1
1936	131.8
1937	98.2
1938	103.7
1939	124.3
1940	114
1941	114.2
1942	111.9
1943	103.4
1944	130.8
1945	63
1946	114.1
1947	114.4
1948	58.5
1949	104
1950	1.1
1951	120.5
1952	62.4
1953	66.4
1954	116.8
1955	115.3
1956	118.3
1957	130.3
1958	116.8
1959	88.6
1960	118.6
1961	106.3
1962	108.6
1963	98.3
1964	111
1965	129.7
1966	1.1
1967	59.2
1968	116.8
1969	111
1970	123
1971	130.8
1972	111.9
1973	101.6
1974	115.7
1975	71.2
1976	108
1977	69.6
1978	124
1979	1.1
1980	110
1981	113.1
1982	1.1
1983	125.6
1984	127.1
1985	72.8
1986	114.1
1987	124.1
1988	57.4
1989	1.1
1990	1.1
1991	111.1
1992	113.1
1993	77.2
1994	129.2
1995	121.6
1996	103.8
1997	94.7
1998	130
1999	115.7
2000	90.6
2001	112.9
2002	105.1
2003	98.7
2004	100.8
2005	106.6
2006	92.4
2007	127.3
2008	66.2
2009	117.2
2010	98.7
2011	1.1
2012	107.2
2013	109.7
2014	1.1
2015	96.1
2016	108.5
2017	110.6
2018	102.9
2019	103.8
2020	109.6
2021	93.4
2022	104.8
2023	60.7
2024	1.1
2025	130.2
2026	103.1
2027	67.8
2028	127.4
2029	107.2
2030	118
2031	102.7
2032	77.4
2033	120.7
2034	110.8
2035	69.9
2036	1.1
2037	109.3
2038	1.1
2039	102.9
2040	107.5
2041	1.1
2042	75.2
2043	107.7
2044	127.7
2045	108.2
2046	101.1
2047	85.2
2048	103.3
2049	113.7
2050	121
2051	62.7
2052	122
2053	80.8
2054	81.3
2055	103.3
2056	107.7
2057	97.6
2058	1.1
2059	99.1
2060	101.8
2061	78.1
2062	128.7
2063	101.8
2064	71.1
2065	109.3
2066	111.8
2067	88.7
2068	111
2069	113
2070	106.3
2071	98.8
2072	112.7
2073	104.2
2074	121.4
2075	113.4
2076	1.1
2077	96.3
2078	113.3
2079	108.8
2080	101.9
2081	118.1
2082	118.1
2083	64.2
2084	102.5
2085	112.7
2086	84.8
2087	101.6
2088	128.7
2089	98.4
2090	122.1
2091	77.4
2092	100.3
2093	110.8
2094	99.3
2095	62.5
2096	112.3
2097	88.1
2098	91.9
2099	109.1
2100	106.4
2101	108.2
2102	104.6
2103	96.5
2104	85.9
2105	116
2106	98.6
2107	105.4
2108	96
2109	104.5
2110	112.4
2111	92.8
2112	1.1
2113	99.6
2114	103.3
2115	99.3
2116	97.1
2117	97.5
2118	106.8
2119	69.4
2120	108
2121	75.1
2122	105.1
2123	114.7
2124	98
2125	85.6
2126	115.4
2127	76
2128	104.9
2129	83.7
2130	115.3
2131	100.5
2132	113.2
2133	104.6
2134	116.3
2135	51
2136	113.3
2137	74.4
2138	70.8
2139	88.6
2140	88
2141	98.9
2142	88.6
2143	101.3
2144	108.8
2145	89.8
2146	64.8
2147	64.2
2148	104.7
2149	112.4
2150	89.4
2151	102.6
2152	113.8
2153	120.6
2154	110.2
2155	91.8
2156	83.5
2157	108.5
2158	71.2
2159	68.7
2160	122.8
2161	86.6
2162	119.9
2163	85.4
2164	100.6
2165	78.4
2166	97.7
2167	101.7
2168	116.6
2169	105.6
2170	88.7
2171	119.1
2172	95.3
2173	100.6
2174	88.7
2175	49
2176	112.5
2177	117.2
2178	86.8
2179	110.6
2180	77.1
2181	112.1
2182	113.5
2183	98
2184	99.9
2185	83
2186	51.7
2187	66.7
2188	90.6
2189	96.3
2190	78
2191	111.5
2192	83.2
2193	94.5
2194	107.9
2195	66.7
2196	103.5
2197	99.7
2198	80.4
2199	120.5
2200	92
2201	47.7
2202	64.2
2203	111.1
2204	101
2205	119.2
2206	90.3
2207	69.2
2208	64.1
2209	111.8
2210	118.7
2211	115.6
2212	70.8
2213	114.2
2214	93.6
2215	84.9
2216	66.4
2217	98.8
2218	92
2219	100.1
2220	55.8
2221	78.2
2222	117.5
2223	88.3
2224	119
2225	99
2226	67.4
2227	112.5
2228	112.5
2229	116.8
2230	68
2231	83.1
2232	97.9
2233	99.2
2234	94.8
2235	108.5
2236	98.6
2237	112.7
2238	111.5
2239	71.1
2240	120.4
2241	96.6
2242	106.2
2243	111.7
2244	112.6
2245	99.6
2246	91.8
2247	106
2248	116.8
2249	91.6
2250	91.9
2251	47.8
2252	114.8
2253	105.1
2254	67.7
2255	101.4
2256	86.3
2257	68.9
2258	93.4
2259	118
2260	100.4
2261	96.2
2262	94.1
2263	115.6
2264	107.7
2265	117.9
2266	115.8
2267	116.6
2268	98.2
2269	80.2
2270	117.7
2271	74.9
2272	112.2
2273	76.9
2274	107.6
2275	110.2
2276	82.7
2277	117.2
2278	122.4
2279	92.2
2280	106
2281	123.4
2282	113.9
2283	83.6
2284	122.9
2285	119.5
2286	105.2
2287	65.6
2288	78.6
2289	110.8
2290	116.4
2291	104
2292	122.6
2293	69.7
2294	87
2295	111.9
2296	113.6
2297	106.7
2298	93.1
2299	53.1
2300	99.9
2301	126.1
2302	121.7
2303	120
2304	122.4
2305	100.7
2306	117.3
2307	122.6
2308	108.7
2309	114.3
2310	114.3
2311	125
2312	129
2313	124.9
2314	119
2315	133.1
2316	95.5
2317	116.8
2318	85.4
2319	91.6
2320	110.1
2321	89.3
2322	123.4
2323	107.1
2324	118
2325	109.6
2326	112.2
2327	104
2328	97.5
2329	107.3
2330	117
2331	128.4
2332	91.7
2333	120
2334	86.1
2335	128.4
2336	113.7
2337	129.1
2338	118.4
2339	81.8
2340	119.7
2341	117.9
2342	116.1
2343	102.2
2344	128.4
2345	116
2346	111.7
2347	103.1
2348	125.7
2349	109.8
2350	117.8
2351	82.3
2352	108
2353	110
2354	133.5
2355	111.2
2356	117.2
2357	134.8
2358	65.3
2359	118.1
2360	110.4
2361	109.2
2362	98.8
2363	114.1
2364	87.8
2365	105.3
2366	123.8
2367	133.2
2368	106.6
2369	86.6
2370	115.4
2371	125.3
2372	103.9
2373	115.7
2374	60.8
2375	128.2
2376	128.2
2377	115.1
2378	111
2379	103.2
2380	105.4
2381	103.3
2382	106.8
2383	133.1
2384	134
2385	67.5
2386	116.8
2387	112.8
2388	109.3
2389	113.7
2390	75.1
2391	100.3
2392	117.7
2393	135.9
2394	118.3
2395	91.3
2396	104.7
2397	131.2
2398	62.9
2399	116.2
2400	133.7
2401	107.2
2402	117.7
2403	101.9
2404	79.2
2405	104.7
2406	99.7
2407	129.3
2408	108.8
2409	114
2410	114.6
2411	120
2412	120.9
2413	127.3
2414	91.8
2415	119.1
2416	105
2417	100.6
2418	111.7
2419	103.4
2420	115.8
2421	139.6
2422	89.6
2423	99.5
2424	116.8
2425	67.3
2426	129.1
2427	116
2428	109.4
2429	139.9
2430	136.1
2431	114.5
2432	111.6
2433	118
2434	79.2
2435	109.8
2436	112
2437	64.6
2438	111.3
2439	111.1
2440	117.3
2441	137.5
2442	98.7
2443	109.5
2444	119.5
2445	112.8
2446	69.7
2447	117.7
2448	130.1
2449	137.5
2450	127.5
2451	111.2
2452	112.4
2453	135.9
2454	121.8
2455	121.7
2456	125.1
2457	125.8
2458	99
2459	115.2
2460	59.3
2461	124.5
2462	107.6
2463	65.1
2464	131.5
2465	139.5
2466	121.3
2467	93.6
2468	108.3
2469	117
2470	125.1
2471	107.3
2472	118.5
2473	69.9
2474	109.8
2475	98.7
2476	142
2477	114.7
2478	115.2
2479	140.6
2480	114
2481	94.8
2482	54.1
2483	141.9
2484	125.5
2485	109.9
2486	117
2487	128.6
2488	108.2
2489	131.4
2490	120.6
2491	64.4
2492	123
2493	136.7
2494	113.7
2495	116
2496	62.5
2497	96.2
2498	115.2
2499	55.2
2500	131.9
2501	114.1
2502	119
2503	124.1
2504	96.7
2505	122
2506	111.9
2507	126.4
2508	114.1
2509	140.2
2510	111.2
2511	4.6
2512	119.8
2513	110.8
2514	120.5
2515	120.4
2516	111.2
2517	65.3
2518	82.7
2519	117
2520	130
2521	120.2
2522	4.6
2523	76.8
2524	130.5
2525	81.5
2526	118.4
2527	115.2
2528	111.5
2529	113.4
2530	100.2
2531	100.2
2532	100.7
2533	123.7
2534	98.2
2535	110.3
2536	123.7
2537	92.5
2538	4.6
2539	134.7
2540	129.2
2541	129.8
2542	119.5
2543	115.2
2544	102
2545	121.7
2546	107.6
2547	118.7
2548	124.6
2549	122
2550	135
2551	80.7
2552	134.9
2553	105.3
2554	122.9
2555	103.8
2556	111.2
2557	105.5
2558	111.9
2559	101.9
2560	4.6
2561	102
2562	134.2
2563	122
2564	122.5
2565	129.8
2566	72.4
2567	123
2568	4.6
2569	116.9
2570	78.6
2571	80.3
2572	129
2573	83
2574	116.1
2575	88.7
2576	114.7
2577	103.5
2578	108.3
2579	112.5
2580	128.5
2581	123.3
2582	130.5
2583	125.7
2584	134
2585	4.6
2586	126.5
2587	108.3
2588	118.6
2589	106.9
2590	106.3
2591	105.8
2592	106.3
2593	104.9
2594	71.4
2595	135.8
2596	4.6
2597	105.7
2598	131.1
2599	117
2600	104.9
2601	103.9
2602	126.1
2603	103.2
2604	132.6
2605	121.3
2606	117.1
2607	4.6
2608	100.4
2609	125.4
2610	78.6
2611	126.3
2612	104.8
2613	105.6
2614	130.4
2615	89.7
2616	126.2
2617	4.6
2618	122.5
2619	137.2
2620	124.4
2621	66
2622	103.4
2623	4.6
2624	104.6
2625	132.2
2626	56.2
2627	120.3
2628	93.1
2629	129.4
2630	110.7
2631	104.5
2632	4.6
2633	103.7
2634	105.5
2635	101.7
2636	122.9
2637	132.6
2638	125.9
2639	103.2
2640	93.7
2641	126.7
2642	4.6
2643	132.6
2644	123.2
2645	127.4
2646	96.5
2647	67.2
2648	116
2649	131.6
2650	4.6
2651	123.7
2652	135.2
2653	110.9
2654	117.7
2655	97.5
2656	119.5
2657	71.3
2658	103.1
2659	112.6
2660	4.6
2661	136.7
2662	124.1
2663	130.7
2664	104.1
2665	134.6
2666	129.2
2667	64.8
2668	136.2
2669	109.1
2670	125
2671	109.5
2672	114
2673	66.6
2674	68.4
2675	122.6
2676	49.7
2677	129.4
2678	118
2679	122.7
2680	139.2
2681	140.6
2682	139
2683	104.2
2684	109.8
2685	107.8
2686	117.9
2687	115.8
2688	131
2689	137.4
2690	121.9
2691	138.2
2692	40.8
2693	126.8
2694	124.6
2695	124.8
2696	112.7
2697	118.2
2698	124.8
2699	84.7
2700	110.6
2701	51.4
2702	128.3
2703	105.9
2704	62.8
2705	101.6
2706	131.1
2707	79.7
2708	126.9
2709	107.4
2710	125.7
2711	132.5
2712	105.3
2713	108.3
2714	121.3
2715	100.8
2716	120.6
2717	131.2
2718	103
2719	121.4
2720	127.6
2721	97.5
2722	138.3
2723	114.3
2724	90.8
2725	121.1
2726	104.1
2727	112.3
2728	104.2
2729	111.7
2730	136.8
2731	100.1
2732	123.5
2733	126.8
2734	133.1
2735	106.9
2736	70.7
2737	93
2738	116
2739	96.5
2740	130
2741	111.5
2742	113.2
2743	92.6
2744	108.5
2745	65.5
2746	75.3
2747	94.7
2748	115.1
2749	107.4
2750	130.2
2751	91
2752	110.3
2753	106.6
2754	132.5
2755	100.9
2756	93.2
2757	109.9
2758	109.3
2759	94.3
2760	94.5
2761	96.3
2762	104.1
2763	90.7
2764	131.4
2765	129.1
2766	131.8
2767	74.2
2768	106.8
2769	91.4
2770	109
2771	115.9
2772	105.5
2773	49.7
2774	98
2775	132.7
2776	108
2777	131.8
2778	134.9
2779	111.3
2780	42.9
2781	113.8
2782	77.3
2783	122.6
2784	122.3
2785	87
2786	82.1
2787	116.9
2788	95.7
2789	132.2
2790	117
2791	137
2792	137.8
2793	94.7
2794	107.4
2795	91
2796	99
2797	103.2
2798	134.3
2799	116
2800	135.9
2801	130.9
2802	113.2
2803	91.7
2804	50.4
2805	136.2
2806	115.2
2807	107.7
2808	132.9
2809	119.4
2810	73.7
2811	136.7
2812	102
2813	108.5
2814	116.4
2815	135.9
2816	87.8
2817	103.4
2818	93.9
2819	114.2
2820	120.1
2821	134.3
2822	108
2823	112.8
2824	76.5
2825	104.5
2826	79.5
2827	47
2828	105.9
2829	84.3
2830	108.8
2831	130.8
2832	131.5
2833	95.1
2834	99.7
2835	112.9
2836	112.3
2837	129.9
2838	110.9
2839	139.7
2840	123.1
2841	137.6
2842	89.6
2843	99
2844	62.4
2845	101.5
2846	75
2847	131.3
2848	133.9
2849	139.8
2850	134.6
2851	85.7
2852	119.5
2853	112.5
2854	126.5
2855	108
2856	115.4
2857	116.1
2858	94.3
2859	105.7
2860	101
2861	136.5
2862	105.5
2863	62.7
2864	106.7
2865	142.4
2866	132.5
2867	111
2868	72.6
2869	103.5
2870	101.2
2871	134.2
2872	130.5
2873	119.7
2874	91.9
2875	113.1
2876	84
2877	114.8
2878	105.3
2879	64.7
2880	120.4
2881	115.8
2882	143
2883	101.7
2884	108.4
2885	78.8
2886	90.4
2887	67.1
2888	83.5
2889	79.6
2890	87.7
2891	140.9
2892	142.6
2893	105.7
2894	100.5
2895	130
2896	81.2
2897	120.9
2898	106.3
2899	106.2
2900	108
2901	65.3
2902	120.5
2903	128.7
2904	50.2
2905	101.3
2906	137.6
2907	81.7
2908	116.4
2909	143.7
2910	91
2911	118.7
2912	119.9
2913	145
2914	140.4
2915	67
2916	133.4
2917	89.5
2918	108.6
2919	69
2920	68
2921	134.1
2922	91.6
2923	103.6
2924	95.6
2925	136.6
2926	85.5
2927	54.8
2928	104.6
2929	76.4
2930	123.7
2931	124.1
2932	115.6
2933	119.5
2934	55.1
2935	119.4
2936	65.6
2937	89.5
2938	55.8
2939	121.6
2940	62.3
2941	104
2942	57.7
2943	144.2
2944	58.4
2945	123.3
2946	130.9
2947	110.5
2948	126.1
2949	118
2950	85.5
2951	116.2
2952	119.5
2953	142.1
2954	118.7
2955	141.5
2956	116.5
2957	81.9
2958	126.3
2959	58.2
2960	109.8
2961	116.7
2962	111.6
2963	101.8
2964	136.9
2965	86.5
2966	113.5
2967	134.6
2968	114.5
2969	65.6
2970	47.9
2971	108.6
2972	105.4
2973	53.3
2974	118.2
2975	134.4
2976	116.5
2977	85.8
2978	97.7
2979	118.8
2980	121.5
2981	132.8
2982	127.2
2983	126.7
2984	125.1
2985	111.4
2986	114.3
2987	106.8
2988	124
2989	44.2
2990	79.9
2991	137.6
2992	107.3
2993	115.6
2994	114.8
2995	128.8
2996	118.1
2997	120.8
2998	84
2999	129.7
3000	96.4
3001	70.6
3002	117.5
3003	107
3004	116.4
3005	95.2
3006	121
3007	118.1
3008	120
3009	122.5
3010	48.1
3011	125.8
3012	100.9
3013	129
3014	87.7
3015	116.2
3016	111.6
3017	141.1
3018	101.7
3019	107.1
3020	94.9
3021	118.4
3022	66.2
3023	111.9
3024	120.8
3025	93
3026	131.4
3027	131.4
3028	104.3
3029	120.4
3030	56.7
3031	112.3
3032	107.6
3033	98.8
3034	102.3
3035	97.2
3036	54.5
3037	101.6
3038	112.2
3039	94.9
3040	135.9
3041	139.3
3042	139.7
3043	125.4
3044	116.4
3045	133.7
3046	103
3047	107.9
3048	124.3
3049	91.5
3050	135.2
3051	127.4
3052	107.2
3053	136.6
3054	89.7
3055	94.5
3056	124.4
3057	103.4
3058	124.4
3059	100.4
3060	79.6
3061	66.6
3062	118.7
3063	135.9
3064	136.7
3065	65.7
3066	137.7
3067	72.9
3068	141.1
3069	100.4
3070	110.1
3071	113.8
3072	97.7
3073	69.6
3074	133.3
3075	109
3076	118.5
3077	103.8
3078	97
3079	124.9
3080	125.2
3081	101.4
3082	62.7
3083	139.7
3084	73.9
3085	105.4
3086	118
3087	140
3088	139.8
3089	141.9
3090	103.7
3091	102.3
3092	71.6
3093	115.7
3094	74.3
3095	81.4
3096	112.8
3097	70.4
3098	141.5
3099	86.5
3100	116
3101	56.9
3102	100.7
3103	131.2
3104	131.3
3105	69
3106	131.9
3107	135.2
3108	83.5
3109	97.9
3110	90.4
3111	141.7
3112	53.9
3113	139.7
3114	111.2
3115	69.5
3116	94.6
3117	103.1
3118	136.1
3119	144.1
3120	42.3
3121	144.5
3122	52.6
3123	138.3
3124	55.7
3125	93.3
3126	57.9
3127	44.3
3128	74.2
3129	75.1
3130	83.4
3131	132.4
3132	127.3
3133	144.8
3134	145.6
3135	62.4
3136	143.9
3137	46.8
3138	79
3139	148.3
3140	109.8
3141	68.6
3142	116
3143	137.6
3144	93.9
3145	49.7
3146	67.9
3147	44.7
3148	79.9
3149	75.2
3150	48.2
3151	150.9
3152	152.6
3153	134.1
3154	117.7
3155	36.2
3156	103.9
3157	99.7
3158	49.8
3159	120.4
3160	50.7
3161	149.7
3162	153.5
3163	74
3164	54.1
3165	92.2
3166	152.1
3167	91.8
3168	139.4
3169	70.5
3170	133.1
3171	74.5
3172	136
3173	75.3
3174	36.3
3175	122.2
3176	72.5
3177	83.7
3178	96.3
3179	75.4
3180	51.5
3181	87.6
3182	128.7
3183	130.3
3184	149.7
3185	148.1
3186	98.1
3187	119.3
3188	36.3
3189	92.8
3190	69.9
3191	66.6
3192	36.3
3193	77.4
3194	131
3195	150.4
3196	65.7
3197	88.9
3198	91.3
3199	120.6
3200	65.2
3201	73.4
3202	146.5
3203	132.7
3204	77.7
3205	149.1
3206	75.1
3207	90.9
3208	59.2
3209	45
3210	147.5
3211	147.5
3212	127.8
3213	75.1
3214	59.3
3215	77.5
3216	86.8
3217	95.3
3218	145.2
3219	147.8
3220	89.1
3221	78.5
3222	146.1
3223	58.9
3224	140.1
3225	74.6
3226	132.9
3227	95.2
3228	83.1
3229	49.5
3230	70.3
3231	68.2
3232	64.4
3233	76.8
3234	125.8
3235	137.7
3236	143.7
3237	65.9
3238	144.4
3239	46.3
3240	82.1
3241	78
3242	79.3
3243	140.9
3244	90.5
3245	87.3
3246	102
3247	42.3
3248	67.6
3249	66.5
3250	86.8
3251	128.3
3252	142
3253	83.3
3254	138.5
3255	70.6
3256	77.8
3257	140.5
3258	88.3
3259	86.2
3260	71.9
3261	48.2
3262	137.2
3263	73.4
3264	63.2
3265	77
3266	68.3
3267	85.3
3268	134.2
3269	134.5
3270	64.3
3271	60.6
3272	124.7
3273	58.6
3274	134.1
3275	70.8
3276	72.1
3277	68.3
3278	100.5
3279	80.7
3280	81.1
3281	91.5
3282	65
3283	127.9
3284	69.9
3285	62.5
3286	123.8
3287	86.7
3288	56.6
3289	72.4
3290	89.9
3291	118.2
3292	73.4
3293	56.8
3294	59.1
3295	83.4
3296	65.9
3297	82.6
3298	71.7
3299	73.2
3300	83.3
3301	75.8
3302	85.6
3303	117.4
3304	62.1
3305	125.6
3306	75.3
3307	88.2
3308	117.4
3309	73.9
3310	66
3311	86.7
3312	57.7
3313	66.9
3314	55.6
3315	68.7
3316	106.8
3317	65.9
3318	114
3319	53.3
3320	69.8
3321	70.8
3322	61.3
3323	52.2
3324	72.4
3325	64.6
3326	72.6
3327	50.8
3328	72.8
3329	64.8
3330	69.5
3331	94.9
3332	92.6
3333	67.5
3334	61.7
3335	104.2
3336	70.3
3337	51
3338	79.2
3339	56.1
3340	60.1
3341	82.6
3342	69.6
3343	84.8
3344	68.9
3345	47
3346	91.9
3347	72.1
3348	45.2
3349	65.5
3350	111.5
3351	85.8
3352	109.5
3353	72.7
3354	67.1
3355	81.2
3356	85.3
3357	63.3
3358	83
3359	73.6
3360	109.2
3361	64.8
3362	58.1
3363	69.5
3364	51.7
3365	75.3
3366	77.8
3367	76.6
3368	55.6
3369	84.5
3370	51.5
3371	77.9
3372	78.4
3373	80.6
3374	79
3375	55.8
3376	83
3377	60.6
3378	56
3379	68
3380	82.1
3381	77.7
3382	58
3383	78.7
3384	82.8
3385	81
3386	77.8
3387	63.7
3388	60.7
3389	89.6
3390	87.8
3391	76
3392	76.8
3393	64.8
3394	82.2
3395	80.3
3396	83.8
3397	81.4
3398	72.2
3399	71.9
3400	103.8
3401	106
3402	99.7
3403	85.8
3404	97.3
3405	94.2
3406	93.8
3407	89.7
3408	97.1
3409	91.5
3410	23.5
3411	26.3
3412	95.2
3413	95
3414	91.3
3415	90.8
3416	107.4
3417	96.1
3418	95.8
3419	99.5
3420	107.7
3421	93
3422	97.2
3423	95.1
3424	103.4
3425	100.4
3426	110.4
3427	98.8
3428	52.4
3429	110.3
3430	44.2
3431	107.6
3432	109
3433	102.4
3434	106
3435	98.4
3436	111.9
3437	107.8
3438	99
3439	100.2
3440	96.4
3441	110.8
3442	113.7
3443	111.6
3444	91
3445	99
3446	115
3447	101.3
3448	122.9
3449	121.1
3450	104.6
3451	110.2
3452	117.8
3453	91.3
3454	116.1
3455	116.4
3456	132.7
3457	114.9
3458	105.1
3459	106.4
3460	111.6
3461	134.3
3462	121.6
3463	120.7
3464	100.7
3465	110.2
3466	80.8
3467	116.8
3468	111.3
3469	82.4
3470	116.5
3471	112.3
3472	72.7
3473	123.1
3474	103.5
3475	121.7
3476	116
3477	122.7
3478	120.7
3479	115.4
3480	119.1
3481	118.6
3482	57.6
3483	104.3
3484	113.3
3485	103.9
3486	108.8
3487	1.1
3488	65.6
3489	125.1
3490	112.5
3491	104
3492	99.5
3493	98.8
3494	105
3495	113
3496	74.8
3497	68
3498	68.4
3499	116.7
3500	93.8
3501	78.5
3502	64.7
3503	98.2
3504	91.5
3505	102.3
3506	120.7
3507	79.2
3508	122.5
3509	83.7
3510	100.5
3511	115.4
3512	112.3
3513	116.4
3514	101
3515	118.7
3516	102
3517	100.4
3518	107.9
3519	112.9
3520	130.5
3521	116.2
3522	133.1
3523	100.1
3524	102.6
3525	101.5
3526	84.7
3527	110.8
3528	127.1
3529	109.6
3530	103.7
3531	132.6
3532	83.2
3533	134.5
3534	132.8
3535	115
3536	136.8
3537	92.6
3538	113.4
3539	128.5
3540	117.1
3541	134.9
3542	134.1
3543	126.2
3544	114.3
3545	110.7
3546	134.3
3547	107.3
3548	132.3
3549	126.2
3550	114.2
3551	116.2
3552	101.8
3553	109.3
3554	121.2
3555	138.1
3556	119.4
3557	59.3
3558	138.5
3559	42.3
3560	117.8
3561	86.6
3562	110.5
3563	123.7
3564	113.7
3565	119.7
3566	111.1
3567	125.2
3568	123.2
3569	144.5
3570	126.3
3571	131.3
3572	104.5
3573	139.7
3574	112.2
3575	119.1
3576	149.3
3577	140.4
3578	149.5
3579	98.4
3580	92.8
3581	59.7
3582	149
3583	82.8
3584	148.1
3585	78.5
3586	136.3
3587	64.5
3588	83.9
3589	74.3
3590	70.2
3591	131.9
3592	67.1
3593	65.2
3594	78.4
