"COMID"	"Value"
1	37.7
2	19.4
3	66.3
4	47.4
5	25.3
6	12.2
7	96.9
8	34.1
9	2.1
10	4.1
11	53.4
12	1.3
13	20.7
14	73.7
15	38.1
16	40.7
17	29.1
18	91.1
19	75.7
20	54.9
21	52.8
22	68
23	0.8
24	0.7
25	51.1
26	29.9
27	38
28	28.2
29	34.8
30	21.1
31	48.5
32	23.5
33	69.9
34	0.5
35	39.4
36	3.3
37	68
38	3.8
39	0.3
40	36.2
41	70.8
42	40.6
43	24
44	28.3
45	23.3
46	23.3
47	68.1
48	66.1
49	45.8
50	12.1
51	0.3
52	39.5
53	4.8
54	60.4
55	58.7
56	49.5
57	29.1
58	0.3
59	32.2
60	0.4
61	1.5
62	2.8
63	71.9
64	39.9
65	0.8
66	45.2
67	61.3
68	78.1
69	19.7
70	5.9
71	10.6
72	62.2
73	0.4
74	93.7
75	6.7
76	4.9
77	39.5
78	14.1
79	54.2
80	2.6
81	30.3
82	27.3
83	56.8
84	2.5
85	53.9
86	79.7
87	0.5
88	0.5
89	7.9
90	47.9
91	20.9
92	56.3
93	53.1
94	3.4
95	92.9
96	1.7
97	54.8
98	1.2
99	19.5
100	55.3
101	65.6
102	48
103	0.4
104	29.4
105	4
106	54.6
107	18.9
108	2.4
109	1.2
110	0.6
111	6.4
112	51.9
113	2.5
114	53.7
115	46.2
116	80.1
117	61
118	45.4
119	2.7
120	28.8
121	34.4
122	45.3
123	7.3
124	45.9
125	92.1
126	56.5
127	24.6
128	64.4
129	0.3
130	7.6
131	49
132	1
133	57.6
134	37.7
135	48.8
136	87.6
137	66
138	0.7
139	0.3
140	38.5
141	38.7
142	2.2
143	1.2
144	24.9
145	0.3
146	43.7
147	71.8
148	68.4
149	52.8
150	62
151	36.2
152	45.2
153	0.2
154	45.5
155	7.6
156	7.3
157	68.5
158	1.5
159	61.2
160	51.1
161	6.3
162	0.5
163	38.2
164	7
165	1.9
166	0.2
167	57.2
168	5.5
169	62.2
170	41.5
171	70.3
172	4.3
173	8.8
174	0.3
175	43
176	63.1
177	63.7
178	37.8
179	42.7
180	0.2
181	3.9
182	24.7
183	13.3
184	0.1
185	0.6
186	28.6
187	30.8
188	0.1
189	0.1
190	35.2
191	0.1
192	41.5
193	2.6
194	55.8
195	23
196	0.2
197	67.9
198	0.1
199	45.1
200	0.2
201	0.1
202	1.2
203	0.3
204	0.2
205	1.3
206	50.3
207	14.3
208	52.9
209	48.8
210	76
211	72.4
212	61.9
213	46.2
214	0.5
215	54.3
216	32.9
217	58.5
218	10.6
219	16
220	0.3
221	10.5
222	54.7
223	50.3
224	2.7
225	17.6
226	49.4
227	10.7
228	51
229	0.2
230	8
231	72.5
232	28.6
233	46.8
234	13.9
235	3.5
236	41.5
237	50.9
238	10.6
239	51.8
240	88.3
241	47.5
242	1.5
243	4.3
244	41.8
245	49.1
246	48.9
247	3.3
248	1.8
249	1.3
250	45.6
251	49.1
252	62.9
253	27.1
254	0.4
255	0.1
256	14.8
257	0.3
258	36.2
259	3.5
260	1
261	49.5
262	49
263	4.1
264	0.2
265	0
266	43.6
267	45.6
268	56.1
269	49.3
270	0
271	84.3
272	49.2
273	45.2
274	6.2
275	44.9
276	12.3
277	0.1
278	46
279	0.2
280	39.6
281	47.6
282	41
283	0.2
284	10.1
285	1.6
286	39.7
287	63.4
288	5
289	0.4
290	0
291	46.8
292	5.2
293	6.1
294	59.3
295	0
296	32.6
297	38.9
298	0.1
299	53.7
300	42
301	0.1
302	45.6
303	31.8
304	3.3
305	40.8
306	10.8
307	44.5
308	72.3
309	0.5
310	22.1
311	42.8
312	37.9
313	28.1
314	5.8
315	0.3
316	0.2
317	6.1
318	16.9
319	9.5
320	40.2
321	0
322	23.9
323	35.7
324	0.7
325	11.1
326	55.6
327	0.6
328	0.6
329	0
330	1
331	0.3
332	0
333	0.1
334	0.3
335	39.1
336	0.1
337	16.2
338	0.2
339	3.8
340	1.4
341	0.1
342	5.6
343	0.3
344	20.2
345	3.7
346	23.5
347	0.2
348	10
349	4.6
350	0.2
351	0.4
352	0.3
353	78.3
354	2.6
355	10.7
356	0.4
357	8.1
358	2.4
359	5.5
360	1.9
361	0.6
362	2
363	2
364	5.2
365	46
366	20.1
367	4.5
368	64.9
369	2.8
370	74.9
371	5.5
372	2.2
373	25.2
374	4.1
375	66.7
376	1.1
377	68.8
378	24.9
379	4.7
380	61.1
381	1.9
382	3.3
383	77
384	4.1
385	8.2
386	2.7
387	64.9
388	49.5
389	46.7
390	62.3
391	3.3
392	59.1
393	6.6
394	5.2
395	3
396	14.8
397	8.9
398	0.4
399	28.9
400	1.4
401	55.6
402	5.8
403	4.6
404	1.9
405	4.9
406	68.6
407	14.1
408	1.4
409	4
410	80.3
411	51.8
412	4
413	68.4
414	2.2
415	7.4
416	0.6
417	1.9
418	2.1
419	38
420	1.4
421	9.4
422	5.6
423	58.7
424	64.3
425	52.4
426	2.1
427	61.1
428	58.9
429	43
430	58.4
431	6.2
432	12.6
433	54.8
434	16.8
435	3.4
436	36.8
437	22.1
438	72.5
439	2.1
440	48.9
441	54.9
442	0.9
443	54.1
444	15.6
445	71.8
446	0.4
447	75.6
448	74.2
449	0.9
450	39
451	4.8
452	47.9
453	4.4
454	0.6
455	25.5
456	0.2
457	75.4
458	60.7
459	31
460	13.7
461	62.3
462	77.2
463	6.5
464	7.4
465	55.5
466	10.9
467	46.1
468	0.2
469	20.8
470	0.6
471	3.2
472	44
473	27.6
474	0.2
475	4.6
476	0.1
477	81.4
478	0.2
479	26.1
480	58
481	4.4
482	2.4
483	67.2
484	2.3
485	8.1
486	16
487	23.1
488	30
489	4.4
490	20.9
491	31.8
492	62.9
493	4.4
494	52.6
495	23.2
496	1.5
497	63.3
498	13.7
499	3.8
500	61.5
501	34.9
502	53.5
503	0.4
504	1.6
505	40.4
506	63.9
507	72.6
508	43.2
509	61.8
510	40.3
511	33.2
512	43.5
513	0.5
514	42.1
515	2.2
516	3.7
517	72.2
518	6.1
519	13
520	41.8
521	30.3
522	0.8
523	1.1
524	76.7
525	38.6
526	12.1
527	44.9
528	0.2
529	3.9
530	81
531	64.8
532	85.9
533	45.5
534	13.3
535	89.7
536	73.9
537	29.1
538	10.8
539	1.9
540	0.3
541	72.2
542	63.1
543	28.3
544	6.3
545	37.2
546	79.7
547	1.1
548	35.4
549	49.1
550	1.6
551	65.5
552	1.1
553	64
554	3.2
555	0.1
556	1.1
557	16.4
558	36.2
559	61
560	73.9
561	87.6
562	74.6
563	6.3
564	40.8
565	68
566	77.5
567	0.6
568	78.2
569	28.6
570	2.4
571	89.4
572	66.5
573	11.4
574	1.1
575	0.5
576	35
577	14
578	64.1
579	66.3
580	68.2
581	13.6
582	1.1
583	0.1
584	0.2
585	37.5
586	1.1
587	65.5
588	1.1
589	65.4
590	3.5
591	1.1
592	72.1
593	59.8
594	29.1
595	1.1
596	0.2
597	2.3
598	2.3
599	61.8
600	20.3
601	3.3
602	2.9
603	77.3
604	1.1
605	8.1
606	1.1
607	0.4
608	11.4
609	20
610	0.1
611	64.3
612	18.1
613	1.3
614	43.8
615	42.2
616	11
617	96.2
618	69.1
619	43.4
620	28.2
621	1.1
622	55.6
623	58.6
624	49.4
625	0.3
626	1
627	60.2
628	2.5
629	26.8
630	73.7
631	0.3
632	75.4
633	51.6
634	1.4
635	45.7
636	24.2
637	26
638	0.6
639	79.7
640	49.9
641	76.8
642	7.1
643	55.7
644	18.6
645	78.5
646	57.9
647	0.2
648	90.1
649	49.3
650	0.2
651	79.4
652	3.7
653	1.4
654	0.5
655	2.3
656	4.4
657	59.2
658	90.9
659	57.6
660	30.5
661	82.7
662	48.2
663	57.2
664	0.3
665	0.6
666	0.2
667	73.2
668	89.2
669	86
670	0.2
671	0.2
672	0.2
673	54
674	52.6
675	69.6
676	48
677	84.9
678	15.5
679	1.6
680	12.1
681	61.9
682	45.5
683	101.3
684	58.4
685	0.2
686	81.2
687	2.8
688	66.6
689	0.2
690	64.1
691	68.3
692	84.8
693	13.6
694	32.3
695	64.8
696	65.8
697	1.1
698	59.9
699	41.7
700	65.9
701	64.1
702	67
703	67.2
704	34.4
705	41.5
706	13.8
707	74.7
708	65.4
709	39.8
710	54.2
711	14.8
712	54.2
713	50.2
714	5.9
715	48.1
716	12
717	87.4
718	63.2
719	45.1
720	62.2
721	0.2
722	33.4
723	64.2
724	48.6
725	0.2
726	4.7
727	42.4
728	41.4
729	50
730	56.9
731	20
732	27.3
733	44.1
734	58.2
735	62.9
736	14.2
737	38.2
738	49.2
739	40.4
740	49.1
741	33.9
742	80.2
743	60.7
744	8.2
745	3.3
746	53.8
747	57.8
748	0.7
749	67.6
750	4.2
751	40.1
752	40.2
753	63.1
754	60.5
755	59.5
756	44.7
757	104.3
758	53.5
759	0.2
760	45
761	0.5
762	28.9
763	47
764	70.5
765	58.1
766	8.5
767	57.6
768	74.3
769	73.3
770	71.1
771	46.6
772	58.7
773	28.3
774	28.5
775	47.6
776	10.4
777	26
778	44.9
779	4.5
780	75.2
781	49.5
782	106.1
783	119.7
784	107
785	115.1
786	119.3
787	110.3
788	94.3
789	95
790	119.3
791	118
792	117.4
793	114.7
794	113.3
795	107.6
796	114.1
797	110.2
798	119
799	115.5
800	116.9
801	112.5
802	111.1
803	117
804	91.7
805	115.5
806	113.6
807	86.2
808	112.4
809	110.5
810	111.9
811	119.1
812	113.8
813	114.9
814	113.4
815	116.1
816	115.6
817	93.4
818	114.4
819	112.7
820	117.3
821	107.1
822	112.6
823	116
824	112.8
825	105.3
826	107.7
827	113.2
828	112.3
829	107.7
830	111.7
831	100.5
832	112.1
833	105.9
834	100.3
835	111.8
836	112.3
837	77.5
838	108.8
839	106.2
840	110
841	111.2
842	99.7
843	48.5
844	97.5
845	105.2
846	111.4
847	109.6
848	106.6
849	104.8
850	107.5
851	106.3
852	91.6
853	112.4
854	111.1
855	109.9
856	104.1
857	108.8
858	107.2
859	98.6
860	97
861	104.6
862	24.1
863	109.2
864	104.2
865	102.1
866	98.9
867	87.2
868	103.1
869	110.3
870	69
871	101.3
872	102.3
873	30.2
874	110.5
875	101.5
876	109.6
877	108.9
878	106.5
879	108
880	102.2
881	105
882	107.8
883	81.4
884	108.4
885	105.6
886	17.2
887	98.5
888	102.6
889	108.9
890	109
891	110.9
892	101.8
893	106.6
894	19.7
895	111.6
896	105.2
897	109.1
898	103.8
899	108
900	109.3
901	101.9
902	103.8
903	107
904	108
905	101.7
906	101.3
907	105.6
908	101.8
909	106.6
910	29.9
911	106.4
912	105.4
913	103.4
914	105
915	38.6
916	100.3
917	111.5
918	100.2
919	105.8
920	108
921	83.9
922	104.7
923	52.5
924	101.6
925	112.8
926	104.6
927	108.2
928	119.3
929	102.5
930	102.9
931	107.4
932	124.5
933	108.6
934	36.3
935	109.5
936	105.3
937	107.2
938	111.5
939	111
940	105.7
941	98.1
942	105.4
943	31.4
944	111.2
945	99.1
946	107.8
947	37.6
948	102.6
949	103.3
950	106
951	113.2
952	105.5
953	122.4
954	123.6
955	107.8
956	105.5
957	105.4
958	122.5
959	103.4
960	108.7
961	110.5
962	101.3
963	104.7
964	21.8
965	101.2
966	110.6
967	22.1
968	102.6
969	104.8
970	68.3
971	107.7
972	99.2
973	106.3
974	104.8
975	109.1
976	117.3
977	113.1
978	123
979	108.4
980	114.6
981	98.5
982	111
983	104.7
984	114.4
985	112.6
986	110.3
987	123.8
988	112.8
989	111.7
990	41
991	102.4
992	86.5
993	115
994	107.8
995	110.5
996	108
997	111.8
998	124.5
999	107.3
1000	19.2
1001	124.4
1002	111.2
1003	40
1004	106.7
1005	122.8
1006	104.1
1007	22.6
1008	125.5
1009	74
1010	110.7
1011	105.3
1012	102.6
1013	124.8
1014	111.7
1015	124.2
1016	26.6
1017	111.1
1018	124.1
1019	124.7
1020	113
1021	107.3
1022	110.3
1023	104.6
1024	111.8
1025	115.3
1026	112.3
1027	101.2
1028	103.6
1029	124.2
1030	109.6
1031	24.5
1032	37
1033	115.9
1034	108.7
1035	102.1
1036	101
1037	110.8
1038	107.8
1039	120
1040	123.3
1041	116.1
1042	121.5
1043	26.9
1044	114.5
1045	119.5
1046	123.1
1047	110.3
1048	102.3
1049	104.6
1050	23.5
1051	102.6
1052	103.2
1053	121.8
1054	104.3
1055	101.8
1056	109.3
1057	107.8
1058	108.3
1059	116.3
1060	110
1061	25.9
1062	115.6
1063	109.9
1064	110.4
1065	115.3
1066	104.3
1067	114.2
1068	113.1
1069	110.8
1070	105
1071	107.4
1072	113
1073	112.4
1074	107.7
1075	79.8
1076	106.8
1077	110.4
1078	112.6
1079	106.6
1080	122.4
1081	110.7
1082	106
1083	112.4
1084	107.1
1085	105.6
1086	105.8
1087	24.8
1088	111.8
1089	117.6
1090	103.6
1091	110
1092	107
1093	118.8
1094	106.9
1095	120.5
1096	122.7
1097	109.9
1098	122.2
1099	78.4
1100	24.7
1101	106
1102	107.9
1103	112.2
1104	119.9
1105	120
1106	117.3
1107	112.4
1108	121.3
1109	104.1
1110	106.4
1111	110.2
1112	107.8
1113	107.6
1114	103.8
1115	115.6
1116	116.9
1117	106.2
1118	117.3
1119	119
1120	116.3
1121	120.6
1122	119.4
1123	119.8
1124	103.7
1125	114.3
1126	112.5
1127	115.5
1128	106.6
1129	107.1
1130	119.4
1131	110.3
1132	110
1133	107.1
1134	116.3
1135	106.2
1136	109.2
1137	115.1
1138	115.1
1139	118.9
1140	106.6
1141	116
1142	110
1143	107.3
1144	118.6
1145	119
1146	115
1147	114.1
1148	103.2
1149	112
1150	116.5
1151	114.9
1152	104.6
1153	106.6
1154	20.9
1155	107.5
1156	108.9
1157	112.7
1158	112.5
1159	84.7
1160	115.8
1161	109.6
1162	119.5
1163	117.7
1164	113.4
1165	107.2
1166	109
1167	99.8
1168	109.5
1169	102.5
1170	113
1171	120.4
1172	95.8
1173	117.9
1174	101.1
1175	114.1
1176	72.1
1177	108.7
1178	109.4
1179	112.7
1180	114.6
1181	118.9
1182	116.2
1183	108.2
1184	107.1
1185	110.1
1186	104.1
1187	112.2
1188	115.4
1189	119.1
1190	111.8
1191	108.6
1192	115.5
1193	101.2
1194	117.8
1195	117.6
1196	113.7
1197	107.2
1198	111.1
1199	107.3
1200	28.7
1201	116.7
1202	115.7
1203	103.4
1204	115.1
1205	117.5
1206	104.6
1207	114
1208	113.4
1209	116.9
1210	101.1
1211	100.6
1212	106.9
1213	88.7
1214	106.1
1215	119
1216	109.5
1217	105.2
1218	112
1219	112.1
1220	102.6
1221	114.9
1222	116.6
1223	120.9
1224	114.5
1225	117
1226	101.1
1227	102.7
1228	113.9
1229	120.7
1230	104.6
1231	107.6
1232	104.7
1233	119.5
1234	114.9
1235	119.6
1236	111.8
1237	98.8
1238	101.6
1239	113.4
1240	116
1241	109.6
1242	103.6
1243	115.7
1244	114.3
1245	112.1
1246	102.8
1247	83.6
1248	41
1249	112.1
1250	106.9
1251	112.8
1252	105
1253	120.5
1254	116.5
1255	106.1
1256	107.3
1257	122.2
1258	123.7
1259	115.4
1260	110.6
1261	107.3
1262	115.2
1263	119.7
1264	119.8
1265	109
1266	98.3
1267	107.7
1268	107.5
1269	44.4
1270	104.5
1271	121.2
1272	114.3
1273	122.3
1274	102.5
1275	112.9
1276	106.5
1277	102.2
1278	104.3
1279	33.4
1280	113.7
1281	120.4
1282	115.3
1283	108.3
1284	51
1285	121.3
1286	107.6
1287	116.7
1288	119.3
1289	105.7
1290	120.3
1291	112.3
1292	119.1
1293	26.7
1294	118.7
1295	109.2
1296	115
1297	56
1298	102.8
1299	116.1
1300	121.7
1301	111.5
1302	119.4
1303	119.8
1304	54.9
1305	110.8
1306	106.2
1307	108.9
1308	121.3
1309	107.2
1310	104.3
1311	109.5
1312	103.9
1313	118.4
1314	109.3
1315	114.1
1316	109.3
1317	107
1318	121.2
1319	111
1320	115.4
1321	119.4
1322	110.4
1323	111.5
1324	123.4
1325	106.7
1326	119.8
1327	119.3
1328	105.3
1329	52.3
1330	112.1
1331	104.1
1332	26.2
1333	82.3
1334	104.3
1335	119.7
1336	112.3
1337	117.4
1338	118.9
1339	116.7
1340	121.5
1341	104.9
1342	108.4
1343	110.9
1344	118
1345	119.1
1346	118.3
1347	109.9
1348	106.1
1349	119
1350	106.4
1351	108.1
1352	51.6
1353	107.9
1354	119.7
1355	115.4
1356	43.8
1357	92
1358	118.5
1359	120.7
1360	118.3
1361	119.5
1362	107.6
1363	114.9
1364	118.6
1365	110.3
1366	118.1
1367	118.4
1368	106.5
1369	118.9
1370	120.1
1371	115.8
1372	126.5
1373	108.1
1374	116.7
1375	111.1
1376	48.6
1377	124.6
1378	120.9
1379	120.4
1380	109.8
1381	117.8
1382	114.5
1383	118.3
1384	126.9
1385	45
1386	108.9
1387	117.4
1388	118.9
1389	119.7
1390	109.9
1391	118.7
1392	111.7
1393	118.1
1394	115.9
1395	112.5
1396	117.2
1397	110.7
1398	115.4
1399	111.4
1400	86.7
1401	117
1402	114.8
1403	111.2
1404	123.3
1405	119
1406	114.7
1407	112.7
1408	115.1
1409	107.7
1410	112.3
1411	100
1412	117.6
1413	112.9
1414	126.3
1415	108.5
1416	116.2
1417	116.5
1418	112.6
1419	123
1420	124.4
1421	122
1422	118.3
1423	69.9
1424	113
1425	112.8
1426	98.9
1427	126.4
1428	122
1429	122.3
1430	112
1431	117.3
1432	122.5
1433	115.4
1434	112.3
1435	111.1
1436	113.5
1437	117.6
1438	116.3
1439	127.1
1440	113.7
1441	114.4
1442	107.2
1443	92.8
1444	121.6
1445	115.5
1446	112.3
1447	116.9
1448	106.6
1449	116.2
1450	118
1451	107.9
1452	111.9
1453	115.8
1454	69
1455	120.5
1456	110.2
1457	118.3
1458	111.1
1459	125.8
1460	121.7
1461	112.5
1462	109.8
1463	125
1464	125.9
1465	124.9
1466	112.8
1467	114.3
1468	114.1
1469	110.9
1470	109.2
1471	113
1472	109.9
1473	115.1
1474	122.3
1475	107.2
1476	111.4
1477	119.5
1478	112.8
1479	112.9
1480	114.6
1481	113.9
1482	114.1
1483	124.9
1484	119
1485	68.4
1486	122.2
1487	125.9
1488	116.5
1489	115.1
1490	115.1
1491	90.3
1492	111.5
1493	116.8
1494	110.2
1495	116.6
1496	113.4
1497	111.7
1498	119.5
1499	110.8
1500	123.5
1501	112
1502	111.5
1503	116.4
1504	117.2
1505	112.2
1506	102.3
1507	115.4
1508	122.9
1509	70.4
1510	120.2
1511	122.8
1512	112.2
1513	115.9
1514	114.5
1515	123.4
1516	113.7
1517	118
1518	117.9
1519	113.4
1520	123.4
1521	123.3
1522	118.1
1523	116.1
1524	116.7
1525	117.9
1526	116.9
1527	112.7
1528	114.5
1529	114.8
1530	107.9
1531	119
1532	120.2
1533	122.8
1534	114.4
1535	51
1536	113.5
1537	122.3
1538	62.9
1539	119.8
1540	118.3
1541	119.5
1542	117.9
1543	117
1544	118.4
1545	105.3
1546	58.9
1547	95.7
1548	113.2
1549	115
1550	117
1551	117.7
1552	111.9
1553	108.9
1554	83.5
1555	109.9
1556	115.9
1557	121.5
1558	110.2
1559	115.4
1560	124.1
1561	118
1562	123.2
1563	122.6
1564	113.2
1565	92
1566	121.1
1567	118.9
1568	116.7
1569	107.7
1570	115.6
1571	116.2
1572	115.9
1573	111.8
1574	120
1575	102.5
1576	119.5
1577	112.6
1578	122.3
1579	122.3
1580	116.1
1581	118.4
1582	115
1583	114.6
1584	57.4
1585	113.3
1586	115.3
1587	117.2
1588	119.8
1589	124.4
1590	117.5
1591	118
1592	120.8
1593	122
1594	115
1595	114.3
1596	108.6
1597	118.2
1598	119.3
1599	112.7
1600	118.9
1601	76.8
1602	113.4
1603	119.5
1604	107.7
1605	122.9
1606	118.5
1607	116.2
1608	119.4
1609	116.3
1610	117.7
1611	123
1612	118.9
1613	112.6
1614	115.8
1615	117.3
1616	103.8
1617	112.4
1618	101
1619	124.7
1620	116.5
1621	118.9
1622	123.1
1623	115
1624	113.8
1625	98.4
1626	120.4
1627	118.9
1628	98.6
1629	113.5
1630	123.1
1631	84.6
1632	115.1
1633	113.4
1634	114.7
1635	114
1636	112
1637	113.2
1638	94.8
1639	116.1
1640	117.2
1641	103.9
1642	115.7
1643	101.1
1644	117.2
1645	115.7
1646	107.4
1647	109.4
1648	116.1
1649	118.8
1650	115.3
1651	119.4
1652	104.1
1653	114.7
1654	116.8
1655	122.5
1656	123.4
1657	116.2
1658	115.5
1659	107.8
1660	105.1
1661	123.9
1662	120.5
1663	102.7
1664	115.9
1665	113.7
1666	122.3
1667	120.8
1668	107
1669	112.3
1670	123.5
1671	121.5
1672	113.5
1673	115.5
1674	113.1
1675	105.1
1676	116.1
1677	122.6
1678	116.6
1679	118
1680	123.8
1681	114.8
1682	114.8
1683	108.8
1684	101.7
1685	107.1
1686	80.8
1687	115.1
1688	105.5
1689	116.5
1690	119.8
1691	124.3
1692	114.7
1693	121.8
1694	115.2
1695	117.1
1696	124.4
1697	122.4
1698	117.4
1699	115.7
1700	90.8
1701	114.1
1702	119.4
1703	118.3
1704	123.6
1705	114.4
1706	112.2
1707	113.9
1708	112.2
1709	100.1
1710	117.4
1711	114.2
1712	120.6
1713	110.7
1714	112.1
1715	119.2
1716	110.2
1717	106.7
1718	122.2
1719	82.7
1720	120.9
1721	115.7
1722	109.3
1723	114.7
1724	108.4
1725	121.3
1726	115
1727	120.9
1728	117.1
1729	121.6
1730	110.2
1731	117.6
1732	111.5
1733	107.2
1734	122
1735	118.3
1736	113.9
1737	103.7
1738	110
1739	105.2
1740	125
1741	122.5
1742	115.8
1743	107.4
1744	119.6
1745	112.7
1746	120
1747	114.3
1748	120
1749	85.6
1750	76.5
1751	118.7
1752	115
1753	111.6
1754	120.1
1755	116.5
1756	108.1
1757	118.5
1758	120.4
1759	109.2
1760	108.8
1761	118.9
1762	92
1763	111.2
1764	109.5
1765	115.3
1766	109
1767	116.6
1768	124.9
1769	116.4
1770	118.5
1771	97.7
1772	124.2
1773	110.8
1774	109
1775	80.5
1776	108.3
1777	108.9
1778	107.4
1779	114.1
1780	114.1
1781	116.7
1782	116.3
1783	112.6
1784	108.7
1785	106.5
1786	121.1
1787	118.4
1788	120.7
1789	108.6
1790	110.2
1791	85
1792	109.2
1793	107.7
1794	79.4
1795	106.1
1796	118.3
1797	121.2
1798	108.1
1799	118.2
1800	101.8
1801	122.2
1802	109.1
1803	125.1
1804	106.7
1805	109.6
1806	122
1807	115
1808	105.5
1809	115.6
1810	125.2
1811	111.9
1812	114.8
1813	123.7
1814	106.5
1815	108.1
1816	115.4
1817	109
1818	106.1
1819	123.2
1820	129.6
1821	110.5
1822	110.4
1823	115.8
1824	117.8
1825	126.5
1826	111.1
1827	109.3
1828	111.2
1829	110.6
1830	122.4
1831	105.2
1832	119.1
1833	99.4
1834	121.5
1835	112.8
1836	118.4
1837	76.7
1838	118.9
1839	127.1
1840	106.3
1841	97.7
1842	105.9
1843	131.6
1844	111.4
1845	109.7
1846	70.2
1847	99.2
1848	122.4
1849	126.6
1850	121.6
1851	107.2
1852	113.7
1853	116.2
1854	111.2
1855	114.2
1856	99.6
1857	116.6
1858	110.9
1859	110.8
1860	94.1
1861	116.2
1862	102.9
1863	112.5
1864	104.8
1865	107.3
1866	126.8
1867	115.7
1868	112
1869	104.5
1870	68.9
1871	113.6
1872	103.5
1873	106.2
1874	126.9
1875	112.5
1876	103.4
1877	114.2
1878	108.7
1879	124.5
1880	120.5
1881	114.2
1882	117.5
1883	126.2
1884	115.7
1885	113.4
1886	95.9
1887	109.6
1888	112.1
1889	119.2
1890	117.7
1891	65.9
1892	114.2
1893	105.9
1894	110.3
1895	113.4
1896	107.3
1897	104.6
1898	123.3
1899	106.7
1900	118.1
1901	118.4
1902	108.2
1903	115.7
1904	108.8
1905	110.2
1906	108
1907	70.9
1908	87.4
1909	62.2
1910	55.9
1911	114
1912	109.4
1913	104.3
1914	111.9
1915	107.3
1916	110.9
1917	122.6
1918	76.4
1919	107.4
1920	113
1921	118
1922	110.5
1923	109.8
1924	105.1
1925	118.4
1926	111.3
1927	124
1928	108.1
1929	66.6
1930	114.2
1931	77.5
1932	82.9
1933	113.7
1934	106.3
1935	116
1936	121.5
1937	104.1
1938	102.1
1939	110
1940	110.6
1941	111
1942	104.1
1943	108.4
1944	119
1945	70.6
1946	111.8
1947	109.3
1948	67.7
1949	112.3
1950	1.1
1951	115.1
1952	61.7
1953	81
1954	109.1
1955	102.5
1956	114.5
1957	117.9
1958	116.6
1959	93.8
1960	111.8
1961	104
1962	110
1963	102.4
1964	108
1965	116.9
1966	1.1
1967	65.4
1968	105.2
1969	110.3
1970	117.9
1971	121.4
1972	110.8
1973	101.2
1974	116.1
1975	88.9
1976	100.5
1977	79.8
1978	119.1
1979	1.1
1980	114.7
1981	115.2
1982	1.1
1983	117.6
1984	115.9
1985	83.8
1986	101.9
1987	118.1
1988	76
1989	1.1
1990	1.1
1991	113.1
1992	115.6
1993	91.4
1994	119.4
1995	114.2
1996	105
1997	99
1998	116.8
1999	117.4
2000	100.7
2001	112.6
2002	109.9
2003	103.4
2004	104.3
2005	107.7
2006	102.1
2007	115.5
2008	102.5
2009	115.3
2010	99.1
2011	1.1
2012	103.8
2013	100.7
2014	1.1
2015	109.6
2016	108.1
2017	118
2018	100.7
2019	105.5
2020	112
2021	103.7
2022	106.9
2023	60.5
2024	1.1
2025	121.8
2026	104
2027	67
2028	120.6
2029	112.7
2030	113.9
2031	107.8
2032	85.3
2033	113.9
2034	116.7
2035	66.9
2036	1.1
2037	112.9
2038	1.1
2039	107.6
2040	111.6
2041	1.1
2042	74.7
2043	110.8
2044	116.3
2045	109.6
2046	110.1
2047	81.2
2048	111.7
2049	119.8
2050	114.3
2051	86.7
2052	111.4
2053	97
2054	78.2
2055	102.9
2056	111.3
2057	92.6
2058	1.1
2059	107.6
2060	102.4
2061	88.2
2062	120.6
2063	110.5
2064	85.6
2065	112.6
2066	109.7
2067	88.5
2068	111.6
2069	110.6
2070	106.7
2071	92.7
2072	112.8
2073	104.7
2074	110.6
2075	110.6
2076	1.1
2077	104
2078	109.2
2079	109.9
2080	109.5
2081	109.1
2082	110
2083	76.4
2084	106.3
2085	117.9
2086	80.9
2087	111.7
2088	117.3
2089	100.3
2090	111.9
2091	74.1
2092	103.8
2093	107.5
2094	112.2
2095	75.8
2096	105.8
2097	90.5
2098	85.7
2099	116.4
2100	103.9
2101	107.9
2102	105.6
2103	101.5
2104	85.5
2105	109.2
2106	113
2107	115.3
2108	94.1
2109	105.2
2110	111.7
2111	92.4
2112	1.1
2113	95
2114	111.5
2115	91.9
2116	89.2
2117	98.6
2118	109.3
2119	108.1
2120	104
2121	80.4
2122	102.8
2123	118.1
2124	90.6
2125	83.2
2126	111.3
2127	88
2128	106.2
2129	86.3
2130	117
2131	100.8
2132	107
2133	102.2
2134	108.5
2135	111
2136	104.5
2137	84.4
2138	109.4
2139	82.5
2140	88.5
2141	92.9
2142	87
2143	102
2144	106.3
2145	83.9
2146	77.1
2147	77.2
2148	106.1
2149	106.6
2150	103.5
2151	106
2152	107.4
2153	109.5
2154	106.3
2155	89.8
2156	95.2
2157	105.8
2158	78.5
2159	80.6
2160	112.6
2161	99.9
2162	113.6
2163	80.3
2164	105.5
2165	82
2166	91.7
2167	93.5
2168	112.6
2169	104.7
2170	97.8
2171	113.7
2172	98
2173	107.7
2174	98.2
2175	67.1
2176	102.7
2177	107.9
2178	112.2
2179	102.4
2180	81.3
2181	100.7
2182	109.5
2183	103.7
2184	95.8
2185	76.5
2186	65
2187	81.3
2188	88
2189	101.7
2190	89.5
2191	107.6
2192	89.4
2193	95.5
2194	103.1
2195	86.9
2196	96.4
2197	88.1
2198	87.3
2199	108.1
2200	93
2201	67.1
2202	96.9
2203	106.6
2204	93
2205	111.2
2206	79.5
2207	91.3
2208	86.5
2209	104.9
2210	102.5
2211	105.6
2212	69.4
2213	98.8
2214	97.1
2215	80.6
2216	90.8
2217	102.4
2218	94.4
2219	88.6
2220	95
2221	77.7
2222	99.5
2223	85.5
2224	105.9
2225	82.2
2226	96.9
2227	98.1
2228	105.2
2229	105.1
2230	66.1
2231	83.6
2232	89.8
2233	99.9
2234	84.8
2235	103.3
2236	97.7
2237	109.2
2238	109.5
2239	86.7
2240	101.8
2241	88.2
2242	105.8
2243	111.3
2244	104.7
2245	88.6
2246	82.1
2247	103.9
2248	99.1
2249	95.8
2250	85.1
2251	85.7
2252	99.3
2253	105.8
2254	79.5
2255	101.5
2256	79
2257	96.6
2258	93.7
2259	101
2260	106.4
2261	97.6
2262	93.1
2263	98.3
2264	94.3
2265	100.7
2266	99.9
2267	103
2268	94.2
2269	93.4
2270	110
2271	71.7
2272	97.7
2273	92.9
2274	102.4
2275	96.1
2276	90.2
2277	104.9
2278	112.4
2279	97
2280	106.1
2281	116.2
2282	95.9
2283	88.3
2284	113.4
2285	100.2
2286	98.4
2287	85.4
2288	75.2
2289	102.6
2290	103.6
2291	101.1
2292	102.6
2293	79.7
2294	95.3
2295	96.4
2296	104.7
2297	91.5
2298	104
2299	77.1
2300	107.5
2301	116.6
2302	113.3
2303	116.3
2304	116.1
2305	100.8
2306	100.5
2307	104.5
2308	110.4
2309	101.5
2310	97
2311	115.7
2312	117.5
2313	113.9
2314	113.1
2315	119.7
2316	107.7
2317	98.6
2318	99.6
2319	98.2
2320	102.9
2321	83.1
2322	115.9
2323	112.3
2324	100.5
2325	100.2
2326	100.7
2327	108.9
2328	87.9
2329	112.4
2330	113
2331	120.1
2332	87.2
2333	112.8
2334	80.2
2335	119.3
2336	101.8
2337	117
2338	101.7
2339	89
2340	104.4
2341	107.6
2342	114.6
2343	91.9
2344	111.9
2345	104.8
2346	105.5
2347	111.8
2348	112
2349	105.2
2350	112.2
2351	78.1
2352	114.9
2353	106.7
2354	111.6
2355	103.8
2356	110.2
2357	115.8
2358	91.3
2359	104.2
2360	113.5
2361	112.8
2362	102.3
2363	99.3
2364	83.6
2365	106.6
2366	111.3
2367	118.1
2368	106.6
2369	76.3
2370	104.8
2371	110.1
2372	106.1
2373	104.2
2374	88.6
2375	109.9
2376	116.6
2377	110.2
2378	107.5
2379	106.3
2380	104.2
2381	105.5
2382	94.7
2383	116.2
2384	116.2
2385	67.7
2386	107.2
2387	107.3
2388	112.4
2389	103.9
2390	75.3
2391	106.6
2392	104.1
2393	117.9
2394	106.5
2395	84.7
2396	104.5
2397	113.4
2398	64.7
2399	106.6
2400	113.9
2401	101.2
2402	105.3
2403	102.8
2404	76.2
2405	109.1
2406	101.6
2407	111.5
2408	103.3
2409	104
2410	110.5
2411	110.6
2412	113.8
2413	110.6
2414	77.7
2415	110.8
2416	103.7
2417	101.9
2418	99.4
2419	105.5
2420	103.2
2421	118.3
2422	85.8
2423	95.9
2424	108.4
2425	62.2
2426	111.5
2427	102.7
2428	99.7
2429	118.1
2430	114.5
2431	112
2432	107.9
2433	106
2434	71.6
2435	113.7
2436	103.2
2437	57
2438	104.9
2439	100.3
2440	109.1
2441	117.6
2442	97
2443	105.6
2444	108.7
2445	107.7
2446	69.4
2447	113.7
2448	117.7
2449	116
2450	112.3
2451	103.5
2452	104.7
2453	120.6
2454	112
2455	109.7
2456	106.3
2457	109.3
2458	105.5
2459	113.8
2460	61.3
2461	110.2
2462	95.7
2463	68.1
2464	118.4
2465	118.3
2466	114.5
2467	86.6
2468	102.1
2469	114.9
2470	113.1
2471	107.8
2472	113.4
2473	76.3
2474	97.6
2475	106.2
2476	120.6
2477	110.1
2478	103.4
2479	119
2480	108.8
2481	85.6
2482	55
2483	120.3
2484	111.5
2485	102.8
2486	103
2487	115.6
2488	105.2
2489	113.5
2490	108.7
2491	72.3
2492	109.8
2493	116.1
2494	102.9
2495	101.2
2496	67
2497	92.1
2498	101.3
2499	56.8
2500	109.8
2501	99.8
2502	104.1
2503	109.9
2504	93
2505	104
2506	99.7
2507	117.5
2508	103.5
2509	120.7
2510	102.3
2511	4.6
2512	100.5
2513	97
2514	98.5
2515	101.8
2516	106.3
2517	74.5
2518	85.7
2519	96.5
2520	108.8
2521	95.8
2522	4.6
2523	70.9
2524	114
2525	83.4
2526	96
2527	94.5
2528	93.2
2529	96.8
2530	92.8
2531	93
2532	92.8
2533	108.5
2534	97.7
2535	94.9
2536	111.1
2537	97.9
2538	4.6
2539	115.5
2540	106.8
2541	112.9
2542	99.5
2543	98.5
2544	100.4
2545	104.8
2546	103.5
2547	97.4
2548	107.1
2549	98
2550	113.2
2551	82.9
2552	116.4
2553	88
2554	109.2
2555	92.8
2556	96.7
2557	104.5
2558	95.8
2559	92.3
2560	4.6
2561	91.5
2562	113.7
2563	103.5
2564	107.7
2565	106.2
2566	74.9
2567	100.5
2568	4.6
2569	100.5
2570	88.3
2571	83.8
2572	107.4
2573	86.7
2574	101.7
2575	94.1
2576	95
2577	93.9
2578	97.9
2579	94.8
2580	108.1
2581	108.4
2582	114.4
2583	104
2584	109.1
2585	4.6
2586	113.1
2587	95
2588	98.4
2589	93.5
2590	97.2
2591	96.1
2592	91.1
2593	87.1
2594	72
2595	111.1
2596	4.6
2597	92.3
2598	110.3
2599	97.6
2600	91
2601	92.2
2602	107.7
2603	91.4
2604	113.4
2605	99.5
2606	109.5
2607	4.6
2608	85.7
2609	102.9
2610	77
2611	101.5
2612	90.5
2613	89.7
2614	108.3
2615	85.1
2616	101.8
2617	4.6
2618	101.1
2619	109
2620	107.7
2621	64.3
2622	93.5
2623	4.6
2624	88.1
2625	111.2
2626	52.2
2627	96.7
2628	84.5
2629	105.4
2630	89.1
2631	87.1
2632	4.6
2633	90.7
2634	93.5
2635	86.9
2636	101.9
2637	103.5
2638	105
2639	87
2640	85.8
2641	114.2
2642	4.6
2643	110.1
2644	109
2645	109.2
2646	84.4
2647	71.1
2648	96.8
2649	101.2
2650	4.6
2651	102.8
2652	104.2
2653	90.9
2654	110.1
2655	88.7
2656	99.5
2657	67.5
2658	86.7
2659	98.2
2660	4.6
2661	104
2662	103.4
2663	102.2
2664	87.9
2665	102.5
2666	113.1
2667	70.4
2668	104.9
2669	99.8
2670	101.2
2671	95.9
2672	95
2673	69.8
2674	59.1
2675	103
2676	45.1
2677	103.7
2678	99.2
2679	106.9
2680	107.6
2681	107.2
2682	104.7
2683	95.3
2684	92.8
2685	90
2686	97.6
2687	93.2
2688	100.9
2689	101.7
2690	99.2
2691	105.1
2692	38.5
2693	97.5
2694	100.1
2695	102.1
2696	99.3
2697	97.2
2698	102.1
2699	64.7
2700	88.3
2701	62
2702	98.3
2703	85.4
2704	61
2705	84.1
2706	112.3
2707	44.2
2708	99.5
2709	95.4
2710	99
2711	108.7
2712	86.8
2713	100.3
2714	99.3
2715	76
2716	94.7
2717	101.8
2718	80
2719	100
2720	102.8
2721	91.2
2722	102.2
2723	94.1
2724	64.1
2725	96.3
2726	96
2727	90.6
2728	81.5
2729	89.3
2730	103.9
2731	85.7
2732	108.1
2733	105.9
2734	105.3
2735	80.6
2736	48.1
2737	92.5
2738	84.1
2739	91.8
2740	102.6
2741	86.5
2742	91.6
2743	91.8
2744	81.4
2745	72.2
2746	53.9
2747	80.8
2748	93.5
2749	86.4
2750	102
2751	82.4
2752	90.2
2753	83.7
2754	109.4
2755	89.7
2756	83.5
2757	85.1
2758	91.4
2759	85.5
2760	89.9
2761	80.4
2762	86.8
2763	62.4
2764	106
2765	108.9
2766	102.7
2767	57.3
2768	88.2
2769	87.9
2770	84.2
2771	97.8
2772	91.2
2773	58
2774	85.4
2775	112.5
2776	89
2777	101.1
2778	111.3
2779	88.9
2780	46.5
2781	88.9
2782	79.9
2783	97.9
2784	99.4
2785	63.7
2786	64.9
2787	92.1
2788	84.9
2789	107.9
2790	92.4
2791	109.4
2792	113.2
2793	81.9
2794	88.1
2795	85.5
2796	88.3
2797	89.8
2798	104.7
2799	87.8
2800	113.4
2801	108.4
2802	94
2803	84.1
2804	57.8
2805	112.4
2806	89.1
2807	90.4
2808	111.8
2809	100.3
2810	57.8
2811	113.3
2812	84.4
2813	94.2
2814	94.5
2815	114
2816	82.9
2817	87.6
2818	80.9
2819	96.9
2820	101.4
2821	106
2822	88.6
2823	94.7
2824	56.5
2825	91.1
2826	62.1
2827	50.2
2828	87.2
2829	64.1
2830	94.3
2831	104.9
2832	103.5
2833	91.9
2834	85.9
2835	94.6
2836	98.1
2837	96.9
2838	93.7
2839	108.5
2840	102.3
2841	106.6
2842	75.3
2843	93.8
2844	63.9
2845	93.5
2846	55.9
2847	113.2
2848	110
2849	106.5
2850	111.7
2851	73.5
2852	90.6
2853	97.3
2854	107.7
2855	97.7
2856	94.9
2857	92.2
2858	82.1
2859	93
2860	100.6
2861	102.7
2862	91.6
2863	53.1
2864	91.5
2865	107.2
2866	108
2867	97.5
2868	64.5
2869	89.8
2870	92.2
2871	107.5
2872	110.6
2873	104.5
2874	60.7
2875	89.7
2876	67.1
2877	96.3
2878	98.1
2879	60.2
2880	93.2
2881	95.6
2882	108.8
2883	100.1
2884	93.5
2885	64.7
2886	79.7
2887	58.6
2888	56.7
2889	64.8
2890	67.5
2891	105.9
2892	108.7
2893	92.3
2894	91.7
2895	113.5
2896	66.4
2897	106.9
2898	94.7
2899	92
2900	91
2901	60.1
2902	100.9
2903	113.2
2904	53.1
2905	97.9
2906	109.1
2907	72.9
2908	98
2909	110
2910	99.5
2911	104.3
2912	97
2913	110.1
2914	109.5
2915	56
2916	113.9
2917	68.6
2918	92.4
2919	68
2920	57.2
2921	101.2
2922	96.8
2923	93.6
2924	86.2
2925	103.5
2926	82.6
2927	51.3
2928	93.5
2929	75
2930	106.5
2931	94.4
2932	98
2933	99
2934	52.7
2935	97.6
2936	62.3
2937	93.3
2938	50.4
2939	98.2
2940	53.2
2941	93.3
2942	51.8
2943	108.2
2944	50.4
2945	98.4
2946	101.9
2947	92.7
2948	96
2949	94.1
2950	96.1
2951	98
2952	93.6
2953	107.9
2954	96.9
2955	113.9
2956	102.5
2957	78.3
2958	96.3
2959	65.5
2960	87.7
2961	101.2
2962	97.9
2963	88.9
2964	103.9
2965	94.7
2966	94.2
2967	110.2
2968	89.5
2969	57.2
2970	46
2971	87.7
2972	92.6
2973	43.8
2974	95.5
2975	103
2976	100.1
2977	77.1
2978	89.7
2979	101.5
2980	96.1
2981	104.8
2982	100.3
2983	93.6
2984	94.5
2985	95.3
2986	94.3
2987	94.6
2988	94.6
2989	44.4
2990	88.7
2991	104.9
2992	94
2993	98.6
2994	97.3
2995	95.6
2996	98.1
2997	100.3
2998	90.2
2999	101
3000	92.8
3001	65.3
3002	98.5
3003	93
3004	98.3
3005	81.5
3006	94.8
3007	100.1
3008	98.4
3009	98.8
3010	46.8
3011	93.7
3012	82.6
3013	96.6
3014	85.8
3015	85.7
3016	96.4
3017	106.1
3018	86.3
3019	84.7
3020	88.5
3021	96.8
3022	61.5
3023	94.7
3024	96.6
3025	83.2
3026	98.5
3027	98.9
3028	90.6
3029	101.4
3030	50.7
3031	92.4
3032	92.2
3033	85.5
3034	84.7
3035	86.2
3036	53.6
3037	85.1
3038	86.3
3039	92.2
3040	106
3041	109.9
3042	114
3043	105.2
3044	100.8
3045	105.3
3046	75.5
3047	83.4
3048	100.7
3049	89.5
3050	103.3
3051	110.7
3052	96.4
3053	108.3
3054	87
3055	90.3
3056	105.4
3057	79.8
3058	108
3059	94.6
3060	71.3
3061	61.4
3062	92.5
3063	103.5
3064	109.9
3065	66.6
3066	117.1
3067	67.9
3068	115.9
3069	80.2
3070	95.1
3071	92.6
3072	94.6
3073	61.1
3074	106.5
3075	86.6
3076	97.8
3077	97.7
3078	91.8
3079	103.7
3080	103.8
3081	82.7
3082	62.4
3083	107
3084	69.9
3085	95.3
3086	107.4
3087	114.5
3088	118.9
3089	109.8
3090	97.5
3091	83.6
3092	71.2
3093	96.2
3094	70.5
3095	67.5
3096	101.2
3097	66.9
3098	111.5
3099	76.8
3100	101.5
3101	49.3
3102	84.7
3103	107
3104	108.5
3105	67.9
3106	108.6
3107	106.1
3108	68.6
3109	81.8
3110	74.8
3111	116.9
3112	47.1
3113	114.1
3114	88
3115	67.7
3116	81.6
3117	89.3
3118	116.2
3119	118.6
3120	36.3
3121	118.3
3122	57.4
3123	108.5
3124	53.5
3125	89.1
3126	57.7
3127	39
3128	65.1
3129	70.9
3130	64.5
3131	112.2
3132	106.5
3133	114.8
3134	113.6
3135	59.7
3136	113.6
3137	48.3
3138	74.3
3139	120.8
3140	99
3141	62.8
3142	102.3
3143	115.2
3144	73.2
3145	44.2
3146	56.6
3147	47.1
3148	75.5
3149	59.4
3150	42.6
3151	120.9
3152	120.6
3153	107.6
3154	101.9
3155	33.5
3156	93.6
3157	90.4
3158	44.8
3159	102.6
3160	44
3161	116.8
3162	120.1
3163	67.8
3164	55.2
3165	43.3
3166	121.1
3167	45.4
3168	113.7
3169	59
3170	107.4
3171	72.7
3172	112.7
3173	65.5
3174	11.5
3175	104.5
3176	70.2
3177	70.2
3178	75.7
3179	64.3
3180	51.4
3181	42.2
3182	106.6
3183	108
3184	116.7
3185	114.5
3186	93.4
3187	101.5
3188	14.1
3189	87.3
3190	73.7
3191	69.7
3192	15.9
3193	64.5
3194	108
3195	118.8
3196	51.9
3197	43.9
3198	38.8
3199	103.3
3200	60.9
3201	68.2
3202	118.6
3203	109.9
3204	47.6
3205	100.5
3206	66.4
3207	74.2
3208	62.4
3209	47.7
3210	106.7
3211	108.1
3212	107.1
3213	64.7
3214	59.7
3215	59.2
3216	68.5
3217	78.8
3218	99.9
3219	104.6
3220	42.8
3221	73.8
3222	103.6
3223	71
3224	112.8
3225	73
3226	109
3227	76.8
3228	66.2
3229	53.2
3230	52.6
3231	59.6
3232	66.2
3233	65.6
3234	102.7
3235	112.1
3236	101.9
3237	61
3238	109.8
3239	49.1
3240	61.5
3241	73.7
3242	67.5
3243	104.4
3244	71.5
3245	80.6
3246	82.8
3247	43
3248	65.4
3249	70.3
3250	53.8
3251	109.9
3252	109.9
3253	70.7
3254	97.8
3255	66.7
3256	70.7
3257	97.3
3258	71.3
3259	77.8
3260	70
3261	47.5
3262	97.6
3263	70.7
3264	64
3265	65.1
3266	58.8
3267	76.5
3268	95.6
3269	105.3
3270	56.7
3271	58.8
3272	102.2
3273	59.9
3274	103.7
3275	60.2
3276	63.7
3277	57.9
3278	88.4
3279	72.8
3280	72.2
3281	77.7
3282	60.5
3283	82.3
3284	59.3
3285	61.4
3286	97.8
3287	69.9
3288	49.4
3289	62.9
3290	74.1
3291	95
3292	63.4
3293	51.4
3294	52.6
3295	76.8
3296	60.9
3297	67.9
3298	65.9
3299	58.6
3300	73
3301	66.6
3302	71.1
3303	95.1
3304	51.9
3305	92.5
3306	63.9
3307	74.6
3308	98.1
3309	63.6
3310	60
3311	65.6
3312	48.3
3313	63.4
3314	56.9
3315	61.9
3316	92.3
3317	64.5
3318	75.7
3319	54.3
3320	58
3321	62
3322	58.9
3323	49.2
3324	64.5
3325	61.3
3326	63.2
3327	46.2
3328	68.7
3329	59.7
3330	64.1
3331	76.2
3332	72.5
3333	60.9
3334	55.1
3335	90.6
3336	61
3337	43.6
3338	69.3
3339	54.4
3340	59.6
3341	75.1
3342	60.8
3343	70
3344	60.7
3345	42.1
3346	62.6
3347	64.7
3348	43.9
3349	58.5
3350	78.3
3351	62.5
3352	81.8
3353	61.1
3354	61.8
3355	67.6
3356	71.4
3357	60
3358	62.6
3359	60.8
3360	77.5
3361	58
3362	55.7
3363	65.7
3364	51.1
3365	66.2
3366	61.7
3367	66.1
3368	60.7
3369	64.3
3370	50.5
3371	62.9
3372	63.7
3373	61.9
3374	61.1
3375	56.8
3376	61.5
3377	56.9
3378	55.8
3379	62.2
3380	63
3381	62.9
3382	53.6
3383	64.3
3384	63.7
3385	65.2
3386	63.9
3387	60.4
3388	52.8
3389	66.1
3390	65.9
3391	63.8
3392	63.8
3393	58.9
3394	71.4
3395	67.5
3396	65.3
3397	70.9
3398	57
3399	53.8
3400	118.2
3401	115.6
3402	116.1
3403	102.7
3404	110.4
3405	105.5
3406	107.2
3407	106.2
3408	112.7
3409	109.3
3410	31
3411	30.5
3412	107.6
3413	101.4
3414	109
3415	105
3416	119
3417	105.9
3418	111.3
3419	108.5
3420	112
3421	106.9
3422	109.1
3423	100.1
3424	111.1
3425	109.5
3426	110.4
3427	121.1
3428	59
3429	115.2
3430	53.7
3431	106.1
3432	114.8
3433	118.8
3434	113.6
3435	113.2
3436	107.3
3437	112.8
3438	110.8
3439	107.3
3440	100.4
3441	111.3
3442	124.3
3443	108.9
3444	96
3445	108
3446	116.2
3447	114.5
3448	123.9
3449	112.5
3450	119.4
3451	110.3
3452	115.4
3453	94.7
3454	111.7
3455	117.3
3456	124.4
3457	115.4
3458	106.8
3459	116.3
3460	107.9
3461	122.1
3462	115.4
3463	117.7
3464	115.2
3465	112.2
3466	81
3467	109.4
3468	108.1
3469	81.7
3470	106.9
3471	114.4
3472	70.6
3473	116.7
3474	104.1
3475	114.8
3476	116.9
3477	109.4
3478	107
3479	111.2
3480	112.4
3481	120.6
3482	57.5
3483	91
3484	112.5
3485	100.3
3486	113.8
3487	1.1
3488	73.3
3489	116.7
3490	113.3
3491	112.7
3492	91.2
3493	104.2
3494	105.8
3495	103.1
3496	84.8
3497	81.2
3498	74.7
3499	100
3500	90.7
3501	97.4
3502	105.5
3503	88.5
3504	94.2
3505	93.9
3506	100.9
3507	93.1
3508	105.8
3509	90.8
3510	108.8
3511	104.2
3512	106.7
3513	106.7
3514	102
3515	106.3
3516	105.3
3517	99.1
3518	104
3519	109.6
3520	114.2
3521	112.5
3522	117.8
3523	105.6
3524	99.1
3525	99.9
3526	79.4
3527	97.7
3528	109.9
3529	89.8
3530	87.5
3531	115.9
3532	83
3533	110.7
3534	103.3
3535	93.5
3536	102.9
3537	68.7
3538	94.7
3539	101.6
3540	97.4
3541	102.5
3542	111.4
3543	101.6
3544	88.7
3545	93.6
3546	100.3
3547	89.6
3548	112
3549	96.1
3550	91.1
3551	95.7
3552	90
3553	91.5
3554	97.7
3555	112
3556	93.6
3557	45.1
3558	108.8
3559	40.7
3560	98.8
3561	86.6
3562	79.7
3563	102.7
3564	89.4
3565	95.7
3566	86.6
3567	100.3
3568	107.3
3569	114.7
3570	103.9
3571	106.2
3572	84.6
3573	109.6
3574	92.3
3575	102.6
3576	119.2
3577	113
3578	110.1
3579	73.9
3580	72.6
3581	69.9
3582	106.6
3583	64.9
3584	118.6
3585	76.3
3586	109
3587	65.9
3588	69.4
3589	65.8
3590	59.4
3591	88.5
3592	59.9
3593	59.7
3594	68.2
