"COMID"	"Value"
1	48.6
2	40.1
3	67
4	59.2
5	45.7
6	11.6
7	102.3
8	50.7
9	2.7
10	2.9
11	62.4
12	2.2
13	64.7
14	75.8
15	49
16	36.1
17	47
18	103.7
19	75
20	61.8
21	65.6
22	69.2
23	0.4
24	1
25	56.9
26	47.1
27	46.8
28	56.4
29	28.3
30	35.1
31	54.1
32	50.1
33	72.9
34	0.8
35	59.1
36	4.5
37	72.2
38	2.3
39	0.5
40	44.5
41	73.3
42	60.4
43	44.2
44	56.4
45	39.2
46	67.3
47	98.9
48	71.1
49	52.1
50	27.7
51	0.7
52	97.1
53	6.2
54	65.5
55	65.8
56	51.6
57	42.4
58	0.6
59	51
60	0.6
61	2.2
62	3.3
63	72.4
64	48
65	0.9
66	48
67	65.6
68	105.6
69	32.1
70	12.2
71	5.5
72	63.6
73	0.6
74	103.4
75	13.3
76	10.4
77	30.2
78	26.2
79	63.2
80	5.5
81	53.3
82	16.4
83	59.5
84	1
85	56.7
86	101.9
87	0.6
88	0.5
89	15.2
90	53.6
91	35.7
92	60.7
93	54.9
94	4.1
95	100.2
96	2.6
97	60.9
98	0.2
99	21.6
100	62.8
101	67.4
102	53.8
103	0.2
104	33.4
105	6.1
106	57.5
107	37
108	0.5
109	1.4
110	0.9
111	3.6
112	53
113	4.5
114	53.4
115	52.7
116	101.8
117	55.4
118	52.9
119	11.4
120	42.3
121	91.6
122	51.8
123	6.7
124	51.6
125	101.9
126	55.4
127	32.7
128	56
129	0.1
130	17.3
131	90.4
132	1.8
133	54.6
134	39.3
135	51.6
136	102.2
137	57.1
138	1.2
139	0.7
140	45
141	47
142	3.7
143	9
144	32.7
145	0.9
146	47.2
147	67.8
148	58.3
149	53.1
150	57.9
151	54.4
152	47.6
153	0.5
154	46.1
155	10.5
156	16.3
157	60.2
158	2.9
159	89
160	54.1
161	11.9
162	0.7
163	98.8
164	13.3
165	7.4
166	0.2
167	53.4
168	15.4
169	55.5
170	55.3
171	92.9
172	7.5
173	15.6
174	0.7
175	99.4
176	61.3
177	90.8
178	43
179	44.3
180	0.3
181	4.4
182	30.6
183	26.5
184	0.1
185	1.8
186	45.4
187	39.2
188	0.1
189	0.2
190	56.3
191	0.1
192	45.6
193	5.9
194	56.5
195	38.9
196	0.3
197	91.1
198	0.1
199	44.8
200	0.2
201	0.1
202	4.1
203	1
204	1.2
205	3.8
206	57.6
207	31.8
208	55.4
209	47.2
210	91.3
211	66.1
212	53.9
213	49.1
214	1.3
215	50.5
216	44.2
217	85.1
218	30.5
219	42.2
220	0.9
221	26.4
222	49.4
223	49.2
224	6.4
225	34.8
226	44.5
227	25.9
228	48.6
229	0.5
230	25.2
231	89.2
232	47.2
233	48.3
234	42.3
235	15.4
236	48.6
237	96.3
238	27
239	42.5
240	98.6
241	44.8
242	1.5
243	8.8
244	43.5
245	45.1
246	45.5
247	8.8
248	4.5
249	7.5
250	44.9
251	42.1
252	60
253	42.5
254	1
255	0.4
256	35.8
257	0.9
258	44.4
259	10.4
260	2.2
261	44.5
262	44.2
263	14.5
264	0.3
265	0.2
266	37.4
267	45.2
268	53.4
269	48
270	0.2
271	96.9
272	44.4
273	42.8
274	8.7
275	39.5
276	28.1
277	0.4
278	44.2
279	0.6
280	35.2
281	42.9
282	39.8
283	1.1
284	21.7
285	3.3
286	40.1
287	61.2
288	14.9
289	3.9
290	0.1
291	50.7
292	13.4
293	7.5
294	59.5
295	0.1
296	37
297	41.2
298	0.1
299	89.6
300	46.1
301	0.3
302	48.7
303	38.3
304	8.1
305	38.4
306	18.5
307	44.1
308	96.4
309	1.5
310	36.7
311	44.8
312	36.8
313	40.5
314	10.4
315	1.8
316	1.3
317	8.2
318	28.8
319	15.8
320	39.9
321	0.1
322	36.6
323	40.4
324	2.2
325	23
326	57.2
327	2.2
328	2.4
329	0.2
330	1.5
331	0.6
332	0.1
333	0.1
334	1.2
335	81.4
336	0.1
337	42.6
338	0.1
339	7.2
340	3.6
341	0.1
342	6.1
343	0.5
344	26.7
345	7.5
346	58
347	0.5
348	17.6
349	9
350	0.3
351	1.1
352	0.5
353	95.7
354	4.8
355	23.6
356	0.6
357	24.6
358	4.2
359	8.6
360	3.6
361	0.7
362	3.2
363	2.6
364	7.4
365	91.1
366	25.4
367	5.2
368	67.5
369	3.2
370	94.2
371	8.6
372	2.7
373	30.1
374	6.5
375	63.4
376	1.1
377	95.4
378	28.7
379	8.5
380	94.7
381	3.4
382	8.5
383	109
384	17.5
385	29.8
386	4.4
387	68.7
388	104.5
389	94.2
390	66
391	4
392	91
393	10.7
394	8
395	18.7
396	69.7
397	10.7
398	1.5
399	94.7
400	3
401	83.2
402	8.1
403	51.7
404	8.9
405	9.2
406	61.7
407	90.5
408	15.1
409	8.7
410	75.2
411	78.9
412	0.8
413	58.3
414	0.8
415	51
416	18
417	35.7
418	38.1
419	43.5
420	33
421	80
422	82
423	54.8
424	59.3
425	63.5
426	61.9
427	38.8
428	57.9
429	81.7
430	54
431	75.7
432	13.3
433	65.5
434	24.4
435	3.1
436	70.9
437	87.5
438	74.6
439	56.8
440	89.4
441	51
442	0.8
443	58.6
444	18.3
445	71.9
446	1.4
447	76.4
448	75.5
449	0.5
450	49.1
451	70.2
452	62.6
453	61.6
454	0.2
455	33.3
456	0.3
457	91.9
458	61.3
459	53.9
460	13.9
461	67.6
462	78.3
463	12.3
464	9.1
465	53.9
466	87
467	45.9
468	0.4
469	21.1
470	1.9
471	8.1
472	91.1
473	39.7
474	1
475	18.1
476	0.2
477	81.7
478	0.2
479	29.4
480	77.5
481	62
482	37.2
483	74.2
484	1.7
485	8.9
486	80.5
487	26.5
488	60.5
489	47.9
490	71.1
491	34.5
492	69.3
493	48.1
494	64.7
495	64.5
496	12.9
497	77.2
498	20.6
499	22.1
500	64.5
501	34.6
502	65.6
503	0.6
504	1.6
505	54.5
506	74.1
507	82.4
508	56.4
509	68.5
510	30.1
511	60
512	65.2
513	1.7
514	59.3
515	6.9
516	7.8
517	76.6
518	15.2
519	31.2
520	56.9
521	32.4
522	3.1
523	3.1
524	78.1
525	28.9
526	28.3
527	30.5
528	1.1
529	5.5
530	80.3
531	65.4
532	86.4
533	33.9
534	9.7
535	88.1
536	68.3
537	19.8
538	6.6
539	1.9
540	1.1
541	62.2
542	62.5
543	18.1
544	3
545	25.1
546	70.1
547	1.1
548	17.6
549	33.6
550	1.6
551	50.1
552	1.1
553	114.4
554	1.2
555	0.7
556	1.1
557	17.8
558	19.7
559	62.3
560	58
561	119
562	67.6
563	1.9
564	23.6
565	72
566	67.5
567	1
568	66.9
569	41.1
570	0.3
571	122.6
572	47.9
573	14.7
574	1.1
575	0.9
576	16.9
577	5.5
578	72.3
579	70.4
580	54.2
581	5.3
582	1.1
583	0.5
584	0.5
585	21.7
586	1.1
587	55.3
588	1.1
589	82.2
590	0.7
591	1.1
592	70.3
593	46.5
594	42.6
595	1.1
596	0.6
597	0.3
598	3.1
599	53.5
600	26.5
601	3.7
602	0.6
603	92.3
604	1.1
605	3.3
606	1.1
607	0.5
608	16.8
609	11.9
610	0.5
611	102.6
612	11.6
613	0.3
614	58
615	98.3
616	6.8
617	109.3
618	85
619	58
620	42.6
621	1.1
622	68
623	71.1
624	62.9
625	0.3
626	0.9
627	52.4
628	1.9
629	37
630	70.2
631	0.4
632	88.6
633	63.7
634	0.4
635	53.6
636	37.8
637	31.2
638	0.3
639	103.6
640	98.9
641	73.1
642	4.5
643	68.4
644	16.2
645	90.2
646	71.8
647	0.4
648	94.6
649	63
650	0.4
651	77.7
652	2.1
653	0.3
654	0.3
655	1.2
656	3.8
657	71.7
658	108.2
659	68.5
660	36.3
661	103.6
662	64.7
663	67.6
664	0.2
665	0.2
666	0.3
667	113.8
668	93.2
669	116.3
670	0.4
671	0.6
672	0.2
673	65.3
674	95.2
675	71.2
676	63.4
677	83.8
678	23.7
679	1.1
680	49
681	77.1
682	59.5
683	106.6
684	63.4
685	0.3
686	79.9
687	2.4
688	69.9
689	0.6
690	73
691	107.9
692	84.2
693	19.2
694	93
695	106.5
696	68.9
697	0.8
698	65.2
699	48.4
700	67.9
701	102.3
702	70.5
703	70.1
704	41.6
705	64.2
706	19.6
707	73.1
708	69.5
709	60.2
710	63.4
711	43
712	62.3
713	62.5
714	7.3
715	55.4
716	16.1
717	101.7
718	67.4
719	55.6
720	67.9
721	0.4
722	56.8
723	68.2
724	58.9
725	0.5
726	5.8
727	96.3
728	58.3
729	101.8
730	57.1
731	25.8
732	91.3
733	51.4
734	64.7
735	67.5
736	19.3
737	49.9
738	60.4
739	56.2
740	60.5
741	54
742	80
743	60.4
744	20.5
745	3.4
746	61.8
747	66.4
748	1
749	66.8
750	4.8
751	52.7
752	50.3
753	70
754	66.9
755	63.2
756	58.8
757	111.7
758	62.6
759	0.4
760	59.3
761	0.7
762	51.4
763	55.8
764	69.1
765	70.1
766	22.3
767	62.3
768	72.8
769	74.4
770	67.9
771	61
772	68.1
773	42.8
774	49.7
775	103.3
776	13.8
777	44.8
778	56.3
779	17.4
780	76
781	56.5
782	105.9
783	119
784	106.9
785	115.2
786	119.1
787	110.4
788	95.3
789	95.2
790	119.7
791	117.3
792	117.8
793	114.3
794	113.9
795	107.8
796	113
797	110
798	118.1
799	116
800	117.9
801	111
802	109.8
803	118
804	90.7
805	114.5
806	114.1
807	82.8
808	112.2
809	108.3
810	111.7
811	118.9
812	114.5
813	114.9
814	113.4
815	115.9
816	116.2
817	89.7
818	114.7
819	111.3
820	117.2
821	107.5
822	112.4
823	116.8
824	112.5
825	107.9
826	106
827	112.6
828	112.4
829	110.1
830	111.1
831	101.9
832	111.7
833	105.9
834	98.4
835	111.5
836	111.6
837	73.6
838	111
839	108.6
840	109.8
841	109.8
842	104.2
843	45
844	95.5
845	106.4
846	114.4
847	109.3
848	110.8
849	109.5
850	106.2
851	104.5
852	88.5
853	110.7
854	109.7
855	109.6
856	107.5
857	108.5
858	105.3
859	102.6
860	100.9
861	103.2
862	24
863	107.1
864	105.8
865	101.5
866	102.7
867	85.8
868	101.5
869	109.9
870	68.1
871	104.6
872	105.4
873	30.3
874	110.2
875	100
876	109.7
877	107.7
878	105
879	106.5
880	105.4
881	109
882	107.8
883	82
884	107
885	105.2
886	18
887	100.3
888	104.1
889	109.2
890	112.5
891	112.1
892	103.1
893	109.6
894	20.9
895	109.1
896	104
897	112.1
898	107.8
899	110.6
900	111.5
901	104.8
902	103.6
903	105.5
904	106.2
905	105.2
906	100.5
907	105.2
908	101.2
909	106.9
910	32.4
911	105
912	110.2
913	102.7
914	105.7
915	41.2
916	104.7
917	108.9
918	104.4
919	105.1
920	112
921	83.8
922	103.4
923	51.7
924	104.2
925	110.4
926	105
927	106
928	119.6
929	101.5
930	100.3
931	105.6
932	124.5
933	110.2
934	36.9
935	113.9
936	108.5
937	106.5
938	110.4
939	107.7
940	104.5
941	97.6
942	104.2
943	31.1
944	109.9
945	98.6
946	112.5
947	35.9
948	105.6
949	101.7
950	104.2
951	113.1
952	104.4
953	122.7
954	123.9
955	106.8
956	110.5
957	104.2
958	122.7
959	102.1
960	108.8
961	109.3
962	104
963	105.9
964	21.7
965	99.9
966	109
967	21.5
968	101.7
969	103.9
970	68
971	104.5
972	100.5
973	104.7
974	103.6
975	108.2
976	113.5
977	109.3
978	123.1
979	107.2
980	111.4
981	98.2
982	110.9
983	102
984	111.6
985	108.9
986	106.8
987	123.4
988	109.5
989	113.4
990	40.5
991	100.4
992	85.9
993	112
994	109.8
995	109.9
996	105.2
997	109
998	123.7
999	108.7
1000	19.4
1001	123.5
1002	109.6
1003	39.4
1004	103.8
1005	122.3
1006	107.3
1007	22.6
1008	124.7
1009	75.6
1010	109.8
1011	110
1012	105.9
1013	123.3
1014	108.7
1015	123.5
1016	26.5
1017	109.1
1018	123
1019	123.1
1020	112.5
1021	110.9
1022	110.8
1023	107.9
1024	109.5
1025	114.5
1026	113.4
1027	104.1
1028	103.9
1029	122.5
1030	110.3
1031	25.8
1032	38.4
1033	116
1034	109.4
1035	103.8
1036	105.4
1037	110.2
1038	110.9
1039	119.4
1040	121.6
1041	115.3
1042	120.1
1043	28.4
1044	113.7
1045	118.9
1046	121.7
1047	108.4
1048	106.7
1049	108
1050	24.1
1051	105.9
1052	107.1
1053	119.9
1054	106
1055	105.7
1056	110.7
1057	109.7
1058	109
1059	117.1
1060	109.9
1061	27.9
1062	115.9
1063	109.4
1064	109.8
1065	115.1
1066	108.2
1067	114.8
1068	115
1069	110
1070	108.6
1071	108.1
1072	113
1073	111.4
1074	110
1075	84.6
1076	110.3
1077	111.9
1078	114.3
1079	108.1
1080	120.8
1081	112.9
1082	109.1
1083	113.3
1084	109.1
1085	109.5
1086	108.5
1087	26.1
1088	113.4
1089	118.6
1090	104.7
1091	112.3
1092	110.2
1093	119.2
1094	107.9
1095	119.8
1096	121.7
1097	112.6
1098	121.5
1099	83
1100	27.8
1101	107.5
1102	107.8
1103	114.6
1104	119.4
1105	120.1
1106	118.5
1107	114.8
1108	120.6
1109	106.3
1110	110.3
1111	112.9
1112	110.6
1113	110.5
1114	105.9
1115	117.2
1116	116.9
1117	110.4
1118	118.4
1119	117.9
1120	116.9
1121	120.1
1122	119.6
1123	120
1124	105.4
1125	114.6
1126	115
1127	116.3
1128	109.5
1129	110.6
1130	119.3
1131	111.3
1132	112
1133	110
1134	115.8
1135	108.4
1136	109.9
1137	115.5
1138	116.1
1139	119.2
1140	108.4
1141	117.5
1142	111.9
1143	110.8
1144	119.1
1145	119
1146	115.9
1147	114.7
1148	107.6
1149	113.9
1150	117.3
1151	115.5
1152	108.5
1153	111.8
1154	22.7
1155	108.8
1156	110.3
1157	113.9
1158	113.5
1159	89.3
1160	117.2
1161	111.2
1162	120.4
1163	118.7
1164	114.9
1165	108.5
1166	112.7
1167	103
1168	111.7
1169	106.1
1170	113.7
1171	120.6
1172	100.2
1173	119.9
1174	105.4
1175	115.4
1176	74.2
1177	110
1178	111.9
1179	114.1
1180	116
1181	120.2
1182	116.6
1183	109.9
1184	107.9
1185	113.5
1186	108.6
1187	114.5
1188	115.8
1189	121.4
1190	113.4
1191	113.4
1192	115.7
1193	104.1
1194	118.7
1195	118.3
1196	115.6
1197	108.1
1198	112.2
1199	108.8
1200	28.9
1201	118.3
1202	116.8
1203	105.3
1204	118.4
1205	118.2
1206	107.1
1207	115.3
1208	115.8
1209	118.6
1210	104.1
1211	103.1
1212	108.9
1213	90.8
1214	110.2
1215	122
1216	111.6
1217	106.8
1218	113.8
1219	114.9
1220	105.5
1221	115.3
1222	116.8
1223	122
1224	115.3
1225	117.5
1226	104.1
1227	104.8
1228	115.9
1229	122.9
1230	107.9
1231	110.2
1232	106.8
1233	119.1
1234	116
1235	122.8
1236	114.2
1237	103.1
1238	102.9
1239	113.5
1240	116.8
1241	111.3
1242	106
1243	117.6
1244	116.1
1245	112.9
1246	106.1
1247	84.6
1248	42.5
1249	112.4
1250	107.9
1251	113.9
1252	106.7
1253	120.2
1254	116.9
1255	108
1256	108
1257	122.7
1258	124.1
1259	115
1260	112.2
1261	108.9
1262	117.3
1263	120.3
1264	120.1
1265	108.8
1266	99.9
1267	108.7
1268	109.2
1269	46.1
1270	106.6
1271	121.8
1272	116
1273	122.3
1274	105
1275	114.7
1276	106.7
1277	105.3
1278	107.4
1279	34.8
1280	113.6
1281	120.6
1282	115.7
1283	110.5
1284	51
1285	121.5
1286	110.4
1287	117.9
1288	119.4
1289	109.1
1290	120.7
1291	115.3
1292	121.1
1293	28.1
1294	121.6
1295	110.8
1296	117.5
1297	58.2
1298	103.3
1299	117.8
1300	121.8
1301	111.5
1302	119.7
1303	120.5
1304	53.5
1305	111.9
1306	107.1
1307	109.9
1308	121.7
1309	108.7
1310	105.8
1311	110.2
1312	103.8
1313	119
1314	111
1315	113.7
1316	111.2
1317	108
1318	121.7
1319	112.7
1320	116.5
1321	122.4
1322	110.6
1323	112.7
1324	123.1
1325	110.2
1326	121.8
1327	122.6
1328	105.6
1329	51.6
1330	114.1
1331	105.6
1332	28
1333	82.1
1334	105.5
1335	119.7
1336	113.6
1337	119.1
1338	120.8
1339	117.8
1340	121.6
1341	107.6
1342	108.8
1343	111
1344	116.6
1345	119.7
1346	117.7
1347	109.3
1348	107
1349	119.9
1350	106.3
1351	109.1
1352	53.5
1353	108.3
1354	122.3
1355	116.2
1356	45.5
1357	89.5
1358	118.6
1359	121.4
1360	119.9
1361	120.6
1362	110.2
1363	113.8
1364	117.7
1365	112.4
1366	120.5
1367	117.2
1368	107.1
1369	122.2
1370	120.3
1371	118.7
1372	126.2
1373	110.1
1374	115.8
1375	111.4
1376	47.2
1377	125.2
1378	122.3
1379	121.8
1380	111.9
1381	115.7
1382	115
1383	119.3
1384	126.9
1385	44.5
1386	110
1387	119.3
1388	121.7
1389	123
1390	109.3
1391	119.3
1392	113.4
1393	118.9
1394	114.7
1395	114.9
1396	114.8
1397	111.3
1398	112.9
1399	109.4
1400	85.9
1401	120
1402	117.9
1403	111.4
1404	123.7
1405	117.6
1406	116.9
1407	110.4
1408	118.8
1409	107.8
1410	116.1
1411	100.3
1412	116.6
1413	113.4
1414	126.2
1415	107.8
1416	116.2
1417	120.2
1418	112.7
1419	124.8
1420	124.4
1421	123.7
1422	116.7
1423	67.5
1424	115
1425	116.3
1426	98.6
1427	126.4
1428	123.5
1429	124.3
1430	112.6
1431	117.1
1432	124.9
1433	115.1
1434	114.3
1435	111.5
1436	111.7
1437	118.7
1438	118.9
1439	126.7
1440	114.4
1441	114.8
1442	109.1
1443	90.4
1444	123.6
1445	112.9
1446	111.3
1447	115.7
1448	106.9
1449	112.8
1450	115.1
1451	109.9
1452	111.2
1453	115.8
1454	65.8
1455	118.9
1456	111.2
1457	118.5
1458	113.4
1459	125.4
1460	123.3
1461	113
1462	113.2
1463	125.3
1464	126
1465	125.7
1466	114
1467	117.8
1468	117.4
1469	112.7
1470	109.7
1471	116.5
1472	111.9
1473	116.7
1474	120.4
1475	108
1476	115.2
1477	115.6
1478	111.9
1479	115.8
1480	117.7
1481	114.2
1482	114.4
1483	125.3
1484	116.5
1485	64.8
1486	123.5
1487	126.3
1488	116.6
1489	115.4
1490	112.4
1491	85.9
1492	113.1
1493	115.1
1494	110.6
1495	119.3
1496	113.6
1497	112.4
1498	121.2
1499	112
1500	121.7
1501	113.5
1502	112.3
1503	116.2
1504	119.7
1505	112.3
1506	101.2
1507	117.6
1508	117.9
1509	66.2
1510	118.2
1511	120.3
1512	114.8
1513	114.7
1514	115.6
1515	123.7
1516	114.5
1517	115.8
1518	119.2
1519	115.1
1520	120.7
1521	124
1522	118.4
1523	119.6
1524	118.8
1525	119.8
1526	119.7
1527	113.2
1528	116.9
1529	116.1
1530	107.4
1531	118.2
1532	116.9
1533	120.4
1534	115.2
1535	49.4
1536	114.3
1537	123.4
1538	58.6
1539	117
1540	119.8
1541	119.9
1542	119.5
1543	117.6
1544	118.6
1545	109.4
1546	53.9
1547	93.7
1548	115.7
1549	117.5
1550	119.1
1551	119.1
1552	112
1553	108.5
1554	79.3
1555	111.3
1556	116.2
1557	119
1558	112.8
1559	115.8
1560	122.6
1561	116.9
1562	121.2
1563	119.6
1564	115.9
1565	87.4
1566	118.2
1567	120.7
1568	115
1569	108.2
1570	115.1
1571	118
1572	116.5
1573	113.2
1574	117.3
1575	101.5
1576	116.4
1577	113.4
1578	123
1579	122.1
1580	115.8
1581	116.7
1582	114.8
1583	115.5
1584	54.2
1585	115
1586	115.2
1587	117.8
1588	117.6
1589	120.2
1590	116.9
1591	120.1
1592	118.5
1593	118.8
1594	115.7
1595	114.2
1596	107.7
1597	120
1598	118.4
1599	113.3
1600	117.8
1601	72.9
1602	115.1
1603	119
1604	106.9
1605	121.3
1606	120.2
1607	116.6
1608	118.9
1609	115.9
1610	115.6
1611	119.4
1612	118.3
1613	112
1614	115.8
1615	114.2
1616	103.7
1617	114.1
1618	101.5
1619	123.2
1620	112.6
1621	117.2
1622	118.9
1623	114
1624	114.8
1625	99
1626	115.8
1627	118.2
1628	98
1629	112.3
1630	119.9
1631	81.7
1632	116.1
1633	115.8
1634	115.5
1635	115.5
1636	110.4
1637	112.2
1638	94.4
1639	116
1640	119.5
1641	104.1
1642	115.7
1643	101.6
1644	115.5
1645	112.9
1646	106.4
1647	108.7
1648	115.1
1649	116.9
1650	115.5
1651	117.6
1652	103.8
1653	115.6
1654	113.8
1655	121.3
1656	120.4
1657	112.6
1658	113.2
1659	107.6
1660	104
1661	122.1
1662	119.2
1663	102.7
1664	115
1665	114.1
1666	119.1
1667	120.6
1668	106.5
1669	113.5
1670	121.2
1671	121.2
1672	112.2
1673	114.2
1674	110.9
1675	103.7
1676	115.2
1677	119.5
1678	116.2
1679	118
1680	122.8
1681	114.7
1682	114.9
1683	111.4
1684	101.8
1685	110.1
1686	76.8
1687	116.1
1688	104.3
1689	115.9
1690	118.7
1691	122.1
1692	114.1
1693	118.6
1694	116.1
1695	116.9
1696	122.8
1697	121.3
1698	117.9
1699	114.7
1700	89
1701	113.8
1702	118.7
1703	117.7
1704	122.2
1705	113.5
1706	110.3
1707	115.4
1708	114.6
1709	99.7
1710	116.8
1711	113.2
1712	118.1
1713	110.2
1714	112.6
1715	118.4
1716	112
1717	105.3
1718	120.1
1719	79.5
1720	117.9
1721	113.3
1722	112.1
1723	113.4
1724	110.7
1725	120.1
1726	115.3
1727	119.9
1728	113.9
1729	116.8
1730	109.6
1731	116.9
1732	107.7
1733	106.8
1734	117.8
1735	117.8
1736	116
1737	104.1
1738	111
1739	104.2
1740	124.4
1741	119.4
1742	114.9
1743	110.2
1744	115.8
1745	114.6
1746	117.8
1747	113.2
1748	116.2
1749	82.8
1750	74
1751	116.1
1752	112.2
1753	112.3
1754	120.1
1755	114.2
1756	107.2
1757	117
1758	118.9
1759	111.8
1760	107.9
1761	115.1
1762	92
1763	108.8
1764	108.7
1765	114.8
1766	109.8
1767	113.3
1768	124.3
1769	113.2
1770	116.7
1771	98.1
1772	124.1
1773	110.7
1774	107.9
1775	78.8
1776	107.9
1777	110.1
1778	109
1779	114.2
1780	115.6
1781	112.5
1782	112.9
1783	110.9
1784	109.5
1785	105.6
1786	119.4
1787	116.5
1788	118.9
1789	110.7
1790	111
1791	83.8
1792	112.1
1793	107.2
1794	75
1795	105
1796	117.9
1797	121.3
1798	110.8
1799	116.7
1800	101.8
1801	120.3
1802	108.1
1803	123.7
1804	109.3
1805	110.7
1806	120.1
1807	112.4
1808	108.6
1809	115.5
1810	122.8
1811	115
1812	115.7
1813	121.9
1814	106.7
1815	112.3
1816	111.9
1817	108.5
1818	108.7
1819	121.4
1820	127.5
1821	110
1822	110.6
1823	118.4
1824	116.4
1825	124.3
1826	111
1827	113.9
1828	115.6
1829	113.1
1830	121.5
1831	107.5
1832	118.3
1833	102.4
1834	121
1835	111
1836	116.4
1837	77.2
1838	117.6
1839	124.6
1840	105.2
1841	100.6
1842	106.5
1843	129.2
1844	115.9
1845	109.1
1846	75.6
1847	103.2
1848	120.6
1849	124
1850	119.4
1851	108.1
1852	116
1853	115.2
1854	112
1855	113.6
1856	102.2
1857	115.1
1858	111
1859	113.8
1860	93.8
1861	114.7
1862	104.8
1863	111.3
1864	107.5
1865	107
1866	124.4
1867	114.3
1868	112.2
1869	104.5
1870	66.5
1871	112.9
1872	106.5
1873	107.3
1874	124.3
1875	112.9
1876	103.5
1877	113.3
1878	107
1879	121.7
1880	118.5
1881	117.2
1882	115.7
1883	123.1
1884	113.6
1885	112
1886	96.2
1887	109.8
1888	115.9
1889	117.7
1890	116.1
1891	63.8
1892	117
1893	109.4
1894	110.1
1895	115.6
1896	108.2
1897	107.3
1898	120.9
1899	108.1
1900	116.1
1901	116.2
1902	108.1
1903	118.1
1904	110.6
1905	113.1
1906	107.9
1907	77.6
1908	86.4
1909	61.2
1910	55.8
1911	116.8
1912	110.1
1913	104.4
1914	113.4
1915	107
1916	109.5
1917	119.7
1918	76.4
1919	107.4
1920	111.6
1921	119.7
1922	109.3
1923	108.8
1924	104.8
1925	118.3
1926	109
1927	121.4
1928	108.3
1929	67.8
1930	112.8
1931	80.6
1932	82.6
1933	111.4
1934	103.4
1935	113.9
1936	121.5
1937	104.5
1938	102.1
1939	107.9
1940	109.5
1941	111.8
1942	101.1
1943	108.4
1944	118.8
1945	70.3
1946	110.6
1947	107.3
1948	68.4
1949	110.8
1950	1.1
1951	113.2
1952	59.4
1953	78.6
1954	108.5
1955	96.3
1956	113.5
1957	116.6
1958	116.1
1959	91.3
1960	110.2
1961	101.4
1962	109.8
1963	103.2
1964	106.5
1965	116
1966	1.1
1967	65.2
1968	101.5
1969	110
1970	117.1
1971	120.4
1972	109.3
1973	102.6
1974	114.2
1975	87.5
1976	94.2
1977	77.3
1978	117.3
1979	1.1
1980	113.8
1981	112
1982	1.1
1983	116.9
1984	114.8
1985	83.3
1986	96.8
1987	115
1988	77.4
1989	1.1
1990	1.1
1991	112.4
1992	114.2
1993	89.2
1994	119.3
1995	110.9
1996	104.8
1997	86
1998	116.5
1999	115.8
2000	97
2001	111.1
2002	101
2003	97.6
2004	104.9
2005	106.6
2006	98.8
2007	115.3
2008	106.3
2009	113.7
2010	87.3
2011	1.1
2012	103.6
2013	94.6
2014	1.1
2015	93.8
2016	107.8
2017	116.6
2018	100.3
2019	105.6
2020	111.2
2021	103.6
2022	107.2
2023	59.7
2024	1.1
2025	121.4
2026	103.9
2027	69.5
2028	117.1
2029	111.4
2030	113.7
2031	96.9
2032	81.6
2033	113.1
2034	114.8
2035	71.1
2036	1.1
2037	111.3
2038	1.1
2039	106.5
2040	110.2
2041	1.1
2042	77.7
2043	110
2044	114
2045	110.1
2046	108.5
2047	84.4
2048	110.2
2049	118
2050	110.8
2051	92.5
2052	111.5
2053	101.6
2054	79.7
2055	95.3
2056	109.9
2057	92.8
2058	1.1
2059	106.5
2060	104.2
2061	83.6
2062	120
2063	109.1
2064	92.2
2065	110.8
2066	109.3
2067	89.8
2068	110.2
2069	110.1
2070	98.9
2071	94.1
2072	111.7
2073	96
2074	109.8
2075	109.8
2076	1.1
2077	103.3
2078	106.6
2079	110.5
2080	108.8
2081	107.3
2082	110.7
2083	82.2
2084	104
2085	116.2
2086	83.5
2087	110
2088	118.4
2089	100.1
2090	111
2091	75.4
2092	103.9
2093	106.4
2094	110
2095	80.5
2096	105.9
2097	91.4
2098	86.2
2099	111.1
2100	104.2
2101	107.4
2102	103.3
2103	101.3
2104	86.1
2105	109.1
2106	111.1
2107	113.5
2108	94
2109	105.5
2110	110.1
2111	93
2112	1.1
2113	91.8
2114	110.1
2115	90.7
2116	88.6
2117	94.4
2118	98.7
2119	78.7
2120	101.9
2121	79.3
2122	102.9
2123	116
2124	90.5
2125	78.6
2126	109.9
2127	86.1
2128	107.1
2129	86.4
2130	115.5
2131	96.1
2132	103.8
2133	101.5
2134	107.7
2135	70.7
2136	101.6
2137	83.6
2138	83
2139	81.2
2140	87.5
2141	92.5
2142	85.4
2143	100.7
2144	106.1
2145	82.8
2146	74.3
2147	78.1
2148	106.1
2149	107.7
2150	97
2151	103.3
2152	105.5
2153	106
2154	105.3
2155	87.3
2156	87.1
2157	104.7
2158	75.8
2159	73
2160	109.1
2161	91.2
2162	112.4
2163	77.9
2164	99.9
2165	79.4
2166	88.5
2167	89.1
2168	112.5
2169	104.8
2170	91.5
2171	113.1
2172	93.1
2173	103.6
2174	95.5
2175	63.2
2176	102.2
2177	104.3
2178	85.4
2179	99.1
2180	76.2
2181	98.9
2182	109.2
2183	100.5
2184	91
2185	74.9
2186	62.5
2187	73
2188	83.4
2189	95.3
2190	82.9
2191	104.6
2192	85.2
2193	90.4
2194	100
2195	85
2196	91.8
2197	87.8
2198	82.9
2199	106
2200	87.7
2201	67.9
2202	94.5
2203	106.2
2204	87.7
2205	109.9
2206	73.2
2207	86.5
2208	77.6
2209	107
2210	102
2211	106.9
2212	66.3
2213	97.8
2214	92.3
2215	76.8
2216	80
2217	96.7
2218	90.4
2219	89.3
2220	92.1
2221	74.9
2222	100.6
2223	82.2
2224	107.9
2225	80.1
2226	86
2227	100
2228	101.4
2229	108
2230	64.3
2231	78.9
2232	84
2233	93.9
2234	86.2
2235	100.6
2236	94.1
2237	108.8
2238	108
2239	78.2
2240	105.5
2241	85.9
2242	101.1
2243	111.3
2244	106.8
2245	90.7
2246	80.1
2247	101.5
2248	100.9
2249	92
2250	83.4
2251	85.1
2252	99.9
2253	100.9
2254	75.8
2255	99
2256	80.6
2257	91.5
2258	88.6
2259	102.5
2260	100.4
2261	97.1
2262	91.9
2263	100.2
2264	96.5
2265	102.4
2266	103.6
2267	107.2
2268	92.6
2269	88.9
2270	107.4
2271	73.6
2272	102.1
2273	84.3
2274	101.1
2275	95.9
2276	89.1
2277	109.4
2278	109.2
2279	94.6
2280	105.1
2281	114.3
2282	97.4
2283	87.5
2284	110.5
2285	101.7
2286	97.8
2287	78.4
2288	76.7
2289	104.1
2290	106.8
2291	94.2
2292	103.3
2293	78.8
2294	93.4
2295	96.7
2296	104.5
2297	92.3
2298	99.5
2299	75.7
2300	104.3
2301	111.6
2302	101.7
2303	108.2
2304	104.5
2305	91.1
2306	100.4
2307	104.5
2308	108.6
2309	106
2310	97
2311	114.8
2312	113.5
2313	103.2
2314	111.6
2315	118.7
2316	94.3
2317	98.2
2318	88.2
2319	87.7
2320	103.3
2321	83.2
2322	112.7
2323	104.7
2324	99.4
2325	100.8
2326	106
2327	96.1
2328	87.2
2329	99.6
2330	112.9
2331	118.2
2332	87.1
2333	101.9
2334	79.7
2335	118.7
2336	106.4
2337	112.7
2338	101.3
2339	87.8
2340	103
2341	109
2342	115.5
2343	91.2
2344	106.3
2345	103.7
2346	108.6
2347	98
2348	104.9
2349	102.2
2350	104.9
2351	77.5
2352	103.9
2353	104.7
2354	110.3
2355	104.9
2356	111.8
2357	114.7
2358	86.2
2359	105
2360	111
2361	112.3
2362	100.5
2363	98.8
2364	83.5
2365	100.5
2366	112.9
2367	118.2
2368	101.6
2369	78.7
2370	106.3
2371	107.9
2372	103.2
2373	108.8
2374	84
2375	110.6
2376	117.7
2377	113.5
2378	110
2379	101.8
2380	97.9
2381	102
2382	95.1
2383	118.1
2384	118.3
2385	68.7
2386	106
2387	104.7
2388	109.4
2389	105.7
2390	75.2
2391	103
2392	105.4
2393	120.6
2394	107.8
2395	88.3
2396	102.4
2397	115.5
2398	66.2
2399	109.3
2400	115.7
2401	100.5
2402	106.7
2403	100.4
2404	80.3
2405	106.2
2406	98.9
2407	114.3
2408	108.7
2409	107.9
2410	110.1
2411	111.2
2412	113.7
2413	112.2
2414	82.5
2415	110.7
2416	100.9
2417	99.3
2418	99.7
2419	102.5
2420	105.9
2421	120.9
2422	86.6
2423	95.3
2424	107.6
2425	60.5
2426	114.6
2427	102.5
2428	100.8
2429	120.4
2430	116.3
2431	109.9
2432	104.4
2433	107.3
2434	74.8
2435	110.1
2436	100.4
2437	60.7
2438	107.4
2439	100.7
2440	108
2441	119.4
2442	97.4
2443	104.4
2444	111.1
2445	111.1
2446	64.8
2447	112
2448	118.3
2449	117.1
2450	114.1
2451	105.1
2452	105.2
2453	122.4
2454	109.4
2455	106.3
2456	106
2457	108.5
2458	105.2
2459	113.1
2460	58.7
2461	110
2462	95.3
2463	63.4
2464	119.1
2465	119.4
2466	111.8
2467	91.9
2468	103.5
2469	114.7
2470	112.6
2471	108
2472	114.8
2473	70.1
2474	96.6
2475	106.6
2476	121.3
2477	109.7
2478	105.8
2479	119.2
2480	110.5
2481	84.2
2482	53.5
2483	121.3
2484	108.6
2485	105.3
2486	104.5
2487	115.3
2488	107.5
2489	110.3
2490	109.5
2491	66.8
2492	108.1
2493	116.8
2494	106.5
2495	104.3
2496	64.2
2497	96
2498	104.3
2499	55.1
2500	109.5
2501	102.5
2502	105.6
2503	111.8
2504	88.7
2505	102.4
2506	103.8
2507	117.5
2508	95.8
2509	121.8
2510	94.3
2511	4.6
2512	100
2513	101.7
2514	103.2
2515	105.1
2516	108.8
2517	68.9
2518	72.9
2519	100.9
2520	108.5
2521	100.6
2522	4.6
2523	67.3
2524	114.7
2525	76.7
2526	101.9
2527	99.5
2528	98.9
2529	102.1
2530	96.1
2531	95.5
2532	94.8
2533	108
2534	84.7
2535	98.6
2536	111
2537	83.8
2538	4.6
2539	116.1
2540	107.5
2541	113.1
2542	99.3
2543	103.3
2544	91.8
2545	105
2546	99.6
2547	100.6
2548	107.3
2549	101
2550	114.3
2551	81.8
2552	116.1
2553	94.3
2554	108.4
2555	97.4
2556	100.8
2557	106.3
2558	100.7
2559	95
2560	4.6
2561	95.4
2562	113.7
2563	103.6
2564	107.4
2565	106.7
2566	72.2
2567	102.7
2568	4.6
2569	105.3
2570	80.1
2571	83
2572	109
2573	85.2
2574	104.2
2575	91
2576	98.4
2577	97.9
2578	101.9
2579	100.6
2580	108.9
2581	108.2
2582	113.8
2583	104.1
2584	110.3
2585	4.6
2586	112.5
2587	99.3
2588	100.8
2589	97.8
2590	101.2
2591	100.7
2592	93.6
2593	87.6
2594	72.6
2595	111.6
2596	4.6
2597	96.7
2598	110.2
2599	101
2600	95.5
2601	97.7
2602	107.4
2603	93.9
2604	113.2
2605	101
2606	110.5
2607	4.6
2608	85.3
2609	103.2
2610	78.7
2611	102
2612	91.9
2613	95.1
2614	108
2615	84.1
2616	103.1
2617	4.6
2618	104
2619	110.6
2620	107.6
2621	69.5
2622	97.7
2623	4.6
2624	92.4
2625	110.4
2626	56.4
2627	97.9
2628	83.1
2629	107
2630	93
2631	90.1
2632	4.6
2633	95.5
2634	97.5
2635	88.8
2636	102.7
2637	105.2
2638	108.5
2639	89.1
2640	89.2
2641	116.2
2642	4.6
2643	109.4
2644	110.7
2645	108.5
2646	87.2
2647	74.6
2648	99.7
2649	102.4
2650	4.6
2651	104.1
2652	106.5
2653	94.8
2654	112.6
2655	89.9
2656	100.6
2657	71.7
2658	89.8
2659	101.6
2660	4.6
2661	104.2
2662	102.5
2663	103.3
2664	89.2
2665	104.1
2666	115.3
2667	67.2
2668	108.4
2669	98.1
2670	100.5
2671	99.5
2672	98.1
2673	66.4
2674	64.5
2675	105.1
2676	49.4
2677	103.3
2678	102
2679	109.4
2680	110.4
2681	109.4
2682	105.9
2683	94.5
2684	90.3
2685	93
2686	100.1
2687	95.2
2688	101.3
2689	105.4
2690	97.1
2691	107
2692	39.4
2693	96.8
2694	102.9
2695	105.6
2696	97.1
2697	100.1
2698	102.1
2699	64.7
2700	91.9
2701	57.5
2702	96.9
2703	83.9
2704	54.1
2705	87.1
2706	113.3
2707	46.5
2708	98.6
2709	92.2
2710	98.5
2711	110
2712	91.1
2713	99.3
2714	96.9
2715	74.7
2716	96.5
2717	102.3
2718	76.8
2719	101.5
2720	103.2
2721	89.1
2722	105.3
2723	95.4
2724	59.5
2725	96.7
2726	94.2
2727	92.9
2728	78.5
2729	90.5
2730	106.3
2731	90
2732	108.3
2733	106.7
2734	107.1
2735	79.3
2736	49.1
2737	87.7
2738	91.4
2739	89.3
2740	102
2741	93
2742	97.7
2743	88.2
2744	79.4
2745	68.1
2746	54.1
2747	81.1
2748	97.4
2749	86
2750	102.3
2751	79
2752	89.8
2753	81.7
2754	108
2755	96.5
2756	80.1
2757	85.4
2758	90.7
2759	80.8
2760	86
2761	79.1
2762	86.6
2763	61.1
2764	109
2765	106.9
2766	101.4
2767	57
2768	95.1
2769	84.4
2770	83.5
2771	97.6
2772	97.6
2773	53.2
2774	82.4
2775	111.1
2776	89.7
2777	100.4
2778	111.2
2779	88.4
2780	44.5
2781	88.5
2782	77.3
2783	96.3
2784	98.7
2785	64
2786	63.1
2787	99.6
2788	79.6
2789	109.2
2790	91.6
2791	107.5
2792	113.7
2793	83.9
2794	88.7
2795	80.3
2796	95.2
2797	88.4
2798	103.9
2799	87.4
2800	113
2801	111.4
2802	97.1
2803	78.2
2804	55.2
2805	113.1
2806	88.3
2807	93.7
2808	110.9
2809	104.3
2810	56.5
2811	114.5
2812	90.2
2813	100.1
2814	93.9
2815	115.7
2816	76.8
2817	85.7
2818	81.2
2819	97.1
2820	104.3
2821	106.1
2822	86.6
2823	99
2824	60.1
2825	85.9
2826	63.1
2827	48.8
2828	92.4
2829	62.8
2830	94.5
2831	104.6
2832	102.8
2833	83.3
2834	90.1
2835	99.3
2836	98.1
2837	96.9
2838	98.8
2839	108.6
2840	105.2
2841	107.4
2842	82.5
2843	88.2
2844	67.9
2845	87.4
2846	57.7
2847	115.3
2848	111.2
2849	107.4
2850	113.6
2851	77.5
2852	91.2
2853	97.1
2854	110.1
2855	95.4
2856	99
2857	92
2858	84.9
2859	90.8
2860	93.7
2861	102.9
2862	96.8
2863	69.2
2864	97.6
2865	107.5
2866	109.2
2867	95.5
2868	74.6
2869	94.4
2870	91.1
2871	108.5
2872	113.1
2873	107.4
2874	58.9
2875	90.6
2876	63
2877	95
2878	96.3
2879	67.3
2880	94.3
2881	95.5
2882	109.3
2883	96.7
2884	96.6
2885	74.4
2886	81.9
2887	70.2
2888	54.1
2889	63.2
2890	62.7
2891	106.1
2892	109.5
2893	94.3
2894	96.3
2895	115.8
2896	64.2
2897	109.5
2898	91.3
2899	93
2900	95.3
2901	67.5
2902	97.2
2903	115.2
2904	57.2
2905	95.8
2906	110.5
2907	79
2908	94
2909	110.8
2910	95.6
2911	106.2
2912	93.8
2913	110.9
2914	109.9
2915	65
2916	115.9
2917	60.1
2918	92.6
2919	72.4
2920	65
2921	101.9
2922	93.3
2923	89.9
2924	87.1
2925	103.9
2926	86.8
2927	52.7
2928	97.6
2929	80.5
2930	108.2
2931	94.4
2932	98.4
2933	95.8
2934	56.8
2935	92.1
2936	67.7
2937	89.6
2938	58.9
2939	93.5
2940	59.9
2941	85.6
2942	56.2
2943	109.3
2944	59.4
2945	94.4
2946	102.2
2947	91.7
2948	94.8
2949	88.6
2950	91.9
2951	97.5
2952	92.5
2953	109.1
2954	97.1
2955	115.4
2956	102.7
2957	78.2
2958	95.8
2959	70.2
2960	88.9
2961	95.6
2962	90.2
2963	91.6
2964	105
2965	90.4
2966	93.5
2967	111.7
2968	88.9
2969	64.4
2970	55.2
2971	88.2
2972	94.3
2973	52.9
2974	91.8
2975	102.3
2976	101.4
2977	76.1
2978	92.3
2979	96.4
2980	93.5
2981	105.2
2982	101.2
2983	92
2984	93.7
2985	95.6
2986	87.8
2987	88.6
2988	92.9
2989	56
2990	83.3
2991	104.2
2992	95.5
2993	94.2
2994	92.6
2995	94.6
2996	98.3
2997	101.6
2998	86.6
2999	102.3
3000	88.4
3001	72.7
3002	95.6
3003	89.4
3004	98.9
3005	82.3
3006	93.6
3007	100.3
3008	95.6
3009	100.3
3010	58.2
3011	94.5
3012	82.1
3013	97.9
3014	83.2
3015	87.7
3016	93.6
3017	106.7
3018	83.5
3019	85.5
3020	85
3021	98.1
3022	72.5
3023	94.5
3024	95.4
3025	82
3026	100.4
3027	99.6
3028	89.2
3029	98.8
3030	64.6
3031	92.8
3032	93.1
3033	87.5
3034	84.9
3035	85.9
3036	64.5
3037	85.2
3038	87.8
3039	90.6
3040	107.6
3041	111.2
3042	115.8
3043	104.9
3044	102.2
3045	106.6
3046	78.7
3047	87.8
3048	100.9
3049	86.1
3050	106.3
3051	113.2
3052	93.8
3053	110.7
3054	88.1
3055	92.5
3056	106
3057	85
3058	108.1
3059	97.1
3060	69.3
3061	74.7
3062	92.9
3063	106.4
3064	112.7
3065	67.7
3066	120
3067	72.6
3068	119.1
3069	79.1
3070	95.9
3071	92.9
3072	97
3073	66.1
3074	108.6
3075	85.6
3076	97.9
3077	101.1
3078	92.4
3079	104.1
3080	105
3081	87.3
3082	73.8
3083	110.3
3084	75.3
3085	94.3
3086	111.2
3087	118.7
3088	121.6
3089	113.8
3090	101.1
3091	87.4
3092	79.4
3093	96.5
3094	79.7
3095	66.1
3096	104.9
3097	76.9
3098	116
3099	79.8
3100	104.3
3101	55.6
3102	85.2
3103	107.6
3104	109.6
3105	74.5
3106	110.4
3107	108
3108	68.1
3109	81.6
3110	79
3111	119.7
3112	54.7
3113	116.2
3114	88.3
3115	76.1
3116	81
3117	93
3118	118.8
3119	121.9
3120	38.1
3121	122.4
3122	68.8
3123	110.5
3124	57.7
3125	94.7
3126	70.1
3127	40.9
3128	65.1
3129	72.8
3130	65.6
3131	115.3
3132	110.2
3133	115.6
3134	114
3135	72.5
3136	115.2
3137	60.4
3138	75.3
3139	122.5
3140	101.4
3141	65.9
3142	106.1
3143	118.4
3144	75
3145	54.2
3146	59.7
3147	60.1
3148	76.9
3149	64.1
3150	45.4
3151	123.4
3152	122.3
3153	110.3
3154	104.3
3155	35.4
3156	95.9
3157	92.1
3158	46.4
3159	103.8
3160	50.1
3161	121.8
3162	121.5
3163	67.9
3164	68.9
3165	60
3166	122.8
3167	57.5
3168	115.1
3169	63.5
3170	110.3
3171	78.6
3172	114.8
3173	68
3174	30.7
3175	108.2
3176	80.2
3177	73.4
3178	78.6
3179	68.2
3180	67.3
3181	56.1
3182	110.3
3183	111.8
3184	121
3185	120.3
3186	93
3187	105.2
3188	32.6
3189	88.4
3190	81
3191	80.8
3192	33.9
3193	65.1
3194	111.8
3195	120.7
3196	53.4
3197	61.3
3198	57.1
3199	103.7
3200	64.8
3201	79.7
3202	120.4
3203	113.7
3204	62.5
3205	114.2
3206	71
3207	77.9
3208	77.2
3209	51.6
3210	117.2
3211	117
3212	108.2
3213	69.1
3214	67.9
3215	65.4
3216	71.7
3217	82.2
3218	114.2
3219	117.5
3220	61.8
3221	83.3
3222	116.2
3223	83.6
3224	114.4
3225	79.5
3226	111.2
3227	80.5
3228	72.2
3229	53
3230	66.8
3231	62.6
3232	80.6
3233	71.2
3234	104.2
3235	115
3236	116.4
3237	67
3238	119.6
3239	50.1
3240	73.7
3241	73.6
3242	74
3243	116.6
3244	81.6
3245	82.7
3246	86.6
3247	46.9
3248	74.7
3249	82.3
3250	68.4
3251	112.5
3252	114.6
3253	85.1
3254	113.7
3255	72.6
3256	80.7
3257	114.6
3258	78.3
3259	78.5
3260	83.7
3261	51.4
3262	110.5
3263	74.6
3264	69.2
3265	70.6
3266	69.8
3267	77.5
3268	110.5
3269	110.6
3270	62.9
3271	68.9
3272	107.1
3273	66.8
3274	108.7
3275	74.2
3276	70.9
3277	66.7
3278	91.4
3279	80.4
3280	78.3
3281	82.2
3282	70
3283	96.9
3284	70.9
3285	69.2
3286	101.8
3287	80.9
3288	53.3
3289	70.5
3290	81
3291	98.8
3292	77.3
3293	56.1
3294	59.5
3295	82.9
3296	73.1
3297	80.4
3298	67.7
3299	66.6
3300	74.9
3301	74.5
3302	75.8
3303	100
3304	58
3305	103
3306	72.8
3307	83
3308	102.6
3309	79.4
3310	68.5
3311	76.4
3312	53.4
3313	70.1
3314	66.1
3315	67.6
3316	94
3317	74.1
3318	89.9
3319	57.1
3320	66
3321	75.1
3322	63.4
3323	51.2
3324	71
3325	69
3326	76.2
3327	59.6
3328	76.8
3329	67.3
3330	65.5
3331	81
3332	77.6
3333	67.7
3334	67.4
3335	91.6
3336	72.8
3337	59.6
3338	83.1
3339	66.1
3340	68.9
3341	77.3
3342	70.3
3343	76
3344	66.6
3345	56.3
3346	70.8
3347	71.6
3348	58.2
3349	64.3
3350	90.9
3351	68.9
3352	94.9
3353	68
3354	68.1
3355	74.9
3356	77.4
3357	65.1
3358	70.3
3359	65.5
3360	88.3
3361	63.7
3362	60.1
3363	65.3
3364	50.2
3365	71.4
3366	65
3367	68.8
3368	69.1
3369	71.8
3370	49.2
3371	67.3
3372	69.1
3373	64.5
3374	63.5
3375	59.8
3376	62.2
3377	60.6
3378	59.4
3379	64.4
3380	64.5
3381	65.4
3382	58.3
3383	66.1
3384	65.1
3385	67.2
3386	63.7
3387	65.6
3388	58.9
3389	67.9
3390	67.2
3391	65.9
3392	65.2
3393	63.1
3394	73.2
3395	67.9
3396	68.6
3397	73.5
3398	61.7
3399	61.8
3400	118
3401	116.2
3402	116.3
3403	104.7
3404	109.2
3405	104
3406	105.8
3407	107.1
3408	110.4
3409	111.7
3410	29.3
3411	29.5
3412	103.8
3413	103.9
3414	106.2
3415	106.1
3416	118.6
3417	110
3418	111.6
3419	109.9
3420	114.9
3421	107.8
3422	111
3423	103.2
3424	113
3425	109.8
3426	111.3
3427	121.2
3428	59
3429	116.8
3430	57
3431	106.6
3432	115
3433	119.2
3434	115.2
3435	116.7
3436	107
3437	113.6
3438	114.9
3439	111
3440	98.7
3441	113.8
3442	119.7
3443	109.3
3444	92.3
3445	112.1
3446	116.2
3447	114.9
3448	119.5
3449	112
3450	120.4
3451	111.1
3452	113.6
3453	93.5
3454	109.8
3455	113.6
3456	122.6
3457	115.7
3458	102.5
3459	115.6
3460	106.7
3461	118.4
3462	115.1
3463	115.9
3464	115.8
3465	112
3466	77.2
3467	110.9
3468	110.9
3469	79.7
3470	107.1
3471	114.7
3472	68.9
3473	113.9
3474	103.2
3475	114.3
3476	114.8
3477	113.2
3478	109.6
3479	109.5
3480	113
3481	119
3482	58
3483	84
3484	109.6
3485	93.8
3486	113
3487	1.1
3488	76.3
3489	113
3490	110.1
3491	111.7
3492	90.9
3493	92.7
3494	105.1
3495	101
3496	80.7
3497	76.7
3498	70.8
3499	98.9
3500	84.6
3501	88.3
3502	97.5
3503	84.3
3504	87.3
3505	92.5
3506	101.6
3507	87
3508	105.2
3509	90.1
3510	98.2
3511	103.4
3512	104.5
3513	105.7
3514	95.2
3515	107.4
3516	100.7
3517	97.4
3518	101.1
3519	108.3
3520	111.8
3521	111.4
3522	117
3523	106.8
3524	103.2
3525	103.5
3526	78.4
3527	102.2
3528	109.4
3529	96.1
3530	93.4
3531	115.4
3532	85
3533	112
3534	105.3
3535	96.8
3536	104.7
3537	66.2
3538	98.8
3539	99.8
3540	95.2
3541	106.4
3542	110.7
3543	105.9
3544	95.6
3545	93.6
3546	102
3547	96.9
3548	114.4
3549	96.7
3550	91.3
3551	94.8
3552	96.3
3553	95.2
3554	96
3555	113.8
3556	92.4
3557	57.3
3558	110.5
3559	51.4
3560	99.8
3561	84.2
3562	83.8
3563	101.5
3564	88.6
3565	95.3
3566	88.6
3567	100.5
3568	108.9
3569	118.4
3570	105.9
3571	108.9
3572	89
3573	111.1
3574	91.7
3575	103.9
3576	121.1
3577	114.1
3578	118.1
3579	78.2
3580	76.2
3581	84.2
3582	117.5
3583	66
3584	120.6
3585	83.1
3586	113.3
3587	78.9
3588	83.4
3589	82.2
3590	65.3
3591	102.1
3592	68.1
3593	67.3
3594	67.2
