"COMID"	"Value"
1	23.9
2	14.3
3	31.3
4	31
5	18.6
6	1.3
7	43.1
8	16.9
9	1.9
10	0.4
11	34.9
12	1.7
13	15.6
14	35.6
15	15.8
16	0.3
17	29.4
18	28.9
19	29.5
20	28.7
21	27.2
22	30.6
23	0.2
24	1.5
25	26.9
26	22.5
27	25.1
28	24.9
29	0.2
30	12.2
31	25.9
32	28.1
33	33.3
34	1.4
35	29.4
36	2.5
37	36
38	0.4
39	0.6
40	15.1
41	32.6
42	25.6
43	22.8
44	28.2
45	15.3
46	20.1
47	17.8
48	30.8
49	26.7
50	10.9
51	0.6
52	24.2
53	2.7
54	26.2
55	28.7
56	25.7
57	15.8
58	0.7
59	17.5
60	0.8
61	1.9
62	1.7
63	24.9
64	20.2
65	1.1
66	7.9
67	28.5
68	17.2
69	15.6
70	4.1
71	1
72	28.8
73	0.7
74	32.1
75	4.8
76	3.6
77	7.7
78	13
79	29.8
80	2.3
81	21.1
82	3.6
83	28.6
84	0.3
85	27
86	18
87	0.7
88	0.6
89	5.8
90	19.9
91	13.6
92	29.2
93	26
94	1.7
95	39.5
96	1.8
97	30.2
98	0.2
99	9.8
100	27.5
101	17.1
102	21.4
103	0.5
104	4.5
105	3.3
106	29.3
107	7.6
108	0.3
109	2.3
110	1.6
111	0.8
112	29.1
113	2.7
114	29.6
115	20.5
116	17.2
117	25.8
118	21.1
119	1.5
120	13.6
121	21.9
122	19.4
123	1
124	18.2
125	19.5
126	27.6
127	17.6
128	28
129	1.1
130	6.9
131	10.5
132	2.2
133	25.8
134	13.8
135	19.2
136	18.9
137	31.2
138	1.1
139	1.1
140	14.3
141	16.4
142	3.2
143	1.7
144	11.5
145	1.9
146	21.8
147	22.2
148	32.6
149	21.9
150	35.7
151	7.1
152	19.1
153	1.1
154	19.4
155	1
156	6.5
157	33.5
158	1.7
159	11.7
160	25.2
161	5.8
162	2.4
163	19.6
164	5
165	2.1
166	2.2
167	25
168	5.1
169	27.2
170	27.3
171	14.6
172	4
173	8.7
174	1.6
175	18.2
176	39.9
177	12.7
178	19.7
179	21.1
180	1.8
181	0.6
182	9.5
183	2.2
184	1.5
185	2
186	15.3
187	21.4
188	1.8
189	1.4
190	23.9
191	1.2
192	21.4
193	2.5
194	40.7
195	4.1
196	1.2
197	13
198	1
199	24.4
200	1
201	1
202	1.8
203	1.1
204	0.5
205	1.9
206	9.5
207	12
208	39
209	30
210	14.8
211	20.5
212	30.7
213	31.9
214	0.9
215	25
216	25.7
217	12.1
218	11.5
219	11.3
220	1.1
221	5.7
222	24.6
223	35.3
224	0.4
225	20.3
226	21.1
227	1.7
228	27.6
229	0.6
230	9.5
231	13.6
232	20.7
233	27.1
234	13.2
235	5
236	27.8
237	18.3
238	10.7
239	24.8
240	20.1
241	20.7
242	0.3
243	5.1
244	26.7
245	23.9
246	29.6
247	3.5
248	2.1
249	0.3
250	27
251	20.7
252	8
253	17.7
254	0.6
255	0.4
256	14.4
257	0.7
258	6.9
259	3.7
260	1.2
261	22.2
262	21.3
263	5.4
264	0.3
265	0.3
266	21.8
267	24.3
268	4.8
269	25.4
270	0.2
271	18.3
272	21.2
273	26.6
274	4.8
275	20.5
276	5.1
277	0.4
278	21
279	0.3
280	17.4
281	20.3
282	23
283	0.6
284	12
285	0.5
286	16.9
287	10.7
288	5.8
289	1.1
290	0.1
291	3.9
292	5.3
293	5.4
294	6.9
295	0.2
296	23.2
297	19.9
298	0.3
299	18.3
300	20
301	0.6
302	23.9
303	18.9
304	3.1
305	20.1
306	9.3
307	19.6
308	23.7
309	0.9
310	16.4
311	19.7
312	15.2
313	16.3
314	4.9
315	0.9
316	0.7
317	5.7
318	14.4
319	4.6
320	16.5
321	0.4
322	14
323	17.6
324	0.9
325	4.7
326	6.4
327	0.9
328	1
329	0.6
330	0.6
331	0.8
332	0.5
333	0.5
334	0.7
335	16
336	0.6
337	6.1
338	0.6
339	4.5
340	3.1
341	0.6
342	6.3
343	1
344	6.8
345	4.9
346	7.6
347	1
348	10.1
349	5.6
350	0.8
351	2
352	1.2
353	23.7
354	3.1
355	3.7
356	1.1
357	3.7
358	2.9
359	5.3
360	2.6
361	0.6
362	2.2
363	2.1
364	5.2
365	18.2
366	1.8
367	4.6
368	31.4
369	3
370	21.9
371	3.7
372	1.1
373	1.5
374	3.8
375	9.9
376	1.1
377	21.9
378	1.3
379	3.9
380	23.1
381	2.1
382	2.3
383	28.5
384	3.2
385	4.6
386	2.9
387	32
388	23.3
389	11.5
390	28.8
391	0.5
392	11.1
393	6
394	0.4
395	1.8
396	6
397	6.7
398	0.3
399	12.2
400	0.2
401	30.5
402	4.2
403	1
404	1.8
405	0.5
406	12.3
407	9.3
408	1.4
409	3.2
410	6.2
411	35.3
412	0.5
413	16
414	0.4
415	6.3
416	0.4
417	1.4
418	1.1
419	2.1
420	0.8
421	7.4
422	3.6
423	14.5
424	11.2
425	52
426	1.3
427	9.8
428	13.6
429	30.9
430	13.8
431	6
432	0.5
433	45.9
434	0.8
435	0.1
436	43.5
437	20.8
438	54.2
439	2.3
440	21.2
441	7.7
442	0.1
443	11.9
444	0.8
445	57.7
446	0.3
447	61.5
448	57.1
449	0
450	3.4
451	1.9
452	33.8
453	2.7
454	0.2
455	4.7
456	0.6
457	29.3
458	28.6
459	19.3
460	1.2
461	25.5
462	39.9
463	4.2
464	5.6
465	30
466	3
467	4.4
468	1.7
469	1
470	1
471	2.9
472	16.4
473	22.8
474	0.5
475	4.9
476	0.1
477	40.1
478	0.7
479	1.5
480	24.3
481	1
482	0.5
483	31.7
484	0.2
485	1
486	5.3
487	1.3
488	11.1
489	1
490	9.2
491	2.6
492	22.7
493	1.7
494	13.1
495	9.2
496	0.7
497	5.7
498	0.9
499	1.4
500	4.9
501	1.8
502	11.6
503	0.1
504	0.3
505	2.1
506	3.3
507	5.2
508	1.3
509	2.8
510	1.1
511	7.2
512	8.2
513	0.6
514	2
515	1
516	0.5
517	6.9
518	1
519	2.2
520	9
521	0.2
522	0.4
523	0.3
524	26.3
525	0
526	1
527	0.1
528	0.2
529	0.5
530	11.1
531	7.7
532	32.2
533	0
534	0
535	12.8
536	20.8
537	4.3
538	1.2
539	0
540	0.1
541	3.8
542	8.2
543	0.2
544	1.1
545	5.9
546	6.7
547	1.1
548	5.3
549	8.4
550	0
551	2.6
552	1.1
553	24.8
554	0.6
555	0.1
556	1.1
557	1
558	4.9
559	7.9
560	3.9
561	28.8
562	8
563	0.9
564	1.3
565	9.4
566	7.4
567	0.1
568	5
569	1.9
570	0.4
571	30.6
572	2.4
573	0.5
574	1
575	0.1
576	8.5
577	1.5
578	7.3
579	8.4
580	3.9
581	1.5
582	1.1
583	0.2
584	0.5
585	10.8
586	1
587	8.6
588	0.3
589	22.3
590	0.5
591	0.9
592	10.2
593	4.6
594	1.6
595	0.7
596	0.2
597	0.3
598	0.1
599	8.9
600	0.8
601	0.1
602	0.4
603	69.7
604	0.1
605	0.8
606	0.4
607	0.4
608	0.4
609	2.4
610	0.5
611	24.4
612	2.3
613	0.2
614	43.2
615	20.4
616	1.3
617	26.5
618	63.4
619	2.5
620	1.1
621	0.1
622	44.3
623	46
624	41.6
625	0.5
626	0.2
627	5.7
628	0.1
629	4
630	14.1
631	0.5
632	66.5
633	23.9
634	0.3
635	3.6
636	4
637	2.4
638	0.2
639	75
640	24.7
641	8.3
642	0.8
643	35.5
644	3
645	67.6
646	29.6
647	0.6
648	73.7
649	38.8
650	0.7
651	16.2
652	0.4
653	0.3
654	0.5
655	0.4
656	0.7
657	38.6
658	29.5
659	35.2
660	5.6
661	30.2
662	25.1
663	34.6
664	0.6
665	0.4
666	1
667	28.5
668	38.5
669	31
670	0.8
671	0.5
672	0.5
673	30
674	26.3
675	33.3
676	28.7
677	8.8
678	2.6
679	0.7
680	14.4
681	33
682	33.9
683	34.7
684	30.3
685	0.5
686	11.1
687	0.5
688	31.9
689	0.3
690	35.2
691	25.1
692	7.4
693	2.6
694	22.7
695	26.5
696	31.3
697	0.8
698	29.2
699	29.7
700	30.7
701	26.7
702	32
703	33.1
704	26.4
705	25.7
706	3.1
707	11.8
708	34.6
709	28.7
710	27.9
711	16.3
712	10.6
713	28.2
714	1.6
715	24.8
716	1.8
717	72.9
718	28
719	27.1
720	32
721	0.8
722	25.1
723	28.9
724	33.9
725	0.4
726	0.7
727	22.6
728	30.7
729	26
730	27
731	4
732	19.9
733	25.7
734	29.8
735	13.1
736	3.2
737	29.5
738	30.1
739	33
740	34.7
741	25.7
742	64
743	28.4
744	12.2
745	0.5
746	26.4
747	33.1
748	0.2
749	29.4
750	1.9
751	25.2
752	26.2
753	31.8
754	26
755	29.3
756	19.6
757	42.1
758	32.6
759	1
760	24.2
761	1.4
762	24.9
763	27.1
764	8.6
765	27.6
766	20.2
767	35.9
768	28.2
769	35.3
770	26.3
771	29.9
772	36.1
773	20.1
774	18.1
775	25.9
776	2.5
777	18.2
778	23.4
779	6.4
780	36.5
781	26.7
782	106.3
783	102.2
784	101.9
785	102.6
786	98.3
787	101.6
788	96.5
789	99.5
790	96.4
791	96.6
792	94
793	92.6
794	99.9
795	103.7
796	93.5
797	103.3
798	95.4
799	93.6
800	97.2
801	92.7
802	94.6
803	96.1
804	94.5
805	94.3
806	92.9
807	89.1
808	94.5
809	104.6
810	97.2
811	95.4
812	92.3
813	93.6
814	95
815	95.1
816	98.1
817	93.6
818	90.2
819	101.1
820	95.6
821	96.4
822	92.6
823	97.9
824	92.6
825	95.2
826	99.9
827	93.3
828	91.7
829	97.4
830	90.1
831	94.8
832	93.2
833	99
834	95.5
835	92.4
836	91.6
837	82.4
838	97.3
839	102.5
840	90.9
841	92.5
842	101.7
843	54.7
844	94.6
845	90.4
846	104.4
847	91.5
848	98.7
849	104.8
850	92.3
851	92.4
852	92
853	88.8
854	89.9
855	91
856	94.4
857	89.7
858	94.1
859	88
860	100.3
861	91.2
862	29.9
863	85.7
864	88.3
865	88.3
866	100.9
867	88.8
868	95.4
869	89
870	75.5
871	90.7
872	90.2
873	37.2
874	91.7
875	95.2
876	91.8
877	86.6
878	86.7
879	91.2
880	94.4
881	98
882	102.5
883	85.7
884	87.6
885	86.7
886	20.8
887	97.4
888	99.8
889	90.3
890	104.9
891	92.7
892	100.8
893	103.2
894	22.8
895	92
896	93.2
897	93.2
898	93.3
899	104.4
900	102.5
901	97.6
902	98
903	92.9
904	88.5
905	96.7
906	95.9
907	101.7
908	99.7
909	90.6
910	30.8
911	88.5
912	95.4
913	101.8
914	100.8
915	39.4
916	95.3
917	89.8
918	95.3
919	101.8
920	95.8
921	86.1
922	104.3
923	55.8
924	98
925	92.7
926	92.1
927	89.2
928	110
929	99.4
930	107.9
931	89.4
932	113.6
933	102.5
934	34.2
935	96.4
936	95.2
937	97.8
938	95.7
939	91
940	100.3
941	96.3
942	105.7
943	27.4
944	99.2
945	90.8
946	99.3
947	34.1
948	94.5
949	91.4
950	89.9
951	108.2
952	101
953	112.7
954	114.5
955	107.5
956	95.4
957	101.7
958	112.2
959	100.9
960	102.6
961	109.9
962	92.8
963	95.3
964	20
965	90
966	108.9
967	24.5
968	103.1
969	105.3
970	74.7
971	90.2
972	90.8
973	103.1
974	103.1
975	100.2
976	91.6
977	91.9
978	112.5
979	108.2
980	91.8
981	88.3
982	103.3
983	88.9
984	93
985	90.8
986	88.6
987	113.4
988	90.6
989	102.5
990	48.7
991	88.3
992	89.9
993	90.5
994	98
995	99.1
996	89.7
997	89.3
998	112.3
999	97.2
1000	20
1001	112.4
1002	93
1003	43.3
1004	90.4
1005	112.9
1006	96.2
1007	23.3
1008	114.4
1009	77.5
1010	108.1
1011	96.8
1012	94
1013	110.5
1014	91.5
1015	112.4
1016	26.8
1017	90.2
1018	109.7
1019	111.9
1020	107
1021	97.4
1022	104.9
1023	96
1024	92.9
1025	106.5
1026	105.3
1027	90.7
1028	90.4
1029	111.3
1030	101.5
1031	25.5
1032	39
1033	98.8
1034	97.6
1035	96.8
1036	94.7
1037	107.4
1038	98.4
1039	110
1040	113.6
1041	105.2
1042	113.8
1043	26.4
1044	104.7
1045	112.6
1046	110.4
1047	92.9
1048	92.8
1049	92.2
1050	24.3
1051	98.4
1052	95.1
1053	110.8
1054	97.7
1055	94.3
1056	103.7
1057	99.2
1058	101.6
1059	100.5
1060	100.4
1061	26.4
1062	105.2
1063	91.6
1064	92.3
1065	106.7
1066	93.1
1067	95.4
1068	100.3
1069	91.8
1070	92.6
1071	98.8
1072	91.4
1073	92.8
1074	100
1075	79.6
1076	96.4
1077	91.8
1078	104.5
1079	100.6
1080	110.9
1081	96
1082	92.2
1083	89.5
1084	104.3
1085	95.5
1086	92.2
1087	25.8
1088	90
1089	108.9
1090	94.7
1091	92.7
1092	95
1093	104.5
1094	91.9
1095	106.3
1096	108.8
1097	93.9
1098	108.4
1099	80.3
1100	24.6
1101	91.5
1102	98.1
1103	90.9
1104	102.5
1105	109.3
1106	108.8
1107	91.6
1108	105
1109	96.4
1110	94.6
1111	92.6
1112	94.2
1113	93.5
1114	99.7
1115	112.3
1116	103
1117	96.2
1118	110.5
1119	104.6
1120	105.2
1121	103.8
1122	106.8
1123	107.5
1124	93.8
1125	104
1126	102.7
1127	103.6
1128	94.2
1129	96.8
1130	107.1
1131	89.5
1132	100.6
1133	94.2
1134	105.7
1135	97.8
1136	89.8
1137	105.9
1138	105.1
1139	104.2
1140	94.1
1141	104.6
1142	94.3
1143	96
1144	106.4
1145	105.7
1146	103.2
1147	102.6
1148	95.9
1149	102.8
1150	105.4
1151	103
1152	93.2
1153	95.6
1154	22.6
1155	101.3
1156	99.4
1157	105.5
1158	106
1159	84.9
1160	104.3
1161	93.3
1162	106.1
1163	106
1164	98.6
1165	98.4
1166	97.1
1167	93.4
1168	99.1
1169	94.9
1170	101.4
1171	105.2
1172	89.8
1173	107.6
1174	91.3
1175	106.7
1176	74.4
1177	105.9
1178	104.7
1179	98.3
1180	111.6
1181	106.7
1182	103.9
1183	94.4
1184	98.9
1185	97.6
1186	93.9
1187	107.4
1188	106.1
1189	105.9
1190	109.1
1191	96.5
1192	105.8
1193	91.8
1194	102.7
1195	103.5
1196	110.9
1197	102.6
1198	86.6
1199	88.1
1200	31.3
1201	102.7
1202	108.5
1203	101.5
1204	107.8
1205	103.7
1206	93.7
1207	105.1
1208	94.6
1209	102.5
1210	93.1
1211	95.1
1212	105.7
1213	85.7
1214	94.6
1215	107.8
1216	98.3
1217	85
1218	87.8
1219	92.5
1220	88.1
1221	106.1
1222	104
1223	104.9
1224	105.4
1225	105.3
1226	93.6
1227	82.5
1228	107.4
1229	110.6
1230	97.2
1231	96.6
1232	85.8
1233	101.9
1234	107.9
1235	110
1236	88.1
1237	91
1238	95
1239	102.5
1240	100.4
1241	100.8
1242	88.5
1243	106.4
1244	96.9
1245	103.2
1246	96.8
1247	81.8
1248	43.4
1249	99.6
1250	84.8
1251	107
1252	99.9
1253	102.9
1254	107.7
1255	102.7
1256	87
1257	107.5
1258	108.8
1259	106.9
1260	91.5
1261	84.9
1262	97.6
1263	105
1264	107.4
1265	95.9
1266	94.1
1267	101
1268	90.1
1269	43.4
1270	97.6
1271	105.8
1272	97.7
1273	109.8
1274	95.5
1275	98.1
1276	86.3
1277	91.3
1278	92.9
1279	33.9
1280	101
1281	108.5
1282	104.8
1283	95.5
1284	50.5
1285	108.7
1286	95.9
1287	108.4
1288	103.8
1289	94.4
1290	106.1
1291	94.5
1292	108
1293	27.5
1294	110.2
1295	101.1
1296	98.6
1297	53
1298	94.2
1299	100.9
1300	110.5
1301	100.5
1302	104.9
1303	107.6
1304	57.8
1305	97.1
1306	103.3
1307	102
1308	107.1
1309	104.7
1310	99.5
1311	97.3
1312	93.6
1313	108.3
1314	100.7
1315	104.5
1316	92.1
1317	88.4
1318	106
1319	91.2
1320	94.6
1321	111
1322	103.4
1323	106.6
1324	110.4
1325	93
1326	110.2
1327	109.6
1328	96.4
1329	55.7
1330	95
1331	86.2
1332	26.6
1333	81.9
1334	96.7
1335	112.1
1336	98.1
1337	109.1
1338	111.2
1339	108.3
1340	109.8
1341	97
1342	99.2
1343	106.6
1344	105
1345	107.7
1346	108.6
1347	94.8
1348	88.4
1349	106.4
1350	103.2
1351	91.1
1352	51.2
1353	98.6
1354	110
1355	95.9
1356	41.8
1357	87.7
1358	100.3
1359	110.7
1360	110.2
1361	107.1
1362	95.7
1363	105.7
1364	109.8
1365	93.1
1366	110.8
1367	107.8
1368	88.2
1369	105.5
1370	114.8
1371	110.5
1372	104.9
1373	93.6
1374	111.8
1375	101.3
1376	54
1377	106.1
1378	109.8
1379	110.3
1380	91.1
1381	107.3
1382	98.4
1383	113.2
1384	105.4
1385	46.3
1386	89.7
1387	111.1
1388	110.5
1389	107.5
1390	90.3
1391	98.9
1392	92.4
1393	96.7
1394	100.8
1395	93.9
1396	105.1
1397	97.5
1398	105.6
1399	104
1400	85.3
1401	109.3
1402	111.8
1403	101.5
1404	110
1405	112.5
1406	110.8
1407	106
1408	103.9
1409	97.5
1410	102.1
1411	92.6
1412	104.2
1413	101.4
1414	106.7
1415	103
1416	99
1417	104.8
1418	100.2
1419	110.2
1420	106.8
1421	112.2
1422	112.1
1423	73.9
1424	93.7
1425	106.3
1426	91.7
1427	107.9
1428	109.9
1429	111.2
1430	96.8
1431	102.5
1432	109.4
1433	98
1434	107.9
1435	95.8
1436	104.1
1437	95.9
1438	109.7
1439	106.7
1440	98.6
1441	98
1442	104
1443	88
1444	109.3
1445	106.6
1446	101.7
1447	103.6
1448	96.6
1449	104.3
1450	108.5
1451	105.9
1452	106.2
1453	101.4
1454	70.4
1455	104.1
1456	105.9
1457	102.8
1458	91.5
1459	108.6
1460	105.6
1461	95.9
1462	101.3
1463	109.3
1464	107.7
1465	108.4
1466	97.5
1467	106
1468	102.6
1469	91.6
1470	97.9
1471	105.2
1472	105.5
1473	97.4
1474	107.6
1475	96.6
1476	103.1
1477	106.5
1478	100
1479	93.9
1480	102.5
1481	100.3
1482	99.9
1483	107.5
1484	106
1485	67.3
1486	103.8
1487	108.5
1488	100.4
1489	101
1490	106.8
1491	84.1
1492	96.4
1493	100.7
1494	96.8
1495	95.8
1496	100.9
1497	96.8
1498	103
1499	93.4
1500	109.3
1501	95.6
1502	96.7
1503	108.8
1504	98.1
1505	96.5
1506	92.7
1507	103.4
1508	105.8
1509	66.5
1510	104.8
1511	110.6
1512	100
1513	100.8
1514	107
1515	108.7
1516	106.6
1517	98.8
1518	107.8
1519	95.7
1520	106.9
1521	106.7
1522	107.2
1523	105.5
1524	99.1
1525	101.5
1526	105.2
1527	97.8
1528	103.5
1529	94.8
1530	96.2
1531	108.4
1532	110.5
1533	108.9
1534	97.3
1535	44.7
1536	99.2
1537	105.2
1538	59.5
1539	106.5
1540	102.7
1541	104.5
1542	100.7
1543	97.8
1544	109.8
1545	96
1546	52.8
1547	85.9
1548	102.5
1549	102.1
1550	101.1
1551	98.2
1552	99.4
1553	94.8
1554	79.1
1555	95.6
1556	95.9
1557	106.2
1558	99
1559	99.5
1560	109.5
1561	112
1562	105.3
1563	111.9
1564	100.4
1565	84.7
1566	110.9
1567	106.5
1568	106.5
1569	94.7
1570	101.7
1571	102.3
1572	104.5
1573	98.4
1574	107.6
1575	90.2
1576	102.5
1577	96.1
1578	108.4
1579	109.8
1580	102.3
1581	101.1
1582	98.9
1583	96.2
1584	50.5
1585	101.6
1586	99.8
1587	104
1588	100.3
1589	105.2
1590	105.4
1591	103.7
1592	101.3
1593	110.7
1594	99.9
1595	95.9
1596	95.5
1597	102.8
1598	102
1599	99.7
1600	101.1
1601	71
1602	100.3
1603	101
1604	93.5
1605	102.8
1606	102.4
1607	102.5
1608	101.8
1609	107.9
1610	98.4
1611	109.9
1612	103.4
1613	99.3
1614	99.6
1615	99.9
1616	91
1617	99.6
1618	89.4
1619	89.4
1620	97.5
1621	97.5
1622	105
1623	101.1
1624	99.3
1625	87.6
1626	100.5
1627	105.2
1628	88.4
1629	102
1630	108.1
1631	77.6
1632	101.1
1633	99.3
1634	100.7
1635	100.7
1636	97.5
1637	101.4
1638	85.6
1639	103
1640	102.1
1641	90.4
1642	100.1
1643	90.8
1644	110.6
1645	101.4
1646	93.2
1647	103.6
1648	106.9
1649	110.7
1650	102.7
1651	101.5
1652	91.7
1653	101.7
1654	98
1655	101.6
1656	109.3
1657	101.4
1658	102
1659	96.2
1660	91.1
1661	96.3
1662	105.9
1663	90.5
1664	106.4
1665	99.9
1666	106.7
1667	104.5
1668	94.7
1669	96.3
1670	102
1671	104.6
1672	101.1
1673	104.9
1674	97.8
1675	93.2
1676	106.4
1677	111.7
1678	100.2
1679	101.1
1680	102.8
1681	98.6
1682	98.6
1683	97
1684	91.9
1685	96.5
1686	73
1687	102
1688	94.9
1689	106.6
1690	102.3
1691	101.5
1692	103.8
1693	112.3
1694	98.6
1695	103
1696	101.4
1697	102
1698	101.2
1699	103.4
1700	81.2
1701	106
1702	102.1
1703	103.3
1704	102.9
1705	103.7
1706	99.8
1707	98.6
1708	98.4
1709	92.8
1710	103.4
1711	104.2
1712	99.1
1713	106.8
1714	99.4
1715	104.3
1716	95.4
1717	102.6
1718	89
1719	72.3
1720	97.5
1721	106.2
1722	98.6
1723	98.3
1724	95.2
1725	106.2
1726	102.5
1727	100.5
1728	96.9
1729	107.2
1730	107
1731	103
1732	93.9
1733	101.4
1734	100.4
1735	109.6
1736	98
1737	98.1
1738	95.4
1739	105.4
1740	106.4
1741	110.9
1742	100.3
1743	96.5
1744	98.5
1745	101.2
1746	98.9
1747	103.3
1748	97.9
1749	77.6
1750	67.6
1751	98.4
1752	96.5
1753	100.5
1754	109.7
1755	97.6
1756	104.7
1757	97.7
1758	101.1
1759	95.9
1760	109.5
1761	100.1
1762	85.8
1763	106.1
1764	108.9
1765	103.8
1766	100
1767	98.6
1768	104
1769	101.4
1770	98.4
1771	91.6
1772	106.9
1773	97.7
1774	96.3
1775	68.5
1776	96.5
1777	97.5
1778	102.5
1779	100.4
1780	99.2
1781	100.6
1782	99.9
1783	97.6
1784	96.2
1785	104.4
1786	101.4
1787	99.2
1788	106.6
1789	92.6
1790	99.5
1791	79.6
1792	96.8
1793	107.8
1794	70.8
1795	101.3
1796	108.6
1797	107.9
1798	93.3
1799	98.9
1800	98.5
1801	102.5
1802	107.8
1803	103.1
1804	93.5
1805	104.4
1806	104.9
1807	102.6
1808	91.1
1809	109.4
1810	107.2
1811	97
1812	103.2
1813	102.8
1814	96.2
1815	95.7
1816	101.3
1817	105.9
1818	95.8
1819	104.9
1820	106
1821	103.2
1822	106.1
1823	101.4
1824	103.1
1825	105.5
1826	100.4
1827	96.5
1828	97.8
1829	98.3
1830	102.7
1831	93.8
1832	98.6
1833	97.2
1834	104.2
1835	100.2
1836	102.4
1837	63.2
1838	98.6
1839	105.4
1840	97.6
1841	92.1
1842	95.6
1843	107.8
1844	96.8
1845	98.1
1846	60.5
1847	91.7
1848	103.2
1849	104.9
1850	104.3
1851	95
1852	99.3
1853	104.2
1854	99.4
1855	102.9
1856	89.4
1857	101.4
1858	100.9
1859	95.1
1860	93.2
1861	99.3
1862	92.1
1863	95.9
1864	96.7
1865	96
1866	105.8
1867	99.8
1868	97.4
1869	92.7
1870	61.4
1871	98.3
1872	89.7
1873	96.9
1874	106.3
1875	96.8
1876	93.7
1877	98.8
1878	95.3
1879	106.9
1880	102.5
1881	98.1
1882	99.5
1883	108.3
1884	98.1
1885	103.8
1886	92.7
1887	96
1888	95.1
1889	100
1890	100
1891	58
1892	96.1
1893	94.2
1894	100.3
1895	94.2
1896	97.2
1897	92.5
1898	107.9
1899	89.6
1900	100.7
1901	102
1902	94.3
1903	95.6
1904	91.6
1905	96.4
1906	95.7
1907	57.1
1908	82.9
1909	48.9
1910	45.7
1911	95.6
1912	96.2
1913	89.7
1914	93.9
1915	94.1
1916	94.1
1917	105.2
1918	71.1
1919	94.7
1920	95.7
1921	96.6
1922	92.6
1923	94.1
1924	91.4
1925	95.6
1926	96.6
1927	108.1
1928	91.8
1929	45.1
1930	99.4
1931	52.2
1932	73.4
1933	99.3
1934	81.1
1935	100.1
1936	98.3
1937	88.1
1938	88.8
1939	99.6
1940	96.1
1941	91.5
1942	68
1943	92.1
1944	96.5
1945	43.7
1946	93.4
1947	89.2
1948	40.2
1949	94.4
1950	1.1
1951	99.4
1952	56
1953	58.2
1954	90.5
1955	80
1956	99.4
1957	105.5
1958	97.7
1959	76.3
1960	93.6
1961	76.8
1962	92.7
1963	84.3
1964	90.3
1965	94.8
1966	1.1
1967	45.3
1968	92.5
1969	93.9
1970	101.4
1971	96.4
1972	88.7
1973	81.8
1974	99.8
1975	62.3
1976	58.8
1977	60.5
1978	96.4
1979	1.1
1980	93.3
1981	99.1
1982	1.1
1983	92
1984	93.1
1985	52.2
1986	86.1
1987	99.3
1988	48.6
1989	1.1
1990	1.1
1991	88.9
1992	97.7
1993	65.5
1994	105.7
1995	97
1996	81.7
1997	73.8
1998	104.7
1999	98.1
2000	67.2
2001	96
2002	71
2003	70
2004	78.4
2005	88.8
2006	69
2007	93
2008	50.6
2009	95.6
2010	62.6
2011	1.1
2012	82.6
2013	82.4
2014	1.1
2015	80.5
2016	86.4
2017	99.1
2018	67.9
2019	83.4
2020	86.9
2021	67.2
2022	66.1
2023	55.7
2024	1.1
2025	107.3
2026	79.8
2027	36.7
2028	99.9
2029	93.8
2030	89.4
2031	75.7
2032	66.9
2033	89.4
2034	99.6
2035	28.2
2036	1.1
2037	94.5
2038	1.1
2039	80.4
2040	81.5
2041	1.1
2042	51.2
2043	93
2044	95.7
2045	87.6
2046	92.2
2047	34
2048	79.9
2049	99.8
2050	105.7
2051	44.1
2052	91.3
2053	50.8
2054	32
2055	85.1
2056	91.1
2057	50.1
2058	1.1
2059	86.1
2060	58.1
2061	67.2
2062	107.1
2063	82
2064	45.5
2065	86.2
2066	90
2067	56.1
2068	91.4
2069	91.7
2070	82.1
2071	51.7
2072	95.9
2073	83
2074	96.3
2075	93.1
2076	1.1
2077	80.9
2078	97.7
2079	87.9
2080	84.2
2081	99.4
2082	92.5
2083	37.8
2084	92.4
2085	99.6
2086	67
2087	84.6
2088	107.3
2089	79.1
2090	103.8
2091	65.3
2092	82.6
2093	92.7
2094	83.3
2095	37.4
2096	89.3
2097	45.6
2098	72.5
2099	96.1
2100	86.1
2101	89.1
2102	89.6
2103	82.9
2104	73.6
2105	91.7
2106	84.1
2107	87.7
2108	79.3
2109	87.6
2110	91.2
2111	74
2112	1.1
2113	84.7
2114	85.1
2115	76.9
2116	75.5
2117	85.6
2118	84.3
2119	72.2
2120	87.2
2121	41.6
2122	88.2
2123	89.7
2124	77.4
2125	74.3
2126	91.7
2127	37.4
2128	80.8
2129	72.4
2130	89
2131	84.9
2132	86.1
2133	84.9
2134	89.8
2135	70.8
2136	89.4
2137	43.9
2138	75.3
2139	70.7
2140	71.6
2141	79.9
2142	42
2143	81.5
2144	88.5
2145	72.5
2146	43
2147	41.4
2148	92.9
2149	81.9
2150	74.1
2151	80.2
2152	88.3
2153	93.4
2154	91.5
2155	72.1
2156	78.3
2157	83.4
2158	44.2
2159	38.4
2160	97.4
2161	78.5
2162	91
2163	72.5
2164	82.6
2165	44.4
2166	69
2167	72.7
2168	84.4
2169	89
2170	74
2171	84.8
2172	76.1
2173	88.5
2174	73
2175	10.6
2176	80.3
2177	95.6
2178	68
2179	78.1
2180	58.2
2181	88.9
2182	81.9
2183	80.8
2184	75.5
2185	71.3
2186	8.8
2187	36.9
2188	64
2189	79.4
2190	39.2
2191	82.5
2192	64.1
2193	74.8
2194	90.3
2195	35.5
2196	74.3
2197	79.6
2198	61.3
2199	93.7
2200	72.4
2201	5.5
2202	32.4
2203	82.5
2204	66.8
2205	87.5
2206	65.6
2207	35.9
2208	35.7
2209	79.1
2210	89.1
2211	82.8
2212	62.4
2213	87.3
2214	75.2
2215	61.2
2216	35.5
2217	81.2
2218	68.8
2219	78.5
2220	33
2221	56.5
2222	89.7
2223	61.5
2224	83.1
2225	69.3
2226	34.5
2227	85.6
2228	81
2229	79.6
2230	60.4
2231	58.7
2232	76.1
2233	72.7
2234	75.6
2235	82.7
2236	75.2
2237	83.2
2238	85.7
2239	36.2
2240	79.3
2241	70.8
2242	77.4
2243	79.7
2244	75.2
2245	78.7
2246	57.9
2247	76.8
2248	89.1
2249	71.4
2250	62.6
2251	35.2
2252	87.9
2253	80
2254	36.3
2255	73.8
2256	71
2257	40
2258	65.3
2259	86.5
2260	75
2261	79
2262	73.9
2263	84.8
2264	83.5
2265	84.4
2266	77.8
2267	85
2268	72.6
2269	37.9
2270	87.1
2271	64.6
2272	73.1
2273	40.1
2274	81.7
2275	81.3
2276	45.1
2277	83.6
2278	87.6
2279	74.7
2280	83.5
2281	93.1
2282	83.9
2283	44.8
2284	89
2285	84.3
2286	78
2287	34.3
2288	67.9
2289	75.4
2290	74.8
2291	72.9
2292	85
2293	35.5
2294	40.4
2295	81
2296	88.5
2297	81.2
2298	77
2299	28.5
2300	79.3
2301	89.3
2302	84.3
2303	83.4
2304	82.9
2305	77.1
2306	82.8
2307	84.6
2308	81.2
2309	86.8
2310	84.5
2311	96.6
2312	91.9
2313	89.1
2314	83.3
2315	98.8
2316	74.2
2317	84
2318	72.7
2319	75.6
2320	87.3
2321	72
2322	84.2
2323	79.4
2324	84.1
2325	82.8
2326	86.9
2327	84
2328	78.2
2329	87.5
2330	94.9
2331	99.2
2332	38.6
2333	91.3
2334	71.2
2335	99.2
2336	83.5
2337	96
2338	48.3
2339	32.6
2340	84.1
2341	83.9
2342	94.6
2343	42.3
2344	90.1
2345	42.4
2346	88.3
2347	82.3
2348	91.5
2349	79.8
2350	91.5
2351	69.2
2352	88.4
2353	81.4
2354	88.6
2355	83.1
2356	90.8
2357	93.8
2358	26.6
2359	82.6
2360	87.3
2361	90.2
2362	36.3
2363	82
2364	71.1
2365	82.3
2366	93.8
2367	98.3
2368	87.1
2369	33.6
2370	88.4
2371	89.2
2372	82.4
2373	87.2
2374	26.1
2375	87.7
2376	98.5
2377	89.6
2378	88
2379	83.1
2380	84.7
2381	80.4
2382	80.5
2383	98
2384	96
2385	56.1
2386	87.1
2387	87
2388	88
2389	89.6
2390	65.6
2391	83.1
2392	84.3
2393	97.2
2394	89.8
2395	34.1
2396	84.5
2397	92.9
2398	55.1
2399	87.6
2400	93.3
2401	83.4
2402	85.2
2403	80.3
2404	30.7
2405	84.2
2406	77.4
2407	97.6
2408	85
2409	86.3
2410	87.6
2411	90.6
2412	92.8
2413	91
2414	29.2
2415	90.9
2416	81.5
2417	80
2418	82.8
2419	81.7
2420	93.5
2421	100.4
2422	73.3
2423	75.1
2424	88.7
2425	28.3
2426	98.3
2427	82.5
2428	83.9
2429	99.6
2430	95.1
2431	85.8
2432	84.4
2433	90.7
2434	27.5
2435	86.2
2436	81.4
2437	22
2438	85.2
2439	79.1
2440	88.3
2441	100.7
2442	75.1
2443	80.5
2444	95.9
2445	84.7
2446	31
2447	86.5
2448	96.3
2449	93.8
2450	95.1
2451	83.8
2452	83.7
2453	97.5
2454	90.5
2455	88.5
2456	84.9
2457	86.8
2458	82.3
2459	86.7
2460	22.8
2461	88.8
2462	74.1
2463	29.2
2464	93.5
2465	98
2466	90.5
2467	79
2468	80.3
2469	88.4
2470	91.5
2471	82.3
2472	86.7
2473	31.1
2474	79.9
2475	82.6
2476	94.1
2477	86.3
2478	82.8
2479	92
2480	82.8
2481	67.9
2482	23.8
2483	92.6
2484	90
2485	82.3
2486	83.4
2487	90.5
2488	81.1
2489	88.7
2490	90.2
2491	32.3
2492	88
2493	93.3
2494	83.5
2495	81.2
2496	30.4
2497	83.1
2498	79.7
2499	26.5
2500	86.7
2501	77
2502	79.8
2503	82.3
2504	71
2505	83.2
2506	81.4
2507	90.8
2508	78.7
2509	93.8
2510	80.7
2511	4.6
2512	81.2
2513	79.8
2514	77.1
2515	79.1
2516	84.9
2517	32.2
2518	55
2519	81.8
2520	85.8
2521	75.5
2522	4.6
2523	33.3
2524	88.4
2525	52.6
2526	76.6
2527	74.4
2528	78
2529	79.2
2530	81.3
2531	80.7
2532	82.4
2533	84.7
2534	56.5
2535	77.4
2536	84.8
2537	63.8
2538	4.6
2539	91
2540	81.2
2541	88.6
2542	78.2
2543	80.1
2544	59
2545	77.9
2546	78.3
2547	80.9
2548	79.7
2549	80.8
2550	89.5
2551	40.4
2552	88.7
2553	76.1
2554	84.7
2555	79.3
2556	82.2
2557	82.9
2558	80.4
2559	79.5
2560	4.6
2561	78.8
2562	88
2563	78.6
2564	83.3
2565	81.7
2566	34.4
2567	81.2
2568	4.6
2569	80.6
2570	57.4
2571	39.6
2572	87.9
2573	62
2574	82.4
2575	59.3
2576	79.8
2577	78.1
2578	79.8
2579	78.2
2580	84.4
2581	81.7
2582	87.7
2583	79.2
2584	88.2
2585	4.6
2586	86.5
2587	78.9
2588	80.7
2589	78.5
2590	79.4
2591	79.6
2592	77.3
2593	75
2594	47.9
2595	87.5
2596	4.6
2597	82
2598	84.7
2599	82.4
2600	78.1
2601	77.6
2602	81.1
2603	76
2604	85.8
2605	80.5
2606	75.1
2607	4.6
2608	76
2609	79.5
2610	56.4
2611	79.5
2612	75.8
2613	79.6
2614	84.7
2615	43.8
2616	80.9
2617	4.6
2618	84.4
2619	88.9
2620	83.3
2621	45.7
2622	81.6
2623	4.6
2624	74.5
2625	86
2626	39.6
2627	80.1
2628	43
2629	86.6
2630	76.9
2631	74.2
2632	4.6
2633	80.6
2634	80.3
2635	77.4
2636	79.7
2637	85.8
2638	70.6
2639	75.4
2640	73.3
2641	76.4
2642	4.6
2643	86.9
2644	76.1
2645	86.1
2646	73.3
2647	46.7
2648	76.4
2649	71.9
2650	4.6
2651	83
2652	77.4
2653	79.2
2654	79.1
2655	78.8
2656	78.7
2657	45.8
2658	77.6
2659	82.7
2660	4.6
2661	68.7
2662	82.3
2663	78.9
2664	74.9
2665	77.1
2666	77.1
2667	44.4
2668	70.1
2669	81.9
2670	80.6
2671	82.3
2672	74.8
2673	45
2674	45.2
2675	75.5
2676	34.2
2677	83.6
2678	82.7
2679	77.5
2680	71.2
2681	79.3
2682	74
2683	80
2684	73.9
2685	78
2686	81.5
2687	75.5
2688	76.4
2689	84.7
2690	74
2691	79.8
2692	28.8
2693	71.9
2694	77.2
2695	82.8
2696	80.2
2697	78.2
2698	82
2699	16.9
2700	72.9
2701	38.2
2702	67.8
2703	69.5
2704	45.3
2705	74.7
2706	76.7
2707	25.9
2708	67
2709	69.3
2710	72.9
2711	72
2712	69.8
2713	79.5
2714	75.4
2715	64.5
2716	71
2717	73.6
2718	64.5
2719	76.5
2720	75
2721	75.5
2722	85.2
2723	77.6
2724	14
2725	67.3
2726	76
2727	82
2728	65.7
2729	78.2
2730	79.5
2731	69.4
2732	76.1
2733	66.3
2734	75
2735	68.7
2736	23.2
2737	74.5
2738	65.9
2739	74.2
2740	74.1
2741	66.2
2742	66.1
2743	73.3
2744	67.8
2745	50.9
2746	23.6
2747	72
2748	78.3
2749	74.4
2750	64.3
2751	60.7
2752	73.8
2753	68.1
2754	71.5
2755	60.7
2756	68
2757	75.1
2758	73.5
2759	69.9
2760	72.1
2761	67.3
2762	73.4
2763	23
2764	82.8
2765	79.2
2766	68.8
2767	23.6
2768	62.6
2769	68.1
2770	71.2
2771	72.3
2772	62.3
2773	34.2
2774	65.5
2775	87.8
2776	73.1
2777	67.6
2778	80.4
2779	72.5
2780	25.1
2781	74.9
2782	50.4
2783	75.9
2784	76.6
2785	27.9
2786	19.1
2787	74.1
2788	68.2
2789	78.8
2790	75.5
2791	74.5
2792	87.6
2793	68
2794	74.7
2795	66.1
2796	57.9
2797	75.9
2798	71.1
2799	72.7
2800	89.4
2801	86.6
2802	72.6
2803	62.4
2804	28
2805	90.7
2806	72.1
2807	69.6
2808	85.3
2809	78.8
2810	24.1
2811	90
2812	61.6
2813	64.3
2814	75.4
2815	91.2
2816	63.6
2817	70.7
2818	62.1
2819	77.8
2820	82.5
2821	77.3
2822	71.1
2823	70.8
2824	31.4
2825	71.5
2826	29.7
2827	26.8
2828	65.7
2829	27.2
2830	75.4
2831	81.3
2832	79.7
2833	66.3
2834	65.6
2835	74.9
2836	76.2
2837	75.2
2838	74.1
2839	78.8
2840	87
2841	83.2
2842	57.4
2843	72.4
2844	38.4
2845	69.2
2846	28.9
2847	91
2848	90.4
2849	82.4
2850	91.9
2851	55
2852	73.5
2853	73.4
2854	91.2
2855	76.6
2856	74.6
2857	74.1
2858	63.3
2859	70.7
2860	73.9
2861	76
2862	67.8
2863	39.3
2864	66
2865	80.9
2866	89.3
2867	72.1
2868	45.8
2869	66.7
2870	71.6
2871	87.3
2872	92.5
2873	86.6
2874	27.3
2875	71.5
2876	24
2877	73.7
2878	78
2879	37
2880	71.7
2881	75.9
2882	86.8
2883	77.1
2884	74.4
2885	47
2886	59.4
2887	43.2
2888	23
2889	27.3
2890	29.2
2891	78.9
2892	87.4
2893	71.4
2894	72.5
2895	96.3
2896	20.3
2897	87.8
2898	74.3
2899	71.8
2900	76
2901	39.2
2902	77
2903	95
2904	27.3
2905	77.4
2906	90.7
2907	52.4
2908	76.5
2909	92.5
2910	75.9
2911	84.9
2912	76
2913	90.5
2914	82.9
2915	43.6
2916	96.1
2917	26.5
2918	72.9
2919	39.3
2920	44.1
2921	73.8
2922	74.5
2923	74.5
2924	61.1
2925	76.9
2926	55.8
2927	33.7
2928	81.5
2929	52.2
2930	84.8
2931	71.8
2932	81
2933	78.8
2934	31.9
2935	79.8
2936	36.4
2937	72.7
2938	39.8
2939	81
2940	37.2
2941	73.1
2942	34.7
2943	94.9
2944	37.7
2945	81.4
2946	80.5
2947	68.6
2948	74.5
2949	80.6
2950	73.5
2951	77.3
2952	73.1
2953	94.7
2954	78.2
2955	93.8
2956	82.5
2957	56.5
2958	74.7
2959	45.7
2960	69.2
2961	80.6
2962	76.9
2963	69.6
2964	85.7
2965	72.5
2966	71.2
2967	89.9
2968	71.4
2969	42.8
2970	34.2
2971	69.7
2972	74.9
2973	35.1
2974	83.4
2975	83.9
2976	79.8
2977	56.6
2978	66.3
2979	83.5
2980	79.4
2981	84.7
2982	80.6
2983	71.9
2984	75.1
2985	78.1
2986	78.4
2987	73.6
2988	73.8
2989	34.8
2990	68.4
2991	87.5
2992	68.9
2993	83.5
2994	79.6
2995	73.8
2996	77.5
2997	78.1
2998	69
2999	79.5
3000	72.2
3001	49.9
3002	84.5
3003	70.7
3004	69
3005	56.9
3006	77.7
3007	81.2
3008	83.1
3009	73.3
3010	38.7
3011	73.2
3012	60.7
3013	76.7
3014	65.4
3015	63.3
3016	76.5
3017	86.8
3018	67.2
3019	57.9
3020	69
3021	70.3
3022	50.5
3023	65.4
3024	81.7
3025	64
3026	77.9
3027	77.3
3028	71.2
3029	82.7
3030	49.7
3031	63.3
3032	65.3
3033	55.9
3034	62.9
3035	68.9
3036	47.2
3037	62.2
3038	58.5
3039	69.6
3040	81.2
3041	90.9
3042	89.2
3043	86.4
3044	81.1
3045	82.3
3046	47.3
3047	53.8
3048	86.6
3049	68.3
3050	83.7
3051	87.4
3052	73.4
3053	83.1
3054	67.1
3055	72
3056	87.4
3057	52.3
3058	87.8
3059	78.9
3060	44.9
3061	50.3
3062	60.9
3063	85
3064	83
3065	45.8
3066	90.2
3067	48.1
3068	95.5
3069	52.2
3070	81
3071	62
3072	78
3073	29.9
3074	82.4
3075	56.6
3076	71.5
3077	81.3
3078	72.7
3079	83.2
3080	87.3
3081	61.6
3082	50.1
3083	87.9
3084	55.9
3085	73.1
3086	84.1
3087	90.9
3088	94.3
3089	91.9
3090	84
3091	57.7
3092	47.5
3093	68
3094	38.8
3095	43.6
3096	86.1
3097	49.7
3098	91.1
3099	56.4
3100	87
3101	28.9
3102	61.3
3103	89.1
3104	92.3
3105	53.3
3106	92.1
3107	90.7
3108	44.8
3109	57
3110	52.7
3111	94.4
3112	30
3113	90.6
3114	57.8
3115	49.6
3116	60
3117	66.3
3118	93.9
3119	102.1
3120	23
3121	100.8
3122	38.5
3123	94.9
3124	42.7
3125	63.6
3126	35
3127	32
3128	47.7
3129	49.4
3130	44.8
3131	95
3132	93.3
3133	96.4
3134	92.6
3135	38.1
3136	98.3
3137	34.1
3138	55.6
3139	104.2
3140	85.5
3141	49.7
3142	91.1
3143	99.3
3144	49.9
3145	31.4
3146	43.3
3147	30.7
3148	58.6
3149	37.4
3150	36.4
3151	107.8
3152	103.4
3153	95.1
3154	88
3155	35.8
3156	80.8
3157	77.6
3158	35.4
3159	86.7
3160	32.1
3161	108.6
3162	101.2
3163	55.7
3164	35
3165	35.4
3166	106.4
3167	33.9
3168	98.8
3169	39.1
3170	94.7
3171	41.5
3172	98.9
3173	45.4
3174	33.5
3175	92.5
3176	39.6
3177	46
3178	45.3
3179	41.5
3180	32.6
3181	29.7
3182	95
3183	95.4
3184	110.3
3185	110
3186	79.5
3187	90.5
3188	29.8
3189	77
3190	39.8
3191	38.5
3192	30.3
3193	55.2
3194	96.3
3195	103.8
3196	41.3
3197	27
3198	30.5
3199	90.9
3200	39.5
3201	39.7
3202	103.3
3203	97.1
3204	36.2
3205	109.2
3206	41.9
3207	56.5
3208	35.7
3209	48
3210	108.1
3211	108.2
3212	94.4
3213	42.6
3214	41.5
3215	40.5
3216	44.2
3217	48.3
3218	106.8
3219	110.4
3220	27.7
3221	39.9
3222	107.8
3223	36.7
3224	97.7
3225	43.7
3226	90.9
3227	45
3228	52.4
3229	49.7
3230	54.7
3231	47.7
3232	37.8
3233	41.2
3234	86.8
3235	95.7
3236	106.4
3237	37.3
3238	110.4
3239	47.9
3240	60.7
3241	63.7
3242	52.5
3243	109.9
3244	55.6
3245	44.6
3246	48.3
3247	46.1
3248	36.4
3249	39.3
3250	43.1
3251	95.5
3252	101.2
3253	53.3
3254	106.4
3255	38.3
3256	40.2
3257	106.3
3258	56.4
3259	66.5
3260	36.6
3261	46.8
3262	103.7
3263	41.3
3264	39.3
3265	39.7
3266	48.2
3267	65.3
3268	103.9
3269	98.6
3270	44.8
3271	30.3
3272	94.6
3273	35.6
3274	95.7
3275	50.4
3276	54.3
3277	43.4
3278	75.4
3279	40.6
3280	38.4
3281	48.8
3282	28.6
3283	84
3284	45.8
3285	30.7
3286	88.7
3287	39.7
3288	46
3289	44
3290	39.7
3291	83.8
3292	31.4
3293	49.1
3294	50
3295	45.7
3296	28.2
3297	44.4
3298	58.5
3299	46.8
3300	65.2
3301	49.1
3302	44.7
3303	83.9
3304	46.6
3305	106.6
3306	46.4
3307	39.8
3308	84.2
3309	50.6
3310	48.5
3311	30.7
3312	43
3313	45.9
3314	26.1
3315	45.1
3316	81.3
3317	31.4
3318	73.3
3319	24.1
3320	44.6
3321	48
3322	26.4
3323	46.6
3324	45.8
3325	44.9
3326	46.3
3327	19.3
3328	36.1
3329	44.7
3330	57.9
3331	46.9
3332	44.7
3333	44.8
3334	24.2
3335	72.7
3336	44.5
3337	18.7
3338	46.5
3339	26.8
3340	32.1
3341	64
3342	41.2
3343	40.6
3344	45.8
3345	19.7
3346	40.2
3347	42.4
3348	22.6
3349	40.2
3350	59.8
3351	38.9
3352	69.9
3353	42.9
3354	44.4
3355	45.6
3356	43
3357	43.4
3358	38.6
3359	40.7
3360	57.7
3361	43.3
3362	39.9
3363	52.4
3364	41.1
3365	39.8
3366	38.9
3367	40.1
3368	34
3369	41.3
3370	41.9
3371	41.2
3372	39.8
3373	39.9
3374	38.6
3375	40.9
3376	38
3377	39.1
3378	39.9
3379	41.9
3380	39.5
3381	41
3382	39.3
3383	41.3
3384	40.1
3385	41.5
3386	40.6
3387	44
3388	39.2
3389	42
3390	42.5
3391	41.9
3392	43.5
3393	44.4
3394	45.7
3395	41.4
3396	43.6
3397	44.4
3398	38.9
3399	39.2
3400	95.1
3401	95.2
3402	92.5
3403	100.4
3404	88
3405	87.6
3406	89.3
3407	99.1
3408	92.3
3409	99.6
3410	27.7
3411	33.5
3412	87.8
3413	92.4
3414	88.5
3415	96
3416	108
3417	97
3418	96.8
3419	96.8
3420	100.9
3421	101.4
3422	96.5
3423	92.4
3424	92
3425	95.8
3426	99.3
3427	106.5
3428	56
3429	98
3430	52.6
3431	99.9
3432	98.9
3433	100.4
3434	95
3435	104.4
3436	97.6
3437	96.6
3438	103.8
3439	98
3440	91.8
3441	98.2
3442	105.9
3443	97.6
3444	85.1
3445	96.7
3446	105.8
3447	110.1
3448	108.2
3449	96.9
3450	105.2
3451	96.9
3452	97.6
3453	85.6
3454	97.5
3455	100.1
3456	91.7
3457	100.3
3458	91.6
3459	103.2
3460	99.5
3461	107.7
3462	100.7
3463	103.6
3464	102.5
3465	101.4
3466	72.1
3467	93.6
3468	96.2
3469	75
3470	96.8
3471	105.4
3472	62.3
3473	101.5
3474	100.4
3475	97.3
3476	100.6
3477	99
3478	98.3
3479	96.8
3480	90.7
3481	102.5
3482	46
3483	69.7
3484	96
3485	58.5
3486	94.2
3487	1.1
3488	40.7
3489	104.5
3490	99.5
3491	90.6
3492	75.6
3493	73.3
3494	86.1
3495	87.2
3496	40.4
3497	56.4
3498	58.8
3499	87.8
3500	78.5
3501	38.4
3502	38.4
3503	64.4
3504	71
3505	76.6
3506	83.8
3507	72
3508	85.1
3509	36.2
3510	75.1
3511	82.3
3512	80.7
3513	43.6
3514	77.4
3515	88.5
3516	80.4
3517	76.4
3518	82.4
3519	87.7
3520	89.8
3521	89.1
3522	91.6
3523	82.8
3524	79.5
3525	81.8
3526	38.2
3527	81.8
3528	86
3529	76.1
3530	77.1
3531	88
3532	54.5
3533	87.9
3534	87.8
3535	84.5
3536	75
3537	25.6
3538	75.4
3539	70.5
3540	77
3541	84.3
3542	84.1
3543	86.3
3544	67.2
3545	76.5
3546	68.9
3547	62.5
3548	89.3
3549	74
3550	70.1
3551	74.5
3552	73
3553	80.7
3554	75.1
3555	94.2
3556	73.1
3557	41.5
3558	89.5
3559	34.5
3560	73.6
3561	65.8
3562	54.1
3563	83.5
3564	61.5
3565	65.3
3566	57
3567	80.8
3568	88.2
3569	97.9
3570	89
3571	91.6
3572	55.7
3573	94.1
3574	61.9
3575	71.8
3576	99.5
3577	91.2
3578	105.6
3579	46
3580	44.7
3581	37.1
3582	108.1
3583	44.5
3584	102.4
3585	44.3
3586	94.9
3587	34.5
3588	55.2
3589	32.5
3590	46.5
3591	92.4
3592	48
3593	38.5
3594	42.8
