"COMID"	"Value"
1	32.4
2	1.3
3	39.1
4	11.3
5	40.7
6	1.7
7	63.8
8	1.7
9	0.1
10	0.7
11	15.8
12	0.2
13	0.2
14	20.1
15	1.3
16	18.3
17	36.1
18	38.8
19	47
20	43.5
21	3.7
22	32.8
23	0.3
24	0
25	5.7
26	5.4
27	3.6
28	36.1
29	6.1
30	1.9
31	33.9
32	39.5
33	28.3
34	0.1
35	8
36	0.4
37	11.9
38	0.5
39	0
40	39.9
41	18.7
42	3.6
43	43.7
44	37.3
45	1.2
46	0.2
47	5
48	25.6
49	3.7
50	2
51	0
52	0.3
53	0.6
54	30.7
55	26.3
56	23.8
57	35.3
58	0
59	1.6
60	0
61	0.6
62	0.4
63	41
64	1.5
65	0.4
66	7.8
67	15.1
68	2.6
69	1.4
70	0.5
71	1.1
72	8.1
73	0.1
74	48.4
75	0.9
76	1
77	4.9
78	1.6
79	19.1
80	0.8
81	5.3
82	2.5
83	4.3
84	0.4
85	5.7
86	6.4
87	0.1
88	0.1
89	0.4
90	1.4
91	3.7
92	14.3
93	5.4
94	0.3
95	72
96	0.4
97	20
98	0.3
99	0.5
100	18.2
101	25.6
102	3.1
103	0
104	2.8
105	0.9
106	16.2
107	0.6
108	0.3
109	0.8
110	0.5
111	0.7
112	20.6
113	0.1
114	22.5
115	1.6
116	7.4
117	21.9
118	8.7
119	0.1
120	0.8
121	0.3
122	2.6
123	0.8
124	11.4
125	13.4
126	7.9
127	5.2
128	22.6
129	0.1
130	1.7
131	1.4
132	0.5
133	17.8
134	1.5
135	8
136	17.5
137	21.1
138	0.6
139	0.6
140	1.3
141	1.1
142	0.8
143	0.3
144	0.5
145	0.5
146	13.9
147	47.1
148	20.5
149	3.8
150	20
151	6.7
152	9.5
153	0.5
154	4.4
155	1
156	1.5
157	18.7
158	0.5
159	2.1
160	4.4
161	1.2
162	0.6
163	0.4
164	1.1
165	0.2
166	0.6
167	12
168	0.3
169	14.4
170	2.7
171	19.2
172	1
173	1.7
174	0.6
175	0.6
176	21.6
177	2
178	2
179	7.5
180	0.5
181	0.7
182	0.7
183	2.2
184	0.2
185	0.6
186	1
187	1
188	0.4
189	0.3
190	2
191	0.3
192	3.3
193	0.5
194	28.7
195	5.3
196	0.3
197	2.2
198	0.2
199	4.7
200	0.1
201	0.1
202	0.6
203	0.4
204	0.2
205	0.6
206	15
207	2.4
208	22.2
209	3.9
210	16.6
211	44.8
212	16.2
213	2.6
214	0.4
215	10.6
216	1.3
217	1.7
218	0.4
219	0.3
220	0.3
221	0.3
222	8
223	20
224	0.7
225	0.6
226	4.6
227	2.2
228	4.7
229	0.2
230	3.7
231	4.4
232	0.6
233	12.8
234	0.3
235	1.3
236	2.4
237	1.2
238	0.2
239	7.4
240	22.6
241	3.9
242	0.3
243	0.3
244	17.7
245	6.1
246	11.1
247	1
248	0.6
249	0.2
250	14.9
251	4.7
252	59.4
253	0.8
254	0.3
255	0.2
256	4.6
257	0.3
258	6.3
259	1.1
260	0.4
261	4
262	4.4
263	1.6
264	0.1
265	0.1
266	3
267	11.1
268	24.7
269	13.4
270	0.1
271	9.8
272	4.1
273	9.5
274	0.2
275	4.6
276	0.2
277	0.1
278	4.3
279	0.1
280	4.1
281	3.7
282	8.7
283	0.1
284	4.1
285	0.4
286	3.9
287	59.7
288	1.5
289	0.3
290	0
291	7.5
292	1.9
293	0.2
294	31.3
295	0.1
296	3.7
297	6.5
298	0.1
299	2.1
300	6.1
301	0.3
302	5.1
303	2
304	1.3
305	6
306	3.5
307	5.4
308	4.4
309	0.3
310	0.9
311	4
312	3.9
313	1.5
314	1.4
315	0.3
316	0.3
317	0.2
318	2.5
319	0.2
320	3.6
321	0.1
322	0.9
323	3.1
324	0.5
325	0.3
326	13.4
327	0.5
328	0.5
329	0.3
330	0.4
331	0.5
332	0.3
333	0.7
334	0.4
335	2.7
336	0.6
337	0.5
338	0.6
339	1
340	0.7
341	0.6
342	0.2
343	0.6
344	2.6
345	1
346	1
347	0.7
348	2.5
349	1.4
350	0.6
351	0.6
352	0.5
353	7.5
354	1.2
355	0.6
356	0.5
357	1.2
358	1
359	0.3
360	1.1
361	0.5
362	1.1
363	1.2
364	0.3
365	3.3
366	3.1
367	0.2
368	36.7
369	0.1
370	12.1
371	0.4
372	0.6
373	2.4
374	0.2
375	36.9
376	1.1
377	14.5
378	2.5
379	0.3
380	14.1
381	0.1
382	0.6
383	11
384	0.2
385	1.3
386	0.2
387	36.8
388	0.6
389	0.9
390	31.3
391	0.5
392	2.1
393	0.7
394	0.6
395	1.1
396	1.6
397	0.8
398	0.2
399	3.2
400	0.1
401	30.3
402	0.6
403	1.2
404	0.3
405	1.1
406	35.3
407	2.1
408	0.5
409	0.4
410	59.5
411	19.5
412	1.1
413	54.2
414	0.8
415	2.1
416	0.8
417	0.9
418	1.2
419	4.8
420	1
421	2
422	2.5
423	15.4
424	23.7
425	23
426	1.1
427	62
428	15.3
429	6.9
430	54.5
431	2
432	1
433	20.7
434	1.7
435	0.3
436	8.1
437	3.3
438	45.5
439	1
440	8.9
441	47.6
442	0.3
443	9.3
444	1.9
445	66
446	0.2
447	67.5
448	53.9
449	0.2
450	1.4
451	1.1
452	51.2
453	1.3
454	0.1
455	0.6
456	0.1
457	26.8
458	39.9
459	47.3
460	0.7
461	9.1
462	74.5
463	0.8
464	0.3
465	21.5
466	2.1
467	33.1
468	0.4
469	3
470	0.4
471	0.6
472	8.5
473	1.2
474	0.1
475	1.5
476	0.1
477	82.5
478	0.6
479	12.1
480	13.9
481	0.9
482	0.8
483	29.9
484	0.4
485	2.3
486	2.5
487	8.4
488	3.5
489	0.6
490	2.7
491	18.3
492	20.1
493	0.5
494	27.1
495	2
496	0.5
497	20.7
498	5.3
499	0.5
500	10.4
501	38.2
502	33.6
503	0.3
504	0.4
505	3.6
506	15
507	30.8
508	4.9
509	11.1
510	39.9
511	15.1
512	16.3
513	0.2
514	7.9
515	0.3
516	0.3
517	33.1
518	0.6
519	2.4
520	9.5
521	19.2
522	0.3
523	0.7
524	38.6
525	11.2
526	2.5
527	12.5
528	0.2
529	1.2
530	76.5
531	55.3
532	64.6
533	12
534	0.9
535	85.9
536	39.7
537	6.1
538	1.8
539	0.5
540	0.2
541	29
542	59
543	0.8
544	1.5
545	9.5
546	60
547	1.1
548	6.6
549	14.1
550	0
551	22.9
552	1.1
553	2.4
554	1.2
555	0.1
556	1.1
557	0
558	7.1
559	4.5
560	38.5
561	6
562	59.4
563	1.4
564	12.1
565	5.5
566	50
567	0.1
568	47.8
569	0.2
570	1
571	6
572	27.7
573	0
574	1.1
575	0.1
576	10.4
577	2.6
578	4.8
579	13.2
580	36.5
581	3.5
582	1.1
583	0.2
584	0.2
585	11.8
586	1.1
587	45.6
588	0.5
589	34.3
590	1.1
591	1.1
592	8.3
593	33
594	1.9
595	1.1
596	0.2
597	0.9
598	0.1
599	44.5
600	0.9
601	0.2
602	1
603	33.4
604	0.9
605	2.5
606	1.1
607	0.2
608	0.5
609	4.8
610	0.2
611	0.9
612	5.6
613	0.6
614	54.7
615	0.4
616	3.5
617	41.2
618	24.6
619	2.3
620	0.8
621	0.5
622	57.8
623	56
624	58.3
625	0.1
626	0.2
627	36.7
628	0.2
629	1.9
630	68.3
631	0.2
632	33.2
633	12.9
634	0.7
635	2.2
636	2.5
637	1.1
638	0.1
639	22
640	0.3
641	63.6
642	2.7
643	54.4
644	7.9
645	29.7
646	13.2
647	0.1
648	49.6
649	49
650	0.2
651	76.7
652	0
653	0.8
654	0.2
655	1.1
656	0
657	54.9
658	0.9
659	57.5
660	13.4
661	0.5
662	10.4
663	55.4
664	0.1
665	0.1
666	0.2
667	2.2
668	80.7
669	5.3
670	0.2
671	0.1
672	0.1
673	12.4
674	0.2
675	15.2
676	41.2
677	72.6
678	1.3
679	0
680	0.2
681	13.1
682	44.9
683	64.7
684	48.6
685	0.1
686	72.5
687	1
688	13.5
689	0.1
690	13.5
691	0.5
692	74.2
693	1.3
694	0.2
695	0.4
696	26
697	0.1
698	38.6
699	44.9
700	8.7
701	0.3
702	20.1
703	9.4
704	40.1
705	57.9
706	1.8
707	70.1
708	17.1
709	51.5
710	48.9
711	0.2
712	25.8
713	43.9
714	0.6
715	38.2
716	3.1
717	34.5
718	15
719	43.7
720	9.1
721	0.1
722	49.2
723	11.3
724	54.9
725	0.1
726	1
727	0.2
728	54
729	0.4
730	47.1
731	0.6
732	0.2
733	41.9
734	5.3
735	20.3
736	1.5
737	45.4
738	8.3
739	50.6
740	53.5
741	54.5
742	53.4
743	42.6
744	0.4
745	0.5
746	3.6
747	8.2
748	0.2
749	34.6
750	0.2
751	5
752	43.4
753	7.5
754	12
755	45.8
756	5.1
757	44.6
758	16.2
759	0.1
760	3.2
761	0.1
762	47.3
763	38.3
764	54
765	3.3
766	0.7
767	19.4
768	46.5
769	22.5
770	47.4
771	8.6
772	14.2
773	2.7
774	2
775	0.6
776	0.1
777	42.8
778	5.9
779	0.3
780	26.3
781	38.2
782	101.3
783	100.9
784	93.2
785	96.5
786	95
787	91.8
788	78.9
789	84.8
790	93.4
791	92.1
792	90
793	85
794	91.6
795	88.7
796	87.2
797	88.6
798	88
799	86.3
800	91.6
801	87.2
802	89.7
803	91.4
804	78.5
805	89.2
806	88.4
807	71.1
808	90.5
809	88.8
810	90.1
811	90.9
812	90.2
813	87.4
814	93.2
815	91
816	90.9
817	75.3
818	91
819	94
820	92.8
821	91.2
822	93.6
823	94.5
824	94.1
825	84.7
826	90.6
827	91.2
828	94.2
829	86.5
830	89.8
831	90.4
832	91.2
833	92.2
834	87.1
835	91.9
836	93.8
837	70.4
838	93.7
839	93.6
840	92.6
841	90.7
842	92.5
843	48.8
844	86.8
845	92.2
846	96.8
847	91.1
848	91.7
849	91.5
850	92.4
851	93.1
852	84
853	90.8
854	91
855	91.4
856	91.7
857	88.4
858	90.2
859	85.8
860	91.9
861	92.5
862	28.6
863	86.2
864	84.9
865	90.5
866	91.9
867	83.3
868	87.9
869	85.1
870	70.7
871	88.1
872	86.2
873	36.3
874	88.3
875	88.6
876	87
877	86.8
878	85.8
879	87.4
880	92.5
881	94.5
882	97.2
883	83
884	85.6
885	86.9
886	21.2
887	96.9
888	101.7
889	88.5
890	98.3
891	88.3
892	96.2
893	101.9
894	23.2
895	86.6
896	88.3
897	89.6
898	89.7
899	104.4
900	104.4
901	97.8
902	97.8
903	89.7
904	88.1
905	95.3
906	94.8
907	99.2
908	99
909	90.6
910	31.6
911	89.4
912	93.3
913	99.6
914	103.7
915	41.3
916	90.9
917	87.4
918	92.9
919	101.8
920	93.8
921	82.5
922	104.2
923	53
924	96.8
925	88.5
926	91.9
927	89.5
928	99.7
929	101.6
930	101.8
931	90.6
932	106
933	100.5
934	36.3
935	95
936	94.9
937	96
938	95.2
939	87
940	104.2
941	90.9
942	100.1
943	28.7
944	95
945	91.2
946	98.7
947	32.4
948	90.9
949	92.7
950	92.8
951	100.4
952	103.5
953	105.6
954	109.6
955	104.3
956	94.3
957	102.9
958	101.5
959	100.1
960	103.8
961	105.3
962	96.6
963	95.3
964	18.2
965	93.2
966	103.8
967	24.3
968	98.6
969	100.2
970	71.3
971	89.8
972	94
973	106.2
974	101.2
975	95.4
976	90.7
977	88.8
978	109.1
979	102.2
980	88.7
981	92.3
982	105.4
983	90.5
984	93.5
985	89.4
986	92.2
987	111.7
988	90.7
989	103.5
990	46
991	89.6
992	86.3
993	91.7
994	101.7
995	100
996	91.3
997	92.1
998	114.6
999	101.6
1000	19.6
1001	110.4
1002	96.8
1003	42.8
1004	89.9
1005	110.6
1006	99.4
1007	25
1008	114.1
1009	75.4
1010	103.3
1011	99.4
1012	96.1
1013	111.6
1014	94.6
1015	115.1
1016	29.3
1017	93.6
1018	116.6
1019	107.1
1020	104
1021	98.5
1022	101.5
1023	101
1024	95.9
1025	100.1
1026	105.7
1027	91.9
1028	92.9
1029	113.8
1030	104.9
1031	27.9
1032	39.9
1033	107.5
1034	97.2
1035	99.3
1036	98.6
1037	101.2
1038	97.5
1039	106.2
1040	109.7
1041	98.9
1042	106.1
1043	28.8
1044	98.1
1045	106.6
1046	116
1047	97.4
1048	97.1
1049	97.3
1050	27.4
1051	102.1
1052	98.7
1053	114.6
1054	97.9
1055	100.6
1056	100.1
1057	105.8
1058	99.5
1059	108.1
1060	97.5
1061	25.6
1062	100.5
1063	97.2
1064	97.9
1065	100.1
1066	101.2
1067	106.4
1068	109
1069	97.8
1070	101.3
1071	96.9
1072	99.9
1073	99.6
1074	103.3
1075	84.2
1076	99.9
1077	104.8
1078	102.6
1079	101
1080	113.4
1081	108.2
1082	102.8
1083	100
1084	105.3
1085	100.7
1086	101.2
1087	26.6
1088	100.9
1089	103.3
1090	95.2
1091	100.6
1092	108.1
1093	105.2
1094	99.5
1095	98.6
1096	100.4
1097	97.9
1098	101.4
1099	85.2
1100	22.1
1101	100.6
1102	98.9
1103	99.3
1104	106.4
1105	100.4
1106	101
1107	100.7
1108	107.2
1109	97.3
1110	104.2
1111	103.3
1112	103.5
1113	95.2
1114	102.8
1115	105.3
1116	105.7
1117	103.5
1118	102.8
1119	107.6
1120	104.9
1121	107.1
1122	100.5
1123	100
1124	94.8
1125	109.3
1126	106.3
1127	106
1128	103.5
1129	103.4
1130	109.8
1131	100.7
1132	103.1
1133	104.9
1134	105.5
1135	97.9
1136	100
1137	106.7
1138	97.4
1139	104.5
1140	95.1
1141	107.3
1142	94.7
1143	103
1144	99.1
1145	111.1
1146	101.2
1147	97.5
1148	102.1
1149	104.6
1150	104.4
1151	97.7
1152	103.1
1153	99.5
1154	21.7
1155	103.8
1156	98.2
1157	106.6
1158	105
1159	84.9
1160	110.4
1161	95.9
1162	113
1163	108
1164	100
1165	102.2
1166	102.9
1167	102.7
1168	103.3
1169	104.3
1170	100.3
1171	111.7
1172	92
1173	109.7
1174	94.5
1175	100
1176	74.2
1177	101.1
1178	102.1
1179	104.5
1180	104.2
1181	113.4
1182	99.1
1183	99.5
1184	102.1
1185	103.7
1186	97.4
1187	105.5
1188	99.6
1189	113.1
1190	106.8
1191	98.3
1192	100.3
1193	99.3
1194	103.4
1195	102.4
1196	108.7
1197	98.6
1198	99.6
1199	94.8
1200	31.6
1201	105.5
1202	107.3
1203	97.7
1204	108.3
1205	103
1206	100.9
1207	102.9
1208	105.5
1209	105.7
1210	101.7
1211	105
1212	101.1
1213	90.1
1214	96.4
1215	111.7
1216	103
1217	98.9
1218	98.5
1219	101.9
1220	96.1
1221	101.1
1222	101.3
1223	106.2
1224	102.5
1225	104.7
1226	96.3
1227	92.6
1228	106
1229	114.4
1230	99.3
1231	101.7
1232	97.7
1233	93.8
1234	109.8
1235	111.6
1236	97.9
1237	94.1
1238	100.7
1239	108.1
1240	98
1241	99.6
1242	100.5
1243	106.3
1244	100.8
1245	100.9
1246	99.1
1247	84.1
1248	44.5
1249	108.6
1250	90.5
1251	109.7
1252	99.1
1253	98.4
1254	108.3
1255	102.6
1256	91
1257	105.8
1258	107.5
1259	111.5
1260	95.5
1261	91.3
1262	107.6
1263	106.8
1264	102.5
1265	111.1
1266	95.1
1267	100.7
1268	101.1
1269	42.8
1270	98.7
1271	107.8
1272	92.2
1273	106.4
1274	98.6
1275	101.1
1276	88.9
1277	99.9
1278	96.7
1279	31.9
1280	114.4
1281	109.6
1282	109.6
1283	98.2
1284	51.3
1285	103.7
1286	98.7
1287	110.1
1288	105.9
1289	98.9
1290	107.2
1291	97
1292	109.5
1293	25.9
1294	108.3
1295	102.8
1296	106.3
1297	50.2
1298	94.6
1299	106.8
1300	110
1301	113.1
1302	105
1303	107.2
1304	55.3
1305	100.3
1306	100.6
1307	103.3
1308	109.9
1309	106.3
1310	102
1311	97.8
1312	92.3
1313	109.3
1314	102.6
1315	111.7
1316	93
1317	89.4
1318	108.5
1319	101
1320	100.5
1321	107.1
1322	103.8
1323	108.1
1324	104.1
1325	94.3
1326	108.6
1327	110.3
1328	96
1329	52.7
1330	97
1331	89.3
1332	25.5
1333	76.6
1334	99.9
1335	119.4
1336	98.4
1337	108.9
1338	110.2
1339	108.6
1340	102.4
1341	97
1342	97.5
1343	106.7
1344	109.3
1345	106.9
1346	108.3
1347	96
1348	93.6
1349	104.2
1350	103.6
1351	97.3
1352	49.1
1353	94.1
1354	105.2
1355	98.2
1356	39.4
1357	82.9
1358	102
1359	106.5
1360	108.7
1361	101.1
1362	95.1
1363	106.8
1364	118.5
1365	93.8
1366	107
1367	111.1
1368	92
1369	107.5
1370	108.1
1371	109.6
1372	99.9
1373	92
1374	116
1375	95.9
1376	52
1377	98.7
1378	103.4
1379	105.3
1380	92.4
1381	110.6
1382	98.7
1383	109.9
1384	98.6
1385	47.4
1386	91.6
1387	110.7
1388	106.1
1389	104
1390	93.1
1391	99.1
1392	96.1
1393	97.9
1394	111.5
1395	95.2
1396	110.9
1397	99
1398	114.9
1399	110.3
1400	82.1
1401	103.5
1402	106.4
1403	96.7
1404	104.1
1405	116.7
1406	113.3
1407	111.9
1408	101.5
1409	103.8
1410	97.3
1411	88.6
1412	118.9
1413	104.4
1414	101.1
1415	108.7
1416	99.8
1417	101.7
1418	93.7
1419	102
1420	100.8
1421	102.8
1422	115.7
1423	72.4
1424	95.3
1425	99
1426	89.5
1427	100.7
1428	103.4
1429	103.8
1430	96.3
1431	99.7
1432	103
1433	98.6
1434	112.7
1435	96.7
1436	112.5
1437	95.9
1438	105.9
1439	97.4
1440	99.5
1441	99.7
1442	108.7
1443	87.4
1444	105.2
1445	111.8
1446	106.1
1447	115.5
1448	96.3
1449	115.5
1450	117.4
1451	107.9
1452	114.6
1453	106.3
1454	71.5
1455	117.2
1456	112.9
1457	105.3
1458	95.4
1459	101
1460	104.6
1461	99.7
1462	94.6
1463	101.6
1464	101.7
1465	104.8
1466	97.6
1467	100.6
1468	98.3
1469	96.6
1470	104.1
1471	99.3
1472	103.2
1473	96.7
1474	115.5
1475	97
1476	97.5
1477	118.6
1478	104.9
1479	95
1480	101.5
1481	95.9
1482	102.1
1483	99.5
1484	119.6
1485	72.3
1486	105.2
1487	101.6
1488	100.4
1489	97.2
1490	112.6
1491	83.8
1492	97.2
1493	103.9
1494	96.8
1495	100.1
1496	101.3
1497	101.6
1498	103.2
1499	97.4
1500	98.6
1501	98
1502	95
1503	117.7
1504	102.9
1505	98.8
1506	95.6
1507	112.6
1508	120.7
1509	70.8
1510	112.9
1511	129.2
1512	111.2
1513	102
1514	112.2
1515	106.1
1516	108.2
1517	98.3
1518	111.6
1519	100.8
1520	110.8
1521	100.2
1522	111.2
1523	99.6
1524	102.7
1525	109.1
1526	101.4
1527	97.1
1528	99.1
1529	100.3
1530	97.8
1531	117
1532	120.4
1533	126.9
1534	102
1535	40
1536	103.9
1537	101.9
1538	61.6
1539	117.9
1540	111.8
1541	97.4
1542	106.8
1543	103.3
1544	113.1
1545	97.8
1546	54.2
1547	89
1548	95.2
1549	96
1550	99.1
1551	104.2
1552	103.3
1553	96.1
1554	81.2
1555	93.8
1556	100.2
1557	126
1558	110.4
1559	103.6
1560	98.2
1561	111.6
1562	113.4
1563	128.9
1564	93.3
1565	85.7
1566	127.5
1567	102.2
1568	106.7
1569	94.6
1570	99.5
1571	93.9
1572	113.5
1573	107.7
1574	123.5
1575	93.8
1576	122
1577	106.7
1578	101.3
1579	98.2
1580	101.7
1581	100.7
1582	99.4
1583	104.3
1584	49.9
1585	105.6
1586	98.7
1587	116.9
1588	101.4
1589	126.2
1590	110.1
1591	95.3
1592	102.9
1593	126.4
1594	103.3
1595	100
1596	95.4
1597	93.9
1598	101.7
1599	103.9
1600	105
1601	74.9
1602	107.3
1603	102.9
1604	94.1
1605	109.2
1606	94.2
1607	106.7
1608	101.3
1609	97.4
1610	103.4
1611	127.7
1612	101.6
1613	104.2
1614	98.9
1615	119
1616	95.7
1617	101.6
1618	91.7
1619	108.1
1620	118.6
1621	102.2
1622	126.2
1623	102.3
1624	104.3
1625	88.5
1626	124
1627	121.8
1628	96.5
1629	102.9
1630	118.3
1631	85
1632	107.6
1633	94.6
1634	103
1635	108.6
1636	105
1637	111
1638	99.1
1639	103.7
1640	93.3
1641	89
1642	101.3
1643	106.4
1644	114.5
1645	103.9
1646	99.5
1647	103.7
1648	112.2
1649	122.9
1650	95.6
1651	116
1652	94.5
1653	91.7
1654	116.2
1655	105
1656	120.9
1657	105.2
1658	116
1659	108.9
1660	91.1
1661	113.8
1662	121.3
1663	94
1664	109.9
1665	86.4
1666	122.5
1667	104.9
1668	103.3
1669	106.5
1670	122
1671	105.7
1672	113.5
1673	120.9
1674	111.9
1675	97.4
1676	119.7
1677	128.1
1678	91.8
1679	101.4
1680	106.7
1681	107.6
1682	85.6
1683	104.5
1684	101.8
1685	103.3
1686	81
1687	107.6
1688	97.6
1689	122.2
1690	119.7
1691	120.7
1692	114.3
1693	123.6
1694	104.1
1695	117.3
1696	120.3
1697	106.8
1698	89.8
1699	107.4
1700	89.7
1701	115
1702	107.6
1703	111.4
1704	123.6
1705	103
1706	110.9
1707	82.7
1708	81.9
1709	100.1
1710	121
1711	105
1712	114.2
1713	108.2
1714	103
1715	118.1
1716	101.3
1717	108.2
1718	109.1
1719	76.1
1720	109.7
1721	115.5
1722	104.9
1723	106.1
1724	102.5
1725	120.3
1726	106.9
1727	107.3
1728	113.1
1729	120.8
1730	107.2
1731	115.2
1732	106.5
1733	104
1734	117.6
1735	113
1736	84.2
1737	101
1738	98.8
1739	112.4
1740	128.4
1741	117.9
1742	105.8
1743	104.7
1744	112.3
1745	107.4
1746	115.3
1747	110
1748	113.7
1749	86.3
1750	64.4
1751	112.4
1752	112.3
1753	104.1
1754	121.2
1755	112.9
1756	113.8
1757	99.2
1758	123.8
1759	104.3
1760	112.2
1761	116
1762	94.6
1763	103.6
1764	111.4
1765	118.7
1766	104.6
1767	119.3
1768	131.6
1769	114.8
1770	98.1
1771	97.1
1772	132.2
1773	102.5
1774	104.2
1775	71.5
1776	104.1
1777	101.5
1778	109.6
1779	110.8
1780	92.5
1781	120.3
1782	122.9
1783	106.7
1784	100.4
1785	106.7
1786	122.2
1787	100.3
1788	100.9
1789	99.9
1790	97.3
1791	86.3
1792	99.6
1793	110.9
1794	78.2
1795	102.5
1796	118.3
1797	125.7
1798	100.3
1799	99.7
1800	102.9
1801	125.9
1802	113.3
1803	129.9
1804	99.4
1805	116.7
1806	94.9
1807	116.4
1808	97.4
1809	114.3
1810	110.2
1811	100.9
1812	106.8
1813	102.9
1814	103.9
1815	100.1
1816	120.5
1817	116.4
1818	102
1819	95.2
1820	129.7
1821	120.2
1822	110.5
1823	104.3
1824	112.5
1825	129.2
1826	122.1
1827	101.9
1828	103.5
1829	99.8
1830	128.7
1831	96.5
1832	94.7
1833	102.1
1834	109.8
1835	94.9
1836	92.5
1837	73.3
1838	96.6
1839	130
1840	113.4
1841	93.5
1842	93.2
1843	130.4
1844	105.1
1845	98.6
1846	68.1
1847	94.3
1848	126.1
1849	129.1
1850	128.6
1851	93.2
1852	100.7
1853	119.7
1854	113.5
1855	117
1856	91.7
1857	96.2
1858	112.3
1859	96.4
1860	103.9
1861	96.2
1862	95.7
1863	93
1864	106.2
1865	109.9
1866	125.4
1867	92.6
1868	109
1869	110.1
1870	64.7
1871	104.7
1872	89.1
1873	106
1874	125.6
1875	92.5
1876	108.7
1877	93.3
1878	96.7
1879	124.5
1880	124.2
1881	105.8
1882	106
1883	125.8
1884	104.6
1885	114.2
1886	106.5
1887	92.2
1888	108.8
1889	124.3
1890	120.7
1891	64.4
1892	105.8
1893	101.5
1894	111.2
1895	100.3
1896	108.4
1897	96.5
1898	125.3
1899	92
1900	99.8
1901	122.6
1902	95.8
1903	110.8
1904	92.3
1905	105.7
1906	97.3
1907	67.3
1908	93.9
1909	50
1910	49.3
1911	111.7
1912	108.1
1913	109.2
1914	96.9
1915	92.8
1916	96.9
1917	119
1918	86.3
1919	96.7
1920	103.9
1921	115.7
1922	94.5
1923	116.2
1924	96.7
1925	110.7
1926	96.2
1927	126.6
1928	103.3
1929	45
1930	93.4
1931	58.2
1932	88.4
1933	98.6
1934	113.6
1935	98.4
1936	117.8
1937	89.4
1938	107.6
1939	116.3
1940	94
1941	88.7
1942	95.3
1943	95.1
1944	111.6
1945	42.8
1946	96.7
1947	95.7
1948	39.7
1949	94.2
1950	1.1
1951	100.9
1952	65.4
1953	88.7
1954	99.9
1955	112.2
1956	115.9
1957	128
1958	103.3
1959	104.6
1960	109.8
1961	107.8
1962	92.3
1963	92.2
1964	110.3
1965	109.4
1966	1.1
1967	45.2
1968	116.1
1969	96.7
1970	123.2
1971	118.2
1972	103.3
1973	93
1974	120.4
1975	85.7
1976	106.2
1977	63.5
1978	118
1979	1.1
1980	98.8
1981	118.1
1982	1.1
1983	111.8
1984	115.6
1985	84.4
1986	110.1
1987	125.8
1988	82.3
1989	1.1
1990	1.1
1991	100.1
1992	98.2
1993	97.8
1994	126.2
1995	118.7
1996	104.3
1997	96.1
1998	128.7
1999	102.3
2000	100.8
2001	99.3
2002	111.6
2003	106.6
2004	94.1
2005	109
2006	98.8
2007	113.8
2008	54.2
2009	104.5
2010	99
2011	1.1
2012	97.5
2013	103.3
2014	1.1
2015	106
2016	103.9
2017	101.2
2018	93.9
2019	96.1
2020	97.5
2021	77.9
2022	83.4
2023	67.3
2024	1.1
2025	131.1
2026	98.9
2027	89
2028	132
2029	85.8
2030	109.9
2031	111.9
2032	102.5
2033	114.1
2034	105.9
2035	78.9
2036	1.1
2037	88.2
2038	1.1
2039	97
2040	101.7
2041	1.1
2042	82.3
2043	89.5
2044	127.3
2045	104.6
2046	102.4
2047	80.7
2048	95.6
2049	109.7
2050	128.4
2051	67.9
2052	114.8
2053	80.1
2054	85.9
2055	100
2056	85.3
2057	90.5
2058	1.1
2059	94.6
2060	87.8
2061	102.7
2062	133.5
2063	95.9
2064	86.2
2065	99
2066	107.5
2067	90.9
2068	104.3
2069	94.7
2070	116.9
2071	95.9
2072	109.8
2073	109.3
2074	118.8
2075	104.3
2076	1.1
2077	91.5
2078	112.3
2079	106.9
2080	95.1
2081	116.9
2082	112.6
2083	74.8
2084	106
2085	108.2
2086	83.7
2087	92.8
2088	134.9
2089	96.6
2090	122.5
2091	83
2092	101.9
2093	106.5
2094	91.7
2095	81.2
2096	106.9
2097	83.3
2098	90.2
2099	111.2
2100	92.8
2101	95.9
2102	103.3
2103	94.8
2104	87.6
2105	107.9
2106	90.4
2107	98.9
2108	101.5
2109	91.7
2110	106.6
2111	86.6
2112	1.1
2113	100.4
2114	93.6
2115	96
2116	95.1
2117	98.5
2118	90.9
2119	78.4
2120	107.7
2121	80.6
2122	98.3
2123	99.1
2124	97.2
2125	89.5
2126	104.2
2127	79.7
2128	91.4
2129	88
2130	96.6
2131	98.8
2132	101.5
2133	97.2
2134	97.2
2135	78.9
2136	109.6
2137	75.5
2138	80.2
2139	87.2
2140	89.1
2141	99.9
2142	85.3
2143	99.6
2144	91.7
2145	89.1
2146	77.3
2147	78
2148	95.6
2149	95.8
2150	94.7
2151	95.4
2152	107
2153	115.5
2154	100.7
2155	94.9
2156	90.9
2157	109
2158	80.8
2159	77.6
2160	118.8
2161	89.6
2162	96.6
2163	88.1
2164	102
2165	84.7
2166	89.5
2167	102.1
2168	95.8
2169	91.3
2170	89.9
2171	94.1
2172	97.9
2173	100.3
2174	90.4
2175	77.4
2176	110.4
2177	114.5
2178	80.4
2179	116.8
2180	77
2181	113.5
2182	87.8
2183	101.6
2184	103.6
2185	86
2186	71.7
2187	73.9
2188	83.2
2189	91.9
2190	85.5
2191	102
2192	79.2
2193	98.2
2194	105.2
2195	78.1
2196	108.5
2197	102.6
2198	77.8
2199	118.6
2200	97.4
2201	60.8
2202	73.3
2203	94.5
2204	95.6
2205	89.7
2206	94.2
2207	75.7
2208	78.6
2209	86.9
2210	121
2211	83.9
2212	71.9
2213	114.9
2214	96
2215	84.5
2216	79.6
2217	98
2218	84.2
2219	103.5
2220	60.6
2221	79.8
2222	123.4
2223	85.7
2224	86.3
2225	104.6
2226	71.8
2227	121.1
2228	106.2
2229	87.2
2230	72.1
2231	82.2
2232	109.8
2233	96.2
2234	101.9
2235	102.8
2236	95.1
2237	96.5
2238	100.4
2239	84.8
2240	89
2241	100
2242	106.9
2243	100.1
2244	98.7
2245	111.7
2246	85
2247	100.6
2248	124.4
2249	98.2
2250	83.6
2251	44.7
2252	121.4
2253	106.4
2254	76
2255	99.6
2256	94.7
2257	63.1
2258	94.6
2259	127.9
2260	105.1
2261	90.6
2262	87.4
2263	125.8
2264	121
2265	127.3
2266	95
2267	90.4
2268	104
2269	90
2270	117.7
2271	83.1
2272	94.8
2273	84.7
2274	109
2275	119.5
2276	78.5
2277	91.5
2278	115.6
2279	84.1
2280	94.5
2281	125.2
2282	125.3
2283	89.5
2284	117.4
2285	126.2
2286	105.1
2287	78.6
2288	90.4
2289	102.2
2290	96.1
2291	88.7
2292	124.9
2293	68.4
2294	93.4
2295	118.7
2296	116
2297	120.1
2298	82.3
2299	67
2300	88.5
2301	114.8
2302	99.2
2303	110.3
2304	106.8
2305	83.5
2306	119.5
2307	121.1
2308	99.8
2309	95.2
2310	120.5
2311	128.8
2312	116.8
2313	110.6
2314	108.5
2315	129.8
2316	85.2
2317	121.1
2318	77.8
2319	80.7
2320	117.1
2321	97.1
2322	109
2323	100.1
2324	119.3
2325	116.2
2326	98.3
2327	95.4
2328	109.4
2329	102.9
2330	124.1
2331	125.3
2332	90.7
2333	111.3
2334	91
2335	127.8
2336	94.5
2337	122.3
2338	120.5
2339	96.4
2340	115.4
2341	99.1
2342	119.4
2343	105.8
2344	117.9
2345	118.2
2346	100.5
2347	94.4
2348	116.6
2349	95.7
2350	110.1
2351	88.1
2352	100
2353	94.3
2354	121.2
2355	116.3
2356	119.3
2357	126.1
2358	80.5
2359	115.6
2360	95.8
2361	98.2
2362	103.1
2363	110
2364	88.1
2365	99.5
2366	123.3
2367	131.9
2368	94.9
2369	78.3
2370	117.7
2371	111.6
2372	86.8
2373	104.8
2374	63.2
2375	117.1
2376	129
2377	104
2378	103.9
2379	94
2380	95.4
2381	88.7
2382	104.5
2383	130.5
2384	134.7
2385	63.7
2386	105.2
2387	99.3
2388	93.5
2389	118.9
2390	75.3
2391	83.9
2392	111.1
2393	133
2394	119.3
2395	78.1
2396	91.4
2397	129.6
2398	61
2399	106.7
2400	131
2401	99.2
2402	111.2
2403	88.9
2404	64
2405	90.5
2406	86.1
2407	130.7
2408	101.6
2409	102.7
2410	99.7
2411	110.2
2412	110
2413	124.1
2414	66.7
2415	112
2416	92
2417	93.5
2418	110.8
2419	92.6
2420	122
2421	134.5
2422	90.3
2423	88.4
2424	109
2425	52.7
2426	131.1
2427	114.4
2428	114.2
2429	135.9
2430	130.5
2431	99.4
2432	109.4
2433	119.7
2434	57.3
2435	102.4
2436	110.3
2437	48.8
2438	98.1
2439	117.2
2440	105.2
2441	133.8
2442	89.3
2443	93.1
2444	122.3
2445	94.7
2446	57.8
2447	99.4
2448	131.5
2449	126.5
2450	124.1
2451	93.2
2452	95
2453	133.7
2454	119.9
2455	114.8
2456	126.7
2457	117.1
2458	95.6
2459	101.3
2460	43.2
2461	127.1
2462	105.9
2463	58.3
2464	132.8
2465	130.5
2466	117
2467	82.4
2468	85.5
2469	99.3
2470	128.2
2471	100.3
2472	102.4
2473	61.6
2474	111.9
2475	94.3
2476	129.1
2477	98.6
2478	92.3
2479	128.7
2480	104.3
2481	90.2
2482	39
2483	129.1
2484	114.7
2485	85.2
2486	94.8
2487	119.4
2488	106.8
2489	121.8
2490	114.4
2491	51.5
2492	115.8
2493	126.7
2494	91.6
2495	89
2496	39.8
2497	83.8
2498	83
2499	42.1
2500	111.4
2501	82.5
2502	85.2
2503	87.6
2504	91.9
2505	105.6
2506	99.1
2507	114.5
2508	107.8
2509	125
2510	106.2
2511	4.6
2512	101.6
2513	99.3
2514	86.2
2515	86.2
2516	102.1
2517	55.3
2518	64.2
2519	93.5
2520	110.1
2521	86.7
2522	4.6
2523	57.9
2524	111.6
2525	55.4
2526	88.9
2527	85.5
2528	84.3
2529	87.2
2530	86.5
2531	83.6
2532	87.8
2533	111.5
2534	65.2
2535	87.7
2536	111.2
2537	74.1
2538	4.6
2539	117.8
2540	111.1
2541	115.1
2542	100.6
2543	88.9
2544	62.3
2545	104.9
2546	98.1
2547	91.7
2548	108.3
2549	99.5
2550	112.3
2551	74.1
2552	119.3
2553	89.2
2554	113.8
2555	87.8
2556	90.2
2557	90.9
2558	89.9
2559	81.1
2560	4.6
2561	85.8
2562	118.2
2563	103
2564	110.6
2565	113.5
2566	55.3
2567	99.5
2568	4.6
2569	97.2
2570	60.5
2571	59.8
2572	107
2573	67.8
2574	103.2
2575	59.8
2576	91.9
2577	84.7
2578	91
2579	93.5
2580	104.3
2581	104.8
2582	121.9
2583	107.5
2584	113.7
2585	4.6
2586	118.3
2587	92.2
2588	90.2
2589	92.2
2590	90
2591	89.6
2592	86
2593	84.3
2594	53.1
2595	109.6
2596	4.6
2597	90.3
2598	115.8
2599	97
2600	86.1
2601	84.7
2602	101
2603	78.9
2604	117
2605	98.9
2606	98.1
2607	4.6
2608	81.5
2609	104.3
2610	66.3
2611	110.7
2612	81.9
2613	86.3
2614	107.4
2615	78.9
2616	109.4
2617	4.6
2618	99.5
2619	100.4
2620	112.7
2621	51.8
2622	90.6
2623	4.6
2624	84.6
2625	113.8
2626	44.4
2627	103.9
2628	80.3
2629	104.2
2630	96
2631	86.8
2632	4.6
2633	90.1
2634	92.7
2635	84.3
2636	102.5
2637	105.4
2638	89.7
2639	84.7
2640	80.5
2641	101.1
2642	4.6
2643	118.4
2644	110.8
2645	116.8
2646	86.8
2647	51.8
2648	100.3
2649	120.8
2650	4.6
2651	107.4
2652	117.7
2653	98.6
2654	108.1
2655	81.4
2656	100.4
2657	54.8
2658	98.1
2659	104.2
2660	4.6
2661	123.4
2662	110.4
2663	118.7
2664	85.8
2665	118.8
2666	106.7
2667	56.2
2668	105.5
2669	86.2
2670	108
2671	99.4
2672	97.5
2673	53.3
2674	53.9
2675	112.1
2676	38.7
2677	110.4
2678	104.6
2679	113.9
2680	110.8
2681	120.1
2682	131.6
2683	84.1
2684	90.4
2685	98.4
2686	100
2687	97.6
2688	120.2
2689	131.6
2690	99
2691	134.2
2692	32.9
2693	109.9
2694	105.7
2695	106.4
2696	90
2697	102.8
2698	107
2699	80.7
2700	92.1
2701	46.2
2702	102
2703	89.5
2704	52.8
2705	91.8
2706	122
2707	49
2708	100.6
2709	91.4
2710	106.5
2711	122.7
2712	86
2713	80.4
2714	98.3
2715	83.3
2716	102.3
2717	125.4
2718	87.1
2719	104.9
2720	121.6
2721	82.1
2722	128.5
2723	96.1
2724	77
2725	100.2
2726	76.5
2727	100.2
2728	89
2729	97.5
2730	127.9
2731	84.4
2732	125.3
2733	119.6
2734	120.7
2735	85.1
2736	42.4
2737	73
2738	88.6
2739	73.2
2740	120.4
2741	88.8
2742	95.2
2743	72.2
2744	84.5
2745	59.8
2746	50.2
2747	79.9
2748	102.5
2749	88.6
2750	120
2751	83.1
2752	90.2
2753	89.7
2754	121.2
2755	79.8
2756	69.9
2757	90.2
2758	95.3
2759	69.1
2760	70.8
2761	69.2
2762	87.1
2763	87.5
2764	112
2765	116.8
2766	125.8
2767	56.4
2768	88.1
2769	66.9
2770	84.2
2771	97.4
2772	85.8
2773	41.7
2774	88.8
2775	126.2
2776	85.6
2777	117.1
2778	123.2
2779	85
2780	35.4
2781	91.6
2782	64.2
2783	99.3
2784	101.3
2785	89.1
2786	81.5
2787	105.9
2788	69.7
2789	120.4
2790	94.6
2791	122.3
2792	124.6
2793	82.7
2794	91.6
2795	67.6
2796	75
2797	96.7
2798	122.7
2799	89.6
2800	124
2801	117.8
2802	97.5
2803	60.1
2804	34.8
2805	123.2
2806	90.6
2807	94.5
2808	120.2
2809	107.9
2810	49.9
2811	124.8
2812	76.3
2813	85.1
2814	94.9
2815	127.8
2816	65.3
2817	76.3
2818	83.2
2819	95.7
2820	115
2821	122.3
2822	83.1
2823	97.8
2824	63.3
2825	80.3
2826	72
2827	33
2828	84.6
2829	77.5
2830	94.6
2831	104.9
2832	102.7
2833	62.2
2834	84.5
2835	98.8
2836	94.7
2837	96.8
2838	100.4
2839	125.4
2840	119.1
2841	113.7
2842	65.6
2843	75.5
2844	45.2
2845	67.7
2846	51.4
2847	125.6
2848	121.7
2849	129.9
2850	122.2
2851	69.6
2852	92.5
2853	94.1
2854	123
2855	85
2856	101.5
2857	93.6
2858	78.1
2859	79.9
2860	72.3
2861	104
2862	87.9
2863	40.4
2864	93
2865	114.5
2866	124.1
2867	86.9
2868	51
2869	96
2870	80
2871	126.5
2872	117.6
2873	118.5
2874	76.5
2875	89.4
2876	63
2877	93.2
2878	80.7
2879	46.7
2880	93.5
2881	95.3
2882	120.7
2883	75.9
2884	95.2
2885	58.5
2886	73.6
2887	54.9
2888	70.4
2889	68
2890	74.7
2891	109.4
2892	129.7
2893	96.3
2894	97.3
2895	121.6
2896	60.5
2897	117.8
2898	81.6
2899	95.2
2900	93.8
2901	52.8
2902	100.4
2903	123.1
2904	36.2
2905	76
2906	126.1
2907	65.2
2908	90.3
2909	134.3
2910	68.1
2911	115.1
2912	94.5
2913	132
2914	112
2915	58.5
2916	125.8
2917	81.3
2918	92.5
2919	55.5
2920	58.3
2921	100.1
2922	65.5
2923	77.6
2924	86.7
2925	104.1
2926	78.7
2927	44.8
2928	101.6
2929	69.7
2930	114.8
2931	99.6
2932	99.5
2933	94.9
2934	43.1
2935	93.7
2936	50.3
2937	66.1
2938	49.6
2939	93.6
2940	47.3
2941	78.3
2942	45.3
2943	135.6
2944	45.6
2945	97.5
2946	111.3
2947	93.1
2948	106.4
2949	96.4
2950	63.8
2951	98.8
2952	97.4
2953	134.6
2954	103.5
2955	128.5
2956	103.2
2957	72.2
2958	104.4
2959	56.1
2960	84
2961	96.4
2962	91
2963	90.8
2964	127.4
2965	64.2
2966	95.8
2967	117.5
2968	93.3
2969	51.5
2970	45.7
2971	86
2972	94.1
2973	42.9
2974	98.6
2975	117.5
2976	107.1
2977	66.9
2978	89.2
2979	103.3
2980	94.6
2981	113.4
2982	117.8
2983	86.6
2984	101.4
2985	100.7
2986	97.3
2987	78.1
2988	87
2989	40.3
2990	63.4
2991	118.6
2992	90.4
2993	98.3
2994	91
2995	88.3
2996	104.5
2997	111.1
2998	63.5
2999	115.9
3000	68
3001	55.8
3002	102.2
3003	74.5
3004	101.2
3005	78.7
3006	94.9
3007	105.6
3008	99.7
3009	111.9
3010	40.3
3011	93.6
3012	77.7
3013	103.7
3014	64.2
3015	106
3016	84.6
3017	120.5
3018	71.6
3019	94.7
3020	64.1
3021	108.6
3022	47
3023	99
3024	104.7
3025	65.7
3026	102.3
3027	97.6
3028	78
3029	107.5
3030	49.5
3031	98.8
3032	91.7
3033	85.6
3034	85.6
3035	72
3036	46.1
3037	86.8
3038	92.2
3039	76.1
3040	107.9
3041	122.8
3042	124.7
3043	111.4
3044	109.1
3045	109.2
3046	83.1
3047	87.6
3048	101.7
3049	69.2
3050	114.6
3051	117.9
3052	78
3053	112.2
3054	65.7
3055	71
3056	107.1
3057	86.7
3058	115.7
3059	83.7
3060	62.4
3061	39.6
3062	90.8
3063	117.7
3064	111.3
3065	55.5
3066	122.3
3067	54.3
3068	122.5
3069	78.6
3070	91.5
3071	97.2
3072	77.4
3073	40.6
3074	111.9
3075	87.1
3076	101.6
3077	86
3078	76.6
3079	115.5
3080	105.7
3081	87.2
3082	44.3
3083	121.9
3084	48.7
3085	79.5
3086	105.8
3087	117
3088	126
3089	126.7
3090	87.1
3091	86.8
3092	40.8
3093	102.6
3094	43.1
3095	58.7
3096	97
3097	40.2
3098	123.4
3099	73.5
3100	98.9
3101	30.8
3102	89.1
3103	119.3
3104	119.6
3105	50.9
3106	117.9
3107	111.7
3108	61.3
3109	92.9
3110	76.2
3111	119.5
3112	33.1
3113	119.9
3114	99.8
3115	50.9
3116	86
3117	94
3118	128.5
3119	139.8
3120	25.5
3121	134.2
3122	30.2
3123	120
3124	44.9
3125	75.8
3126	31.9
3127	32.2
3128	70.8
3129	64.6
3130	63.4
3131	126.8
3132	111
3133	132.3
3134	124.4
3135	36.3
3136	131.5
3137	35.3
3138	66.1
3139	131
3140	91.2
3141	50.4
3142	101.7
3143	127.3
3144	77.8
3145	33.7
3146	56.6
3147	31.2
3148	54.1
3149	46.7
3150	42.5
3151	143.3
3152	125.4
3153	114
3154	97.1
3155	34.6
3156	97.7
3157	91.7
3158	44.8
3159	96.8
3160	33.4
3161	142.7
3162	128.9
3163	66
3164	40.2
3165	53.2
3166	125.1
3167	43.8
3168	125.7
3169	47
3170	111.7
3171	36.1
3172	122.1
3173	47.7
3174	33.4
3175	104.5
3176	34.1
3177	49.5
3178	51.1
3179	51.2
3180	32.4
3181	51
3182	111.3
3183	113.6
3184	139.1
3185	140.9
3186	90.9
3187	115.9
3188	35.5
3189	89.3
3190	26.1
3191	33.7
3192	35.8
3193	61.3
3194	112.7
3195	128.4
3196	41
3197	51.7
3198	54
3199	106.1
3200	45.3
3201	36.1
3202	124.4
3203	116
3204	51.5
3205	138.6
3206	45.3
3207	61.4
3208	32
3209	46
3210	140.4
3211	137.1
3212	111.1
3213	44.9
3214	33
3215	45.3
3216	44.7
3217	50.7
3218	138.3
3219	136.9
3220	51.6
3221	42.2
3222	139.8
3223	19.3
3224	117.7
3225	40.5
3226	109.8
3227	41.8
3228	57.2
3229	45.5
3230	54.8
3231	52.4
3232	32.2
3233	42.6
3234	104.2
3235	121.9
3236	137.4
3237	42
3238	133
3239	43.8
3240	66.6
3241	65.4
3242	54.1
3243	133.5
3244	61.7
3245	48.3
3246	46.5
3247	43.7
3248	39
3249	30.3
3250	57.9
3251	111.1
3252	133.8
3253	57.4
3254	132.7
3255	44
3256	31.9
3257	134.6
3258	60.7
3259	73
3260	29.6
3261	46.9
3262	130.3
3263	34.3
3264	31.5
3265	41.9
3266	51.7
3267	71.2
3268	126.1
3269	124.2
3270	50.6
3271	30.3
3272	115.3
3273	31.4
3274	124.9
3275	56.4
3276	61.3
3277	49.7
3278	89.6
3279	41.4
3280	37.8
3281	54.2
3282	25.4
3283	113
3284	53.2
3285	23.9
3286	113.8
3287	34.4
3288	52.9
3289	52.3
3290	24.2
3291	106.2
3292	21.6
3293	54.3
3294	57.5
3295	41.4
3296	21.4
3297	48.3
3298	62.9
3299	55.3
3300	75.7
3301	54.3
3302	48
3303	108.5
3304	58.3
3305	113.7
3306	58
3307	32
3308	105
3309	54.5
3310	52.9
3311	15.1
3312	54.8
3313	50.6
3314	20.3
3315	49.1
3316	95.1
3317	25.5
3318	96
3319	15.8
3320	53.1
3321	55
3322	18.1
3323	47.9
3324	52.9
3325	54.6
3326	53.6
3327	12.9
3328	26.6
3329	52.5
3330	64.4
3331	43.7
3332	45.5
3333	53.4
3334	13.6
3335	81.6
3336	52.3
3337	12.9
3338	49.8
3339	22.2
3340	24.4
3341	74.6
3342	51.1
3343	31.9
3344	54.9
3345	10.4
3346	33
3347	52.7
3348	13
3349	46.7
3350	95.9
3351	33.4
3352	97.3
3353	49.9
3354	55.6
3355	53.9
3356	52
3357	52.9
3358	27.7
3359	48.9
3360	84.3
3361	51
3362	45.8
3363	57.6
3364	44.3
3365	41.3
3366	49.9
3367	45.7
3368	20.2
3369	29.5
3370	45.4
3371	49.6
3372	33.4
3373	51.1
3374	48.3
3375	42.8
3376	40.9
3377	41
3378	39.6
3379	45.5
3380	40.8
3381	44.2
3382	39
3383	44
3384	38.5
3385	42.2
3386	40.9
3387	41.7
3388	37.7
3389	36.9
3390	37.2
3391	35.6
3392	35.2
3393	41.4
3394	37.4
3395	38.4
3396	34.9
3397	39.1
3398	25.9
3399	22.4
3400	92.3
3401	87.6
3402	90.1
3403	91
3404	89.9
3405	88.2
3406	86.3
3407	97.4
3408	92.4
3409	100.7
3410	27.6
3411	34.9
3412	91.6
3413	95
3414	93.2
3415	93.1
3416	108.8
3417	101.7
3418	98.7
3419	99.4
3420	102.2
3421	97.9
3422	104
3423	94.7
3424	92.9
3425	98.8
3426	102.5
3427	106.3
3428	53.5
3429	100.8
3430	48.9
3431	102.5
3432	101
3433	100.1
3434	96.2
3435	97.2
3436	104.1
3437	101.4
3438	96.8
3439	100.4
3440	92.5
3441	99.8
3442	125.6
3443	100.8
3444	86.1
3445	91.4
3446	107
3447	108.1
3448	123.5
3449	102
3450	99.2
3451	96.9
3452	107.4
3453	96.9
3454	102.5
3455	107
3456	115.5
3457	104.2
3458	103.8
3459	101.3
3460	107.2
3461	122.7
3462	102.8
3463	118.1
3464	97.2
3465	114.7
3466	78.8
3467	98.9
3468	99.5
3469	78.6
3470	107
3471	120.2
3472	63.8
3473	124.6
3474	115.1
3475	92.6
3476	94.3
3477	106.1
3478	108.4
3479	100.2
3480	102.7
3481	119.5
3482	48.2
3483	99.5
3484	111.8
3485	95.2
3486	101.2
3487	1.1
3488	81
3489	130.4
3490	119.2
3491	105.6
3492	94.8
3493	85.6
3494	92.1
3495	108.4
3496	81.8
3497	72.2
3498	77.9
3499	118.7
3500	99.2
3501	88.1
3502	74.4
3503	97.1
3504	77.7
3505	111.9
3506	123.7
3507	76.1
3508	119.5
3509	97.3
3510	94.2
3511	118.3
3512	95.6
3513	113.9
3514	94.4
3515	117.5
3516	96.6
3517	83.7
3518	103.8
3519	104.4
3520	116.2
3521	112.7
3522	127.3
3523	98.7
3524	102.8
3525	99.4
3526	66
3527	100.2
3528	111.5
3529	91.4
3530	90.5
3531	120.8
3532	63
3533	105
3534	105.8
3535	106.5
3536	125.1
3537	74
3538	99.4
3539	98.4
3540	103.8
3541	113.2
3542	125.1
3543	111.5
3544	97.2
3545	100.2
3546	125.6
3547	83
3548	121.5
3549	95.8
3550	90
3551	95
3552	91.2
3553	98.8
3554	96.1
3555	124.3
3556	90.2
3557	48.6
3558	130.3
3559	37.4
3560	107.7
3561	68.6
3562	91.2
3563	112.1
3564	93.6
3565	97
3566	87.6
3567	108
3568	107.1
3569	131
3570	104.2
3571	108.1
3572	84.1
3573	125.3
3574	95.3
3575	97.6
3576	123.7
3577	119.9
3578	135.4
3579	56
3580	50.2
3581	26.6
3582	139.4
3583	52
3584	126.6
3585	42
3586	127.3
3587	36.8
3588	60.8
3589	28.4
3590	51.9
3591	115.6
3592	53.7
3593	49.2
3594	39.2
