"COMID"	"Value"
1	16
2	4
3	23.5
4	23.9
5	4.6
6	1.2
7	21.3
8	5.6
9	0.2
10	0.8
11	28.9
12	0.2
13	0.4
14	19.5
15	5.6
16	0.5
17	16.1
18	12.3
19	20.6
20	19
21	11
22	22.9
23	0.8
24	0.2
25	13.8
26	12.5
27	9.7
28	6
29	0.4
30	5.4
31	17.5
32	5.9
33	21.9
34	0.3
35	16.6
36	0.4
37	16.6
38	1.1
39	0.1
40	1.5
41	18.7
42	8
43	2.7
44	6
45	3.6
46	0.4
47	1.9
48	21
49	11.3
50	5.4
51	0.1
52	0.7
53	0.6
54	20.5
55	20.7
56	16.7
57	1
58	0.1
59	4.2
60	0.1
61	0.5
62	0.5
63	18.1
64	7.1
65	0.4
66	5.6
67	16.7
68	1.5
69	3.9
70	1.5
71	1.6
72	12.2
73	0.1
74	16.2
75	2.1
76	1.4
77	6
78	3.1
79	18.7
80	0.9
81	8.1
82	3.6
83	10.6
84	1.4
85	10.5
86	2.4
87	0.1
88	0.2
89	1
90	7
91	5.5
92	17.9
93	12
94	0.3
95	20.6
96	0.5
97	18.6
98	2.2
99	2.1
100	18
101	13.1
102	7.9
103	0.1
104	3.6
105	1.1
106	18.1
107	1.6
108	1.7
109	0.5
110	0.4
111	1.7
112	16.1
113	0.3
114	15.5
115	5.7
116	2.7
117	7.5
118	7.2
119	0.1
120	2.5
121	0.4
122	8.8
123	1.4
124	6.2
125	7.3
126	17.5
127	9.1
128	10.1
129	0.2
130	2.7
131	0.3
132	0.5
133	6.9
134	6.8
135	5.6
136	6.5
137	12.1
138	0.3
139	0.2
140	6.3
141	4.2
142	1
143	0.1
144	2.2
145	0.4
146	6.5
147	18.5
148	14.1
149	6
150	13.7
151	6
152	4.9
153	0.2
154	4.5
155	1
156	2.3
157	13.3
158	0.5
159	0.8
160	12.6
161	1.8
162	0.5
163	0.3
164	1.7
165	0.1
166	0.4
167	6.1
168	0.1
169	7.4
170	9.4
171	3.6
172	1.3
173	2.4
174	0.3
175	0.4
176	22.2
177	0.7
178	3.5
179	5.1
180	0.4
181	0.5
182	3.4
183	1.5
184	0.4
185	0.7
186	4.1
187	2.7
188	0.4
189	0.3
190	7.1
191	0.3
192	4.5
193	0.8
194	21
195	3.5
196	0.4
197	1
198	0.2
199	4.9
200	0.4
201	0.2
202	0.9
203	0.5
204	0.4
205	0.9
206	8.6
207	4.6
208	19.6
209	5
210	3.7
211	17.5
212	9.5
213	4.6
214	0.5
215	6.4
216	3
217	0.6
218	0.6
219	0.9
220	0.5
221	0.1
222	6.6
223	16.3
224	0.2
225	1.4
226	4.9
227	1
228	5
229	0.4
230	4.1
231	1.5
232	2.3
233	13.2
234	0.2
235	1.7
236	4.1
237	0.6
238	0.6
239	5.8
240	6.9
241	4.4
242	0.4
243	0.2
244	12.3
245	5.3
246	12.5
247	1.4
248	0.9
249	0.1
250	11.9
251	4.7
252	6.5
253	2.6
254	0.4
255	0.3
256	6.8
257	0.4
258	4.7
259	1.6
260	0.6
261	4.8
262	4.8
263	2.2
264	0.3
265	0.3
266	3.3
267	11.1
268	3
269	11.6
270	0.2
271	4.1
272	4.3
273	11.3
274	0.1
275	4.9
276	0.1
277	0.4
278	4.9
279	0.2
280	4
281	3.9
282	10.1
283	0.3
284	6
285	0.4
286	4.3
287	8.1
288	2.5
289	0.2
290	0.2
291	1.6
292	2.4
293	0.2
294	4.8
295	0.2
296	5.8
297	9.9
298	0.3
299	1.1
300	10.7
301	0.4
302	9.7
303	3.5
304	1.2
305	9.5
306	3.7
307	9.3
308	3.3
309	0.2
310	1.9
311	8.4
312	6.7
313	3.7
314	1.4
315	0.4
316	0.3
317	0.2
318	4.5
319	0.1
320	6.9
321	0.2
322	2.7
323	6.7
324	0.5
325	0.1
326	2.7
327	0.7
328	0.7
329	0.1
330	0.5
331	0.7
332	0.4
333	1.3
334	0.6
335	1.3
336	1.2
337	0.1
338	1.3
339	1.5
340	1.2
341	1.1
342	0.2
343	1.3
344	4.6
345	1.8
346	0.2
347	1.4
348	4.2
349	2
350	1.4
351	1.4
352	1.3
353	6.1
354	1.6
355	0.1
356	1.2
357	0.1
358	1.5
359	0.2
360	1.4
361	0.6
362	1.2
363	1.2
364	0.2
365	1.9
366	1.2
367	0.3
368	30
369	0.2
370	6.8
371	0.1
372	1
373	0.9
374	0.3
375	4.4
376	0.9
377	7.1
378	0.7
379	0.3
380	6.9
381	0.1
382	0.1
383	6.7
384	0.2
385	0.3
386	0.2
387	31.9
388	0.6
389	0.2
390	27.6
391	0.4
392	0.7
393	0.3
394	0.2
395	0.1
396	0.6
397	0.3
398	0.4
399	1.8
400	0.2
401	9.7
402	0.2
403	0.5
404	0.2
405	0.5
406	6
407	0.9
408	0.1
409	0.2
410	2.4
411	8.2
412	0.5
413	7.6
414	0.4
415	0.4
416	0.1
417	0.1
418	0.1
419	1.4
420	0.1
421	0.7
422	0.4
423	9.8
424	4.5
425	29.9
426	0.1
427	1.6
428	4
429	4.3
430	1.3
431	0.4
432	0.4
433	27.3
434	0.4
435	0.5
436	11.7
437	1.5
438	49.4
439	0.2
440	7.2
441	0.5
442	0.2
443	2.8
444	0.4
445	58
446	0.2
447	63.4
448	58.9
449	0.5
450	0.6
451	0.4
452	18.1
453	0.4
454	0.2
455	0.6
456	0.3
457	19.9
458	17.6
459	5.4
460	0.7
461	15.8
462	31.3
463	1.6
464	0.9
465	16.6
466	1.4
467	0.5
468	0.5
469	0.4
470	0.6
471	0.9
472	7.9
473	2.5
474	0.4
475	2.1
476	0.2
477	30.5
478	1.2
479	0.2
480	12.9
481	0.5
482	0.2
483	22.8
484	0.6
485	0.5
486	1.8
487	0.1
488	4.9
489	0.6
490	2.8
491	0.7
492	15.5
493	0.5
494	5.3
495	3.3
496	0.4
497	2.9
498	0.3
499	0.7
500	2.6
501	1.2
502	5.1
503	0.5
504	0.5
505	1.3
506	1.6
507	2.8
508	1
509	1.6
510	2
511	2.5
512	3.3
513	0.4
514	0.8
515	0.7
516	0.5
517	3.5
518	0.7
519	1
520	5.8
521	0.3
522	0.4
523	0.4
524	18.1
525	0.4
526	0.4
527	0.5
528	0.3
529	0.7
530	7.6
531	3.9
532	25.5
533	0.1
534	0
535	13.1
536	16.2
537	3.5
538	1.2
539	0
540	0.2
541	1.8
542	4.2
543	0.1
544	1.1
545	4.7
546	2.8
547	1.1
548	4.2
549	6.7
550	0
551	1.3
552	1
553	5
554	0.6
555	0.2
556	1
557	0.3
558	3.7
559	2.2
560	1.9
561	8.3
562	4.9
563	1
564	0.8
565	2.9
566	5.7
567	0.1
568	3.1
569	0.5
570	0.4
571	8.2
572	1.7
573	0.1
574	0.9
575	0.1
576	8.2
577	1.3
578	2.2
579	3
580	3
581	1.2
582	0.9
583	0.2
584	0.4
585	11
586	0.8
587	6.4
588	0.7
589	7.5
590	0.4
591	0.7
592	3.8
593	3.4
594	0.3
595	0.8
596	0.2
597	0.3
598	0
599	6.3
600	0.2
601	0
602	0.3
603	43.4
604	0.3
605	0.8
606	0.4
607	0.2
608	0.1
609	2.1
610	0.3
611	3.4
612	1.8
613	0.2
614	21.2
615	1.6
616	1
617	9.7
618	32.3
619	0.6
620	0.2
621	0.2
622	23.9
623	25.5
624	22
625	0.2
626	0
627	3.4
628	0.1
629	1.4
630	8.8
631	0.3
632	42.7
633	14.4
634	0.3
635	1.1
636	0.8
637	0.8
638	0.3
639	31
640	2
641	4.7
642	0.5
643	19.8
644	1.9
645	39.6
646	18.3
647	0.3
648	56.5
649	19.3
650	0.4
651	10.7
652	0
653	0.3
654	0.6
655	0.2
656	0
657	22.7
658	5.7
659	21.6
660	3.3
661	3.7
662	17.8
663	20.6
664	0.6
665	0.1
666	1.1
667	2.7
668	19.7
669	5.5
670	0.8
671	0.4
672	0.3
673	23.3
674	1.9
675	16.7
676	16
677	5.9
678	0.3
679	0
680	0.7
681	21.6
682	19.8
683	15
684	18.4
685	0.3
686	6.6
687	0.4
688	16
689	0.3
690	27.5
691	2
692	4.6
693	0.3
694	1
695	1.7
696	21.1
697	0.2
698	18.8
699	15.5
700	15.5
701	1.6
702	19.9
703	14.9
704	13.4
705	7.2
706	0.4
707	6.4
708	18.3
709	6.5
710	16.8
711	0.6
712	7.7
713	16.5
714	0.2
715	14.9
716	1.2
717	48
718	19.4
719	16.7
720	15.2
721	0.5
722	5.7
723	17.1
724	19
725	0.4
726	0.6
727	0.9
728	6.9
729	1.2
730	16.2
731	0.5
732	0.7
733	16.1
734	13.2
735	9.5
736	0.3
737	16.4
738	14.9
739	19.5
740	20.1
741	6.3
742	55.3
743	19.6
744	0.6
745	0.5
746	11
747	16.6
748	0.2
749	20.7
750	0.2
751	10
752	16.5
753	15.5
754	17.8
755	20.2
756	12.7
757	20.1
758	29.2
759	0.6
760	9.3
761	0.3
762	6.2
763	18.3
764	4.6
765	10.5
766	1
767	32.4
768	19.1
769	21.1
770	17.8
771	21.5
772	30.2
773	7
774	6
775	1.2
776	0.2
777	5
778	14
779	0.4
780	22.4
781	17.2
782	98.2
783	93.2
784	94.8
785	94.7
786	90.1
787	94.6
788	85.5
789	90.7
790	91.5
791	88.7
792	88.8
793	85.8
794	91.6
795	95.2
796	85.3
797	95.5
798	87.5
799	88.1
800	89.9
801	86
802	89.2
803	90.2
804	83.9
805	89
806	87.7
807	76.6
808	89.9
809	95
810	91.8
811	89.9
812	87.2
813	88.1
814	91
815	90.5
816	91.3
817	83.4
818	85.7
819	94.1
820	90.7
821	89.8
822	89.7
823	91.1
824	87.9
825	86.3
826	92.4
827	90.2
828	90.1
829	88.5
830	87.2
831	86.6
832	90.8
833	91.8
834	88.5
835	87.9
836	90.3
837	73.2
838	90.1
839	94
840	88
841	86.6
842	93.7
843	47.7
844	88
845	86.3
846	96.2
847	88.1
848	89.6
849	93.8
850	87.3
851	86.4
852	83.8
853	87.1
854	87.2
855	88.1
856	87.6
857	85.2
858	86.9
859	83
860	91.9
861	84.6
862	25.9
863	82.1
864	82.9
865	82.2
866	91.8
867	81.3
868	88.2
869	84.2
870	68.7
871	86.2
872	84.6
873	33.4
874	88.4
875	88
876	86.5
877	83.1
878	82.2
879	84.9
880	89.9
881	91.4
882	96.9
883	79.6
884	82.7
885	82.3
886	18.5
887	90.6
888	95
889	86.6
890	95.7
891	88.2
892	92.9
893	96.5
894	20.7
895	85.3
896	87.2
897	88.7
898	87
899	100.2
900	99.3
901	92.2
902	93.4
903	87.6
904	83.2
905	90.6
906	91
907	95.8
908	93.2
909	86.3
910	25.4
911	83.9
912	89.7
913	95.5
914	96.2
915	31.8
916	88
917	85.2
918	88.8
919	95.3
920	91.4
921	79.4
922	98.8
923	50.2
924	91.9
925	87.1
926	87.6
927	84.9
928	103.2
929	93.9
930	101.5
931	85.1
932	110.4
933	96.8
934	27.4
935	91.9
936	90.7
937	91.6
938	89.6
939	86.3
940	93.7
941	88.5
942	99.2
943	21.7
944	90.5
945	87.5
946	93.1
947	27.2
948	90.2
949	86.7
950	85.7
951	102.9
952	93.6
953	108.4
954	111.8
955	102.2
956	91.1
957	94.9
958	106.5
959	92.9
960	99
961	105.5
962	88.8
963	92.2
964	15.5
965	86.2
966	105
967	19.8
968	96
969	99
970	66.3
971	85.8
972	88.1
973	96.1
974	94
975	90.1
976	85.3
977	84.9
978	108.7
979	105.1
980	86.7
981	85.9
982	99.1
983	84.6
984	86
985	84.7
986	82.8
987	109.2
988	83.9
989	99.1
990	41
991	84.7
992	80.4
993	84.5
994	93.4
995	91.7
996	84.6
997	83.5
998	108.8
999	93
1000	16
1001	108.7
1002	86.7
1003	37.3
1004	85.7
1005	107.9
1006	95.8
1007	19.7
1008	109.2
1009	69
1010	102
1011	93.9
1012	94.1
1013	107.4
1014	86.3
1015	108.1
1016	23.7
1017	84.9
1018	107.7
1019	107.5
1020	102.3
1021	93.9
1022	97.8
1023	95.6
1024	87.4
1025	102.7
1026	100.7
1027	90.4
1028	88.3
1029	108
1030	94.6
1031	21.2
1032	34.6
1033	92.5
1034	90.8
1035	87.6
1036	90.7
1037	103.3
1038	92.1
1039	106.4
1040	109.2
1041	102.6
1042	109
1043	22
1044	98.6
1045	108.8
1046	105.9
1047	88
1048	91.8
1049	91.1
1050	21.4
1051	92.4
1052	92.6
1053	106.4
1054	92
1055	94.5
1056	98.7
1057	92.3
1058	93.3
1059	93.4
1060	93.1
1061	20.6
1062	103.7
1063	87.7
1064	84.9
1065	100.8
1066	92.3
1067	89.7
1068	94.8
1069	84.9
1070	90.9
1071	92.6
1072	85
1073	85.2
1074	93.8
1075	70.9
1076	93.5
1077	87.2
1078	102.6
1079	95.2
1080	105.5
1081	91.3
1082	92.7
1083	84.2
1084	98.8
1085	94.4
1086	90.8
1087	21.4
1088	84.8
1089	103
1090	89.7
1091	90.2
1092	91.1
1093	103.2
1094	84
1095	101.6
1096	107.1
1097	90.6
1098	108.9
1099	72
1100	19.1
1101	83.8
1102	90.2
1103	83.5
1104	101.4
1105	112.8
1106	103.1
1107	85.7
1108	100
1109	92.1
1110	90.3
1111	88.1
1112	93.4
1113	89.1
1114	94.3
1115	106.7
1116	100.8
1117	93.6
1118	106.6
1119	101.6
1120	99.9
1121	100.4
1122	105.3
1123	106.9
1124	89.2
1125	99.6
1126	97.6
1127	100.7
1128	92
1129	94.8
1130	102.5
1131	83.2
1132	94.6
1133	92.6
1134	100.4
1135	92.4
1136	83.7
1137	101.3
1138	100.2
1139	102.2
1140	88.8
1141	98.9
1142	87.6
1143	93.1
1144	107.7
1145	104.9
1146	100.7
1147	101.8
1148	92.7
1149	98.4
1150	102
1151	103.2
1152	91.1
1153	92.5
1154	18.3
1155	96.4
1156	93.2
1157	101.6
1158	102.7
1159	78.1
1160	98.6
1161	87.2
1162	106.3
1163	103.8
1164	94.8
1165	93
1166	93.8
1167	90.3
1168	93.4
1169	92.4
1170	95
1171	105
1172	83.5
1173	105.2
1174	86.7
1175	99.9
1176	67.6
1177	100.1
1178	100.6
1179	97.3
1180	103.5
1181	107.4
1182	104.7
1183	87.9
1184	93.3
1185	93.8
1186	90.2
1187	103.1
1188	105.5
1189	105.7
1190	105.3
1191	92.9
1192	105.5
1193	89
1194	101.7
1195	99.9
1196	106.3
1197	96
1198	82.3
1199	85.8
1200	27.2
1201	99.5
1202	102.3
1203	96.4
1204	103.9
1205	105
1206	88.9
1207	101.3
1208	86.8
1209	101.1
1210	89.9
1211	91.3
1212	100
1213	80
1214	90.8
1215	105.3
1216	92.9
1217	83.9
1218	81.6
1219	86.1
1220	87.1
1221	104.4
1222	104.3
1223	102.1
1224	103.2
1225	100
1226	88.6
1227	80.1
1228	99.6
1229	109
1230	92.5
1231	90.7
1232	85.7
1233	103.1
1234	101.2
1235	106.5
1236	81.5
1237	85.8
1238	91.6
1239	97.8
1240	99.9
1241	93.1
1242	88
1243	102.2
1244	96.7
1245	95.4
1246	90.8
1247	74.5
1248	38.1
1249	97.6
1250	79.8
1251	101.7
1252	95.2
1253	106.2
1254	102.6
1255	97
1256	80.8
1257	106.9
1258	103.8
1259	101.7
1260	85.1
1261	80.6
1262	90.4
1263	102
1264	105.3
1265	92.9
1266	88.1
1267	95.8
1268	88.2
1269	37.6
1270	92.1
1271	100.9
1272	101.8
1273	107.2
1274	89.9
1275	100.4
1276	80.9
1277	89.8
1278	87.4
1279	28.1
1280	95.5
1281	103.1
1282	100.5
1283	90.5
1284	44.6
1285	106.6
1286	90.6
1287	103.5
1288	97
1289	92
1290	98.9
1291	88.5
1292	102.3
1293	22.5
1294	105.7
1295	95.6
1296	91.2
1297	45.2
1298	87.1
1299	101.7
1300	106.4
1301	93.6
1302	97.8
1303	105.7
1304	48.8
1305	91.8
1306	97.6
1307	95.9
1308	100.3
1309	99.5
1310	92.3
1311	90.8
1312	86.2
1313	102
1314	95.9
1315	99.1
1316	86.5
1317	82.7
1318	106.9
1319	88.5
1320	91.4
1321	104.6
1322	99.6
1323	102.4
1324	108.1
1325	91.1
1326	104.7
1327	104.4
1328	88.8
1329	46.8
1330	88.5
1331	81.3
1332	21.2
1333	71.8
1334	92.1
1335	94.4
1336	95.4
1337	105.2
1338	107.2
1339	101.3
1340	106.1
1341	92.6
1342	91.5
1343	102.7
1344	101.3
1345	100.7
1346	105.1
1347	88.5
1348	84.3
1349	98.3
1350	99
1351	86.9
1352	42.6
1353	91.8
1354	103.4
1355	93
1356	33.4
1357	77.3
1358	96.8
1359	106.1
1360	105.9
1361	98.7
1362	91.7
1363	103.8
1364	105
1365	86.8
1366	105.3
1367	103.7
1368	83.7
1369	99.4
1370	94.2
1371	102
1372	104.4
1373	89.6
1374	106.5
1375	94.9
1376	43.9
1377	106.2
1378	100.6
1379	102.1
1380	85.8
1381	103.9
1382	94.9
1383	106.6
1384	105.1
1385	37.9
1386	84.8
1387	107.2
1388	102.6
1389	99.9
1390	86.9
1391	91.4
1392	88.2
1393	88.5
1394	96
1395	89.2
1396	103.5
1397	91.7
1398	105.4
1399	103.9
1400	74.2
1401	100.4
1402	103
1403	95.4
1404	105.7
1405	106.4
1406	105
1407	106.1
1408	95.8
1409	94.6
1410	93.7
1411	83
1412	99.5
1413	96.6
1414	105.8
1415	101.7
1416	95.8
1417	95.4
1418	95.1
1419	99.6
1420	104.9
1421	98.7
1422	108.1
1423	61.6
1424	89.1
1425	96.8
1426	82.3
1427	104.6
1428	97.5
1429	99
1430	94.4
1431	98.2
1432	100.4
1433	95.8
1434	101.3
1435	93.7
1436	103.4
1437	89.5
1438	99
1439	104.8
1440	95.2
1441	94.4
1442	97.9
1443	77.4
1444	97.9
1445	101.2
1446	99.4
1447	97.7
1448	89.6
1449	106.3
1450	103.5
1451	97.5
1452	102.9
1453	98.3
1454	59.2
1455	102.2
1456	100.2
1457	98.7
1458	87.4
1459	106.1
1460	96.3
1461	93
1462	92.2
1463	103.5
1464	103.5
1465	102.3
1466	93.6
1467	96.7
1468	93.5
1469	88.5
1470	94
1471	94.6
1472	95.1
1473	92.5
1474	103.9
1475	91.1
1476	92.9
1477	101.3
1478	93.8
1479	91
1480	93.9
1481	95.7
1482	96.3
1483	101.1
1484	106.8
1485	57.1
1486	97.7
1487	103.2
1488	96.7
1489	96.5
1490	100.8
1491	73.3
1492	93.3
1493	97.3
1494	91
1495	92.2
1496	96.7
1497	93.3
1498	95.7
1499	90.7
1500	76.9
1501	93.2
1502	92.6
1503	104.4
1504	94.9
1505	94.5
1506	84.3
1507	95.4
1508	105.9
1509	57.4
1510	101.9
1511	120.2
1512	91.7
1513	94.5
1514	101
1515	103.6
1516	97
1517	92.9
1518	99.2
1519	93.3
1520	102.2
1521	100.5
1522	101.9
1523	95.1
1524	94.7
1525	98.1
1526	93.4
1527	96.6
1528	92
1529	92.6
1530	88.4
1531	102.2
1532	104.6
1533	116.1
1534	94.1
1535	35.8
1536	95.6
1537	98.2
1538	50.2
1539	99.6
1540	97.8
1541	97.8
1542	95.4
1543	95.1
1544	98.3
1545	84.9
1546	44
1547	77.8
1548	88.4
1549	90.3
1550	93.4
1551	92.6
1552	96.4
1553	89.4
1554	67.7
1555	90
1556	92.8
1557	108.3
1558	89.1
1559	96.2
1560	76.7
1561	98.3
1562	99.2
1563	105.2
1564	86.2
1565	73.5
1566	102.9
1567	97.5
1568	95.6
1569	88.5
1570	95.5
1571	87.7
1572	93.9
1573	95.8
1574	99.8
1575	83
1576	102.1
1577	96
1578	99.4
1579	100.8
1580	96.9
1581	96.2
1582	98.4
1583	95.4
1584	41.6
1585	98.1
1586	94.5
1587	98
1588	97.4
1589	104.5
1590	94.8
1591	95.1
1592	99
1593	103.4
1594	96.4
1595	94
1596	89.1
1597	90.8
1598	95.9
1599	94.7
1600	99.5
1601	61.5
1602	97.9
1603	99.1
1604	88.1
1605	72.1
1606	89.2
1607	89.8
1608	100.1
1609	98
1610	96.8
1611	105.7
1612	97.6
1613	93.9
1614	98.2
1615	99.4
1616	85.8
1617	87.9
1618	82.2
1619	66.5
1620	95.6
1621	94.4
1622	102.2
1623	97.4
1624	98.3
1625	81.3
1626	97.3
1627	101.7
1628	80.2
1629	96.3
1630	108.1
1631	70.2
1632	101.6
1633	87
1634	97.7
1635	99.6
1636	91.8
1637	97.7
1638	79.5
1639	90.5
1640	89.8
1641	83
1642	97.5
1643	84.9
1644	99.1
1645	98.1
1646	87.8
1647	98.2
1648	95.7
1649	102.6
1650	87.9
1651	100.1
1652	83.5
1653	87.7
1654	94.4
1655	98.3
1656	112.1
1657	98.5
1658	99.5
1659	89.9
1660	83
1661	82.5
1662	102.3
1663	84.5
1664	93.8
1665	84.2
1666	104.4
1667	103.3
1668	86.8
1669	95.5
1670	100.4
1671	103.6
1672	95.8
1673	100.6
1674	92
1675	86.6
1676	97.7
1677	104.8
1678	86.1
1679	103
1680	101.4
1681	97
1682	83.1
1683	94.6
1684	87
1685	94.1
1686	66.1
1687	103
1688	87.1
1689	97.8
1690	99.1
1691	76.5
1692	98.9
1693	92.2
1694	95.5
1695	98.7
1696	97
1697	101.7
1698	86.5
1699	95.5
1700	75.7
1701	101.8
1702	101.8
1703	101.9
1704	99.5
1705	93.8
1706	94.4
1707	83.2
1708	82.2
1709	87.6
1710	97.3
1711	93.4
1712	100.1
1713	102.1
1714	99.7
1715	100
1716	92.9
1717	97
1718	67.7
1719	65.7
1720	97.9
1721	103.6
1722	95.8
1723	98
1724	93.5
1725	105.3
1726	100.3
1727	100
1728	97.3
1729	88.7
1730	102.1
1731	97
1732	95.7
1733	96
1734	82
1735	104.3
1736	84.2
1737	93.6
1738	93.5
1739	100
1740	105.8
1741	86.3
1742	93.4
1743	94.1
1744	102
1745	99.5
1746	97.7
1747	102.9
1748	99.4
1749	71.5
1750	60.4
1751	97.3
1752	96.2
1753	99.6
1754	108.2
1755	96.7
1756	99.8
1757	96.6
1758	100.4
1759	95.1
1760	103.8
1761	107.3
1762	80.4
1763	100.6
1764	104.7
1765	94.7
1766	98.5
1767	100.5
1768	103.2
1769	104
1770	97.4
1771	86.6
1772	107.5
1773	96.5
1774	96.3
1775	58.3
1776	96
1777	96.2
1778	93.6
1779	95
1780	85.9
1781	104.3
1782	101.9
1783	99.1
1784	96.9
1785	99.2
1786	103.6
1787	99.4
1788	101.8
1789	91.5
1790	86.4
1791	73.7
1792	95.2
1793	102.2
1794	64.4
1795	95.5
1796	103.5
1797	107.1
1798	90.8
1799	97.2
1800	93.2
1801	106.1
1802	102
1803	102.4
1804	93.6
1805	94.1
1806	101
1807	103.3
1808	90.3
1809	104.4
1810	105.1
1811	95.4
1812	100.3
1813	102.3
1814	93.3
1815	93.2
1816	104
1817	100.4
1818	94.6
1819	102
1820	111.1
1821	98
1822	100.2
1823	101.2
1824	101.9
1825	111.8
1826	96.6
1827	94.7
1828	96.8
1829	95.4
1830	103.7
1831	87.8
1832	98.2
1833	88.9
1834	101.3
1835	94.1
1836	97.8
1837	54.9
1838	97
1839	111.6
1840	93.6
1841	83.6
1842	86.9
1843	114.3
1844	98.3
1845	93.8
1846	53.1
1847	84.6
1848	106.9
1849	109.9
1850	108.3
1851	85.3
1852	97.7
1853	104.4
1854	96.3
1855	102.5
1856	82.1
1857	97
1858	99.2
1859	92.2
1860	87.2
1861	95.9
1862	83.5
1863	94.3
1864	93.8
1865	93.7
1866	110.2
1867	97.5
1868	93.1
1869	90.3
1870	58.5
1871	94.3
1872	82.5
1873	90.3
1874	111.2
1875	97.5
1876	91.2
1877	93.5
1878	91.5
1879	112.2
1880	106.4
1881	99.4
1882	96.2
1883	112.2
1884	93
1885	100.9
1886	89.7
1887	93
1888	98.8
1889	101.3
1890	103.7
1891	57.8
1892	96.1
1893	93.5
1894	97.1
1895	92.4
1896	94
1897	84.9
1898	108.4
1899	82.5
1900	95.8
1901	106.6
1902	87.1
1903	97.3
1904	85.7
1905	97.7
1906	96.1
1907	55.9
1908	80.2
1909	49.7
1910	46.1
1911	100.3
1912	94.9
1913	92.1
1914	91.2
1915	92.2
1916	87.8
1917	103.7
1918	68.8
1919	93.7
1920	92.6
1921	99.5
1922	87.7
1923	98.1
1924	88
1925	98.5
1926	90.2
1927	109.4
1928	92.5
1929	43.3
1930	93.6
1931	52.4
1932	70
1933	93.4
1934	77.3
1935	94.5
1936	99.1
1937	80.8
1938	86.9
1939	102.9
1940	90.7
1941	83.4
1942	74.5
1943	85.5
1944	96.2
1945	40.9
1946	85.2
1947	83.7
1948	38.1
1949	88.2
1950	1.1
1951	93.9
1952	55
1953	32
1954	84.1
1955	87.7
1956	100
1957	109.4
1958	95.1
1959	83.3
1960	97.4
1961	85.4
1962	85.2
1963	75.6
1964	83.5
1965	90.9
1966	1
1967	45.2
1968	95.3
1969	86.8
1970	103.5
1971	95.9
1972	81.8
1973	73
1974	101.6
1975	34.6
1976	86.6
1977	57.9
1978	100
1979	1.1
1980	83.7
1981	102.6
1982	1.1
1983	92.8
1984	89.1
1985	37.1
1986	85.5
1987	103.5
1988	40
1989	1.1
1990	1.1
1991	80.3
1992	91.9
1993	78.8
1994	111.1
1995	103.7
1996	71.6
1997	73.3
1998	109.5
1999	92.7
2000	39.2
2001	89.9
2002	90.3
2003	87.7
2004	68.2
2005	77.9
2006	78.9
2007	89.1
2008	38.1
2009	90.2
2010	80.6
2011	1.1
2012	75.6
2013	77.5
2014	1.1
2015	74.1
2016	79.7
2017	94.9
2018	52.1
2019	71.1
2020	78.9
2021	50.5
2022	50.6
2023	57.1
2024	1.1
2025	114
2026	70.8
2027	39.2
2028	105.9
2029	87.1
2030	88.9
2031	88.7
2032	73.5
2033	91.8
2034	94.7
2035	34.8
2036	1.1
2037	87.7
2038	1.1
2039	70
2040	72.7
2041	1.1
2042	45.4
2043	85.8
2044	102.3
2045	85.6
2046	80.7
2047	34.1
2048	70.2
2049	96.5
2050	106.7
2051	35.6
2052	92.2
2053	41
2054	34.1
2055	67.4
2056	85.5
2057	37.7
2058	1.1
2059	74
2060	45.8
2061	64.8
2062	113.3
2063	71.8
2064	36.7
2065	79.1
2066	86.2
2067	50.1
2068	87.9
2069	87.5
2070	73.5
2071	43.3
2072	92.3
2073	68.5
2074	97.7
2075	89.7
2076	1.1
2077	70.3
2078	98.5
2079	82.3
2080	75.5
2081	101.2
2082	90.7
2083	29.3
2084	91.1
2085	95.4
2086	68.7
2087	75.6
2088	112.6
2089	77.5
2090	107
2091	66.6
2092	80.5
2093	90.3
2094	73.6
2095	29.6
2096	82.1
2097	35.9
2098	74.9
2099	80.2
2100	81.8
2101	83.9
2102	87.4
2103	74.7
2104	65.9
2105	87.7
2106	75.3
2107	79.7
2108	78.2
2109	82.3
2110	85.7
2111	66
2112	1.1
2113	87.2
2114	76.9
2115	77.4
2116	78
2117	84.7
2118	68.3
2119	50.3
2120	86.2
2121	28.6
2122	85.7
2123	81.6
2124	79.8
2125	76
2126	86.1
2127	24.1
2128	71.9
2129	65.1
2130	80.4
2131	83.2
2132	84.4
2133	76
2134	84.2
2135	43.9
2136	88.7
2137	31.5
2138	60.7
2139	72.8
2140	62.7
2141	82.4
2142	32.7
2143	74.3
2144	82.9
2145	74.6
2146	31.3
2147	32.5
2148	90.2
2149	71.5
2150	72.6
2151	73.3
2152	86.3
2153	93.7
2154	88.7
2155	64.4
2156	76.1
2157	76.8
2158	32.5
2159	27.1
2160	96.7
2161	78.9
2162	86.1
2163	73.7
2164	78.3
2165	32.6
2166	60.9
2167	64.1
2168	73.2
2169	85
2170	72.6
2171	74.5
2172	71.7
2173	81.2
2174	68.1
2175	7.9
2176	72.5
2177	93.7
2178	63.3
2179	71.4
2180	60.1
2181	90.2
2182	71.3
2183	77.2
2184	66.4
2185	71.6
2186	6.8
2187	26
2188	57.9
2189	77.3
2190	28.4
2191	73.3
2192	58.4
2193	68.3
2194	88.3
2195	29.6
2196	67.5
2197	81
2198	56.2
2199	94.4
2200	64.7
2201	5.1
2202	25.3
2203	72.5
2204	61.6
2205	79.8
2206	67.9
2207	26.8
2208	24.5
2209	70.4
2210	91.7
2211	73.4
2212	62.1
2213	85.8
2214	69.2
2215	64.2
2216	23.9
2217	77.5
2218	63.3
2219	80.6
2220	24.3
2221	53.4
2222	90.1
2223	58.7
2224	74.8
2225	74.4
2226	23.8
2227	88.2
2228	73.3
2229	73.3
2230	61.1
2231	55.1
2232	75.9
2233	67.6
2234	78.1
2235	73.8
2236	76.3
2237	76.3
2238	78.1
2239	25
2240	71.8
2241	76.5
2242	73.4
2243	76.8
2244	71.9
2245	81.6
2246	53.5
2247	78
2248	91.4
2249	78.2
2250	57
2251	24.8
2252	89.8
2253	77.1
2254	26.2
2255	78.6
2256	72.9
2257	28.1
2258	60.7
2259	90.6
2260	69.7
2261	72.2
2262	67.5
2263	89.8
2264	87.3
2265	90
2266	71.6
2267	77.6
2268	81.6
2269	26.3
2270	86.7
2271	66.3
2272	68.6
2273	30.6
2274	85.4
2275	87.5
2276	36.2
2277	76.2
2278	83.7
2279	69.9
2280	76.8
2281	93.2
2282	89.1
2283	39.3
2284	85.8
2285	91
2286	86.1
2287	25.4
2288	69.3
2289	71.1
2290	70.6
2291	64.3
2292	92.6
2293	26.4
2294	29.4
2295	88.3
2296	93.3
2297	85.7
2298	72.4
2299	21
2300	75.9
2301	85.7
2302	74.1
2303	74.8
2304	72.7
2305	66.8
2306	91.3
2307	93.9
2308	78.1
2309	84.2
2310	90.4
2311	99.1
2312	88.9
2313	81.3
2314	80.3
2315	101.4
2316	71
2317	92.9
2318	64.9
2319	64.4
2320	92.9
2321	74.4
2322	84.5
2323	82.3
2324	94
2325	89.5
2326	86.9
2327	72.8
2328	83.5
2329	76.8
2330	99.4
2331	99.3
2332	33
2333	84.1
2334	73.5
2335	102.7
2336	82.8
2337	91.2
2338	48.2
2339	32.5
2340	95.1
2341	85.7
2342	98.3
2343	34.3
2344	83.7
2345	44.5
2346	90.2
2347	78
2348	86.7
2349	84.8
2350	87.9
2351	71.1
2352	80.6
2353	83.4
2354	86.9
2355	89.9
2356	95.2
2357	92.7
2358	30.2
2359	91.2
2360	88.3
2361	93.1
2362	36.7
2363	91
2364	73.7
2365	86.4
2366	98
2367	99.6
2368	88.6
2369	24.3
2370	93.6
2371	88
2372	82
2373	92.7
2374	25.1
2375	88.2
2376	101.8
2377	94.7
2378	92.7
2379	84.7
2380	87.2
2381	82.1
2382	87.8
2383	101.8
2384	98.8
2385	57.5
2386	82.2
2387	81.7
2388	89.7
2389	94.8
2390	68
2391	82.7
2392	91.1
2393	100.6
2394	95.7
2395	24.2
2396	84.9
2397	95.7
2398	56.5
2399	92.4
2400	95.4
2401	83.4
2402	92.5
2403	81.8
2404	21
2405	85.5
2406	78.9
2407	104.2
2408	88.8
2409	90
2410	90.5
2411	94.5
2412	97.1
2413	93.4
2414	19.1
2415	95.4
2416	82.4
2417	81.5
2418	84.8
2419	83.6
2420	98.4
2421	107
2422	77.1
2423	76.5
2424	92.2
2425	20.9
2426	106.3
2427	85
2428	89.3
2429	105.7
2430	99.1
2431	87.8
2432	85.8
2433	95.4
2434	18
2435	88.5
2436	83.4
2437	14.9
2438	87.5
2439	78
2440	91.2
2441	108
2442	76.2
2443	81
2444	99.5
2445	86.6
2446	23.1
2447	87.5
2448	98.1
2449	96.5
2450	102.3
2451	83.9
2452	83.9
2453	99.3
2454	94
2455	91
2456	82.4
2457	88.4
2458	83.7
2459	87.6
2460	15.2
2461	88.5
2462	70.2
2463	22.5
2464	97.3
2465	103.7
2466	93.9
2467	72.7
2468	82.1
2469	90.3
2470	93.8
2471	84
2472	89.2
2473	21
2474	75.5
2475	84.9
2476	95.2
2477	88.4
2478	83.2
2479	90.3
2480	86.3
2481	62.7
2482	15.3
2483	93.6
2484	92.8
2485	84.5
2486	84.5
2487	94
2488	86.3
2489	90.9
2490	96.5
2491	21.1
2492	92.2
2493	96.1
2494	84.6
2495	81.8
2496	18.6
2497	76.9
2498	82.4
2499	16.7
2500	88.9
2501	80.5
2502	83
2503	81.7
2504	68.3
2505	85.7
2506	84.5
2507	94
2508	80.1
2509	95.9
2510	82.6
2511	4.6
2512	83.1
2513	83.4
2514	80.1
2515	82.1
2516	87.4
2517	24.3
2518	52.3
2519	85.1
2520	88.8
2521	80.2
2522	4.6
2523	23.9
2524	91.6
2525	48.7
2526	80.5
2527	79.5
2528	79.6
2529	82.8
2530	78.7
2531	76.2
2532	76.4
2533	88.3
2534	51.9
2535	80.3
2536	89
2537	61
2538	4.6
2539	96.3
2540	85.1
2541	92.1
2542	80
2543	84
2544	52.7
2545	82
2546	76.5
2547	85.1
2548	84.1
2549	84.6
2550	92.6
2551	28.8
2552	95
2553	78.1
2554	88.3
2555	77.8
2556	82.4
2557	86
2558	82.6
2559	77.2
2560	4.6
2561	77.2
2562	94
2563	82
2564	86.2
2565	85.8
2566	25.8
2567	84.9
2568	4.6
2569	85.6
2570	51.1
2571	30.7
2572	89.5
2573	59.3
2574	84.9
2575	52.1
2576	84.3
2577	78.4
2578	81.7
2579	83.4
2580	86.8
2581	84.6
2582	91.7
2583	83.8
2584	91
2585	4.5
2586	89.7
2587	82.9
2588	85.3
2589	79.7
2590	83.8
2591	80.8
2592	76.3
2593	73.8
2594	40.6
2595	90.3
2596	4.6
2597	81.3
2598	89.4
2599	87.2
2600	81.1
2601	78
2602	84.3
2603	74.6
2604	89.6
2605	84
2606	73.3
2607	4.4
2608	71.3
2609	84
2610	54.3
2611	83.9
2612	74.1
2613	80.7
2614	86.5
2615	34.8
2616	84.4
2617	4.6
2618	91.3
2619	90.2
2620	86.7
2621	38.9
2622	82.3
2623	4.4
2624	73.9
2625	88.3
2626	32.5
2627	84.4
2628	34.6
2629	89.3
2630	76.7
2631	73.4
2632	3.8
2633	81.2
2634	81.3
2635	76.7
2636	84.4
2637	87.6
2638	68.5
2639	74.6
2640	71.2
2641	78.2
2642	3.9
2643	90.5
2644	75.4
2645	89.6
2646	71.4
2647	44.2
2648	81.6
2649	68.3
2650	4.5
2651	86.2
2652	76.6
2653	80.4
2654	79.4
2655	75.2
2656	83.1
2657	42.6
2658	76.3
2659	87.2
2660	4.6
2661	59.2
2662	86.3
2663	73.3
2664	74.8
2665	70.7
2666	79.6
2667	34.2
2668	77.5
2669	81.9
2670	85.1
2671	85.5
2672	78.5
2673	47.5
2674	38
2675	74.1
2676	22.4
2677	87.2
2678	86.2
2679	78
2680	76.1
2681	67.2
2682	62
2683	78.5
2684	74.3
2685	80.2
2686	83.7
2687	79.6
2688	66.3
2689	71.7
2690	67.1
2691	67.1
2692	18.3
2693	68.4
2694	82
2695	85.3
2696	80.5
2697	81
2698	85.9
2699	6.2
2700	75.4
2701	28
2702	63.4
2703	68.8
2704	48.1
2705	73.1
2706	74.3
2707	4.9
2708	64.2
2709	58.4
2710	69
2711	72.8
2712	71.9
2713	82
2714	69.8
2715	61.7
2716	66.4
2717	64.8
2718	63.6
2719	79.9
2720	67.8
2721	77.7
2722	72.5
2723	80.1
2724	7.5
2725	63.4
2726	78.3
2727	82.4
2728	64.9
2729	79.9
2730	67
2731	71.7
2732	71.8
2733	68.7
2734	65.6
2735	65.8
2736	9
2737	72.7
2738	59.8
2739	74.3
2740	67
2741	62.3
2742	60.9
2743	71.4
2744	65.7
2745	42
2746	8.9
2747	68
2748	80.6
2749	74.8
2750	66.5
2751	53
2752	75.9
2753	68.3
2754	73.1
2755	59.3
2756	68.3
2757	74.9
2758	65.7
2759	69.5
2760	71.5
2761	64
2762	71.9
2763	8.6
2764	71.2
2765	73.8
2766	72.3
2767	8.5
2768	65.6
2769	66.4
2770	70.5
2771	66
2772	58.8
2773	29.2
2774	56.7
2775	77.1
2776	73.4
2777	68
2778	69.4
2779	73.1
2780	19.1
2781	75.8
2782	42.7
2783	79.3
2784	79.9
2785	9.1
2786	9.9
2787	72.8
2788	68.6
2789	68.5
2790	79.2
2791	72.8
2792	73.6
2793	57.9
2794	74.6
2795	66.7
2796	55.5
2797	64.8
2798	69.9
2799	73.1
2800	77.9
2801	77.1
2802	65.5
2803	62.2
2804	22.5
2805	77.3
2806	73.4
2807	63.5
2808	75.9
2809	70.9
2810	7.7
2811	76.4
2812	59.7
2813	58
2814	77.8
2815	77.3
2816	65.2
2817	69.5
2818	51.9
2819	80
2820	78.3
2821	68.2
2822	71.2
2823	65.7
2824	7.1
2825	73.6
2826	8.1
2827	18
2828	65.6
2829	9.4
2830	77.5
2831	84.8
2832	83.4
2833	69.2
2834	59.9
2835	76.6
2836	79.7
2837	77.9
2838	75.1
2839	76
2840	80.9
2841	87.3
2842	49.1
2843	75.1
2844	29
2845	70.3
2846	7.5
2847	77.3
2848	78.2
2849	76.6
2850	77.3
2851	46.1
2852	76.6
2853	77.8
2854	82.4
2855	79.2
2856	76.6
2857	78
2858	60.2
2859	72.1
2860	77
2861	80.3
2862	59.2
2863	33.4
2864	59.2
2865	85.1
2866	78.3
2867	75.5
2868	39.3
2869	60.9
2870	72
2871	76
2872	81.3
2873	79.3
2874	7.9
2875	75.3
2876	6.6
2877	77.7
2878	80
2879	28.9
2880	76.9
2881	81.3
2882	89.6
2883	78.5
2884	60.9
2885	41
2886	54.2
2887	36.2
2888	6.6
2889	8.1
2890	8.3
2891	83.7
2892	78.6
2893	67.7
2894	62.6
2895	85.4
2896	5.8
2897	79.9
2898	75
2899	65.3
2900	61.3
2901	31.2
2902	83.2
2903	88.1
2904	21.5
2905	78
2906	79.7
2907	44.4
2908	79.1
2909	79.7
2910	73.3
2911	78.7
2912	79.5
2913	80
2914	88.4
2915	35.5
2916	86.6
2917	7.5
2918	64.2
2919	30.1
2920	33.8
2921	81.4
2922	71.7
2923	75.2
2924	51.3
2925	83.4
2926	46
2927	26.7
2928	69.4
2929	43.5
2930	80.5
2931	81.4
2932	68.6
2933	81.7
2934	23.6
2935	81
2936	27.1
2937	70.2
2938	30.6
2939	82.8
2940	26.1
2941	75.3
2942	28.3
2943	81.7
2944	26.5
2945	82.4
2946	86.7
2947	59.1
2948	85.6
2949	79.5
2950	70.2
2951	67.4
2952	84.1
2953	81
2954	80.5
2955	80.4
2956	72.5
2957	46.8
2958	84.4
2959	36.5
2960	75.9
2961	83.4
2962	80.9
2963	61.7
2964	75.8
2965	69.7
2966	62.3
2967	81
2968	80.8
2969	34.8
2970	26.4
2971	76.8
2972	66.5
2973	21.8
2974	82.3
2975	94.4
2976	71.8
2977	48.7
2978	58.6
2979	87
2980	80.9
2981	89.2
2982	70.1
2983	78
2984	85.3
2985	79.3
2986	81.4
2987	75
2988	78.6
2989	26.1
2990	64.5
2991	96.4
2992	62.7
2993	83.7
2994	82.2
2995	79.1
2996	69.1
2997	68.3
2998	66.4
2999	68.9
3000	70.8
3001	42.4
3002	84.4
3003	70.6
3004	58
3005	50.6
3006	80.1
3007	81
3008	86
3009	58.3
3010	24.6
3011	81.3
3012	53.2
3013	86.2
3014	62.4
3015	51.1
3016	77.8
3017	96.5
3018	65.4
3019	49.6
3020	64.8
3021	57.9
3022	39.1
3023	52.4
3024	82.9
3025	61.7
3026	86.6
3027	83.6
3028	71.8
3029	86.8
3030	29.5
3031	54.7
3032	57.6
3033	45.1
3034	55.2
3035	68.2
3036	29.9
3037	54.2
3038	47.5
3039	68.2
3040	88.5
3041	95.6
3042	93.8
3043	91.9
3044	81.3
3045	88.7
3046	42.2
3047	47.2
3048	90.1
3049	65.8
3050	93.1
3051	88.8
3052	72.4
3053	91.7
3054	65.1
3055	71.3
3056	92.7
3057	46.2
3058	93.9
3059	80.6
3060	36.9
3061	39
3062	49.6
3063	93.9
3064	92
3065	37
3066	95
3067	36.8
3068	99.3
3069	42.7
3070	83.4
3071	54.6
3072	77
3073	21.5
3074	89.7
3075	49.5
3076	59.2
3077	82.9
3078	73.4
3079	87.7
3080	93.1
3081	49.4
3082	38.1
3083	96.7
3084	37.9
3085	74.3
3086	84.3
3087	100.6
3088	99.5
3089	100.1
3090	84.9
3091	49.8
3092	32.4
3093	58
3094	26
3095	34.5
3096	89.6
3097	32.6
3098	100.4
3099	41.7
3100	90.8
3101	17.8
3102	53
3103	94.6
3104	98.7
3105	36.9
3106	99.2
3107	97
3108	34.8
3109	49.8
3110	42.3
3111	102.2
3112	17.6
3113	97.3
3114	47.6
3115	37.1
3116	51.1
3117	51.7
3118	99.6
3119	110.8
3120	15.8
3121	106.3
3122	25.9
3123	100.8
3124	34.1
3125	58
3126	21.8
3127	17.6
3128	37
3129	38.9
3130	35.6
3131	100.6
3132	97.6
3133	102.3
3134	98
3135	28.9
3136	103.8
3137	23.3
3138	41.8
3139	104.2
3140	87.4
3141	42.1
3142	93.8
3143	104
3144	39.2
3145	18.4
3146	30.9
3147	19.9
3148	51.4
3149	28.4
3150	24
3151	87.8
3152	100.5
3153	99
3154	90.8
3155	9.2
3156	79.9
3157	77.3
3158	22.6
3159	89.7
3160	19.9
3161	85.5
3162	100.3
3163	37.4
3164	28.2
3165	9.5
3166	100.1
3167	8.1
3168	100.2
3169	29.2
3170	97.2
3171	33.6
3172	100.4
3173	29.5
3174	0.6
3175	95.2
3176	32.6
3177	32.2
3178	32.3
3179	32.3
3180	25.5
3181	5.2
3182	97.6
3183	97.4
3184	89.3
3185	86.8
3186	78.5
3187	91.7
3188	0.1
3189	75.2
3190	32.2
3191	32.1
3192	0.4
3193	42.4
3194	98.4
3195	99.9
3196	27.3
3197	4.5
3198	4.7
3199	89
3200	30
3201	32.7
3202	99.2
3203	98.9
3204	8.7
3205	74.5
3206	30.7
3207	46.1
3208	31.9
3209	41
3210	80.4
3211	79.7
3212	91
3213	31.1
3214	28.9
3215	31.9
3216	30
3217	35.3
3218	72.3
3219	76.8
3220	4.1
3221	35.2
3222	80
3223	28.3
3224	93.4
3225	35
3226	88.8
3227	32.2
3228	42.7
3229	43.9
3230	16.7
3231	40.8
3232	33.9
3233	30.7
3234	84.6
3235	92.8
3236	77.1
3237	28.6
3238	78.7
3239	41.1
3240	18.6
3241	60.7
3242	43.9
3243	76.5
3244	46.2
3245	36
3246	37
3247	38.1
3248	32.9
3249	32.5
3250	9.1
3251	97.6
3252	97.4
3253	45.2
3254	70.9
3255	31.3
3256	35.7
3257	73.4
3258	46.2
3259	64.5
3260	33.8
3261	42.2
3262	73.6
3263	31.5
3264	29.9
3265	30.3
3266	42.7
3267	63.8
3268	69.2
3269	94.3
3270	41.2
3271	27.3
3272	91
3273	29.3
3274	92.9
3275	43.9
3276	44.7
3277	42.5
3278	75.1
3279	33.7
3280	31.4
3281	38.6
3282	24.8
3283	55.3
3284	44.5
3285	26.4
3286	86.9
3287	30.8
3288	44.5
3289	47.1
3290	32
3291	83.6
3292	26.4
3293	46.3
3294	48.7
3295	37.8
3296	23
3297	33.7
3298	56.6
3299	41.3
3300	64.3
3301	43.1
3302	36.1
3303	83.6
3304	47.2
3305	73.8
3306	49.6
3307	31.7
3308	84.3
3309	45.7
3310	41
3311	22.5
3312	43.6
3313	38.2
3314	24.3
3315	47.1
3316	80.2
3317	29
3318	49
3319	17.1
3320	39.6
3321	46.7
3322	17.5
3323	44.6
3324	49.5
3325	39
3326	46.1
3327	16.7
3328	30.4
3329	37.1
3330	57.9
3331	37
3332	35.7
3333	37.6
3334	16.5
3335	73.5
3336	46.2
3337	16.5
3338	38.6
3339	25
3340	27.2
3341	64.8
3342	44.9
3343	32.2
3344	38.4
3345	13.7
3346	28.4
3347	45.7
3348	18.4
3349	44.7
3350	39.9
3351	29.2
3352	42.3
3353	37.8
3354	48.7
3355	41.2
3356	41
3357	47.8
3358	30
3359	36.5
3360	41
3361	38
3362	44.4
3363	53.2
3364	39.8
3365	35.1
3366	35.6
3367	38.1
3368	27
3369	32.4
3370	39.7
3371	37.8
3372	32.6
3373	37.1
3374	35.3
3375	44.5
3376	33.9
3377	42.2
3378	42.8
3379	44.9
3380	35.3
3381	38.1
3382	42.3
3383	38.4
3384	36
3385	37.9
3386	38.5
3387	46.8
3388	42.8
3389	38.4
3390	38.7
3391	38.9
3392	39
3393	47
3394	41.7
3395	40.3
3396	38
3397	42
3398	34.4
3399	30.1
3400	88.4
3401	88.7
3402	86.7
3403	91.1
3404	85.7
3405	83
3406	83.2
3407	93.7
3408	87.2
3409	95.5
3410	22.5
3411	28.4
3412	81.9
3413	91.1
3414	83.1
3415	91
3416	104.6
3417	93.7
3418	91
3419	92.6
3420	96.5
3421	96
3422	91.2
3423	88.3
3424	86
3425	90.2
3426	96
3427	100.4
3428	48.8
3429	90.9
3430	43.4
3431	96.4
3432	93.2
3433	96.7
3434	89.8
3435	95.3
3436	94.4
3437	93.5
3438	92
3439	88.6
3440	81.6
3441	94.7
3442	113.1
3443	94.6
3444	75.7
3445	84.1
3446	99
3447	96.4
3448	107.7
3449	95.8
3450	98.2
3451	90.4
3452	96.5
3453	76.9
3454	95
3455	99.2
3456	72.6
3457	102.1
3458	89.6
3459	90.5
3460	94
3461	89.4
3462	101.2
3463	101.2
3464	90.5
3465	92.4
3466	66.1
3467	93.8
3468	94.9
3469	69.2
3470	94.2
3471	101.7
3472	56.4
3473	104.3
3474	94.2
3475	96.9
3476	97.4
3477	97.6
3478	95.8
3479	92.6
3480	93.8
3481	102
3482	46.1
3483	79.5
3484	100
3485	82
3486	89.3
3487	1.1
3488	35.8
3489	107.8
3490	101.2
3491	83
3492	78.3
3493	59.7
3494	82.1
3495	88.2
3496	26.3
3497	55.3
3498	56.6
3499	89
3500	71
3501	26.2
3502	26.8
3503	60.9
3504	63.6
3505	84.2
3506	91.6
3507	64.8
3508	95.4
3509	31.6
3510	79
3511	91.1
3512	84
3513	42.7
3514	84
3515	94.6
3516	84
3517	77
3518	83.9
3519	90.2
3520	91.8
3521	92.3
3522	94.8
3523	86.2
3524	84
3525	85.2
3526	26.5
3527	84.8
3528	90
3529	81.1
3530	79.4
3531	93.5
3532	48
3533	90.5
3534	88.7
3535	86.9
3536	62.1
3537	11.6
3538	78.6
3539	67.1
3540	70.2
3541	72.7
3542	72.4
3543	75.1
3544	73.9
3545	65.7
3546	64
3547	55.3
3548	75
3549	79.4
3550	77.2
3551	81.4
3552	60.1
3553	66.8
3554	83.9
3555	83.3
3556	80
3557	24.1
3558	76.6
3559	21.5
3560	63.9
3561	63.3
3562	45.5
3563	87.1
3564	48.8
3565	50.6
3566	50.6
3567	84.7
3568	94.8
3569	103.6
3570	93.9
3571	97.1
3572	48.5
3573	100.8
3574	52.9
3575	58.1
3576	99
3577	95.9
3578	76.6
3579	32.3
3580	31.9
3581	29.6
3582	79.5
3583	27.2
3584	97
3585	36.2
3586	92.5
3587	32.4
3588	47
3589	30.4
3590	35.9
3591	62.8
3592	40.4
3593	42.3
3594	39
