"COMID"	"Value"
1	19.3
2	2.8
3	23.9
4	14.8
5	8.2
6	1.5
7	38.4
8	5.4
9	0.4
10	0.6
11	20.2
12	0.3
13	2.8
14	20.8
15	5.7
16	0.4
17	18.7
18	28
19	29.1
20	19.5
21	6.8
22	24.3
23	0.4
24	0.4
25	10.6
26	6
27	6.1
28	10.6
29	0.3
30	4.9
31	18.4
32	9.2
33	23.3
34	0.4
35	7.8
36	0.6
37	16.8
38	0.5
39	0.3
40	0.6
41	19.4
42	4.2
43	1
44	9.7
45	2.2
46	3.6
47	14.4
48	22.2
49	7.3
50	3.1
51	0.2
52	8.2
53	0.7
54	20.8
55	20.3
56	17.3
57	0.3
58	0.2
59	2.5
60	0.2
61	0.7
62	0.5
63	23.7
64	3.5
65	0.4
66	9.3
67	16.3
68	14.5
69	1.6
70	1.2
71	1.2
72	12.5
73	0.1
74	30.9
75	1.7
76	1.3
77	8.8
78	1.2
79	18.6
80	1
81	3.9
82	3.9
83	8.4
84	0.4
85	10.9
86	14.7
87	0.2
88	0.2
89	0.5
90	3.7
91	3.1
92	17.1
93	12.7
94	0.3
95	33.9
96	0.4
97	18
98	0.3
99	1
100	18
101	17.3
102	8
103	0.1
104	5.7
105	1
106	17.4
107	1.1
108	0.3
109	0.5
110	0.3
111	0.8
112	15.4
113	0.2
114	15
115	5
116	14
117	8.9
118	8
119	0.7
120	2.9
121	5.2
122	9.7
123	1
124	7
125	18.4
126	16.2
127	5.1
128	9.1
129	0.1
130	2.2
131	5.6
132	0.2
133	8.9
134	6.2
135	6.3
136	18.2
137	9.4
138	0.3
139	0.3
140	5.7
141	4.2
142	0.5
143	1
144	2.3
145	0.2
146	7.4
147	22.4
148	9.8
149	6.4
150	9.7
151	8.4
152	6.4
153	0.2
154	4.8
155	1
156	2.1
157	10.4
158	0.4
159	8.8
160	11.5
161	1.8
162	0.4
163	6.1
164	1.1
165	0.7
166	0.4
167	8.7
168	0.9
169	8.9
170	8.6
171	12.7
172	1
173	2.5
174	0.3
175	7
176	18.3
177	9.1
178	3.4
179	6.3
180	0.4
181	0.5
182	3.2
183	2.2
184	0.3
185	0.4
186	4.2
187	2.6
188	0.4
189	0.3
190	5.9
191	0.2
192	4.8
193	0.9
194	15.3
195	4.5
196	0.2
197	9.2
198	0.3
199	5.6
200	0.2
201	0.2
202	0.6
203	0.3
204	0.2
205	0.5
206	8.7
207	4
208	14.2
209	5.7
210	12.8
211	22.4
212	8.7
213	5.1
214	0.3
215	7.3
216	3.3
217	7.7
218	1
219	1.1
220	0.3
221	1.1
222	6.9
223	11.8
224	0.3
225	1.8
226	5.4
227	1.4
228	5.4
229	0.2
230	5
231	10.2
232	2.7
233	10.4
234	1.9
235	2.4
236	4.3
237	9.9
238	0.9
239	5.5
240	18.5
241	4.9
242	0.3
243	0.9
244	9.5
245	5.4
246	9.8
247	1.3
248	0.8
249	0.2
250	9.5
251	4.8
252	9.3
253	2.8
254	0.3
255	0.2
256	5.1
257	0.3
258	5.6
259	1.4
260	0.5
261	4.8
262	4.6
263	2.4
264	0.2
265	0.1
266	3.4
267	8.9
268	5.1
269	9.4
270	0.1
271	15.4
272	4.2
273	8.5
274	0.7
275	3.8
276	1.4
277	0.1
278	4.1
279	0.2
280	3.2
281	3.6
282	7.7
283	0.2
284	5.2
285	0.5
286	3.3
287	11.1
288	2.4
289	0.2
290	0.1
291	2.8
292	2.6
293	0.7
294	6.4
295	0.2
296	5.5
297	7
298	0.4
299	10.1
300	7.4
301	0.5
302	8.1
303	4.7
304	2.3
305	6.7
306	4.9
307	6.8
308	16.2
309	0.9
310	3.3
311	7
312	4.9
313	4.6
314	2.7
315	0.4
316	0.5
317	0.7
318	5.1
319	1
320	5.5
321	0.3
322	3.1
323	6.3
324	1
325	1.3
326	4.4
327	1.1
328	1.1
329	0.3
330	0.5
331	1.2
332	0.8
333	2.6
334	1
335	7.1
336	2.1
337	1.9
338	2.4
339	1.8
340	1.3
341	2.1
342	0.9
343	1.4
344	3.9
345	1.8
346	3
347	1.6
348	3.9
349	2.1
350	1.9
351	1.1
352	0.9
353	18.5
354	1.3
355	1.1
356	0.7
357	1.4
358	1.1
359	0.6
360	1.1
361	0.3
362	1
363	1
364	0.7
365	8.3
366	1.2
367	0.8
368	28.6
369	0.5
370	17.9
371	0.6
372	0.9
373	1.2
374	0.8
375	7.8
376	1
377	16.7
378	1
379	0.8
380	16.4
381	0.5
382	0.7
383	26.9
384	1.3
385	1.4
386	0.6
387	26.8
388	9
389	5.3
390	25.3
391	0.8
392	7.7
393	1.9
394	0.5
395	0.6
396	2.1
397	1.7
398	1.1
399	6
400	0.4
401	23.7
402	1
403	1.7
404	0.6
405	0.4
406	10.5
407	4.2
408	0.5
409	0.8
410	8.5
411	25.9
412	0.7
413	12.7
414	0.6
415	2.8
416	0.3
417	0.8
418	0.5
419	2
420	0.4
421	2.9
422	3.8
423	15
424	8.4
425	40.7
426	1.5
427	3.7
428	9
429	18.3
430	5
431	1.7
432	0.5
433	38.3
434	0.7
435	0.4
436	21.9
437	7.4
438	58.1
439	0.8
440	17.9
441	2
442	0.4
443	7.4
444	0.6
445	60.8
446	0.4
447	66
448	62.8
449	0.3
450	1.9
451	1.3
452	22.8
453	1.4
454	0.1
455	1.3
456	0.6
457	35.1
458	19.4
459	8.8
460	1
461	12.9
462	43.2
463	1.1
464	0.4
465	16.1
466	2.3
467	1.6
468	0.3
469	0.7
470	0.3
471	1.1
472	15.6
473	2.6
474	0.2
475	2.2
476	0.1
477	43.1
478	0.9
479	0.6
480	28.6
481	1
482	0.9
483	36.1
484	0.8
485	0.8
486	5.7
487	0.6
488	15.5
489	1
490	11.8
491	1.2
492	22.6
493	1.9
494	10.3
495	10.8
496	0.8
497	4.8
498	0.7
499	1.9
500	4.4
501	1
502	10.3
503	0.8
504	0.7
505	1.8
506	2.8
507	4.8
508	1.2
509	2.6
510	0.8
511	4.8
512	6.2
513	0.9
514	1.7
515	1.6
516	0.7
517	6.4
518	1.2
519	1.9
520	9.6
521	0.1
522	0.6
523	0.8
524	27.5
525	0
526	0.9
527	0
528	0.3
529	1
530	15.2
531	8.9
532	36.1
533	0
534	0
535	17.2
536	26.5
537	5.6
538	1.8
539	0
540	0.2
541	6.6
542	9.4
543	0.3
544	1.3
545	7.4
546	9.6
547	1
548	6.7
549	11.8
550	0.1
551	4.9
552	1
553	18.8
554	0.7
555	0.2
556	1
557	1.1
558	7.2
559	7.2
560	6.2
561	28.6
562	10.9
563	1.2
564	2.3
565	8.3
566	10.1
567	0.2
568	7.5
569	1.9
570	0.5
571	31.1
572	4.1
573	0.6
574	0.9
575	0.2
576	11.9
577	2.3
578	6.1
579	7
580	5.7
581	2.2
582	1
583	0.3
584	0.6
585	16
586	0.7
587	9.9
588	0.8
589	23.3
590	0.6
591	0.7
592	7.9
593	6.3
594	1.1
595	0.7
596	0.3
597	0.5
598	0.1
599	10.5
600	0.6
601	0.1
602	0.6
603	72.1
604	0.6
605	1.3
606	0.4
607	0.4
608	0.3
609	3.9
610	0.6
611	12.6
612	3.6
613	0.4
614	27.4
615	6.1
616	1.9
617	28
618	61.4
619	1.9
620	0.9
621	0.3
622	30.1
623	30.9
624	27.3
625	0.3
626	0.2
627	6.7
628	0.2
629	2.7
630	15.6
631	0.4
632	65.9
633	20.7
634	0.4
635	2.4
636	2.5
637	1.6
638	0.1
639	64.9
640	7.5
641	9.5
642	1.2
643	25
644	3.6
645	63.6
646	23.1
647	0.5
648	75
649	23.4
650	0.6
651	19.2
652	0.1
653	0.4
654	0.5
655	0.5
656	0.2
657	26.8
658	22
659	25.1
660	6.1
661	19
662	19.7
663	23.5
664	0.5
665	0.2
666	1
667	22.7
668	31.9
669	28.8
670	0.9
671	0.5
672	0.5
673	20.5
674	7.4
675	16.5
676	19.8
677	12.5
678	1.1
679	0.2
680	1.8
681	25.9
682	24.3
683	32.1
684	21.2
685	0.6
686	15.2
687	0.7
688	15.3
689	0.4
690	23.3
691	16.6
692	10.7
693	0.8
694	4.1
695	15.9
696	19.8
697	0.3
698	20.8
699	21.3
700	14.7
701	11.9
702	19.7
703	14
704	18.4
705	11.9
706	0.9
707	14.8
708	16.3
709	11.8
710	20.6
711	2
712	11.4
713	21
714	0.5
715	17.4
716	2.2
717	70.2
718	16.8
719	20.3
720	13.2
721	0.7
722	10
723	14.9
724	25.6
725	0.5
726	1
727	5.4
728	13.1
729	12.1
730	18.4
731	1.3
732	3.7
733	18.3
734	11.7
735	12.8
736	0.9
737	21
738	9.9
739	23.2
740	26.3
741	11.3
742	65.8
743	19.3
744	1.8
745	0.6
746	10.6
747	11.7
748	0.4
749	21.3
750	0.5
751	6.8
752	19.4
753	11.8
754	14.7
755	20.4
756	11.5
757	40.8
758	19.8
759	0.8
760	8.2
761	0.5
762	10.9
763	20
764	10.4
765	7.3
766	3.2
767	24.1
768	28.4
769	24
770	27.7
771	12.5
772	18.2
773	4
774	4.5
775	13.9
776	0.4
777	7.9
778	12.7
779	1.7
780	24.1
781	18.5
782	102.6
783	98.3
784	99.6
785	99.6
786	95.3
787	98.7
788	93.5
789	97.1
790	93.9
791	94.3
792	91.9
793	91.5
794	97.1
795	99.8
796	91.2
797	99
798	92.8
799	91.9
800	95.4
801	90.5
802	91.5
803	94.8
804	90.1
805	92
806	92
807	86.1
808	91.1
809	100.1
810	94.6
811	93.2
812	91.6
813	92.2
814	91.7
815	93.2
816	94.8
817	91.6
818	89.6
819	99.1
820	93.4
821	94.3
822	91.3
823	95.6
824	91.8
825	92.9
826	98.3
827	92.6
828	91
829	94.7
830	89.5
831	92.7
832	92.9
833	95.9
834	95
835	91.4
836	91.2
837	82.3
838	95.7
839	97.4
840	89.6
841	92
842	97.8
843	54.4
844	93.4
845	90.6
846	99.7
847	89.9
848	97
849	99.7
850	91.7
851	91.2
852	90.7
853	88.2
854	88.9
855	89.4
856	93.6
857	89.8
858	93
859	87.2
860	96.4
861	90.3
862	29.3
863	85.2
864	87.9
865	87.1
866	96.7
867	87.9
868	93.6
869	87.6
870	75.2
871	88.8
872	88.2
873	36.4
874	89.9
875	93.6
876	89.1
877	86
878	85.9
879	90.6
880	90.9
881	94.3
882	101
883	84.8
884	86.4
885	85.3
886	19.9
887	95.4
888	97.5
889	88.8
890	100.3
891	90.1
892	98
893	98.2
894	21.8
895	90.9
896	91.9
897	90.1
898	89.9
899	100.1
900	99.8
901	91.6
902	96.2
903	91.1
904	87.2
905	91.5
906	94.1
907	99.5
908	96.9
909	88.9
910	31.6
911	87.3
912	91.5
913	99
914	97.8
915	43.8
916	90.7
917	87.9
918	90.8
919	99
920	92
921	84.8
922	101.3
923	52.9
924	92.4
925	90.3
926	90
927	88.3
928	106.5
929	95.8
930	102.9
931	88.4
932	109.5
933	97.3
934	34.6
935	92.5
936	91.5
937	95.8
938	93.7
939	88.7
940	98
941	94.3
942	101.5
943	27.9
944	97
945	88.4
946	94.2
947	32.7
948	90.7
949	89.6
950	89
951	104.6
952	97.8
953	108.6
954	110.1
955	103.6
956	91.8
957	98.2
958	108.1
959	97.4
960	99.3
961	105.1
962	89.3
963	90.9
964	20.4
965	88.3
966	104.7
967	22.3
968	99
969	100.9
970	71.4
971	88.7
972	88.3
973	98.7
974	98.9
975	98
976	88.6
977	89.1
978	108
979	104.3
980	89
981	86.4
982	99.7
983	88.4
984	90.2
985	88.3
986	88
987	107.7
988	88.9
989	98.4
990	44.3
991	87.4
992	85.3
993	88.2
994	94
995	96.4
996	88.3
997	88
998	106.8
999	93.1
1000	20.1
1001	107.7
1002	90.5
1003	39
1004	88.4
1005	107.6
1006	93.4
1007	22.3
1008	108
1009	72.2
1010	104.3
1011	92.9
1012	91.9
1013	106.1
1014	89.9
1015	107.1
1016	24.6
1017	88.5
1018	105.8
1019	107.2
1020	103.9
1021	93.4
1022	101.9
1023	92
1024	90.6
1025	104.9
1026	101.8
1027	89.6
1028	88.8
1029	106.5
1030	97.8
1031	24.6
1032	35.1
1033	96.3
1034	95.1
1035	92.4
1036	89.8
1037	104.4
1038	94.9
1039	106.6
1040	107.7
1041	103.6
1042	108.5
1043	24.9
1044	103.4
1045	108.3
1046	106.3
1047	90.7
1048	91.4
1049	91.3
1050	22
1051	92.7
1052	90.5
1053	106.2
1054	93.9
1055	90.8
1056	101.6
1057	94.7
1058	96
1059	97.4
1060	96.7
1061	26.4
1062	103.5
1063	90.1
1064	88.8
1065	104.5
1066	91.5
1067	93.2
1068	96.4
1069	89
1070	91.5
1071	94.6
1072	88.8
1073	89.8
1074	93.9
1075	74.4
1076	91.8
1077	89.8
1078	102.3
1079	96.7
1080	106.4
1081	92.7
1082	90.7
1083	87.5
1084	100.9
1085	90.7
1086	91.4
1087	23.9
1088	87.6
1089	105.5
1090	90.8
1091	91.5
1092	91.6
1093	102.2
1094	88.7
1095	101.3
1096	103.9
1097	92
1098	104.4
1099	75.7
1100	25.5
1101	88.7
1102	93.6
1103	88.2
1104	99.9
1105	105.3
1106	105.4
1107	89
1108	101.4
1109	93
1110	91.3
1111	90.2
1112	92.1
1113	91.2
1114	96.2
1115	106.8
1116	101.1
1117	93.5
1118	106.1
1119	100.4
1120	100.2
1121	100.2
1122	102.7
1123	103.8
1124	90.9
1125	100.9
1126	96.1
1127	100.2
1128	91.6
1129	92.2
1130	103.5
1131	87.3
1132	95.2
1133	91.9
1134	102.8
1135	95.7
1136	87.4
1137	102.5
1138	102.1
1139	101.2
1140	91.5
1141	100.2
1142	90.9
1143	92.7
1144	102.2
1145	102.4
1146	98.6
1147	98.7
1148	93.1
1149	98.6
1150	101
1151	99.2
1152	90.1
1153	92.1
1154	20.7
1155	98.4
1156	95.2
1157	100.8
1158	102
1159	81.4
1160	99.7
1161	90.1
1162	102.8
1163	101.7
1164	96.3
1165	96.1
1166	92.4
1167	89.9
1168	93.8
1169	91.7
1170	97.1
1171	101.6
1172	85.3
1173	102.3
1174	88.2
1175	103.2
1176	69.8
1177	100.8
1178	99.7
1179	96.3
1180	105.6
1181	101.9
1182	99.2
1183	90.7
1184	95.3
1185	93.1
1186	89.5
1187	100.3
1188	99.3
1189	100.8
1190	102.9
1191	92.7
1192	99.3
1193	87.7
1194	99
1195	100.7
1196	103.5
1197	97.5
1198	85.4
1199	86.9
1200	28.2
1201	98.7
1202	103.9
1203	98.3
1204	100.6
1205	99.9
1206	89.3
1207	101
1208	91
1209	99.2
1210	89.7
1211	91.1
1212	102.3
1213	80.3
1214	90.7
1215	101.5
1216	93.7
1217	84.4
1218	86.1
1219	89.8
1220	85.8
1221	99.6
1222	99.3
1223	100.9
1224	98.2
1225	101.7
1226	88.2
1227	81.5
1228	103.7
1229	104.3
1230	92.7
1231	92.1
1232	84.8
1233	98.8
1234	102.6
1235	103.2
1236	86.8
1237	86.7
1238	90.6
1239	99.3
1240	95.9
1241	94.7
1242	86.3
1243	100.8
1244	93.1
1245	97.7
1246	91.7
1247	75.6
1248	39.8
1249	97.2
1250	84.5
1251	101.6
1252	98.1
1253	99.7
1254	102.3
1255	99.9
1256	85.8
1257	103
1258	104.2
1259	103
1260	89.3
1261	85
1262	92.9
1263	101
1264	101.7
1265	94.5
1266	89.5
1267	98.6
1268	87.9
1269	42.7
1270	92
1271	101.3
1272	94.5
1273	104.2
1274	91.2
1275	93.8
1276	84.5
1277	87.9
1278	88.3
1279	34.8
1280	98.3
1281	103.7
1282	102.3
1283	92.8
1284	46.6
1285	102.9
1286	92.8
1287	103.2
1288	100.5
1289	90.3
1290	101.7
1291	92.4
1292	101.7
1293	28.2
1294	103.1
1295	95.1
1296	94.2
1297	52.4
1298	90.3
1299	95.8
1300	104.8
1301	97.7
1302	101.1
1303	101.7
1304	53.2
1305	93.9
1306	99.1
1307	95.8
1308	102.2
1309	100.4
1310	94.2
1311	93
1312	89.2
1313	102.7
1314	95.7
1315	101.5
1316	90.3
1317	86.4
1318	101.6
1319	89.5
1320	93.2
1321	103.7
1322	99.9
1323	102.5
1324	103.7
1325	89.7
1326	103.8
1327	102.8
1328	92.6
1329	52.6
1330	92.7
1331	84.7
1332	27.1
1333	76.8
1334	91.6
1335	100.4
1336	93.6
1337	103
1338	104.5
1339	101.4
1340	102.6
1341	91.9
1342	94.8
1343	102.5
1344	103
1345	101.8
1346	105.1
1347	90.8
1348	87.4
1349	101.2
1350	99.1
1351	89.8
1352	50.1
1353	94.9
1354	103.5
1355	94.4
1356	41.2
1357	82.8
1358	97
1359	103.6
1360	104.6
1361	101.8
1362	92.1
1363	102.1
1364	106.5
1365	91.6
1366	104.6
1367	104.7
1368	87.3
1369	99.9
1370	102
1371	102.2
1372	100.9
1373	91.5
1374	107.2
1375	97.6
1376	49.8
1377	101.7
1378	103.2
1379	103.2
1380	90.1
1381	104.3
1382	94.8
1383	107
1384	101.3
1385	43.9
1386	89.1
1387	104.6
1388	104
1389	101.4
1390	90.4
1391	96.2
1392	92.6
1393	94.5
1394	98.3
1395	93.6
1396	102.9
1397	94.7
1398	102.1
1399	101
1400	80.8
1401	101.2
1402	102.9
1403	97.6
1404	102.7
1405	107.8
1406	104.4
1407	102.1
1408	97.9
1409	95.7
1410	96.3
1411	88.4
1412	101.3
1413	97.6
1414	102.6
1415	100.8
1416	96.6
1417	98.1
1418	97.9
1419	103.4
1420	101.2
1421	104
1422	107.4
1423	68.4
1424	94.2
1425	98.5
1426	87.5
1427	102.8
1428	101.9
1429	103.9
1430	95.2
1431	99.4
1432	102.7
1433	95.7
1434	101.4
1435	94.9
1436	101
1437	94.7
1438	102.5
1439	101.9
1440	96.2
1441	95.7
1442	96.7
1443	82.4
1444	102.7
1445	102.2
1446	99.7
1447	100.5
1448	92.8
1449	101.1
1450	102.8
1451	98.4
1452	101
1453	98.8
1454	64.5
1455	102
1456	98.7
1457	99.9
1458	92.6
1459	102.2
1460	99.8
1461	94.6
1462	94.4
1463	101.7
1464	101.9
1465	101.2
1466	95.4
1467	98.2
1468	95.8
1469	92.5
1470	96.1
1471	97
1472	98.5
1473	95.7
1474	105.1
1475	93.7
1476	95.3
1477	101.7
1478	97.3
1479	94.6
1480	95.5
1481	97.9
1482	97.5
1483	99.7
1484	100.3
1485	62.5
1486	98.5
1487	101.7
1488	98.8
1489	98.4
1490	101.9
1491	78.4
1492	94.2
1493	100
1494	93.7
1495	95.7
1496	97.6
1497	95.1
1498	98.4
1499	93.8
1500	98.5
1501	94.5
1502	95.2
1503	100.8
1504	96.9
1505	94.7
1506	88
1507	96.2
1508	102
1509	61.9
1510	102.3
1511	104.2
1512	93.3
1513	98.3
1514	98.4
1515	100.4
1516	98
1517	97.3
1518	100.3
1519	95.6
1520	105.7
1521	99.4
1522	98.7
1523	98.5
1524	97.1
1525	98.7
1526	98.6
1527	95.6
1528	96
1529	94.6
1530	92
1531	100.9
1532	105.8
1533	103.1
1534	97.4
1535	45.5
1536	98.8
1537	97.3
1538	55.4
1539	104
1540	98.9
1541	97.3
1542	97.8
1543	97.8
1544	100.9
1545	89.5
1546	50.1
1547	82.7
1548	92.8
1549	93.3
1550	94.4
1551	96.4
1552	97.4
1553	92.6
1554	74.2
1555	94.4
1556	95.6
1557	100.6
1558	92.9
1559	98.2
1560	101.1
1561	100.8
1562	104.7
1563	108.5
1564	91.6
1565	79.8
1566	107.3
1567	96.2
1568	98.6
1569	92.3
1570	99.3
1571	93.1
1572	97.8
1573	96.9
1574	105.4
1575	87.1
1576	97.3
1577	96.5
1578	98.5
1579	100
1580	99.9
1581	99.5
1582	97.3
1583	96.1
1584	50.5
1585	100.1
1586	98.5
1587	100
1588	100.4
1589	99.8
1590	98.1
1591	95.6
1592	102.6
1593	107.5
1594	98.1
1595	95.6
1596	91.9
1597	94.4
1598	101.4
1599	96.8
1600	99.3
1601	67.4
1602	99.1
1603	98.8
1604	90.9
1605	94.9
1606	95
1607	95.5
1608	99.3
1609	98.5
1610	98.1
1611	107.2
1612	102.3
1613	95.8
1614	97.2
1615	96.1
1616	88.9
1617	92.9
1618	87.1
1619	84
1620	94.6
1621	98.8
1622	102.3
1623	95.7
1624	100.1
1625	85.7
1626	97.8
1627	101.3
1628	85.3
1629	96
1630	106
1631	73.6
1632	101.7
1633	92.3
1634	99.9
1635	100
1636	93.6
1637	97.7
1638	82.4
1639	96.5
1640	95
1641	87.8
1642	99.3
1643	87.5
1644	102.3
1645	98.5
1646	90.7
1647	96.2
1648	99.3
1649	102
1650	95
1651	97.8
1652	88.3
1653	94.1
1654	94.6
1655	102
1656	106.8
1657	98.3
1658	98.3
1659	92.1
1660	87.9
1661	88.8
1662	101.2
1663	88
1664	98.7
1665	92.6
1666	102.4
1667	103.9
1668	90.7
1669	96.4
1670	91.4
1671	104.1
1672	95.2
1673	98.7
1674	94.5
1675	89.6
1676	101.5
1677	100.3
1678	94.2
1679	101.2
1680	102.3
1681	96.9
1682	91.9
1683	97
1684	88.1
1685	96.7
1686	69.6
1687	101.6
1688	90.6
1689	101.2
1690	97.7
1691	88.8
1692	97.3
1693	98.1
1694	97.2
1695	97.9
1696	98.9
1697	100.5
1698	93.7
1699	98.4
1700	77.7
1701	98.9
1702	101.3
1703	99
1704	99.4
1705	95.9
1706	95.1
1707	91.7
1708	91.2
1709	88
1710	100.8
1711	96.6
1712	98.8
1713	99.8
1714	99.8
1715	98.9
1716	94.9
1717	96.3
1718	76.8
1719	68.8
1720	97.6
1721	101.1
1722	97
1723	96.4
1724	95.2
1725	101.6
1726	99
1727	99.8
1728	96.8
1729	94.7
1730	100
1731	100.2
1732	92.9
1733	95.8
1734	88.3
1735	102.6
1736	91.1
1737	92
1738	94.6
1739	97.2
1740	101.6
1741	95.8
1742	97
1743	94.6
1744	97.8
1745	99.7
1746	97.8
1747	98.9
1748	97.5
1749	72.9
1750	65.6
1751	97.5
1752	96.1
1753	100.7
1754	103.5
1755	96.8
1756	97.3
1757	97.3
1758	99.3
1759	95.8
1760	101
1761	98.5
1762	80.6
1763	100.4
1764	101
1765	96.3
1766	99.8
1767	97.2
1768	100.7
1769	98.2
1770	97.5
1771	85.8
1772	101.4
1773	97.2
1774	92.7
1775	65.2
1776	93.8
1777	98.2
1778	97.3
1779	97
1780	92.3
1781	97.8
1782	97.5
1783	94.4
1784	95.7
1785	98.1
1786	99.4
1787	97.7
1788	101.8
1789	92.8
1790	92.3
1791	75.1
1792	97
1793	99.3
1794	65.2
1795	96.3
1796	100.6
1797	102.6
1798	93.9
1799	97.6
1800	91.6
1801	99.8
1802	99.4
1803	99.8
1804	93.6
1805	96.7
1806	101.1
1807	98.5
1808	91.9
1809	101.7
1810	103.5
1811	96.9
1812	101.9
1813	100.2
1814	92.6
1815	95.8
1816	97.5
1817	98.4
1818	94.4
1819	101.8
1820	102.6
1821	97
1822	100.1
1823	99.6
1824	101.1
1825	101.8
1826	95.4
1827	96.9
1828	97.6
1829	98.1
1830	98.6
1831	91.6
1832	97.5
1833	93.1
1834	102.2
1835	96.3
1836	99
1837	59.6
1838	97.8
1839	101.4
1840	92.4
1841	89.7
1842	91.2
1843	103.7
1844	97
1845	95.2
1846	57.9
1847	90.6
1848	99.6
1849	101.5
1850	101.3
1851	91.9
1852	98.5
1853	100.1
1854	95.9
1855	98.6
1856	88.7
1857	99.6
1858	96.7
1859	95.7
1860	86.6
1861	97.8
1862	90
1863	96.2
1864	94.1
1865	91.3
1866	101.6
1867	98.2
1868	95.7
1869	88.2
1870	58.2
1871	96.3
1872	90.3
1873	93
1874	102.8
1875	96.1
1876	88.4
1877	97.5
1878	95.7
1879	103.5
1880	98.6
1881	98.3
1882	99.7
1883	105.2
1884	95.9
1885	98.4
1886	85.1
1887	95.8
1888	96.6
1889	95.5
1890	96.3
1891	54.7
1892	97.8
1893	94.3
1894	95.9
1895	95.8
1896	94.4
1897	91.9
1898	103.9
1899	89.9
1900	98.9
1901	98.4
1902	93.2
1903	97.6
1904	92.1
1905	97.1
1906	95.9
1907	63.6
1908	74.4
1909	55
1910	45.5
1911	97.2
1912	94.7
1913	86
1914	94.5
1915	94.3
1916	93.4
1917	99.9
1918	66.5
1919	95.1
1920	96.6
1921	98
1922	91.7
1923	90.1
1924	92.8
1925	97.1
1926	95.5
1927	103.1
1928	91.6
1929	52.8
1930	97.8
1931	65.4
1932	69
1933	97.7
1934	61.5
1935	98.6
1936	98.4
1937	89.2
1938	85.7
1939	95.5
1940	95
1941	91.7
1942	51
1943	92
1944	96.9
1945	51.3
1946	91.6
1947	89.4
1948	44.6
1949	94.4
1950	1
1951	97.3
1952	49.6
1953	37.2
1954	91.2
1955	58
1956	97.8
1957	100.1
1958	97.7
1959	59.7
1960	93.6
1961	60.1
1962	92.8
1963	85.4
1964	89.9
1965	94
1966	0.8
1967	47
1968	65.2
1969	92.8
1970	99.2
1971	95.5
1972	88.8
1973	83.7
1974	97.9
1975	39.5
1976	42.8
1977	57.2
1978	96.8
1979	1.1
1980	90.7
1981	96.7
1982	1
1983	92.9
1984	92.7
1985	39.5
1986	57.1
1987	98
1988	39.8
1989	1.1
1990	1
1991	88.7
1992	95.3
1993	53.4
1994	102.3
1995	95
1996	84.5
1997	47.3
1998	100.3
1999	95.4
2000	44.7
2001	94.2
2002	50
2003	51.4
2004	83.6
2005	88.1
2006	54.5
2007	92.1
2008	48.1
2009	93.1
2010	41.8
2011	1.1
2012	85.4
2013	53.3
2014	1.1
2015	51.5
2016	88.4
2017	95.8
2018	59.7
2019	85.9
2020	88.3
2021	58.1
2022	58.6
2023	52.2
2024	1.1
2025	103.6
2026	85.1
2027	35.3
2028	98.4
2029	94.5
2030	90.7
2031	52.9
2032	60.1
2033	91
2034	95.1
2035	29.5
2036	1.1
2037	95.1
2038	1.1
2039	86.3
2040	87.2
2041	1.1
2042	51.2
2043	92.9
2044	95.6
2045	88.7
2046	89.5
2047	34.8
2048	85.7
2049	95.6
2050	99.7
2051	46.6
2052	91.4
2053	49.6
2054	33.4
2055	52.8
2056	92.3
2057	44.9
2058	1.1
2059	86.8
2060	54.2
2061	60
2062	103.9
2063	87.1
2064	47
2065	87.5
2066	89.5
2067	56.9
2068	90.7
2069	92.1
2070	66.3
2071	50.9
2072	92.4
2073	53.4
2074	95.6
2075	91.7
2076	1.1
2077	83.7
2078	94.5
2079	87.7
2080	87.3
2081	97
2082	92.2
2083	42.5
2084	90.2
2085	95.1
2086	68.6
2087	87.3
2088	106.7
2089	79.1
2090	101.6
2091	66.3
2092	81.7
2093	93
2094	86.8
2095	40.9
2096	88.9
2097	45.6
2098	72.9
2099	84.2
2100	87.4
2101	87.5
2102	89.5
2103	82.8
2104	74.7
2105	92.1
2106	86.6
2107	88.6
2108	78.9
2109	86.9
2110	90.4
2111	77.7
2112	1.1
2113	85.1
2114	88
2115	76.9
2116	76.2
2117	85.3
2118	62
2119	55.8
2120	84.6
2121	39.9
2122	88.2
2123	89.5
2124	78.1
2125	75.8
2126	90.8
2127	35.5
2128	83.9
2129	75.1
2130	89.4
2131	85.8
2132	88.1
2133	86
2134	89.4
2135	43.7
2136	86.5
2137	43.7
2138	51.5
2139	70.3
2140	74.3
2141	79.8
2142	40.7
2143	85.2
2144	87.7
2145	72.5
2146	43.9
2147	42.7
2148	91.1
2149	83.3
2150	74.6
2151	82.5
2152	88.9
2153	89.8
2154	90.5
2155	75.9
2156	79.4
2157	86
2158	45.9
2159	35.2
2160	93
2161	80.5
2162	91.7
2163	70.9
2164	83.1
2165	43.7
2166	72
2167	74.8
2168	85
2169	88.6
2170	78.2
2171	86.3
2172	79.6
2173	82.2
2174	78.8
2175	5.7
2176	82
2177	91.1
2178	35.7
2179	79.9
2180	62.3
2181	85.3
2182	84.8
2183	84.5
2184	77.1
2185	68.8
2186	3.8
2187	36.2
2188	69.9
2189	82.5
2190	37.8
2191	83.1
2192	71.7
2193	78.6
2194	86.2
2195	38.5
2196	76.5
2197	77
2198	69.2
2199	89.9
2200	77.6
2201	1.9
2202	35.3
2203	83.3
2204	71.6
2205	87.1
2206	64.3
2207	39
2208	37.1
2209	82.7
2210	86.4
2211	84.3
2212	59.6
2213	83
2214	81.1
2215	64.6
2216	38.7
2217	83.6
2218	77
2219	76.6
2220	36.3
2221	63.9
2222	85.1
2223	69.3
2224	84.4
2225	67.8
2226	39.3
2227	82.3
2228	81.9
2229	83.4
2230	59.1
2231	65.1
2232	72.6
2233	80.4
2234	74.3
2235	82.4
2236	78.9
2237	85
2238	86.1
2239	37.7
2240	81.7
2241	72.3
2242	84.1
2243	84.6
2244	81
2245	76
2246	63.9
2247	82.3
2248	84.5
2249	76.9
2250	67.9
2251	36.4
2252	84.4
2253	84.6
2254	36.6
2255	78.8
2256	69.6
2257	41.6
2258	71.1
2259	84.2
2260	80.9
2261	80.9
2262	76.9
2263	82.3
2264	80.2
2265	83.2
2266	80
2267	83.7
2268	76.4
2269	39
2270	90.5
2271	63.5
2272	76.9
2273	41.3
2274	84.9
2275	80.3
2276	45.7
2277	83.4
2278	88.7
2279	79.1
2280	85.3
2281	93.3
2282	81.6
2283	47.5
2284	89.5
2285	83.4
2286	81.3
2287	37.7
2288	66.4
2289	79.4
2290	79.3
2291	78.2
2292	84.6
2293	36
2294	41.1
2295	81.4
2296	88.9
2297	79.2
2298	81.9
2299	32.4
2300	84.6
2301	89.2
2302	85.9
2303	85.3
2304	85.3
2305	78.5
2306	83.1
2307	84.5
2308	85.5
2309	85
2310	82.7
2311	94.9
2312	90.3
2313	88.2
2314	86.7
2315	96.6
2316	79.9
2317	83.5
2318	75.9
2319	76.5
2320	88.1
2321	69
2322	87.8
2323	85.2
2324	84.1
2325	84.3
2326	85.5
2327	81.8
2328	76.7
2329	82.6
2330	94
2331	95
2332	35.7
2333	87
2334	67.9
2335	96.7
2336	85.5
2337	92
2338	43
2339	36.7
2340	86.1
2341	87.8
2342	93.4
2343	38.3
2344	86.9
2345	40.2
2346	89
2347	85
2348	86.1
2349	84.8
2350	87.2
2351	66.3
2352	84.9
2353	85.9
2354	85.9
2355	84.6
2356	90.2
2357	90.2
2358	35.9
2359	85.4
2360	90.8
2361	92.5
2362	38.1
2363	84.1
2364	69.3
2365	85
2366	92.1
2367	93.5
2368	88.3
2369	30.4
2370	88.6
2371	86
2372	86.3
2373	88.3
2374	33
2375	84.1
2376	95.2
2377	92.4
2378	89.8
2379	85.1
2380	86.1
2381	85.1
2382	82.1
2383	93.9
2384	90.6
2385	52.2
2386	83.2
2387	83.6
2388	91.6
2389	88.5
2390	62.5
2391	86.8
2392	84.8
2393	92.8
2394	87.8
2395	33
2396	85.1
2397	86.9
2398	51.5
2399	88.9
2400	88.2
2401	82.7
2402	83.8
2403	81.6
2404	32
2405	87.6
2406	81.4
2407	93.8
2408	89
2409	89.8
2410	89.8
2411	91
2412	93.7
2413	85.2
2414	29.7
2415	91
2416	81.9
2417	82.3
2418	80.7
2419	82.8
2420	88.9
2421	96.5
2422	72.2
2423	78.6
2424	88.7
2425	30
2426	94.3
2427	79.7
2428	82
2429	95
2430	89.4
2431	89
2432	83.1
2433	87.4
2434	28
2435	86.7
2436	79.5
2437	22.1
2438	87.7
2439	76.8
2440	88.9
2441	97.3
2442	79.7
2443	84.6
2444	90.9
2445	89.1
2446	32.7
2447	90.5
2448	92.6
2449	89.3
2450	92
2451	85.6
2452	85.2
2453	92.2
2454	89.7
2455	85.7
2456	82.1
2457	83.9
2458	86
2459	91.1
2460	21.8
2461	85.9
2462	71.2
2463	30.3
2464	89
2465	94.8
2466	90.2
2467	81.3
2468	86.2
2469	92.4
2470	87.8
2471	87.3
2472	90.7
2473	30.6
2474	76.2
2475	86.3
2476	91.2
2477	89.4
2478	85.4
2479	89.3
2480	87.7
2481	64.2
2482	21.2
2483	89.8
2484	87.4
2485	86.3
2486	84.7
2487	90.8
2488	86.1
2489	83.9
2490	87.4
2491	31.6
2492	86.8
2493	89.6
2494	86.4
2495	83.8
2496	29.1
2497	83.7
2498	84.5
2499	23.3
2500	84.6
2501	84.1
2502	87.2
2503	84.3
2504	66.3
2505	80.8
2506	83.8
2507	91.2
2508	73.4
2509	90.3
2510	74.6
2511	4.6
2512	78.4
2513	83.1
2514	83.4
2515	85.5
2516	86.6
2517	35
2518	48.2
2519	83.5
2520	83.7
2521	82
2522	4.6
2523	33.8
2524	89
2525	45.8
2526	81.6
2527	80
2528	80
2529	81.9
2530	83.8
2531	83.6
2532	84.1
2533	84.3
2534	48.3
2535	81.7
2536	85.2
2537	55.3
2538	4.6
2539	88.4
2540	81.4
2541	88.8
2542	76.6
2543	83.5
2544	51.6
2545	78.2
2546	72.5
2547	84.1
2548	80.3
2549	84.2
2550	89.1
2551	35.9
2552	86
2553	77.5
2554	82.1
2555	82.1
2556	84.5
2557	86.6
2558	82.3
2559	82.4
2560	4.6
2561	81.6
2562	85.7
2563	78.1
2564	81.3
2565	81.5
2566	34.9
2567	84
2568	4.6
2569	84.4
2570	48.4
2571	39.4
2572	88
2573	55.1
2574	85.5
2575	52.1
2576	83.1
2577	81.9
2578	82.5
2579	81
2580	85.9
2581	80.4
2582	83.9
2583	78.8
2584	87.3
2585	4.6
2586	83.4
2587	82.3
2588	84.2
2589	80.1
2590	82.2
2591	81.8
2592	80.7
2593	78.1
2594	39.3
2595	87.6
2596	4.6
2597	82.2
2598	81.4
2599	85.1
2600	78.8
2601	80.3
2602	79.9
2603	80.5
2604	81.7
2605	83.1
2606	75.8
2607	4.6
2608	77.6
2609	79
2610	48.8
2611	79.3
2612	79.7
2613	78.8
2614	81.9
2615	42.7
2616	80.6
2617	4.6
2618	86.9
2619	88
2620	78.6
2621	34.5
2622	81.3
2623	4.6
2624	76.8
2625	83
2626	29
2627	81.8
2628	40.2
2629	84.9
2630	75.6
2631	75.5
2632	4.4
2633	80
2634	79.7
2635	79
2636	78.7
2637	86
2638	67.4
2639	78
2640	75.8
2641	73.5
2642	4.4
2643	82.8
2644	76.9
2645	80.6
2646	74.4
2647	40.6
2648	76.8
2649	70.3
2650	4.6
2651	83.9
2652	74.6
2653	77.6
2654	79
2655	79.1
2656	77.4
2657	38.6
2658	76.1
2659	81.9
2660	4.6
2661	64.6
2662	77.3
2663	73.2
2664	77.6
2665	72
2666	73.9
2667	33.7
2668	69.2
2669	83.5
2670	76.7
2671	81.4
2672	74.9
2673	42
2674	34.8
2675	73.9
2676	23
2677	80.2
2678	81.9
2679	75.3
2680	70.6
2681	72.9
2682	67.2
2683	79.9
2684	77.8
2685	76.8
2686	80.4
2687	74.6
2688	66
2689	73.3
2690	62.9
2691	71.1
2692	18.8
2693	65.7
2694	77.4
2695	82.7
2696	82.5
2697	77.7
2698	79.4
2699	7.9
2700	72.2
2701	27.8
2702	61.1
2703	72.2
2704	39.7
2705	74.1
2706	73.1
2707	10.3
2708	62.6
2709	55.8
2710	67.2
2711	69.6
2712	70.1
2713	82.3
2714	63.2
2715	65.3
2716	65.2
2717	63
2718	67.2
2719	75.1
2720	66.4
2721	76.4
2722	72.8
2723	76.9
2724	14
2725	62.3
2726	78.3
2727	78.9
2728	68.4
2729	76.7
2730	69.8
2731	68.8
2732	69.6
2733	63.3
2734	66.9
2735	68.5
2736	14.3
2737	77.1
2738	58.8
2739	76
2740	64.1
2741	60.6
2742	60.9
2743	75.6
2744	68.5
2745	41.8
2746	15.5
2747	71.2
2748	75.7
2749	73.6
2750	60.5
2751	54.6
2752	73.6
2753	69.9
2754	67
2755	58.7
2756	68.1
2757	73.9
2758	65.4
2759	69.8
2760	73.3
2761	68.3
2762	76.1
2763	16.8
2764	72.8
2765	68.9
2766	63.8
2767	17
2768	59.1
2769	70.5
2770	71.9
2771	66.6
2772	59.2
2773	28.5
2774	58.4
2775	73.9
2776	74.3
2777	60.8
2778	72.2
2779	74.4
2780	21.6
2781	74.9
2782	44.8
2783	74.8
2784	75.3
2785	20.5
2786	17.5
2787	66.2
2788	68
2789	70.5
2790	75.5
2791	67.9
2792	76.2
2793	62
2794	76
2795	67.7
2796	55.2
2797	66.6
2798	66.6
2799	74.1
2800	74.9
2801	76
2802	67.4
2803	67.2
2804	24.1
2805	75.2
2806	74.5
2807	66
2808	71.3
2809	69.7
2810	16.7
2811	78.4
2812	56.3
2813	60.1
2814	78
2815	79.8
2816	66.8
2817	72.1
2818	55.8
2819	79.6
2820	72.7
2821	67.7
2822	73
2823	64.3
2824	17.7
2825	72.1
2826	19.5
2827	22.4
2828	60
2829	19.8
2830	76.4
2831	79.3
2832	78
2833	72.8
2834	63.1
2835	68.1
2836	78.2
2837	74.2
2838	67.9
2839	70.6
2840	75.7
2841	80.6
2842	54.6
2843	75
2844	33.6
2845	74.9
2846	16.5
2847	79.3
2848	73.7
2849	71.1
2850	76.7
2851	52.2
2852	73.6
2853	77.7
2854	78.8
2855	78.4
2856	68.1
2857	75.3
2858	59.4
2859	73.8
2860	78.5
2861	76.5
2862	60.2
2863	37.9
2864	59
2865	78.8
2866	72.3
2867	76.7
2868	43.9
2869	60.2
2870	73.2
2871	71
2872	77.1
2873	74.8
2874	16.5
2875	72.1
2876	14.6
2877	77.1
2878	79
2879	35.6
2880	72.9
2881	77.5
2882	80.5
2883	80.5
2884	64.2
2885	46
2886	56.2
2887	41.9
2888	13.9
2889	18
2890	18.9
2891	77.5
2892	71.7
2893	65
2894	63.5
2895	82.6
2896	13
2897	76.3
2898	75.5
2899	64.3
2900	64.2
2901	38
2902	77.6
2903	83.5
2904	28.2
2905	79.5
2906	74.1
2907	49.3
2908	78.7
2909	74.8
2910	79
2911	75.2
2912	75.8
2913	72.2
2914	78.1
2915	40.7
2916	83.7
2917	16.3
2918	64.7
2919	37.3
2920	38.8
2921	73
2922	76.9
2923	75.6
2924	57.3
2925	75.1
2926	53.6
2927	31
2928	69.5
2929	50.1
2930	75.5
2931	71.8
2932	70.6
2933	75.5
2934	29.8
2935	79.8
2936	33.6
2937	74.5
2938	35
2939	79.5
2940	30.6
2941	74.1
2942	32.5
2943	76
2944	31.4
2945	78.1
2946	75.1
2947	63.2
2948	72.4
2949	77.6
2950	74.5
2951	69
2952	71.1
2953	76.8
2954	72.8
2955	78.6
2956	73.6
2957	53.1
2958	73.3
2959	42
2960	67.1
2961	81.4
2962	78.5
2963	63.3
2964	68.6
2965	73.9
2966	64.9
2967	77.3
2968	68.4
2969	39.1
2970	29.9
2971	66.6
2972	67.5
2973	27.1
2974	77.8
2975	77.8
2976	73.2
2977	53.1
2978	60.9
2979	81.2
2980	75
2981	78
2982	66.4
2983	70.3
2984	71.2
2985	72.4
2986	77.1
2987	75.2
2988	71.4
2989	30.4
2990	69.5
2991	80.9
2992	62.9
2993	79.3
2994	79.6
2995	71.1
2996	71
2997	72.6
2998	71.6
2999	64.9
3000	73.5
3001	46.5
3002	78.5
3003	73
3004	58.9
3005	54.9
3006	73
3007	74.9
3008	81.4
3009	60.1
3010	33.1
3011	70.5
3012	57.2
3013	72.4
3014	68.3
3015	51.9
3016	77.1
3017	80.8
3018	68.2
3019	50.3
3020	71.3
3021	58.5
3022	43.7
3023	55.8
3024	75.9
3025	65.5
3026	73.6
3027	73.2
3028	70.8
3029	78.8
3030	40.8
3031	61
3032	59.2
3033	45.8
3034	60.5
3035	67.2
3036	41.8
3037	60
3038	48.4
3039	72.6
3040	76
3041	83.6
3042	82.8
3043	83.6
3044	75
3045	77.1
3046	42.5
3047	45.9
3048	83.2
3049	71.6
3050	77.5
3051	80.6
3052	76.5
3053	78.2
3054	67.3
3055	68.5
3056	84.4
3057	45.6
3058	82.6
3059	73
3060	43.5
3061	42.6
3062	52.8
3063	78.5
3064	78.7
3065	41.2
3066	83.2
3067	43.8
3068	86.5
3069	50.2
3070	77.1
3071	59.4
3072	73.7
3073	28.8
3074	77.7
3075	54.5
3076	63.1
3077	74.7
3078	74.2
3079	77
3080	84.5
3081	47.5
3082	44.4
3083	80.8
3084	52.5
3085	77.2
3086	77.7
3087	85.1
3088	86.3
3089	84.7
3090	77.7
3091	49.4
3092	44.1
3093	61.9
3094	35.2
3095	40.1
3096	80.6
3097	46
3098	84.8
3099	41.2
3100	82.4
3101	24.2
3102	54.6
3103	82.1
3104	86
3105	49.2
3106	88
3107	86.7
3108	40.6
3109	51.6
3110	41.6
3111	87.8
3112	22.4
3113	84.4
3114	49.8
3115	45.7
3116	53.5
3117	51.5
3118	85.9
3119	91.3
3120	19.5
3121	92.7
3122	35.1
3123	88.3
3124	31.4
3125	53.9
3126	28.9
3127	18.3
3128	38.8
3129	41
3130	38
3131	84.9
3132	87.9
3133	89.7
3134	86.7
3135	35.3
3136	90.7
3137	30.1
3138	43.2
3139	95.3
3140	81.7
3141	35.2
3142	85.3
3143	90.6
3144	41.2
3145	24.1
3146	33.3
3147	25.6
3148	41.7
3149	32.7
3150	25.7
3151	94.2
3152	93.8
3153	87.4
3154	84.7
3155	20.8
3156	67.8
3157	64.6
3158	25
3159	85.2
3160	24.8
3161	88.2
3162	92.6
3163	39.3
3164	31.4
3165	6.8
3166	95.6
3167	6.4
3168	88.5
3169	32.2
3170	87
3171	36.2
3172	90
3173	33.6
3174	8
3175	86.8
3176	33.7
3177	36.5
3178	37.5
3179	36.5
3180	29.5
3181	4.8
3182	88.2
3183	89.2
3184	96.2
3185	90.3
3186	66.4
3187	78.4
3188	4
3189	62.6
3190	35
3191	32.5
3192	5.4
3193	43.9
3194	88.8
3195	93.9
3196	26.7
3197	3.7
3198	4.4
3199	79.5
3200	34.6
3201	37.9
3202	93
3203	90
3204	6.7
3205	79.7
3206	36.1
3207	48
3208	33.2
3209	32.2
3210	81.2
3211	84
3212	83.7
3213	36.1
3214	34
3215	30.3
3216	33.7
3217	39.7
3218	75.3
3219	79.8
3220	3.5
3221	39.3
3222	79.9
3223	32.7
3224	87
3225	38.7
3226	82.2
3227	36.1
3228	42.2
3229	35.5
3230	13.1
3231	40.4
3232	35.5
3233	36
3234	78.5
3235	86.2
3236	77.1
3237	33.1
3238	75.3
3239	32.8
3240	15.9
3241	54.3
3242	44.7
3243	73.8
3244	46.7
3245	42.1
3246	41.7
3247	30.4
3248	35.5
3249	34
3250	8.7
3251	89.5
3252	89.3
3253	43.9
3254	67.7
3255	35.5
3256	38.5
3257	71
3258	47.4
3259	59
3260	37
3261	35.6
3262	67.2
3263	36.9
3264	34.6
3265	32.2
3266	40.9
3267	58.8
3268	64.4
3269	86.6
3270	38.5
3271	31.3
3272	83.4
3273	33.2
3274	86.3
3275	41.4
3276	39.8
3277	39.3
3278	69
3279	37.7
3280	36
3281	41.2
3282	30.8
3283	48.1
3284	41.1
3285	30.9
3286	80.6
3287	36.9
3288	40.9
3289	40.9
3290	36.6
3291	77.7
3292	31.9
3293	41.1
3294	41.2
3295	40.7
3296	30
3297	32.4
3298	51.7
3299	35.7
3300	58.8
3301	38.9
3302	37.4
3303	77.7
3304	42.5
3305	69.7
3306	43.3
3307	35.6
3308	78
3309	43.2
3310	36.7
3311	28.2
3312	40.2
3313	34
3314	28.6
3315	39.2
3316	73.2
3317	31.8
3318	43.9
3319	25.8
3320	35.5
3321	41.7
3322	27.6
3323	39.6
3324	41
3325	35.4
3326	42.5
3327	20.5
3328	32.7
3329	33.2
3330	52
3331	38.8
3332	36.7
3333	33.7
3334	23.7
3335	69.8
3336	41
3337	19
3338	38.2
3339	24.4
3340	25.4
3341	59.7
3342	39.4
3343	32.6
3344	34.1
3345	18.6
3346	28.2
3347	40.8
3348	18.7
3349	36.1
3350	39.4
3351	27.2
3352	44
3353	34.1
3354	40
3355	38.7
3356	39.7
3357	36.4
3358	27.1
3359	32.2
3360	40.2
3361	33.1
3362	33
3363	50.3
3364	38.9
3365	31
3366	31.3
3367	34.6
3368	23.2
3369	26.8
3370	39.2
3371	33.2
3372	27.5
3373	32.7
3374	30.8
3375	31.6
3376	29
3377	32.2
3378	30.6
3379	35.8
3380	30
3381	33.5
3382	29.6
3383	32.9
3384	30.7
3385	32.2
3386	33.2
3387	35.1
3388	29.4
3389	34.5
3390	35
3391	32.9
3392	34.1
3393	34.6
3394	36.5
3395	34.5
3396	34.5
3397	35.9
3398	27.6
3399	22.3
3400	93
3401	93.3
3402	91.8
3403	95.9
3404	87.6
3405	86.4
3406	88.4
3407	94.3
3408	90.2
3409	95.1
3410	27
3411	30.7
3412	88
3413	90
3414	88.1
3415	92.4
3416	103.5
3417	94.4
3418	93.9
3419	94.7
3420	97
3421	97.3
3422	91.9
3423	88.8
3424	90.1
3425	91.9
3426	95.9
3427	102.6
3428	53.9
3429	95
3430	52.1
3431	96.9
3432	95.5
3433	97.7
3434	94.5
3435	97.7
3436	95.9
3437	95.2
3438	95.8
3439	91.1
3440	86.1
3441	97.1
3442	101.1
3443	95.7
3444	79.9
3445	90.1
3446	97.8
3447	99.7
3448	105.4
3449	96.2
3450	97.4
3451	94.3
3452	97.7
3453	81.5
3454	95.7
3455	97.9
3456	84.1
3457	100.5
3458	90.2
3459	96
3460	94.7
3461	95.3
3462	100.3
3463	99.9
3464	95.3
3465	96.1
3466	66.8
3467	93.9
3468	96.7
3469	71.8
3470	93.2
3471	99.6
3472	58.4
3473	97.8
3474	93.1
3475	96.8
3476	98.8
3477	97.4
3478	95.4
3479	97
3480	92.8
3481	98.9
3482	44.7
3483	47.5
3484	94.9
3485	39.5
3486	92.6
3487	1.1
3488	37.3
3489	99.8
3490	95.8
3491	88.6
3492	76.6
3493	59
3494	88.7
3495	85.4
3496	36.6
3497	59.3
3498	59
3499	85.1
3500	72.5
3501	40.4
3502	42.8
3503	69.3
3504	74.7
3505	78
3506	83.3
3507	74.2
3508	85.4
3509	37.4
3510	82
3511	84.9
3512	85.4
3513	40.8
3514	82.1
3515	87.7
3516	84.1
3517	80.4
3518	81.4
3519	88.8
3520	87.4
3521	89.6
3522	87.6
3523	86.3
3524	83.7
3525	84.5
3526	35.9
3527	85
3528	83.6
3529	78.2
3530	77.4
3531	84.6
3532	46.7
3533	88.1
3534	85.8
3535	81.8
3536	66.6
3537	19.6
3538	74.9
3539	62.7
3540	66.2
3541	72.7
3542	73.1
3543	73.4
3544	60.8
3545	68
3546	64.8
3547	56.6
3548	77.1
3549	75.5
3550	71.3
3551	75.6
3552	61.1
3553	68.2
3554	74.3
3555	78.9
3556	70.5
3557	31.4
3558	74.5
3559	29
3560	69.3
3561	69
3562	46
3563	77.6
3564	50.8
3565	55.7
3566	49.8
3567	75.2
3568	85
3569	88
3570	85.5
3571	87
3572	48.6
3573	88.6
3574	56.9
3575	57.2
3576	91.3
3577	84.6
3578	79
3579	37.4
3580	37.3
3581	31.1
3582	82
3583	32.3
3584	92.3
3585	40.4
3586	84.9
3587	34.4
3588	46.2
3589	34.4
3590	32
3591	56.5
3592	36.2
3593	36.5
3594	33.2
