"COMID"	"Value"
1	21.1
2	2.9
3	16.2
4	17.8
5	22
6	0.5
7	28.2
8	4.1
9	0.1
10	0.1
11	20.3
12	0.1
13	1.5
14	14
15	4.1
16	2.7
17	23.5
18	18.6
19	18.2
20	17.4
21	8.1
22	15.2
23	0.2
24	0
25	8.8
26	10.1
27	6.8
28	25.2
29	1.2
30	5.1
31	17.9
32	19.2
33	14.6
34	0.1
35	14.8
36	0.2
37	12.7
38	0.2
39	0.1
40	4.1
41	12.8
42	7.4
43	6.9
44	22
45	2.5
46	1.3
47	5.1
48	13.3
49	7.2
50	4.8
51	0
52	2.2
53	0.3
54	12.3
55	13.7
56	14.6
57	2.8
58	0
59	3.3
60	0.1
61	0.3
62	0.3
63	15
64	4
65	0.3
66	3
67	11.8
68	5.1
69	3.2
70	1.4
71	0.3
72	10.1
73	0
74	20.9
75	2.5
76	2.2
77	3
78	3
79	12.7
80	1.4
81	8.5
82	1.2
83	7.8
84	0.2
85	9.1
86	6.2
87	0.1
88	0.2
89	0.9
90	4.7
91	6.4
92	12.6
93	10.6
94	0.2
95	28
96	0.7
97	11.6
98	0.1
99	1.6
100	11.4
101	9.1
102	6.9
103	0
104	1.7
105	1.4
106	10.7
107	1.6
108	0.1
109	0.7
110	0.3
111	0.3
112	11.2
113	0.2
114	11.3
115	5.4
116	5.6
117	8.5
118	4.8
119	0.5
120	2.4
121	2
122	7.4
123	0.4
124	4.5
125	10.3
126	13.4
127	9.1
128	12.8
129	0.1
130	2.5
131	1.4
132	0.5
133	6.9
134	4.7
135	4
136	12.4
137	13.2
138	0.4
139	0.2
140	4.3
141	3.6
142	1
143	0.5
144	2
145	0.3
146	6.5
147	16.8
148	13.1
149	4.8
150	16.4
151	2.5
152	4
153	0.2
154	3.1
155	0.4
156	2.1
157	14.4
158	0.5
159	3
160	10.3
161	1.5
162	0.5
163	1.9
164	1.8
165	0.3
166	0.4
167	5.9
168	0.6
169	7.2
170	7.5
171	10.6
172	1.5
173	2.3
174	0.3
175	1.9
176	19.9
177	3.3
178	2.1
179	3.2
180	0.3
181	0.2
182	2.1
183	0.7
184	0.2
185	0.5
186	3
187	2.4
188	0.3
189	0.2
190	5.5
191	0.2
192	2.2
193	0.6
194	22.3
195	1.6
196	0.2
197	3.6
198	0.1
199	2.8
200	0.2
201	0.1
202	0.6
203	0.2
204	0.1
205	0.6
206	3.2
207	3.9
208	19.5
209	3
210	6.4
211	13.1
212	10.7
213	2.6
214	0.2
215	5.4
216	1.5
217	2.4
218	0.7
219	0.8
220	0.3
221	0.7
222	5.4
223	15.6
224	0.1
225	1.1
226	4.6
227	0.7
228	3.2
229	0.1
230	5.8
231	3.9
232	1.1
233	12.2
234	1
235	2.7
236	2.3
237	2.4
238	0.4
239	5.5
240	10.4
241	3.7
242	0.1
243	0.3
244	12.6
245	4
246	11.4
247	1.2
248	0.7
249	0.1
250	11.5
251	4.2
252	12.8
253	1.1
254	0.2
255	0.1
256	6.5
257	0.2
258	2.4
259	1.4
260	0.3
261	4.1
262	3.7
263	2.6
264	0.1
265	0.1
266	3.2
267	9.4
268	3.6
269	10.8
270	0
271	7.1
272	3.5
273	9.7
274	0.3
275	3.7
276	0.8
277	0.1
278	3.3
279	0.1
280	3.4
281	3.2
282	8.2
283	0.1
284	4.2
285	0.4
286	2.9
287	15.6
288	2
289	0.4
290	0
291	1.8
292	2.4
293	0.4
294	4.5
295	0.1
296	5
297	5.9
298	0.2
299	3.1
300	5.8
301	0.2
302	6.8
303	3.5
304	1.7
305	7
306	4.5
307	6.3
308	5.5
309	0.6
310	2
311	6
312	5.3
313	3
314	2.3
315	0.3
316	0.3
317	0.4
318	4.9
319	0.6
320	5.4
321	0.1
322	2
323	5
324	0.6
325	0.7
326	2.8
327	0.6
328	0.5
329	0.2
330	0.6
331	0.5
332	0.2
333	0.4
334	0.3
335	2.8
336	0.3
337	0.8
338	0.4
339	1.7
340	0.9
341	0.3
342	0.4
343	0.5
344	3.7
345	1.4
346	1
347	0.5
348	3.5
349	2.1
350	0.4
351	0.6
352	0.4
353	7.9
354	1.4
355	0.6
356	0.5
357	0.8
358	1.2
359	0.3
360	1.2
361	0.3
362	1
363	1
364	0.3
365	3.2
366	2.1
367	0.4
368	22.9
369	0.2
370	8.5
371	0.3
372	1.1
373	1.3
374	0.3
375	7.3
376	1.1
377	8.9
378	0.7
379	0.4
380	8.3
381	0.2
382	0.3
383	8.5
384	0.8
385	0.7
386	0.3
387	25.3
388	2.5
389	1
390	20.9
391	0.5
392	2.4
393	0.8
394	0.3
395	0.4
396	1
397	0.9
398	0.5
399	2.7
400	0.2
401	12
402	0.5
403	0.4
404	0.2
405	0.1
406	3.8
407	1.7
408	0.2
409	0.3
410	6.8
411	12.3
412	0.2
413	4.2
414	0.2
415	1.2
416	0.1
417	0.3
418	0.3
419	0.9
420	0.2
421	1.1
422	1.3
423	6.4
424	1.5
425	37.5
426	0.4
427	6.8
428	1.6
429	7.1
430	15.5
431	0.8
432	0.2
433	29.7
434	0.2
435	0.1
436	17.9
437	2.7
438	44.1
439	0.4
440	3.9
441	3.4
442	0.1
443	1.5
444	0.3
445	54.6
446	0.1
447	56.5
448	49.1
449	0
450	0.4
451	0.3
452	23.9
453	0.5
454	0
455	0.4
456	0.1
457	8.9
458	18
459	21.7
460	0.3
461	11.4
462	29.8
463	1.6
464	0.8
465	11
466	0.6
467	3.2
468	0.3
469	0.2
470	0.3
471	0.7
472	3.1
473	1.5
474	0.1
475	2.5
476	0.1
477	29.8
478	0.2
479	0.6
480	6.5
481	0.3
482	0.2
483	13.1
484	0
485	0.4
486	1.2
487	1
488	2.7
489	0.3
490	1.8
491	2.5
492	8.2
493	0.4
494	4.9
495	1.9
496	0.3
497	1.7
498	0.3
499	0.3
500	0.6
501	10.1
502	5.6
503	0
504	0.1
505	0.3
506	1.5
507	3.3
508	0.2
509	0.7
510	14.6
511	1.3
512	2.2
513	0.2
514	0.5
515	0.4
516	0.2
517	8.8
518	0.4
519	0.4
520	2.5
521	3.9
522	0.2
523	0.2
524	14.2
525	3.2
526	0.2
527	3.2
528	0.3
529	0.4
530	16.9
531	8.1
532	21.7
533	1.5
534	0
535	23.3
536	9.3
537	1.9
538	0.7
539	0
540	0.1
541	3.3
542	8.3
543	0.2
544	0.7
545	2.7
546	6.1
547	1.1
548	2
549	3.1
550	0
551	2.5
552	1.1
553	6.5
554	0.4
555	0.2
556	1.1
557	0.2
558	1.5
559	1.2
560	3.7
561	8.2
562	8.3
563	0.4
564	0.7
565	1.6
566	10.2
567	0.1
568	7
569	0.4
570	0.2
571	8.7
572	3.1
573	0.2
574	1.1
575	0
576	4.2
577	0.5
578	1.3
579	2
580	6.9
581	0.4
582	1.1
583	0.1
584	0.2
585	6.1
586	1.1
587	11.2
588	0.5
589	9.5
590	0.2
591	1.1
592	2.9
593	6
594	0.2
595	1
596	0
597	0.1
598	0
599	9.7
600	0.1
601	0
602	0.2
603	56.9
604	0.5
605	0.3
606	0.9
607	0
608	0
609	0.9
610	0.1
611	4.1
612	1.1
613	0.2
614	30.6
615	2
616	0.7
617	11.4
618	46.3
619	0.5
620	0.2
621	0.5
622	35
623	34.3
624	33.9
625	0
626	0
627	9.4
628	0
629	1.4
630	21.7
631	0.1
632	51.6
633	16.5
634	0.2
635	0.8
636	1
637	0.7
638	0
639	50.8
640	2.4
641	17.5
642	0.5
643	25.1
644	1.6
645	50.4
646	18.9
647	0.1
648	63.1
649	26.7
650	0.1
651	24.5
652	0.1
653	0.2
654	0.1
655	0.2
656	0
657	27.6
658	5.5
659	23.7
660	2.7
661	5.2
662	16.7
663	22.7
664	0.1
665	0
666	0.2
667	4.8
668	19.7
669	7.2
670	0.2
671	0.2
672	0
673	19.6
674	3.2
675	14.5
676	20.2
677	23.4
678	0.3
679	0
680	0.8
681	21.9
682	27.3
683	18.4
684	20.3
685	0
686	17.1
687	0.2
688	11.9
689	0.2
690	22.5
691	3.3
692	14.6
693	0.2
694	2.5
695	3.4
696	18.2
697	0
698	19.4
699	23.1
700	12.3
701	3.3
702	16.3
703	12
704	20.8
705	30.6
706	0.2
707	13.9
708	13.5
709	27.1
710	20
711	1.5
712	6.4
713	20.6
714	0.1
715	18.1
716	0.6
717	57.1
718	15.9
719	24.1
720	10.6
721	0.1
722	20.9
723	12.8
724	29.6
725	0.1
726	0.3
727	2.4
728	23.6
729	2.8
730	15.9
731	0.3
732	2.2
733	23.2
734	9.8
735	5.3
736	0.2
737	25.1
738	9.1
739	32.2
740	29.2
741	19.9
742	57.2
743	15.4
744	1.8
745	0.2
746	7.3
747	10.4
748	0.1
749	16.7
750	0.1
751	6.7
752	21.5
753	10.4
754	12.8
755	15.3
756	10.8
757	24.3
758	21.9
759	0.2
760	6.4
761	0.1
762	27.9
763	20
764	11.4
765	6.6
766	2.6
767	22.3
768	16.9
769	17.1
770	18.7
771	17.1
772	22.7
773	4.7
774	4.3
775	2.8
776	0.1
777	21
778	11.2
779	1.5
780	16.5
781	20.1
782	87
783	84.2
784	84.8
785	87.7
786	84.8
787	85.2
788	72.6
789	79
790	85.9
791	79.6
792	82.4
793	76.9
794	85.2
795	84.7
796	76.4
797	85.3
798	79.8
799	80.5
800	85.2
801	77.3
802	79.6
803	84.8
804	71
805	79.7
806	80.9
807	63.5
808	81.1
809	84.8
810	86.8
811	82.7
812	82
813	79.6
814	81.9
815	81.9
816	83.6
817	69.4
818	80.1
819	90.3
820	83.4
821	85.2
822	82.9
823	84.1
824	83.8
825	82.5
826	85.4
827	83.7
828	82.9
829	83.1
830	81.4
831	83.9
832	83.7
833	88.3
834	81.4
835	83.2
836	83.4
837	62.8
838	85.9
839	92.3
840	81.8
841	82.5
842	97
843	40.6
844	79.6
845	81.7
846	94
847	82.3
848	87.8
849	96.1
850	82.8
851	80.9
852	74.2
853	80.6
854	81.9
855	81.6
856	84.4
857	81.7
858	79.5
859	79.3
860	94.2
861	78.4
862	23.4
863	76.5
864	80.3
865	77.5
866	93.7
867	72.3
868	79.2
869	81.7
870	59.3
871	82.2
872	82.3
873	29.2
874	82.3
875	78
876	82.7
877	78.6
878	77.4
879	77.9
880	86.8
881	89.2
882	96.7
883	70.2
884	78.3
885	78.7
886	16.8
887	90.8
888	95.7
889	81.6
890	96.7
891	83.9
892	94.1
893	98.7
894	18.9
895	78.9
896	79.4
897	85
898	84.7
899	101.9
900	100.8
901	91.3
902	85.5
903	80.4
904	77.9
905	89.6
906	83.2
907	95.5
908	91.5
909	82.1
910	24.8
911	79
912	86.4
913	95.1
914	97.1
915	33.3
916	84.8
917	78.7
918	87.2
919	94.6
920	86.4
921	69.7
922	98.2
923	44
924	90
925	79.9
926	83.5
927	79
928	100.2
929	91.5
930	101.9
931	81.1
932	104.2
933	96.3
934	28.7
935	88.1
936	85.7
937	84.3
938	85.4
939	79.1
940	92.5
941	78.7
942	99.8
943	22.6
944	83.5
945	83.2
946	89.1
947	28.1
948	85.7
949	85.3
950	82.9
951	101.8
952	92.3
953	105.6
954	107.4
955	102.6
956	86.7
957	93.5
958	101.9
959	91.2
960	100.1
961	104.4
962	85.4
963	89.7
964	15.5
965	85.6
966	104
967	17.7
968	93.1
969	97.7
970	57.7
971	80.2
972	85.2
973	100.2
974	93.9
975	82.9
976	80.8
977	80.5
978	106.2
979	104
980	80.4
981	84.9
982	100.9
983	79.7
984	82.1
985	80.1
986	78.4
987	104.7
988	78.9
989	98.7
990	34.4
991	80.8
992	68.8
993	80.2
994	93.7
995	85.7
996	79.8
997	78.8
998	103.7
999	93
1000	16.2
1001	103.1
1002	83
1003	30.6
1004	80.8
1005	105.3
1006	95.8
1007	18.9
1008	105.1
1009	59.5
1010	102.6
1011	92.6
1012	93.5
1013	101.9
1014	82
1015	104.8
1016	20.4
1017	81
1018	102.8
1019	102.7
1020	102.6
1021	91.2
1022	97.1
1023	97.7
1024	83.9
1025	103.9
1026	100.2
1027	89.7
1028	85.5
1029	102.8
1030	88.8
1031	21.6
1032	28.6
1033	89.7
1034	92.9
1035	81.1
1036	93.6
1037	101.9
1038	92.3
1039	103.5
1040	104.5
1041	102.3
1042	106.3
1043	22.8
1044	97.5
1045	108.1
1046	102.9
1047	85
1048	95.7
1049	92.9
1050	19.3
1051	94.8
1052	95.7
1053	102.3
1054	90.3
1055	97.6
1056	98
1057	86.7
1058	94.6
1059	90.7
1060	95
1061	22.6
1062	103.1
1063	85.7
1064	82.4
1065	99.2
1066	95.4
1067	86.7
1068	91.8
1069	81.4
1070	93.9
1071	93.9
1072	81.6
1073	82.8
1074	95.4
1075	65.9
1076	94.9
1077	85.6
1078	101.8
1079	93.7
1080	102.8
1081	89.5
1082	94.1
1083	80.7
1084	100.3
1085	96.9
1086	90.9
1087	21
1088	82
1089	103.6
1090	90.5
1091	89.1
1092	88.5
1093	101.9
1094	82.6
1095	97.4
1096	101.5
1097	89.1
1098	103.5
1099	67.9
1100	21.2
1101	82.1
1102	92.9
1103	82.2
1104	102.1
1105	106.6
1106	103.6
1107	83.7
1108	98.9
1109	92.9
1110	88.5
1111	86.1
1112	94.6
1113	87.9
1114	96.3
1115	106.6
1116	98.5
1117	94.5
1118	105.8
1119	101.9
1120	97.8
1121	99.2
1122	101.7
1123	103.3
1124	90.6
1125	97.3
1126	98
1127	100.2
1128	93.5
1129	96.2
1130	100.9
1131	81.9
1132	96
1133	94.6
1134	99.8
1135	96.8
1136	81.3
1137	101.2
1138	98.3
1139	100.8
1140	90.6
1141	96.9
1142	84.7
1143	93.8
1144	103.3
1145	104.5
1146	97.8
1147	98
1148	93.4
1149	96.5
1150	101
1151	98.9
1152	91.1
1153	91.3
1154	18.2
1155	101.6
1156	95
1157	100.1
1158	106.3
1159	74.1
1160	98.1
1161	84.3
1162	106.1
1163	102.9
1164	96.7
1165	100.1
1166	95.1
1167	90.6
1168	95.1
1169	92.3
1170	97
1171	103.7
1172	81
1173	104.2
1174	85.7
1175	98.6
1176	62.5
1177	100.8
1178	97.7
1179	99.7
1180	103.7
1181	106.7
1182	99
1183	86.6
1184	100.5
1185	95.7
1186	89.2
1187	99.7
1188	98.8
1189	105.2
1190	101.8
1191	92.6
1192	98.9
1193	88.3
1194	97.8
1195	100.6
1196	102.3
1197	98.3
1198	80.2
1199	84.9
1200	25.3
1201	97.7
1202	99.8
1203	98.2
1204	99.8
1205	99.8
1206	86.7
1207	100.5
1208	85.7
1209	99.1
1210	90.1
1211	91.2
1212	102
1213	74.4
1214	91
1215	103.3
1216	94.2
1217	86.4
1218	80.3
1219	84
1220	89.3
1221	97.7
1222	99
1223	99.1
1224	96.9
1225	102.5
1226	87.7
1227	79.5
1228	99
1229	108.3
1230	93
1231	88.3
1232	88.5
1233	94.1
1234	98.3
1235	102.5
1236	79.3
1237	83.9
1238	91.7
1239	106.1
1240	93.4
1241	95.1
1242	90.1
1243	99.4
1244	91.2
1245	97.8
1246	91.2
1247	67.5
1248	34.3
1249	104.3
1250	80.8
1251	100.1
1252	99.1
1253	96.2
1254	102
1255	99.4
1256	81.1
1257	104.1
1258	101.8
1259	106.6
1260	84.2
1261	80.7
1262	88
1263	99.6
1264	100.4
1265	101.6
1266	89.1
1267	99.4
1268	89.6
1269	35.1
1270	92.9
1271	99
1272	90.8
1273	106.3
1274	91.8
1275	91.9
1276	81
1277	92.1
1278	85.2
1279	27
1280	108.3
1281	103.6
1282	104.7
1283	90.9
1284	39.4
1285	104.7
1286	89.9
1287	105.7
1288	96.4
1289	93.5
1290	97.3
1291	88
1292	100.5
1293	21.7
1294	102.3
1295	99.6
1296	89.8
1297	43.9
1298	91
1299	95.2
1300	105.8
1301	104.7
1302	95.5
1303	100.8
1304	43.5
1305	92.6
1306	100.5
1307	99.8
1308	99.1
1309	102.5
1310	93.8
1311	96.6
1312	80.8
1313	102.6
1314	99.9
1315	105.8
1316	86.1
1317	83.5
1318	102.2
1319	90.1
1320	93
1321	103.5
1322	102.2
1323	108.2
1324	102.8
1325	92.6
1326	106.4
1327	104.2
1328	91.9
1329	43.6
1330	87.6
1331	83.1
1332	21.7
1333	64.4
1334	93.5
1335	98.6
1336	96.4
1337	107.4
1338	109
1339	99.5
1340	103.5
1341	94.5
1342	94.9
1343	110.4
1344	105.7
1345	96.1
1346	106.8
1347	87.2
1348	87.1
1349	97.6
1350	104.2
1351	89.4
1352	41.9
1353	93.7
1354	103
1355	94
1356	34.9
1357	73.9
1358	99
1359	104
1360	108.5
1361	95.2
1362	93.4
1363	107.2
1364	110.6
1365	86.6
1366	104.8
1367	107.3
1368	86.1
1369	98.9
1370	94.6
1371	102.2
1372	97.3
1373	91.4
1374	110.4
1375	96.8
1376	41.5
1377	96.6
1378	99.8
1379	101.4
1380	85.2
1381	110.5
1382	96.8
1383	112.2
1384	96.8
1385	36.7
1386	85.7
1387	107.8
1388	102.4
1389	99.4
1390	88.4
1391	90.1
1392	88.8
1393	85.7
1394	111.6
1395	88.7
1396	112.4
1397	91.4
1398	112.3
1399	106.3
1400	73.6
1401	97.7
1402	100.4
1403	99.6
1404	98.8
1405	115.4
1406	105.5
1407	108.7
1408	96.2
1409	101.6
1410	94
1411	81.9
1412	111
1413	102.3
1414	98.6
1415	106.7
1416	98.1
1417	94.9
1418	98.4
1419	97
1420	96.1
1421	98
1422	113
1423	58.6
1424	90.2
1425	97.2
1426	82.5
1427	96.7
1428	97
1429	97.5
1430	94.7
1431	103
1432	97.7
1433	97.7
1434	103.8
1435	94.7
1436	108.5
1437	89.4
1438	100
1439	97.6
1440	97.8
1441	96.9
1442	98.3
1443	78.4
1444	97.3
1445	109.3
1446	103.7
1447	111
1448	90
1449	111
1450	109.5
1451	98
1452	108.1
1453	103.8
1454	55.8
1455	116.7
1456	102.4
1457	101.9
1458	89.2
1459	98.5
1460	95.8
1461	95.5
1462	93.4
1463	95.3
1464	95.8
1465	95.7
1466	91.1
1467	98
1468	93.7
1469	90.5
1470	100.9
1471	93.5
1472	96.5
1473	90.9
1474	113.8
1475	91.7
1476	92.1
1477	108.1
1478	101.3
1479	92.3
1480	94.1
1481	98.7
1482	98.4
1483	94.6
1484	110.9
1485	52
1486	95.5
1487	96.4
1488	100.1
1489	100.1
1490	106.4
1491	69.1
1492	95.3
1493	103.1
1494	93.4
1495	92.9
1496	99.3
1497	94.7
1498	94.3
1499	92.8
1500	74.7
1501	95
1502	91.1
1503	107.2
1504	95.8
1505	96.4
1506	84.5
1507	95.7
1508	112.2
1509	51.4
1510	110.8
1511	119.8
1512	92.6
1513	103.6
1514	101.5
1515	96.9
1516	97.3
1517	103.5
1518	99.7
1519	97.4
1520	106.7
1521	93.3
1522	95.2
1523	95.9
1524	97.2
1525	98.8
1526	93.9
1527	97.7
1528	91.2
1529	96.4
1530	90.7
1531	105.2
1532	109.6
1533	117.9
1534	104
1535	34.9
1536	103.8
1537	93.7
1538	46.4
1539	102.3
1540	101
1541	88.7
1542	98.9
1543	103.2
1544	102.8
1545	87.3
1546	40.9
1547	74.9
1548	92.2
1549	87.9
1550	89.7
1551	97.8
1552	98
1553	91
1554	63.1
1555	89.2
1556	96.5
1557	111.5
1558	90.3
1559	101.5
1560	68.2
1561	102.3
1562	104.8
1563	109.5
1564	91
1565	70
1566	107
1567	93.3
1568	97
1569	88.8
1570	106.8
1571	91.7
1572	95.9
1573	108.4
1574	104.4
1575	81.3
1576	105.3
1577	106.1
1578	91.7
1579	90.8
1580	104.9
1581	106.5
1582	99.8
1583	100.6
1584	40
1585	107.4
1586	104.6
1587	106.5
1588	102.4
1589	106
1590	99
1591	90.7
1592	101.4
1593	106.6
1594	99.6
1595	95.9
1596	86
1597	89.8
1598	101.9
1599	94.6
1600	101.9
1601	58.1
1602	107.5
1603	100.9
1604	85.8
1605	85.6
1606	92.4
1607	93.8
1608	102
1609	87.1
1610	100
1611	108.3
1612	104.8
1613	93.8
1614	100.2
1615	103.2
1616	87.6
1617	91.2
1618	79
1619	63.3
1620	99.9
1621	100
1622	108.3
1623	88.2
1624	106.4
1625	77.7
1626	102.3
1627	110
1628	77.2
1629	87.5
1630	111.8
1631	64.7
1632	108.2
1633	90.6
1634	104.7
1635	108.6
1636	92.6
1637	100
1638	74.4
1639	94
1640	92.8
1641	79.8
1642	105.8
1643	81.8
1644	106
1645	102
1646	89.7
1647	86
1648	102.2
1649	107.4
1650	92.2
1651	104.3
1652	81.5
1653	92.5
1654	99.4
1655	101.6
1656	116.1
1657	105.2
1658	101.4
1659	86.5
1660	80.4
1661	79.5
1662	106.7
1663	85.1
1664	101.9
1665	89.5
1666	109.3
1667	105.5
1668	85.1
1669	101.9
1670	94.4
1671	104.9
1672	100.7
1673	104.9
1674	95.3
1675	84.1
1676	104.5
1677	101.6
1678	90.6
1679	104
1680	104.1
1681	104.6
1682	88.4
1683	100.6
1684	83.1
1685	98.1
1686	61.8
1687	108.6
1688	84.9
1689	101.8
1690	102.2
1691	77.7
1692	103.2
1693	96.6
1694	100.1
1695	102.2
1696	101.8
1697	103.3
1698	89.8
1699	98.6
1700	71.4
1701	105.6
1702	105.2
1703	106.8
1704	99.2
1705	95.5
1706	94.8
1707	86.5
1708	85.7
1709	82.9
1710	102.9
1711	98.7
1712	104
1713	103.3
1714	102.8
1715	103.1
1716	95.7
1717	93.9
1718	49.6
1719	61.5
1720	103.4
1721	106.6
1722	101.3
1723	101.6
1724	96
1725	105.7
1726	100.2
1727	102.7
1728	105.5
1729	89.1
1730	103.3
1731	101.4
1732	102.3
1733	90.4
1734	74.4
1735	105.5
1736	84.6
1737	87.7
1738	95.5
1739	95.7
1740	102.3
1741	95.4
1742	96.1
1743	96.3
1744	108.7
1745	106.3
1746	100.1
1747	99.1
1748	106.1
1749	67.6
1750	56.1
1751	102.4
1752	104.1
1753	102.7
1754	106.1
1755	102.9
1756	96.4
1757	100.1
1758	102.7
1759	100.4
1760	99.1
1761	108.2
1762	78.6
1763	100.9
1764	99.9
1765	97.7
1766	100.9
1767	107.3
1768	100.3
1769	105.1
1770	100.4
1771	83.3
1772	105
1773	100.2
1774	95.1
1775	54.6
1776	93.5
1777	99.2
1778	95.2
1779	96.3
1780	87.8
1781	105.8
1782	108.8
1783	99.3
1784	96.2
1785	100.3
1786	109
1787	102.2
1788	102.5
1789	94.6
1790	87.8
1791	71.9
1792	99.9
1793	98.7
1794	60
1795	97.2
1796	105.8
1797	109.9
1798	96.1
1799	101.2
1800	89.6
1801	112
1802	98.2
1803	103.9
1804	92.3
1805	96.8
1806	102
1807	105
1808	90.8
1809	104.9
1810	106.8
1811	99.7
1812	102.4
1813	103.4
1814	94.2
1815	95.3
1816	108
1817	98.9
1818	92.5
1819	103.8
1820	117.1
1821	99.9
1822	101.3
1823	104.8
1824	102.8
1825	118.8
1826	103.1
1827	97.2
1828	99.7
1829	100.8
1830	108.2
1831	90.7
1832	100.3
1833	91.3
1834	102.4
1835	95.8
1836	99.4
1837	50.3
1838	99.5
1839	121.9
1840	96.4
1841	86.3
1842	90.8
1843	119.6
1844	100.7
1845	96.2
1846	44.3
1847	87.3
1848	112.3
1849	123.1
1850	118.8
1851	88.7
1852	102.8
1853	107
1854	100.6
1855	103.5
1856	85
1857	101.3
1858	96.4
1859	98.5
1860	84.6
1861	100
1862	89.9
1863	100
1864	91.2
1865	98
1866	117.4
1867	102
1868	98.1
1869	96
1870	51.9
1871	97.4
1872	85.6
1873	94.4
1874	120.8
1875	101.6
1876	94.9
1877	99.5
1878	99.9
1879	119.6
1880	112.7
1881	102.5
1882	101.9
1883	122
1884	97.3
1885	99.6
1886	90.3
1887	99.2
1888	98.9
1889	110.4
1890	112.2
1891	53.3
1892	101.8
1893	91
1894	94.4
1895	99.3
1896	92.3
1897	90
1898	117.1
1899	87
1900	98.2
1901	113.2
1902	92.1
1903	100.3
1904	89.1
1905	96.9
1906	100.1
1907	45.2
1908	78
1909	43.7
1910	45.3
1911	99.7
1912	93.6
1913	99.5
1914	96.8
1915	97.3
1916	93.5
1917	107.4
1918	70.1
1919	97.2
1920	99.4
1921	101.3
1922	92.8
1923	103.9
1924	94.2
1925	99.7
1926	93.2
1927	116.1
1928	88.2
1929	39.5
1930	97.5
1931	47.6
1932	72.7
1933	95
1934	93.1
1935	95.6
1936	101.7
1937	87.7
1938	94.4
1939	104.8
1940	99.3
1941	90.6
1942	80.4
1943	92.8
1944	100.1
1945	40.1
1946	96.1
1947	88.7
1948	38.6
1949	92.2
1950	1.1
1951	97.9
1952	52.3
1953	41.7
1954	88.4
1955	100
1956	100.5
1957	114.2
1958	100.3
1959	72.5
1960	93.3
1961	80.4
1962	89.2
1963	83.6
1964	91.2
1965	96.1
1966	1.1
1967	47.5
1968	112.6
1969	99.8
1970	106.1
1971	97.7
1972	89.4
1973	80.4
1974	100.6
1975	36.8
1976	79.1
1977	59.2
1978	100.4
1979	1.1
1980	92.1
1981	98.7
1982	1.1
1983	94.2
1984	95.1
1985	37
1986	102.7
1987	103.3
1988	39
1989	1.1
1990	1.1
1991	87
1992	99.7
1993	70.5
1994	111.8
1995	98.1
1996	83.6
1997	80.4
1998	113.5
1999	97.7
2000	42.3
2001	94.8
2002	93.9
2003	93.9
2004	78.2
2005	91.1
2006	80.1
2007	95.2
2008	34.7
2009	94.9
2010	77.1
2011	1.1
2012	82.2
2013	88.4
2014	1.1
2015	82.9
2016	86
2017	100.9
2018	44
2019	86.1
2020	87
2021	41.7
2022	38.9
2023	53.4
2024	1.1
2025	113.8
2026	81.6
2027	35
2028	106.9
2029	90.5
2030	93.1
2031	98.8
2032	79.1
2033	93
2034	98.3
2035	34.8
2036	1.1
2037	91.2
2038	1.1
2039	84.6
2040	86.4
2041	1.1
2042	43
2043	90.8
2044	103.3
2045	93.1
2046	94.5
2047	38.3
2048	86.8
2049	104.8
2050	106.4
2051	29
2052	94.1
2053	31.6
2054	32.2
2055	86.9
2056	89.7
2057	37.6
2058	1.1
2059	90.5
2060	39.3
2061	79.7
2062	113.8
2063	87.9
2064	31.3
2065	90
2066	95.5
2067	46.7
2068	97.6
2069	92
2070	94.8
2071	44.2
2072	97.2
2073	90.6
2074	100.3
2075	93.4
2076	1.1
2077	85.2
2078	98
2079	90.6
2080	88.5
2081	100.7
2082	96.8
2083	29.3
2084	92
2085	102.4
2086	70.7
2087	89.8
2088	113.8
2089	92
2090	106.6
2091	71.2
2092	94
2093	96.3
2094	89.5
2095	30.5
2096	92
2097	35.1
2098	75.6
2099	82.8
2100	87.4
2101	89.8
2102	89.6
2103	83.1
2104	70.5
2105	98.3
2106	86
2107	92.1
2108	90.8
2109	87.4
2110	97.9
2111	72.9
2112	1.1
2113	86.6
2114	88.4
2115	84.9
2116	81.9
2117	84.8
2118	88.9
2119	59.2
2120	96.6
2121	35.6
2122	89.9
2123	93.3
2124	85.8
2125	80.6
2126	95.9
2127	31.6
2128	87.6
2129	70.5
2130	93.8
2131	87
2132	92.5
2133	84.5
2134	92.4
2135	66.6
2136	96.7
2137	27.8
2138	77.9
2139	72.2
2140	70.7
2141	89.1
2142	38.9
2143	84.4
2144	88
2145	74.2
2146	23
2147	29.8
2148	93.6
2149	91.4
2150	89.6
2151	84.2
2152	93
2153	102.8
2154	92.9
2155	71.7
2156	83.9
2157	90.9
2158	25.7
2159	24.4
2160	104.7
2161	86.5
2162	97.7
2163	72.6
2164	91.8
2165	32.5
2166	70.4
2167	73.7
2168	96.3
2169	88.2
2170	85.4
2171	94.8
2172	92.9
2173	93.6
2174	82.8
2175	26.9
2176	91.3
2177	100.1
2178	70.1
2179	88.7
2180	68.5
2181	95.7
2182	88.1
2183	97.2
2184	78.4
2185	68.1
2186	21.3
2187	18.5
2188	70.2
2189	87.9
2190	25.6
2191	89.1
2192	72.6
2193	93.1
2194	94.2
2195	23
2196	82
2197	81.6
2198	69.5
2199	101.1
2200	92.3
2201	16.9
2202	16.2
2203	87.3
2204	76.5
2205	84.1
2206	72.2
2207	17.9
2208	18.4
2209	87.1
2210	100.2
2211	84.1
2212	55.4
2213	94.4
2214	92.6
2215	71.8
2216	18.2
2217	91.1
2218	77.5
2219	81.5
2220	13.2
2221	62.4
2222	97.6
2223	70.4
2224	84.9
2225	77.6
2226	15.3
2227	93.8
2228	85.5
2229	85.2
2230	54.3
2231	63.1
2232	77
2233	81.2
2234	78.3
2235	82.4
2236	83.2
2237	86.6
2238	86.2
2239	18.8
2240	82.2
2241	77
2242	86.1
2243	83.6
2244	80.5
2245	83.7
2246	64
2247	84.2
2248	93.2
2249	76.3
2250	67.6
2251	12.5
2252	93.3
2253	94.8
2254	20
2255	81.3
2256	71.4
2257	17.1
2258	70.5
2259	92.3
2260	78.3
2261	79.6
2262	77
2263	90.1
2264	89
2265	94.6
2266	80.4
2267	79.1
2268	83.2
2269	19.8
2270	97.2
2271	62.9
2272	76.7
2273	20.4
2274	88.1
2275	91.2
2276	32.6
2277	78.7
2278	93.9
2279	80.1
2280	85.3
2281	103
2282	90.6
2283	34.1
2284	97.4
2285	95.8
2286	89.3
2287	17.5
2288	66.6
2289	79.2
2290	78
2291	78.1
2292	95.5
2293	23.2
2294	25.9
2295	97.9
2296	97.4
2297	87.4
2298	81.5
2299	16.3
2300	84.9
2301	97.2
2302	89.3
2303	86
2304	88.3
2305	78.3
2306	97.5
2307	97.1
2308	86.3
2309	83.8
2310	93.1
2311	109.2
2312	100.1
2313	96.8
2314	88.6
2315	109.9
2316	81.8
2317	96.7
2318	74.2
2319	74.5
2320	100.9
2321	73.9
2322	95.6
2323	93.6
2324	99.3
2325	98.9
2326	88.5
2327	85.3
2328	86.4
2329	91.9
2330	107.2
2331	105.8
2332	33.2
2333	100.9
2334	73
2335	107.6
2336	87.5
2337	103.7
2338	56.1
2339	30.1
2340	99.6
2341	96.1
2342	103.4
2343	35.9
2344	102.4
2345	46.1
2346	92.4
2347	86.7
2348	106.7
2349	98.3
2350	101.9
2351	70.4
2352	90.1
2353	98
2354	105.4
2355	98.1
2356	101.9
2357	106
2358	24.3
2359	97.5
2360	98.2
2361	95.8
2362	36.7
2363	93.6
2364	72.7
2365	96.6
2366	104.5
2367	107.4
2368	93.4
2369	28
2370	102.4
2371	100.1
2372	93.6
2373	96
2374	22.1
2375	98.1
2376	107.5
2377	98.6
2378	94.2
2379	93.8
2380	93.9
2381	92
2382	89.4
2383	107.4
2384	103.5
2385	55.3
2386	87.6
2387	89
2388	96.5
2389	103.8
2390	64.1
2391	93.6
2392	97.5
2393	104.1
2394	104.4
2395	30.2
2396	91.6
2397	101.3
2398	53.5
2399	94.4
2400	103.2
2401	90.6
2402	98.9
2403	92.1
2404	20.6
2405	97.4
2406	90.8
2407	113.4
2408	93.4
2409	94.3
2410	95.1
2411	97.3
2412	99.7
2413	97.4
2414	20.7
2415	98.2
2416	89.5
2417	92.6
2418	90.5
2419	93.8
2420	105.7
2421	112.9
2422	76.6
2423	87.5
2424	99
2425	21.4
2426	112.8
2427	91.7
2428	95.3
2429	109.2
2430	100.4
2431	101.4
2432	91.8
2433	104.2
2434	19.5
2435	97.7
2436	89.1
2437	18.2
2438	92.6
2439	86.6
2440	99.9
2441	110.6
2442	87.1
2443	94.6
2444	105.2
2445	93
2446	23.3
2447	100.8
2448	109.4
2449	98.4
2450	102.5
2451	90.5
2452	91.9
2453	100.5
2454	101.8
2455	95.3
2456	95.7
2457	92.3
2458	92.9
2459	101.1
2460	17
2461	104.1
2462	76.8
2463	19.4
2464	101.5
2465	106.3
2466	102.9
2467	73.8
2468	81.9
2469	99.8
2470	103
2471	97.7
2472	100
2473	19.4
2474	85.7
2475	93.6
2476	96.9
2477	97.6
2478	87.6
2479	89.7
2480	100.2
2481	65.4
2482	18.1
2483	93.8
2484	95.5
2485	83.4
2486	90.7
2487	101
2488	101.3
2489	90.9
2490	96.6
2491	20.2
2492	98.4
2493	97.8
2494	86.9
2495	84.8
2496	19
2497	74.1
2498	82.2
2499	17.5
2500	90.9
2501	82.8
2502	85.5
2503	82.1
2504	67.1
2505	88
2506	91.9
2507	98.5
2508	78.6
2509	96.2
2510	80.3
2511	4.6
2512	85.8
2513	91.3
2514	83.4
2515	84.6
2516	91.7
2517	22.8
2518	50.7
2519	87.4
2520	92.3
2521	83.7
2522	4.6
2523	26
2524	97.1
2525	47.1
2526	83.8
2527	82.2
2528	79.7
2529	83.5
2530	79.5
2531	77.1
2532	77.4
2533	95.9
2534	51.8
2535	82.1
2536	96.9
2537	59.7
2538	4.6
2539	100.7
2540	92.3
2541	100.3
2542	84
2543	84.3
2544	51
2545	88.2
2546	72.6
2547	86
2548	90.8
2549	90.6
2550	97.1
2551	39
2552	99.9
2553	82.6
2554	92.5
2555	80.9
2556	86.2
2557	88.3
2558	84.3
2559	80.5
2560	4.6
2561	81.9
2562	99.1
2563	87
2564	90.6
2565	93
2566	24.4
2567	88
2568	4.6
2569	86.1
2570	46.9
2571	30.2
2572	92.2
2573	57.6
2574	88.3
2575	49.6
2576	83
2577	82.5
2578	83
2579	85.1
2580	90.5
2581	88.5
2582	98.7
2583	90.3
2584	96.1
2585	4.6
2586	95
2587	81.1
2588	84.2
2589	80.8
2590	81.3
2591	82.2
2592	80.9
2593	81.7
2594	36.7
2595	96.2
2596	4.6
2597	85.1
2598	95.1
2599	85.3
2600	81.4
2601	81.9
2602	86.4
2603	83.9
2604	96.2
2605	86.5
2606	63.6
2607	4.6
2608	78.7
2609	89.5
2610	51.6
2611	91
2612	83.8
2613	81.2
2614	86.8
2615	37.8
2616	90.7
2617	4.6
2618	89
2619	96
2620	92
2621	31.8
2622	84.7
2623	4.6
2624	79.2
2625	91.2
2626	28.4
2627	84.5
2628	40.2
2629	95.9
2630	74.6
2631	77.6
2632	4.6
2633	83.3
2634	82.4
2635	83.3
2636	87.4
2637	88.4
2638	63.7
2639	82.2
2640	79.3
2641	78.8
2642	4.6
2643	95.4
2644	67.9
2645	96.8
2646	76.5
2647	37.1
2648	86.8
2649	64.4
2650	4.6
2651	83
2652	74.6
2653	80.2
2654	74.1
2655	80.7
2656	86
2657	38.1
2658	78.7
2659	89.9
2660	4.6
2661	53
2662	92.3
2663	71.8
2664	79.5
2665	67.5
2666	85.5
2667	34.9
2668	85.9
2669	83.3
2670	88.7
2671	87.8
2672	83.6
2673	42.5
2674	37.7
2675	70
2676	24.3
2677	89.3
2678	90
2679	77
2680	91
2681	65.6
2682	54.6
2683	80.1
2684	79.2
2685	82.5
2686	87.8
2687	82.9
2688	62
2689	75.7
2690	70.3
2691	62.2
2692	20.3
2693	72.7
2694	87
2695	89
2696	81.7
2697	86.4
2698	88.8
2699	42.9
2700	78.5
2701	29.2
2702	63.9
2703	76.6
2704	45.4
2705	77.8
2706	78.5
2707	34.8
2708	64.4
2709	62.3
2710	73.4
2711	84.2
2712	74.2
2713	81.6
2714	75.2
2715	72.6
2716	74.9
2717	64
2718	71.8
2719	84.3
2720	62.9
2721	74
2722	75.9
2723	83.8
2724	28.4
2725	72.6
2726	78
2727	83.6
2728	73.5
2729	81.5
2730	67.5
2731	73.9
2732	72.3
2733	79
2734	64
2735	73.6
2736	27.2
2737	75.4
2738	67.7
2739	75.2
2740	60.6
2741	69.3
2742	65.2
2743	74.2
2744	72.4
2745	43.2
2746	27.4
2747	69.6
2748	83.6
2749	78.4
2750	74.9
2751	60.4
2752	81.8
2753	74.4
2754	82
2755	61.9
2756	68.8
2757	77.8
2758	76.8
2759	70.7
2760	73.3
2761	69.1
2762	76
2763	40.6
2764	69.6
2765	69.4
2766	83.7
2767	29.8
2768	71.7
2769	69.2
2770	74
2771	74.2
2772	61.4
2773	25
2774	63.1
2775	70.8
2776	79.1
2777	80.2
2778	68
2779	77.7
2780	21
2781	82.1
2782	37.4
2783	87.7
2784	89
2785	53.2
2786	36.2
2787	74.3
2788	71.7
2789	66.4
2790	85.4
2791	84.1
2792	66.2
2793	66.9
2794	80.9
2795	68.4
2796	56.6
2797	77.7
2798	85.6
2799	79.2
2800	71.5
2801	74.8
2802	71.7
2803	64.7
2804	18.5
2805	71.3
2806	78.3
2807	66.6
2808	71.3
2809	79.7
2810	28.2
2811	67.9
2812	57.6
2813	62
2814	82.9
2815	65.4
2816	66.2
2817	74.1
2818	55.6
2819	86.1
2820	86.1
2821	74.5
2822	78
2823	73.3
2824	29.3
2825	77.5
2826	37.4
2827	20.4
2828	63.6
2829	42.2
2830	83.2
2831	90.3
2832	88
2833	70.7
2834	63.4
2835	78.3
2836	85.2
2837	82.9
2838	78
2839	93.6
2840	87.5
2841	95.6
2842	53.9
2843	75.8
2844	25.5
2845	72.9
2846	21.2
2847	69.6
2848	74.3
2849	88.7
2850	67.6
2851	49
2852	82.5
2853	83.8
2854	85
2855	81.8
2856	75.8
2857	82
2858	60.2
2859	77.1
2860	77.6
2861	83.9
2862	60.7
2863	38.1
2864	62.6
2865	90.7
2866	75.4
2867	82.3
2868	39.9
2869	64.4
2870	76.9
2871	73
2872	72.1
2873	86.9
2874	15.9
2875	80.2
2876	18.8
2877	84.4
2878	81.1
2879	29
2880	83.1
2881	85.3
2882	96.6
2883	78.6
2884	65.1
2885	42.9
2886	54.8
2887	38.6
2888	18.3
2889	28.9
2890	23
2891	88
2892	81.5
2893	71.2
2894	64.9
2895	78.1
2896	20.3
2897	85.6
2898	80.6
2899	71.4
2900	65.7
2901	33
2902	90.6
2903	91.3
2904	23.7
2905	78
2906	76.6
2907	42.8
2908	85.6
2909	82.5
2910	74.1
2911	86.5
2912	86.5
2913	84.1
2914	93.4
2915	35.3
2916	84.2
2917	14.9
2918	69
2919	34.1
2920	34.7
2921	85.2
2922	71.2
2923	77.7
2924	52.2
2925	87.6
2926	42.6
2927	26.6
2928	74.8
2929	40.5
2930	87.1
2931	86.6
2932	69.9
2933	87.4
2934	27.3
2935	87.9
2936	31.6
2937	71
2938	29.2
2939	89.7
2940	29.2
2941	78.5
2942	29.4
2943	89.1
2944	29
2945	90
2946	93.2
2947	63.4
2948	91.5
2949	87.3
2950	71
2951	70.2
2952	91.8
2953	86.7
2954	88.7
2955	85.8
2956	68.7
2957	41.5
2958	89.8
2959	30.8
2960	87
2961	88.7
2962	84.2
2963	71.6
2964	90.9
2965	72
2966	65.5
2967	89.1
2968	89.9
2969	37.4
2970	26.2
2971	87.7
2972	68.4
2973	27
2974	91
2975	101.7
2976	70.2
2977	45.6
2978	64.1
2979	92.2
2980	88.7
2981	96.4
2982	81.7
2983	86
2984	94.1
2985	85.9
2986	83.8
2987	78.9
2988	86.1
2989	23.9
2990	67.1
2991	103.5
2992	67.6
2993	91.1
2994	85.8
2995	87.4
2996	70.6
2997	72.1
2998	69.2
2999	77.1
3000	74.2
3001	43
3002	92.9
3003	75
3004	67.7
3005	52.8
3006	88.7
3007	86.5
3008	89.5
3009	66.6
3010	24.7
3011	92.5
3012	51.8
3013	97.2
3014	65.6
3015	57.3
3016	82.4
3017	104.9
3018	68.9
3019	54.5
3020	65.9
3021	65.9
3022	41
3023	60.3
3024	91.1
3025	65.9
3026	97.8
3027	92.8
3028	77.2
3029	90.8
3030	38.2
3031	59.7
3032	62.3
3033	48.5
3034	55.6
3035	73.2
3036	33
3037	56.3
3038	56.4
3039	69.3
3040	97.2
3041	102.1
3042	99
3043	95
3044	84.8
3045	97.2
3046	43.2
3047	54.9
3048	94.2
3049	66.6
3050	103.9
3051	90.3
3052	73.5
3053	102.4
3054	69.4
3055	76.4
3056	95.3
3057	51.1
3058	94.7
3059	85.9
3060	35
3061	38.4
3062	53.3
3063	104.4
3064	104.3
3065	33
3066	96.7
3067	34.3
3068	104.4
3069	45.6
3070	87.9
3071	61
3072	79.7
3073	20.6
3074	99.2
3075	54.6
3076	63.6
3077	87.6
3078	75.3
3079	94.1
3080	95.5
3081	53
3082	37.8
3083	107.4
3084	36.2
3085	75.9
3086	82
3087	114.5
3088	100.5
3089	112
3090	86.4
3091	54.4
3092	27.4
3093	64.4
3094	23
3095	33.3
3096	92.7
3097	26.6
3098	113.6
3099	39.4
3100	93.8
3101	16.4
3102	53.9
3103	97.2
3104	99.7
3105	37
3106	99.9
3107	98.7
3108	34.1
3109	52.5
3110	43
3111	115.4
3112	16.1
3113	109.2
3114	49.2
3115	33.5
3116	51.6
3117	53.5
3118	99
3119	118.8
3120	13.8
3121	120.6
3122	20.3
3123	102.4
3124	27.2
3125	48.6
3126	17.9
3127	14.2
3128	37.1
3129	35.3
3130	33.4
3131	101
3132	99.5
3133	104.4
3134	101.3
3135	20.6
3136	105.4
3137	18.6
3138	38.3
3139	120.8
3140	87.9
3141	30.4
3142	94.8
3143	116.4
3144	38.9
3145	15.3
3146	32.1
3147	16.4
3148	38
3149	25
3150	25.3
3151	70.2
3152	106.7
3153	100.8
3154	91.3
3155	24.1
3156	79.8
3157	73
3158	24.7
3159	89.4
3160	17.2
3161	72.4
3162	104.2
3163	37.1
3164	21
3165	12.2
3166	107.1
3167	9.9
3168	113.7
3169	26.4
3170	99.4
3171	25
3172	113.3
3173	29.8
3174	7.8
3175	95.9
3176	21.4
3177	32.9
3178	32.4
3179	28.1
3180	19.6
3181	7.8
3182	99.5
3183	98.2
3184	90.6
3185	84.2
3186	76.5
3187	98.9
3188	5.9
3189	74.8
3190	20.9
3191	21.9
3192	11.1
3193	42
3194	99.9
3195	106.1
3196	20.1
3197	9.7
3198	8
3199	93.4
3200	24.6
3201	25
3202	109.3
3203	98.7
3204	15.3
3205	79.4
3206	26.2
3207	47.5
3208	24.1
3209	44.1
3210	93.5
3211	98.7
3212	97.9
3213	25.2
3214	22.1
3215	23
3216	30
3217	34
3218	81
3219	79.4
3220	11.8
3221	27.5
3222	93.5
3223	20.1
3224	99.2
3225	26.2
3226	90.9
3227	31.3
3228	38.1
3229	43
3230	23.1
3231	41.5
3232	25.4
3233	27.5
3234	87.5
3235	97.9
3236	93.4
3237	22.5
3238	82.5
3239	42.2
3240	32
3241	59.9
3242	47.1
3243	80.2
3244	45.4
3245	30.6
3246	34.8
3247	42.5
3248	24.9
3249	25.1
3250	28.3
3251	95.3
3252	106.8
3253	42.4
3254	78.6
3255	24.6
3256	28.1
3257	88.1
3258	47.7
3259	65.6
3260	25.6
3261	45.2
3262	78.9
3263	26.4
3264	23.5
3265	28.7
3266	44.2
3267	63.9
3268	80.3
3269	100
3270	40.9
3271	22.2
3272	94.9
3273	22.1
3274	99.9
3275	48.6
3276	44.4
3277	39.1
3278	76.5
3279	28.3
3280	30
3281	35.7
3282	21.4
3283	69.6
3284	43
3285	21.5
3286	93.2
3287	33.7
3288	49.3
3289	39.8
3290	26.4
3291	86.6
3292	21.1
3293	51
3294	54.9
3295	30.2
3296	19.8
3297	22.9
3298	57.1
3299	31.7
3300	65.2
3301	44
3302	32.3
3303	88.3
3304	53.7
3305	63.2
3306	43.8
3307	28.7
3308	90.6
3309	45
3310	46.1
3311	16.9
3312	49.4
3313	41.3
3314	19.5
3315	40.3
3316	81.3
3317	23.2
3318	51.8
3319	17.4
3320	35.1
3321	46.9
3322	18.7
3323	44.7
3324	42.1
3325	45.1
3326	45.1
3327	14.3
3328	25.2
3329	36.2
3330	56.3
3331	31.7
3332	31.1
3333	42.8
3334	15.3
3335	72.7
3336	45.8
3337	13.3
3338	31
3339	19.1
3340	22.5
3341	64.8
3342	44.5
3343	26.3
3344	41.3
3345	13.8
3346	23.9
3347	44
3348	15.2
3349	42.3
3350	54.4
3351	25.2
3352	49.6
3353	32.1
3354	45.3
3355	35.3
3356	36.7
3357	43
3358	22.5
3359	32.8
3360	48.1
3361	37.5
3362	41.3
3363	52.4
3364	40.3
3365	29.3
3366	32.1
3367	35
3368	22.5
3369	23.9
3370	39.9
3371	34.9
3372	27.1
3373	33.3
3374	32.3
3375	42.4
3376	31.2
3377	40.4
3378	41
3379	43
3380	33
3381	35.6
3382	39.6
3383	34.7
3384	33.4
3385	35.2
3386	35
3387	43.7
3388	38
3389	35.1
3390	35.8
3391	35.2
3392	36.6
3393	42.8
3394	37.7
3395	33.6
3396	35.2
3397	35.8
3398	27.7
3399	23.5
3400	82.4
3401	82.3
3402	80.3
3403	90.2
3404	78.5
3405	78.2
3406	77.3
3407	92.2
3408	82
3409	94.6
3410	22.5
3411	25
3412	77.9
3413	89.4
3414	78.8
3415	91.6
3416	104.8
3417	94.2
3418	93.2
3419	97.1
3420	94.7
3421	97.6
3422	92.5
3423	88.3
3424	85.1
3425	88.8
3426	102.1
3427	100.5
3428	45.5
3429	90.4
3430	43.7
3431	101.5
3432	93.1
3433	98.8
3434	88.6
3435	95.6
3436	100.6
3437	95.7
3438	90.6
3439	90.6
3440	82.8
3441	93.9
3442	116.9
3443	95.5
3444	72.6
3445	87.7
3446	91.7
3447	98.8
3448	109.9
3449	98.4
3450	90.2
3451	89
3452	101
3453	75.3
3454	98
3455	107.1
3456	75.4
3457	107.7
3458	99.1
3459	94.5
3460	93.2
3461	90.1
3462	102.3
3463	102.3
3464	91.4
3465	96
3466	61.4
3467	96.3
3468	99.7
3469	65.7
3470	94
3471	104.6
3472	51.2
3473	111.9
3474	95.2
3475	100.8
3476	100.9
3477	95.7
3478	92.8
3479	99
3480	91.6
3481	105.8
3482	46.3
3483	89.4
3484	95.3
3485	72.7
3486	98.1
3487	1.1
3488	38.2
3489	105
3490	101.3
3491	93.4
3492	84.7
3493	63
3494	87.3
3495	98.1
3496	32
3497	65.7
3498	57.6
3499	99.4
3500	73.8
3501	19.1
3502	15
3503	73.8
3504	75
3505	86.4
3506	95.4
3507	73.8
3508	99.4
3509	29.4
3510	91.9
3511	98.7
3512	98.6
3513	50.1
3514	95.7
3515	103.4
3516	94.5
3517	89.7
3518	89.8
3519	95.1
3520	92.6
3521	99.7
3522	97.1
3523	96.2
3524	95.6
3525	91.8
3526	33
3527	90.4
3528	93.9
3529	84
3530	83.4
3531	99.2
3532	44.6
3533	97.1
3534	93.4
3535	87.4
3536	55.5
3537	32.6
3538	81.6
3539	67.8
3540	87.8
3541	74.5
3542	68.2
3543	80.3
3544	78.5
3545	80.7
3546	77.1
3547	58
3548	65.4
3549	85.7
3550	81.5
3551	87.3
3552	64.9
3553	69.8
3554	90.6
3555	81.7
3556	89
3557	32.5
3558	82.7
3559	25.8
3560	70
3561	64.3
3562	53.2
3563	91.2
3564	60.1
3565	57.5
3566	56.2
3567	91.9
3568	95.9
3569	112.3
3570	96
3571	98.6
3572	49.8
3573	101.8
3574	55.6
3575	60.6
3576	111
3577	102.8
3578	68.4
3579	32.4
3580	29.4
3581	21.9
3582	85.9
3583	27.8
3584	103.7
3585	27.5
3586	102.1
3587	25.4
3588	49
3589	22.9
3590	28.6
3591	61
3592	38.1
3593	41.6
3594	36.1
