"COMID"	"Value"
1	35.9
2	12
3	53.6
4	41.7
5	27.3
6	10.5
7	103.8
8	24.3
9	1.7
10	3.1
11	49.1
12	1.1
13	63
14	56
15	29.4
16	41.7
17	34.6
18	107.3
19	70.2
20	42.6
21	42.4
22	56.4
23	0.4
24	0.6
25	38.3
26	24.7
27	25.6
28	36.1
29	37.4
30	17.1
31	39.5
32	30.8
33	57.5
34	0.4
35	35.2
36	2.4
37	48.3
38	3.1
39	0.9
40	8.6
41	52.2
42	28.4
43	5.7
44	34
45	16.3
46	64.4
47	103.2
48	55.6
49	31.9
50	9.5
51	0.6
52	81.1
53	3.4
54	52.2
55	46.3
56	39.8
57	4.8
58	0.5
59	23.1
60	0.3
61	1.1
62	1.8
63	64.7
64	21.7
65	0.5
66	39.9
67	45.6
68	111.2
69	12.8
70	4.5
71	10
72	43.4
73	0.3
74	107.7
75	6.7
76	6.2
77	43.1
78	10.5
79	40
80	3.3
81	23.7
82	29.6
83	39.6
84	2.1
85	38.3
86	105.4
87	0.2
88	0.2
89	5.8
90	26.6
91	17.5
92	41.8
93	36.2
94	2
95	104.4
96	2
97	41.1
98	1
99	9.8
100	43.7
101	57.7
102	35.9
103	0.2
104	31.9
105	6
106	43.2
107	10.4
108	1.6
109	3
110	1.3
111	6.9
112	40.5
113	1.8
114	39.7
115	26.2
116	103.1
117	35.5
118	31.4
119	17.3
120	16.7
121	69.4
122	35.2
123	8.5
124	31.2
125	102.2
126	44.1
127	18.5
128	40
129	0.1
130	8.9
131	86.3
132	1.8
133	34.5
134	31.5
135	33.3
136	102.3
137	41.1
138	0.9
139	0.7
140	35.2
141	28.5
142	2.9
143	11.5
144	23.9
145	1.7
146	30.2
147	62.6
148	41
149	36.5
150	42.6
151	36.8
152	31.6
153	0.7
154	32.5
155	8.4
156	10.1
157	42.6
158	1.5
159	89.9
160	44.7
161	9.4
162	1.8
163	80.2
164	6.6
165	9.1
166	1.6
167	34.6
168	19.8
169	36.5
170	39.6
171	96.5
172	5.4
173	12
174	1.1
175	86.6
176	50.1
177	95.9
178	28.9
179	31.5
180	1.3
181	2.8
182	24.9
183	11.6
184	1.5
185	1.8
186	27.1
187	22.6
188	1.5
189	1.3
190	28.3
191	1.2
192	32.6
193	4.7
194	42.1
195	19.5
196	1.5
197	98.6
198	1.3
199	31.6
200	1.4
201	1.2
202	2.8
203	1.6
204	1.4
205	2.5
206	40.4
207	15.9
208	39.5
209	31.8
210	95.4
211	63.7
212	37.7
213	32.1
214	1.6
215	34.8
216	24.4
217	89.1
218	6.5
219	9.4
220	1.7
221	26.9
222	34.5
223	36.1
224	1.6
225	13.2
226	30.6
227	7.4
228	33.2
229	1
230	12.5
231	95.7
232	25.6
233	33.3
234	36.1
235	5.4
236	30.6
237	89.8
238	11.8
239	27.9
240	99.3
241	29.8
242	0.7
243	9.5
244	31.5
245	30.9
246	33.4
247	3.6
248	2
249	0.6
250	33.1
251	28.2
252	55.7
253	25.2
254	1.1
255	0.4
256	15
257	0.4
258	27.9
259	3.9
260	1.5
261	29.6
262	29.6
263	6.9
264	0.2
265	0.3
266	24.9
267	33.7
268	48.1
269	35.8
270	0.1
271	99.1
272	30.8
273	31.8
274	10.9
275	26.9
276	33.2
277	0.6
278	30.8
279	0.2
280	23.6
281	30.5
282	29.4
283	0.4
284	14.4
285	0.7
286	28
287	56.3
288	8.7
289	1.7
290	0.1
291	39.7
292	9.5
293	11.5
294	53.6
295	0.1
296	22.8
297	31.5
298	0
299	85
300	35.1
301	0.2
302	36.8
303	21.9
304	7
305	27
306	11.5
307	30.9
308	97.4
309	2.1
310	17
311	31.7
312	23
313	22.3
314	6.4
315	0.7
316	0.9
317	12.9
318	13.3
319	23.7
320	27.1
321	0.1
322	18.2
323	28.7
324	2.6
325	28.8
326	50.8
327	2.4
328	2.3
329	0.1
330	0.3
331	1
332	0.1
333	0.5
334	1
335	73.5
336	0.4
337	38.5
338	0.4
339	3.6
340	1.7
341	0.4
342	10.8
343	0.7
344	13.2
345	3.8
346	43.7
347	0.7
348	12
349	6.8
350	0.6
351	0.7
352	0.6
353	94.7
354	4.1
355	22.3
356	0.7
357	20.8
358	3.5
359	12.2
360	3
361	0.9
362	2.9
363	2.3
364	11.6
365	84
366	13.5
367	9.2
368	56.8
369	5.6
370	90.8
371	11.9
372	0.9
373	16.4
374	9.4
375	55.5
376	1.1
377	92.1
378	16.7
379	11.1
380	94.4
381	4.4
382	9.6
383	107.5
384	24.6
385	23.9
386	6.4
387	55.6
388	89
389	86.9
390	53.2
391	1.8
392	89.3
393	14.7
394	3.4
395	11.1
396	41.3
397	18.2
398	0.4
399	79.1
400	0.9
401	85.6
402	15.4
403	9.2
404	7.5
405	8.3
406	57.7
407	63
408	7.2
409	12.1
410	74.7
411	83.4
412	2.2
413	58.1
414	0.9
415	34
416	4.3
417	11.8
418	10.4
419	29.7
420	8
421	50.6
422	37.7
423	52.9
424	54.6
425	66.8
426	17.7
427	48.1
428	54.1
429	87.1
430	44.6
431	35.3
432	7.5
433	69.4
434	12.3
435	1.8
436	60.9
437	84.1
438	81.9
439	14.4
440	89.7
441	36.9
442	1.4
443	50.9
444	9.6
445	74.8
446	0.9
447	80.3
448	81.1
449	0.3
450	33.9
451	17.9
452	43.4
453	19.3
454	0.9
455	18
456	1.2
457	97.6
458	40.6
459	27.6
460	10.1
461	59.8
462	78.4
463	5.3
464	3.7
465	40.9
466	30.4
467	35.9
468	1.7
469	14.9
470	1.6
471	5.9
472	82.4
473	19.8
474	1.4
475	6.2
476	0.2
477	80.5
478	0.4
479	19
480	78.1
481	11.1
482	6.8
483	73.6
484	1.3
485	7.6
486	40.8
487	22.6
488	53.6
489	7.9
490	54
491	34
492	63.2
493	13.6
494	60.1
495	48
496	3.3
497	63.5
498	19
499	10.9
500	66.5
501	34.2
502	60.3
503	0.4
504	1.5
505	58.5
506	67.9
507	70.2
508	54.6
509	68.2
510	36.8
511	45.8
512	56.1
513	1.5
514	55.5
515	5.1
516	4.5
517	72.8
518	7.6
519	17.3
520	54.7
521	30.5
522	1.4
523	1.4
524	79
525	24.7
526	16.1
527	26.6
528	0.6
529	4.9
530	78.1
531	58.6
532	85.7
533	27.2
534	4.5
535	86.1
536	71
537	28.8
538	10.8
539	1
540	1
541	61.5
542	54.9
543	6.8
544	5
545	34.8
546	69.6
547	1.1
548	28.3
549	39.5
550	0.5
551	51.7
552	1.1
553	95.8
554	1.9
555	0.8
556	1.1
557	16.9
558	26.4
559	52
560	57.3
561	110.8
562	60.6
563	3.4
564	28
565	57.1
566	57.8
567	1.2
568	59.3
569	31.7
570	1.2
571	114
572	45
573	13.8
574	1.1
575	1
576	22.1
577	9.7
578	56
579	58.5
580	45.6
581	8.6
582	1.1
583	0.6
584	0.7
585	22.9
586	1.1
587	45.6
588	1.1
589	76.9
590	1.8
591	1.1
592	64.8
593	40.4
594	32.3
595	1.1
596	0.8
597	1
598	3.4
599	46.3
600	23.3
601	5
602	1.3
603	93.1
604	1.1
605	4
606	1.1
607	1.1
608	11.4
609	10.8
610	0.9
611	75.2
612	10.6
613	0.4
614	43
615	57.2
616	6.6
617	106.7
618	81.7
619	44
620	24.5
621	1.1
622	50.9
623	54.4
624	46.4
625	1.1
626	2.2
627	47.7
628	3.7
629	32.7
630	66.6
631	1
632	86.9
633	55
634	0.6
635	47.6
636	31.6
637	30.1
638	1.1
639	97.2
640	71.8
641	66.5
642	4.4
643	49
644	13.9
645	87.8
646	61.7
647	1.1
648	94
649	44.8
650	1.3
651	72.2
652	3.3
653	0.5
654	1.3
655	1.3
656	4.6
657	53.7
658	105.9
659	49.8
660	26.1
661	103.8
662	45.9
663	48.9
664	1
665	1
666	1.1
667	109.6
668	90.2
669	111.6
670	1.2
671	1.2
672	1.2
673	48.9
674	86.3
675	60.7
676	41
677	70.7
678	18.4
679	1.9
680	28.2
681	60
682	43.8
683	105.2
684	42.4
685	1.2
686	70.1
687	2.2
688	56.7
689	1.2
690	58.8
691	106.6
692	76.6
693	13.8
694	80.2
695	108.6
696	61.7
697	1.6
698	46.7
699	39.4
700	58.1
701	103.9
702	63.6
703	55
704	34.2
705	35
706	12
707	66.9
708	56.9
709	35.8
710	43.8
711	49.6
712	46.1
713	40.5
714	5.3
715	35.7
716	10.7
717	97.8
718	60.5
719	35.8
720	49.9
721	1.2
722	31.1
723	60.2
724	47.9
725	1.2
726	3.9
727	89.1
728	37.6
729	101.1
730	41.7
731	15.3
732	78
733	33.2
734	47.7
735	58.6
736	10.9
737	40.5
738	42.2
739	45.4
740	48.8
741	33.5
742	77.9
743	44.7
744	34.2
745	2.3
746	47.1
747	49.6
748	0.4
749	51.7
750	3.3
751	30.8
752	34.8
753	55.1
754	58.7
755	47.3
756	42.5
757	114.2
758	52.2
759	1.1
760	35.9
761	0.9
762	33.2
763	36.9
764	66.4
765	48.4
766	37.6
767	53.2
768	66.4
769	59.1
770	61.8
771	38.6
772	56.7
773	20.4
774	19.9
775	98.8
776	7.4
777	23.7
778	43.8
779	24.1
780	61
781	36.8
782	104.8
783	117.8
784	105.6
785	113.7
786	117
787	109
788	92.1
789	92.9
790	117.4
791	115
792	114.8
793	111
794	111.7
795	106.4
796	109.9
797	109
798	115.4
799	112.3
800	114.5
801	107.7
802	105.7
803	114.2
804	88.8
805	110.7
806	109.6
807	81.8
808	107.2
809	108.2
810	110.4
811	115.2
812	111.6
813	110.7
814	108.3
815	112
816	111.5
817	89.1
818	111.7
819	110.5
820	113
821	102.2
822	107.4
823	112.1
824	110.1
825	101.3
826	105
827	108.9
828	107.7
829	103.9
830	107.6
831	95.2
832	107.9
833	99.4
834	96.7
835	107.2
836	107
837	72.6
838	105.3
839	100.7
840	105.1
841	105.7
842	94.2
843	45.1
844	93.8
845	100
846	107.2
847	104.7
848	103.7
849	100.4
850	103.7
851	102.2
852	87
853	107.3
854	106.9
855	105
856	100.2
857	102.4
858	103.3
859	93.5
860	91.7
861	101.5
862	22.9
863	104.7
864	97.5
865	100
866	93.7
867	83.3
868	99.6
869	104.4
870	66
871	96.2
872	96.5
873	28.9
874	106.6
875	97.7
876	104.7
877	105.8
878	103.5
879	104.7
880	98.4
881	101.6
882	99.2
883	78.9
884	105.7
885	103.4
886	16.5
887	91.7
888	96.3
889	106.3
890	105.2
891	107.5
892	94.3
893	102.8
894	19
895	107.5
896	101.6
897	106.2
898	99.7
899	104
900	104
901	99.1
902	101.7
903	103.4
904	105.5
905	99.2
906	98.6
907	97.2
908	93.7
909	104.3
910	28.5
911	103.9
912	102.3
913	96.2
914	98.4
915	36.3
916	97.8
917	108.4
918	97.6
919	96.9
920	105.2
921	81.6
922	96.5
923	49.1
924	98.4
925	108.7
926	102.8
927	105.2
928	110
929	93.8
930	95.2
931	104.5
932	116.5
933	104.3
934	33.7
935	106.7
936	102.9
937	105
938	108.9
939	107.3
940	96.2
941	95.2
942	99.1
943	28.6
944	108.5
945	97.8
946	105.6
947	33.7
948	99.9
949	101.3
950	103.6
951	104
952	96.2
953	114.7
954	115.3
955	98.6
956	103
957	96.1
958	114.5
959	94
960	101.3
961	102.8
962	99.2
963	100.4
964	20
965	99.5
966	103.4
967	20.3
968	94
969	97.7
970	64.8
971	103.9
972	97.7
973	97.1
974	95.6
975	105.8
976	112.8
977	109
978	115.2
979	101.4
980	110.4
981	96.9
982	103
983	100.9
984	110
985	108.4
986	106.1
987	115.9
988	108.7
989	105.5
990	37.9
991	98.7
992	81.4
993	111
994	100.8
995	107.1
996	103.7
997	107.8
998	117.1
999	101.2
1000	17.6
1001	117.1
1002	107.6
1003	37.2
1004	102
1005	115.8
1006	103.7
1007	20.6
1008	118.3
1009	69.7
1010	101.5
1011	102.9
1012	102.1
1013	116.9
1014	107.5
1015	116.7
1016	24.5
1017	107.2
1018	116.3
1019	116.9
1020	103.8
1021	103.8
1022	101.3
1023	102.2
1024	107.4
1025	105.3
1026	103.4
1027	99.9
1028	99.7
1029	115.5
1030	107.2
1031	22.9
1032	34.7
1033	113.6
1034	99
1035	100.1
1036	97.5
1037	101.5
1038	99.1
1039	111.5
1040	114.4
1041	105.9
1042	112.7
1043	24.9
1044	104
1045	111.4
1046	114.5
1047	105.5
1048	100.9
1049	101.4
1050	21.9
1051	98
1052	99.3
1053	112.4
1054	95
1055	99.4
1056	99
1057	106.2
1058	100.4
1059	114.1
1060	100.4
1061	24.1
1062	105.3
1063	105.3
1064	106.8
1065	104.8
1066	101.6
1067	111.6
1068	111.2
1069	107.1
1070	101.3
1071	97.5
1072	110
1073	108.7
1074	102
1075	77.6
1076	101.8
1077	108
1078	103.2
1079	97.5
1080	112.6
1081	108.8
1082	101.8
1083	109.5
1084	97.7
1085	100.2
1086	101.3
1087	22.9
1088	109.3
1089	108.6
1090	94.1
1091	106
1092	105.5
1093	110.6
1094	104.6
1095	114.1
1096	117.2
1097	106.4
1098	117.6
1099	75.8
1100	22.8
1101	103.8
1102	98.7
1103	109.4
1104	109.8
1105	115.8
1106	108.1
1107	110.3
1108	109.5
1109	94.6
1110	105
1111	108.7
1112	102.6
1113	104.5
1114	94.1
1115	106.6
1116	109.1
1117	102.2
1118	108.1
1119	107.8
1120	110
1121	109.2
1122	114.4
1123	115.7
1124	94.2
1125	107.8
1126	105.4
1127	109
1128	101.9
1129	101.2
1130	109.1
1131	107
1132	103
1133	102.7
1134	106.2
1135	95.2
1136	106.1
1137	105.5
1138	105.9
1139	110.7
1140	97.4
1141	110.2
1142	106.8
1143	102
1144	114.8
1145	110.1
1146	108
1147	108.7
1148	99.6
1149	106.2
1150	110.4
1151	110.7
1152	100.2
1153	101.6
1154	19.6
1155	96.8
1156	100.4
1157	107.4
1158	102.3
1159	82.4
1160	109.6
1161	106.1
1162	111.7
1163	108.9
1164	103.8
1165	96
1166	102.5
1167	96.6
1168	101.4
1169	99
1170	103.6
1171	111.6
1172	94.1
1173	112
1174	99.8
1175	104.9
1176	69.4
1177	98.7
1178	104.8
1179	103.6
1180	104.7
1181	111.4
1182	112
1183	105
1184	95.7
1185	103.3
1186	98.7
1187	107.9
1188	110.5
1189	113
1190	107.6
1191	103.2
1192	110.5
1193	96.5
1194	112.2
1195	106.9
1196	109.5
1197	97.4
1198	107.1
1199	103.3
1200	27.9
1201	110
1202	107.8
1203	95.6
1204	111.2
1205	113.4
1206	104.2
1207	105.2
1208	111.8
1209	110.6
1210	97
1211	96.8
1212	98.4
1213	87
1214	99.7
1215	113.7
1216	100.7
1217	101.2
1218	108.5
1219	110.5
1220	98.6
1221	110.5
1222	112.5
1223	115.5
1224	110.2
1225	105.6
1226	95.1
1227	99.9
1228	106.3
1229	114.5
1230	97
1231	107.6
1232	100.3
1233	114.6
1234	107.8
1235	114.8
1236	108.5
1237	98.1
1238	96
1239	103.8
1240	111.7
1241	100.3
1242	99.3
1243	110.7
1244	111
1245	102
1246	96.5
1247	82.3
1248	41.3
1249	102.7
1250	104.1
1251	106.1
1252	97.7
1253	116.4
1254	108.5
1255	98.9
1256	104.9
1257	117.4
1258	117.5
1259	107
1260	109
1261	104.2
1262	114.2
1263	113.8
1264	115.8
1265	99.6
1266	91
1267	100.7
1268	103.5
1269	45
1270	98.1
1271	116
1272	111
1273	116.9
1274	95.8
1275	110.1
1276	104.7
1277	97.5
1278	103.5
1279	34.1
1280	104
1281	113.3
1282	108
1283	108.3
1284	50.6
1285	116.8
1286	107.8
1287	110.5
1288	112.1
1289	101.1
1290	114.1
1291	112.6
1292	114.8
1293	27.4
1294	113.9
1295	100.5
1296	114.9
1297	55.8
1298	94.2
1299	112.8
1300	115.3
1301	100.4
1302	112.7
1303	115.8
1304	53.4
1305	110.5
1306	99.6
1307	100
1308	115.6
1309	100.9
1310	97
1311	100.3
1312	102.1
1313	111.4
1314	100.8
1315	104.4
1316	109.1
1317	105.6
1318	116.7
1319	107.1
1320	111.3
1321	114.6
1322	104
1323	105.9
1324	118.2
1325	101.3
1326	113.2
1327	115.3
1328	96.4
1329	50.7
1330	112.3
1331	102
1332	26.9
1333	80.5
1334	98
1335	106.5
1336	106.1
1337	111.7
1338	112.8
1339	111.3
1340	116.8
1341	98.6
1342	99.3
1343	104.5
1344	109.8
1345	113.1
1346	111.1
1347	108.8
1348	103.3
1349	112.4
1350	99.7
1351	105
1352	50.6
1353	99
1354	114.1
1355	111
1356	43.1
1357	89.8
1358	112.1
1359	115.7
1360	113
1361	113.2
1362	100.5
1363	108
1364	106.4
1365	110.4
1366	112.4
1367	110.3
1368	103.9
1369	114.7
1370	109
1371	110.6
1372	121.3
1373	100.4
1374	104.7
1375	102.3
1376	46.5
1377	120.8
1378	115.7
1379	115.4
1380	109.2
1381	109.5
1382	107.4
1383	112.7
1384	122.4
1385	43.4
1386	106.9
1387	112
1388	114.6
1389	115.6
1390	106.2
1391	118.3
1392	109.6
1393	117.5
1394	105
1395	111.4
1396	108.5
1397	110.1
1398	107.4
1399	103.1
1400	84.4
1401	112
1402	109.9
1403	101.2
1404	117.5
1405	106.3
1406	110.7
1407	104.6
1408	110.6
1409	97.3
1410	107.5
1411	99.2
1412	105.7
1413	103
1414	120.3
1415	98.3
1416	109.1
1417	112.8
1418	102.7
1419	117.6
1420	120.1
1421	116.2
1422	106.7
1423	67.1
1424	110.9
1425	107.9
1426	97.2
1427	119.7
1428	116.1
1429	116.3
1430	106.8
1431	107.5
1432	117.3
1433	108.5
1434	107.3
1435	106.1
1436	104.8
1437	116
1438	111.9
1439	120.9
1440	106
1441	106.6
1442	102.8
1443	89.5
1444	114.8
1445	106.8
1446	102.4
1447	106.9
1448	105.7
1449	106
1450	109.6
1451	103.8
1452	104.4
1453	105.4
1454	66.4
1455	110.2
1456	104.3
1457	109.1
1458	108.3
1459	120.7
1460	115
1461	104.9
1462	104.4
1463	118.2
1464	119.6
1465	118.9
1466	111.5
1467	109.2
1468	108.8
1469	107.7
1470	98.7
1471	107.9
1472	104.9
1473	113.8
1474	112
1475	106.2
1476	106.6
1477	109.9
1478	102.3
1479	110.3
1480	109.2
1481	105
1482	106
1483	118.2
1484	110
1485	66.5
1486	116.2
1487	119.8
1488	107.8
1489	106.2
1490	106.2
1491	87.3
1492	106.2
1493	106.7
1494	108.4
1495	114.1
1496	105
1497	104.2
1498	113.2
1499	107.2
1500	117.9
1501	107.3
1502	108.9
1503	109
1504	114.7
1505	104.9
1506	101
1507	109.5
1508	110.8
1509	68.9
1510	111.4
1511	112.9
1512	106.3
1513	104.8
1514	109
1515	118.5
1516	108
1517	107.4
1518	110.7
1519	109.9
1520	113.6
1521	117.5
1522	114.5
1523	110.3
1524	113.8
1525	115.5
1526	110.2
1527	106.1
1528	107.3
1529	110.9
1530	106.2
1531	111.5
1532	110.4
1533	113.6
1534	105.6
1535	50.2
1536	105
1537	116.4
1538	61.4
1539	111.5
1540	115.6
1541	114.1
1542	114.6
1543	108.5
1544	109.6
1545	99
1546	56.9
1547	93.9
1548	104
1549	107.8
1550	111.4
1551	113.9
1552	103.9
1553	105.7
1554	82.8
1555	106.9
1556	111
1557	112.1
1558	103.8
1559	107.1
1560	120
1561	107.9
1562	115.4
1563	114.4
1564	103.3
1565	90.3
1566	113.1
1567	113.6
1568	108.6
1569	104.5
1570	104.6
1571	106.2
1572	107.3
1573	103.6
1574	112.6
1575	101.2
1576	108.6
1577	104.6
1578	116.4
1579	116.4
1580	105.7
1581	108.1
1582	107.5
1583	106.9
1584	57.2
1585	104.6
1586	104.8
1587	113.6
1588	109.9
1589	111.6
1590	107.8
1591	112.3
1592	111.4
1593	114.3
1594	107.1
1595	109.1
1596	104.3
1597	110.1
1598	109.7
1599	109.3
1600	112.3
1601	75.9
1602	104.7
1603	113.4
1604	104.1
1605	117.8
1606	110.1
1607	108.5
1608	113
1609	111.4
1610	110.4
1611	114.9
1612	109.9
1613	108.7
1614	108.9
1615	107.6
1616	101.2
1617	105.7
1618	100.4
1619	121.2
1620	105.8
1621	109.5
1622	113.7
1623	112.4
1624	104.6
1625	97.6
1626	109.6
1627	114.2
1628	98
1629	110.3
1630	116
1631	82.8
1632	106.4
1633	106.2
1634	105.9
1635	105.5
1636	107.6
1637	109.4
1638	93.9
1639	107.3
1640	110.3
1641	102.7
1642	106.7
1643	100.9
1644	109.8
1645	106.5
1646	104.5
1647	106.9
1648	108
1649	111.5
1650	108
1651	111.2
1652	103.5
1653	107.9
1654	107.3
1655	115.1
1656	117.1
1657	106.3
1658	111
1659	107.3
1660	103.2
1661	120.1
1662	116.7
1663	101.1
1664	108.2
1665	105.7
1666	115
1667	113.6
1668	106.5
1669	104.3
1670	120.8
1671	115.2
1672	106
1673	108.6
1674	108.1
1675	103.2
1676	110
1677	119.1
1678	107.6
1679	110.7
1680	118.2
1681	105.7
1682	105.7
1683	101.2
1684	101.3
1685	99.6
1686	79
1687	107.5
1688	103.9
1689	110
1690	112.8
1691	122.7
1692	108.3
1693	119
1694	107.1
1695	110.7
1696	118.7
1697	118.1
1698	108.2
1699	109.2
1700	89.9
1701	108.7
1702	114.3
1703	109
1704	117.4
1705	106.4
1706	107.1
1707	105.7
1708	104.8
1709	99.4
1710	111.2
1711	107
1712	112.9
1713	105.9
1714	105.8
1715	112.4
1716	101.9
1717	105
1718	120.9
1719	81.5
1720	112
1721	110.8
1722	102.1
1723	105.4
1724	100.8
1725	115.3
1726	105.9
1727	116.6
1728	107.4
1729	119.6
1730	105.4
1731	111.4
1732	100.7
1733	106
1734	120.2
1735	113
1736	106.8
1737	102.5
1738	101.7
1739	101.9
1740	119.4
1741	120.6
1742	109
1743	101
1744	109.6
1745	105.5
1746	111.8
1747	105.8
1748	110.3
1749	84.8
1750	74.9
1751	109.1
1752	105
1753	105.4
1754	114.2
1755	106.8
1756	103.4
1757	113.9
1758	112.2
1759	103.8
1760	105
1761	109.5
1762	91.1
1763	107.2
1764	107.5
1765	108.7
1766	103.5
1767	106.8
1768	118
1769	109
1770	114.2
1771	96.6
1772	119.8
1773	106
1774	100.9
1775	79.7
1776	100.7
1777	103.1
1778	102.3
1779	107.4
1780	106.3
1781	106.7
1782	106.8
1783	104.8
1784	102.3
1785	102.3
1786	112.2
1787	114.7
1788	117.8
1789	102.8
1790	102.5
1791	84.3
1792	103.9
1793	105.5
1794	77.7
1795	102.2
1796	112.4
1797	116.2
1798	102.8
1799	113.4
1800	100.9
1801	114
1802	104.8
1803	117.4
1804	103.1
1805	104.3
1806	118.8
1807	107.9
1808	101.7
1809	110.7
1810	122.4
1811	107.4
1812	108.4
1813	120.3
1814	98.8
1815	104.8
1816	106.8
1817	104.3
1818	102.3
1819	119.9
1820	122.5
1821	105.8
1822	106.2
1823	111.8
1824	112.3
1825	119.7
1826	106.7
1827	106.1
1828	108
1829	104.9
1830	117.3
1831	100
1832	115.1
1833	94.8
1834	115.5
1835	109
1836	114.7
1837	79
1838	114.1
1839	120.5
1840	102.8
1841	91.9
1842	98.5
1843	125.8
1844	108.6
1845	105.4
1846	76.6
1847	94.7
1848	116.4
1849	120.3
1850	115.8
1851	99.8
1852	109.1
1853	110.7
1854	105.9
1855	108.5
1856	93.3
1857	111.9
1858	105.1
1859	106.4
1860	93.3
1861	111.1
1862	96.4
1863	107.6
1864	102
1865	104.4
1866	121.6
1867	111.9
1868	106.2
1869	102.6
1870	67.2
1871	108.2
1872	97
1873	100.6
1874	121.8
1875	109.6
1876	101.5
1877	109.9
1878	103.8
1879	120.1
1880	114.9
1881	110.6
1882	112.4
1883	121.8
1884	109.2
1885	108.4
1886	95
1887	106.1
1888	109.7
1889	113.8
1890	112.7
1891	64.5
1892	110.6
1893	103.7
1894	106.1
1895	109.3
1896	104.4
1897	98.5
1898	118.4
1899	100.4
1900	112.5
1901	113.7
1902	101.5
1903	113.1
1904	103
1905	107.2
1906	105.2
1907	79.6
1908	85.7
1909	63.7
1910	55.7
1911	111.8
1912	106.9
1913	99.9
1914	107.1
1915	103.7
1916	103.8
1917	118.7
1918	76.8
1919	104.8
1920	108.1
1921	115.6
1922	106.1
1923	105.3
1924	101.9
1925	114.9
1926	104.3
1927	120.3
1928	105.6
1929	67.9
1930	109.8
1931	82.7
1932	82.1
1933	107.6
1934	97.9
1935	110.9
1936	118.3
1937	100.1
1938	99.1
1939	105.4
1940	106.3
1941	104.7
1942	92.7
1943	104.1
1944	115.2
1945	70.3
1946	107
1947	104.8
1948	64.1
1949	105.4
1950	1.1
1951	110.7
1952	61.5
1953	70.4
1954	105
1955	91.3
1956	113.5
1957	115.3
1958	111.9
1959	85.5
1960	108.4
1961	95
1962	102.8
1963	99.1
1964	103
1965	112.4
1966	1.1
1967	61.4
1968	98.5
1969	106
1970	118
1971	117.4
1972	105.6
1973	98.7
1974	116.5
1975	74.3
1976	86.5
1977	74.4
1978	114.8
1979	1.1
1980	109.8
1981	114.5
1982	1.1
1983	113.9
1984	111.1
1985	73.4
1986	93.6
1987	113.5
1988	64.9
1989	1.1
1990	1.1
1991	108
1992	111.3
1993	81.9
1994	119.7
1995	111.4
1996	100.1
1997	79.5
1998	116
1999	112.7
2000	88.9
2001	107.1
2002	92.9
2003	89.6
2004	100
2005	101.6
2006	91
2007	111.3
2008	94.2
2009	110.7
2010	77.5
2011	1.1
2012	100
2013	92
2014	1.1
2015	87.1
2016	103.2
2017	113.7
2018	95.6
2019	100.2
2020	106.8
2021	96.2
2022	100.2
2023	58.4
2024	1.1
2025	121.6
2026	98.8
2027	52.8
2028	116.2
2029	106.9
2030	110.4
2031	89.2
2032	73.1
2033	110.3
2034	112.5
2035	50.6
2036	1.1
2037	107.2
2038	1.1
2039	101.1
2040	105.5
2041	1.1
2042	65
2043	104.9
2044	112.7
2045	105.3
2046	102.9
2047	66
2048	106.1
2049	114.9
2050	111.8
2051	84.9
2052	108.3
2053	91.7
2054	59.4
2055	95.2
2056	108.3
2057	85
2058	1.1
2059	100.1
2060	96.3
2061	77.9
2062	118.8
2063	103.9
2064	83
2065	107.6
2066	106.4
2067	79.7
2068	107.5
2069	108.7
2070	97.1
2071	85.3
2072	109.4
2073	94.8
2074	107.7
2075	108.1
2076	1.1
2077	96.2
2078	106.9
2079	104.8
2080	103.6
2081	107.3
2082	107.1
2083	78.5
2084	104.2
2085	113.3
2086	77.5
2087	106.2
2088	114.7
2089	96.6
2090	110
2091	71
2092	101.6
2093	104.4
2094	106.5
2095	75.4
2096	100.6
2097	81.9
2098	83.2
2099	101.4
2100	101.9
2101	104.7
2102	103.3
2103	94.7
2104	80.2
2105	105.7
2106	106.4
2107	109.6
2108	91.3
2109	102.8
2110	106.3
2111	85.6
2112	1.1
2113	94.2
2114	104.9
2115	87.9
2116	86.8
2117	96.4
2118	95.4
2119	81.7
2120	98.7
2121	72.7
2122	100
2123	112.7
2124	88.9
2125	81.1
2126	106.2
2127	74.2
2128	101.7
2129	80.6
2130	112.5
2131	97.4
2132	103.3
2133	97.3
2134	104.4
2135	78.4
2136	99.9
2137	75.7
2138	90
2139	80.5
2140	81.8
2141	91.2
2142	80.8
2143	94.7
2144	102.7
2145	81.8
2146	71.6
2147	74.7
2148	102.8
2149	103.2
2150	89.3
2151	99
2152	102.8
2153	105.6
2154	102.7
2155	82.7
2156	88.2
2157	99.9
2158	72.2
2159	72.6
2160	108.9
2161	90.4
2162	109.4
2163	78
2164	99.2
2165	75.3
2166	84.4
2167	86.2
2168	108.4
2169	101.2
2170	91
2171	109.3
2172	92.7
2173	101.5
2174	91.4
2175	58.8
2176	98.3
2177	103.9
2178	96.5
2179	96.2
2180	75.1
2181	98.7
2182	104.8
2183	97.6
2184	87.7
2185	75.4
2186	48
2187	75.7
2188	80.3
2189	95
2190	83.5
2191	101.4
2192	81.7
2193	90.9
2194	99.6
2195	83.9
2196	87.9
2197	87.3
2198	79
2199	105.6
2200	89
2201	54.9
2202	91.8
2203	101.6
2204	83.2
2205	105.9
2206	82.1
2207	86.7
2208	79.9
2209	100.4
2210	102.2
2211	100.6
2212	67.5
2213	98.7
2214	91.9
2215	78.2
2216	82.6
2217	97.7
2218	87.5
2219	88.5
2220	86.1
2221	71.1
2222	100.4
2223	78.2
2224	100.8
2225	84.1
2226	87.7
2227	99.3
2228	96.2
2229	100.4
2230	65
2231	76.9
2232	92.1
2233	93.2
2234	85.2
2235	96.2
2236	93.6
2237	103.5
2238	102.9
2239	79
2240	97.6
2241	87.8
2242	100.4
2243	106.8
2244	100
2245	89.6
2246	77
2247	102.1
2248	99.9
2249	93.3
2250	80.8
2251	77
2252	100.3
2253	102
2254	74.8
2255	99
2256	79.6
2257	87.5
2258	87.5
2259	102.1
2260	100.3
2261	93.2
2262	89.6
2263	99.4
2264	95.4
2265	102.2
2266	95.8
2267	99.8
2268	92.9
2269	87.4
2270	106
2271	72.6
2272	92.7
2273	82.2
2274	100.4
2275	96.1
2276	86.7
2277	100.5
2278	106.3
2279	90.9
2280	99.8
2281	111.5
2282	97
2283	84.8
2284	107.5
2285	101.8
2286	96.6
2287	75.3
2288	76.6
2289	96
2290	97.5
2291	94.8
2292	103.8
2293	76.7
2294	90.7
2295	95.1
2296	102.9
2297	92.1
2298	94.7
2299	69.7
2300	98.5
2301	109.5
2302	104.5
2303	107
2304	104.9
2305	92.5
2306	99.7
2307	104.8
2308	103.2
2309	99.4
2310	97
2311	113
2312	110.4
2313	104.1
2314	105.5
2315	116.7
2316	96.8
2317	98.5
2318	89.3
2319	89.9
2320	101.2
2321	83.2
2322	109.1
2323	104.6
2324	99.8
2325	98.4
2326	99.2
2327	100.2
2328	87.2
2329	102.9
2330	111.3
2331	115.1
2332	86.1
2333	103.6
2334	79.5
2335	116.9
2336	99.1
2337	110.2
2338	99.8
2339	82.5
2340	103.8
2341	103.1
2342	112.7
2343	88.6
2344	105
2345	100.7
2346	104.1
2347	103.9
2348	105.2
2349	100.8
2350	106.7
2351	77
2352	107.3
2353	102.9
2354	108.8
2355	103.6
2356	108.9
2357	111.8
2358	76.7
2359	104.5
2360	108.7
2361	109.3
2362	92.6
2363	99
2364	82.3
2365	103.9
2366	110.2
2367	114.1
2368	103.5
2369	70.7
2370	104.6
2371	106.8
2372	100.8
2373	102
2374	70.2
2375	107.1
2376	114.4
2377	106.1
2378	105.5
2379	102.5
2380	101.3
2381	100.3
2382	94.1
2383	114.5
2384	113.5
2385	65.1
2386	103.7
2387	104.1
2388	104.9
2389	103.3
2390	73.1
2391	98.3
2392	103.7
2393	116.8
2394	106.3
2395	75.7
2396	100.3
2397	110.3
2398	62.1
2399	103.8
2400	111.6
2401	97
2402	104.9
2403	97
2404	63.9
2405	100.2
2406	95.5
2407	110.9
2408	100.7
2409	100.7
2410	104.5
2411	105.7
2412	108
2413	107.5
2414	68.6
2415	105.9
2416	95.9
2417	96.8
2418	96
2419	98
2420	103.1
2421	118.3
2422	84.5
2423	92.2
2424	102.4
2425	53.4
2426	111.1
2427	97.9
2428	99.1
2429	118.1
2430	112.9
2431	103.4
2432	100.1
2433	105.8
2434	63.7
2435	105.2
2436	97.3
2437	50.9
2438	101.4
2439	99
2440	101.8
2441	116.9
2442	92.1
2443	98.6
2444	108.5
2445	104.2
2446	60.1
2447	105.2
2448	117.1
2449	113.2
2450	110.8
2451	99.2
2452	99.4
2453	119.9
2454	107.3
2455	103.5
2456	104.8
2457	104.2
2458	98.8
2459	105.4
2460	51.8
2461	109
2462	93.4
2463	57.8
2464	117.5
2465	116.8
2466	108.7
2467	83.6
2468	98.8
2469	107.3
2470	111.9
2471	100.3
2472	107
2473	64.4
2474	95.5
2475	99.3
2476	118.4
2477	102.5
2478	99.9
2479	114.7
2480	102
2481	82.1
2482	46.9
2483	118.3
2484	105.2
2485	100.4
2486	98.3
2487	111.7
2488	98.2
2489	109.9
2490	106.6
2491	59.8
2492	104.4
2493	114.7
2494	100.4
2495	97.7
2496	54.1
2497	89.8
2498	98.3
2499	47.1
2500	106.1
2501	98.4
2502	100.9
2503	105.4
2504	89
2505	99
2506	95.4
2507	112.8
2508	97.5
2509	119.4
2510	95.8
2511	4.6
2512	97.1
2513	93.6
2514	97
2515	98.8
2516	102
2517	62
2518	76.3
2519	94.6
2520	106.2
2521	95.3
2522	4.6
2523	57.9
2524	109.8
2525	75.2
2526	95.3
2527	94.9
2528	91.1
2529	94
2530	90.6
2531	90.6
2532	90.3
2533	104.4
2534	87.6
2535	95.1
2536	106.3
2537	86.8
2538	4.6
2539	114.6
2540	103.8
2541	108.5
2542	97.4
2543	95.4
2544	91.9
2545	101.6
2546	98.2
2547	95.1
2548	103.5
2549	95
2550	109.1
2551	73.6
2552	114.9
2553	89.1
2554	106.5
2555	92.6
2556	97.2
2557	100.1
2558	93.2
2559	89.7
2560	4.6
2561	90.7
2562	112.8
2563	101.1
2564	105.2
2565	103.2
2566	64.1
2567	97.5
2568	4.6
2569	97.9
2570	80.1
2571	74.2
2572	102.6
2573	79.5
2574	96.9
2575	86.7
2576	93.2
2577	90.8
2578	96.6
2579	94.3
2580	102.7
2581	105.8
2582	112.3
2583	101.4
2584	105.4
2585	4.6
2586	110.7
2587	92.7
2588	95.6
2589	93.5
2590	95.6
2591	94.1
2592	88.9
2593	84
2594	68.5
2595	106.1
2596	4.6
2597	93
2598	109.2
2599	96.1
2600	91.3
2601	90.1
2602	105.2
2603	87.3
2604	112
2605	96.5
2606	103.3
2607	4.6
2608	81.8
2609	100.5
2610	68.9
2611	98.7
2612	87.1
2613	90.9
2614	106.4
2615	78.4
2616	98.8
2617	4.6
2618	99.4
2619	105
2620	106.5
2621	60.1
2622	93.4
2623	4.6
2624	86.6
2625	109
2626	50.9
2627	95.3
2628	75.1
2629	101.8
2630	90.2
2631	85.6
2632	4.6
2633	91.6
2634	93.1
2635	84.8
2636	99.4
2637	102.1
2638	101.7
2639	85.3
2640	82.6
2641	110
2642	4.6
2643	108.4
2644	102.7
2645	107.9
2646	82.1
2647	58.5
2648	94
2649	95.9
2650	4.6
2651	101.2
2652	99.5
2653	92.2
2654	104.7
2655	84.5
2656	97.5
2657	56.8
2658	86.2
2659	99.1
2660	4.6
2661	97.5
2662	102.6
2663	97.1
2664	85.6
2665	98.2
2666	108.8
2667	64.1
2668	102.8
2669	93
2670	100.5
2671	97.2
2672	93.5
2673	57.7
2674	52.5
2675	98.2
2676	40.5
2677	102.5
2678	100.7
2679	103.1
2680	104.7
2681	99.2
2682	98.8
2683	89.9
2684	86.7
2685	91.7
2686	98.9
2687	92.5
2688	94.7
2689	95.7
2690	97.8
2691	98.3
2692	32.2
2693	95.1
2694	101.5
2695	99.8
2696	92.5
2697	95.6
2698	100.5
2699	52.5
2700	89
2701	53
2702	96.4
2703	81.2
2704	54.1
2705	84.1
2706	107.4
2707	31
2708	96.1
2709	93
2710	95.7
2711	105.3
2712	88.1
2713	99.5
2714	97.2
2715	73.9
2716	92.6
2717	96.4
2718	75.6
2719	101.6
2720	98.1
2721	89.1
2722	97.8
2723	95.5
2724	51.7
2725	93.1
2726	95.5
2727	91.9
2728	76.9
2729	90.9
2730	99.7
2731	87.4
2732	103.6
2733	103.3
2734	101.1
2735	79.6
2736	36.1
2737	88.4
2738	87.1
2739	90.5
2740	97.4
2741	87.3
2742	90.3
2743	88.4
2744	79.2
2745	66.4
2746	40.7
2747	76.6
2748	93.9
2749	87.6
2750	100.6
2751	77.9
2752	90.3
2753	80.1
2754	104.9
2755	88.5
2756	82.4
2757	86.6
2758	87.8
2759	83.4
2760	86.8
2761	77.8
2762	81.7
2763	48.6
2764	102.7
2765	101.8
2766	101.6
2767	43.3
2768	87.9
2769	85.3
2770	83
2771	93.8
2772	89.8
2773	48.4
2774	81
2775	105.1
2776	85.4
2777	100.1
2778	105
2779	85.8
2780	35
2781	88.8
2782	70
2783	97.6
2784	100
2785	50.7
2786	54.8
2787	95.1
2788	83.2
2789	103.1
2790	93
2791	104.2
2792	106.7
2793	78.3
2794	85.1
2795	82.5
2796	86.8
2797	85.7
2798	103.3
2799	87.1
2800	106.5
2801	104.9
2802	92.3
2803	81.1
2804	41.8
2805	106.3
2806	87.7
2807	89.3
2808	105.3
2809	97.1
2810	39.4
2811	107.5
2812	82.9
2813	91.5
2814	92.1
2815	108.6
2816	80.9
2817	86.2
2818	74.6
2819	94.2
2820	98.1
2821	102
2822	84.3
2823	91.9
2824	39.3
2825	90.8
2826	46.4
2827	34
2828	85.3
2829	52.4
2830	90.8
2831	106.1
2832	105
2833	86.8
2834	83.9
2835	92.1
2836	95.1
2837	98
2838	92.3
2839	107.9
2840	99.3
2841	107.5
2842	70.9
2843	93
2844	49.6
2845	90
2846	36.1
2847	108.5
2848	105.1
2849	105.3
2850	106.3
2851	67.1
2852	91.3
2853	94
2854	104.1
2855	98.4
2856	91.6
2857	91.4
2858	79.1
2859	87.7
2860	96.7
2861	104.2
2862	88.4
2863	49.8
2864	88.7
2865	107.6
2866	104.5
2867	91.9
2868	61.6
2869	87.4
2870	87.7
2871	104.9
2872	106.3
2873	101.8
2874	41.4
2875	90.3
2876	40.4
2877	92.9
2878	100.3
2879	50.9
2880	94.6
2881	94.2
2882	108.7
2883	99.2
2884	90
2885	61.1
2886	76.8
2887	53.4
2888	39.1
2889	49.8
2890	52.2
2891	106.4
2892	106.9
2893	88.6
2894	89.8
2895	110.2
2896	42.7
2897	104.5
2898	90
2899	88
2900	88.1
2901	53.2
2902	97.5
2903	111.1
2904	46.5
2905	98.9
2906	106.4
2907	69.6
2908	93.4
2909	108.1
2910	97.3
2911	102.4
2912	94.3
2913	108.3
2914	109.2
2915	52.2
2916	111.5
2917	52.1
2918	87.8
2919	52.5
2920	50.2
2921	101.7
2922	95.5
2923	93.9
2924	81.3
2925	104
2926	77.7
2927	43.9
2928	91.5
2929	69.7
2930	104.9
2931	95.4
2932	93.2
2933	97.3
2934	42.1
2935	93.1
2936	48.8
2937	93.8
2938	46.3
2939	94.4
2940	42.8
2941	93.4
2942	44.7
2943	106.3
2944	42.7
2945	95.5
2946	102.1
2947	86.7
2948	96.8
2949	91.2
2950	95.6
2951	93.3
2952	93.8
2953	106.1
2954	97.1
2955	112.6
2956	97.1
2957	72.5
2958	97.2
2959	60.9
2960	88.2
2961	97.7
2962	96.5
2963	87
2964	102.5
2965	94.4
2966	89.5
2967	108.9
2968	90.2
2969	51.1
2970	40.8
2971	88.4
2972	89
2973	37.5
2974	93.9
2975	103.9
2976	95.1
2977	71.7
2978	88.1
2979	100.8
2980	94.9
2981	104.9
2982	98.7
2983	94.2
2984	95.1
2985	95.2
2986	97.4
2987	96.1
2988	94.4
2989	39.3
2990	88.3
2991	105.8
2992	92.7
2993	96.5
2994	99.8
2995	96.3
2996	93.4
2997	94.6
2998	90.5
2999	99.7
3000	94
3001	61.2
3002	97.7
3003	94.8
3004	97.8
3005	78
3006	95
3007	99.1
3008	102.2
3009	99.5
3010	39.9
3011	94.9
3012	77.5
3013	97.6
3014	87.4
3015	87.1
3016	99.4
3017	106.9
3018	89.5
3019	83.6
3020	89.8
3021	95.3
3022	60.3
3023	93.7
3024	97.4
3025	86.9
3026	100
3027	100.2
3028	94
3029	104
3030	48.7
3031	86.9
3032	91
3033	81.2
3034	78.8
3035	90.3
3036	47.3
3037	78.2
3038	88.4
3039	94.4
3040	107.1
3041	109.6
3042	112.5
3043	109.2
3044	99
3045	106.4
3046	77.9
3047	86.7
3048	105.6
3049	91.1
3050	105.2
3051	108.9
3052	98.4
3053	109.7
3054	91.1
3055	95
3056	110.2
3057	83.7
3058	111.8
3059	99.1
3060	61.8
3061	63.3
3062	90.8
3063	105
3064	111
3065	61.2
3066	115.6
3067	61.6
3068	114.8
3069	71.9
3070	100.2
3071	87.3
3072	98.8
3073	45.9
3074	108
3075	79.5
3076	94.8
3077	102.5
3078	95.6
3079	106.1
3080	109.2
3081	79.6
3082	62.6
3083	108.6
3084	61.7
3085	99.1
3086	106.1
3087	115.8
3088	117.6
3089	111.4
3090	102.6
3091	83.5
3092	59.5
3093	92.8
3094	53.1
3095	60.4
3096	106.7
3097	57.2
3098	113.4
3099	72.2
3100	106.9
3101	34.5
3102	82.1
3103	109.9
3104	112
3105	61.8
3106	113.2
3107	110.7
3108	62.7
3109	78.1
3110	71.5
3111	117.3
3112	34.4
3113	114.3
3114	83.2
3115	65.1
3116	78.2
3117	83.3
3118	115.1
3119	117.8
3120	31.2
3121	119.6
3122	46.4
3123	112.3
3124	51.5
3125	87.2
3126	44.4
3127	35.8
3128	61.3
3129	65.6
3130	63.1
3131	111.5
3132	111.3
3133	116.5
3134	114.7
3135	54.8
3136	115.7
3137	42.1
3138	65.2
3139	120
3140	104.4
3141	61.3
3142	108
3143	116
3144	71.1
3145	38.7
3146	53.4
3147	40.9
3148	74.8
3149	60.2
3150	37.6
3151	118.5
3152	120.1
3153	111.7
3154	107.5
3155	25.1
3156	93.5
3157	90.5
3158	38
3159	107.6
3160	39.3
3161	115.3
3162	119.6
3163	57.9
3164	51.7
3165	42.6
3166	120.4
3167	42.5
3168	113.2
3169	59.4
3170	111.6
3171	72.8
3172	112.7
3173	56.7
3174	7.9
3175	109.9
3176	69.3
3177	63.5
3178	70.2
3179	62.3
3180	48.5
3181	37.5
3182	111.2
3183	112.5
3184	114
3185	113
3186	93
3187	101.8
3188	9.4
3189	87.5
3190	72.6
3191	68.4
3192	11.6
3193	60.4
3194	112.3
3195	118.6
3196	47.3
3197	37.4
3198	33.2
3199	102.4
3200	57.5
3201	62.9
3202	117.5
3203	113.8
3204	42.2
3205	104.1
3206	64.1
3207	70.9
3208	60
3209	47.7
3210	107.6
3211	107.2
3212	106
3213	61
3214	55.5
3215	52.8
3216	60.3
3217	72.2
3218	103.5
3219	108.1
3220	34.7
3221	67.8
3222	106.3
3223	68.9
3224	111.2
3225	66.3
3226	108
3227	68.9
3228	61
3229	52.4
3230	46.8
3231	57
3232	65.7
3233	62.3
3234	101.1
3235	112.2
3236	105.5
3237	57.6
3238	112.3
3239	48.7
3240	54.7
3241	70.9
3242	64.8
3243	107.2
3244	67.6
3245	70.1
3246	77.3
3247	43
3248	59.2
3249	69.2
3250	45.9
3251	112.5
3252	111.7
3253	66.5
3254	101
3255	60
3256	70.6
3257	101.3
3258	68
3259	74.3
3260	68.4
3261	46.2
3262	100
3263	61.9
3264	55.6
3265	61
3266	58.2
3267	74.9
3268	97.7
3269	106.3
3270	55.7
3271	52.1
3272	103.1
3273	52.1
3274	105
3275	58.7
3276	64.4
3277	58.5
3278	89.2
3279	64.4
3280	63.5
3281	72.6
3282	55.5
3283	82.5
3284	59.9
3285	53.7
3286	99.6
3287	63.6
3288	47.4
3289	64.5
3290	74.1
3291	96.3
3292	65.1
3293	49.3
3294	52
3295	68.8
3296	60.2
3297	61.6
3298	65.5
3299	60.4
3300	74.4
3301	67.1
3302	67.5
3303	96.3
3304	50.5
3305	91.7
3306	65.6
3307	67.8
3308	98.8
3309	61.3
3310	58.9
3311	70.1
3312	47.4
3313	62.6
3314	54.7
3315	62.7
3316	92.2
3317	60.2
3318	73
3319	52.3
3320	60.4
3321	61.4
3322	58.7
3323	50.3
3324	66
3325	58.6
3326	61.2
3327	49.4
3328	64.6
3329	61.3
3330	65.8
3331	69
3332	67.1
3333	59.6
3334	61.2
3335	88.1
3336	60.4
3337	47.1
3338	63.9
3339	54.8
3340	57.1
3341	76.3
3342	59.5
3343	64.3
3344	60.6
3345	44.7
3346	55.6
3347	62.2
3348	43.8
3349	58
3350	73.2
3351	57.3
3352	78.2
3353	59.9
3354	61.8
3355	63.6
3356	65.4
3357	60.6
3358	57.7
3359	60
3360	72.8
3361	57.8
3362	55.5
3363	64.5
3364	48
3365	64.6
3366	59
3367	61.2
3368	57.8
3369	58.8
3370	47.5
3371	61.3
3372	61.8
3373	58.3
3374	57.6
3375	56
3376	57.4
3377	55.3
3378	54.5
3379	60
3380	58.8
3381	59.2
3382	53.7
3383	60.2
3384	58.9
3385	60.7
3386	57.4
3387	58.6
3388	54.1
3389	61.1
3390	60.3
3391	59.3
3392	58
3393	57.4
3394	64.2
3395	60.3
3396	58.4
3397	63.5
3398	51.5
3399	47.4
3400	115.3
3401	113.4
3402	113
3403	96.5
3404	105.7
3405	101.9
3406	104.4
3407	101.4
3408	109.2
3409	102.6
3410	27.7
3411	28
3412	103.5
3413	100
3414	105.2
3415	94.6
3416	109.9
3417	102.3
3418	102.3
3419	97.6
3420	106.5
3421	96.9
3422	100.6
3423	93.4
3424	110.4
3425	108.4
3426	101.8
3427	113.8
3428	57.5
3429	115.3
3430	53.2
3431	96.1
3432	114
3433	112.6
3434	112.6
3435	108
3436	97.5
3437	105.4
3438	106.4
3439	101.5
3440	98.3
3441	108.6
3442	112.8
3443	101.1
3444	93.5
3445	100.1
3446	112.2
3447	106.7
3448	112.1
3449	104.3
3450	113.5
3451	106.8
3452	108.8
3453	95
3454	102.4
3455	107.3
3456	121.7
3457	107.3
3458	95.6
3459	107.4
3460	105.4
3461	119.5
3462	109.7
3463	112.2
3464	106.5
3465	105.4
3466	80
3467	103
3468	102.6
3469	80.3
3470	99.7
3471	109
3472	70.4
3473	108.4
3474	101.8
3475	110.7
3476	112.4
3477	107.2
3478	103.7
3479	106.6
3480	108.9
3481	118.3
3482	56.4
3483	74.9
3484	110.5
3485	83.7
3486	109.1
3487	1.1
3488	60.8
3489	113.3
3490	109.8
3491	106.5
3492	88.3
3493	89.9
3494	102.7
3495	99.7
3496	73.8
3497	74.4
3498	76.6
3499	99.6
3500	92.4
3501	91.7
3502	93.2
3503	80.9
3504	88.3
3505	92.6
3506	101.9
3507	85.4
3508	105.4
3509	86.3
3510	101.3
3511	103.4
3512	102.7
3513	101.4
3514	98.3
3515	106
3516	101.1
3517	92.8
3518	96.4
3519	103.3
3520	107.8
3521	107.6
3522	115.7
3523	99
3524	94.5
3525	95.8
3526	67.4
3527	93.9
3528	107.6
3529	90.1
3530	87.9
3531	113.9
3532	76.3
3533	105.8
3534	101
3535	94.8
3536	98.1
3537	53.2
3538	94.9
3539	98
3540	93.7
3541	99
3542	104.4
3543	98.4
3544	89.3
3545	89
3546	98.7
3547	87.5
3548	107.2
3549	97.7
3550	91.1
3551	94.6
3552	87.6
3553	88.9
3554	96.6
3555	109.4
3556	93.1
3557	42.4
3558	107.8
3559	34.7
3560	92.7
3561	88.5
3562	83.9
3563	105.7
3564	89.8
3565	94
3566	84.7
3567	102.3
3568	112.4
3569	114.6
3570	109.1
3571	111
3572	85.2
3573	113.3
3574	86.3
3575	94.7
3576	118.7
3577	113.6
3578	110.4
3579	71
3580	70.2
3581	67.9
3582	108.5
3583	57.9
3584	117.7
3585	69.4
3586	110.4
3587	61.8
3588	66.5
3589	63.2
3590	56.7
3591	89.1
3592	61.5
3593	57.5
3594	60.1
