"COMID"	"Value"
1	2.1
2	6.7
3	2.9
4	1.8
5	1.7
6	0
7	9.7
8	7
9	5.6
10	0
11	2.3
12	5.6
13	0.9
14	9.7
15	7.3
16	6.3
17	6.2
18	5.8
19	4.9
20	2.5
21	8.6
22	3.1
23	0
24	5.6
25	7.3
26	0.6
27	6.4
28	2.1
29	5.4
30	0
31	2.3
32	1.6
33	10.4
34	5.6
35	1
36	5.7
37	8.3
38	0
39	5.6
40	13.3
41	9.4
42	7.7
43	12.8
44	2
45	6.7
46	1.1
47	9.3
48	9.9
49	6.8
50	7.5
51	5.6
52	3.6
53	5.8
54	7.3
55	6.9
56	7
57	12.1
58	5.6
59	7.4
60	5.6
61	5.6
62	5.6
63	3.6
64	5.9
65	5.6
66	0.6
67	8.5
68	10
69	1.3
70	1
71	0
72	7.7
73	5.6
74	7.4
75	1
76	1
77	0
78	1.2
79	6.4
80	1
81	0.4
82	0
83	6.7
84	0
85	5.6
86	9.7
87	5.6
88	5.6
89	1
90	5.8
91	7.5
92	8.4
93	5.5
94	5.6
95	8.4
96	7.5
97	6.8
98	0
99	1.1
100	6.6
101	2.1
102	5.2
103	5.6
104	0
105	7.5
106	6.9
107	1.2
108	0
109	7.5
110	7.5
111	0
112	6.6
113	1
114	6.5
115	4
116	9.6
117	1.4
118	4
119	0
120	3.6
121	2
122	4.7
123	0
124	3.9
125	10.6
126	6.6
127	1.1
128	1.6
129	5.6
130	1
131	7.5
132	1
133	1.3
134	4.1
135	3.9
136	10.7
137	1.7
138	1
139	1
140	4.9
141	4.7
142	1
143	0
144	4.3
145	1
146	3.8
147	4
148	1.7
149	3.9
150	1.9
151	0.1
152	3.7
153	1
154	3.7
155	0
156	1
157	1.8
158	1
159	8.3
160	5.7
161	1
162	1
163	2.7
164	1
165	0
166	1
167	1.3
168	0
169	1.4
170	5
171	8.1
172	1
173	1.1
174	7.5
175	3.6
176	8.2
177	8.6
178	3.1
179	3.7
180	1
181	0
182	3.7
183	0
184	1
185	1
186	3.7
187	2.7
188	1
189	1
190	4
191	1
192	3.5
193	1
194	7.5
195	0
196	1
197	8.5
198	1
199	3.7
200	1
201	1
202	1
203	1
204	1
205	1
206	0.8
207	1
208	7.2
209	3.8
210	7.9
211	4.2
212	1.4
213	3.7
214	1
215	1.2
216	3.1
217	7.4
218	1.1
219	1.3
220	1
221	0
222	1.2
223	6.6
224	0
225	1.9
226	1.1
227	0
228	3.6
229	1
230	0
231	7.6
232	3
233	6.4
234	0.7
235	0
236	3.5
237	4.4
238	1.6
239	1.1
240	9.1
241	1
242	0
243	0
244	6.2
245	3.5
246	6
247	0
248	0
249	0
250	6.2
251	1.1
252	13.1
253	2.5
254	0
255	0
256	0
257	0
258	0
259	0
260	0
261	3.5
262	1
263	0
264	0
265	0
266	3.2
267	6
268	11.7
269	6.3
270	0
271	7.6
272	0.9
273	5.7
274	0
275	0.9
276	0.1
277	1
278	0.9
279	0
280	0.9
281	0.9
282	5.4
283	1
284	1
285	0
286	0.9
287	13.6
288	1
289	1
290	1
291	9.5
292	1
293	0
294	11.8
295	1
296	4.4
297	5.4
298	0
299	0.5
300	5.4
301	1
302	5.6
303	4.3
304	1
305	5.2
306	1
307	5.3
308	2.1
309	1
310	4.1
311	5.1
312	5
313	4.5
314	1
315	1
316	1
317	0
318	1.1
319	0.1
320	5
321	1
322	3.7
323	4.8
324	1
325	0.1
326	10.7
327	1
328	1
329	1
330	0
331	1
332	1
333	1
334	1
335	0
336	1
337	0.1
338	1
339	1
340	1
341	1
342	0
343	1
344	0
345	1
346	0
347	1
348	1
349	1
350	1
351	1
352	1
353	1.5
354	1
355	0
356	1
357	0
358	1
359	0
360	1
361	1
362	1
363	1
364	0
365	0.5
366	5.7
367	0
368	10.3
369	0
370	0.9
371	0
372	5.6
373	5.7
374	0
375	9.5
376	5.6
377	0.8
378	5.6
379	0
380	0.8
381	0
382	0
383	8.6
384	0
385	0
386	0
387	28.3
388	3.7
389	7.1
390	28
391	5.6
392	8.1
393	0
394	5.6
395	0
396	0
397	0
398	5.6
399	0
400	5.6
401	1.9
402	0
403	0
404	0
405	0
406	11.2
407	0
408	0
409	0
410	21.4
411	3
412	0
413	11.6
414	0
415	0
416	0
417	0
418	0
419	6.3
420	0
421	0
422	0
423	1.5
424	9.9
425	7.8
426	0
427	10.6
428	9.5
429	1.5
430	11
431	0
432	5.6
433	6.7
434	5.6
435	5.6
436	5.7
437	0
438	11.3
439	0
440	0.6
441	10
442	4.8
443	8.5
444	5.6
445	23.3
446	5.6
447	24.6
448	17.5
449	5.6
450	5.9
451	0
452	2.4
453	0
454	5.6
455	6.5
456	5.6
457	3
458	2.5
459	1.8
460	5.6
461	10.2
462	7.5
463	7.5
464	1
465	6.9
466	0
467	9.9
468	1
469	5.4
470	1
471	1
472	0.9
473	2
474	1
475	0
476	0
477	7.9
478	1
479	7.1
480	3.2
481	0
482	0
483	5
484	5.6
485	4.9
486	0
487	7.2
488	1.1
489	0
490	0.7
491	8.9
492	4.1
493	0
494	10.9
495	0.1
496	0
497	9.2
498	6.9
499	0
500	8.4
501	4.8
502	10.6
503	5.6
504	5.6
505	5.3
506	8.3
507	8.6
508	5
509	7.9
510	4.6
511	8.7
512	9.1
513	0
514	4.9
515	0
516	5.6
517	8.4
518	5.6
519	5.7
520	0.2
521	3.6
522	5.6
523	0
524	4.3
525	3.5
526	5.8
527	3.8
528	5.6
529	0
530	25.2
531	19
532	6.5
533	3.8
534	1.8
535	26
536	4.1
537	0
538	0
539	0.7
540	5.6
541	18.7
542	18.2
543	2.7
544	0
545	0.1
546	20.8
547	6.6
548	0
549	0.3
550	0.6
551	17.3
552	7.1
553	6.1
554	0
555	5.6
556	7
557	5.7
558	0.1
559	8.1
560	18
561	7.7
562	19.6
563	0
564	14.6
565	8.4
566	18.7
567	5.6
568	18.9
569	6.1
570	0
571	8.3
572	15.9
573	5.6
574	6.7
575	5.6
576	0
577	0
578	7.8
579	9.2
580	16.3
581	0
582	4.6
583	5.6
584	5.6
585	0
586	5.3
587	17.4
588	2.6
589	36.9
590	0
591	4.5
592	10.2
593	15.8
594	5.9
595	4.2
596	5.6
597	0
598	5.6
599	18
600	5.7
601	5.6
602	0
603	4.6
604	3.6
605	0
606	3.9
607	5.6
608	5.6
609	0
610	5.6
611	6.7
612	0
613	0
614	2.5
615	2.8
616	0
617	42.5
618	2.9
619	6.5
620	5.8
621	3.4
622	3.4
623	3.8
624	2.9
625	5.6
626	5.6
627	17.4
628	5.6
629	7.3
630	23.4
631	5.6
632	2.9
633	8.1
634	0
635	7.2
636	7.2
637	6.5
638	5.6
639	8.5
640	3.6
641	20.7
642	0
643	2.7
644	0
645	4.1
646	9.2
647	5.6
648	5.2
649	2.4
650	5.6
651	24.3
652	5.6
653	0
654	5.6
655	0
656	5.6
657	3.4
658	9.4
659	3.3
660	0
661	9.2
662	7.9
663	3.3
664	5.6
665	5.6
666	5.6
667	9.5
668	41.6
669	9.7
670	5.6
671	5.6
672	5.6
673	8.2
674	3.6
675	10.2
676	1.9
677	20
678	6.2
679	5.6
680	0.1
681	9.7
682	2.7
683	44.6
684	2.7
685	5.6
686	19.8
687	0
688	10.1
689	5.6
690	8.8
691	8.4
692	19.2
693	5.8
694	2.1
695	8.8
696	11.5
697	5.6
698	3
699	7.5
700	9.8
701	4.9
702	11.5
703	9.6
704	6.6
705	2.4
706	5.8
707	19.4
708	10.3
709	2.3
710	1.9
711	0.3
712	0.3
713	2.4
714	5.6
715	2.1
716	0
717	5.9
718	10.9
719	2.2
720	9.3
721	5.6
722	2
723	10.5
724	9.1
725	5.6
726	0
727	2.7
728	2.4
729	4.7
730	2
731	6.1
732	1.7
733	2.2
734	8.6
735	0.6
736	5.7
737	7.5
738	8.7
739	8.2
740	9.2
741	2.1
742	3.6
743	2.3
744	0
745	0
746	8.2
747	9.1
748	0
749	2.9
750	5.6
751	8
752	2
753	9.3
754	10.6
755	2.5
756	7
757	10.4
758	2.6
759	5.6
760	7.7
761	5.6
762	1.9
763	2.2
764	18.5
765	8.7
766	0
767	2.9
768	4.3
769	10.6
770	4
771	1.4
772	2.4
773	7.2
774	7.1
775	6.7
776	5.8
777	1.6
778	7.4
779	0
780	11.1
781	2.4
782	194.6
783	170.8
784	202.9
785	213.7
786	161.2
787	203.9
788	136.3
789	166.7
790	189.9
791	157.2
792	166.6
793	143.4
794	207.4
795	215.7
796	138.2
797	222.2
798	147.2
799	162.3
800	184.7
801	140
802	153.6
803	179.7
804	117.6
805	148.7
806	178.6
807	97.8
808	162.4
809	199.4
810	231.6
811	145.4
812	183.9
813	182.9
814	164.4
815	187.7
816	133
817	123.5
818	171.1
819	222.1
820	158.1
821	137.9
822	198.6
823	148.2
824	183.1
825	127.1
826	194.9
827	234.7
828	203
829	138.3
830	195.5
831	114.7
832	227.6
833	133.3
834	140.1
835	186.8
836	197
837	57.4
838	162.2
839	145.4
840	179.1
841	164.9
842	136.3
843	16.8
844	137.2
845	140.2
846	174.2
847	174.6
848	152.8
849	160.9
850	122.9
851	114.1
852	92
853	114.1
854	110.4
855	105.1
856	142.1
857	144.7
858	127.4
859	110.2
860	121.1
861	106.7
862	7.4
863	98.5
864	128.8
865	91
866	120.6
867	71
868	144.7
869	150.9
870	36.4
871	122.9
872	132
873	8.7
874	115.9
875	125.2
876	158
877	106
878	99.6
879	121
880	137.8
881	152.5
882	118.7
883	67.9
884	106.3
885	100.7
886	6.6
887	106.9
888	124.1
889	116
890	169.8
891	170.1
892	114.4
893	166.4
894	6.8
895	113.9
896	132.7
897	162.6
898	143
899	166.2
900	158.4
901	127.1
902	151.3
903	129.2
904	107
905	126.7
906	138.9
907	110
908	123.1
909	110.6
910	0
911	106.8
912	147.3
913	113.7
914	136.8
915	0
916	118.9
917	112.6
918	128.7
919	120.8
920	161.3
921	74.7
922	138.8
923	18.1
924	124.1
925	119.6
926	172.4
927	108.3
928	6.5
929	116.9
930	161
931	113.1
932	9.8
933	160.8
934	0
935	161.8
936	157.6
937	145.7
938	133.3
939	111.1
940	128.5
941	124.2
942	128.9
943	0
944	141.2
945	153.4
946	159.1
947	0
948	118.3
949	194.5
950	190.5
951	168.3
952	122.1
953	8.1
954	12.1
955	164.8
956	127.9
957	122.5
958	7.2
959	122.2
960	156.3
961	177.8
962	139.8
963	123.8
964	0
965	167.1
966	167.9
967	0
968	122.9
969	128.4
970	36.4
971	168.3
972	139.7
973	134.9
974	116.8
975	138.7
976	118.5
977	172.9
978	7.6
979	152
980	116.5
981	144.4
982	162.7
983	151.9
984	120
985	175.2
986	161.1
987	8.3
988	171.8
989	167.3
990	0
991	150.6
992	0
993	180
994	141.4
995	143
996	166.6
997	163.2
998	7.9
999	139.6
1000	0
1001	9.2
1002	126.3
1003	0
1004	162.4
1005	6
1006	177
1007	0
1008	6.3
1009	0
1010	159.5
1011	121.7
1012	159.2
1013	5.2
1014	177.1
1015	6.1
1016	0
1017	167.2
1018	5.9
1019	5.7
1020	179.8
1021	134.8
1022	170.8
1023	199.4
1024	188.9
1025	163
1026	180.3
1027	147.9
1028	156.2
1029	3.6
1030	0.1
1031	0
1032	0
1033	0.1
1034	151.6
1035	0.1
1036	107.8
1037	154.4
1038	143.1
1039	6
1040	3.5
1041	167.8
1042	4.2
1043	0
1044	2.9
1045	4.6
1046	5
1047	186.4
1048	150.1
1049	165.5
1050	0
1051	117.2
1052	136.7
1053	3
1054	144.5
1055	165.7
1056	173
1057	0.1
1058	171
1059	0.1
1060	165.8
1061	0
1062	190.5
1063	183.9
1064	0.1
1065	3.7
1066	146.2
1067	0.1
1068	0.1
1069	0
1070	152.5
1071	141.4
1072	0
1073	0.1
1074	153.8
1075	0
1076	149.3
1077	0.1
1078	179.7
1079	164.5
1080	4.6
1081	0.1
1082	140.4
1083	0
1084	173.4
1085	144.6
1086	163.3
1087	0
1088	0.1
1089	4.5
1090	126.1
1091	184
1092	0.1
1093	3.5
1094	0.1
1095	3.6
1096	5.1
1097	183.1
1098	5.6
1099	0
1100	0
1101	0.1
1102	148
1103	0.1
1104	3.5
1105	6.6
1106	4.4
1107	0.1
1108	3.1
1109	119.8
1110	0.1
1111	0.1
1112	145.8
1113	171.9
1114	138.9
1115	4.9
1116	3.2
1117	151.5
1118	5.5
1119	3.7
1120	2.7
1121	3.5
1122	4.6
1123	5.6
1124	114.6
1125	2.8
1126	155
1127	2.9
1128	148.4
1129	135.5
1130	3.9
1131	0.1
1132	151.3
1133	143.5
1134	3.8
1135	0
1136	0.1
1137	3.4
1138	3.7
1139	3.8
1140	123.1
1141	2.5
1142	0.1
1143	143.9
1144	5.3
1145	5.5
1146	2.3
1147	3
1148	156.3
1149	2.2
1150	3.1
1151	3.7
1152	132.7
1153	131.5
1154	0
1155	0
1156	144.7
1157	2.4
1158	0.1
1159	94.8
1160	2.6
1161	0.1
1162	5.9
1163	4.1
1164	159
1165	0
1166	131.7
1167	137.6
1168	141.4
1169	128.9
1170	167.7
1171	4.8
1172	109.7
1173	4
1174	147
1175	3.3
1176	62.3
1177	0
1178	2.3
1179	156.7
1180	4.2
1181	4.8
1182	3.4
1183	0.1
1184	0
1185	133.1
1186	110.8
1187	2.1
1188	2.7
1189	4.6
1190	2.4
1191	132.5
1192	2.6
1193	117.5
1194	3.3
1195	204.1
1196	2.6
1197	0
1198	0
1199	103.9
1200	26.6
1201	3.1
1202	4.1
1203	0
1204	2.8
1205	4.3
1206	0.1
1207	3.3
1208	0.1
1209	4
1210	123.9
1211	128.3
1212	0
1213	98.4
1214	114
1215	4.3
1216	135.4
1217	94.5
1218	0
1219	0.1
1220	88.1
1221	2.7
1222	3.6
1223	4.8
1224	2.1
1225	204.7
1226	103.2
1227	78.9
1228	3.8
1229	5.9
1230	122
1231	0.2
1232	93.4
1233	3.1
1234	3.9
1235	4.8
1236	0
1237	157.1
1238	133.2
1239	0.1
1240	1.9
1241	131.7
1242	97.6
1243	3
1244	1.3
1245	159.7
1246	127.3
1247	82.5
1248	30
1249	154.5
1250	80.8
1251	3.8
1252	0
1253	3.3
1254	4.5
1255	0
1256	85.2
1257	6.6
1258	7
1259	0.1
1260	109.5
1261	87
1262	0.1
1263	4.3
1264	3.4
1265	130.8
1266	103.9
1267	0
1268	108.6
1269	30.3
1270	131
1271	4.6
1272	1.7
1273	6.9
1274	120.7
1275	1.4
1276	74.4
1277	89.7
1278	153.4
1279	27.4
1280	0.1
1281	6.9
1282	0.1
1283	231.6
1284	32.9
1285	5.1
1286	232.7
1287	4.7
1288	4.4
1289	102.7
1290	4.5
1291	123.1
1292	3.8
1293	26.2
1294	5
1295	145.6
1296	0.1
1297	34.5
1298	110
1299	1.8
1300	7.5
1301	0
1302	4.2
1303	3.3
1304	37.7
1305	225.1
1306	0
1307	134.1
1308	4.6
1309	0
1310	125.6
1311	124.2
1312	131.3
1313	5.5
1314	155.3
1315	0.1
1316	98.7
1317	79.8
1318	3.7
1319	113.4
1320	134.6
1321	0.3
1322	0.1
1323	0.1
1324	4
1325	92.2
1326	0.3
1327	0.3
1328	118.9
1329	35.4
1330	122.2
1331	78.2
1332	26
1333	80.6
1334	135.3
1335	2
1336	120.9
1337	0.3
1338	0.3
1339	3.6
1340	4.1
1341	138.4
1342	130.3
1343	0.1
1344	0.1
1345	3.8
1346	0.1
1347	154.5
1348	93.1
1349	4.1
1350	0
1351	110
1352	32.5
1353	140.4
1354	0.3
1355	138
1356	28.8
1357	95.8
1358	139.2
1359	5.2
1360	0.3
1361	3.8
1362	84.1
1363	0.1
1364	1
1365	108.8
1366	0.3
1367	0.1
1368	92.9
1369	0.2
1370	1.6
1371	0.2
1372	3.4
1373	86
1374	0.8
1375	169.6
1376	33.3
1377	3.6
1378	4.6
1379	4.6
1380	96.9
1381	0.1
1382	119.6
1383	0.5
1384	3.5
1385	29.9
1386	98
1387	0.4
1388	0.2
1389	0.2
1390	107.1
1391	207.4
1392	106.9
1393	0.1
1394	0.2
1395	114.9
1396	0.1
1397	230
1398	0.1
1399	0.1
1400	79.4
1401	0.1
1402	0.2
1403	147.5
1404	4.1
1405	0.6
1406	0.3
1407	0.1
1408	0.1
1409	129.9
1410	0.1
1411	122.3
1412	0.4
1413	150.9
1414	4.3
1415	184
1416	116.7
1417	0.1
1418	167.4
1419	0.2
1420	2.9
1421	0.2
1422	0.5
1423	52.6
1424	111.9
1425	0.1
1426	125.3
1427	3.7
1428	0.2
1429	0.2
1430	130.3
1431	165.7
1432	0.2
1433	111
1434	0.3
1435	132
1436	0.1
1437	0.1
1438	0.2
1439	3.5
1440	104.9
1441	108
1442	0.2
1443	85.9
1444	0.2
1445	0.3
1446	151.5
1447	0.3
1448	185.4
1449	0.1
1450	0.3
1451	0.2
1452	0.1
1453	143.9
1454	48.4
1455	0.3
1456	0.3
1457	163.4
1458	92.8
1459	3.3
1460	0.2
1461	90
1462	0.1
1463	0.2
1464	0.2
1465	0.2
1466	197.6
1467	0.1
1468	0.1
1469	95.8
1470	125.9
1471	0.1
1472	0.1
1473	192.1
1474	0.4
1475	204.2
1476	0.1
1477	0.3
1478	121.5
1479	112.1
1480	0.1
1481	109.7
1482	103.1
1483	0.1
1484	0.4
1485	46.1
1486	0.1
1487	0.2
1488	163.5
1489	116.1
1490	0.3
1491	78.5
1492	109.4
1493	145.6
1494	185.2
1495	0.1
1496	110
1497	88.3
1498	0.1
1499	107.5
1500	1.9
1501	118.3
1502	168
1503	0.3
1504	0.1
1505	93.4
1506	129.5
1507	0.1
1508	0.3
1509	46.3
1510	0.2
1511	0.4
1512	0.1
1513	131.9
1514	0.2
1515	0.1
1516	0.1
1517	134.3
1518	0.2
1519	110.6
1520	0.3
1521	0.1
1522	0.1
1523	0.1
1524	0.1
1525	0.1
1526	0.1
1527	108.2
1528	0.1
1529	108
1530	157.3
1531	0.2
1532	0.4
1533	0.4
1534	145.9
1535	30.7
1536	146.9
1537	0.1
1538	37.9
1539	0.2
1540	0.1
1541	0.1
1542	0.1
1543	104.4
1544	0.2
1545	0
1546	33
1547	96.2
1548	0
1549	0
1550	0.1
1551	0.1
1552	96.7
1553	139.4
1554	61.3
1555	133.2
1556	102
1557	0.3
1558	0.1
1559	109.9
1560	2.8
1561	0.1
1562	0.2
1563	0.6
1564	0
1565	73.2
1566	0.4
1567	0.1
1568	0.1
1569	120.1
1570	136.7
1571	0
1572	0.1
1573	144.1
1574	0.2
1575	112.2
1576	97.7
1577	144.9
1578	0.1
1579	0.1
1580	150.5
1581	153.3
1582	110.5
1583	91.2
1584	32
1585	138.1
1586	129
1587	0.1
1588	146.8
1589	0.2
1590	2.3
1591	0.1
1592	166.1
1593	0.4
1594	99.1
1595	117.8
1596	104.6
1597	0
1598	153.5
1599	140.6
1600	122
1601	49.6
1602	134.9
1603	127.2
1604	115.2
1605	1.7
1606	0.1
1607	0.1
1608	127.5
1609	0
1610	108.5
1611	0.5
1612	156
1613	128.9
1614	116
1615	95.3
1616	109.9
1617	0.1
1618	102.5
1619	1.4
1620	94.2
1621	136.2
1622	110.6
1623	0
1624	144
1625	104.3
1626	96.1
1627	0.1
1628	92.8
1629	0
1630	134.3
1631	69.8
1632	152.8
1633	0.1
1634	146.8
1635	148.3
1636	114.1
1637	141.8
1638	92.1
1639	1.6
1640	0.1
1641	92.8
1642	139.3
1643	108.5
1644	0.2
1645	98.6
1646	114.2
1647	0
1648	2.8
1649	0.2
1650	1.2
1651	105.9
1652	96
1653	1.2
1654	88.6
1655	155.1
1656	140.6
1657	97.5
1658	136.5
1659	107.3
1660	84.2
1661	1.6
1662	0.1
1663	99.9
1664	2.5
1665	0.9
1666	106.9
1667	163.8
1668	98.3
1669	89.7
1670	1.6
1671	175
1672	83.7
1673	99.6
1674	113.9
1675	83.2
1676	5.9
1677	2.1
1678	1.1
1679	148.5
1680	165.2
1681	95.2
1682	0.8
1683	90.7
1684	102
1685	84.7
1686	57.3
1687	154.7
1688	86.2
1689	6.2
1690	103.2
1691	0.7
1692	93
1693	1.2
1694	90.8
1695	104.6
1696	0
1697	151.7
1698	1
1699	4
1700	70
1701	105.2
1702	162.5
1703	105.8
1704	0
1705	2.2
1706	102.8
1707	0.9
1708	0.9
1709	94.4
1710	6.2
1711	2.4
1712	101.2
1713	116.9
1714	137.2
1715	110.5
1716	80.8
1717	106
1718	0.9
1719	49.1
1720	91.8
1721	103.9
1722	81.2
1723	93.1
1724	79.6
1725	150.1
1726	100.6
1727	151.1
1728	89.2
1729	1.7
1730	119.3
1731	5.5
1732	79.2
1733	98.7
1734	1.3
1735	138.2
1736	0.9
1737	86.6
1738	79.2
1739	98
1740	0.1
1741	1.6
1742	3.6
1743	64.8
1744	99.3
1745	145.6
1746	90.6
1747	92
1748	97.6
1749	54.3
1750	48.9
1751	88.1
1752	82.3
1753	138
1754	139.4
1755	83.8
1756	98.9
1757	147.2
1758	96.3
1759	75.5
1760	103.8
1761	96.5
1762	68.9
1763	97.9
1764	121.2
1765	2.6
1766	138.6
1767	88.2
1768	0
1769	90.7
1770	151.8
1771	76.5
1772	0.1
1773	134.8
1774	72.9
1775	0
1776	68.3
1777	128.1
1778	3
1779	3.5
1780	0.9
1781	81.9
1782	87.8
1783	79.5
1784	74.9
1785	108.8
1786	98.6
1787	159.1
1788	120.2
1789	61.5
1790	1
1791	53.2
1792	75.9
1793	100.7
1794	40.7
1795	107.9
1796	113.7
1797	160.7
1798	63.3
1799	0
1800	75.8
1801	105.2
1802	102.7
1803	0
1804	65
1805	2.3
1806	117.8
1807	90.6
1808	59.2
1809	123.4
1810	126.5
1811	77.8
1812	0
1813	111.7
1814	68.5
1815	69.5
1816	81.6
1817	99.6
1818	65.2
1819	116.4
1820	134.2
1821	94.1
1822	124.7
1823	88.4
1824	0
1825	117.8
1826	99.3
1827	75.6
1828	80.1
1829	130.2
1830	0.1
1831	114.7
1832	0
1833	116
1834	0
1835	106.7
1836	110.2
1837	0
1838	0
1839	112
1840	72.7
1841	98.1
1842	106.1
1843	144.1
1844	77.7
1845	90.4
1846	0
1847	106.1
1848	137.2
1849	110
1850	102.9
1851	102.8
1852	82.3
1853	101.4
1854	137.9
1855	97
1856	94.7
1857	0
1858	80.6
1859	71.3
1860	63.5
1861	0
1862	117.6
1863	0
1864	75.2
1865	83.3
1866	135.1
1867	0
1868	139.5
1869	86.9
1870	31.2
1871	126.6
1872	102.4
1873	114.6
1874	133.8
1875	0
1876	75.3
1877	0
1878	0
1879	143.1
1880	129.4
1881	79.3
1882	0
1883	145.4
1884	115.8
1885	91.5
1886	65.1
1887	0
1888	73.9
1889	0.1
1890	110.8
1891	30.4
1892	82.2
1893	76.8
1894	82.4
1895	73.7
1896	82.7
1897	123.8
1898	125.1
1899	95.3
1900	0
1901	119
1902	110.6
1903	83.7
1904	116.2
1905	82
1906	0
1907	0
1908	45.1
1909	29.1
1910	27.4
1911	83
1912	88.4
1913	0
1914	71.1
1915	0
1916	109.7
1917	124.4
1918	48.3
1919	0
1920	0
1921	90.2
1922	0
1923	0
1924	0
1925	94.8
1926	111.5
1927	152.5
1928	75.2
1929	0
1930	0
1931	0
1932	54.3
1933	129.4
1934	47.7
1935	0
1936	95.9
1937	0
1938	99.2
1939	111.2
1940	0
1941	109.5
1942	38
1943	0.1
1944	85.3
1945	0
1946	0
1947	0
1948	0
1949	107.6
1950	48.3
1951	0
1952	35.1
1953	32.6
1954	0.1
1955	26.4
1956	93.3
1957	164
1958	0
1959	43.3
1960	81.5
1961	44.9
1962	104
1963	0
1964	0
1965	0
1966	41.9
1967	27.1
1968	37.3
1969	0
1970	114.1
1971	0
1972	0
1973	0
1974	92.7
1975	32.9
1976	18.7
1977	30.8
1978	92.1
1979	48.8
1980	0
1981	82.7
1982	42.4
1983	0
1984	0
1985	38.7
1986	28.6
1987	95.6
1988	38.4
1989	51.7
1990	40.8
1991	0
1992	0
1993	43.4
1994	154.2
1995	77.5
1996	0
1997	21.3
1998	163.1
1999	0
2000	41.2
2001	110.9
2002	25.4
2003	25.8
2004	0
2005	0
2006	43.7
2007	0
2008	15.7
2009	0
2010	17.8
2011	48.1
2012	0
2013	24.8
2014	41.6
2015	26.5
2016	0
2017	0
2018	32.3
2019	0
2020	0
2021	24.1
2022	27.1
2023	38.6
2024	40.2
2025	156.6
2026	0
2027	36.6
2028	88.1
2029	118.2
2030	0
2031	29.2
2032	5.7
2033	0
2034	0
2035	34
2036	39.8
2037	131.6
2038	41.7
2039	0
2040	0
2041	54.9
2042	39.4
2043	110
2044	76.4
2045	0
2046	0
2047	38.2
2048	0
2049	0
2050	92.7
2051	16.7
2052	0
2053	19.7
2054	37.7
2055	27.7
2056	105.1
2057	49.1
2058	51.4
2059	0
2060	26.5
2061	5.9
2062	143.8
2063	0
2064	18.7
2065	0
2066	0
2067	46.2
2068	0
2069	112.4
2070	8.8
2071	25.6
2072	0
2073	29.8
2074	78
2075	0
2076	40.1
2077	0
2078	80.8
2079	0
2080	0
2081	94.9
2082	0
2083	16.2
2084	66.4
2085	0
2086	48.7
2087	0
2088	138.7
2089	60.8
2090	111.3
2091	49.2
2092	70.1
2093	74
2094	0
2095	16.6
2096	0
2097	22.3
2098	67.5
2099	44.7
2100	88.2
2101	0
2102	66
2103	0
2104	0
2105	0
2106	0
2107	0
2108	74.3
2109	0
2110	0
2111	0
2112	50.7
2113	58
2114	0
2115	79
2116	90
2117	59.2
2118	27.4
2119	17.3
2120	100.7
2121	19.2
2122	81.4
2123	0
2124	96.2
2125	43.6
2126	0
2127	16.9
2128	0
2129	0
2130	0
2131	63.6
2132	69.9
2133	0
2134	0
2135	14.1
2136	133.1
2137	21
2138	20.2
2139	81
2140	0
2141	104.1
2142	45.2
2143	0
2144	0
2145	89.7
2146	21.3
2147	19.6
2148	77.3
2149	0
2150	37.6
2151	0
2152	84.3
2153	183.7
2154	81.7
2155	0
2156	0
2157	0
2158	23.6
2159	19.2
2160	228.3
2161	0
2162	0
2163	89.2
2164	0
2165	23.1
2166	0
2167	0
2168	0
2169	77.1
2170	0
2171	0
2172	0
2173	59
2174	0
2175	3.7
2176	0
2177	174.6
2178	19.2
2179	0
2180	28.9
2181	227.3
2182	0
2183	0
2184	0
2185	87.1
2186	3.5
2187	20.2
2188	0
2189	0
2190	21.7
2191	0
2192	0
2193	0
2194	112.7
2195	20.5
2196	0
2197	148.6
2198	0
2199	196.7
2200	0
2201	3.1
2202	19.8
2203	0
2204	0
2205	0
2206	31.9
2207	21.3
2208	20.2
2209	0
2210	146.1
2211	0
2212	44.5
2213	92.3
2214	0
2215	32.6
2216	20.7
2217	0
2218	0
2219	121.1
2220	19.1
2221	0
2222	156.6
2223	0
2224	0
2225	39
2226	20.9
2227	134.5
2228	0
2229	0
2230	44.6
2231	0
2232	46.4
2233	0
2234	101.8
2235	0
2236	0
2237	0
2238	0
2239	19.9
2240	0
2241	42.3
2242	0
2243	0
2244	0
2245	113.1
2246	0
2247	0
2248	145
2249	45.6
2250	0
2251	17.5
2252	106.7
2253	0
2254	19.6
2255	0
2256	82.3
2257	20.7
2258	0
2259	122.2
2260	0
2261	0
2262	0
2263	132.7
2264	123.8
2265	119.8
2266	0
2267	0
2268	52.4
2269	22.1
2270	0
2271	56.9
2272	0
2273	22.1
2274	0
2275	86.8
2276	24
2277	0
2278	0
2279	0
2280	0
2281	0.1
2282	151.9
2283	28.9
2284	0
2285	129.3
2286	61.7
2287	21
2288	62.1
2289	0
2290	0
2291	0
2292	130.4
2293	18.9
2294	23.6
2295	101.6
2296	93.4
2297	148.1
2298	0
2299	18
2300	0
2301	0
2302	0
2303	0
2304	0
2305	0
2306	47.8
2307	112.1
2308	0
2309	34.6
2310	148.2
2311	0.2
2312	0
2313	0
2314	0
2315	0.1
2316	0
2317	138.7
2318	0
2319	0
2320	102.4
2321	71
2322	0
2323	0
2324	137.5
2325	95
2326	35.2
2327	0
2328	105.8
2329	0
2330	0.2
2331	0.1
2332	20.1
2333	0
2334	64.1
2335	0.2
2336	39
2337	0.1
2338	28.3
2339	20.4
2340	58
2341	43.9
2342	0.2
2343	23.1
2344	0.1
2345	25.1
2346	40.1
2347	0
2348	0
2349	44.2
2350	0
2351	53
2352	0
2353	36.1
2354	0
2355	42.5
2356	0.2
2357	0.1
2358	18.5
2359	50.6
2360	44.6
2361	47.1
2362	22.1
2363	57.4
2364	18.2
2365	46.5
2366	0.3
2367	0.2
2368	56.3
2369	16.7
2370	63.7
2371	0
2372	37
2373	42.2
2374	17.6
2375	0
2376	0.4
2377	56.1
2378	42.9
2379	48.9
2380	52.7
2381	40.6
2382	53
2383	0.3
2384	0.1
2385	5.3
2386	0
2387	0
2388	48.5
2389	58.6
2390	12.2
2391	42.4
2392	65.2
2393	0.3
2394	67.5
2395	18.3
2396	48.5
2397	0.1
2398	4.8
2399	40.8
2400	0.1
2401	46.3
2402	72.8
2403	43.8
2404	17.1
2405	46
2406	39.8
2407	0.5
2408	46.1
2409	46
2410	44.4
2411	44.3
2412	52.3
2413	0.1
2414	16.4
2415	46.5
2416	44.1
2417	42.8
2418	49.3
2419	47.9
2420	68.7
2421	0.8
2422	26.5
2423	34.9
2424	46.1
2425	16.6
2426	0.6
2427	0.1
2428	62.3
2429	0.6
2430	0.3
2431	49.3
2432	0.1
2433	83.7
2434	15.4
2435	0.1
2436	0
2437	12.8
2438	39.7
2439	90.5
2440	47.8
2441	0.9
2442	34.2
2443	41.6
2444	71.5
2445	42.6
2446	17.5
2447	55.1
2448	162.3
2449	0.2
2450	0.3
2451	37.7
2452	38.7
2453	113.3
2454	0.2
2455	0.1
2456	98.6
2457	0.1
2458	44.4
2459	57.3
2460	13.1
2461	121.4
2462	65.6
2463	15.7
2464	111.2
2465	0.7
2466	0.2
2467	52
2468	68.7
2469	58.4
2470	122.8
2471	49.7
2472	56.7
2473	15.6
2474	79.3
2475	47.9
2476	0.4
2477	48.7
2478	39.1
2479	0.2
2480	52.2
2481	49.6
2482	12.6
2483	0.4
2484	84.1
2485	71.1
2486	39.9
2487	0.2
2488	48.4
2489	93
2490	56
2491	15.2
2492	88.5
2493	0.4
2494	37.8
2495	36.6
2496	14.5
2497	54.2
2498	66.8
2499	13.1
2500	104.3
2501	61
2502	66.1
2503	31.4
2504	52.3
2505	73.3
2506	37.9
2507	0.2
2508	68.4
2509	0.4
2510	74.3
2511	136.9
2512	67.7
2513	39
2514	60.2
2515	64.7
2516	0.1
2517	16.4
2518	32.8
2519	33.2
2520	116.6
2521	57.7
2522	165.5
2523	15.7
2524	0.3
2525	31.5
2526	58
2527	54.4
2528	59.5
2529	65.7
2530	60.6
2531	56.7
2532	56.7
2533	87.2
2534	33.1
2535	58.2
2536	92
2537	38.6
2538	98.7
2539	183.1
2540	83.2
2541	112.7
2542	69.5
2543	67
2544	35.6
2545	72.7
2546	63.7
2547	34.8
2548	76.9
2549	36.3
2550	0.3
2551	19.2
2552	155.5
2553	53.6
2554	122.2
2555	59.6
2556	67.2
2557	68
2558	32.8
2559	59
2560	106.7
2561	59.5
2562	156.7
2563	80.1
2564	111
2565	86.1
2566	16
2567	36.8
2568	135.3
2569	67.4
2570	33.2
2571	18.1
2572	0.1
2573	1.6
2574	40.1
2575	36.6
2576	32.8
2577	59
2578	64.4
2579	59.4
2580	0.1
2581	96.5
2582	155.3
2583	78.4
2584	0.3
2585	57.7
2586	143.6
2587	65.7
2588	32.3
2589	61.8
2590	64.3
2591	61.7
2592	57.4
2593	54.6
2594	28.8
2595	0.2
2596	73.8
2597	63.9
2598	139.5
2599	39.6
2600	56.8
2601	57.8
2602	92.7
2603	56.4
2604	142.6
2605	35.4
2606	9.2
2607	65.9
2608	52.2
2609	87.2
2610	1
2611	79.1
2612	55.1
2613	57.1
2614	105.7
2615	21.7
2616	85.1
2617	85.8
2618	44.5
2619	0.1
2620	132.3
2621	25.6
2622	63.8
2623	60.6
2624	53.3
2625	122.9
2626	24.2
2627	34.9
2628	21.6
2629	0.2
2630	54.3
2631	50.5
2632	51.9
2633	60.8
2634	61.6
2635	52.3
2636	92.6
2637	0
2638	41.6
2639	52.5
2640	47
2641	48.1
2642	53.9
2643	149.1
2644	10.4
2645	141.4
2646	46
2647	27.2
2648	76.8
2649	7.1
2650	55
2651	0
2652	9.3
2653	58.5
2654	10.1
2655	51
2656	94
2657	26.9
2658	50.5
2659	73.6
2660	69.4
2661	42.3
2662	116.4
2663	7
2664	51.3
2665	6.8
2666	47.2
2667	8.2
2668	46.6
2669	58.5
2670	107.9
2671	68.4
2672	71
2673	0.5
2674	26.3
2675	7.7
2676	4.8
2677	115.9
2678	77.8
2679	7.7
2680	48.8
2681	52.4
2682	44.7
2683	52.5
2684	53.1
2685	59.8
2686	74.2
2687	78.5
2688	40.7
2689	51.8
2690	62.3
2691	48.3
2692	3.8
2693	59.7
2694	48.4
2695	0.1
2696	58.8
2697	0.1
2698	106.6
2699	18.5
2700	66.2
2701	6.1
2702	58.3
2703	47.1
2704	5.4
2705	49.6
2706	48.3
2707	15.5
2708	58.1
2709	21
2710	57.9
2711	48.5
2712	0
2713	58.5
2714	68.3
2715	42.5
2716	51.1
2717	42
2718	44.7
2719	47.3
2720	41.6
2721	51.7
2722	52.3
2723	64.4
2724	28.1
2725	50.4
2726	51.8
2727	69.5
2728	45.3
2729	64
2730	48.9
2731	0
2732	45.7
2733	43.8
2734	47.1
2735	48.7
2736	10.5
2737	46.7
2738	42
2739	48.3
2740	41.9
2741	43.2
2742	44.9
2743	45.8
2744	49.1
2745	36.7
2746	11.3
2747	45.3
2748	0.1
2749	63.9
2750	41.7
2751	58.1
2752	61.9
2753	50.5
2754	43.7
2755	39.8
2756	43.4
2757	64.2
2758	85.1
2759	43.3
2760	45.6
2761	44.6
2762	50.9
2763	27.6
2764	54.5
2765	43.6
2766	46.5
2767	11.7
2768	41.6
2769	42.6
2770	56.3
2771	72.3
2772	43
2773	28.9
2774	71.5
2775	49.5
2776	57.8
2777	43.1
2778	53.2
2779	59.2
2780	26.1
2781	74
2782	38.9
2783	51.9
2784	50.1
2785	28.4
2786	28.1
2787	52.4
2788	43.4
2789	51.9
2790	74.6
2791	45.2
2792	57.5
2793	77.7
2794	56.7
2795	41.5
2796	39.3
2797	97.4
2798	50
2799	69.3
2800	49.8
2801	61
2802	71.9
2803	39.9
2804	26.9
2805	50.4
2806	65.7
2807	83
2808	45.7
2809	57.2
2810	11
2811	62.7
2812	43.9
2813	47.7
2814	70.2
2815	66.3
2816	40.3
2817	48.8
2818	60.3
2819	72.2
2820	69.1
2821	44.3
2822	52.4
2823	54.8
2824	27
2825	47.6
2826	28.4
2827	26
2828	48.4
2829	28.7
2830	60
2831	88.3
2832	84.9
2833	46.1
2834	73.1
2835	65
2836	64
2837	71.6
2838	64.8
2839	54.7
2840	76.1
2841	88.5
2842	56.3
2843	49.5
2844	30.2
2845	47.6
2846	10.6
2847	66
2848	48.4
2849	53.9
2850	55.8
2851	51.8
2852	73.4
2853	60.1
2854	76
2855	57.1
2856	65.7
2857	71.6
2858	70.2
2859	52.2
2860	54.8
2861	77.3
2862	47
2863	35.6
2864	45.2
2865	84.4
2866	48.5
2867	58.1
2868	39.4
2869	50.2
2870	52.2
2871	48.7
2872	56.8
2873	69.5
2874	11.7
2875	70.9
2876	11.5
2877	61.5
2878	58.1
2879	30.8
2880	76.4
2881	73.8
2882	88
2883	56.7
2884	57.2
2885	44.6
2886	70
2887	39.4
2888	11.7
2889	28.8
2890	29.1
2891	82.2
2892	54.9
2893	76.6
2894	54.8
2895	69.9
2896	12.1
2897	71.4
2898	57.6
2899	82.7
2900	59.6
2901	33.4
2902	75.5
2903	88.3
2904	28.2
2905	59.4
2906	55.5
2907	45.9
2908	67.3
2909	63.1
2910	53.8
2911	77.9
2912	67
2913	58.8
2914	94.2
2915	39.3
2916	77.3
2917	28.6
2918	84.6
2919	33
2920	36.9
2921	77
2922	49.8
2923	56.2
2924	57.7
2925	80.1
2926	48
2927	29.9
2928	56.9
2929	44.8
2930	76.5
2931	81.6
2932	89.6
2933	72.5
2934	29.6
2935	71.6
2936	31.5
2937	54.2
2938	33.5
2939	75.4
2940	30.6
2941	59.5
2942	31.7
2943	64.2
2944	31
2945	74.9
2946	87.6
2947	76
2948	88.4
2949	67.7
2950	52.3
2951	102.3
2952	82.1
2953	65
2954	75.1
2955	75.9
2956	90.1
2957	51.8
2958	87.4
2959	35.7
2960	71
2961	76
2962	71.2
2963	54.2
2964	57.5
2965	56.4
2966	93.5
2967	75.3
2968	77
2969	35.6
2970	29.7
2971	72.8
2972	68.4
2973	28.8
2974	73
2975	115.7
2976	80.4
2977	61.5
2978	51.7
2979	81.7
2980	74
2981	91.9
2982	54.6
2983	76.1
2984	88.2
2985	71.8
2986	74.7
2987	66.1
2988	75
2989	29.5
2990	48.8
2991	130.6
2992	54
2993	73.2
2994	81.5
2995	78.6
2996	104.5
2997	74
2998	53.6
2999	51
3000	61.3
3001	41.3
3002	80.1
3003	63.9
3004	25.9
3005	51
3006	79.6
3007	77.1
3008	92.3
3009	26.5
3010	30.2
3011	83.1
3012	74.8
3013	93.2
3014	51.4
3015	21.3
3016	74.5
3017	131.9
3018	55.4
3019	22.2
3020	51.3
3021	27.3
3022	37.8
3023	23.8
3024	87.7
3025	50.4
3026	95.5
3027	88.7
3028	61.8
3029	85.9
3030	34.8
3031	54.2
3032	49.3
3033	20.7
3034	67.7
3035	54.9
3036	34.7
3037	58.9
3038	19.3
3039	56.2
3040	106.5
3041	61.8
3042	56
3043	109.8
3044	39
3045	108.8
3046	17.7
3047	18.8
3048	110.1
3049	53.3
3050	119
3051	48.7
3052	62.6
3053	125.5
3054	53.5
3055	59.3
3056	118.1
3057	18.9
3058	112.9
3059	72
3060	19.8
3061	35.6
3062	22.3
3063	119.6
3064	135.4
3065	35.7
3066	57.4
3067	36.8
3068	63.9
3069	26.3
3070	85
3071	56.2
3072	67.9
3073	12.8
3074	125.5
3075	54.8
3076	50
3077	78
3078	66.3
3079	100.5
3080	122.8
3081	21
3082	35.3
3083	137.9
3084	42.9
3085	68
3086	41.9
3087	223.3
3088	65.7
3089	170.5
3090	79.3
3091	21.8
3092	18.7
3093	51.2
3094	14.5
3095	19
3096	98.5
3097	19.1
3098	190.2
3099	18
3100	103.3
3101	11.8
3102	44.7
3103	116.3
3104	135.4
3105	38.9
3106	145.3
3107	127.5
3108	18.4
3109	41.9
3110	17.7
3111	267.5
3112	11.6
3113	206
3114	22.5
3115	35.4
3116	43.1
3117	22.7
3118	64.9
3119	93.7
3120	10.8
3121	112.1
3122	13.9
3123	134.5
3124	18.6
3125	29.4
3126	12.8
3127	10.6
3128	16.2
3129	16.6
3130	16.9
3131	63.6
3132	132.8
3133	178.8
3134	156.6
3135	13.8
3136	170.2
3137	12.3
3138	17.8
3139	110.3
3140	91.2
3141	19.9
3142	111.3
3143	97.7
3144	17.7
3145	11.4
3146	13.8
3147	11.7
3148	23
3149	14.2
3150	11.3
3151	50
3152	86.5
3153	125
3154	106.1
3155	34.9
3156	32.5
3157	27.3
3158	11.3
3159	104.4
3160	11.8
3161	43.1
3162	88.1
3163	16.1
3164	13
3165	18.4
3166	75.4
3167	18.6
3168	87
3169	13.8
3170	122.5
3171	14.9
3172	112.1
3173	13.7
3174	29.4
3175	116.7
3176	14.1
3177	15.2
3178	15.9
3179	15.5
3180	12.5
3181	18.1
3182	132.2
3183	135.2
3184	38.7
3185	35.1
3186	28.4
3187	52.9
3188	30.3
3189	24.8
3190	13.2
3191	13.4
3192	30.7
3193	6.5
3194	130.1
3195	79.7
3196	5.5
3197	18.5
3198	18
3199	46.8
3200	13.8
3201	15.2
3202	75.9
3203	135.7
3204	18.1
3205	24.5
3206	14.3
3207	8.3
3208	13.6
3209	6.6
3210	24.6
3211	24.6
3212	55.1
3213	15.4
3214	14.5
3215	6.7
3216	14.7
3217	16.9
3218	23.1
3219	26.9
3220	18.4
3221	16.1
3222	24.1
3223	12.3
3224	56.8
3225	17.2
3226	52.7
3227	16.2
3228	6.1
3229	8.6
3230	18.6
3231	5.5
3232	14.9
3233	14.3
3234	50.7
3235	57.6
3236	25.6
3237	12.9
3238	28.5
3239	7.3
3240	20.5
3241	21.9
3242	7
3243	28.5
3244	8.1
3245	16.4
3246	18.8
3247	6.4
3248	15.1
3249	14.2
3250	19.4
3251	121.9
3252	64.4
3253	7.1
3254	22.9
3255	13.4
3256	16
3257	25
3258	8.7
3259	25.3
3260	14.9
3261	10.1
3262	20.5
3263	14.5
3264	13.9
3265	14.5
3266	6.6
3267	27.7
3268	20
3269	55.4
3270	5.7
3271	13
3272	45.3
3273	13.7
3274	58
3275	7.8
3276	10.8
3277	6.1
3278	36.7
3279	13.7
3280	13.4
3281	17.9
3282	12.7
3283	13.5
3284	7.2
3285	11.6
3286	53.9
3287	13.3
3288	15.2
3289	7.4
3290	15.6
3291	43.8
3292	13.3
3293	14
3294	14.9
3295	15.3
3296	12.4
3297	11.2
3298	20.5
3299	8.6
3300	27.1
3301	11.8
3302	16.8
3303	46.6
3304	19.2
3305	14.5
3306	8.5
3307	13.9
3308	39.9
3309	7.7
3310	10.8
3311	13.5
3312	16.8
3313	10
3314	11.3
3315	7.6
3316	29.1
3317	12
3318	11.8
3319	10.9
3320	8.7
3321	8.3
3322	11.6
3323	10.9
3324	8.2
3325	10.4
3326	7.9
3327	10.5
3328	13.5
3329	8.2
3330	19.4
3331	16.6
3332	16.3
3333	9.6
3334	11.7
3335	32.4
3336	8.1
3337	10.4
3338	12.9
3339	11.6
3340	12.6
3341	25
3342	7.5
3343	14.4
3344	9.5
3345	10.5
3346	14.8
3347	7.6
3348	10.7
3349	7.2
3350	12.4
3351	14.9
3352	12.3
3353	12.7
3354	8.7
3355	14.2
3356	14.3
3357	7.6
3358	13.9
3359	12.5
3360	13.4
3361	8.9
3362	6.9
3363	17.2
3364	10.9
3365	15.3
3366	12.6
3367	13.1
3368	12.2
3369	14.6
3370	11.2
3371	13.4
3372	14.8
3373	12.9
3374	12.6
3375	7.1
3376	12
3377	6.5
3378	6.8
3379	7.4
3380	12.4
3381	13.6
3382	6.9
3383	12.9
3384	12.5
3385	13.2
3386	13.5
3387	7.6
3388	6.8
3389	13.7
3390	14
3391	13.1
3392	13.7
3393	7.7
3394	14.4
3395	13.5
3396	13.5
3397	14.2
3398	11
3399	9.1
3400	157.6
3401	191.7
3402	175.4
3403	133.9
3404	107
3405	89.8
3406	109
3407	144.3
3408	130.7
3409	147.1
3410	0
3411	0
3412	157.5
3413	151.6
3414	173.1
3415	131.2
3416	3.5
3417	181.8
3418	145.3
3419	0
3420	2.2
3421	0
3422	128.2
3423	105.8
3424	108.4
3425	171.8
3426	146.8
3427	5.8
3428	36.4
3429	196.3
3430	33.3
3431	154.3
3432	214.8
3433	133.2
3434	127.5
3435	0.1
3436	132
3437	92.1
3438	0.1
3439	0.1
3440	108.6
3441	164.3
3442	0.3
3443	88.7
3444	79.8
3445	0
3446	0.1
3447	0.1
3448	0.5
3449	95.6
3450	0.1
3451	117.7
3452	102.6
3453	80
3454	89.3
3455	97.2
3456	1
3457	142
3458	68.7
3459	1.6
3460	102
3461	1.4
3462	150.3
3463	160
3464	1.7
3465	3.2
3466	42.8
3467	67.6
3468	74.6
3469	41.8
3470	67.3
3471	116.7
3472	32.7
3473	88.8
3474	73.5
3475	0
3476	0
3477	75.2
3478	78.2
3479	0
3480	80.1
3481	122
3482	27
3483	18.8
3484	78.5
3485	17.4
3486	0
3487	53.5
3488	37.5
3489	90.6
3490	79
3491	0
3492	75.7
3493	24.6
3494	87.9
3495	134.2
3496	18.4
3497	24.7
3498	22.1
3499	126.2
3500	42.3
3501	23.5
3502	21.2
3503	0
3504	0
3505	66.4
3506	114.8
3507	0
3508	49.1
3509	20.9
3510	0
3511	43.9
3512	40
3513	25.2
3514	44.7
3515	68.5
3516	43.2
3517	35.2
3518	47
3519	44.8
3520	0.2
3521	0.1
3522	105.1
3523	49.7
3524	41.7
3525	47.4
3526	17.6
3527	41.8
3528	128.6
3529	54.9
3530	54.3
3531	147.4
3532	31.8
3533	0.1
3534	0.1
3535	71.4
3536	43.3
3537	13.1
3538	0.1
3539	62.9
3540	88.5
3541	53.2
3542	52.2
3543	52.8
3544	44.8
3545	106
3546	44.6
3547	40.9
3548	61.3
3549	80.7
3550	70.3
3551	75.5
3552	48.3
3553	62.5
3554	81.2
3555	66.4
3556	76.8
3557	30.2
3558	65.5
3559	28.8
3560	64.6
3561	49.9
3562	18.5
3563	91.6
3564	20.2
3565	22.9
3566	22.6
3567	94.4
3568	129.1
3569	73.6
3570	116.3
3571	126.2
3572	20.6
3573	149.1
3574	46.5
3575	26.3
3576	110.9
3577	148.7
3578	33.5
3579	15.5
3580	15.2
3581	12.8
3582	28.1
3583	13.7
3584	70.7
3585	17.5
3586	57
3587	14.7
3588	8.6
3589	13.9
3590	7.2
3591	14.4
3592	9.2
3593	6.3
3594	13.5
