"COMID"	"Value"
1	23.5
2	8.8
3	49.6
4	24.4
5	36.5
6	0
7	12.7
8	10.4
9	5.6
10	0
11	30.5
12	5.6
13	0.1
14	149.3
15	12.9
16	12.5
17	17.7
18	3.5
19	39.7
20	32.9
21	73.1
22	73.1
23	0
24	5.6
25	44.4
26	4.2
27	25.7
28	47.4
29	5.7
30	0
31	33.2
32	21.8
33	109.4
34	5.6
35	10.2
36	5.7
37	82.3
38	0
39	5.6
40	156.6
41	114.9
42	35.9
43	158.2
44	42.5
45	9.8
46	0.1
47	2.4
48	84.9
49	42.8
50	7.7
51	5.6
52	0.9
53	5.8
54	102.3
55	87.6
56	47.4
57	142.6
58	5.6
59	16.6
60	5.6
61	5.6
62	5.6
63	17.7
64	19.1
65	5.6
66	0.8
67	66.5
68	2.5
69	3.7
70	1
71	0
72	77.6
73	5.6
74	6.7
75	1
76	1
77	0.1
78	2.4
79	71.7
80	1
81	3.1
82	0
83	49.4
84	0
85	52.3
86	3
87	5.6
88	5.6
89	1.2
90	18.8
91	8.5
92	71.4
93	45.6
94	5.6
95	11.5
96	7.5
97	72
98	0
99	1.7
100	75
101	4.6
102	38.7
103	5.6
104	0
105	7.5
106	88.1
107	2.4
108	0
109	7.5
110	7.5
111	0
112	81.1
113	1
114	77.1
115	15.5
116	4.3
117	61.2
118	63.4
119	0
120	6.5
121	0.9
122	30.7
123	0
124	57.8
125	24.1
126	83.1
127	2.5
128	72.7
129	5.6
130	1.1
131	2
132	1
133	57.8
134	14.2
135	66.6
136	9.1
137	85
138	1
139	1
140	16.7
141	16.4
142	1
143	0
144	6.6
145	1
146	51.6
147	21.5
148	97.7
149	81.5
150	62.9
151	0.1
152	52.3
153	1
154	64.3
155	0
156	1.1
157	78.4
158	1
159	2.1
160	56.6
161	1
162	1
163	0.9
164	1
165	0
166	1
167	52.5
168	0
169	71
170	36.5
171	2.5
172	1
173	1.1
174	7.5
175	0.9
176	77.1
177	2.1
178	30.3
179	43.9
180	1
181	0
182	5.9
183	0
184	1
185	1
186	9.4
187	21.8
188	1
189	1
190	17.8
191	1
192	43.9
193	1
194	49.2
195	0
196	1
197	2.1
198	1
199	43.2
200	1
201	1
202	1
203	1
204	1
205	1
206	1.3
207	1.5
208	39.1
209	43
210	2.4
211	31
212	37.3
213	52.3
214	1
215	46.3
216	19.4
217	2
218	2.9
219	5.8
220	1
221	0
222	43.6
223	38.4
224	0
225	6.4
226	31.5
227	0
228	45.2
229	1
230	0
231	2.1
232	28.8
233	36.9
234	0.6
235	0
236	40.5
237	0.9
238	5.8
239	24.4
240	3.6
241	26.5
242	0
243	0
244	31.6
245	38.6
246	29
247	0
248	0
249	0
250	34.1
251	29.6
252	83.3
253	12
254	0
255	0
256	0
257	0
258	0.1
259	0
260	0
261	42.8
262	22.1
263	0
264	0
265	0
266	30.5
267	33.2
268	39.5
269	46.3
270	0
271	2.5
272	24
273	23.6
274	0
275	14.9
276	0
277	1
278	14.7
279	0
280	12.7
281	21
282	19.3
283	1
284	1.2
285	0
286	11.9
287	130
288	1
289	1
290	1
291	17
292	1
293	0
294	39.8
295	1
296	10.3
297	21.2
298	0
299	0.1
300	20.3
301	1
302	25
303	10.2
304	1
305	18.9
306	1.4
307	24.7
308	0.9
309	1
310	9.1
311	18.2
312	16.8
313	12
314	1.1
315	1
316	1
317	0
318	1.8
319	0
320	17.9
321	1
322	7.2
323	12.5
324	1
325	0
326	22.6
327	1
328	1
329	1
330	0
331	1
332	1
333	1
334	1
335	0.1
336	1
337	0
338	1
339	1
340	1
341	1
342	0
343	1
344	0
345	1
346	0
347	1
348	1.2
349	1
350	1
351	1
352	1
353	1
354	1
355	0
356	1
357	0
358	1
359	0
360	1
361	1
362	1
363	1
364	0
365	0.7
366	5.9
367	0
368	31.3
369	0
370	1
371	0
372	5.6
373	6.3
374	0
375	33.1
376	40.9
377	1.1
378	6.2
379	0
380	1.1
381	0
382	0
383	1.2
384	0
385	0
386	0
387	61.6
388	0.9
389	2
390	61.4
391	5.6
392	2.2
393	0
394	5.6
395	0
396	0
397	0
398	5.6
399	0.1
400	5.6
401	2.2
402	0
403	0
404	0
405	0
406	172.3
407	0.1
408	0
409	0
410	63.4
411	1.4
412	0
413	217.9
414	0
415	0
416	0
417	0
418	0
419	8.8
420	0
421	0
422	0
423	2.6
424	71.9
425	9.8
426	0
427	174.5
428	91.2
429	0.9
430	110.9
431	0
432	5.6
433	7.7
434	5.9
435	5.6
436	5.8
437	0.1
438	16.7
439	0
440	0.9
441	102.3
442	4.8
443	46.2
444	5.7
445	50.8
446	5.6
447	55.2
448	33.7
449	5.6
450	8
451	0
452	52.9
453	0
454	5.6
455	8.8
456	5.6
457	3.2
458	42.6
459	46.6
460	5.6
461	88.8
462	54.9
463	7.5
464	1.1
465	71.9
466	0
467	90.6
468	1
469	9.6
470	1
471	1
472	1
473	8.2
474	1
475	0
476	0
477	71
478	1
479	18.1
480	3.4
481	0
482	0
483	14.2
484	5.6
485	5.7
486	0
487	22.5
488	0.8
489	0
490	0.7
491	79.8
492	5.6
493	0
494	124.9
495	0.1
496	0
497	89
498	25.7
499	0
500	25.1
501	126.3
502	129.3
503	5.6
504	5.6
505	4.8
506	35.3
507	29.5
508	4.5
509	18.7
510	118.1
511	27.2
512	56.1
513	0
514	4.5
515	0
516	5.6
517	30.3
518	5.6
519	5.9
520	0.2
521	84
522	5.6
523	0
524	15.3
525	91.9
526	6
527	134.3
528	5.6
529	0
530	119.4
531	31.4
532	66
533	149.7
534	8.8
535	208.9
536	11.9
537	0
538	0
539	0.7
540	5.6
541	60.7
542	37.7
543	24.7
544	0
545	0.1
546	80.4
547	38
548	0.1
549	0.4
550	0.9
551	50.3
552	36.5
553	1.2
554	0
555	5.6
556	42.7
557	6.2
558	0.1
559	31.6
560	43.6
561	2.5
562	50.3
563	0
564	20.3
565	53.2
566	32.8
567	5.6
568	35.9
569	8.8
570	0
571	2.4
572	21.6
573	6.2
574	51.1
575	5.6
576	0
577	0
578	52.3
579	183.8
580	19.8
581	0
582	57.1
583	5.6
584	5.6
585	0
586	51.5
587	30.4
588	23
589	33.8
590	0
591	56.2
592	399.7
593	17.9
594	15
595	45.3
596	5.6
597	0
598	5.6
599	28.4
600	11.2
601	5.7
602	0
603	1
604	41
605	0
606	32.1
607	5.6
608	6.5
609	0
610	5.6
611	1
612	0
613	0
614	41.4
615	0.1
616	0
617	44.5
618	0.4
619	34.1
620	10.9
621	27.7
622	81.8
623	95.7
624	61.5
625	5.6
626	5.6
627	22
628	5.6
629	15.3
630	87.4
631	5.6
632	0.8
633	28.9
634	0
635	39.2
636	12.6
637	12.1
638	5.6
639	0.6
640	0.1
641	61.5
642	0
643	76.7
644	0
645	1
646	39.9
647	5.6
648	3.8
649	65.6
650	5.6
651	147.3
652	5.6
653	0
654	5.6
655	0
656	5.6
657	88.5
658	1.1
659	63.5
660	0
661	1
662	18.9
663	63.9
664	5.6
665	5.6
666	5.6
667	1
668	54.6
669	1.2
670	5.6
671	5.6
672	5.6
673	18
674	0.1
675	121
676	45.4
677	70.5
678	6.9
679	5.6
680	0
681	47.9
682	38.9
683	66.6
684	46.7
685	5.6
686	143.8
687	0
688	87.7
689	5.6
690	23.4
691	0.9
692	76.9
693	6.3
694	0.1
695	0.9
696	152.5
697	5.6
698	48.7
699	32.1
700	68.8
701	0.2
702	148.8
703	58.5
704	24.6
705	67.5
706	6.5
707	146.6
708	74.4
709	84.9
710	42.2
711	0
712	0.5
713	42.2
714	5.7
715	26.1
716	0
717	1.7
718	110.3
719	28.2
720	41.6
721	5.6
722	67.9
723	111.8
724	62.7
725	5.6
726	0
727	0.1
728	86.3
729	0.2
730	33.3
731	7.2
732	0.1
733	19.9
734	29.2
735	0.5
736	6.5
737	34.7
738	37.6
739	51.3
740	78.5
741	62
742	5.8
743	34.2
744	0
745	0
746	22.7
747	49.2
748	0
749	61.1
750	5.6
751	22.3
752	21
753	60.9
754	104.2
755	30.1
756	10.8
757	14.8
758	45.2
759	5.6
760	19.6
761	5.6
762	35.7
763	27.5
764	67.7
765	50.8
766	0
767	40.2
768	24.6
769	184.6
770	21.8
771	16.7
772	47.1
773	13.9
774	12.1
775	0.9
776	6.2
777	28.4
778	11.5
779	0
780	226.9
781	24.2
782	451.7
783	293.8
784	496.9
785	507.6
786	303.7
787	451.7
788	243.3
789	299.8
790	321.7
791	265.7
792	248.2
793	299.7
794	342.8
795	483.8
796	208
797	403.7
798	178.1
799	216.5
800	228.1
801	244.2
802	162.5
803	194.1
804	162.1
805	126.5
806	162.4
807	85.3
808	182.4
809	308.3
810	416.4
811	110
812	340.7
813	176.2
814	149.5
815	186
816	141.5
817	123.4
818	340
819	532.5
820	109.5
821	142.2
822	144.9
823	122.9
824	383.5
825	155.6
826	484.7
827	255.9
828	183
829	184.2
830	321.8
831	152.3
832	251.9
833	128.9
834	288.4
835	125.5
836	251.8
837	51.2
838	167.5
839	178
840	178.8
841	121.7
842	85.2
843	16
844	284.2
845	126.2
846	191.1
847	206.6
848	220.8
849	120.2
850	278.5
851	241.5
852	105.8
853	180.5
854	205.8
855	157.9
856	171.3
857	131.5
858	305.3
859	126.6
860	106.2
861	245.3
862	7.5
863	217
864	115.7
865	233.7
866	96.3
867	80.4
868	317.3
869	122.4
870	35.1
871	131.2
872	114.3
873	9
874	163.2
875	208.2
876	125.1
877	270.8
878	233.6
879	283.4
880	135.4
881	158.8
882	153.8
883	77.9
884	287
885	260
886	6.7
887	99.9
888	84.6
889	206.9
890	165.6
891	162
892	127.4
893	187.9
894	7.1
895	185
896	235.5
897	140.8
898	110.3
899	161.9
900	116.5
901	139.7
902	311.8
903	235.5
904	234.5
905	135.6
906	247.9
907	175.1
908	96.8
909	172.5
910	0
911	207.9
912	106.2
913	194
914	93.7
915	0
916	128.4
917	192.4
918	137.6
919	142.1
920	147.2
921	129.1
922	148.6
923	22.9
924	125.5
925	188.1
926	217.3
927	153.5
928	2.4
929	112
930	163.8
931	147.3
932	4
933	133.8
934	0
935	125.5
936	181.4
937	376.1
938	326
939	145.2
940	138
941	283.6
942	222.8
943	0
944	377.8
945	210.9
946	193.4
947	0
948	133.5
949	226.8
950	235.8
951	126.2
952	138.3
953	3.4
954	3.3
955	120.3
956	126.9
957	152
958	4.2
959	137.6
960	128.1
961	160.8
962	217.7
963	145.3
964	0
965	236.1
966	188
967	0
968	131
969	185.7
970	45.8
971	207
972	229.7
973	138
974	134.2
975	334.2
976	226.9
977	267.1
978	2.4
979	186.1
980	181.2
981	235.9
982	162.6
983	194.7
984	245.7
985	274.8
986	233.4
987	3.1
988	264.6
989	161.7
990	0
991	195
992	0.1
993	335
994	185.5
995	377.8
996	215.4
997	274.6
998	4.3
999	186.4
1000	0
1001	6.1
1002	307.8
1003	0
1004	196.3
1005	3.5
1006	358.7
1007	0
1008	2.4
1009	0
1010	161.2
1011	145.3
1012	339.6
1013	8.1
1014	263.9
1015	2.9
1016	0
1017	325.2
1018	6
1019	9.3
1020	170.5
1021	160.8
1022	161.8
1023	254
1024	304.2
1025	165.3
1026	166.1
1027	260.4
1028	204.3
1029	8.7
1030	0.8
1031	0
1032	0
1033	2
1034	193.6
1035	0.6
1036	141.8
1037	150
1038	163.9
1039	4.6
1040	11.5
1041	172.4
1042	9
1043	0
1044	3.3
1045	11.2
1046	4.9
1047	314.7
1048	313.1
1049	205.5
1050	0
1051	128.3
1052	180.4
1053	10.2
1054	150.3
1055	243
1056	130.9
1057	1.2
1058	144.3
1059	1.8
1060	180.8
1061	0
1062	175
1063	324.2
1064	0.7
1065	2.2
1066	290
1067	1.7
1068	1.4
1069	0.6
1070	233.7
1071	157.6
1072	1.2
1073	0.6
1074	181.6
1075	0
1076	206.3
1077	1.5
1078	202.3
1079	184.1
1080	6.4
1081	1.3
1082	228.5
1083	1.6
1084	149.2
1085	194.2
1086	209.2
1087	0
1088	1.3
1089	3.1
1090	169.8
1091	247.3
1092	0.9
1093	13.6
1094	1.1
1095	12.7
1096	16.8
1097	295.8
1098	15
1099	0
1100	0
1101	1.2
1102	160.4
1103	1.3
1104	7.9
1105	12.1
1106	7.3
1107	1.4
1108	4.2
1109	166.2
1110	0.7
1111	1.2
1112	186.4
1113	316.1
1114	141.5
1115	8.6
1116	11.8
1117	239.6
1118	8.8
1119	8.8
1120	11.9
1121	5.2
1122	9.4
1123	12.4
1124	169.8
1125	13.3
1126	247.7
1127	11
1128	220.4
1129	204.2
1130	4.7
1131	1.1
1132	210.5
1133	243.9
1134	3
1135	0
1136	1.3
1137	6.3
1138	7.3
1139	10.2
1140	190.7
1141	16.4
1142	0.4
1143	190.1
1144	12.9
1145	12
1146	6.8
1147	6.1
1148	244.2
1149	9.6
1150	13
1151	8.4
1152	214.3
1153	177.3
1154	0
1155	0
1156	202.4
1157	11.7
1158	0.1
1159	127.7
1160	19.7
1161	0.4
1162	13
1163	9
1164	246.6
1165	0
1166	211.4
1167	222.6
1168	211.3
1169	268.4
1170	238.9
1171	14
1172	151.7
1173	10.4
1174	302.6
1175	10
1176	80.2
1177	0.1
1178	10.4
1179	275.8
1180	8.1
1181	15
1182	11.6
1183	0.4
1184	0.1
1185	170.9
1186	154.1
1187	10.2
1188	7.8
1189	15.1
1190	14.1
1191	194.8
1192	7.7
1193	196.1
1194	10.9
1195	255.2
1196	14.4
1197	0.2
1198	0.5
1199	189
1200	26.9
1201	13.2
1202	11.2
1203	0.2
1204	7.3
1205	15
1206	1
1207	8.3
1208	0.9
1209	15.3
1210	237.4
1211	244.7
1212	0.1
1213	139.9
1214	131.2
1215	9.6
1216	167.6
1217	157
1218	0.7
1219	1.2
1220	142.2
1221	10
1222	13.6
1223	13
1224	8
1225	210.6
1226	128.1
1227	203.1
1228	10.2
1229	20.6
1230	119.1
1231	0.7
1232	134.3
1233	9.4
1234	13.4
1235	9.1
1236	0.5
1237	242.5
1238	192.9
1239	0.3
1240	8.3
1241	206
1242	122.3
1243	15.5
1244	10.3
1245	218.7
1246	138.9
1247	88.5
1248	29.4
1249	324.7
1250	138.3
1251	13.9
1252	0.2
1253	12.8
1254	15.5
1255	0.1
1256	131.2
1257	18.4
1258	16.4
1259	0.6
1260	172.2
1261	166.2
1262	0.8
1263	25.7
1264	20.1
1265	311.6
1266	128.2
1267	0.2
1268	164.4
1269	30.4
1270	175.8
1271	33.6
1272	6
1273	27.4
1274	144.3
1275	8.7
1276	134.7
1277	117.2
1278	212
1279	27.8
1280	0.3
1281	12.5
1282	0.4
1283	426.8
1284	32.9
1285	29.5
1286	399.1
1287	21.6
1288	14.5
1289	108.2
1290	17
1291	162.3
1292	14.1
1293	26.6
1294	14
1295	191.2
1296	0.7
1297	33.5
1298	151.7
1299	9.9
1300	18.9
1301	0.1
1302	16.9
1303	13
1304	38
1305	468.8
1306	0.2
1307	225.6
1308	18.6
1309	0.1
1310	172
1311	176.5
1312	165.8
1313	12.6
1314	184.7
1315	0.2
1316	158.7
1317	155.2
1318	9.3
1319	223.5
1320	233.3
1321	0.8
1322	0.2
1323	0.2
1324	15.5
1325	118.9
1326	0.9
1327	0.7
1328	165.4
1329	33.8
1330	194.3
1331	156.3
1332	26.3
1333	79.6
1334	193.7
1335	9.2
1336	131.6
1337	2.1
1338	1.6
1339	16.6
1340	28.2
1341	182.4
1342	158.3
1343	0.2
1344	0.5
1345	15.2
1346	0.3
1347	215.4
1348	203.8
1349	15
1350	0.2
1351	231.4
1352	31.3
1353	175.8
1354	0.8
1355	220.4
1356	28.8
1357	102.5
1358	183.9
1359	25.4
1360	1.4
1361	14.2
1362	122.1
1363	0.3
1364	0.9
1365	186.6
1366	1.4
1367	0.4
1368	176
1369	0.8
1370	11.6
1371	0.8
1372	6.4
1373	115.8
1374	1.4
1375	183.8
1376	32.4
1377	18.8
1378	24.6
1379	28.5
1380	177.4
1381	0.3
1382	145.8
1383	1.4
1384	11.1
1385	30
1386	163.3
1387	2.1
1388	1.9
1389	1.4
1390	157.8
1391	374.9
1392	164.8
1393	0.4
1394	0.6
1395	179.1
1396	0.2
1397	308.4
1398	0.4
1399	0.2
1400	95.2
1401	0.8
1402	0.8
1403	141.6
1404	13
1405	0.7
1406	3.4
1407	0.4
1408	0.7
1409	223.6
1410	0.5
1411	160.2
1412	0.6
1413	145.1
1414	5.3
1415	294.6
1416	150.5
1417	1.2
1418	156.5
1419	1.2
1420	25.3
1421	2
1422	1.7
1423	54.7
1424	168.1
1425	0.7
1426	174.8
1427	5.9
1428	1.9
1429	1.3
1430	184.2
1431	148
1432	0.9
1433	152.6
1434	1.3
1435	187.4
1436	0.3
1437	0.4
1438	2.1
1439	7.3
1440	142.4
1441	139.3
1442	2.1
1443	100.1
1444	1
1445	1.3
1446	340.3
1447	1.1
1448	210.1
1449	0.5
1450	2.6
1451	2.5
1452	0.2
1453	172
1454	48.3
1455	0.9
1456	1.5
1457	143
1458	154.4
1459	16.4
1460	0.9
1461	134.1
1462	0.5
1463	0.5
1464	0.5
1465	0.8
1466	231.5
1467	0.9
1468	0.5
1469	169
1470	192
1471	0.4
1472	1.5
1473	250.7
1474	2.3
1475	243
1476	0.4
1477	4.1
1478	279.6
1479	161.5
1480	0.5
1481	146.6
1482	128.9
1483	0.5
1484	2.7
1485	52.4
1486	0.8
1487	0.4
1488	181.7
1489	165.7
1490	2.2
1491	77.9
1492	195.2
1493	417.8
1494	197.6
1495	0.3
1496	137.4
1497	133.6
1498	0.7
1499	182.9
1500	65.4
1501	206.7
1502	169
1503	2.1
1504	0.6
1505	146.3
1506	189.1
1507	0.5
1508	2.9
1509	59.6
1510	1.7
1511	2.7
1512	0.5
1513	273.3
1514	2.1
1515	1.2
1516	1.6
1517	527.6
1518	0.6
1519	268.4
1520	1.2
1521	0.4
1522	1.7
1523	0.9
1524	1.1
1525	0.7
1526	0.9
1527	167.7
1528	0.7
1529	293.7
1530	199.4
1531	2.1
1532	3.4
1533	3.7
1534	216.3
1535	31.4
1536	229
1537	0.7
1538	44.8
1539	2.9
1540	1
1541	0.5
1542	1
1543	128.5
1544	0.4
1545	0.4
1546	37.4
1547	129.9
1548	0.2
1549	0.5
1550	0.7
1551	0.8
1552	144
1553	157.9
1554	93
1555	158.1
1556	297.3
1557	3.8
1558	0.7
1559	140.8
1560	38.5
1561	0.4
1562	3.4
1563	7
1564	0.2
1565	102.2
1566	5.6
1567	0.6
1568	0.9
1569	170.1
1570	280.6
1571	0.2
1572	0.7
1573	178
1574	7.2
1575	177.8
1576	300
1577	171.8
1578	0.5
1579	0.6
1580	245.5
1581	478.4
1582	181
1583	159.4
1584	34.9
1585	233.9
1586	238.2
1587	0.5
1588	407.6
1589	3.1
1590	7
1591	0.5
1592	350.7
1593	8.6
1594	177.1
1595	220.5
1596	159.5
1597	0.3
1598	320.6
1599	227.4
1600	260
1601	68.1
1602	187.2
1603	284.6
1604	170
1605	68.3
1606	0.6
1607	1.3
1608	258.1
1609	0.6
1610	181.3
1611	9.3
1612	346.1
1613	212.7
1614	204.7
1615	393.6
1616	190.6
1617	1.2
1618	180.7
1619	31.6
1620	411.8
1621	323.7
1622	562.5
1623	0.5
1624	218.8
1625	155.6
1626	521.3
1627	0.3
1628	164.1
1629	0.6
1630	541.8
1631	106.3
1632	208.4
1633	0.8
1634	223.8
1635	189.3
1636	191.1
1637	240.8
1638	157.5
1639	10
1640	1.1
1641	155.9
1642	255.8
1643	240.1
1644	2.7
1645	154.9
1646	213.8
1647	0.3
1648	16.3
1649	4.2
1650	17.8
1651	463.8
1652	207.8
1653	20.3
1654	434.6
1655	348
1656	434.3
1657	131
1658	230.2
1659	257.7
1660	143
1661	77.9
1662	0.6
1663	180.7
1664	23.4
1665	14.5
1666	468.9
1667	276
1668	237.2
1669	147.4
1670	64.9
1671	288.3
1672	276.7
1673	387.9
1674	188.9
1675	154.9
1676	56.3
1677	50.2
1678	11.4
1679	210.8
1680	393.5
1681	186.6
1682	9.4
1683	117.8
1684	209.1
1685	108.4
1686	98.8
1687	221.9
1688	153.2
1689	39.2
1690	409.8
1691	63.8
1692	262
1693	48.6
1694	184.6
1695	357.7
1696	0.7
1697	557.7
1698	8.3
1699	48.1
1700	131.5
1701	261.2
1702	468
1703	239.7
1704	0.5
1705	25.1
1706	162.4
1707	11.5
1708	10.6
1709	203
1710	51.5
1711	33.7
1712	144.3
1713	207.4
1714	233.8
1715	333
1716	122.4
1717	191.8
1718	95
1719	91.7
1720	132.7
1721	305
1722	117.1
1723	187.5
1724	110.3
1725	216.9
1726	138.6
1727	612.3
1728	120
1729	53.5
1730	212.2
1731	53.1
1732	106.8
1733	206.3
1734	56.1
1735	237.5
1736	18.4
1737	203.8
1738	112.7
1739	141.5
1740	0.4
1741	50.7
1742	39.8
1743	107.9
1744	104.1
1745	234.5
1746	182.7
1747	129.9
1748	121.9
1749	119
1750	81.9
1751	129.5
1752	107.8
1753	297.4
1754	173.2
1755	117.4
1756	137.1
1757	526.1
1758	187.8
1759	201.3
1760	150.4
1761	113.3
1762	157.5
1763	211.3
1764	257.4
1765	27
1766	242.7
1767	110
1768	0.4
1769	137.8
1770	565.6
1771	177
1772	0.4
1773	324.9
1774	155.8
1775	0.1
1776	121.4
1777	282.5
1778	23.8
1779	32.1
1780	14.6
1781	97.3
1782	108.5
1783	158.1
1784	112.4
1785	227.2
1786	144.8
1787	554.9
1788	366.5
1789	160.8
1790	11.4
1791	121.1
1792	241.8
1793	239.3
1794	74.5
1795	269.4
1796	260.1
1797	244.4
1798	188
1799	0.4
1800	212.1
1801	155.6
1802	157.4
1803	0.3
1804	139.5
1805	17.2
1806	358.5
1807	139
1808	133.6
1809	267.2
1810	482.2
1811	243.8
1812	0.1
1813	526.7
1814	191.8
1815	172.1
1816	109.6
1817	161.5
1818	152.6
1819	442
1820	220.9
1821	188.3
1822	298.7
1823	300.4
1824	0.3
1825	190.7
1826	211.1
1827	199.5
1828	224.5
1829	360.7
1830	0.4
1831	349.3
1832	0.7
1833	226.2
1834	0.2
1835	340.6
1836	318.9
1837	0
1838	0.4
1839	205.4
1840	161.8
1841	184.8
1842	314
1843	256.5
1844	236.7
1845	241.2
1846	0
1847	236.3
1848	281.1
1849	217.8
1850	210.2
1851	288.7
1852	294.8
1853	210.8
1854	366.8
1855	241.3
1856	186
1857	0.4
1858	249.5
1859	222.9
1860	147.3
1861	0.3
1862	296.9
1863	0.2
1864	203.8
1865	200.1
1866	282.4
1867	0.5
1868	327.5
1869	233.5
1870	43.5
1871	302.9
1872	226.9
1873	281.4
1874	255.4
1875	0.7
1876	177.1
1877	0.5
1878	0.1
1879	256.8
1880	289.4
1881	304.1
1882	0.2
1883	263.5
1884	346.2
1885	176.5
1886	140.8
1887	0.4
1888	264.9
1889	0.5
1890	261.5
1891	42.1
1892	287.1
1893	166.3
1894	187.3
1895	229.6
1896	165.5
1897	297.9
1898	233.7
1899	243.6
1900	0.3
1901	218.7
1902	202.2
1903	258.7
1904	330.4
1905	188.5
1906	0.2
1907	0
1908	86.7
1909	33
1910	31.9
1911	236
1912	148.8
1913	0.1
1914	200.4
1915	0.3
1916	230.8
1917	119.8
1918	88.5
1919	0.2
1920	0.3
1921	281
1922	2.1
1923	0.2
1924	0.4
1925	287.5
1926	222
1927	144.7
1928	128.8
1929	0
1930	0.5
1931	0
1932	89.6
1933	275.9
1934	125.8
1935	0.3
1936	295.2
1937	1.3
1938	198.1
1939	136.1
1940	0.6
1941	276.6
1942	69.2
1943	1.4
1944	267.9
1945	0
1946	3.2
1947	2.7
1948	0
1949	198.5
1950	96.6
1951	0.6
1952	46.1
1953	46.1
1954	2.2
1955	53.9
1956	168.1
1957	163.5
1958	0.3
1959	50.8
1960	159.2
1961	70.7
1962	193.7
1963	1.4
1964	2.5
1965	1.2
1966	84.8
1967	30.5
1968	96.3
1969	0.6
1970	173.2
1971	1.5
1972	2.4
1973	1.2
1974	172
1975	45
1976	43.3
1977	38.7
1978	303.9
1979	148.9
1980	2.5
1981	162.9
1982	114.4
1983	1.7
1984	1.2
1985	43.8
1986	71.1
1987	221
1988	36.9
1989	128.5
1990	89.8
1991	1.9
1992	0.8
1993	42.6
1994	171.1
1995	188.7
1996	0.8
1997	42.1
1998	180.4
1999	0.5
2000	61.2
2001	259.4
2002	44.1
2003	35.7
2004	0.4
2005	0.9
2006	49.1
2007	1.7
2008	16.8
2009	0.4
2010	36.4
2011	183.2
2012	1.3
2013	49.4
2014	127.6
2015	54.6
2016	1.5
2017	0.6
2018	50.1
2019	0.6
2020	1.2
2021	32.8
2022	40.6
2023	43
2024	110.5
2025	162
2026	0.6
2027	44.4
2028	275.1
2029	211.6
2030	1.3
2031	57.1
2032	8
2033	0.6
2034	0.5
2035	40.1
2036	107
2037	259.3
2038	137.8
2039	0.5
2040	1.4
2041	152.1
2042	55.6
2043	217.3
2044	252
2045	0.6
2046	0.9
2047	47.1
2048	1.6
2049	0.3
2050	181.7
2051	25.6
2052	0.5
2053	31.6
2054	53.3
2055	34.9
2056	246.4
2057	63
2058	150.7
2059	0.7
2060	40.7
2061	9
2062	207.5
2063	0.6
2064	33.6
2065	1
2066	0.2
2067	86.2
2068	0.2
2069	347.5
2070	24.8
2071	43.8
2072	0.3
2073	55.2
2074	194.9
2075	0.4
2076	136.5
2077	0.3
2078	131.6
2079	1.4
2080	0.2
2081	172.6
2082	0.5
2083	34
2084	123.4
2085	0.5
2086	79.2
2087	0.3
2088	314.2
2089	51
2090	239.4
2091	63.4
2092	71.2
2093	173.6
2094	0.7
2095	35.9
2096	0.8
2097	37.3
2098	134.6
2099	104.4
2100	231.8
2101	0.2
2102	152.6
2103	0.5
2104	0.2
2105	0.5
2106	0.4
2107	0.8
2108	107.1
2109	0.2
2110	0.2
2111	0.1
2112	189
2113	100.9
2114	0.2
2115	140.4
2116	165.6
2117	126.3
2118	38.7
2119	28.8
2120	220
2121	25
2122	168.6
2123	1
2124	160.3
2125	70.9
2126	0.2
2127	21.3
2128	0.4
2129	0.1
2130	0.8
2131	159.5
2132	253.2
2133	1
2134	0.2
2135	39.7
2136	345.8
2137	33.7
2138	39.8
2139	139.5
2140	0.3
2141	183
2142	75.8
2143	0.1
2144	0.1
2145	136
2146	41.2
2147	40.5
2148	176.4
2149	0.8
2150	65.1
2151	0.5
2152	170.7
2153	535.1
2154	198.5
2155	0.1
2156	0.1
2157	0.2
2158	41
2159	26.7
2160	573.7
2161	0.2
2162	0.3
2163	144.2
2164	0.5
2165	42
2166	0.1
2167	0.2
2168	1
2169	178.2
2170	0.1
2171	1.1
2172	0.2
2173	109.3
2174	0.1
2175	24.6
2176	0.4
2177	385
2178	79
2179	0.3
2180	39.3
2181	514.2
2182	0.7
2183	0.2
2184	0.1
2185	146
2186	41.5
2187	32.3
2188	0
2189	0.3
2190	43
2191	0.3
2192	0
2193	0.2
2194	180.8
2195	31.9
2196	0.1
2197	324.1
2198	0
2199	497.1
2200	0.1
2201	15.7
2202	27.6
2203	0.5
2204	0
2205	0.6
2206	37.1
2207	27.7
2208	38.5
2209	0.3
2210	347.6
2211	0.4
2212	79.1
2213	189.9
2214	0.1
2215	41.2
2216	34.5
2217	0.2
2218	0.1
2219	333.8
2220	23.4
2221	0
2222	465.6
2223	0
2224	0.3
2225	48.5
2226	31.3
2227	436.3
2228	0.1
2229	0.2
2230	84.3
2231	0
2232	67.1
2233	0.1
2234	279.2
2235	0.1
2236	0.2
2237	0.4
2238	0.4
2239	33.9
2240	0.2
2241	49.8
2242	0.2
2243	0.4
2244	0.1
2245	350.3
2246	0
2247	0.5
2248	597.1
2249	60
2250	0
2251	22.4
2252	283.3
2253	0.3
2254	35.8
2255	0.3
2256	192.3
2257	41.8
2258	0
2259	449.1
2260	0.1
2261	0.1
2262	0.1
2263	576
2264	496.1
2265	380.9
2266	0.1
2267	0.2
2268	118.1
2269	55.2
2270	0.3
2271	139.7
2272	0.1
2273	52.1
2274	0.4
2275	166.7
2276	115.2
2277	0.2
2278	0.2
2279	0.1
2280	0.3
2281	0.4
2282	661.6
2283	142.8
2284	0.2
2285	382
2286	160.5
2287	37.4
2288	195.7
2289	0.1
2290	0.2
2291	0.1
2292	389.1
2293	51.8
2294	102.1
2295	205.5
2296	229.7
2297	633
2298	0.2
2299	38.9
2300	0.2
2301	0.3
2302	0.4
2303	0.2
2304	0.2
2305	0.2
2306	114.8
2307	270.9
2308	0.3
2309	137.4
2310	615.7
2311	1.6
2312	0.5
2313	0.3
2314	0.4
2315	2.9
2316	0.1
2317	494.5
2318	0
2319	0.1
2320	251.2
2321	289.9
2322	0.5
2323	0.2
2324	468.3
2325	215.9
2326	125.7
2327	0.1
2328	424.6
2329	0.3
2330	3.2
2331	1.3
2332	102
2333	0.4
2334	228.7
2335	3.5
2336	100
2337	0.8
2338	272.2
2339	108.5
2340	203.8
2341	113
2342	2.3
2343	129.3
2344	0.6
2345	319.6
2346	94.7
2347	0.1
2348	0.5
2349	98.5
2350	0.3
2351	178.1
2352	0.3
2353	103.1
2354	0.8
2355	154.3
2356	2.1
2357	1.1
2358	64.9
2359	179.5
2360	110
2361	84.7
2362	198.8
2363	216.4
2364	87.2
2365	87
2366	3.5
2367	1.5
2368	112.7
2369	58.4
2370	251.3
2371	0.6
2372	91
2373	90.1
2374	51.6
2375	1.1
2376	3.7
2377	91.7
2378	80.1
2379	104.2
2380	91.3
2381	78.2
2382	195.8
2383	4.9
2384	1.9
2385	23.7
2386	0.4
2387	0.4
2388	106.5
2389	204.2
2390	51.5
2391	91.3
2392	217.5
2393	4.2
2394	222.3
2395	89.9
2396	102.5
2397	1.2
2398	21.9
2399	105.8
2400	1.5
2401	87.2
2402	219.1
2403	83.8
2404	61.1
2405	105.3
2406	78.4
2407	4.7
2408	82.1
2409	85.4
2410	120.5
2411	136.6
2412	124.9
2413	0.6
2414	78.7
2415	146.9
2416	80.9
2417	77.8
2418	84.7
2419	82.4
2420	182.2
2421	9.1
2422	100.9
2423	66.5
2424	143.3
2425	45.2
2426	4.4
2427	0.6
2428	233.3
2429	4.7
2430	1.2
2431	120.8
2432	0.9
2433	247.6
2434	58.8
2435	0.6
2436	1.2
2437	35.8
2438	88.7
2439	476.7
2440	133.4
2441	8.2
2442	59.5
2443	95.6
2444	213.6
2445	97.2
2446	47.5
2447	115.3
2448	668.4
2449	2.4
2450	5.2
2451	90.7
2452	105.6
2453	677.9
2454	2.6
2455	1.8
2456	590.2
2457	1.9
2458	79.9
2459	108.6
2460	28.2
2461	657.8
2462	348.8
2463	41.6
2464	674.6
2465	8.8
2466	2
2467	95.9
2468	107.9
2469	105.2
2470	633.9
2471	93.4
2472	114.7
2473	45.6
2474	391.8
2475	87.8
2476	7.9
2477	113
2478	95.1
2479	4.2
2480	105.3
2481	193.3
2482	22.6
2483	6
2484	261.3
2485	123.9
2486	117
2487	4.8
2488	107.1
2489	540.9
2490	223.8
2491	30.7
2492	251.4
2493	5.4
2494	82.2
2495	98
2496	28.1
2497	104.7
2498	117.3
2499	23.4
2500	373.9
2501	126.8
2502	127.1
2503	91.9
2504	226.7
2505	204
2506	119.7
2507	4.7
2508	344.9
2509	6.4
2510	329.3
2511	679.2
2512	200.1
2513	102.5
2514	134.7
2515	127.3
2516	0.7
2517	50.9
2518	115.1
2519	109.4
2520	384.6
2521	132.1
2522	852.5
2523	51.3
2524	4.1
2525	125.9
2526	137.6
2527	119.1
2528	131.4
2529	143.5
2530	116.2
2531	121
2532	123.5
2533	280.3
2534	166.1
2535	116.8
2536	295.2
2537	153.5
2538	590.2
2539	696.9
2540	383.4
2541	424.4
2542	214.8
2543	146.6
2544	227.3
2545	268.9
2546	294.6
2547	105.5
2548	309.7
2549	123.9
2550	4.1
2551	93
2552	703.6
2553	135.2
2554	322.9
2555	159.2
2556	162.9
2557	178.9
2558	94.3
2559	99.4
2560	728.3
2561	118.8
2562	769.3
2563	254.6
2564	300.4
2565	406
2566	55.9
2567	145
2568	868
2569	169.7
2570	121.3
2571	92.9
2572	1.5
2573	29.5
2574	129.4
2575	230.4
2576	100.4
2577	131.5
2578	161.1
2579	154.9
2580	1.7
2581	343.4
2582	632.4
2583	392.8
2584	3.9
2585	410.5
2586	500.3
2587	158.4
2588	102.1
2589	137.6
2590	157.8
2591	159.1
2592	139.3
2593	106.2
2594	104.4
2595	3.6
2596	644.4
2597	162
2598	738
2599	117.8
2600	143.9
2601	143.9
2602	394.5
2603	122.5
2604	841.9
2605	147.1
2606	50
2607	606.9
2608	98.3
2609	408.4
2610	34.4
2611	330.8
2612	135.3
2613	156
2614	532.6
2615	150.3
2616	290.5
2617	820.7
2618	121.7
2619	2.6
2620	842.6
2621	76.9
2622	172.1
2623	560.6
2624	135.9
2625	675.6
2626	54.5
2627	133.1
2628	187
2629	3.1
2630	180.3
2631	139.4
2632	333.8
2633	161.5
2634	186.5
2635	132.6
2636	358.7
2637	2.5
2638	199.4
2639	146.5
2640	118.5
2641	202.4
2642	350.6
2643	906
2644	41.9
2645	944.3
2646	123.7
2647	98.3
2648	214.6
2649	59.9
2650	538.7
2651	2
2652	50.9
2653	212.8
2654	30.3
2655	108.6
2656	335.8
2657	88.9
2658	173.9
2659	307
2660	916.6
2661	282.8
2662	753.7
2663	59.2
2664	140.2
2665	72.5
2666	199.5
2667	35.9
2668	258.3
2669	142.9
2670	703.9
2671	233.6
2672	238.3
2673	9.1
2674	73.5
2675	42.3
2676	13.2
2677	771.7
2678	338.7
2679	57.4
2680	253.7
2681	279.3
2682	302.3
2683	142
2684	114.8
2685	175.4
2686	282.6
2687	265.1
2688	184.4
2689	258.6
2690	340
2691	280
2692	7.5
2693	464.4
2694	223.8
2695	1.6
2696	138.3
2697	1.9
2698	530.3
2699	122.7
2700	211.6
2701	20.6
2702	326.2
2703	118.2
2704	28.2
2705	175.4
2706	227.7
2707	75.7
2708	289
2709	255.1
2710	380.8
2711	228.7
2712	0.8
2713	164
2714	354.3
2715	111.7
2716	342.4
2717	203.2
2718	94.5
2719	233.1
2720	227.5
2721	124
2722	283
2723	204.1
2724	160.4
2725	280.2
2726	144.1
2727	226
2728	97.7
2729	174.6
2730	297.6
2731	0.9
2732	191.5
2733	225.5
2734	274.3
2735	135.4
2736	35.5
2737	121
2738	243.6
2739	120.4
2740	224.3
2741	234.6
2742	213.7
2743	115.9
2744	123.7
2745	152
2746	50.4
2747	102.4
2748	1
2749	125.6
2750	301.8
2751	663.7
2752	141.1
2753	116
2754	280.6
2755	184.8
2756	100.6
2757	146.1
2758	582.8
2759	96.2
2760	105.5
2761	104.8
2762	118.4
2763	141.9
2764	262.6
2765	196
2766	317.6
2767	58.7
2768	209.5
2769	103.7
2770	127.8
2771	425.4
2772	225.9
2773	70.1
2774	980.2
2775	296.8
2776	145.9
2777	337.4
2778	350
2779	141.3
2780	38.7
2781	141.2
2782	280.7
2783	190.7
2784	212.7
2785	202.5
2786	181
2787	330.3
2788	97.2
2789	320.6
2790	190.5
2791	267
2792	323.5
2793	632.2
2794	148.3
2795	88.2
2796	194
2797	1064
2798	260.6
2799	142.7
2800	293.6
2801	321
2802	567.1
2803	79.4
2804	52.9
2805	320.7
2806	147.8
2807	971.6
2808	271.3
2809	320.9
2810	46.6
2811	361.3
2812	174.3
2813	259.4
2814	187.1
2815	410.7
2816	76.6
2817	135.3
2818	562.9
2819	240.8
2820	370.7
2821	253.5
2822	128.6
2823	269.3
2824	114.7
2825	122.5
2826	177.9
2827	39.2
2828	189.3
2829	254.1
2830	172.6
2831	316
2832	296.4
2833	77.8
2834	651.3
2835	381.3
2836	205.8
2837	242.4
2838	459.9
2839	261.2
2840	417.8
2841	327.6
2842	349.6
2843	130.4
2844	81.5
2845	89.6
2846	49.5
2847	454.9
2848	368.9
2849	291.6
2850	365.4
2851	314.7
2852	195.6
2853	145.9
2854	439.2
2855	180.1
2856	285.3
2857	168.2
2858	390.5
2859	106.1
2860	114.2
2861	282.2
2862	163
2863	96.1
2864	182.7
2865	407.7
2866	390.4
2867	112.2
2868	145.1
2869	267.5
2870	96.4
2871	333.7
2872	369.5
2873	421.5
2874	90.6
2875	177.5
2876	67.8
2877	149
2878	197.6
2879	92.5
2880	221.4
2881	168.7
2882	502
2883	128.3
2884	238.7
2885	144.4
2886	380.2
2887	116.5
2888	75.2
2889	239.4
2890	259.4
2891	395.7
2892	394
2893	357.5
2894	303.3
2895	403
2896	78.2
2897	448.8
2898	104.4
2899	454.9
2900	220.5
2901	93.7
2902	163.8
2903	442.1
2904	51.5
2905	137.9
2906	418.1
2907	177.9
2908	118.7
2909	720.7
2910	110.4
2911	405.1
2912	160.4
2913	662.8
2914	599.2
2915	94.9
2916	552.7
2917	261.3
2918	522.1
2919	94.6
2920	98.2
2921	298.5
2922	115.2
2923	123
2924	341.3
2925	369.1
2926	212.6
2927	61.5
2928	288.9
2929	168.9
2930	551.3
2931	221.6
2932	488.1
2933	190.2
2934	57.7
2935	118.1
2936	76.5
2937	91.9
2938	64.7
2939	138.5
2940	62.4
2941	106.7
2942	65.9
2943	1175.6
2944	58.1
2945	158.6
2946	254.1
2947	640.1
2948	186.9
2949	127.3
2950	121.7
2951	811.4
2952	178.1
2953	1172.9
2954	274.3
2955	939.5
2956	534.4
2957	281.9
2958	207.4
2959	104.3
2960	185
2961	117.4
2962	109.9
2963	276.1
2964	1025.9
2965	112.1
2966	975.3
2967	798.2
2968	171.5
2969	87.7
2970	48
2971	180.4
2972	279.7
2973	46.1
2974	153.6
2975	287.4
2976	459.2
2977	401.1
2978	284
2979	165.4
2980	181.7
2981	266.6
2982	707.2
2983	203.5
2984	200.4
2985	191.2
2986	147.1
2987	131.2
2988	191.4
2989	44.8
2990	108.7
2991	390.8
2992	376.7
2993	142
2994	153.5
2995	241.4
2996	903.5
2997	454.5
2998	103.4
2999	549.8
3000	109.5
3001	131.8
3002	167
3003	145.4
3004	290.7
3005	237.6
3006	219
3007	246.1
3008	181.8
3009	264.4
3010	39.5
3011	210.6
3012	664
3013	249
3014	106
3015	153.9
3016	161.8
3017	366.3
3018	138.8
3019	125.9
3020	144
3021	264
3022	107.9
3023	259.8
3024	207.3
3025	116.5
3026	252.9
3027	298
3028	159.2
3029	235.4
3030	56.4
3031	341.7
3032	425.1
3033	115.6
3034	520.5
3035	148.3
3036	54.6
3037	340
3038	122.9
3039	166.7
3040	477.7
3041	298.1
3042	375.7
3043	299.6
3044	204.1
3045	425.9
3046	69.2
3047	95.3
3048	270.3
3049	136.6
3050	310.1
3051	381.9
3052	233.3
3053	493.9
3054	147
3055	210.8
3056	324.1
3057	86.3
3058	422.1
3059	258.3
3060	70.8
3061	114.1
3062	227.1
3063	322.2
3064	539.6
3065	109.7
3066	435.2
3067	110.6
3068	409.2
3069	144.3
3070	227
3071	427.4
3072	248.3
3073	31.6
3074	449.2
3075	316.5
3076	540.5
3077	368.3
3078	191.3
3079	378.7
3080	326.3
3081	102.4
3082	109.4
3083	428.5
3084	109.6
3085	222
3086	343.6
3087	562.9
3088	529.4
3089	553.3
3090	340.9
3091	144.6
3092	59.6
3093	529.2
3094	48.8
3095	79.6
3096	416.1
3097	51.1
3098	574
3099	77.9
3100	329.7
3101	22.7
3102	287.6
3103	443
3104	404.3
3105	108.7
3106	379.6
3107	375.2
3108	89.8
3109	334.7
3110	65.1
3111	827.5
3112	23.8
3113	782.2
3114	269.5
3115	112.5
3116	294.3
3117	127.6
3118	578.5
3119	563.7
3120	15.7
3121	611.7
3122	35.1
3123	433.2
3124	36.6
3125	164.3
3126	37.1
3127	16
3128	93.4
3129	59.9
3130	112.2
3131	508.1
3132	369.1
3133	513.7
3134	538.6
3135	33.6
3136	566.9
3137	27.6
3138	67.4
3139	821.7
3140	297
3141	69.7
3142	401.4
3143	617.4
3144	156.4
3145	24.5
3146	67.8
3147	28.7
3148	136.6
3149	68.6
3150	21.8
3151	433.6
3152	698.2
3153	449.4
3154	342.8
3155	239.8
3156	229.3
3157	186.6
3158	20.2
3159	327.4
3160	24
3161	421.1
3162	652.9
3163	60.4
3164	31.8
3165	120.8
3166	750.1
3167	116.7
3168	794.6
3169	75
3170	472.1
3171	71.3
3172	697.6
3173	53.3
3174	205.4
3175	403.3
3176	43.8
3177	126.2
3178	203.3
3179	87
3180	31.1
3181	76.9
3182	430.9
3183	453.8
3184	604.8
3185	480
3186	276.7
3187	360.5
3188	294.4
3189	214.7
3190	71.3
3191	58.5
3192	335.3
3193	55.5
3194	458.2
3195	775.3
3196	21.6
3197	104.2
3198	94.4
3199	525.8
3200	64.4
3201	72.9
3202	807.6
3203	443.6
3204	93
3205	590.6
3206	102.9
3207	117.4
3208	53.5
3209	26.5
3210	451.7
3211	576.3
3212	601.6
3213	76.1
3214	48.8
3215	44.2
3216	95.9
3217	224.9
3218	485.3
3219	457.2
3220	124.5
3221	95.4
3222	430.2
3223	44.1
3224	833.4
3225	86.6
3226	730.9
3227	164.9
3228	55.2
3229	32
3230	140.3
3231	47.6
3232	92.3
3233	99.8
3234	689
3235	711.8
3236	447.7
3237	60.1
3238	365.4
3239	26.2
3240	257.4
3241	152.9
3242	78.8
3243	349.5
3244	85.3
3245	123.7
3246	293.4
3247	23.6
3248	51.9
3249	123.1
3250	213.2
3251	396.4
3252	503.1
3253	68.4
3254	366.6
3255	65.1
3256	169.2
3257	474.5
3258	107.9
3259	185
3260	79.5
3261	34.6
3262	268.4
3263	80.2
3264	51.5
3265	116.5
3266	58.2
3267	187.7
3268	283.8
3269	534.6
3270	47.6
3271	32.2
3272	342.9
3273	35.1
3274	558.9
3275	78.2
3276	103.3
3277	47.3
3278	321.2
3279	72
3280	66.9
3281	241.6
3282	34.3
3283	149.1
3284	63.1
3285	27
3286	458.1
3287	56.1
3288	60.5
3289	69.1
3290	277.3
3291	381.7
3292	59.6
3293	53.5
3294	69.8
3295	103
3296	37
3297	71.5
3298	105.4
3299	63.5
3300	168.1
3301	136.8
3302	208
3303	444.9
3304	101.5
3305	125.5
3306	87.3
3307	86.3
3308	313.8
3309	55.6
3310	105.3
3311	90
3312	81.8
3313	104.9
3314	27.5
3315	78.9
3316	161.5
3317	38.7
3318	64.9
3319	23.4
3320	59.1
3321	70
3322	29.9
3323	39
3324	81.6
3325	108
3326	59.5
3327	21.4
3328	73.2
3329	52.8
3330	95.4
3331	161.7
3332	150.3
3333	96.4
3334	32.1
3335	204.9
3336	64.1
3337	19
3338	79.1
3339	35.8
3340	49.1
3341	150.9
3342	60.6
3343	105.2
3344	99.4
3345	20.7
3346	69.1
3347	63.3
3348	19.1
3349	57.6
3350	93.4
3351	80.1
3352	70.7
3353	80.1
3354	77.9
3355	106.5
3356	115.3
3357	57
3358	64.3
3359	85.6
3360	109.9
3361	66
3362	46.9
3363	84.5
3364	38
3365	113
3366	99
3367	116.8
3368	50.2
3369	74.9
3370	36.1
3371	105.1
3372	104.6
3373	118
3374	120.2
3375	55.2
3376	156.7
3377	53.8
3378	55.2
3379	78.2
3380	149.3
3381	99.8
3382	52.8
3383	138.4
3384	143.6
3385	124.6
3386	95
3387	58.6
3388	48.3
3389	168.7
3390	165.7
3391	145.5
3392	167.1
3393	65.5
3394	185.4
3395	105.3
3396	137.9
3397	141.3
3398	63.6
3399	42.3
3400	314.7
3401	269.4
3402	194.8
3403	158.8
3404	215.3
3405	193.7
3406	287.1
3407	130.3
3408	281.4
3409	161.5
3410	0
3411	0
3412	212.5
3413	259.3
3414	248.7
3415	149.5
3416	15.4
3417	270.3
3418	193.5
3419	0.1
3420	11.6
3421	0.1
3422	195.4
3423	117
3424	158.9
3425	279
3426	191.6
3427	12.8
3428	34.8
3429	478.7
3430	31.5
3431	215.6
3432	360.3
3433	192.2
3434	189.4
3435	0.5
3436	281.5
3437	144.1
3438	0.5
3439	0.4
3440	142.4
3441	193.5
3442	3
3443	133.2
3444	97.9
3445	0.2
3446	1
3447	0.5
3448	4.2
3449	170
3450	0.3
3451	168.1
3452	153.8
3453	150.3
3454	162.8
3455	121.1
3456	63.1
3457	265.9
3458	122.8
3459	12
3460	202.6
3461	58.4
3462	318
3463	268.7
3464	10.4
3465	29.5
3466	88.2
3467	150
3468	234.9
3469	74.5
3470	184.1
3471	176.3
3472	46.8
3473	117.2
3474	184.2
3475	0.5
3476	0.3
3477	206.8
3478	246.8
3479	0.2
3480	213.9
3481	134.5
3482	31.5
3483	39.6
3484	146.6
3485	39.2
3486	0.3
3487	145.5
3488	39
3489	203.9
3490	151.3
3491	1.5
3492	127.1
3493	75.3
3494	186.6
3495	354
3496	24.1
3497	36.7
3498	29.8
3499	262
3500	60.6
3501	58.3
3502	32.2
3503	0
3504	0.1
3505	125.6
3506	314.3
3507	0.1
3508	127.1
3509	116.5
3510	0.1
3511	138.8
3512	112.2
3513	291.7
3514	69.2
3515	228.9
3516	80.4
3517	76.7
3518	107.4
3519	111.9
3520	2.5
3521	1
3522	661.2
3523	106.7
3524	94.4
3525	93.1
3526	94.1
3527	94.6
3528	385.2
3529	143
3530	139.8
3531	633.3
3532	200.4
3533	2.3
3534	3.4
3535	277.7
3536	264.9
3537	83.2
3538	1.3
3539	288.2
3540	839.2
3541	242.4
3542	322.8
3543	216.6
3544	242.7
3545	1071.1
3546	237.3
3547	149.8
3548	404
3549	236.4
3550	161.8
3551	165.1
3552	185.9
3553	224.4
3554	186.7
3555	536.2
3556	189.3
3557	49.7
3558	961.2
3559	35.1
3560	368
3561	116
3562	96.1
3563	335.2
3564	159.2
3565	265.5
3566	121.1
3567	295.9
3568	362.4
3569	390
3570	335.4
3571	351.7
3572	102.4
3573	449.9
3574	374.3
3575	213.5
3576	721.1
3577	641.5
3578	377.5
3579	169.7
3580	162.1
3581	63.2
3582	575.3
3583	71.6
3584	969.3
3585	95.7
3586	618.1
3587	65
3588	92.9
3589	48
3590	50.4
3591	127.3
3592	63.7
3593	48.6
3594	129.5
