"COMID"	"Value"
1	34.1
2	6.5
3	44.1
4	1.3
5	35.7
6	0
7	5.6
8	6.5
9	5.6
10	0
11	1.9
12	5.6
13	0
14	39.1
15	6.6
16	4.7
17	19.2
18	1.6
19	10.3
20	45.4
21	6.8
22	45
23	0
24	5.6
25	7.5
26	0.5
27	5.6
28	34.1
29	3.9
30	0
31	33.7
32	20.4
33	49.5
34	5.6
35	0.6
36	5.6
37	20.5
38	0
39	5.6
40	136.6
41	34.4
42	6.7
43	148.2
44	47
45	6.5
46	0
47	2
48	48.5
49	6.2
50	7.5
51	5.6
52	0.6
53	5.6
54	50.3
55	51.2
56	36.5
57	90.1
58	5.6
59	6.6
60	5.6
61	5.6
62	5.6
63	4.6
64	5.4
65	5.6
66	0.7
67	31.8
68	2
69	1.4
70	1
71	0
72	17.9
73	5.6
74	1.8
75	1
76	1
77	0
78	1.2
79	32.8
80	1
81	0.4
82	0
83	7.7
84	0
85	10.4
86	2.1
87	5.6
88	5.6
89	1
90	5.3
91	7.5
92	29.7
93	9
94	5.6
95	4.2
96	7.5
97	33
98	0
99	1.1
100	29.9
101	1.4
102	5.9
103	5.6
104	0
105	7.5
106	29.1
107	1.2
108	0
109	7.5
110	7.5
111	0
112	30.9
113	1
114	27.8
115	3.6
116	2.2
117	17.9
118	18.3
119	0
120	3.3
121	0.5
122	4.9
123	0
124	13
125	2.8
126	13.7
127	1.1
128	32.1
129	5.6
130	1
131	1.7
132	1
133	18.1
134	3.7
135	14.3
136	2.4
137	28
138	1
139	1
140	3.7
141	3.8
142	1
143	0
144	3.3
145	1
146	16.5
147	6.5
148	23.6
149	8.8
150	19.4
151	0
152	10.8
153	1
154	6.6
155	0
156	1
157	16.5
158	1
159	1.7
160	5.5
161	1
162	1
163	0.5
164	1
165	0
166	1
167	14
168	0
169	18.7
170	3.9
171	1.8
172	1
173	1
174	7.5
175	0.6
176	29.1
177	1.5
178	2.3
179	8.8
180	1
181	0
182	3.3
183	0
184	1
185	1
186	3.4
187	1.8
188	1
189	1
190	3.6
191	1
192	3.1
193	1
194	30.7
195	0
196	1
197	1.5
198	1
199	5.7
200	1
201	1
202	1
203	1
204	1
205	1
206	0.7
207	1
208	25.6
209	5
210	1.9
211	5.8
212	14.3
213	3.1
214	1
215	10.3
216	1.7
217	1.5
218	1.2
219	1.3
220	1
221	0
222	8.8
223	21.5
224	0
225	1.5
226	4.4
227	0
228	7.8
229	1
230	0
231	1.6
232	1.6
233	11.8
234	0.5
235	0
236	2.7
237	0.6
238	1.4
239	5.8
240	2.5
241	3.8
242	0
243	0
244	19.3
245	10.8
246	12.7
247	0
248	0
249	0
250	18.6
251	3.5
252	23
253	1.7
254	0
255	0
256	0
257	0
258	0
259	0
260	0
261	9.1
262	3.2
263	0
264	0
265	0
266	5.4
267	18.6
268	11.3
269	19.1
270	0
271	2
272	4.7
273	13.9
274	0
275	3.4
276	0
277	1
278	3.5
279	0
280	4.1
281	5.2
282	14.3
283	1
284	1
285	0
286	4.5
287	23.4
288	1
289	1
290	1
291	8.8
292	1
293	0
294	10.6
295	1
296	4.2
297	10.1
298	0
299	0
300	9.1
301	1
302	7.5
303	3.8
304	1
305	7.5
306	1
307	6.2
308	0.6
309	1
310	3.4
311	4.6
312	4.4
313	3.5
314	1
315	1
316	1
317	0
318	1.1
319	0
320	4.2
321	1
322	3.3
323	3.9
324	1
325	0
326	9
327	1
328	1
329	1
330	0
331	1
332	1
333	1
334	1
335	0
336	1
337	0
338	1
339	1
340	1
341	1
342	0
343	1
344	0
345	1
346	0
347	1
348	1
349	1
350	1
351	1
352	1
353	0.8
354	1
355	0
356	1
357	0
358	1
359	0
360	1
361	1
362	1
363	1
364	0
365	0.5
366	5.6
367	0
368	12
369	0
370	0.8
371	0
372	5.6
373	5.7
374	0
375	15.5
376	15
377	0.9
378	5.7
379	0
380	0.9
381	0
382	0
383	1.1
384	0
385	0
386	0
387	35.6
388	0.6
389	1.7
390	33.6
391	5.6
392	1.9
393	0
394	5.6
395	0
396	0
397	0
398	5.6
399	0.1
400	5.6
401	1.7
402	0
403	0
404	0
405	0
406	43.9
407	0
408	0
409	0
410	17.7
411	1.1
412	0
413	71.3
414	0
415	0
416	0
417	0
418	0
419	6
420	0
421	0
422	0
423	1.2
424	18.3
425	8.6
426	0
427	79.7
428	15.8
429	0.9
430	60.7
431	0
432	5.6
433	7.2
434	5.6
435	5.6
436	5.8
437	0.1
438	13
439	0
440	0.8
441	40.5
442	4.8
443	9.7
444	5.6
445	28.4
446	5.6
447	30.8
448	21.5
449	5.6
450	5.8
451	0
452	48.9
453	0
454	5.6
455	5.8
456	5.6
457	1.5
458	41.9
459	37.7
460	5.6
461	8.8
462	15.7
463	7.5
464	1
465	29.9
466	0
467	26.9
468	1
469	5.4
470	1
471	1
472	0.8
473	1.7
474	1
475	0
476	0
477	18
478	1
479	6.9
480	1.3
481	0
482	0
483	3.1
484	5.6
485	4.9
486	0
487	6.8
488	0.8
489	0
490	0.7
491	22.1
492	1.6
493	0
494	55.5
495	0.1
496	0
497	8.5
498	6.4
499	0
500	3.8
501	46.2
502	50.4
503	5.6
504	5.6
505	3.2
506	4.3
507	7.7
508	3.1
509	3.6
510	51.4
511	12.1
512	16.6
513	0
514	3.1
515	0
516	5.6
517	5
518	5.6
519	5.7
520	0.1
521	19.8
522	5.6
523	0
524	1.5
525	17.2
526	5.7
527	26.4
528	5.6
529	0
530	27.1
531	17.4
532	3
533	27.1
534	1.6
535	28.5
536	1.3
537	0
538	0
539	0.6
540	5.6
541	14.9
542	16.5
543	4.2
544	0
545	0
546	18
547	13.1
548	0
549	0.1
550	0.6
551	14.6
552	15.3
553	0.9
554	0
555	5.6
556	19.7
557	5.6
558	0
559	11.2
560	15.3
561	1
562	16.9
563	0
564	14
565	10.6
566	15.6
567	5.6
568	15.9
569	5.9
570	0
571	1
572	14.4
573	5.6
574	20.3
575	5.6
576	0
577	0
578	7.9
579	17.3
580	14.8
581	0
582	14.3
583	5.6
584	5.6
585	0
586	13.4
587	16.1
588	0.6
589	30.5
590	0
591	9.9
592	17.7
593	14.6
594	5.9
595	7.5
596	5.6
597	0
598	5.6
599	16.8
600	5.7
601	5.6
602	0
603	0.3
604	3.1
605	0
606	3.9
607	5.6
608	5.6
609	0
610	5.6
611	0.8
612	0
613	0
614	59.1
615	0
616	0
617	32.1
618	0.1
619	6.2
620	5.9
621	0.9
622	83.8
623	86.2
624	63.3
625	5.6
626	5.6
627	15.8
628	5.6
629	6
630	31.7
631	5.6
632	0.3
633	8.2
634	0
635	6.4
636	5.9
637	6
638	5.6
639	0.2
640	0.1
641	23.4
642	0
643	76
644	0
645	0.3
646	8
647	5.6
648	1.2
649	52.7
650	5.6
651	43.1
652	5.6
653	0
654	5.6
655	0
656	5.6
657	70.9
658	1
659	67.3
660	0
661	0.9
662	7.8
663	47.2
664	5.6
665	5.6
666	5.6
667	1
668	39.9
669	1
670	5.6
671	5.6
672	5.6
673	8.1
674	0.1
675	12.7
676	46.2
677	27.9
678	5.7
679	5.6
680	0
681	9
682	43
683	39.9
684	53.6
685	5.6
686	30.9
687	0
688	12.3
689	5.6
690	8.1
691	0.9
692	25
693	5.6
694	0
695	0.9
696	16.8
697	5.6
698	35.5
699	44.5
700	9.5
701	0.1
702	15.9
703	9.2
704	31.4
705	51.7
706	5.6
707	34.1
708	12.2
709	69.3
710	65
711	0
712	0.1
713	40
714	5.6
715	38.9
716	0
717	0.7
718	12.1
719	29.6
720	8.5
721	5.6
722	48.1
723	10
724	100.6
725	5.6
726	0
727	0.1
728	81.8
729	0.1
730	55.1
731	5.7
732	0
733	32.3
734	7.2
735	0.1
736	5.6
737	45.5
738	7.6
739	74
740	110.9
741	50.8
742	3
743	46.9
744	0
745	0
746	7
747	7.7
748	0
749	42.4
750	5.6
751	6.9
752	40
753	7.6
754	10.2
755	45.6
756	6.6
757	2.7
758	2.3
759	5.6
760	6.7
761	5.6
762	35.4
763	37.1
764	28.8
765	6.9
766	0
767	3.8
768	7.6
769	42.2
770	7.3
771	1
772	1.2
773	6.6
774	6.6
775	0.7
776	5.6
777	38.6
778	6.8
779	0
780	49.3
781	40
782	237.7
783	201.6
784	265.6
785	234.7
786	161.8
787	245
788	93.6
789	139.6
790	157
791	127.8
792	147.4
793	116.8
794	192.4
795	180
796	79.4
797	183.1
798	63.9
799	113.3
800	136.4
801	93.5
802	83.6
803	120.3
804	79.2
805	67.9
806	96.1
807	59.7
808	83.2
809	165.5
810	223.4
811	63.4
812	149.9
813	95.2
814	82.8
815	97.9
816	64.6
817	82.3
818	122.5
819	225.5
820	68.9
821	71.9
822	101
823	66.4
824	173.2
825	59.1
826	194.1
827	131.1
828	118.3
829	63.6
830	139.1
831	69.1
832	132.3
833	72.7
834	127
835	92.1
836	122
837	38.8
838	75.2
839	71.5
840	100.5
841	78.4
842	61.7
843	14.4
844	124.9
845	78
846	74.8
847	94.1
848	68.6
849	59.5
850	133.7
851	103.7
852	73.7
853	66.2
854	69.8
855	56.9
856	69.3
857	72.2
858	111.3
859	61.2
860	64
861	79.3
862	7.4
863	60.6
864	61.6
865	66.9
866	63.1
867	53.6
868	127.2
869	65.8
870	25
871	61.4
872	61.4
873	8.5
874	52
875	100.4
876	73.1
877	56.6
878	51.9
879	71.6
880	69.3
881	70.2
882	75
883	43.6
884	54.2
885	55.3
886	6.6
887	73.6
888	80
889	53.6
890	74.4
891	81.6
892	70.9
893	85.2
894	6.7
895	56.5
896	99.6
897	77.4
898	66.4
899	94.4
900	97.9
901	82.6
902	118.2
903	99.4
904	59
905	77.2
906	111.9
907	88.4
908	73.9
909	53.5
910	0
911	60.3
912	72.9
913	90.4
914	85.1
915	0
916	69.2
917	60.6
918	70.5
919	93.6
920	81.6
921	42.6
922	94.3
923	12.5
924	74.3
925	78.1
926	88.7
927	60.5
928	1
929	80.8
930	79.5
931	56.5
932	3
933	82.9
934	0
935	81.6
936	85.2
937	105.4
938	105
939	63.6
940	101.2
941	71.6
942	85.5
943	0
944	87.9
945	88.7
946	97.7
947	0
948	72.5
949	86.9
950	92.4
951	89
952	99.8
953	1.8
954	3
955	84.4
956	80.3
957	108.1
958	1.8
959	104.8
960	89.8
961	86.5
962	95.2
963	77
964	0
965	78.5
966	83.3
967	0
968	90.8
969	91.3
970	21.5
971	103.7
972	93.4
973	93.8
974	90.2
975	85.3
976	76
977	133
978	1.5
979	82.7
980	72.9
981	75.6
982	88.1
983	97
984	69.5
985	128.3
986	113.2
987	1.4
988	120.8
989	90.2
990	0
991	83.8
992	0
993	120.8
994	85.2
995	106.9
996	93.3
997	112.7
998	1.7
999	87
1000	0
1001	1.6
1002	86.3
1003	0
1004	86.7
1005	1.7
1006	104.1
1007	0
1008	1.7
1009	0
1010	94.6
1011	92.8
1012	96.2
1013	1.7
1014	107.3
1015	1.8
1016	0
1017	122.9
1018	2
1019	1.6
1020	96.9
1021	93.2
1022	100
1023	121.8
1024	118.5
1025	83.4
1026	108.2
1027	83.4
1028	88.5
1029	2.4
1030	0.1
1031	0
1032	0
1033	0.1
1034	80.2
1035	0
1036	91
1037	84.7
1038	79.6
1039	1.4
1040	2.1
1041	92.2
1042	1.9
1043	0
1044	0.8
1045	2.1
1046	2.5
1047	117.9
1048	92.6
1049	86.1
1050	0
1051	89.1
1052	98.8
1053	3
1054	92
1055	108.7
1056	88.8
1057	0
1058	83.4
1059	0.1
1060	84.7
1061	0
1062	99.5
1063	117
1064	0
1065	0.6
1066	100.8
1067	0.1
1068	0.1
1069	0
1070	92
1071	82.1
1072	0
1073	0
1074	90.9
1075	0
1076	96.6
1077	0.1
1078	106.7
1079	107.6
1080	2.6
1081	0.1
1082	108.7
1083	0.1
1084	106
1085	86.6
1086	98.6
1087	0
1088	0.1
1089	0.7
1090	86
1091	118.1
1092	0.1
1093	2
1094	0
1095	7.4
1096	8.7
1097	116
1098	7.3
1099	0
1100	0
1101	0
1102	79.3
1103	0
1104	1.1
1105	9.1
1106	0.9
1107	0
1108	1.4
1109	93.3
1110	0
1111	0
1112	110.8
1113	103.3
1114	99.6
1115	1.4
1116	2.3
1117	97.7
1118	1.3
1119	1.1
1120	4
1121	1.4
1122	4.2
1123	5.2
1124	88.4
1125	3
1126	97
1127	1.7
1128	107.7
1129	94.2
1130	1.7
1131	0
1132	88.2
1133	112.4
1134	1.1
1135	0
1136	0
1137	1.7
1138	1.1
1139	1.4
1140	86
1141	4.5
1142	0
1143	101.2
1144	8
1145	2
1146	3.3
1147	3.4
1148	92.2
1149	2.9
1150	1.2
1151	4.8
1152	100.3
1153	87.9
1154	0
1155	0
1156	72.2
1157	1.7
1158	0
1159	67.3
1160	7.3
1161	0
1162	4
1163	3.6
1164	92.8
1165	0
1166	93.4
1167	90.8
1168	84.6
1169	100.8
1170	80.6
1171	4
1172	74.8
1173	2.6
1174	100.9
1175	1.2
1176	50.8
1177	0
1178	3
1179	108.4
1180	1
1181	5.4
1182	9.6
1183	0
1184	0
1185	92
1186	78.1
1187	1.5
1188	8.7
1189	7.2
1190	2.2
1191	81.4
1192	6.7
1193	87.7
1194	6.3
1195	90.1
1196	2
1197	0
1198	0
1199	76
1200	26.2
1201	5.7
1202	2.2
1203	0
1204	2.1
1205	9.5
1206	0
1207	2.2
1208	0.1
1209	4.1
1210	93.8
1211	99.9
1212	0
1213	79.9
1214	74.4
1215	4.8
1216	86.4
1217	76.8
1218	0
1219	0
1220	61.3
1221	8
1222	8.1
1223	4.3
1224	6.1
1225	89.8
1226	76.8
1227	72.6
1228	1.8
1229	6
1230	78.9
1231	0
1232	69.5
1233	6.3
1234	3.2
1235	3
1236	0
1237	99.1
1238	100.5
1239	0
1240	4.9
1241	77.7
1242	69.1
1243	3.1
1244	5.7
1245	76
1246	80.8
1247	64.4
1248	28.5
1249	117.2
1250	59.6
1251	3.2
1252	0
1253	8.3
1254	2.5
1255	0
1256	54.6
1257	3.5
1258	2.3
1259	0
1260	65.2
1261	67
1262	0.1
1263	3.2
1264	4.5
1265	121.2
1266	76.2
1267	0
1268	73.4
1269	28.7
1270	90.4
1271	5.1
1272	4.6
1273	2.4
1274	80.3
1275	8.2
1276	54.4
1277	66.8
1278	104.3
1279	26.5
1280	0
1281	2.5
1282	0
1283	151.7
1284	30.8
1285	2.6
1286	142.9
1287	2.3
1288	2.1
1289	68.6
1290	4.6
1291	64.8
1292	2.9
1293	25.7
1294	2.1
1295	105.4
1296	0.1
1297	30
1298	79.3
1299	9.5
1300	2.7
1301	0
1302	3.6
1303	8.3
1304	33.2
1305	172.6
1306	0
1307	109.1
1308	5.9
1309	0
1310	91.3
1311	94.1
1312	89
1313	2.6
1314	103.6
1315	0
1316	62.7
1317	57.7
1318	7.5
1319	68.2
1320	62.8
1321	0.1
1322	0
1323	0
1324	5.1
1325	64.7
1326	0.1
1327	0.1
1328	87.9
1329	30.9
1330	72.5
1331	56.6
1332	25.7
1333	56.2
1334	101.8
1335	0.9
1336	75
1337	0.2
1338	0.2
1339	4.5
1340	2.5
1341	98.6
1342	96.3
1343	0
1344	0
1345	5.6
1346	0
1347	127
1348	59.7
1349	2.9
1350	0
1351	61.2
1352	28.9
1353	92
1354	0.1
1355	61.2
1356	27
1357	66.5
1358	70
1359	3.7
1360	0.2
1361	3.7
1362	63.7
1363	0
1364	0.3
1365	65
1366	0.1
1367	0
1368	58.8
1369	0.1
1370	0.6
1371	0.1
1372	5.2
1373	63.9
1374	0.2
1375	96.4
1376	30
1377	8.7
1378	5.5
1379	7.5
1380	63
1381	0
1382	71.1
1383	0.2
1384	6.7
1385	28.2
1386	58.3
1387	0.2
1388	0.1
1389	0.1
1390	61.1
1391	125.1
1392	65
1393	0
1394	0.1
1395	61.9
1396	0
1397	170.8
1398	0
1399	0
1400	63
1401	0.2
1402	0.2
1403	89.7
1404	6.8
1405	0.1
1406	0.3
1407	0.1
1408	0.1
1409	115.2
1410	0.1
1411	90.6
1412	0.2
1413	102.3
1414	4.8
1415	133.2
1416	73
1417	0.1
1418	88.5
1419	0.4
1420	8
1421	0.9
1422	0.2
1423	45.2
1424	61.7
1425	0.1
1426	100
1427	3.3
1428	1.5
1429	0.5
1430	67.4
1431	95
1432	0.3
1433	71.8
1434	0.3
1435	71.4
1436	0.1
1437	0
1438	0.1
1439	4
1440	75.7
1441	73.1
1442	0.3
1443	71.4
1444	0.6
1445	0.1
1446	124.7
1447	0.1
1448	138.9
1449	0.1
1450	0.3
1451	0.3
1452	0.1
1453	112.7
1454	43.6
1455	0.2
1456	0.3
1457	103.5
1458	62.4
1459	7.1
1460	0.9
1461	72.9
1462	0
1463	0.3
1464	0.4
1465	0.6
1466	113.6
1467	0.1
1468	0.1
1469	63.8
1470	110.2
1471	0.1
1472	0.1
1473	120.8
1474	0.2
1475	123.4
1476	0.1
1477	0.5
1478	103.4
1479	70.2
1480	0.1
1481	54.6
1482	71.5
1483	0.2
1484	0.3
1485	44.1
1486	0.6
1487	0.4
1488	97.6
1489	56
1490	0.2
1491	64
1492	77.1
1493	113
1494	119.9
1495	0
1496	71.3
1497	71
1498	0.5
1499	68.6
1500	1.7
1501	79.9
1502	98.3
1503	0.2
1504	0
1505	75.7
1506	124.7
1507	0.2
1508	0.7
1509	45.6
1510	0.3
1511	0.4
1512	0.2
1513	89.4
1514	0.4
1515	1
1516	0.2
1517	89.7
1518	0.2
1519	77.2
1520	0.2
1521	0.4
1522	1.1
1523	0.2
1524	0
1525	0
1526	0.4
1527	78.5
1528	0.3
1529	83.7
1530	136.5
1531	0.3
1532	0.7
1533	0.5
1534	88.4
1535	29.4
1536	95.7
1537	0.3
1538	38.2
1539	0.5
1540	0
1541	0.5
1542	0
1543	57
1544	0.2
1545	0.1
1546	33.5
1547	98
1548	0.1
1549	0.2
1550	0.3
1551	0
1552	77.8
1553	123.6
1554	57.3
1555	88.5
1556	84.6
1557	0.7
1558	0.3
1559	65.2
1560	2.6
1561	0.1
1562	0.5
1563	1.1
1564	0.1
1565	64.2
1566	1
1567	0.4
1568	0.3
1569	124.6
1570	93.7
1571	0.1
1572	0.3
1573	116.3
1574	1.3
1575	124.1
1576	151.5
1577	142.2
1578	0.4
1579	0.4
1580	101.7
1581	110.2
1582	92
1583	84.7
1584	31.5
1585	111.4
1586	98.7
1587	0.1
1588	117.3
1589	0.7
1590	4.6
1591	0.3
1592	138.4
1593	1.4
1594	70.9
1595	84.9
1596	120.2
1597	0.1
1598	110.3
1599	128.3
1600	116.1
1601	50.5
1602	117.9
1603	98.9
1604	146.3
1605	6.7
1606	0.2
1607	0.2
1608	95.4
1609	0.4
1610	88.3
1611	1.4
1612	110.3
1613	136.6
1614	83.9
1615	158.6
1616	146.8
1617	0.2
1618	108.6
1619	3.5
1620	139.6
1621	135
1622	199.1
1623	0.7
1624	110.1
1625	114.5
1626	193.1
1627	0.1
1628	101.8
1629	0.6
1630	200.7
1631	81.7
1632	119.7
1633	0.1
1634	108.9
1635	119.2
1636	139.9
1637	173.7
1638	125.4
1639	3
1640	0.1
1641	97.9
1642	117.8
1643	162.8
1644	0.8
1645	72.2
1646	143
1647	0.5
1648	7.1
1649	0.9
1650	1.6
1651	149.1
1652	98.9
1653	1.3
1654	162
1655	154.2
1656	223.1
1657	69.4
1658	195.7
1659	155
1660	83.4
1661	7.8
1662	0.3
1663	125.4
1664	5.3
1665	0.7
1666	209.6
1667	150.7
1668	111.4
1669	81.9
1670	17.9
1671	163
1672	127.4
1673	150.5
1674	136.8
1675	88.1
1676	11
1677	16.9
1678	1.1
1679	146.6
1680	174
1681	76.9
1682	0.7
1683	77.7
1684	149.3
1685	70.2
1686	73.9
1687	125.7
1688	82
1689	7.6
1690	156.4
1691	12.4
1692	111.3
1693	12.4
1694	72.5
1695	138.5
1696	0.1
1697	191.9
1698	0.8
1699	4
1700	94.7
1701	111.9
1702	193
1703	87.3
1704	0.1
1705	2.4
1706	105.8
1707	0.5
1708	0.6
1709	145
1710	8.7
1711	3.5
1712	107.5
1713	102.5
1714	144.9
1715	118.2
1716	62.7
1717	96.8
1718	6.9
1719	62.7
1720	83.3
1721	162.3
1722	71.8
1723	83.9
1724	69.6
1725	132.9
1726	77.9
1727	199.3
1728	87.5
1729	19.1
1730	95.5
1731	6.5
1732	67.1
1733	110.7
1734	11.4
1735	108.9
1736	0.9
1737	129.5
1738	60.6
1739	84.5
1740	0.1
1741	13.5
1742	3.5
1743	68.8
1744	99.8
1745	121.3
1746	98.6
1747	90.2
1748	91.7
1749	80.7
1750	56.3
1751	84.4
1752	84.3
1753	141.5
1754	112.5
1755	84.7
1756	85.8
1757	151.9
1758	116.9
1759	76.2
1760	93
1761	120.1
1762	118.8
1763	103.3
1764	124.1
1765	5.1
1766	161.1
1767	99.1
1768	0.1
1769	99.9
1770	155.6
1771	123.6
1772	0.2
1773	152.1
1774	73.6
1775	0
1776	76.1
1777	148.2
1778	4.5
1779	5.1
1780	1.5
1781	99.5
1782	99.5
1783	79.9
1784	74.6
1785	95.7
1786	117.4
1787	185.9
1788	137.3
1789	68.3
1790	2.8
1791	86.2
1792	69.2
1793	121.1
1794	57.6
1795	97.1
1796	119.1
1797	162.5
1798	65.8
1799	0
1800	104.3
1801	136
1802	103.8
1803	0.2
1804	82.5
1805	4.9
1806	119.9
1807	92.2
1808	72.7
1809	128.7
1810	199.5
1811	84.1
1812	0
1813	190.6
1814	69.7
1815	71.8
1816	99.5
1817	104.4
1818	83.4
1819	133.9
1820	199.4
1821	102.9
1822	130.2
1823	108.6
1824	0.1
1825	190.6
1826	112.2
1827	80
1828	92.9
1829	117.7
1830	0.3
1831	163.7
1832	0.1
1833	122.9
1834	0.1
1835	108.1
1836	118.2
1837	0
1838	0.1
1839	196.2
1840	94.8
1841	102.9
1842	109.9
1843	240.3
1844	113.4
1845	114.5
1846	0
1847	134.8
1848	203.8
1849	172.9
1850	131.1
1851	126.8
1852	80.1
1853	92.7
1854	158.3
1855	86
1856	108.3
1857	0
1858	90.8
1859	71.5
1860	94.7
1861	0
1862	138.8
1863	0
1864	70.1
1865	109.9
1866	249.1
1867	0.1
1868	139.3
1869	111.9
1870	40.2
1871	169.2
1872	117.9
1873	129.3
1874	230.7
1875	0.1
1876	118.8
1877	0.1
1878	0
1879	286.2
1880	221.9
1881	128.2
1882	0.1
1883	272.2
1884	158.5
1885	80
1886	116.2
1887	0.1
1888	144.7
1889	0.3
1890	241.9
1891	38.4
1892	131.6
1893	79.2
1894	73.6
1895	105.4
1896	65.5
1897	140.6
1898	190.4
1899	123.5
1900	0.1
1901	288.2
1902	129.4
1903	169
1904	134.2
1905	101.6
1906	0
1907	0
1908	79.1
1909	31.9
1910	29.5
1911	135.3
1912	71
1913	0.1
1914	90
1915	0
1916	126.5
1917	116.3
1918	68.8
1919	0.1
1920	0.1
1921	179.3
1922	0.2
1923	0.3
1924	0.1
1925	131.7
1926	148.8
1927	382.7
1928	72.6
1929	0
1930	0.1
1931	0
1932	72
1933	202.2
1934	108.4
1935	0.1
1936	212.8
1937	0.1
1938	127.6
1939	319
1940	0.1
1941	124.5
1942	84.1
1943	0.1
1944	196.3
1945	0
1946	0.2
1947	0.3
1948	0
1949	119
1950	104.4
1951	0.1
1952	41.9
1953	43.6
1954	0.3
1955	107.9
1956	87
1957	343.5
1958	0
1959	52.8
1960	117
1961	79.8
1962	124.3
1963	0.1
1964	0.1
1965	0.3
1966	86.4
1967	28.8
1968	161.2
1969	0
1970	127.6
1971	0.4
1972	0.3
1973	0.1
1974	99.8
1975	38.8
1976	53.4
1977	34.7
1978	177
1979	151.5
1980	0.2
1981	95.9
1982	100.7
1983	0.2
1984	0.2
1985	48.3
1986	109.4
1987	193.3
1988	38.4
1989	182.9
1990	76.8
1991	0.4
1992	0.1
1993	45.6
1994	223.2
1995	166.3
1996	0.1
1997	39.4
1998	293.7
1999	0.1
2000	68.7
2001	176.4
2002	66.2
2003	56.2
2004	0.1
2005	0.1
2006	60.4
2007	0.2
2008	13.2
2009	0.1
2010	41.1
2011	104.3
2012	0.2
2013	78.8
2014	84.9
2015	47.9
2016	0.2
2017	0.1
2018	50.8
2019	0.1
2020	0.3
2021	23.7
2022	30.8
2023	42.8
2024	68.5
2025	247.6
2026	0.1
2027	41.8
2028	233.1
2029	138.5
2030	0.1
2031	69.3
2032	8.8
2033	0.2
2034	0.1
2035	35.7
2036	55.8
2037	141.8
2038	84.1
2039	0.1
2040	0.2
2041	92.6
2042	50.4
2043	137.7
2044	245.3
2045	0.1
2046	0.1
2047	43.5
2048	0.1
2049	0.1
2050	147.7
2051	15.9
2052	0.2
2053	19.1
2054	42.4
2055	50.8
2056	164.6
2057	82.1
2058	102.9
2059	0.1
2060	35.4
2061	7.6
2062	244.1
2063	0.1
2064	21
2065	0.2
2066	0
2067	62.6
2068	0
2069	231.1
2070	24
2071	45.5
2072	0.1
2073	66.7
2074	182.7
2075	0.1
2076	84.5
2077	0.1
2078	107
2079	0.1
2080	0.1
2081	128.8
2082	0.2
2083	18.7
2084	79.2
2085	0.1
2086	70.4
2087	0.1
2088	226
2089	54.4
2090	154.6
2091	60.9
2092	66.8
2093	123.6
2094	0.1
2095	20.6
2096	0.2
2097	31.3
2098	113.8
2099	65.5
2100	175.9
2101	0.1
2102	96.6
2103	0.1
2104	0
2105	0.1
2106	0.1
2107	0.1
2108	82
2109	0.1
2110	0.1
2111	0
2112	103.8
2113	59.8
2114	0.1
2115	129.7
2116	150.7
2117	62.4
2118	48.3
2119	9.9
2120	123.5
2121	23.1
2122	151.2
2123	0.4
2124	126.1
2125	38.7
2126	0.1
2127	19.5
2128	0.1
2129	0
2130	0.4
2131	77.6
2132	149.7
2133	0.1
2134	0.1
2135	9.2
2136	212.1
2137	25.3
2138	14.4
2139	125.7
2140	0
2141	120.2
2142	63.5
2143	0.1
2144	0.1
2145	116.9
2146	24.8
2147	22.2
2148	143
2149	0.2
2150	40.2
2151	0.1
2152	224.8
2153	289.5
2154	178.2
2155	0
2156	0
2157	0.2
2158	28.1
2159	22.8
2160	281.9
2161	0
2162	0.2
2163	106
2164	0.1
2165	29.4
2166	0
2167	0.1
2168	0.4
2169	153.8
2170	0
2171	0.6
2172	0
2173	54.8
2174	0
2175	9.3
2176	0.2
2177	195.9
2178	26.7
2179	0.2
2180	31.3
2181	291.4
2182	0.4
2183	0.1
2184	0.1
2185	103.5
2186	6.7
2187	22.5
2188	0
2189	0
2190	28.3
2191	0.2
2192	0
2193	0
2194	101.7
2195	24
2196	0.1
2197	198.4
2198	0
2199	235.1
2200	0
2201	5.2
2202	21.7
2203	0.2
2204	0
2205	0.6
2206	40.1
2207	22.8
2208	22.6
2209	0.2
2210	179.9
2211	0.3
2212	54.8
2213	121.5
2214	0
2215	39
2216	21.5
2217	0.1
2218	0
2219	179.4
2220	17.5
2221	0
2222	212.3
2223	0
2224	0.3
2225	54.9
2226	19.1
2227	215.2
2228	0.2
2229	0.3
2230	54.4
2231	0
2232	55.4
2233	0.1
2234	152.6
2235	0.1
2236	0.1
2237	0.2
2238	0.2
2239	25.2
2240	0.3
2241	59.5
2242	0.2
2243	0.3
2244	0.3
2245	198.6
2246	0.1
2247	0.2
2248	294.2
2249	63.4
2250	0
2251	14.8
2252	164.2
2253	0.1
2254	26.1
2255	0.1
2256	114.6
2257	18.2
2258	0.1
2259	289.9
2260	0.1
2261	0.1
2262	0
2263	345
2264	268.2
2265	280.7
2266	0.2
2267	0.2
2268	112.5
2269	34.5
2270	0.5
2271	85.8
2272	0.2
2273	24
2274	0.3
2275	164.6
2276	26.4
2277	0.3
2278	0.9
2279	0.1
2280	0.2
2281	0.9
2282	372.8
2283	33.1
2284	0.9
2285	300.4
2286	145.5
2287	21.4
2288	105.4
2289	0.2
2290	0.4
2291	0.2
2292	313.3
2293	27.6
2294	45.1
2295	243.3
2296	208.2
2297	343.8
2298	0.1
2299	18
2300	0.1
2301	1.4
2302	1
2303	0.9
2304	1.3
2305	0.2
2306	132
2307	260
2308	0.3
2309	132.1
2310	348.8
2311	1.2
2312	1.8
2313	1.4
2314	0.6
2315	2.7
2316	0.1
2317	336.9
2318	0
2319	0.1
2320	193.2
2321	151
2322	0.9
2323	0.3
2324	333.7
2325	207
2326	131.9
2327	0.4
2328	225.3
2329	0.5
2330	1.1
2331	1.6
2332	49.6
2333	1
2334	117.5
2335	1.9
2336	130.3
2337	1.8
2338	130.9
2339	34.6
2340	154.8
2341	157.6
2342	0.8
2343	72
2344	2
2345	112.6
2346	134
2347	0.3
2348	1.6
2349	100.9
2350	0.9
2351	100.5
2352	0.7
2353	108.8
2354	3.3
2355	101.1
2356	1
2357	3.4
2358	17.8
2359	129.6
2360	117.4
2361	120.4
2362	52.5
2363	155.2
2364	46.2
2365	85.9
2366	1.6
2367	2.4
2368	119.3
2369	35.9
2370	148.9
2371	1.9
2372	82.7
2373	160.4
2374	15.9
2375	2.6
2376	1.9
2377	128.8
2378	143.8
2379	82.7
2380	114
2381	85.6
2382	127.5
2383	3.3
2384	2.6
2385	11.7
2386	1.5
2387	1.1
2388	115.8
2389	147.9
2390	22.5
2391	68.9
2392	143.9
2393	3.9
2394	159.4
2395	40.9
2396	117.6
2397	2.3
2398	9.9
2399	187.9
2400	3
2401	150.8
2402	152
2403	87.4
2404	25.9
2405	91.9
2406	68.3
2407	4.6
2408	111.4
2409	140.9
2410	162.9
2411	210.4
2412	193.8
2413	2.4
2414	30.7
2415	208.6
2416	121.3
2417	76.6
2418	189
2419	98.4
2420	208.8
2421	7.1
2422	54.1
2423	73.3
2424	191.3
2425	19.9
2426	5.6
2427	2.1
2428	138.8
2429	6.4
2430	5.1
2431	158.4
2432	1.2
2433	179.4
2434	24.2
2435	0.9
2436	1
2437	18.8
2438	141
2439	263.7
2440	189.6
2441	9.8
2442	94.5
2443	144.2
2444	186.2
2445	150.5
2446	22
2447	215
2448	499.9
2449	6.7
2450	5.8
2451	161.9
2452	176.4
2453	479.5
2454	3.3
2455	2.4
2456	419.2
2457	4.8
2458	109.1
2459	203.8
2460	15.9
2461	424.1
2462	209.9
2463	21.7
2464	409.9
2465	12.9
2466	3.3
2467	105.2
2468	210.8
2469	204.7
2470	427.5
2471	152.7
2472	232.4
2473	22.9
2474	274.1
2475	119.6
2476	20.9
2477	165.4
2478	196.2
2479	11.9
2480	195.9
2481	138.7
2482	14.8
2483	16.5
2484	420.9
2485	216.1
2486	206.2
2487	10.8
2488	149.5
2489	457.3
2490	208.7
2491	19.8
2492	390
2493	11.6
2494	161.4
2495	183.1
2496	16.1
2497	125.2
2498	227.5
2499	15.1
2500	691.2
2501	249.1
2502	262.4
2503	192.7
2504	119.5
2505	408.7
2506	138.8
2507	9.7
2508	217.7
2509	11.6
2510	205.1
2511	766
2512	364.4
2513	131.7
2514	244.7
2515	252.7
2516	2.1
2517	22
2518	55.7
2519	162.1
2520	692.6
2521	217.6
2522	1077.6
2523	25.8
2524	14.8
2525	54.2
2526	225
2527	181.1
2528	199.5
2529	207.5
2530	143.9
2531	153.3
2532	143.7
2533	504.9
2534	72.6
2535	165.7
2536	512.7
2537	70.9
2538	578.8
2539	847
2540	730.7
2541	774.9
2542	430.7
2543	221.3
2544	89.9
2545	509.9
2546	169.2
2547	159.6
2548	573.2
2549	189.2
2550	17.5
2551	36.2
2552	959.9
2553	121.6
2554	484.2
2555	146.7
2556	183.6
2557	159
2558	128.7
2559	155.7
2560	663.8
2561	136.2
2562	946.6
2563	432.2
2564	393.2
2565	801.5
2566	23.4
2567	202.4
2568	1055.3
2569	266.9
2570	58.7
2571	31.9
2572	5.4
2573	7.4
2574	159.7
2575	74.8
2576	141.8
2577	135.1
2578	191.4
2579	206.3
2580	5.1
2581	402.4
2582	792.6
2583	642.8
2584	15.6
2585	247.7
2586	563.4
2587	187.9
2588	165.2
2589	186.7
2590	186.1
2591	159
2592	150.2
2593	135.2
2594	51.1
2595	13.8
2596	366.4
2597	155.4
2598	806.4
2599	174.7
2600	148.5
2601	141.3
2602	436.8
2603	130.3
2604	857.9
2605	192.6
2606	57.9
2607	309.7
2608	122.7
2609	624.1
2610	9.2
2611	661.5
2612	143.1
2613	150.7
2614	612.9
2615	67.5
2616	609.8
2617	543.1
2618	211.5
2619	11.7
2620	718.1
2621	43.3
2622	139.9
2623	284.4
2624	151
2625	727.5
2626	34.4
2627	194.1
2628	74.7
2629	8.2
2630	212.3
2631	150.4
2632	204.5
2633	145.2
2634	158.7
2635	106.6
2636	534.1
2637	6
2638	213.9
2639	131.4
2640	102.8
2641	210
2642	202.8
2643	1132.1
2644	71.8
2645	972.5
2646	111
2647	47.9
2648	318
2649	103.1
2650	282.4
2651	2.9
2652	120.9
2653	204.3
2654	51
2655	102.1
2656	419.3
2657	48.6
2658	132.3
2659	199.9
2660	679.8
2661	383.1
2662	920.9
2663	95
2664	141.4
2665	117.5
2666	218.2
2667	18.2
2668	341.3
2669	170.8
2670	873.4
2671	179.7
2672	267.1
2673	2.8
2674	42.9
2675	62.5
2676	6.6
2677	856.8
2678	249.4
2679	61.8
2680	445.3
2681	685.2
2682	543.1
2683	160.3
2684	189.2
2685	175
2686	264.1
2687	316
2688	261.2
2689	570.8
2690	389.9
2691	565.5
2692	4.9
2693	570.9
2694	252.9
2695	4.1
2696	217.7
2697	3.2
2698	527.4
2699	56.7
2700	240.5
2701	10.2
2702	370.2
2703	144.7
2704	12.1
2705	126.8
2706	285.6
2707	51.1
2708	313
2709	171.1
2710	425.3
2711	338.7
2712	0.7
2713	236.6
2714	343.8
2715	104.3
2716	295.6
2717	301.8
2718	107.5
2719	236.1
2720	215.1
2721	122.7
2722	542.8
2723	214.5
2724	75.4
2725	286
2726	175.9
2727	193.9
2728	110.6
2729	203.3
2730	493.4
2731	0.5
2732	192.7
2733	248.9
2734	371.5
2735	140.1
2736	22.7
2737	110.8
2738	215.3
2739	114.1
2740	258.2
2741	183.2
2742	166.1
2743	99.4
2744	159
2745	69.8
2746	28.3
2747	110.9
2748	1.4
2749	150.8
2750	277.3
2751	251.7
2752	181
2753	148.7
2754	293.8
2755	97.3
2756	106
2757	175
2758	307
2759	83.5
2760	80.5
2761	122
2762	139.1
2763	88.8
2764	294
2765	236.8
2766	300.7
2767	29
2768	139.5
2769	81.8
2770	168.8
2771	339.7
2772	121.9
2773	39.7
2774	351.6
2775	274
2776	165.4
2777	334.9
2778	354.7
2779	193.5
2780	30.7
2781	203.7
2782	88.2
2783	255.7
2784	247.9
2785	82.7
2786	69.5
2787	232.3
2788	85.6
2789	340.3
2790	244.1
2791	393.6
2792	438.6
2793	284.3
2794	159.1
2795	78.9
2796	90.5
2797	368
2798	325.7
2799	226.2
2800	319.7
2801	281.6
2802	327.5
2803	75.9
2804	33
2805	340.3
2806	217.1
2807	364.2
2808	263.7
2809	201.9
2810	22
2811	430.6
2812	109.5
2813	126.3
2814	227.7
2815	392.3
2816	73
2817	159
2818	224.6
2819	207.2
2820	263.8
2821	329.1
2822	149.8
2823	194.9
2824	54
2825	138.4
2826	67.8
2827	30.3
2828	136.9
2829	87.9
2830	149.9
2831	404
2832	413.1
2833	85.6
2834	255.9
2835	238.4
2836	183.6
2837	388.2
2838	252.1
2839	441.9
2840	285.4
2841	524.9
2842	146.1
2843	113.1
2844	46.7
2845	101.5
2846	21.6
2847	269.5
2848	314.9
2849	453.5
2850	360.2
2851	146
2852	283.6
2853	179.6
2854	277.6
2855	164.6
2856	218.7
2857	226.7
2858	191.3
2859	121.9
2860	119.2
2861	457.7
2862	113.3
2863	51.9
2864	125.2
2865	669
2866	297.2
2867	140.1
2868	72.2
2869	157.9
2870	106.1
2871	307.9
2872	301.5
2873	212.9
2874	54.8
2875	204.1
2876	36.3
2877	187.1
2878	135.1
2879	51.4
2880	278.3
2881	208.9
2882	746
2883	119.3
2884	140.9
2885	97.7
2886	154.8
2887	64.3
2888	41.2
2889	79.7
2890	116.8
2891	572.6
2892	573
2893	209.9
2894	121.1
2895	309.2
2896	33
2897	220
2898	139.8
2899	222.8
2900	121.3
2901	50.8
2902	213.2
2903	271.4
2904	32.1
2905	114.3
2906	390
2907	93.7
2908	181.5
2909	910.5
2910	78
2911	189.3
2912	211.4
2913	869.7
2914	552.1
2915	65.5
2916	363.2
2917	132.1
2918	265.7
2919	50.4
2920	59
2921	375.8
2922	80.8
2923	125
2924	162.6
2925	395
2926	103
2927	41.6
2928	109.4
2929	85
2930	212.7
2931	266.2
2932	244.9
2933	212.7
2934	37.5
2935	199.2
2936	44.2
2937	68.5
2938	44.7
2939	220.8
2940	44.1
2941	128.6
2942	47
2943	874.3
2944	38.6
2945	267.2
2946	314.1
2947	332
2948	240.6
2949	196.7
2950	66.1
2951	406.8
2952	200.9
2953	623.5
2954	197.7
2955	539.5
2956	217.6
2957	124.8
2958	238.6
2959	51.3
2960	129.9
2961	198.1
2962	176.5
2963	90.6
2964	502.9
2965	68.8
2966	482.5
2967	422.9
2968	173.1
2969	59.9
2970	35
2971	126.8
2972	112.2
2973	34.7
2974	187.3
2975	426
2976	168.8
2977	152.7
2978	90.6
2979	237.3
2980	234.8
2981	323
2982	210.8
2983	277.4
2984	262.6
2985	146.9
2986	213.4
2987	149.3
2988	257.1
2989	31.2
2990	62.7
2991	519.7
2992	106.9
2993	183
2994	192.9
2995	278.1
2996	468
2997	191.5
2998	65.1
2999	315.8
3000	92.4
3001	79.2
3002	201.9
3003	159
3004	63.4
3005	87
3006	202.4
3007	201.3
3008	253.6
3009	82.9
3010	30.1
3011	261.5
3012	257.3
3013	269.6
3014	74.3
3015	33
3016	224.8
3017	519.9
3018	119.5
3019	25
3020	99.8
3021	73.1
3022	58.5
3023	41.2
3024	232.1
3025	91.2
3026	337.8
3027	309.9
3028	148.1
3029	264.5
3030	36.1
3031	135.2
3032	101.9
3033	47
3034	160
3035	104.1
3036	35
3037	108
3038	31.9
3039	105.1
3040	375.6
3041	289.7
3042	294.3
3043	329.1
3044	107.2
3045	343.1
3046	16.5
3047	19.9
3048	330
3049	97.2
3050	400.8
3051	187.2
3052	179.5
3053	403.6
3054	87.2
3055	100.4
3056	356.1
3057	16.8
3058	400.4
3059	122
3060	19.9
3061	59.2
3062	40
3063	386.8
3064	385.3
3065	46.6
3066	263.2
3067	46.6
3068	266.5
3069	41.1
3070	178.8
3071	114.7
3072	113.6
3073	13.8
3074	387.3
3075	85.3
3076	93.8
3077	145.5
3078	109.9
3079	343.5
3080	361.9
3081	29.5
3082	51.8
3083	472.9
3084	42.6
3085	177.2
3086	136.8
3087	455.5
3088	311.5
3089	525.5
3090	145.7
3091	20.7
3092	17
3093	99.6
3094	16.4
3095	17.4
3096	233.3
3097	17
3098	518.3
3099	23.4
3100	251.8
3101	11.5
3102	44.3
3103	485.9
3104	514.4
3105	48.1
3106	525.3
3107	476.7
3108	16.8
3109	40.1
3110	16.5
3111	544.3
3112	11.4
3113	550
3114	24.9
3115	47.6
3116	39.9
3117	22.3
3118	350.7
3119	403
3120	9.9
3121	365.2
3122	13.5
3123	532.9
3124	19.7
3125	59.2
3126	13.9
3127	10.4
3128	11.4
3129	12.7
3130	15.9
3131	310.4
3132	391.7
3133	747.8
3134	787.3
3135	18.2
3136	689.7
3137	15
3138	14.5
3139	555.8
3140	230.2
3141	33.5
3142	311.7
3143	331
3144	14.6
3145	12
3146	10.8
3147	13.2
3148	53.7
3149	12.7
3150	9.8
3151	663.2
3152	590.1
3153	436.3
3154	367.5
3155	169
3156	106.6
3157	87.8
3158	9.9
3159	408.7
3160	11.3
3161	549.2
3162	737.7
3163	12.7
3164	20
3165	66.5
3166	573.3
3167	59.8
3168	535.7
3169	11.2
3170	443.1
3171	35.8
3172	416
3173	11
3174	167.7
3175	436.8
3176	26.5
3177	13
3178	16.1
3179	12.9
3180	14.7
3181	53.5
3182	434.5
3183	675.5
3184	606.5
3185	506.8
3186	106
3187	192.6
3188	246.1
3189	85.9
3190	31.6
3191	26.2
3192	272.7
3193	3.8
3194	514.6
3195	633.3
3196	8.4
3197	57.6
3198	63.4
3199	304.5
3200	10.7
3201	19.3
3202	565.4
3203	651.6
3204	46.4
3205	653
3206	11.3
3207	5.6
3208	20
3209	9.1
3210	413.6
3211	466.9
3212	378
3213	14.1
3214	15
3215	15.7
3216	11.8
3217	14.2
3218	501.7
3219	594.7
3220	64.5
3221	22.1
3222	389.7
3223	18.5
3224	705.6
3225	22.2
3226	540.5
3227	13.2
3228	13.1
3229	11.2
3230	55.2
3231	2.6
3232	21.4
3233	11.5
3234	586.1
3235	481.5
3236	433
3237	10.4
3238	524
3239	10
3240	116.4
3241	74.7
3242	4
3243	454.9
3244	17
3245	14.4
3246	17.7
3247	9.8
3248	17.9
3249	26.8
3250	95.9
3251	515.7
3252	487.3
3253	11.1
3254	437.7
3255	10.7
3256	26.5
3257	521.6
3258	11.9
3259	120
3260	17.5
3261	20.1
3262	446.8
3263	14.5
3264	14.8
3265	11.3
3266	4.5
3267	148.6
3268	399.1
3269	504
3270	3
3271	15.7
3272	349.6
3273	15
3274	546.8
3275	8.8
3276	56.3
3277	4.2
3278	192.6
3279	11.5
3280	13.5
3281	13.8
3282	15.8
3283	277.2
3284	6.8
3285	12.3
3286	415.1
3287	13.5
3288	55.3
3289	6.7
3290	24.3
3291	355
3292	14.1
3293	39.9
3294	51.9
3295	12.3
3296	14.1
3297	23.8
3298	81.3
3299	31.1
3300	121
3301	75.7
3302	13.9
3303	407.3
3304	92.7
3305	230.8
3306	11.6
3307	13.4
3308	342.1
3309	12.8
3310	57.7
3311	12.4
3312	85.5
3313	52.5
3314	12.1
3315	5.9
3316	191.6
3317	12.8
3318	129.2
3319	11.8
3320	38.2
3321	12.2
3322	12.6
3323	31.5
3324	11.1
3325	56.3
3326	17.6
3327	10.8
3328	13.9
3329	45.9
3330	85.4
3331	17
3332	17.2
3333	59.8
3334	11.1
3335	213.3
3336	14.6
3337	11
3338	29.6
3339	14.6
3340	15.5
3341	135.5
3342	15
3343	15.7
3344	64
3345	10.8
3346	25.5
3347	25.4
3348	11.5
3349	12.2
3350	138.6
3351	22.6
3352	112.7
3353	54.4
3354	15
3355	61.5
3356	58.8
3357	11.7
3358	18.8
3359	63.4
3360	150.4
3361	49.3
3362	10
3363	78.5
3364	29.5
3365	20.8
3366	63.4
3367	49.5
3368	14.7
3369	21.6
3370	28.2
3371	62.7
3372	20.6
3373	68.6
3374	63
3375	9.7
3376	60.2
3377	12.6
3378	9.4
3379	23.6
3380	52.6
3381	56.7
3382	10
3383	54.5
3384	49
3385	51
3386	55
3387	12.2
3388	9.2
3389	53.4
3390	51.4
3391	37.9
3392	37.1
3393	12.4
3394	43.5
3395	54.8
3396	39.7
3397	50.7
3398	18.8
3399	14
3400	154.4
3401	160.9
3402	96.5
3403	69.1
3404	66.5
3405	59.2
3406	58.9
3407	76.9
3408	99.4
3409	86.6
3410	0
3411	0
3412	113.5
3413	94
3414	104
3415	75.6
3416	2.1
3417	98.3
3418	83.4
3419	0
3420	4
3421	0
3422	88.6
3423	73.7
3424	58.8
3425	139.7
3426	115.8
3427	2
3428	32
3429	145
3430	28.6
3431	110
3432	177.9
3433	67.4
3434	62.5
3435	0.1
3436	122.5
3437	75.6
3438	0.1
3439	0.1
3440	93.4
3441	107.3
3442	0.4
3443	69.6
3444	75.8
3445	0.1
3446	0.8
3447	0.1
3448	0.9
3449	97
3450	0.3
3451	101.6
3452	85.9
3453	89.5
3454	81.1
3455	74.4
3456	13.4
3457	117.2
3458	57.3
3459	2
3460	115.5
3461	21.9
3462	175.5
3463	178
3464	1.4
3465	4.6
3466	59.7
3467	69.5
3468	71.1
3469	57.7
3470	75.6
3471	115.2
3472	41
3473	109.7
3474	93.9
3475	0
3476	0
3477	92.6
3478	81.4
3479	0
3480	120.1
3481	97.1
3482	28.7
3483	52.6
3484	92.4
3485	44.2
3486	0.1
3487	100.5
3488	39.1
3489	212.3
3490	127.3
3491	0.1
3492	127.7
3493	23.3
3494	150.7
3495	197.4
3496	21.8
3497	23.5
3498	24.7
3499	150.3
3500	45.4
3501	29.6
3502	17.8
3503	0
3504	0.1
3505	127.9
3506	287.8
3507	0
3508	124.8
3509	39.9
3510	0.2
3511	110.7
3512	117.4
3513	103.2
3514	75.1
3515	154.7
3516	78.3
3517	75.9
3518	144.3
3519	157
3520	7.1
3521	2.8
3522	490.1
3523	130.5
3524	102.8
3525	120.2
3526	33.6
3527	135.9
3528	617.5
3529	156.6
3530	119.3
3531	858
3532	75.5
3533	9.6
3534	9.3
3535	237.2
3536	455.9
3537	51.8
3538	1.6
3539	276.2
3540	425.9
3541	415.3
3542	317.2
3543	227.5
3544	186.6
3545	501.3
3546	351.7
3547	113.4
3548	317
3549	354.2
3550	192.5
3551	174.3
3552	89.7
3553	119.2
3554	198.5
3555	422.3
3556	197.1
3557	37.5
3558	431.4
3559	28.8
3560	162.8
3561	77.9
3562	21.5
3563	323.6
3564	40.6
3565	51.1
3566	38.4
3567	297.6
3568	389
3569	317.2
3570	348.4
3571	403.3
3572	18.7
3573	623.6
3574	68.5
3575	42.6
3576	541.7
3577	609.6
3578	502.1
3579	15.1
3580	13.9
3581	20.1
3582	523.4
3583	11.4
3584	677.8
3585	23.3
3586	456.4
3587	17.9
3588	13.5
3589	16.8
3590	24.5
3591	291.4
3592	43.2
3593	15.7
3594	44.5
