"COMID"	"Value"
1	15.4
2	7.1
3	23.7
4	1
5	21
6	0
7	4.1
8	8.6
9	5.7
10	0
11	1.7
12	5.9
13	0
14	81.6
15	10.1
16	8.5
17	9.7
18	1.8
19	19.3
20	9.3
21	7.6
22	31.7
23	0
24	5.6
25	8.1
26	0.3
27	5.7
28	20
29	4.9
30	0
31	11.5
32	8
33	50.7
34	5.6
35	0.4
36	6.5
37	24.2
38	0
39	5.6
40	94.7
41	48.1
42	6.7
43	92.3
44	17.7
45	6.6
46	0
47	4.5
48	36.5
49	6.9
50	7.5
51	5.6
52	0.6
53	7
54	39.1
55	34.4
56	18.5
57	69.5
58	5.6
59	6.9
60	5.6
61	6.1
62	5.8
63	5
64	5.4
65	5.6
66	0.6
67	18.8
68	6
69	1
70	1
71	0
72	11.2
73	5.6
74	3.7
75	1
76	1
77	0.1
78	1
79	28.6
80	1
81	0.4
82	0
83	7.5
84	0
85	6.3
86	6.2
87	5.6
88	5.6
89	1
90	5.4
91	7.6
92	25.5
93	7
94	5.9
95	5.6
96	7.5
97	23.8
98	0
99	1
100	29.3
101	1.5
102	4.7
103	5.6
104	0
105	7.5
106	25.7
107	1.4
108	0
109	7.5
110	7.5
111	0
112	25.4
113	1
114	23
115	3.6
116	11.5
117	23.4
118	24
119	0
120	3.3
121	0.6
122	6.3
123	0
124	17.9
125	34.9
126	23.4
127	1.1
128	39.1
129	5.6
130	1
131	3.6
132	1
133	25.9
134	4
135	17.9
136	17.5
137	43.7
138	1
139	1
140	3.9
141	3.5
142	1
143	0
144	3.3
145	1
146	17.5
147	4.6
148	47.5
149	17.6
150	21.6
151	0
152	11.5
153	1
154	9.7
155	0
156	1
157	28.7
158	1
159	6.7
160	8.8
161	1
162	1
163	0.7
164	1
165	0
166	1
167	28.2
168	0
169	35.8
170	4.6
171	5
172	1
173	1
174	7.5
175	0.9
176	28.3
177	8.9
178	2.9
179	11.3
180	1
181	0
182	3.3
183	0
184	1
185	1
186	3.5
187	1.8
188	1
189	1
190	3.6
191	1
192	4.8
193	1
194	26.7
195	0
196	1
197	6.3
198	1
199	9.8
200	1
201	1
202	1
203	1
204	1
205	1
206	0.7
207	1.1
208	22.7
209	11.2
210	5.8
211	4.1
212	10.4
213	8.9
214	1
215	14.5
216	3.1
217	4.2
218	1.1
219	1.2
220	1
221	0
222	8.7
223	16.8
224	0
225	1.5
226	4.1
227	0
228	9.2
229	1
230	0
231	5.1
232	3.2
233	17.8
234	0.3
235	0
236	5.5
237	1.2
238	1.6
239	3.4
240	12.1
241	3.2
242	0
243	0
244	13.3
245	8.7
246	8.7
247	0
248	0
249	0
250	12.1
251	2.7
252	29.2
253	2.1
254	0
255	0
256	0
257	0
258	0
259	0
260	0
261	7.9
262	2.1
263	0
264	0
265	0
266	5.4
267	10.3
268	14.4
269	15.2
270	0
271	5.3
272	3.1
273	7.1
274	0
275	1.5
276	0
277	1
278	1.4
279	0
280	1.3
281	2.7
282	6.1
283	1
284	1
285	0
286	1.1
287	38.5
288	1
289	1
290	1
291	9.6
292	1
293	0
294	15.8
295	1
296	4.1
297	5.3
298	0
299	0.1
300	5
301	1
302	5.9
303	3.6
304	1
305	5
306	1
307	4.9
308	1
309	1
310	3.3
311	4.3
312	4.6
313	3.4
314	1
315	1
316	1
317	0
318	1
319	0
320	4.6
321	1
322	3.2
323	4.2
324	1
325	0
326	12.5
327	1
328	1
329	1
330	0
331	1
332	1
333	1
334	1
335	0
336	1
337	0
338	1
339	1
340	1
341	1
342	0
343	1
344	0
345	1
346	0
347	1
348	1
349	1
350	1
351	1
352	1
353	1
354	1
355	0
356	1
357	0
358	1
359	0
360	1
361	1
362	1
363	1
364	0
365	0.6
366	5.6
367	0
368	14.6
369	0
370	1
371	0
372	5.6
373	5.7
374	0
375	12
376	63.4
377	1.1
378	5.6
379	0
380	1.2
381	0
382	0
383	2.4
384	0
385	0
386	0
387	40.2
388	0.8
389	2.6
390	34.3
391	5.6
392	5.9
393	0
394	5.6
395	0
396	0
397	0
398	5.6
399	0
400	5.6
401	4.5
402	0
403	0
404	0
405	0
406	59.6
407	0
408	0
409	0
410	24.5
411	9
412	0
413	77
414	0
415	0
416	0
417	0
418	0
419	6.2
420	0
421	0
422	0
423	1.5
424	21.7
425	13.7
426	0
427	88
428	17
429	1.8
430	76.9
431	0
432	5.6
433	8.3
434	5.6
435	5.6
436	5.8
437	0.1
438	17.9
439	0
440	0.9
441	41.7
442	4.8
443	9.6
444	5.6
445	41.5
446	5.6
447	51.8
448	35.2
449	5.6
450	5.8
451	0
452	18.1
453	0
454	5.6
455	7.7
456	5.6
457	7.3
458	22.5
459	29
460	5.6
461	16.2
462	33.3
463	7.5
464	1
465	20.2
466	0
467	34.6
468	1
469	5.3
470	1
471	1
472	1.8
473	1.5
474	1
475	0
476	0
477	44.3
478	1
479	7.3
480	8.1
481	0
482	0
483	16.1
484	5.6
485	4.9
486	0
487	7.9
488	1.2
489	0
490	0.8
491	27.6
492	5.2
493	0
494	53.4
495	0.1
496	0
497	35.9
498	8.4
499	0
500	22.7
501	60.6
502	57.9
503	5.6
504	5.6
505	5.5
506	18.6
507	13.7
508	4.1
509	13.7
510	54.8
511	17.7
512	23.5
513	0
514	3.7
515	0
516	5.6
517	10.7
518	5.6
519	5.8
520	0.1
521	27.3
522	5.6
523	0
524	3.2
525	24
526	5.9
527	33.4
528	5.6
529	0
530	27
531	17.2
532	9
533	38.9
534	3
535	49.1
536	2.4
537	0
538	0
539	0.7
540	5.6
541	21
542	19.4
543	8.5
544	0
545	0
546	28.7
547	58.3
548	0
549	0.1
550	0.6
551	18.6
552	52.4
553	4.3
554	0
555	5.6
556	60.7
557	5.8
558	0.1
559	17.2
560	18.9
561	12.7
562	24.6
563	0
564	14.4
565	19.2
566	20.3
567	5.6
568	19.5
569	6.9
570	0
571	9.6
572	15.2
573	5.7
574	74.2
575	5.6
576	0
577	0
578	13.4
579	35.2
580	15.8
581	0
582	93.4
583	5.6
584	5.6
585	0
586	85.3
587	21.6
588	36.4
589	36.4
590	0
591	102
592	60.8
593	15.5
594	6.5
595	78.9
596	5.6
597	0
598	5.6
599	21.4
600	5.8
601	5.6
602	0
603	1.2
604	66
605	0
606	73.9
607	5.6
608	5.6
609	0
610	5.6
611	0.9
612	0
613	0
614	17
615	0
616	0
617	60.2
618	0.4
619	7.9
620	6.1
621	86.1
622	36.7
623	46.4
624	25.4
625	5.6
626	5.6
627	19
628	5.6
629	8.7
630	63.5
631	5.6
632	0.6
633	9
634	0
635	11.5
636	7.3
637	8.2
638	5.6
639	1.3
640	0
641	48
642	0
643	29.4
644	0
645	1.3
646	8.7
647	5.6
648	2.7
649	22.3
650	5.6
651	120.4
652	5.6
653	0
654	5.6
655	0
656	5.6
657	42
658	7
659	34.8
660	0
661	2.2
662	7.5
663	37.4
664	5.6
665	5.6
666	5.6
667	8.2
668	52.2
669	6.3
670	5.6
671	5.6
672	5.6
673	7.5
674	0
675	13.2
676	12.1
677	50.3
678	6.1
679	5.6
680	0
681	9.9
682	15.9
683	66.8
684	25.1
685	5.6
686	95.1
687	0
688	14.3
689	5.6
690	8.2
691	1.4
692	45.7
693	5.9
694	0
695	1.5
696	25
697	5.6
698	30.7
699	18.5
700	11.2
701	0.2
702	24.5
703	11.1
704	14.3
705	27.5
706	5.8
707	97.3
708	13.9
709	47.7
710	13.2
711	0
712	0.3
713	11.4
714	5.6
715	7.1
716	0
717	2.1
718	19.2
719	10.2
720	10.8
721	5.6
722	42.4
723	19
724	38.6
725	5.6
726	0
727	0
728	47.5
729	0.1
730	11
731	6.4
732	0
733	8.4
734	10.1
735	0.3
736	5.8
737	19.8
738	8.9
739	27.2
740	47.1
741	35.7
742	2
743	17.1
744	0
745	0
746	11.3
747	9
748	0
749	35.8
750	5.6
751	8.1
752	14.1
753	10.4
754	16.2
755	9.5
756	7.3
757	5.4
758	2.6
759	5.6
760	9.9
761	5.6
762	16.4
763	13.9
764	48.8
765	8.9
766	0
767	3.8
768	13
769	107.9
770	12
771	0.8
772	1.7
773	7
774	8.2
775	0.7
776	6.6
777	21.3
778	7.9
779	0
780	146
781	8.9
782	205.3
783	156.4
784	211
785	211.4
786	142.5
787	191.6
788	104.2
789	127.2
790	142.2
791	126.8
792	119
793	126
794	161.6
795	205.1
796	98.8
797	186.3
798	80.7
799	99.8
800	113.4
801	107.5
802	86.2
803	97.8
804	84
805	70.3
806	82.8
807	58.4
808	85.1
809	191.9
810	217.7
811	63.7
812	161.9
813	85.6
814	77.4
815	89.5
816	80.1
817	85.9
818	153.5
819	322.8
820	65.5
821	90.5
822	90.7
823	75.6
824	201.3
825	93.3
826	311.3
827	133
828	106.3
829	103.6
830	180.5
831	92.9
832	127.8
833	82.7
834	192.4
835	86.3
836	128.2
837	36.4
838	101.7
839	99.2
840	100.8
841	80.2
842	60.6
843	12.7
844	189
845	82.4
846	102.4
847	106.6
848	116.2
849	72.8
850	177.4
851	150.6
852	76.3
853	80
854	101.8
855	69.3
856	96.3
857	79.7
858	194.9
859	72.9
860	69.3
861	142.1
862	7
863	88.2
864	68.9
865	122.5
866	64.9
867	56.9
868	210.5
869	72.3
870	26.1
871	74.1
872	67.7
873	8
874	77
875	142.9
876	76.5
877	106
878	104.6
879	166.1
880	77.8
881	86.2
882	89.8
883	53.6
884	126.9
885	110.8
886	6.5
887	71.5
888	66.7
889	92
890	91.4
891	94.6
892	83.2
893	100.7
894	6.7
895	122.1
896	165.8
897	87.5
898	68.6
899	99
900	82.7
901	82.9
902	213.7
903	180.2
904	118.7
905	82
906	186.7
907	111.4
908	75.7
909	84.2
910	0
911	107.6
912	71.2
913	117.8
914	73.1
915	0
916	78.8
917	124.1
918	81.1
919	102.2
920	94.2
921	75.5
922	99.1
923	14.2
924	81.7
925	144.7
926	126.4
927	93.3
928	1.2
929	85.8
930	108
931	85.3
932	2.3
933	89.5
934	0
935	83.2
936	112.3
937	238.4
938	232.6
939	99.9
940	101.2
941	158.7
942	135.9
943	0
944	221.4
945	125.9
946	116.5
947	0
948	83
949	131.1
950	139.7
951	99.7
952	101.1
953	1.9
954	2.1
955	94.8
956	81.4
957	110.1
958	2.2
959	101.3
960	90.3
961	120.4
962	134.8
963	93.9
964	0
965	135.7
966	124.9
967	0
968	93.6
969	118.8
970	28.2
971	140
972	137.8
973	103.1
974	99.8
975	198.7
976	160.7
977	198.1
978	1.5
979	117
980	133.2
981	143
982	110.4
983	129.8
984	155.2
985	200
986	172.8
987	1.9
988	194.6
989	106.1
990	0
991	127.1
992	0
993	225.8
994	112.3
995	235.5
996	138.3
997	196.3
998	2.7
999	110.9
1000	0
1001	3.7
1002	194.8
1003	0
1004	129.6
1005	1.9
1006	217
1007	0
1008	1.5
1009	0
1010	121.3
1011	93.8
1012	207.1
1013	5.5
1014	176.3
1015	1.9
1016	0
1017	221.9
1018	4.1
1019	5.8
1020	129.9
1021	101.2
1022	129.2
1023	152.7
1024	209.1
1025	115.4
1026	123.4
1027	165.8
1028	139.3
1029	6.2
1030	0.4
1031	0
1032	0
1033	1
1034	117.5
1035	0.4
1036	90.2
1037	104.4
1038	103.9
1039	2.2
1040	7.9
1041	117.8
1042	6
1043	0
1044	1.3
1045	8.1
1046	3.4
1047	208.6
1048	198.4
1049	143
1050	0
1051	88.6
1052	110.2
1053	7.4
1054	104.8
1055	150.6
1056	106.5
1057	0.8
1058	104.4
1059	1
1060	120
1061	0
1062	129.6
1063	205.8
1064	0.2
1065	0.8
1066	186.3
1067	0.9
1068	0.8
1069	0.3
1070	155.3
1071	111.8
1072	0.5
1073	0.3
1074	126.9
1075	0
1076	129.1
1077	0.8
1078	149.4
1079	132.9
1080	4.3
1081	0.8
1082	153.5
1083	0.7
1084	116.8
1085	128.2
1086	140.9
1087	0
1088	0.6
1089	1
1090	124.7
1091	164.7
1092	0.5
1093	11
1094	0.5
1095	12.1
1096	15.3
1097	188.1
1098	13
1099	0
1100	0
1101	0.6
1102	116.4
1103	0.4
1104	7.3
1105	9.7
1106	2.3
1107	0.6
1108	3
1109	126.7
1110	0.4
1111	0.8
1112	136.7
1113	198.9
1114	112.7
1115	3
1116	12.9
1117	162.4
1118	3.6
1119	6.7
1120	11.1
1121	3.5
1122	7.8
1123	10.1
1124	128.2
1125	14.3
1126	167.4
1127	12.4
1128	160.7
1129	140.6
1130	3
1131	0.4
1132	146.8
1133	172.5
1134	1.4
1135	0
1136	0.5
1137	3.5
1138	2.7
1139	10.6
1140	140.5
1141	16.1
1142	0.1
1143	136
1144	10.5
1145	9.6
1146	5.7
1147	4.9
1148	164.1
1149	9.8
1150	14.4
1151	6.8
1152	145.3
1153	119.5
1154	0
1155	0
1156	139
1157	12.2
1158	0
1159	98.2
1160	19
1161	0.1
1162	10.6
1163	5.9
1164	174.5
1165	0
1166	147.4
1167	153
1168	144.2
1169	178.9
1170	169.3
1171	9.9
1172	115.2
1173	10.5
1174	236.8
1175	3.6
1176	60.4
1177	0
1178	10
1179	196.5
1180	3.1
1181	10.6
1182	11.5
1183	0.2
1184	0
1185	126.1
1186	102.9
1187	11.3
1188	7.5
1189	12.2
1190	13.7
1191	131.5
1192	6.3
1193	128.9
1194	9.5
1195	187
1196	13.8
1197	0.1
1198	0.2
1199	127
1200	26
1201	11.6
1202	5.5
1203	0.1
1204	8.7
1205	14.2
1206	0.6
1207	4.8
1208	0.6
1209	13.8
1210	154
1211	162.4
1212	0
1213	105.8
1214	97.2
1215	9.3
1216	122.7
1217	112.3
1218	0.3
1219	0.7
1220	94.3
1221	10.2
1222	14.7
1223	10.6
1224	7.8
1225	170
1226	93.1
1227	153.1
1228	5.4
1229	15.8
1230	94.7
1231	0.5
1232	92.4
1233	6.4
1234	7.5
1235	9.4
1236	0.3
1237	184.7
1238	131.7
1239	0.1
1240	7.1
1241	151.9
1242	85.5
1243	13.8
1244	8.5
1245	168.5
1246	106.2
1247	68.6
1248	27.4
1249	244.2
1250	122.2
1251	8
1252	0.1
1253	7.8
1254	9.5
1255	0.1
1256	116.3
1257	14.9
1258	13.7
1259	0.2
1260	155.2
1261	137.3
1262	0.6
1263	22.4
1264	18.3
1265	241.4
1266	106
1267	0.1
1268	121
1269	28.6
1270	132.4
1271	26.3
1272	3.3
1273	22.6
1274	114
1275	5.7
1276	119.7
1277	84.1
1278	167.1
1279	27.1
1280	0.2
1281	11.6
1282	0.2
1283	346.8
1284	30.2
1285	24.4
1286	331.7
1287	12.2
1288	11.9
1289	79.9
1290	12.3
1291	154.3
1292	9.9
1293	26.2
1294	11.9
1295	158.9
1296	0.5
1297	31
1298	126.8
1299	7.5
1300	17
1301	0.1
1302	13
1303	12.6
1304	33.2
1305	375
1306	0.1
1307	197.7
1308	12.9
1309	0.1
1310	137.4
1311	146.2
1312	141.2
1313	11.5
1314	148.8
1315	0.1
1316	148
1317	134.2
1318	8.5
1319	171
1320	184.2
1321	0.6
1322	0.1
1323	0.1
1324	12.7
1325	99.5
1326	0.6
1327	0.6
1328	129.4
1329	31.1
1330	179.6
1331	127.7
1332	26.1
1333	65.1
1334	142.8
1335	6.3
1336	103
1337	1.1
1338	1
1339	10.8
1340	22.4
1341	148
1342	120.2
1343	0.1
1344	0.2
1345	10.9
1346	0.1
1347	183.5
1348	159.8
1349	12.8
1350	0.1
1351	180.4
1352	29.6
1353	122.7
1354	0.5
1355	169.2
1356	28.1
1357	90.4
1358	133
1359	21.3
1360	0.8
1361	11.6
1362	98.1
1363	0.1
1364	0.5
1365	173
1366	0.9
1367	0.2
1368	139.2
1369	0.6
1370	8
1371	0.5
1372	5
1373	92.1
1374	0.7
1375	133.2
1376	29.8
1377	12.8
1378	21.3
1379	24.1
1380	156.2
1381	0.1
1382	110.2
1383	0.7
1384	8
1385	28.4
1386	132.2
1387	1.2
1388	1.2
1389	0.9
1390	122.4
1391	341.5
1392	133.3
1393	0.4
1394	0.3
1395	150.5
1396	0.1
1397	273
1398	0.2
1399	0.1
1400	83.3
1401	0.6
1402	0.5
1403	110.4
1404	10.1
1405	0.3
1406	1.9
1407	0.2
1408	0.5
1409	170.5
1410	0.4
1411	138.6
1412	0.3
1413	120.7
1414	4.2
1415	223.7
1416	103.6
1417	0.7
1418	120.3
1419	1
1420	20
1421	1.7
1422	0.8
1423	47
1424	144.8
1425	0.4
1426	153.9
1427	4.7
1428	1.7
1429	1
1430	136.1
1431	123.4
1432	0.7
1433	104.7
1434	0.8
1435	138.8
1436	0.1
1437	0.3
1438	1.2
1439	6
1440	108.2
1441	103.2
1442	1.1
1443	86.8
1444	0.8
1445	0.5
1446	252.2
1447	0.5
1448	180.8
1449	0.2
1450	1
1451	1.3
1452	0.1
1453	135.9
1454	41.1
1455	0.4
1456	0.9
1457	120.7
1458	131.1
1459	14.1
1460	0.8
1461	97.6
1462	0.3
1463	0.4
1464	0.4
1465	0.7
1466	217.8
1467	0.5
1468	0.3
1469	142.7
1470	147.8
1471	0.3
1472	0.8
1473	235.2
1474	0.9
1475	215.5
1476	0.3
1477	1.4
1478	205.7
1479	146.6
1480	0.3
1481	110
1482	99.7
1483	0.4
1484	1.2
1485	43.3
1486	0.7
1487	0.3
1488	146.5
1489	126.3
1490	0.8
1491	64.2
1492	131.2
1493	260.1
1494	173
1495	0.3
1496	107.3
1497	99.9
1498	0.6
1499	150.8
1500	20.8
1501	142.6
1502	149.6
1503	1
1504	0.5
1505	101.9
1506	165.7
1507	0.4
1508	1
1509	48.6
1510	0.7
1511	1
1512	0.4
1513	177.2
1514	1.1
1515	1.1
1516	0.8
1517	261.9
1518	0.4
1519	212.5
1520	0.4
1521	0.3
1522	1.4
1523	0.6
1524	0.9
1525	0.6
1526	0.7
1527	117.5
1528	0.5
1529	212.7
1530	175
1531	0.9
1532	1.4
1533	1.5
1534	160.5
1535	29.5
1536	159.7
1537	0.6
1538	36.9
1539	0.9
1540	0.9
1541	0.5
1542	0.8
1543	100.6
1544	0.3
1545	0.3
1546	32.3
1547	122
1548	0.2
1549	0.4
1550	0.5
1551	0.6
1552	101.6
1553	140
1554	78.5
1555	144.7
1556	235.1
1557	1.7
1558	0.5
1559	110.9
1560	10.4
1561	0.2
1562	1
1563	2.8
1564	0.1
1565	89.8
1566	2
1567	0.5
1568	0.5
1569	155.8
1570	159.4
1571	0.2
1572	0.5
1573	124.3
1574	2.4
1575	164.8
1576	200.8
1577	120.4
1578	0.4
1579	0.4
1580	151.3
1581	238.4
1582	128.3
1583	115
1584	31.3
1585	141.1
1586	136.8
1587	0.5
1588	200.5
1589	1.3
1590	4.1
1591	0.4
1592	189.3
1593	3.3
1594	126
1595	164.6
1596	139.2
1597	0.2
1598	177.8
1599	208.5
1600	190.8
1601	55.7
1602	113.4
1603	203.2
1604	155.3
1605	23.9
1606	0.6
1607	0.9
1608	185.1
1609	0.4
1610	139.7
1611	4.1
1612	191
1613	191.8
1614	144.2
1615	270.5
1616	174
1617	0.8
1618	171.2
1619	6.2
1620	272.6
1621	167.3
1622	374.8
1623	0.4
1624	122.8
1625	150.7
1626	347.9
1627	0.2
1628	151.4
1629	0.5
1630	344
1631	81.4
1632	118.2
1633	0.6
1634	139.7
1635	117.4
1636	164.3
1637	216.2
1638	124.7
1639	6.3
1640	0.9
1641	138
1642	144
1643	205.6
1644	1.4
1645	104.3
1646	180.4
1647	0.2
1648	8.8
1649	2
1650	14.2
1651	319.8
1652	191.3
1653	16.6
1654	282.8
1655	191.3
1656	287.2
1657	93.1
1658	190.5
1659	223.9
1660	118.7
1661	27.5
1662	0.4
1663	163.6
1664	12
1665	10.6
1666	318.3
1667	156.1
1668	206.6
1669	97.7
1670	25.6
1671	158.4
1672	196.1
1673	280.5
1674	146.4
1675	119.3
1676	29
1677	21.1
1678	8
1679	119
1680	213.6
1681	117.9
1682	6.3
1683	74.9
1684	169.6
1685	69.6
1686	68.4
1687	125.7
1688	120.7
1689	21.1
1690	299
1691	20.7
1692	186.2
1693	17.9
1694	120.7
1695	261.1
1696	0.4
1697	284.5
1698	5.3
1699	23.5
1700	93.8
1701	177.9
1702	238.9
1703	149.3
1704	0.3
1705	13.4
1706	116.7
1707	8.4
1708	8.9
1709	151
1710	26
1711	16.9
1712	111.2
1713	134.6
1714	130.5
1715	229.1
1716	78.2
1717	135.1
1718	33.8
1719	61.6
1720	101.9
1721	204.9
1722	72.3
1723	123.9
1724	71
1725	149.6
1726	94.9
1727	296.1
1728	96.1
1729	15.8
1730	136.7
1731	26.5
1732	85.4
1733	150.7
1734	15.1
1735	160.3
1736	14.4
1737	143.7
1738	73.9
1739	98.1
1740	0.2
1741	16.5
1742	19.3
1743	71.9
1744	86.7
1745	138.5
1746	142.4
1747	92.3
1748	94.6
1749	80.1
1750	55.8
1751	100.8
1752	85.3
1753	163
1754	122.9
1755	91.5
1756	94.9
1757	248.9
1758	144.1
1759	121
1760	106.5
1761	93.1
1762	105.8
1763	127.6
1764	181.8
1765	14.1
1766	131
1767	89.9
1768	0.2
1769	106.5
1770	268.6
1771	122.1
1772	0.2
1773	162.3
1774	110.9
1775	0
1776	84.9
1777	149.6
1778	10
1779	14
1780	10.5
1781	80.6
1782	90
1783	117.3
1784	77.5
1785	145.8
1786	114
1787	272.2
1788	197.5
1789	96.7
1790	8.1
1791	81.6
1792	120.3
1793	178
1794	51.9
1795	168.1
1796	177.2
1797	183.9
1798	106
1799	0.1
1800	146.9
1801	124.4
1802	115.6
1803	0.2
1804	91.7
1805	8.1
1806	190.7
1807	105.9
1808	83.8
1809	188
1810	251.7
1811	123.4
1812	0
1813	265.8
1814	132.7
1815	94.7
1816	88
1817	118.8
1818	101.3
1819	219.5
1820	168.5
1821	136.3
1822	199.9
1823	136
1824	0
1825	146.7
1826	154.7
1827	101.2
1828	109.6
1829	166.2
1830	0.2
1831	221.5
1832	0.1
1833	155.2
1834	0
1835	192.6
1836	174
1837	0
1838	0.1
1839	159.8
1840	120.5
1841	127.2
1842	219.7
1843	200
1844	113
1845	149.4
1846	0
1847	156.9
1848	209.6
1849	170.2
1850	163.7
1851	221.9
1852	127.1
1853	156
1854	240
1855	177.3
1856	130.5
1857	0.1
1858	175.2
1859	94.5
1860	106.8
1861	0.1
1862	205.2
1863	0
1864	132.6
1865	150.8
1866	227.7
1867	0.1
1868	217.2
1869	172.9
1870	36.9
1871	203.6
1872	164.2
1873	187
1874	203.2
1875	0.1
1876	132.4
1877	0.1
1878	0
1879	208.4
1880	225.9
1881	135.3
1882	0
1883	211.8
1884	227.7
1885	132.7
1886	103.7
1887	0.1
1888	129.6
1889	0.3
1890	218
1891	35.3
1892	130.1
1893	103
1894	137.6
1895	102.3
1896	118.8
1897	213.9
1898	183.9
1899	183.8
1900	0.1
1901	187.3
1902	141.6
1903	123.3
1904	250.5
1905	108.6
1906	0
1907	0
1908	66.5
1909	31.3
1910	29.3
1911	126.6
1912	108.1
1913	0.1
1914	83.3
1915	0
1916	151.9
1917	100.1
1918	64.5
1919	0
1920	0
1921	138.7
1922	0.2
1923	0.1
1924	0
1925	153.4
1926	140.4
1927	121.9
1928	94.1
1929	0
1930	0.1
1931	0
1932	67.7
1933	173.3
1934	118.6
1935	0.1
1936	148.5
1937	0.2
1938	151
1939	121.3
1940	0.1
1941	207.3
1942	63.2
1943	0.2
1944	131.2
1945	0
1946	0.3
1947	0.2
1948	0
1949	126.8
1950	131.8
1951	0.1
1952	37.1
1953	41.1
1954	0.2
1955	39.4
1956	143.6
1957	143.7
1958	0
1959	45.8
1960	115.4
1961	66.3
1962	139.3
1963	0.2
1964	0.4
1965	0.2
1966	125.4
1967	29
1968	72.8
1969	0.1
1970	149.3
1971	0.4
1972	0.2
1973	0.2
1974	149.1
1975	39.7
1976	31.1
1977	33.8
1978	167.5
1979	202
1980	0.2
1981	143.9
1982	161.2
1983	0.5
1984	0.3
1985	38.7
1986	55.1
1987	136.1
1988	33.5
1989	143.5
1990	128.2
1991	0.2
1992	0.1
1993	35.5
1994	153.1
1995	143.9
1996	0.1
1997	32.7
1998	162.5
1999	0.1
2000	51
2001	158
2002	32.5
2003	27
2004	0.1
2005	0.2
2006	39.9
2007	0.5
2008	14
2009	0.1
2010	26
2011	267.7
2012	0.2
2013	39.7
2014	172.2
2015	43.3
2016	0.2
2017	0.1
2018	38.7
2019	0.1
2020	0.1
2021	23.8
2022	29.8
2023	37.1
2024	155.5
2025	144.8
2026	0.1
2027	38.5
2028	168.3
2029	151.5
2030	0.4
2031	43.6
2032	5.6
2033	0.2
2034	0.1
2035	36
2036	169.9
2037	190.9
2038	213.4
2039	0.1
2040	0.2
2041	182.8
2042	47.1
2043	149.6
2044	145.6
2045	0.2
2046	0.2
2047	41.1
2048	0.3
2049	0.1
2050	122.8
2051	19
2052	0.2
2053	22.3
2054	45.5
2055	34.1
2056	188.2
2057	57.8
2058	193.1
2059	0.2
2060	30.3
2061	6.5
2062	177.8
2063	0.1
2064	21.8
2065	0.2
2066	0.1
2067	73.5
2068	0
2069	241.5
2070	19.9
2071	34.6
2072	0.1
2073	54.7
2074	108.4
2075	0.1
2076	272.4
2077	0.1
2078	80.5
2079	0.3
2080	0
2081	105.2
2082	0.1
2083	23
2084	66.6
2085	0.1
2086	70.6
2087	0
2088	216.9
2089	44.4
2090	157.5
2091	55.2
2092	57.5
2093	87.7
2094	0.1
2095	21.3
2096	0.2
2097	27
2098	119.2
2099	59.6
2100	163.9
2101	0.1
2102	73.5
2103	0.1
2104	0
2105	0.1
2106	0.1
2107	0.2
2108	77.3
2109	0.1
2110	0.1
2111	0
2112	211.2
2113	58.6
2114	0
2115	105.4
2116	147
2117	61.9
2118	30
2119	12.4
2120	133.6
2121	21.2
2122	132.7
2123	0.3
2124	134.8
2125	42.2
2126	0.1
2127	18.4
2128	0.1
2129	0
2130	0.3
2131	75.6
2132	118.7
2133	0.2
2134	0.1
2135	11.3
2136	221.1
2137	26.5
2138	16.8
2139	121.6
2140	0.1
2141	145.5
2142	65.7
2143	0
2144	0
2145	112.3
2146	27.5
2147	24.7
2148	129.6
2149	0.2
2150	34
2151	0.1
2152	136.7
2153	348.4
2154	156.3
2155	0
2156	0
2157	0.1
2158	33
2159	21.4
2160	347.5
2161	0.1
2162	0.1
2163	107.2
2164	0.1
2165	41.1
2166	0
2167	0
2168	0.3
2169	123.4
2170	0
2171	0.4
2172	0.1
2173	52.2
2174	0
2175	20.3
2176	0.1
2177	221.6
2178	45.9
2179	0.1
2180	30.4
2181	332.4
2182	0.2
2183	0.1
2184	0
2185	104.5
2186	28.3
2187	23.2
2188	0
2189	0.1
2190	34.7
2191	0.1
2192	0
2193	0.1
2194	97.3
2195	29.5
2196	0
2197	217.1
2198	0
2199	303.9
2200	0.1
2201	15.9
2202	26.4
2203	0.2
2204	0
2205	0.3
2206	33.9
2207	28.3
2208	25.7
2209	0.1
2210	213.5
2211	0.1
2212	56.6
2213	102.3
2214	0
2215	35.3
2216	22.6
2217	0.1
2218	0
2219	210.5
2220	20.1
2221	0
2222	229.7
2223	0
2224	0.1
2225	45.7
2226	25.7
2227	247.9
2228	0.1
2229	0.1
2230	57.5
2231	0
2232	51.8
2233	0.1
2234	172.3
2235	0
2236	0.1
2237	0.2
2238	0.1
2239	21
2240	0.1
2241	49.3
2242	0.2
2243	0.1
2244	0
2245	204.9
2246	0
2247	0.3
2248	307.2
2249	55.4
2250	0
2251	16.2
2252	158.8
2253	0.2
2254	20.8
2255	0.2
2256	118.6
2257	25.2
2258	0
2259	264.4
2260	0.1
2261	0.1
2262	0
2263	330.1
2264	280.3
2265	257.6
2266	0
2267	0.1
2268	101.6
2269	26.9
2270	0.3
2271	85
2272	0
2273	32.2
2274	0.3
2275	130.2
2276	29.3
2277	0.1
2278	0.1
2279	0
2280	0.1
2281	0.4
2282	394.7
2283	20.8
2284	0.2
2285	265.7
2286	135.1
2287	18.7
2288	114.4
2289	0
2290	0
2291	0
2292	269.9
2293	22.7
2294	38.1
2295	167.8
2296	200.5
2297	395.1
2298	0
2299	16.1
2300	0.1
2301	0.2
2302	0.2
2303	0.1
2304	0.1
2305	0.1
2306	87.4
2307	203.7
2308	0.1
2309	96.5
2310	418.6
2311	1.1
2312	0.4
2313	0.2
2314	0.1
2315	1.8
2316	0
2317	352.1
2318	0
2319	0
2320	204.3
2321	183.3
2322	0.1
2323	0
2324	356.5
2325	170.9
2326	88.6
2327	0.1
2328	297.6
2329	0.2
2330	1.7
2331	0.8
2332	53
2333	0.3
2334	148
2335	1.9
2336	62.3
2337	0.5
2338	170.1
2339	49.9
2340	158.9
2341	64.8
2342	1.1
2343	84.7
2344	0.4
2345	192
2346	58.5
2347	0
2348	0.4
2349	56.3
2350	0.2
2351	123.2
2352	0.1
2353	59.3
2354	0.5
2355	107.3
2356	1
2357	0.6
2358	33.2
2359	131.6
2360	65.5
2361	52.4
2362	122.8
2363	165.4
2364	59.8
2365	58.4
2366	1.8
2367	0.9
2368	78.5
2369	36.4
2370	181.1
2371	0.4
2372	54.7
2373	63.8
2374	31.1
2375	0.9
2376	2.1
2377	79.1
2378	51.3
2379	72.7
2380	56
2381	48.2
2382	144.1
2383	3.2
2384	1.5
2385	13.3
2386	0.4
2387	0.2
2388	67.5
2389	146.5
2390	32.2
2391	54.9
2392	168.4
2393	3.2
2394	173.8
2395	56.4
2396	71.8
2397	1.5
2398	12.4
2399	73.3
2400	1.3
2401	67.9
2402	169.8
2403	57.2
2404	46.6
2405	60.8
2406	52.4
2407	3.4
2408	73.1
2409	77
2410	83.5
2411	106.5
2412	107.8
2413	0.7
2414	58.1
2415	120.2
2416	57.6
2417	53.8
2418	81.8
2419	59.1
2420	151.5
2421	7.2
2422	68.2
2423	46.1
2424	115.6
2425	34.2
2426	3.4
2427	0.5
2428	160.1
2429	3.8
2430	1.2
2431	72
2432	0.6
2433	172.8
2434	37
2435	0.3
2436	0.7
2437	21.3
2438	70.3
2439	298.9
2440	98.5
2441	6
2442	39.4
2443	57.1
2444	156.3
2445	76.8
2446	34.5
2447	71.6
2448	443.8
2449	2.1
2450	3.6
2451	61.7
2452	74.6
2453	461.3
2454	1.5
2455	0.9
2456	371
2457	1.3
2458	53.3
2459	69.4
2460	18.7
2461	429.6
2462	205.4
2463	27.1
2464	434.9
2465	6.1
2466	1.1
2467	107.2
2468	94.2
2469	66.8
2470	430.2
2471	60.1
2472	71.5
2473	28.3
2474	251.6
2475	57.2
2476	5.5
2477	76.2
2478	72.7
2479	3.1
2480	65
2481	120.1
2482	15.5
2483	4.5
2484	197.7
2485	112.9
2486	87.3
2487	2.4
2488	70.9
2489	375.9
2490	173.8
2491	22
2492	190.7
2493	3.6
2494	63.6
2495	77.5
2496	18.4
2497	115.4
2498	103.3
2499	15.6
2500	315.4
2501	110
2502	112.2
2503	79.5
2504	151.1
2505	160.8
2506	80.5
2507	2.4
2508	232.4
2509	4.7
2510	228.5
2511	555.3
2512	161.7
2513	72.4
2514	128.4
2515	115.3
2516	0.4
2517	37.2
2518	70
2519	81.3
2520	334.1
2521	119.9
2522	714.1
2523	33
2524	2.1
2525	72
2526	125.7
2527	101
2528	110.3
2529	119.5
2530	125.8
2531	136.4
2532	142.3
2533	208.4
2534	86.8
2535	102
2536	214.3
2537	87.3
2538	492.8
2539	589.2
2540	274.1
2541	303.7
2542	173.6
2543	124.8
2544	113.7
2545	192.6
2546	205.2
2547	78.7
2548	220.3
2549	92.2
2550	2.5
2551	49.9
2552	584.1
2553	126.4
2554	275.9
2555	167.8
2556	152.8
2557	164
2558	72
2559	98.2
2560	560.9
2561	124.9
2562	615.4
2563	199
2564	246.4
2565	300.6
2566	33.9
2567	109.1
2568	683.8
2569	146.8
2570	68.7
2571	48.8
2572	0.9
2573	10.8
2574	109.5
2575	114
2576	80.4
2577	117.5
2578	149.6
2579	138.2
2580	1.3
2581	269.7
2582	480.5
2583	304
2584	2.3
2585	320.8
2586	402.3
2587	145.1
2588	77.9
2589	135.6
2590	156.1
2591	151
2592	129.3
2593	107.9
2594	69.9
2595	2.3
2596	481.5
2597	169.5
2598	539.3
2599	102.9
2600	142.5
2601	134.2
2602	309.1
2603	112
2604	613.4
2605	118.5
2606	53.2
2607	437.2
2608	105.4
2609	322.3
2610	10.6
2611	254.4
2612	129.2
2613	155.3
2614	419.7
2615	75.6
2616	220.1
2617	590
2618	115.5
2619	1.4
2620	594.5
2621	53.5
2622	186.9
2623	398.1
2624	131.8
2625	522.8
2626	41.9
2627	117.4
2628	88.5
2629	1.7
2630	174.9
2631	137.2
2632	262.8
2633	166.8
2634	195.2
2635	148.7
2636	274
2637	1.5
2638	205.4
2639	154.4
2640	113.7
2641	234.7
2642	266.1
2643	699.7
2644	44.5
2645	664
2646	121.1
2647	49.1
2648	157.5
2649	60.5
2650	371.7
2651	1.5
2652	53.6
2653	211.8
2654	34.2
2655	120.6
2656	257.3
2657	52.1
2658	182
2659	328.4
2660	611.7
2661	280.2
2662	562.6
2663	64.3
2664	142.6
2665	75
2666	241.1
2667	16.9
2668	307.4
2669	156.8
2670	551.3
2671	231.3
2672	184.4
2673	1.7
2674	47.5
2675	49.2
2676	7.6
2677	620.4
2678	370.2
2679	70.9
2680	296.9
2681	221.8
2682	289.6
2683	155.7
2684	112.6
2685	167
2686	293.8
2687	211.8
2688	202
2689	221.6
2690	231.6
2691	249.7
2692	4.8
2693	346.4
2694	240.2
2695	1.1
2696	141.2
2697	1.2
2698	409.9
2699	58.9
2700	163.6
2701	8.8
2702	224.5
2703	118.8
2704	9.9
2705	186
2706	266.1
2707	40.8
2708	193.3
2709	131.4
2710	287.6
2711	262.8
2712	0.4
2713	140.6
2714	218.7
2715	120.2
2716	251.5
2717	214.6
2718	99.9
2719	253.5
2720	269.9
2721	119.3
2722	276.3
2723	210.5
2724	65.9
2725	209
2726	118.3
2727	239.4
2728	101.5
2729	176.6
2730	311.1
2731	0.4
2732	229.4
2733	274.8
2734	306.4
2735	146.8
2736	19.8
2737	110.7
2738	152
2739	104.8
2740	266.9
2741	144.1
2742	141.6
2743	109
2744	129.1
2745	60.6
2746	22.9
2747	100.8
2748	0.6
2749	143
2750	354
2751	184.9
2752	159.4
2753	124
2754	344.8
2755	106.3
2756	95.5
2757	151.4
2758	283.5
2759	92.7
2760	102.1
2761	97.5
2762	122.8
2763	67.6
2764	252.6
2765	236.2
2766	389.5
2767	22.6
2768	129.3
2769	100.4
2770	130.5
2771	235.7
2772	135.6
2773	31.6
2774	254
2775	401
2776	150.7
2777	397.4
2778	435.6
2779	144.4
2780	28
2781	172.8
2782	62.1
2783	234.9
2784	251.1
2785	80.4
2786	71.9
2787	201.1
2788	104.6
2789	354.9
2790	254.3
2791	347.2
2792	390.6
2793	301.3
2794	168.2
2795	88.8
2796	112.7
2797	391.9
2798	362
2799	158.1
2800	393.6
2801	275.5
2802	307.3
2803	80.4
2804	29.9
2805	401
2806	165.2
2807	550.4
2808	359.3
2809	211.1
2810	18.3
2811	384.8
2812	113.8
2813	144.5
2814	211.6
2815	419.9
2816	80.5
2817	127.9
2818	224.6
2819	275.9
2820	254.5
2821	319.6
2822	151.3
2823	167
2824	51.1
2825	128.8
2826	69.4
2827	29.5
2828	130
2829	115.6
2830	197
2831	428.8
2832	421.7
2833	84.8
2834	408.4
2835	275.7
2836	237.8
2837	353.4
2838	319.1
2839	346
2840	300
2841	424.1
2842	187.8
2843	149.3
2844	47.7
2845	99.3
2846	22
2847	434.7
2848	425.2
2849	365.1
2850	404.9
2851	166.2
2852	272.3
2853	170.7
2854	355.3
2855	205.9
2856	211.9
2857	199.9
2858	288.1
2859	127.1
2860	127.3
2861	368.1
2862	122.3
2863	62.6
2864	125.1
2865	525.4
2866	400.7
2867	142.4
2868	94.7
2869	177.2
2870	112.4
2871	358.2
2872	375.7
2873	327.5
2874	52.2
2875	220.6
2876	35.2
2877	172.8
2878	243
2879	51.7
2880	272.4
2881	189
2882	611.6
2883	137.1
2884	198.5
2885	101.1
2886	285.9
2887	71.1
2888	41
2889	86.1
2890	127.9
2891	502.7
2892	447.6
2893	288.1
2894	197.6
2895	337.6
2896	35.6
2897	343.8
2898	131.3
2899	384.3
2900	170.8
2901	58.6
2902	186.3
2903	286.9
2904	35.9
2905	153.8
2906	328
2907	123.3
2908	155.9
2909	514.3
2910	107.4
2911	250.9
2912	184
2913	564.6
2914	606.2
2915	69.4
2916	352.3
2917	171.1
2918	446.1
2919	54.8
2920	68.7
2921	321
2922	110.2
2923	143.4
2924	255.3
2925	420.4
2926	147
2927	52.7
2928	174.5
2929	121.2
2930	318.6
2931	220.6
2932	391.4
2933	249.5
2934	41.3
2935	165.8
2936	49.4
2937	92.6
2938	48.8
2939	178.4
2940	44.4
2941	127.5
2942	51.9
2943	682.1
2944	44
2945	200
2946	260.9
2947	470.1
2948	188.1
2949	179.6
2950	104.8
2951	609.6
2952	186.8
2953	689.1
2954	270.8
2955	591
2956	366.2
2957	180.9
2958	210.6
2959	66.5
2960	202
2961	159.4
2962	140.3
2963	150.6
2964	630.5
2965	99.6
2966	682.6
2967	496.1
2968	168.5
2969	62
2970	38
2971	185.1
2972	176.2
2973	36.6
2974	220.3
2975	259.4
2976	290.8
2977	255.8
2978	154.5
2979	213.8
2980	241.5
2981	243.5
2982	423.4
2983	242.2
2984	184.3
2985	181.2
2986	183.9
2987	144.5
2988	231.5
2989	36.3
2990	94.8
2991	332.7
2992	201.7
2993	190.5
2994	181.7
2995	287.3
2996	626.8
2997	276.3
2998	93.6
2999	392.9
3000	114.5
3001	83.9
3002	221.1
3003	146.1
3004	183.9
3005	137.8
3006	298.7
3007	190.9
3008	218.6
3009	198.9
3010	34.9
3011	226.3
3012	450.5
3013	241.3
3014	98.2
3015	131.4
3016	176.2
3017	315.9
3018	133.6
3019	110.1
3020	116
3021	177.8
3022	67.3
3023	131.9
3024	248.4
3025	107.5
3026	256.4
3027	338.9
3028	164
3029	302.7
3030	44.2
3031	205.9
3032	234.2
3033	76.8
3034	359.3
3035	137.8
3036	45.2
3037	230.7
3038	99.3
3039	142.6
3040	505.2
3041	237.3
3042	268
3043	342.8
3044	143.7
3045	456.8
3046	74.8
3047	86.3
3048	302.5
3049	114.1
3050	291.9
3051	252.9
3052	169.9
3053	466.2
3054	117.1
3055	160.2
3056	366.1
3057	84.8
3058	460.1
3059	202.8
3060	50.8
3061	68.3
3062	128.3
3063	292.5
3064	489
3065	74.6
3066	294.9
3067	84.8
3068	301.4
3069	92.5
3070	214.9
3071	235.2
3072	180.6
3073	28.2
3074	419.8
3075	189.8
3076	281.1
3077	273.6
3078	132.8
3079	369.9
3080	338.2
3081	66.4
3082	65.2
3083	385.6
3084	86.8
3085	145
3086	219.2
3087	474.9
3088	370.2
3089	471.8
3090	238
3091	109.1
3092	44.3
3093	272.2
3094	36.4
3095	50.3
3096	341.5
3097	35.6
3098	475.2
3099	47.9
3100	285.3
3101	17.8
3102	182
3103	446.6
3104	423.2
3105	76.3
3106	387.3
3107	364.1
3108	54.1
3109	177.7
3110	47.7
3111	704.4
3112	18.5
3113	711.6
3114	137.1
3115	61.1
3116	168.4
3117	94.2
3118	404.2
3119	407.3
3120	12.8
3121	430.3
3122	24.1
3123	445
3124	25.1
3125	94.6
3126	24.9
3127	12.7
3128	55.6
3129	50.5
3130	60.7
3131	344.8
3132	350.3
3133	599.2
3134	605.5
3135	21.7
3136	623.9
3137	18.8
3138	57.2
3139	759.3
3140	212.1
3141	35
3142	296.2
3143	409.7
3144	80.6
3145	17.4
3146	38.2
3147	18.6
3148	52.2
3149	36.1
3150	17.6
3151	554
3152	812
3153	456.9
3154	247.8
3155	170.4
3156	112.8
3157	94.8
3158	19.1
3159	237.2
3160	16.3
3161	504.9
3162	783.8
3163	50.1
3164	20.2
3165	50.8
3166	813.7
3167	41.5
3168	595.8
3169	34.2
3170	489.9
3171	31.2
3172	531.3
3173	36.4
3174	155.8
3175	320.7
3176	26
3177	63
3178	93.1
3179	40.6
3180	18.1
3181	33
3182	408.8
3183	399.1
3184	776.2
3185	608.4
3186	158.2
3187	211.5
3188	197.3
3189	107.3
3190	31.5
3191	25.4
3192	253.4
3193	39
3194	432.9
3195	869.6
3196	10.9
3197	37.7
3198	39.5
3199	373
3200	26.5
3201	35.4
3202	801.1
3203	414.4
3204	33.5
3205	692
3206	40.4
3207	69.1
3208	21.7
3209	11.3
3210	559.8
3211	701.6
3212	508.9
3213	36.5
3214	24.9
3215	19.1
3216	53.1
3217	98.5
3218	627.1
3219	554.3
3220	43.1
3221	45.7
3222	531.3
3223	20.3
3224	811.1
3225	44
3226	770.2
3227	71.5
3228	30.5
3229	17.8
3230	42.7
3231	22
3232	31.1
3233	41.2
3234	687.7
3235	773.3
3236	545.3
3237	22.7
3238	419
3239	13
3240	76.9
3241	113.9
3242	35.7
3243	412.7
3244	48.8
3245	38.9
3246	111.8
3247	10.4
3248	23.4
3249	32.3
3250	64.2
3251	363.9
3252	509.2
3253	33.2
3254	434.4
3255	20.8
3256	49.7
3257	549.2
3258	63
3259	136.7
3260	26.5
3261	18.8
3262	255.5
3263	25.8
3264	19.8
3265	44.8
3266	25.9
3267	153
3268	271
3269	564.7
3270	18.6
3271	15.5
3272	341.9
3273	17
3274	586.7
3275	37.9
3276	31.8
3277	19.5
3278	298.4
3279	19
3280	20.9
3281	66.2
3282	16.1
3283	122
3284	25.3
3285	14.5
3286	417.6
3287	18.7
3288	37.4
3289	22.8
3290	77.2
3291	388.1
3292	22.6
3293	31
3294	34.6
3295	23.5
3296	16.1
3297	31.3
3298	86.5
3299	28.5
3300	133.8
3301	49.7
3302	58.8
3303	460.1
3304	53.9
3305	156
3306	27.5
3307	22.9
3308	272.5
3309	26.4
3310	38.2
3311	34.4
3312	47.1
3313	42.4
3314	14.1
3315	18.8
3316	126
3317	16
3318	53.7
3319	13.1
3320	28.4
3321	25.6
3322	14.4
3323	26.8
3324	18.6
3325	52.6
3326	21.2
3327	11.9
3328	20.3
3329	24.6
3330	79.3
3331	34
3332	33.5
3333	46.2
3334	13.8
3335	167.8
3336	19.1
3337	11.3
3338	35.2
3339	13.4
3340	15
3341	129.4
3342	16.6
3343	24.1
3344	51.7
3345	11.2
3346	20.8
3347	22.3
3348	10.8
3349	13.6
3350	86.7
3351	20.5
3352	64.1
3353	41.6
3354	18.1
3355	50.6
3356	52.1
3357	11.6
3358	19.4
3359	52.3
3360	100.8
3361	38.7
3362	10.5
3363	60.2
3364	25.8
3365	24
3366	57
3367	46.2
3368	13.1
3369	18
3370	26.3
3371	64.8
3372	21.2
3373	58.4
3374	61.6
3375	10.6
3376	73.7
3377	10.7
3378	9.7
3379	20.2
3380	75.7
3381	61.8
3382	9.2
3383	51.2
3384	74
3385	71.9
3386	57
3387	10.8
3388	8.4
3389	86.8
3390	79.5
3391	44.1
3392	57.2
3393	12.1
3394	102.1
3395	56
3396	58
3397	71.7
3398	18.4
3399	11.7
3400	145.7
3401	135.5
3402	95.5
3403	94.3
3404	88
3405	94.5
3406	149.7
3407	87.8
3408	212.1
3409	104
3410	0
3411	0
3412	155.2
3413	157.1
3414	158
3415	102.9
3416	12.2
3417	177.6
3418	137.7
3419	0
3420	11.2
3421	0
3422	137.7
3423	93.4
3424	148.2
3425	231.6
3426	153.1
3427	11
3428	32.1
3429	406.2
3430	29.8
3431	170.2
3432	297.1
3433	131
3434	169.6
3435	0.3
3436	218.8
3437	108.5
3438	0.3
3439	0.3
3440	123.7
3441	180.6
3442	1
3443	96
3444	83.4
3445	0.2
3446	0.8
3447	0.3
3448	1.8
3449	115.4
3450	0.3
3451	150.8
3452	124.8
3453	131.6
3454	106.1
3455	89.4
3456	20.4
3457	143.2
3458	89.9
3459	7.4
3460	150.9
3461	21.4
3462	164.1
3463	204.9
3464	6.6
3465	14.2
3466	58.9
3467	92.3
3468	120.7
3469	55.8
3470	129
3471	131.7
3472	38.9
3473	96
3474	134.8
3475	0.1
3476	0.1
3477	126.7
3478	157.3
3479	0
3480	124.4
3481	115
3482	29.2
3483	27.7
3484	125.6
3485	29.1
3486	0
3487	187.3
3488	34.8
3489	136
3490	86.2
3491	0.4
3492	108.3
3493	29.3
3494	149.9
3495	255.9
3496	22.1
3497	23.5
3498	21.9
3499	149.4
3500	39.5
3501	40
3502	26.8
3503	0
3504	0
3505	104.5
3506	226.1
3507	0
3508	96.1
3509	41.1
3510	0
3511	102.1
3512	63.7
3513	188
3514	40.5
3515	179.7
3516	51.1
3517	47.5
3518	86.7
3519	89.5
3520	1.6
3521	0.4
3522	450.6
3523	73.9
3524	68.2
3525	69.8
3526	51.3
3527	68.8
3528	333.1
3529	129.3
3530	136.1
3531	502.5
3532	110.5
3533	1.5
3534	1.9
3535	282.2
3536	267.1
3537	38.3
3538	0.8
3539	175.7
3540	357.9
3541	217.3
3542	419.8
3543	165.8
3544	164.9
3545	464.9
3546	314.4
3547	96
3548	415.6
3549	298.1
3550	166.3
3551	181.2
3552	132.5
3553	153
3554	217.2
3555	371.8
3556	226
3557	38.3
3558	580.7
3559	31.6
3560	224.7
3561	104.8
3562	92.2
3563	353.5
3564	108.2
3565	136.9
3566	91.5
3567	311.2
3568	391.9
3569	301.3
3570	312.3
3571	343.1
3572	88.2
3573	465.9
3574	208.4
3575	152.5
3576	754.5
3577	657.7
3578	410.2
3579	77.4
3580	71.8
3581	20.8
3582	672.2
3583	48
3584	976.5
3585	51.9
3586	595.2
3587	24.4
3588	50
3589	19.3
3590	18.3
3591	127.9
3592	25.4
3593	12.8
3594	71.8
