"COMID"	"Value"
1	4.9
2	8.4
3	9.3
4	5
5	4.4
6	0
7	28.1
8	10.4
9	5.6
10	0
11	7.2
12	5.7
13	0.1
14	21.6
15	10.2
16	12.5
17	9.2
18	9.2
19	17.9
20	7.5
21	15.4
22	9.6
23	0
24	5.6
25	13.8
26	1.2
27	9.3
28	5.8
29	10.6
30	0
31	6.5
32	3.9
33	22.9
34	5.6
35	2.3
36	6.1
37	18.7
38	0
39	5.6
40	23.4
41	21
42	10.9
43	22.2
44	4.8
45	7.2
46	0.1
47	3.8
48	21.7
49	11.5
50	7.6
51	5.6
52	0.8
53	6.4
54	16.7
55	16.8
56	13.1
57	22.5
58	5.6
59	8.2
60	5.6
61	5.8
62	5.8
63	15.2
64	7.7
65	5.6
66	2
67	18.5
68	6
69	1.5
70	1
71	0
72	15.9
73	5.6
74	19.2
75	1
76	1
77	0.2
78	1.2
79	15.8
80	1
81	0.6
82	0
83	13
84	0
85	11.2
86	4.5
87	5.6
88	5.6
89	1.1
90	8.1
91	7.7
92	17.9
93	11.6
94	5.8
95	27
96	7.5
97	15.4
98	0
99	1.2
100	15.6
101	8.7
102	8.2
103	5.6
104	0.1
105	7.5
106	14.4
107	1.3
108	0
109	7.5
110	7.5
111	0
112	12.3
113	1
114	12
115	6.2
116	3.6
117	4.7
118	9.7
119	0
120	3.8
121	0.7
122	8.4
123	0
124	9.3
125	20.6
126	14.4
127	1.5
128	6.1
129	5.6
130	1
131	1.8
132	1
133	4.6
134	6.7
135	8.8
136	19.8
137	6.9
138	1
139	1
140	6.7
141	5.1
142	1
143	0
144	3.7
145	1
146	7.9
147	14.6
148	7.2
149	9
150	6.6
151	0.2
152	8.1
153	1
154	7.4
155	0
156	1
157	7.7
158	1
159	1.9
160	11.1
161	1
162	1
163	0.7
164	1
165	0
166	1
167	4.7
168	0
169	5.7
170	8.4
171	6.4
172	1
173	1
174	7.5
175	0.7
176	16.4
177	2.2
178	5.3
179	7.5
180	1
181	0
182	4.2
183	0
184	1
185	1
186	4.9
187	3.6
188	1
189	1
190	5.7
191	1
192	6.6
193	1
194	13.9
195	0.1
196	1
197	3.2
198	1
199	7.3
200	1
201	1
202	1
203	1
204	1
205	1
206	2
207	1.2
208	13.3
209	7.4
210	6
211	12.1
212	6.2
213	6.7
214	1
215	4.9
216	3.6
217	1.8
218	1.3
219	1.6
220	1
221	0
222	5.2
223	11.6
224	0
225	1.6
226	4.2
227	0
228	7.7
229	1
230	0
231	3
232	2.4
233	10.3
234	0.6
235	0
236	5.8
237	0.7
238	1.3
239	4.3
240	13.6
241	4
242	0
243	0
244	9.2
245	7.9
246	11.7
247	0
248	0
249	0
250	10.1
251	4.5
252	25
253	2.9
254	0
255	0
256	0
257	0
258	0.2
259	0
260	0
261	8.2
262	4.5
263	0
264	0
265	0
266	6
267	10.2
268	19.8
269	10.8
270	0
271	5.7
272	3.9
273	10.4
274	0
275	3.5
276	0
277	1
278	3.9
279	0
280	2.6
281	3.3
282	8.7
283	1
284	1.1
285	0
286	2.9
287	30
288	1
289	1
290	1
291	13.9
292	1
293	0
294	22.4
295	1
296	5.2
297	8.2
298	0
299	0.1
300	8.9
301	1
302	9.3
303	4.5
304	1
305	8
306	1.1
307	8.6
308	1
309	1
310	4
311	8.6
312	7.4
313	5.2
314	1
315	1
316	1
317	0
318	1.2
319	0
320	7.9
321	1
322	4.4
323	7.2
324	1
325	0
326	19.3
327	1
328	1
329	1
330	0
331	1
332	1
333	1
334	1
335	0.1
336	1
337	0
338	1
339	1
340	1
341	1
342	0
343	1
344	0
345	1
346	0
347	1
348	1.1
349	1
350	1
351	1
352	1
353	1
354	1
355	0
356	1
357	0
358	1
359	0
360	1
361	1
362	1
363	1
364	0
365	0.7
366	5.9
367	0
368	22.8
369	0
370	1
371	0
372	5.6
373	6.3
374	0
375	23.5
376	27.6
377	1.1
378	6.1
379	0
380	1
381	0
382	0
383	1.7
384	0
385	0
386	0
387	46.3
388	1
389	2.3
390	40.8
391	5.6
392	1.8
393	0
394	5.6
395	0
396	0.1
397	0
398	5.6
399	0.1
400	5.6
401	3.3
402	0
403	0
404	0
405	0
406	28.3
407	0.1
408	0
409	0
410	43.4
411	3.6
412	0
413	31.9
414	0
415	0
416	0
417	0
418	0
419	8.7
420	0
421	0.1
422	0.1
423	5.1
424	22.4
425	15.5
426	0.1
427	30.2
428	19.4
429	1.2
430	29.3
431	0.1
432	5.6
433	10.2
434	5.8
435	5.6
436	6.2
437	0.1
438	28.8
439	0.1
440	1
441	26.4
442	4.8
443	14.6
444	5.8
445	85.2
446	5.6
447	93.1
448	57.5
449	5.6
450	6.6
451	0.1
452	6.2
453	0.1
454	5.6
455	9.1
456	5.6
457	7.4
458	6.8
459	4.9
460	5.6
461	18.3
462	50.6
463	7.5
464	1
465	13.2
466	0.1
467	22.3
468	1
469	6.3
470	1
471	1
472	1.1
473	2.5
474	1
475	0
476	0
477	53.4
478	1
479	11.4
480	5.2
481	0.1
482	0
483	20.1
484	5.6
485	5.5
486	0.1
487	13.8
488	1.1
489	0
490	0.8
491	19.8
492	9
493	0
494	27.1
495	0.1
496	0
497	27.4
498	13.9
499	0
500	17.3
501	15.9
502	27.2
503	5.6
504	5.6
505	5
506	18.4
507	22.6
508	5.7
509	15.2
510	16.1
511	18
512	24.7
513	0
514	5.8
515	0
516	5.6
517	21.3
518	5.7
519	6.5
520	0.2
521	15.7
522	5.6
523	0
524	12.3
525	14.5
526	6.6
527	15.7
528	5.6
529	0
530	74.9
531	31.8
532	25.9
533	16.4
534	4.3
535	79
536	8.6
537	0
538	0
539	0.8
540	5.6
541	29.6
542	29.9
543	8.7
544	0
545	0
546	41.4
547	35
548	0
549	0.2
550	0.7
551	23.1
552	38.6
553	0.8
554	0
555	5.6
556	36
557	6
558	0
559	20.2
560	27.9
561	1.1
562	38
563	0
564	15.2
565	25.4
566	35.5
567	5.6
568	34.2
569	8.1
570	0
571	1
572	21.2
573	5.8
574	34.9
575	5.6
576	0
577	0
578	22.7
579	24.1
580	24.3
581	0
582	26.6
583	5.6
584	5.6
585	0
586	26.3
587	26.4
588	7.4
589	38.3
590	0
591	30.2
592	24.8
593	20.9
594	8.5
595	20.2
596	5.6
597	0
598	5.6
599	28.3
600	6.7
601	5.6
602	0
603	1
604	11.5
605	0
606	13.3
607	5.6
608	5.9
609	0
610	5.6
611	0.7
612	0
613	0
614	7.6
615	0.1
616	0
617	58
618	0.3
619	12.1
620	7.9
621	6.1
622	11.2
623	13.7
624	8.8
625	5.6
626	5.6
627	25.1
628	5.6
629	9
630	52.4
631	5.6
632	0.7
633	14.3
634	0
635	12.8
636	8.7
637	8.1
638	5.6
639	0.4
640	0.1
641	40.6
642	0
643	7.7
644	0
645	0.6
646	20
647	5.6
648	3.7
649	6.6
650	5.6
651	66
652	5.6
653	0
654	5.6
655	0
656	5.6
657	10.6
658	0.7
659	8.9
660	0.1
661	0.7
662	18
663	8.6
664	5.6
665	5.6
666	5.6
667	0.8
668	51.1
669	0.9
670	5.6
671	5.6
672	5.6
673	24
674	0.1
675	26.2
676	5.3
677	51.5
678	6.6
679	5.6
680	0
681	25.6
682	6.3
683	75.3
684	7.3
685	5.6
686	49.2
687	0
688	20.6
689	5.6
690	30
691	0.7
692	46.9
693	6.3
694	0.1
695	0.7
696	23.2
697	5.6
698	7.9
699	11.5
700	26.3
701	0.1
702	22.6
703	24.1
704	8.7
705	5.7
706	6.5
707	42
708	20.7
709	5.9
710	5.9
711	0
712	1.3
713	5.8
714	5.6
715	4.9
716	0
717	1.8
718	21.2
719	5
720	20.7
721	5.6
722	5.5
723	19.8
724	15.4
725	5.6
726	0
727	0.1
728	6.3
729	0.1
730	5.6
731	7.3
732	0.1
733	4.8
734	21.1
735	1.7
736	6.4
737	11.2
738	15.4
739	14.2
740	16.2
741	5.7
742	7.1
743	6.9
744	0
745	0
746	16.5
747	18
748	0
749	9
750	5.6
751	12.3
752	4.5
753	18.4
754	20.1
755	7.7
756	10.9
757	40
758	7.5
759	5.6
760	14.5
761	5.6
762	5.2
763	6.2
764	34.9
765	15.1
766	0
767	9
768	15.7
769	23.9
770	12.7
771	4.1
772	8.2
773	8.9
774	10.9
775	0.7
776	6.6
777	3.9
778	11
779	0
780	23.8
781	5.9
782	350.6
783	288.9
784	406.8
785	399.8
786	281.8
787	387.5
788	218.2
789	300.2
790	328.7
791	276.5
792	291.5
793	221.9
794	443.6
795	483.1
796	195
797	493.3
798	229.8
799	275.8
800	397.1
801	178.6
802	199.8
803	356.8
804	179.7
805	226.7
806	331.2
807	138.8
808	222.4
809	407.6
810	525.7
811	232.3
812	413.5
813	337.2
814	303.3
815	422.5
816	200.5
817	192
818	356.4
819	516.1
820	278.5
821	175.8
822	347.6
823	232.4
824	429.9
825	150
826	418.5
827	492.3
828	400.8
829	165.6
830	377.6
831	142.6
832	511.9
833	185.7
834	232.2
835	274.5
836	343.8
837	70.5
838	208
839	165.6
840	249.5
841	204.6
842	160.7
843	19
844	221.7
845	177.2
846	200.8
847	231.5
848	176.9
849	164
850	272.6
851	253
852	128.3
853	145.9
854	181.6
855	150.5
856	158.6
857	184.2
858	246.6
859	115.2
860	129
861	210.9
862	7.9
863	105.4
864	155.4
865	148.9
866	122.5
867	112.3
868	259.2
869	186
870	53.8
871	118.6
872	141.4
873	9.9
874	172.9
875	215.7
876	198
877	124.9
878	115.4
879	205.6
880	142
881	179.5
882	200.6
883	96.8
884	127.4
885	115.8
886	6.7
887	106.3
888	116.4
889	145.8
890	171.3
891	202.4
892	139.3
893	148.7
894	6.9
895	160
896	209.7
897	188
898	152.2
899	150.8
900	163.1
901	127.4
902	268.3
903	191.2
904	128.7
905	124.3
906	230.5
907	179.2
908	134.4
909	134.7
910	0
911	136.1
912	165.4
913	179
914	139.2
915	0
916	129.2
917	143
918	123.3
919	159
920	191.7
921	106.5
922	204.6
923	21.8
924	125.1
925	159.8
926	201.2
927	152.6
928	22
929	141.6
930	231.9
931	157.6
932	47.7
933	153.9
934	0
935	183.8
936	168.1
937	265.4
938	228
939	141
940	158.6
941	231.3
942	192.9
943	0
944	261
945	165
946	159.4
947	0
948	136.8
949	220.8
950	246.2
951	310.1
952	146.4
953	41.6
954	47.5
955	257.4
956	154.1
957	158.8
958	31.3
959	140.6
960	172.1
961	283.1
962	128.3
963	123.3
964	0
965	169.8
966	264.4
967	0
968	148.2
969	171.1
970	52.7
971	216.1
972	135.8
973	178.8
974	129.6
975	268.1
976	168.1
977	232
978	36.5
979	232.4
980	147.4
981	133.7
982	183.2
983	190.1
984	183.5
985	229.8
986	233.7
987	29.7
988	249.3
989	175.1
990	0
991	151.7
992	0.1
993	247.8
994	148.9
995	255.7
996	185.2
997	234.9
998	19.1
999	143
1000	0
1001	30
1002	185.1
1003	0
1004	164.3
1005	21.4
1006	147.2
1007	0
1008	16
1009	0
1010	192.4
1011	137.4
1012	145.5
1013	14.2
1014	231.3
1015	12.1
1016	0
1017	239.8
1018	13.5
1019	16.5
1020	246.4
1021	152.5
1022	252.5
1023	137
1024	241.4
1025	279
1026	252.3
1027	138.3
1028	143.7
1029	10.6
1030	0.5
1031	0
1032	0
1033	0.4
1034	160.8
1035	0.2
1036	115.1
1037	223.9
1038	157.8
1039	15.1
1040	10
1041	286.7
1042	11.5
1043	0
1044	11.5
1045	10.5
1046	11.7
1047	210.8
1048	145.4
1049	160.8
1050	0
1051	139.1
1052	120
1053	9.2
1054	154.2
1055	133.8
1056	288.8
1057	0.3
1058	188.6
1059	0.4
1060	179.1
1061	0
1062	296.6
1063	205
1064	0.1
1065	10.2
1066	158.2
1067	0.3
1068	0.4
1069	0.1
1070	161
1071	155
1072	0.1
1073	0.1
1074	159.8
1075	0
1076	136.8
1077	0.3
1078	271.5
1079	174.6
1080	12.8
1081	0.3
1082	163.2
1083	0.1
1084	244.6
1085	127.4
1086	169.4
1087	0
1088	0.1
1089	12.9
1090	123.3
1091	203.2
1092	0.3
1093	8.8
1094	0.1
1095	14.8
1096	20.5
1097	211.4
1098	20.7
1099	0
1100	0
1101	0.1
1102	157.6
1103	0.1
1104	8.7
1105	15.6
1106	10.4
1107	0.1
1108	9.5
1109	124.9
1110	0.3
1111	0.2
1112	173.2
1113	210.4
1114	163.2
1115	7.8
1116	6.4
1117	182.7
1118	10.2
1119	8.7
1120	10.2
1121	12.2
1122	19.8
1123	17.7
1124	114.8
1125	5.7
1126	167.7
1127	5.4
1128	145.8
1129	140.9
1130	9.6
1131	0.1
1132	178.3
1133	157
1134	8.9
1135	0
1136	0.1
1137	6.8
1138	9.5
1139	10.7
1140	127.3
1141	9.1
1142	0.2
1143	163.3
1144	12.9
1145	14.6
1146	9.4
1147	10.3
1148	194.3
1149	6.8
1150	7
1151	10.5
1152	136
1153	160.1
1154	0
1155	0.1
1156	184.9
1157	4
1158	0.1
1159	140.6
1160	10.5
1161	0.1
1162	16.6
1163	11.8
1164	168.7
1165	0
1166	146.8
1167	155.5
1168	166.3
1169	150.8
1170	189.4
1171	17.3
1172	155.1
1173	11.5
1174	231.7
1175	7.8
1176	88.3
1177	0
1178	5.7
1179	156.9
1180	7.7
1181	14.4
1182	11.3
1183	0.1
1184	0
1185	172.9
1186	141.8
1187	4.6
1188	13.4
1189	12.7
1190	5.5
1191	154.8
1192	11.5
1193	123
1194	11.3
1195	200.5
1196	5.3
1197	0
1198	0.1
1199	114.6
1200	27.8
1201	13.7
1202	7.6
1203	0
1204	7.4
1205	12
1206	0.3
1207	6
1208	0.2
1209	17.1
1210	122.6
1211	124.1
1212	0.1
1213	134.8
1214	159.3
1215	11.3
1216	193.3
1217	85.7
1218	0.1
1219	0.2
1220	92.5
1221	12.5
1222	13.5
1223	17.8
1224	9.6
1225	191.6
1226	136.2
1227	90.7
1228	10.1
1229	13.9
1230	199.5
1231	0.4
1232	87.2
1233	11.5
1234	8.5
1235	11.2
1236	0.1
1237	214.7
1238	121.1
1239	0
1240	7.9
1241	169.2
1242	85.9
1243	7.3
1244	5.3
1245	176.3
1246	151.5
1247	109.3
1248	33.2
1249	148.6
1250	110.5
1251	11.5
1252	0.1
1253	11.9
1254	8.3
1255	0.1
1256	109.9
1257	22.1
1258	27.8
1259	0.1
1260	131.3
1261	121.4
1262	0.2
1263	16.2
1264	17.2
1265	122.1
1266	182.9
1267	0.1
1268	99.7
1269	33
1270	147.1
1271	15.3
1272	7.6
1273	25.4
1274	174.9
1275	6
1276	95
1277	80.2
1278	194.3
1279	27.9
1280	0
1281	26.4
1282	0.2
1283	337.7
1284	37.9
1285	22.8
1286	318.1
1287	13.7
1288	18.6
1289	92.7
1290	18.2
1291	144.5
1292	13.2
1293	26.3
1294	11.5
1295	149.9
1296	0.3
1297	39.3
1298	179.8
1299	7.2
1300	25.5
1301	0
1302	17.8
1303	13.7
1304	46.4
1305	340.7
1306	0.1
1307	141.7
1308	18.8
1309	0.1
1310	186.3
1311	190.8
1312	185.6
1313	20.3
1314	165.1
1315	0.1
1316	126.5
1317	99.5
1318	16.4
1319	113.9
1320	136.2
1321	1.6
1322	0.2
1323	0.2
1324	16.6
1325	107.7
1326	1.1
1327	1.5
1328	171.1
1329	42.8
1330	158
1331	91.1
1332	26.3
1333	107.8
1334	146.5
1335	1.7
1336	123.2
1337	1.3
1338	1.1
1339	23
1340	17.8
1341	164.4
1342	163.2
1343	0.2
1344	0.1
1345	23.2
1346	0.3
1347	231.2
1348	110.3
1349	18.9
1350	0.1
1351	120.9
1352	38
1353	164.3
1354	1.3
1355	145.1
1356	31.2
1357	128.2
1358	150.5
1359	19
1360	2.4
1361	22.2
1362	116.6
1363	0.3
1364	0.4
1365	143.4
1366	1.1
1367	0.1
1368	110.1
1369	1.4
1370	1.8
1371	1.7
1372	16.1
1373	118.5
1374	0.4
1375	187.4
1376	38.2
1377	13
1378	23.2
1379	19.1
1380	130.8
1381	0.2
1382	134.8
1383	3.9
1384	15.6
1385	33.4
1386	126.6
1387	1.1
1388	1.3
1389	1.5
1390	129.8
1391	332.4
1392	159.2
1393	0.3
1394	0.3
1395	171.9
1396	0.2
1397	378.2
1398	0.4
1399	0.3
1400	111.3
1401	1.8
1402	2
1403	168
1404	14.7
1405	0.4
1406	1
1407	0.4
1408	1.1
1409	134.1
1410	0.9
1411	176.2
1412	0.4
1413	190.6
1414	17.5
1415	162.3
1416	145.4
1417	1
1418	181.3
1419	3.3
1420	11
1421	1.9
1422	0.4
1423	66.2
1424	179.1
1425	1.1
1426	161.3
1427	16.6
1428	1.3
1429	2.2
1430	137.9
1431	187.7
1432	2.7
1433	133.9
1434	1
1435	138.5
1436	0.4
1437	0.4
1438	1
1439	16.8
1440	142.4
1441	140.4
1442	0.7
1443	105.3
1444	1.5
1445	1
1446	166.9
1447	0.4
1448	265.5
1449	0.5
1450	2.2
1451	0.9
1452	0.4
1453	186.8
1454	58
1455	0.5
1456	0.9
1457	198.5
1458	161.4
1459	13.8
1460	1.2
1461	116.9
1462	0.8
1463	1
1464	1.4
1465	1.2
1466	313.5
1467	1
1468	0.9
1469	148.4
1470	144.5
1471	0.6
1472	0.7
1473	327.9
1474	0.5
1475	275.6
1476	0.7
1477	1.2
1478	143.6
1479	215
1480	0.9
1481	131.6
1482	128.4
1483	0.7
1484	1.9
1485	56.3
1486	1.2
1487	1.1
1488	197.6
1489	146.4
1490	0.7
1491	95
1492	124.6
1493	181.2
1494	231.6
1495	0.4
1496	142.8
1497	112
1498	1.3
1499	143.8
1500	2.8
1501	137.9
1502	257
1503	1.3
1504	0.4
1505	110
1506	148.7
1507	1
1508	1.4
1509	54.2
1510	0.5
1511	3.5
1512	0.7
1513	155.4
1514	1
1515	0.9
1516	0.9
1517	141.4
1518	1.5
1519	179.7
1520	0.5
1521	0.7
1522	0.6
1523	0.9
1524	0.4
1525	0.6
1526	0.8
1527	122.9
1528	1
1529	166.6
1530	195.9
1531	0.8
1532	1.3
1533	2.2
1534	190.9
1535	32.2
1536	208.6
1537	0.6
1538	43.4
1539	0.6
1540	0.5
1541	0.6
1542	0.3
1543	129.6
1544	1.4
1545	0.3
1546	36.4
1547	121.3
1548	0.5
1549	0.8
1550	0.7
1551	0.3
1552	135.3
1553	196.7
1554	76.2
1555	215.6
1556	171.2
1557	1.1
1558	0.5
1559	132.5
1560	4.3
1561	1
1562	0.7
1563	2.9
1564	0.4
1565	94.1
1566	1.3
1567	0.8
1568	0.5
1569	174.3
1570	144.2
1571	0.5
1572	0.9
1573	157.9
1574	0.9
1575	145
1576	176
1577	153.5
1578	0.9
1579	0.8
1580	164.5
1581	147.9
1582	144.4
1583	104
1584	34.9
1585	200
1586	149.7
1587	0.4
1588	167.4
1589	1.1
1590	12.4
1591	0.7
1592	197.4
1593	1.9
1594	116.7
1595	157.9
1596	145.6
1597	0.8
1598	179.8
1599	233.2
1600	209.4
1601	63.5
1602	185
1603	192.1
1604	159
1605	11
1606	0.9
1607	0.6
1608	187.8
1609	0.6
1610	171.7
1611	4.1
1612	176.9
1613	200.2
1614	143.6
1615	131
1616	150.4
1617	0.4
1618	148.2
1619	8.9
1620	138.7
1621	193.8
1622	321.2
1623	0.7
1624	198.6
1625	144.1
1626	172.5
1627	0.4
1628	125.4
1629	0.6
1630	291.6
1631	86.6
1632	230.8
1633	0.4
1634	194
1635	199.3
1636	158.2
1637	230.1
1638	117.1
1639	10.1
1640	0.6
1641	128.8
1642	176.3
1643	152.5
1644	0.6
1645	139
1646	161.4
1647	0.8
1648	8.9
1649	0.8
1650	6.6
1651	165.7
1652	139.2
1653	6.2
1654	151.3
1655	237.7
1656	292.2
1657	135
1658	191
1659	162.8
1660	116.9
1661	17.9
1662	0.3
1663	137.3
1664	9.4
1665	5.1
1666	227.3
1667	239.8
1668	151.3
1669	114.9
1670	34.3
1671	286.2
1672	175.5
1673	182.5
1674	155.2
1675	114.4
1676	8.2
1677	36.1
1678	7.3
1679	212.7
1680	310.1
1681	117.8
1682	4.8
1683	113.5
1684	145.7
1685	114.9
1686	72.6
1687	212.1
1688	125.2
1689	9.3
1690	174.6
1691	10.5
1692	193
1693	43.9
1694	115.2
1695	177
1696	0.2
1697	304.7
1698	5.7
1699	8.6
1700	93.1
1701	217.5
1702	326.6
1703	140.8
1704	0.2
1705	8.7
1706	144.8
1707	4.9
1708	5.3
1709	154.1
1710	7.8
1711	8.1
1712	166.8
1713	255
1714	213.1
1715	177.5
1716	99.1
1717	155.6
1718	9.7
1719	68.6
1720	172.8
1721	250.9
1722	102.6
1723	123.2
1724	100.3
1725	231.9
1726	147.3
1727	327.7
1728	177.2
1729	43.2
1730	260.5
1731	7.9
1732	114.9
1733	165.7
1734	18.6
1735	257.5
1736	5
1737	146
1738	95.4
1739	142.1
1740	0.2
1741	58.3
1742	6.8
1743	90.5
1744	158.8
1745	184
1746	173.7
1747	150.7
1748	154.9
1749	86.1
1750	70
1751	181.7
1752	169.6
1753	251.9
1754	250.3
1755	173.8
1756	144.4
1757	279.1
1758	188.7
1759	138.2
1760	163.4
1761	183.2
1762	112.7
1763	250.3
1764	207.6
1765	7
1766	324.8
1767	182.4
1768	0.3
1769	172
1770	264.4
1771	122.9
1772	0.3
1773	320.1
1774	108.3
1775	0.1
1776	97.2
1777	248.6
1778	11.1
1779	10
1780	3.9
1781	177.2
1782	186.4
1783	126.1
1784	104.6
1785	210.2
1786	189.4
1787	293.3
1788	378.1
1789	84.9
1790	3.4
1791	93
1792	131.2
1793	173.8
1794	72.4
1795	201.9
1796	176.8
1797	304.3
1798	104.3
1799	0.2
1800	137.7
1801	191.3
1802	171.4
1803	0.3
1804	94.9
1805	7.4
1806	307.9
1807	183.8
1808	83.7
1809	203.6
1810	406.3
1811	133.9
1812	0.2
1813	297.6
1814	101
1815	95.6
1816	185.3
1817	182.6
1818	90.7
1819	282.6
1820	220.5
1821	186.5
1822	199.8
1823	149.1
1824	0.2
1825	225.1
1826	189.8
1827	106.4
1828	116.2
1829	235.2
1830	0.3
1831	186.4
1832	0.2
1833	181.5
1834	0.1
1835	226.9
1836	236.8
1837	0.1
1838	0.2
1839	235.3
1840	149.3
1841	146.2
1842	157.2
1843	254.7
1844	112.5
1845	169.5
1846	0
1847	163
1848	253.5
1849	258.4
1850	254.6
1851	144.9
1852	131.8
1853	199
1854	212.5
1855	165.8
1856	131
1857	0.1
1858	117.8
1859	103.3
1860	127.3
1861	0.1
1862	158.9
1863	0.2
1864	82.8
1865	171.8
1866	258
1867	0.1
1868	205.1
1869	159.1
1870	46.2
1871	207.2
1872	141
1873	174.2
1874	298.5
1875	0.1
1876	161.8
1877	0.1
1878	0.1
1879	316
1880	222.6
1881	122.1
1882	0.1
1883	332.9
1884	182.3
1885	140.9
1886	159.2
1887	0.2
1888	109.5
1889	0.3
1890	181.1
1891	43.6
1892	108.1
1893	79.2
1894	116.2
1895	92
1896	92.7
1897	154
1898	257.2
1899	133.6
1900	0.2
1901	209.6
1902	164.5
1903	104.9
1904	139.4
1905	104.7
1906	0.2
1907	0
1908	97.4
1909	37.2
1910	32.4
1911	108.9
1912	95.2
1913	0.1
1914	103.5
1915	0.2
1916	165.5
1917	165.2
1918	107.9
1919	0.2
1920	0.1
1921	111.7
1922	0.5
1923	0.1
1924	0.1
1925	108.8
1926	194.3
1927	220.2
1928	84.8
1929	0
1930	0.2
1931	0
1932	109.9
1933	262.5
1934	113.2
1935	0.3
1936	114
1937	0.2
1938	175.2
1939	180.5
1940	0.2
1941	151.9
1942	95.8
1943	0.3
1944	108.2
1945	0
1946	0.4
1947	0.3
1948	0
1949	182.7
1950	138.1
1951	0.2
1952	67.3
1953	65.4
1954	0.3
1955	53.3
1956	143.1
1957	214.5
1958	0.1
1959	113.6
1960	118.1
1961	122.7
1962	168.3
1963	0.1
1964	0.3
1965	0.1
1966	115.3
1967	37.9
1968	80.9
1969	0.1
1970	153.6
1971	0.1
1972	0.3
1973	0.1
1974	153.1
1975	70.2
1976	44.5
1977	68.5
1978	132.4
1979	230
1980	0.4
1981	139
1982	199
1983	0.1
1984	0.1
1985	83.3
1986	58.2
1987	149.4
1988	72.1
1989	289.6
1990	167.4
1991	0.3
1992	0.1
1993	124.5
1994	211.1
1995	117
1996	0.1
1997	47.1
1998	208
1999	0.1
2000	145
2001	178.4
2002	87.8
2003	93.2
2004	0
2005	0.1
2006	133.9
2007	0.1
2008	85.4
2009	0.1
2010	39.2
2011	303.3
2012	0.1
2013	51.1
2014	226.7
2015	100.8
2016	0.3
2017	0.1
2018	204.3
2019	0.1
2020	0.3
2021	183.9
2022	188
2023	66.3
2024	195.3
2025	231.7
2026	0.1
2027	54.3
2028	138.5
2029	185.6
2030	0.1
2031	110.5
2032	20.4
2033	0.1
2034	0.1
2035	46.1
2036	185.6
2037	204.8
2038	229.2
2039	0.1
2040	0.1
2041	391.4
2042	64.4
2043	167.5
2044	125
2045	0
2046	0.1
2047	66.1
2048	0.1
2049	0.1
2050	187.4
2051	84.7
2052	0.1
2053	101.7
2054	56
2055	80.8
2056	177.2
2057	126.2
2058	348.4
2059	0.1
2060	120.1
2061	15.6
2062	221.4
2063	0.1
2064	96.6
2065	0.2
2066	0
2067	79.6
2068	0.1
2069	176.1
2070	41.2
2071	75.9
2072	0.1
2073	121.9
2074	137.3
2075	0.1
2076	202.5
2077	0.1
2078	151.2
2079	0.1
2080	0.1
2081	173.4
2082	0.1
2083	77.5
2084	115
2085	0.1
2086	72.9
2087	0.1
2088	272.6
2089	113.4
2090	232.5
2091	66.7
2092	138.8
2093	107.5
2094	0.1
2095	54.5
2096	0.1
2097	59
2098	104.8
2099	78.5
2100	123.8
2101	0
2102	93.7
2103	0
2104	0
2105	0.1
2106	0.2
2107	0.2
2108	118.1
2109	0
2110	0.1
2111	0
2112	300.8
2113	77.1
2114	0.1
2115	106.4
2116	120.9
2117	64.5
2118	57.7
2119	37.3
2120	154.2
2121	36.3
2122	121.4
2123	0.3
2124	112.9
2125	56.1
2126	0.1
2127	28.8
2128	0.1
2129	0
2130	0.3
2131	77.7
2132	88.4
2133	0.1
2134	0
2135	32.9
2136	190.9
2137	48.3
2138	36.8
2139	102.1
2140	0
2141	120.6
2142	76.6
2143	0.1
2144	0
2145	103.7
2146	56.5
2147	54.1
2148	137.1
2149	0.1
2150	77.2
2151	0.1
2152	129.4
2153	213
2154	132.4
2155	0
2156	0.1
2157	0.1
2158	67
2159	25.3
2160	248.1
2161	0.1
2162	0.1
2163	104.5
2164	0.2
2165	52.5
2166	0
2167	0
2168	0.1
2169	129.2
2170	0.1
2171	0.1
2172	0.1
2173	100.6
2174	0
2175	22.1
2176	0.1
2177	217.7
2178	34.8
2179	0
2180	38.7
2181	230.2
2182	0.1
2183	0.2
2184	0.1
2185	99.6
2186	14.7
2187	25.7
2188	0
2189	0.1
2190	32.9
2191	0
2192	0
2193	0.1
2194	149.1
2195	53
2196	0.1
2197	150.4
2198	0
2199	210.4
2200	0.1
2201	11.6
2202	43.9
2203	0
2204	0
2205	0.3
2206	41.6
2207	44.8
2208	28.3
2209	0.1
2210	144.2
2211	0.2
2212	53
2213	104.7
2214	0.1
2215	43.5
2216	30.9
2217	0.2
2218	0
2219	135.3
2220	42.6
2221	0
2222	147.7
2223	0
2224	0.1
2225	56.7
2226	36.2
2227	155
2228	0
2229	0.1
2230	55.8
2231	0
2232	64.9
2233	0
2234	128.2
2235	0
2236	0.1
2237	0.1
2238	0.1
2239	30.1
2240	0.1
2241	67.2
2242	0.1
2243	0.1
2244	0
2245	150.5
2246	0
2247	0.1
2248	181.8
2249	75.1
2250	0
2251	37.3
2252	147.4
2253	0.1
2254	32.3
2255	0.1
2256	108
2257	47.9
2258	0
2259	166.7
2260	0.1
2261	0
2262	0
2263	181
2264	175.8
2265	156.9
2266	0.1
2267	0.1
2268	76.8
2269	43.4
2270	0.2
2271	86.9
2272	0.1
2273	42.2
2274	0.1
2275	130.4
2276	74
2277	0.1
2278	0.1
2279	0
2280	0.1
2281	0.5
2282	198.4
2283	84.2
2284	0.1
2285	162.6
2286	94.2
2287	35.2
2288	101.3
2289	0.1
2290	0.1
2291	0
2292	167.2
2293	41.9
2294	58.4
2295	135.8
2296	176.4
2297	203.2
2298	0
2299	34.1
2300	0.1
2301	0.1
2302	0
2303	0.1
2304	0.1
2305	0
2306	71.6
2307	152.7
2308	0.1
2309	62.2
2310	230.3
2311	0.9
2312	0.1
2313	0
2314	0.1
2315	0.7
2316	0.1
2317	213.6
2318	0
2319	0
2320	147.5
2321	125.9
2322	0.1
2323	0.1
2324	212.5
2325	131.5
2326	59.7
2327	0
2328	178.3
2329	0
2330	0.5
2331	0.3
2332	50.3
2333	0
2334	109.5
2335	0.6
2336	69.9
2337	0.1
2338	79.9
2339	56.9
2340	93
2341	75
2342	0.6
2343	51.1
2344	0.1
2345	72.4
2346	78.3
2347	0.1
2348	0.1
2349	57.6
2350	0.1
2351	91.8
2352	0.1
2353	55.5
2354	0.1
2355	75.7
2356	0.5
2357	0.2
2358	46.8
2359	91.3
2360	75
2361	86.2
2362	60.2
2363	97.5
2364	38.4
2365	60.1
2366	0.9
2367	0.5
2368	58.9
2369	31.2
2370	113.1
2371	0.1
2372	58.1
2373	68.9
2374	38.4
2375	0.2
2376	1.1
2377	87.8
2378	75.4
2379	64.1
2380	56
2381	51.9
2382	98.4
2383	1
2384	0.5
2385	15.1
2386	0.1
2387	0.1
2388	75.1
2389	102.6
2390	26
2391	57.4
2392	113.9
2393	1
2394	112.9
2395	35.3
2396	59.7
2397	0.3
2398	13.1
2399	67.8
2400	0.3
2401	60.2
2402	132.1
2403	61.8
2404	29.8
2405	56.9
2406	48.2
2407	0.8
2408	71.8
2409	73.1
2410	66.5
2411	69.3
2412	87.4
2413	0.2
2414	26.3
2415	76
2416	60
2417	59.1
2418	63.4
2419	69.7
2420	110.5
2421	1.2
2422	55
2423	44.8
2424	73.7
2425	26.3
2426	0.8
2427	0.1
2428	126.6
2429	1.2
2430	0.5
2431	61.5
2432	0.1
2433	144.9
2434	24.2
2435	0.3
2436	0.1
2437	18
2438	66.6
2439	181.3
2440	71.6
2441	1.4
2442	41.6
2443	49.4
2444	117.8
2445	64.7
2446	32.4
2447	71.8
2448	297.6
2449	0.5
2450	0.7
2451	69
2452	69.1
2453	180.7
2454	0.3
2455	0.2
2456	200.8
2457	0.3
2458	56.3
2459	77
2460	17.9
2461	251.1
2462	121.3
2463	28.6
2464	203.2
2465	1.1
2466	0.4
2467	82.1
2468	87.9
2469	81.4
2470	233
2471	60.9
2472	77.8
2473	29
2474	139.9
2475	61.9
2476	1
2477	66.5
2478	66.2
2479	0.5
2480	66.1
2481	81.4
2482	16
2483	1
2484	104.1
2485	90.8
2486	65.1
2487	0.4
2488	60.9
2489	146.7
2490	83.9
2491	27.7
2492	108.5
2493	1.2
2494	63.7
2495	62.8
2496	24.3
2497	96.1
2498	83.5
2499	18
2500	129.9
2501	81.2
2502	91.3
2503	54.4
2504	81.6
2505	88.5
2506	59.5
2507	0.4
2508	113.6
2509	1
2510	117.7
2511	219.6
2512	88.5
2513	54.3
2514	80.8
2515	85.7
2516	0.2
2517	34.7
2518	47
2519	62.8
2520	147.5
2521	77.9
2522	281.9
2523	29.1
2524	0.5
2525	45.6
2526	76.7
2527	74.6
2528	80.8
2529	89.4
2530	84.5
2531	75.9
2532	80.2
2533	110.4
2534	52.1
2535	82.2
2536	121.6
2537	63.1
2538	153.3
2539	279.8
2540	113.3
2541	147.1
2542	87.8
2543	90.1
2544	59.6
2545	92
2546	103.2
2547	60
2548	100
2549	59.3
2550	0.9
2551	34.6
2552	232.4
2553	70.5
2554	144.7
2555	94.5
2556	100.7
2557	111.3
2558	51.6
2559	87.2
2560	155.8
2561	96.9
2562	243.5
2563	98.4
2564	129
2565	122.9
2566	32.1
2567	55.9
2568	208.3
2569	90.8
2570	57.9
2571	39.6
2572	0.3
2573	6.2
2574	57.1
2575	67.3
2576	49.2
2577	90
2578	88.7
2579	84.2
2580	0.2
2581	122.5
2582	211
2583	106.2
2584	0.7
2585	93.4
2586	173.4
2587	92.1
2588	47.5
2589	74.6
2590	94.9
2591	95.5
2592	90.1
2593	90
2594	51.3
2595	0.5
2596	115.8
2597	94.6
2598	219.4
2599	58.7
2600	85
2601	92.3
2602	126.6
2603	88.5
2604	221
2605	49.6
2606	27.4
2607	88.1
2608	72.8
2609	115.4
2610	5.9
2611	111.3
2612	88.3
2613	84.3
2614	148.4
2615	56.2
2616	122.3
2617	127.9
2618	72.6
2619	0.2
2620	190.6
2621	46.1
2622	87.8
2623	86
2624	77.6
2625	172.6
2626	37.9
2627	50.9
2628	53.7
2629	0.5
2630	74.7
2631	70.7
2632	84.1
2633	88.1
2634	83.3
2635	83.7
2636	121.7
2637	0.1
2638	77
2639	83.4
2640	71.3
2641	100.1
2642	93.7
2643	217.5
2644	28.9
2645	206.7
2646	68.9
2647	47.1
2648	100.2
2649	15.2
2650	81.1
2651	0.1
2652	22.6
2653	87
2654	32.1
2655	76.6
2656	122.5
2657	44.6
2658	81
2659	113.2
2660	104.6
2661	67.2
2662	161.4
2663	19
2664	81.3
2665	16.3
2666	95.8
2667	16.3
2668	86.9
2669	98.5
2670	150.5
2671	105.4
2672	94.2
2673	3.8
2674	39.3
2675	22.5
2676	8
2677	174.5
2678	114.4
2679	22.9
2680	95.9
2681	78.3
2682	75
2683	87.3
2684	81.8
2685	86
2686	98.3
2687	104.1
2688	74.1
2689	84.5
2690	97.5
2691	83.7
2692	4.9
2693	97.2
2694	80.1
2695	0.2
2696	96.7
2697	0.2
2698	157.8
2699	34.3
2700	91.1
2701	10.2
2702	93.9
2703	66.3
2704	12.4
2705	76.6
2706	101.5
2707	21.4
2708	105.3
2709	41
2710	101.1
2711	93.5
2712	0.1
2713	115.9
2714	114.5
2715	52.8
2716	78.5
2717	71.5
2718	52.8
2719	69.4
2720	75.1
2721	101.3
2722	86.7
2723	86.7
2724	45.3
2725	80.7
2726	95.5
2727	111.9
2728	55.5
2729	94.4
2730	75.3
2731	0.1
2732	84.8
2733	79
2734	73
2735	59
2736	14.8
2737	70.1
2738	58.2
2739	82.7
2740	76.6
2741	59.2
2742	62.4
2743	67.8
2744	58
2745	53.5
2746	18.2
2747	67.9
2748	0.1
2749	84.1
2750	73.2
2751	106.2
2752	79.5
2753	61.8
2754	89.8
2755	53.3
2756	63.9
2757	84
2758	174.3
2759	67.3
2760	71.4
2761	59.3
2762	78.1
2763	46.6
2764	85.7
2765	87.5
2766	86.3
2767	22.3
2768	57.1
2769	58.5
2770	76.1
2771	157.2
2772	59.5
2773	39.1
2774	143
2775	91
2776	77
2777	67.3
2778	105.1
2779	81.2
2780	31.5
2781	89.7
2782	73.1
2783	73.4
2784	72.2
2785	58.9
2786	54.4
2787	86.4
2788	59.5
2789	89.1
2790	95.8
2791	94.7
2792	114.3
2793	157.8
2794	98.6
2795	57.5
2796	54.9
2797	188.3
2798	88.7
2799	81.6
2800	89.7
2801	113.2
2802	155.9
2803	51.9
2804	34.6
2805	90.7
2806	86
2807	200
2808	82.4
2809	85.8
2810	21.7
2811	139.3
2812	69
2813	73.2
2814	101.3
2815	179.1
2816	52
2817	68.3
2818	113.7
2819	108.8
2820	109.5
2821	75.7
2822	85.2
2823	88.7
2824	45.5
2825	62
2826	55.6
2827	32.4
2828	87
2829	60.4
2830	93.6
2831	115.8
2832	107.9
2833	60.9
2834	150
2835	119.3
2836	107.3
2837	89.3
2838	122.2
2839	100
2840	128.5
2841	133.7
2842	105.5
2843	65.8
2844	44.9
2845	61.9
2846	20.6
2847	208.4
2848	86
2849	103.2
2850	116.8
2851	97.9
2852	83.5
2853	104.8
2854	173.8
2855	77.1
2856	124.6
2857	90.2
2858	109.8
2859	74.1
2860	73.2
2861	102.1
2862	87.9
2863	56.5
2864	74.2
2865	127.9
2866	80
2867	85.5
2868	59.7
2869	78.8
2870	71.3
2871	82.1
2872	125.8
2873	163.4
2874	23
2875	78.2
2876	22
2877	102.9
2878	77.4
2879	47.1
2880	82.7
2881	103.3
2882	150.1
2883	76.9
2884	88.3
2885	73.5
2886	105.5
2887	64.3
2888	20.7
2889	57.3
2890	59.5
2891	118.4
2892	114
2893	139.9
2894	86.5
2895	181.4
2896	21.6
2897	199
2898	86
2899	129.9
2900	74.6
2901	50.3
2902	106.6
2903	266.7
2904	36
2905	80
2906	102.5
2907	73.3
2908	131.4
2909	124.8
2910	75.2
2911	204.7
2912	105.9
2913	119.7
2914	153.4
2915	65.2
2916	207.6
2917	54.6
2918	128.1
2919	47.5
2920	58.4
2921	100.5
2922	71
2923	74.7
2924	88.2
2925	110.1
2926	81.2
2927	42.7
2928	85.3
2929	82.7
2930	206.4
2931	101.7
2932	120.4
2933	115.7
2934	37.8
2935	162.7
2936	42.4
2937	68.3
2938	53.2
2939	181.8
2940	40.3
2941	77.2
2942	44.7
2943	130.6
2944	43.2
2945	145.3
2946	131.2
2947	125.4
2948	114.3
2949	129.3
2950	70.2
2951	164.2
2952	127.8
2953	142.6
2954	104.9
2955	165.3
2956	153.1
2957	80.8
2958	113.7
2959	57.4
2960	126.9
2961	130.1
2962	95.9
2963	96.5
2964	109.8
2965	72.8
2966	155.2
2967	159.1
2968	143
2969	57.5
2970	43.4
2971	147.4
2972	106.2
2973	35.6
2974	132.5
2975	176.6
2976	137.6
2977	94.5
2978	96.1
2979	134.6
2980	123.2
2981	155.9
2982	119.6
2983	132
2984	195.4
2985	103.9
2986	113.8
2987	87.4
2988	120.3
2989	45.6
2990	61.2
2991	258.7
2992	105.6
2993	128.7
2994	109.7
2995	129.1
2996	199.8
2997	120
2998	67.6
2999	86.6
3000	78.3
3001	77.8
3002	136.5
3003	78
3004	42.5
3005	83.3
3006	127.3
3007	130.5
3008	142.1
3009	39.6
3010	43.9
3011	155.2
3012	113.3
3013	195.8
3014	60.2
3015	33.8
3016	97.6
3017	330.8
3018	63.8
3019	41.1
3020	67.6
3021	61.2
3022	64.9
3023	44.1
3024	123.2
3025	58.8
3026	177.5
3027	145.8
3028	74
3029	131.2
3030	50.6
3031	89.5
3032	83.1
3033	38.5
3034	101.5
3035	66.3
3036	53.1
3037	87.2
3038	27.9
3039	73.6
3040	170
3041	186
3042	151.4
3043	182.9
3044	79.3
3045	169.3
3046	26.6
3047	28.7
3048	166.3
3049	70.8
3050	217.9
3051	116.7
3052	83.9
3053	221.7
3054	66.4
3055	76.1
3056	175
3057	30.8
3058	159.9
3059	93.3
3060	30
3061	64.7
3062	41.3
3063	262.5
3064	271.2
3065	55.1
3066	169.6
3067	60.9
3068	204.2
3069	42.9
3070	114
3071	96.5
3072	85.3
3073	20.8
3074	199.5
3075	86.2
3076	102.3
3077	101.6
3078	80.2
3079	121.4
3080	180.9
3081	38.4
3082	64.8
3083	263.8
3084	68
3085	86.5
3086	101.8
3087	382
3088	216.7
3089	343.8
3090	101.7
3091	38.2
3092	32.1
3093	99
3094	24.8
3095	30.2
3096	134.2
3097	28.9
3098	362.5
3099	29.6
3100	146.2
3101	17.1
3102	74
3103	143.5
3104	176.8
3105	63.6
3106	216.8
3107	186.3
3108	30.5
3109	70.1
3110	28.5
3111	429.6
3112	15.9
3113	290.7
3114	41.9
3115	63.5
3116	71.2
3117	42.3
3118	214.1
3119	272.2
3120	13.1
3121	239.2
3122	22.5
3123	183.5
3124	26.1
3125	59.4
3126	19.9
3127	12.9
3128	26.8
3129	26.4
3130	28.2
3131	191.1
3132	174.4
3133	240.1
3134	205.7
3135	28.6
3136	224.6
3137	20
3138	31.2
3139	179.8
3140	112.6
3141	33.3
3142	143.4
3143	210.7
3144	30.6
3145	15.6
3146	22.2
3147	17.5
3148	42.1
3149	23.1
3150	15.3
3151	78.3
3152	125.8
3153	152.2
3154	132
3155	46
3156	77.3
3157	65.2
3158	15.2
3159	135.3
3160	16.1
3161	69.9
3162	125.4
3163	27.3
3164	29.6
3165	27.6
3166	116.6
3167	28.2
3168	166.2
3169	22.5
3170	147.6
3171	58.3
3172	211.9
3173	23.1
3174	37.3
3175	146.3
3176	52.9
3177	26.3
3178	27
3179	27.2
3180	23
3181	27.1
3182	165.6
3183	160.5
3184	51.8
3185	53.3
3186	59.5
3187	126.3
3188	39
3189	57.1
3190	46.8
3191	49.2
3192	39.2
3193	14.7
3194	160.3
3195	111.9
3196	10.6
3197	28.6
3198	27.3
3199	90.7
3200	23.8
3201	30.1
3202	122.7
3203	155.9
3204	28.4
3205	34.4
3206	24.3
3207	20.6
3208	37.4
3209	16.1
3210	37.7
3211	38.4
3212	97.8
3213	26
3214	24.3
3215	14.5
3216	28.1
3217	32
3218	34.2
3219	36.7
3220	28.1
3221	32.7
3222	39.5
3223	38.5
3224	111.6
3225	29.8
3226	94.9
3227	32.2
3228	15.4
3229	16.7
3230	29.6
3231	14.4
3232	35.1
3233	25.5
3234	94.5
3235	95.8
3236	43.4
3237	21.9
3238	40
3239	14.6
3240	34.1
3241	42.3
3242	18.4
3243	37.9
3244	21
3245	30.5
3246	38.9
3247	14
3248	27.6
3249	38.4
3250	29.4
3251	147.3
3252	102.7
3253	19.5
3254	34.2
3255	24.6
3256	37.8
3257	38.3
3258	21.5
3259	49.3
3260	32.9
3261	22.1
3262	35.7
3263	24.9
3264	23.4
3265	27.8
3266	18
3267	52.7
3268	33
3269	84.2
3270	15
3271	23.1
3272	69.7
3273	23.1
3274	97.2
3275	24.4
3276	24.4
3277	15.9
3278	68
3279	25.8
3280	24.3
3281	36.2
3282	22.9
3283	22.5
3284	20.3
3285	21
3286	96.4
3287	24.1
3288	32.2
3289	19.4
3290	35.8
3291	77.8
3292	26.6
3293	32.5
3294	37.8
3295	29.8
3296	23.2
3297	19.1
3298	39.1
3299	16
3300	48.9
3301	24.1
3302	34
3303	79
3304	45.3
3305	26.1
3306	24.6
3307	24.2
3308	70.2
3309	21.8
3310	25.4
3311	24.4
3312	35.1
3313	19.2
3314	20.5
3315	19.2
3316	47.6
3317	22.8
3318	18.3
3319	17.8
3320	15.9
3321	26.7
3322	19.9
3323	17.1
3324	22.4
3325	21.4
3326	20.1
3327	15.3
3328	24.1
3329	15.2
3330	30.6
3331	30.4
3332	31.2
3333	18.7
3334	18.6
3335	53.8
3336	24.7
3337	15
3338	24.4
3339	20.8
3340	23.3
3341	42.1
3342	20.2
3343	24.1
3344	18
3345	15
3346	22.5
3347	16.2
3348	17.6
3349	17.9
3350	20.7
3351	23.5
3352	20.4
3353	20.7
3354	25.8
3355	24.4
3356	25.3
3357	22.2
3358	22.4
3359	20.6
3360	22.9
3361	16.8
3362	17.6
3363	27
3364	15.2
3365	29.9
3366	20.4
3367	22.7
3368	26.7
3369	24
3370	15.1
3371	23.3
3372	25.1
3373	21.3
3374	20.6
3375	17.5
3376	20.8
3377	13.8
3378	15.4
3379	15.5
3380	22.5
3381	24.6
3382	14.3
3383	23.4
3384	23.5
3385	25.2
3386	24.8
3387	17.5
3388	14.4
3389	26.6
3390	27.2
3391	25.8
3392	28.6
3393	18
3394	31
3395	27.3
3396	29.8
3397	30.9
3398	23.2
3399	19.5
3400	270.9
3401	418.4
3402	330.6
3403	154.6
3404	142.2
3405	114.4
3406	157
3407	139.4
3408	199.6
3409	159.5
3410	0
3411	0
3412	224.6
3413	136.9
3414	212.5
3415	145.2
3416	7.2
3417	229.1
3418	171.1
3419	0
3420	8.6
3421	0
3422	168
3423	171.6
3424	133.1
3425	241
3426	174.4
3427	24.9
3428	43.8
3429	311.8
3430	38.8
3431	125
3432	352.2
3433	159.6
3434	184.3
3435	1
3436	135.7
3437	117.9
3438	0.4
3439	0.5
3440	123.4
3441	305.1
3442	2
3443	129.4
3444	94.3
3445	0.3
3446	0.6
3447	0.8
3448	2
3449	142
3450	0.7
3451	180.6
3452	159.6
3453	104
3454	119.4
3455	137.2
3456	10.5
3457	203.3
3458	83.9
3459	10
3460	148.5
3461	38.9
3462	237.9
3463	210.4
3464	6.9
3465	7.8
3466	70.9
3467	94.4
3468	134.5
3469	73
3470	97.8
3471	219.1
3472	52.1
3473	184.2
3474	140.4
3475	0.2
3476	0.1
3477	95.2
3478	90.8
3479	0.1
3480	90.7
3481	150.1
3482	33.2
3483	34.5
3484	132.6
3485	46.2
3486	0.1
3487	389.7
3488	61.6
3489	150.9
3490	157.1
3491	0.1
3492	96
3493	57.9
3494	125.5
3495	168.2
3496	29
3497	36.1
3498	30.4
3499	122.6
3500	57.5
3501	36.3
3502	47.7
3503	0
3504	0
3505	97.4
3506	154
3507	0
3508	74.8
3509	57.6
3510	0.1
3511	71.2
3512	56.3
3513	68.1
3514	52.8
3515	108.5
3516	54.6
3517	41.3
3518	60.1
3519	78.2
3520	0.3
3521	0.3
3522	168.8
3523	61.8
3524	54.5
3525	61.3
3526	34.5
3527	55.6
3528	161.6
3529	74.4
3530	72.3
3531	211.7
3532	60.7
3533	0.3
3534	0.2
3535	133.3
3536	72.2
3537	26
3538	0.1
3539	113.5
3540	156.8
3541	79.4
3542	102
3543	81.5
3544	62.7
3545	214.5
3546	75.4
3547	66.1
3548	169.1
3549	92.1
3550	81.5
3551	100.8
3552	64.8
3553	77.4
3554	122
3555	149.4
3556	126.4
3557	38.7
3558	139.4
3559	38.2
3560	105.3
3561	64.1
3562	27
3563	117.8
3564	29.7
3565	43.9
3566	45.6
3567	117.9
3568	184
3569	213
3570	174.8
3571	178.7
3572	37.6
3573	209
3574	79.7
3575	51.9
3576	145.6
3577	190
3578	49.3
3579	26.1
3580	25.4
3581	39.3
3582	44.6
3583	23.6
3584	116
3585	31.9
3586	96.7
3587	30.1
3588	25.1
3589	27.2
3590	15.1
3591	25.1
3592	17.2
3593	15.2
3594	27
