"COMID"	"Value"
1	1.3
2	6.3
3	1.5
4	0.5
5	1.1
6	0
7	3.7
8	6.4
9	5.6
10	0
11	0.7
12	5.6
13	0
14	7.5
15	6.4
16	4
17	5.2
18	2.2
19	2.1
20	1.3
21	6.5
22	1.5
23	0
24	5.6
25	5.3
26	0.2
27	5
28	1.1
29	4.1
30	0
31	1
32	0.8
33	7.7
34	5.6
35	0.2
36	5.6
37	6.4
38	0
39	5.6
40	10.8
41	7.3
42	6.3
43	12.9
44	1.3
45	6.3
46	0
47	1.9
48	7.4
49	5
50	7.5
51	5.6
52	0.5
53	5.6
54	5.3
55	5.1
56	4.6
57	11.8
58	5.6
59	6.3
60	5.6
61	5.6
62	5.6
63	1.5
64	4.9
65	5.6
66	0.5
67	6.7
68	2.2
69	1
70	1
71	0
72	5.9
73	5.6
74	2.3
75	1
76	1
77	0
78	1
79	5
80	1
81	0.2
82	0
83	5.1
84	0
85	3.7
86	2.4
87	5.6
88	5.6
89	1
90	4.9
91	7.5
92	6.9
93	3.9
94	5.6
95	3.1
96	7.5
97	4.7
98	0
99	1
100	5
101	0.8
102	3.3
103	5.6
104	0
105	7.5
106	4.8
107	1.1
108	0
109	7.5
110	7.5
111	0
112	4.9
113	1
114	4.7
115	3.1
116	2.5
117	0.6
118	2.7
119	0
120	3.1
121	0.5
122	3.6
123	0
124	2.3
125	3.8
126	5
127	1.1
128	0.6
129	5.6
130	1
131	1.5
132	1
133	0.6
134	3.3
135	2.3
136	3.1
137	0.7
138	1
139	1
140	3.2
141	3.1
142	1
143	0
144	3.1
145	1
146	2.4
147	1.4
148	1.1
149	2.3
150	0.8
151	0
152	2
153	1
154	1.8
155	0
156	1
157	0.8
158	1
159	1.8
160	4.1
161	1
162	1
163	0.4
164	1
165	0
166	1
167	0.5
168	0
169	0.5
170	3.7
171	1.9
172	1
173	1
174	7.5
175	0.5
176	6
177	1.8
178	1.5
179	2.1
180	1
181	0
182	3.1
183	0
184	1
185	1
186	3.2
187	1.3
188	1
189	1
190	3.4
191	1
192	1.7
193	1
194	6.5
195	0
196	1
197	1.7
198	1
199	1.9
200	1
201	1
202	1
203	1
204	1
205	1
206	0.5
207	1
208	5.8
209	1.9
210	2
211	1.3
212	0.5
213	1.7
214	1
215	0.3
216	1.3
217	1.5
218	1
219	1.1
220	1
221	0
222	0.2
223	4.9
224	0
225	1.1
226	0.2
227	0
228	1.6
229	1
230	0
231	1.6
232	1.2
233	4.3
234	0.3
235	0
236	1.5
237	0.5
238	1.1
239	0.2
240	3
241	0.1
242	0
243	0
244	4.4
245	1.5
246	3.7
247	0
248	0
249	0
250	4.1
251	0.2
252	9.3
253	1.2
254	0
255	0
256	0
257	0
258	0
259	0
260	0
261	1.4
262	0.1
263	0
264	0
265	0
266	1.2
267	3.6
268	9
269	4
270	0
271	2.1
272	0.1
273	3.4
274	0
275	0
276	0
277	1
278	0
279	0
280	0
281	0
282	3.2
283	1
284	1
285	0
286	0
287	9.4
288	1
289	1
290	1
291	8.5
292	1
293	0
294	8.8
295	1
296	3.1
297	3.1
298	0
299	0
300	3.1
301	1
302	3.1
303	3.1
304	1
305	3.1
306	1
307	3.1
308	0.4
309	1
310	3.1
311	3.1
312	3.1
313	3.1
314	1
315	1
316	1
317	0
318	1
319	0
320	3.1
321	1
322	3.1
323	3.2
324	1
325	0
326	8.7
327	1
328	1
329	1
330	0
331	1
332	1
333	1
334	1
335	0
336	1
337	0
338	1
339	1
340	1
341	1
342	0
343	1
344	0
345	1
346	0
347	1
348	1
349	1
350	1
351	1
352	1
353	0.5
354	1
355	0
356	1
357	0
358	1
359	0
360	1
361	1
362	1
363	1
364	0
365	0.3
366	5.6
367	0
368	6.1
369	0
370	0.5
371	0
372	5.6
373	5.6
374	0
375	5.8
376	0.8
377	0.5
378	5.6
379	0
380	0.4
381	0
382	0
383	1.1
384	0
385	0
386	0
387	25.2
388	0.5
389	1.5
390	25.2
391	5.6
392	1.7
393	0
394	5.6
395	0
396	0
397	0
398	5.6
399	0
400	5.6
401	0.6
402	0
403	0
404	0
405	0
406	7.4
407	0
408	0
409	0
410	16
411	0.5
412	0
413	7.7
414	0
415	0
416	0
417	0
418	0
419	5.6
420	0
421	0
422	0
423	0.7
424	6.9
425	5.9
426	0
427	7.5
428	6.6
429	0.4
430	8.2
431	0
432	5.6
433	5.8
434	5.6
435	5.6
436	5.6
437	0
438	7.7
439	0
440	0.4
441	7.5
442	4.8
443	6.2
444	5.6
445	14
446	5.6
447	14.5
448	11.2
449	5.6
450	5.6
451	0
452	2
453	0
454	5.6
455	5.6
456	5.6
457	1.1
458	1.7
459	1.3
460	5.6
461	7.6
462	3.9
463	7.5
464	1
465	4.5
466	0
467	7.1
468	1
469	4.9
470	1
471	1
472	0.5
473	1.2
474	1
475	0
476	0
477	4
478	1
479	5.6
480	1.1
481	0
482	0
483	2
484	5.6
485	4.8
486	0
487	5.6
488	0.5
489	0
490	0.5
491	6.7
492	1.3
493	0
494	7.9
495	0
496	0
497	4.4
498	5.9
499	0
500	4
501	3
502	7.8
503	5.6
504	5.6
505	2.9
506	3.6
507	4
508	2.9
509	3.6
510	3
511	6.6
512	6.7
513	0
514	2.8
515	0
516	5.6
517	4.2
518	5.6
519	5.6
520	0
521	2.6
522	5.6
523	0
524	1.4
525	2.4
526	5.6
527	2.6
528	5.6
529	0
530	17.1
531	15.2
532	2.9
533	2.7
534	1
535	17.7
536	1.3
537	0
538	0
539	0.6
540	5.6
541	15
542	15.1
543	1.8
544	0
545	0
546	15.9
547	1
548	0
549	0
550	0.6
551	14.5
552	1
553	0.5
554	0
555	5.6
556	1.1
557	5.6
558	0
559	6.5
560	14.9
561	0.6
562	15.5
563	0
564	13.9
565	6.3
566	15.3
567	5.6
568	15.2
569	5.7
570	0
571	0.6
572	14.3
573	5.6
574	1
575	5.6
576	0
577	0
578	5.9
579	5.8
580	14.5
581	0
582	0.6
583	5.6
584	5.6
585	0
586	0.8
587	14.8
588	0.2
589	30.2
590	0
591	0.5
592	5.8
593	14.3
594	5.6
595	0.4
596	5.6
597	0
598	5.6
599	14.9
600	5.6
601	5.6
602	0
603	0
604	0.3
605	0
606	0.3
607	5.6
608	5.6
609	0
610	5.6
611	0.5
612	0
613	0
614	3.8
615	0
616	0
617	31.2
618	0
619	5.6
620	5.6
621	0.2
622	4.1
623	3.9
624	3.7
625	5.6
626	5.6
627	14.6
628	5.6
629	5.6
630	16.4
631	5.6
632	0
633	6.5
634	0
635	5.7
636	5.6
637	5.6
638	5.6
639	0
640	0
641	15.5
642	0
643	2
644	0
645	0.1
646	6.5
647	5.6
648	0.3
649	2.2
650	5.6
651	16.9
652	5.6
653	0
654	5.6
655	0
656	5.6
657	2.5
658	0.6
659	2.2
660	0
661	0.5
662	6.5
663	2.1
664	5.6
665	5.6
666	5.6
667	0.7
668	32
669	0.6
670	5.6
671	5.6
672	5.6
673	6.7
674	0
675	7.3
676	1.2
677	15.4
678	5.6
679	5.6
680	0
681	6.6
682	2.4
683	32.6
684	1.8
685	5.6
686	15.5
687	0
688	7.4
689	5.6
690	6.8
691	0.5
692	15
693	5.6
694	0
695	0.5
696	8.4
697	5.6
698	1.7
699	5.5
700	6.9
701	0
702	8.5
703	6.9
704	4.8
705	1.6
706	5.6
707	15.3
708	7.8
709	2.1
710	1.1
711	0
712	0.1
713	1.3
714	5.6
715	1
716	0
717	0.3
718	8.1
719	1.1
720	7
721	5.6
722	1.7
723	7.8
724	7.3
725	5.6
726	0
727	0
728	2.3
729	0
730	1.2
731	5.6
732	0
733	1
734	6.6
735	0.1
736	5.6
737	5.5
738	6.9
739	6.2
740	7.6
741	1.8
742	0.9
743	1.4
744	0
745	0
746	6.6
747	7.3
748	0
749	1.5
750	5.6
751	6.5
752	1.2
753	7.4
754	7.8
755	1.3
756	6.4
757	4.1
758	0.8
759	5.6
760	6.5
761	5.6
762	1.2
763	1.1
764	14.9
765	6.7
766	0
767	1
768	1.8
769	8.2
770	1.6
771	0.4
772	0.7
773	6.4
774	6.4
775	0.5
776	5.6
777	1.3
778	6.4
779	0
780	8.2
781	1.1
782	124.9
783	115.2
784	129.1
785	133.2
786	105
787	131.4
788	80
789	97.5
790	123.2
791	101
792	105.9
793	91.1
794	136
795	140.9
796	91.5
797	149
798	93.5
799	101.1
800	116.2
801	98.1
802	119.9
803	107.6
804	73.6
805	106.1
806	103.2
807	61.3
808	120.4
809	134.9
810	164.6
811	98.3
812	121.3
813	105.5
814	114.8
815	115.9
816	100.2
817	75.4
818	106.7
819	165.1
820	105
821	131.9
822	123.1
823	98.3
824	122
825	109.2
826	138.5
827	144.4
828	135.1
829	113
830	138.1
831	118.2
832	149
833	126.2
834	99.9
835	103.3
836	132
837	34.8
838	121
839	137.3
840	111
841	99.8
842	111.3
843	12.8
844	102.6
845	110.1
846	138.3
847	113.8
848	123.7
849	110
850	96.8
851	90.6
852	62.4
853	65.5
854	72.8
855	67
856	116.6
857	98.5
858	106.8
859	94.8
860	103.4
861	85.2
862	7.1
863	55.4
864	86.7
865	69.1
866	107.2
867	49.2
868	114.8
869	88.8
870	27.5
871	105.5
872	93.4
873	8.3
874	75.7
875	95.4
876	105.5
877	60.5
878	61.7
879	93.6
880	116.3
881	119.6
882	99.5
883	45.2
884	63.5
885	59.9
886	6.5
887	102.2
888	122
889	73.3
890	125.9
891	116.6
892	98.7
893	142.1
894	6.5
895	85.8
896	102.6
897	110.3
898	98.8
899	156.8
900	131.6
901	122
902	106.6
903	99
904	62.1
905	112.4
906	102.4
907	92.1
908	107.6
909	73.6
910	0
911	64
912	104.9
913	95.3
914	118.9
915	0
916	91.7
917	72.8
918	105.5
919	101
920	114.8
921	44.5
922	115.6
923	12.9
924	121
925	90.7
926	124.5
927	66.1
928	2.5
929	100.3
930	142.7
931	67.3
932	3.8
933	146.9
934	0
935	113.7
936	115.7
937	93.2
938	84.1
939	78.6
940	98.2
941	70.2
942	117.3
943	0
944	81.7
945	121.9
946	117.2
947	0
948	99.5
949	126.3
950	120.4
951	131.1
952	92.2
953	3.1
954	5.3
955	148.5
956	100.9
957	96.9
958	2.5
959	90.3
960	125.6
961	167.9
962	107.6
963	113.6
964	0
965	126.3
966	160
967	0
968	99
969	113.5
970	23
971	127.5
972	116.2
973	101
974	89.1
975	81.1
976	70.6
977	133.1
978	3.3
979	160.5
980	85.8
981	134.4
982	123.9
983	119.1
984	70
985	130.4
986	111.7
987	3.5
988	122.1
989	137.6
990	0
991	127.9
992	0
993	126.2
994	115.4
995	88
996	119.8
997	117.3
998	3.6
999	119.4
1000	0
1001	3.3
1002	76.9
1003	0
1004	129
1005	3.4
1006	161
1007	0
1008	3.1
1009	0
1010	127.9
1011	125.8
1012	155.8
1013	2.6
1014	133.2
1015	2.8
1016	0
1017	130.1
1018	3.1
1019	2.5
1020	131.4
1021	120.1
1022	107.2
1023	161.4
1024	151.1
1025	112.9
1026	127.1
1027	147.6
1028	141.1
1029	2.4
1030	0
1031	0
1032	0
1033	0.1
1034	105.3
1035	0
1036	122.6
1037	137.6
1038	102.4
1039	3.9
1040	2.9
1041	116.5
1042	3
1043	0
1044	1.2
1045	3.3
1046	2.1
1047	150.1
1048	149.2
1049	144.6
1050	0
1051	119.4
1052	138.8
1053	2.1
1054	97
1055	166.4
1056	109.4
1057	0.1
1058	115.2
1059	0.1
1060	112.9
1061	0
1062	134.7
1063	141.2
1064	0
1065	1.8
1066	160.1
1067	0
1068	0.1
1069	0
1070	147
1071	105.5
1072	0
1073	0
1074	123.6
1075	0
1076	132.3
1077	0
1078	128.9
1079	103.1
1080	2.3
1081	0
1082	167.6
1083	0
1084	110.9
1085	149.5
1086	146.6
1087	0
1088	0
1089	2.2
1090	91.6
1091	139.7
1092	0
1093	3
1094	0
1095	2
1096	2.8
1097	139.4
1098	3.3
1099	0
1100	0
1101	0
1102	101.8
1103	0
1104	3
1105	5.8
1106	2.6
1107	0
1108	1.5
1109	95
1110	0
1111	0
1112	156.7
1113	135.3
1114	99.3
1115	4.4
1116	2.5
1117	157.7
1118	4
1119	2.7
1120	2.3
1121	1.9
1122	2.8
1123	2.8
1124	87.9
1125	1.9
1126	132
1127	1.9
1128	131.1
1129	144.3
1130	2.6
1131	0
1132	119.4
1133	145.3
1134	2
1135	0
1136	0
1137	2.7
1138	2.5
1139	2.5
1140	87.7
1141	1.2
1142	0
1143	128.9
1144	3.2
1145	4
1146	2.7
1147	2.5
1148	155.4
1149	1.2
1150	1.9
1151	2.3
1152	115.5
1153	110
1154	0
1155	0
1156	111.9
1157	1.9
1158	0
1159	76.1
1160	1.2
1161	0
1162	5
1163	3.9
1164	113.5
1165	0
1166	122.3
1167	149.1
1168	113.9
1169	144.2
1170	115.2
1171	4.7
1172	91.1
1173	3
1174	117.9
1175	2.1
1176	53.6
1177	0
1178	1.4
1179	136.5
1180	2.6
1181	7.4
1182	2
1183	0
1184	0
1185	109.4
1186	100.9
1187	1.8
1188	1.7
1189	5.4
1190	2.2
1191	111.8
1192	1.8
1193	113.1
1194	2.1
1195	144.4
1196	2.1
1197	0
1198	0
1199	81
1200	25.7
1201	1.5
1202	2.9
1203	0
1204	2
1205	2.3
1206	0
1207	3.5
1208	0
1209	2.1
1210	126.8
1211	147.6
1212	0
1213	79.6
1214	100.8
1215	3.8
1216	103.8
1217	69.3
1218	0
1219	0
1220	89.4
1221	1.2
1222	1.7
1223	1.9
1224	1.2
1225	142.7
1226	104.5
1227	62
1228	1.9
1229	6.6
1230	104.8
1231	0
1232	78.1
1233	1.3
1234	2.6
1235	3.4
1236	0
1237	116.3
1238	152.8
1239	0
1240	0.9
1241	106.8
1242	88
1243	1.9
1244	0.6
1245	119.1
1246	124.5
1247	57.9
1248	26.9
1249	143.2
1250	54.3
1251	3.2
1252	0
1253	1.9
1254	3.9
1255	0
1256	53.9
1257	3.3
1258	2.6
1259	0
1260	65.5
1261	59
1262	0
1263	2.5
1264	1.6
1265	119.2
1266	94.6
1267	0
1268	85.3
1269	26.2
1270	140.7
1271	1.8
1272	1.2
1273	3.7
1274	113.9
1275	0.9
1276	51
1277	91.3
1278	102.6
1279	25.5
1280	0
1281	3.5
1282	0
1283	136.1
1284	27.5
1285	2.5
1286	137.3
1287	4.6
1288	1.3
1289	97.3
1290	1
1291	66
1292	1.6
1293	25.2
1294	3.5
1295	127.9
1296	0
1297	27.1
1298	98.6
1299	1.1
1300	4.6
1301	0
1302	1
1303	1.6
1304	30.1
1305	139
1306	0
1307	134
1308	1.2
1309	0
1310	127.8
1311	108.1
1312	86.2
1313	3.1
1314	128
1315	0
1316	60.4
1317	55.4
1318	2.4
1319	89.8
1320	101.9
1321	0.2
1322	0
1323	0
1324	1.7
1325	82.6
1326	0.3
1327	0.2
1328	108
1329	28.8
1330	67.4
1331	58.2
1332	25.2
1333	53
1334	139.7
1335	1.6
1336	112.2
1337	0.5
1338	0.6
1339	1.4
1340	1.6
1341	131.8
1342	117
1343	0
1344	0
1345	1.3
1346	0
1347	105.4
1348	74.4
1349	1.4
1350	0
1351	85.9
1352	27.1
1353	118.1
1354	0.2
1355	105.2
1356	25.8
1357	64.5
1358	116.2
1359	2.8
1360	0.5
1361	1
1362	76.9
1363	0
1364	0.4
1365	62.1
1366	0.4
1367	0
1368	66.8
1369	0.1
1370	1.4
1371	0.1
1372	1.3
1373	75.3
1374	0.4
1375	132.3
1376	28.6
1377	1.6
1378	1.6
1379	2
1380	60.5
1381	0
1382	105.9
1383	0.3
1384	1.3
1385	26.7
1386	63.1
1387	0.6
1388	0.3
1389	0.1
1390	76.2
1391	113.9
1392	69.2
1393	0
1394	0.1
1395	68.4
1396	0
1397	133.9
1398	0.1
1399	0.1
1400	58.6
1401	0.1
1402	0.1
1403	125.1
1404	1.2
1405	0.4
1406	0.4
1407	0.1
1408	0.1
1409	128.2
1410	0
1411	83.6
1412	0.2
1413	142
1414	1.6
1415	187.3
1416	97
1417	0.1
1418	123.6
1419	0
1420	1.4
1421	0
1422	0.5
1423	41.4
1424	68.4
1425	0.1
1426	85.1
1427	1.2
1428	0
1429	0
1430	104.7
1431	137.7
1432	0.1
1433	98.3
1434	0.2
1435	101.6
1436	0.1
1437	0
1438	0.1
1439	1.9
1440	85.2
1441	87.6
1442	0.2
1443	61.5
1444	0.1
1445	0.1
1446	151.2
1447	0.1
1448	119.9
1449	0.1
1450	0.2
1451	0.1
1452	0.1
1453	154.1
1454	36.7
1455	0.3
1456	0.2
1457	142.8
1458	63.9
1459	2.1
1460	0
1461	74.7
1462	0
1463	0
1464	0.1
1465	0
1466	128.7
1467	0.1
1468	0
1469	70.5
1470	117.6
1471	0.1
1472	0.1
1473	122.4
1474	0.2
1475	122
1476	0
1477	0.1
1478	110.3
1479	74.1
1480	0
1481	85.2
1482	80.9
1483	0
1484	0.4
1485	33.6
1486	0
1487	0.1
1488	125.6
1489	87.2
1490	0.1
1491	49.9
1492	74.4
1493	128.5
1494	110.1
1495	0
1496	90
1497	66.8
1498	0
1499	81.2
1500	0.6
1501	77.8
1502	113.6
1503	0.4
1504	0
1505	79.1
1506	79.7
1507	0.1
1508	0.2
1509	32.7
1510	0.2
1511	1.4
1512	0
1513	116.1
1514	0.2
1515	0.1
1516	0.1
1517	109.4
1518	0.2
1519	73.6
1520	0.1
1521	0
1522	0.1
1523	0.1
1524	0
1525	0
1526	0.1
1527	89.8
1528	0
1529	68.7
1530	97.2
1531	0.2
1532	0.2
1533	1.2
1534	108.1
1535	26
1536	111.9
1537	0
1538	29.7
1539	0.1
1540	0
1541	0
1542	0
1543	69.4
1544	0.1
1545	0
1546	27.7
1547	60.3
1548	0.1
1549	0
1550	0
1551	0
1552	69.1
1553	95.7
1554	42.7
1555	99
1556	59.7
1557	0.5
1558	0
1559	76.9
1560	0.6
1561	0.1
1562	0.1
1563	0.1
1564	0
1565	49.8
1566	0.1
1567	0
1568	0.1
1569	90.2
1570	111.1
1571	0
1572	0.1
1573	116.1
1574	0.1
1575	70.8
1576	99.5
1577	116.1
1578	0
1579	0
1580	121.1
1581	116.6
1582	79.2
1583	66.5
1584	27.4
1585	122.4
1586	103.7
1587	0
1588	117.7
1589	0.2
1590	1.2
1591	0
1592	120.1
1593	0.1
1594	71.7
1595	78.8
1596	82.6
1597	0
1598	103
1599	107.4
1600	74.4
1601	38.4
1602	124.1
1603	74.6
1604	83.6
1605	0.5
1606	0
1607	0.1
1608	78.4
1609	0
1610	67.4
1611	0.2
1612	106.4
1613	98
1614	81.7
1615	103.7
1616	78
1617	0.1
1618	61.6
1619	0.2
1620	84.8
1621	99
1622	92.3
1623	0
1624	128.7
1625	63.6
1626	77.4
1627	0
1628	60.3
1629	0
1630	114.2
1631	50.7
1632	144.1
1633	0
1634	121.5
1635	133.8
1636	85.5
1637	115.8
1638	62.1
1639	0.7
1640	0.1
1641	56.6
1642	116.4
1643	68.2
1644	0.1
1645	72.8
1646	76.9
1647	0
1648	1.3
1649	0.2
1650	0.8
1651	102.8
1652	59.4
1653	1.1
1654	76.6
1655	100.9
1656	136.3
1657	74.2
1658	115
1659	67.6
1660	53.8
1661	0.5
1662	0
1663	68.5
1664	1.2
1665	0.7
1666	97.2
1667	128.3
1668	62.4
1669	70
1670	1.3
1671	125.2
1672	76.8
1673	104.1
1674	80.7
1675	59.5
1676	2.6
1677	2.3
1678	0.6
1679	144.9
1680	108.9
1681	76.3
1682	0.5
1683	65.3
1684	67.7
1685	65.5
1686	45.6
1687	151
1688	59.3
1689	2.3
1690	91.7
1691	0.3
1692	90.7
1693	0.9
1694	67.9
1695	88.8
1696	0
1697	110.7
1698	0.5
1699	2.3
1700	53.9
1701	102
1702	116.8
1703	87.6
1704	0
1705	1.6
1706	77.6
1707	0.4
1708	0.4
1709	65.7
1710	3
1711	1.8
1712	73.2
1713	109
1714	125.1
1715	100.4
1716	61.4
1717	79.4
1718	0.1
1719	40.2
1720	65.8
1721	91.5
1722	70
1723	78.1
1724	64.3
1725	123.7
1726	74.4
1727	105.7
1728	62.8
1729	0.5
1730	112
1731	2.6
1732	68.1
1733	71.9
1734	0.3
1735	119.4
1736	0.3
1737	66.9
1738	60.6
1739	79.4
1740	0
1741	0.5
1742	1.6
1743	62.4
1744	77.7
1745	130.6
1746	62.6
1747	77.1
1748	70.2
1749	45.3
1750	38.4
1751	64.1
1752	61.9
1753	118.5
1754	120
1755	63
1756	85.2
1757	94.3
1758	68.9
1759	66.5
1760	76.3
1761	96.6
1762	53.1
1763	72
1764	89.2
1765	1.9
1766	106.2
1767	72.6
1768	0
1769	83.7
1770	97
1771	58.9
1772	0
1773	97.4
1774	61.2
1775	0
1776	55.4
1777	103.9
1778	1.6
1779	2
1780	0.4
1781	81.7
1782	75.8
1783	68.6
1784	62.7
1785	98
1786	83.9
1787	105.4
1788	71.4
1789	53.9
1790	0.5
1791	45.2
1792	63.5
1793	73.4
1794	34.9
1795	80.9
1796	116.8
1797	114.6
1798	52.2
1799	0
1800	63.6
1801	90.6
1802	74.7
1803	0
1804	52.4
1805	1.6
1806	74.1
1807	77.5
1808	47.7
1809	115.5
1810	79.9
1811	59.7
1812	0
1813	77.8
1814	53.8
1815	52.2
1816	79.1
1817	75.6
1818	52
1819	76.7
1820	109.5
1821	72.8
1822	90.4
1823	78.2
1824	0
1825	106.1
1826	74.7
1827	55.4
1828	60.8
1829	102.9
1830	0
1831	89.7
1832	0
1833	89.6
1834	0
1835	69.5
1836	70
1837	0
1838	0
1839	99.5
1840	61.3
1841	75.8
1842	81.4
1843	121.5
1844	69.8
1845	64.1
1846	0
1847	83.3
1848	97.4
1849	90.6
1850	86.3
1851	75.1
1852	68.2
1853	79.2
1854	124.3
1855	78.5
1856	76.2
1857	0
1858	68.1
1859	53.7
1860	54.2
1861	0
1862	77.1
1863	0
1864	55.1
1865	68.4
1866	103.2
1867	0
1868	94.5
1869	67.4
1870	30.1
1871	89.3
1872	78
1873	92.3
1874	101.5
1875	0
1876	64.9
1877	0
1878	0
1879	110.2
1880	96.2
1881	81.8
1882	0
1883	103.3
1884	87.1
1885	74.9
1886	65.1
1887	0
1888	81.9
1889	0
1890	84.1
1891	30.3
1892	71
1893	55.7
1894	62.9
1895	55.6
1896	56.9
1897	83.5
1898	91.1
1899	73.2
1900	0
1901	93.8
1902	75.1
1903	73.2
1904	80.6
1905	69.3
1906	0
1907	0
1908	48.3
1909	27.7
1910	27.4
1911	88.5
1912	59.6
1913	0
1914	53.3
1915	0
1916	79.5
1917	78.1
1918	43.4
1919	0
1920	0
1921	83.6
1922	0
1923	0
1924	0
1925	79.7
1926	82.4
1927	105.9
1928	57.2
1929	0
1930	0
1931	0
1932	44.1
1933	86.8
1934	30.9
1935	0
1936	74.3
1937	0
1938	68
1939	88.2
1940	0
1941	70.1
1942	27
1943	0
1944	62.4
1945	0
1946	0
1947	0
1948	0
1949	76.8
1950	38.3
1951	0
1952	31.8
1953	30.2
1954	0
1955	23.1
1956	64.1
1957	119.1
1958	0
1959	31.3
1960	68.1
1961	32
1962	72.2
1963	0
1964	0
1965	0
1966	35.2
1967	27.4
1968	39
1969	0
1970	77
1971	0
1972	0
1973	0
1974	64.6
1975	31.2
1976	15.8
1977	31.4
1978	79
1979	40.2
1980	0
1981	70.6
1982	37.8
1983	0
1984	0
1985	31.4
1986	28.6
1987	85
1988	31.5
1989	42.9
1990	37.7
1991	0
1992	0
1993	30.9
1994	120.8
1995	86
1996	0
1997	17.9
1998	120.9
1999	0
2000	32.5
2001	70.5
2002	20.9
2003	20.9
2004	0
2005	0
2006	31.4
2007	0
2008	13.9
2009	0
2010	15
2011	38.7
2012	0
2013	23.8
2014	39.3
2015	19
2016	0
2017	0
2018	17.6
2019	0
2020	0
2021	16.7
2022	16.8
2023	34.8
2024	39.9
2025	132.4
2026	0
2027	31.4
2028	94.2
2029	70
2030	0
2031	24.8
2032	3.4
2033	0
2034	0
2035	30.4
2036	41.1
2037	73.7
2038	39.5
2039	0
2040	0
2041	44.7
2042	30.5
2043	68.1
2044	86.2
2045	0
2046	0
2047	31.6
2048	0
2049	0
2050	90.6
2051	13.7
2052	0
2053	14.6
2054	31.4
2055	26.5
2056	67.9
2057	33.9
2058	42.6
2059	0
2060	15.9
2061	3.3
2062	134.8
2063	0
2064	14.2
2065	0
2066	0
2067	33
2068	0
2069	69.8
2070	5.3
2071	16.1
2072	0
2073	29.2
2074	73.8
2075	0
2076	38.5
2077	0
2078	65.1
2079	0
2080	0
2081	78.3
2082	0
2083	12.9
2084	46.6
2085	0
2086	35.9
2087	0
2088	144.3
2089	50.1
2090	109.9
2091	40.2
2092	60.7
2093	53.7
2094	0
2095	12.8
2096	0
2097	14.7
2098	51.7
2099	50.1
2100	60.7
2101	0
2102	44
2103	0
2104	0
2105	0
2106	0
2107	0
2108	65.9
2109	0
2110	0
2111	0
2112	45.2
2113	48
2114	0
2115	59.6
2116	71.4
2117	46.4
2118	23.1
2119	16.2
2120	83.7
2121	13.4
2122	72.4
2123	0
2124	72.9
2125	43.1
2126	0
2127	12.1
2128	0
2129	0
2130	0
2131	44
2132	44.3
2133	0
2134	0
2135	11.3
2136	91.3
2137	13.5
2138	18.8
2139	57.3
2140	0
2141	76.8
2142	34.2
2143	0
2144	0
2145	60.6
2146	13.5
2147	13.5
2148	72.9
2149	0
2150	33.9
2151	0
2152	83.3
2153	105.6
2154	78.5
2155	0
2156	0
2157	0
2158	13.9
2159	12.8
2160	121.1
2161	0
2162	0
2163	58
2164	0
2165	13.7
2166	0
2167	0
2168	0
2169	62
2170	0
2171	0
2172	0
2173	40
2174	0
2175	1.4
2176	0
2177	94.4
2178	12.8
2179	0
2180	24.2
2181	125.6
2182	0
2183	0
2184	0
2185	54.5
2186	1.4
2187	12.8
2188	0
2189	0
2190	13.3
2191	0
2192	0
2193	0
2194	60.6
2195	12.9
2196	0
2197	85.8
2198	0
2199	113
2200	0
2201	1.1
2202	12.4
2203	0
2204	0
2205	0
2206	25.6
2207	12.8
2208	12.8
2209	0
2210	84
2211	0
2212	30.1
2213	54.3
2214	0
2215	26.4
2216	12.9
2217	0
2218	0
2219	73.5
2220	11.9
2221	0
2222	83.8
2223	0
2224	0
2225	33.4
2226	12.7
2227	88.5
2228	0
2229	0
2230	30.7
2231	0
2232	34.8
2233	0
2234	64.1
2235	0
2236	0
2237	0
2238	0
2239	12.8
2240	0
2241	33.3
2242	0
2243	0
2244	0
2245	74.6
2246	0
2247	0
2248	98.9
2249	33.9
2250	0
2251	11.4
2252	65.8
2253	0
2254	12.8
2255	0
2256	52.5
2257	12.7
2258	0
2259	79.6
2260	0
2261	0
2262	0
2263	93.2
2264	94.8
2265	75.8
2266	0
2267	0
2268	41.8
2269	13.4
2270	0
2271	36.3
2272	0
2273	13.4
2274	0
2275	62.5
2276	14.7
2277	0
2278	0
2279	0
2280	0
2281	0
2282	100.3
2283	15.8
2284	0
2285	80.3
2286	52.6
2287	12.9
2288	40.3
2289	0
2290	0
2291	0
2292	81.8
2293	12.8
2294	13.8
2295	62.7
2296	71.2
2297	90.8
2298	0
2299	12.1
2300	0
2301	0
2302	0
2303	0
2304	0
2305	0
2306	26.2
2307	77.3
2308	0
2309	25.7
2310	94.8
2311	0.1
2312	0
2313	0
2314	0
2315	0.1
2316	0
2317	102.6
2318	0
2319	0
2320	69.1
2321	47.8
2322	0
2323	0
2324	101.3
2325	60.2
2326	31.5
2327	0
2328	74.8
2329	0
2330	0.1
2331	0
2332	13.6
2333	0
2334	42.4
2335	0.1
2336	28
2337	0
2338	15.9
2339	13.6
2340	33.5
2341	31.5
2342	0
2343	14.2
2344	0
2345	15.2
2346	33.1
2347	0
2348	0
2349	32.5
2350	0
2351	36.4
2352	0
2353	26.6
2354	0
2355	20.1
2356	0
2357	0
2358	12.8
2359	22.3
2360	30.1
2361	36.4
2362	14.2
2363	27.5
2364	9.4
2365	32.2
2366	0.1
2367	0
2368	35.9
2369	12.6
2370	27.3
2371	0
2372	23.7
2373	47.3
2374	12.4
2375	0
2376	0.1
2377	52.2
2378	37
2379	32
2380	33.8
2381	26.1
2382	25.4
2383	0.1
2384	0
2385	2.7
2386	0
2387	0
2388	31.6
2389	29.7
2390	6.4
2391	24.5
2392	31.7
2393	0
2394	33.6
2395	12.9
2396	36.7
2397	0
2398	2.6
2399	36.2
2400	0
2401	39.9
2402	40
2403	34.1
2404	12.2
2405	28.7
2406	25.1
2407	0.2
2408	37.8
2409	34.1
2410	31.7
2411	35.6
2412	41.6
2413	0
2414	11.8
2415	32.9
2416	36.5
2417	28.3
2418	47.8
2419	36.4
2420	39.5
2421	0.2
2422	13.7
2423	23
2424	31.2
2425	11.8
2426	0.2
2427	0.1
2428	37.3
2429	0.1
2430	0.1
2431	33.9
2432	0.1
2433	45.5
2434	11.6
2435	0.1
2436	0.1
2437	10.9
2438	25.7
2439	54.2
2440	32.6
2441	0.3
2442	22.8
2443	26.7
2444	37.6
2445	29
2446	12.1
2447	32.4
2448	97.4
2449	0.1
2450	0.1
2451	20.8
2452	20.6
2453	81.8
2454	0.2
2455	0.1
2456	58.4
2457	0.1
2458	28.3
2459	31.7
2460	10.8
2461	75.3
2462	41
2463	11.7
2464	96
2465	0.2
2466	0.2
2467	42
2468	52.5
2469	35
2470	93.5
2471	29.7
2472	34.6
2473	11.6
2474	47.2
2475	31.7
2476	0.1
2477	32.1
2478	21.7
2479	0
2480	34.7
2481	32.4
2482	10.7
2483	0.1
2484	84.9
2485	53.7
2486	23.8
2487	0.2
2488	41.8
2489	81.1
2490	34.2
2491	11.5
2492	98.3
2493	0.1
2494	24.3
2495	21.4
2496	11.1
2497	41.8
2498	55.4
2499	10.8
2500	76.6
2501	55.2
2502	58.1
2503	20.7
2504	36.4
2505	70.3
2506	29.6
2507	0.1
2508	52.2
2509	0.1
2510	59.3
2511	136.9
2512	64.9
2513	32.9
2514	57.5
2515	59.1
2516	0.1
2517	12
2518	25
2519	27
2520	80.8
2521	59.3
2522	185.6
2523	11.7
2524	0.1
2525	24.1
2526	60.5
2527	59.4
2528	49.3
2529	56.4
2530	48.8
2531	42.9
2532	41.5
2533	88.3
2534	24.5
2535	59.9
2536	94
2537	27.9
2538	98.4
2539	141.3
2540	88.3
2541	105.6
2542	58.6
2543	60.2
2544	24.6
2545	74
2546	46
2547	27.2
2548	83
2549	31.1
2550	0.2
2551	12.7
2552	139.1
2553	61.3
2554	89.9
2555	44.7
2556	59.2
2557	58.6
2558	24.5
2559	45.5
2560	100.7
2561	43.4
2562	135
2563	71.6
2564	86.7
2565	99.1
2566	11.7
2567	31.2
2568	159
2569	68.1
2570	24.1
2571	12.4
2572	0.1
2573	0.3
2574	31.4
2575	24.2
2576	26.3
2577	48.9
2578	52.4
2579	68.9
2580	0
2581	81.3
2582	155.1
2583	94.9
2584	0.2
2585	41.7
2586	116.8
2587	57
2588	27.8
2589	52.9
2590	57.5
2591	51.5
2592	45.5
2593	42.3
2594	22
2595	0.1
2596	57.4
2597	56.4
2598	122.2
2599	33.7
2600	59.1
2601	49.4
2602	76.3
2603	45.2
2604	129.3
2605	30.1
2606	5.9
2607	39
2608	41.3
2609	96.4
2610	0.1
2611	95.5
2612	44.1
2613	54.4
2614	83.6
2615	13.4
2616	85.8
2617	97
2618	43.8
2619	0.1
2620	110.8
2621	21.5
2622	57.8
2623	37.6
2624	45.7
2625	98
2626	21.1
2627	28.9
2628	13.1
2629	0.2
2630	46.5
2631	45.6
2632	29.5
2633	55
2634	55.8
2635	51.4
2636	94.3
2637	0
2638	42.5
2639	46.6
2640	44.2
2641	59
2642	31
2643	137.4
2644	6.6
2645	129.5
2646	43.9
2647	21.7
2648	82.8
2649	3.7
2650	42.7
2651	0
2652	7.3
2653	50.3
2654	6.5
2655	46.2
2656	87.9
2657	21.6
2658	46.8
2659	71
2660	110
2661	33.1
2662	109.6
2663	4.6
2664	43.7
2665	3.6
2666	61.1
2667	4.7
2668	62.2
2669	49.8
2670	99.3
2671	58
2672	65.3
2673	0
2674	21.5
2675	5.1
2676	3.2
2677	107.6
2678	65.3
2679	6.8
2680	58.8
2681	40.8
2682	33.7
2683	46
2684	41.4
2685	49.1
2686	59.5
2687	75.5
2688	35.9
2689	44.8
2690	45.8
2691	37.4
2692	2.8
2693	46.8
2694	47.6
2695	0.1
2696	47.4
2697	0.1
2698	103.8
2699	14.2
2700	60
2701	3.8
2702	40.9
2703	38.4
2704	1.7
2705	43.1
2706	48
2707	13.3
2708	41
2709	12.3
2710	47.8
2711	50
2712	0
2713	45.6
2714	57
2715	35.4
2716	49.6
2717	34.7
2718	35.7
2719	47
2720	37.7
2721	42
2722	44.4
2723	56
2724	24
2725	42
2726	42.3
2727	50.7
2728	36.4
2729	51.3
2730	38.3
2731	0
2732	42.6
2733	45.5
2734	36.6
2735	37.9
2736	8.4
2737	36.4
2738	40.2
2739	39
2740	36.7
2741	43.5
2742	45.4
2743	36.2
2744	38.5
2745	30
2746	8.8
2747	38.3
2748	0.1
2749	46.3
2750	41.3
2751	52.1
2752	52.8
2753	40.3
2754	45.4
2755	40.1
2756	36.2
2757	43.6
2758	77.7
2759	36.3
2760	37.2
2761	36
2762	40.8
2763	24.2
2764	43.8
2765	41.9
2766	49.6
2767	9.1
2768	46.5
2769	35
2770	40.9
2771	56.1
2772	40.6
2773	26.6
2774	71.2
2775	43.5
2776	45.5
2777	47.5
2778	39.9
2779	44.9
2780	25.5
2781	48
2782	32.1
2783	49
2784	50.3
2785	25.1
2786	24
2787	58.9
2788	36.2
2789	39.6
2790	59.3
2791	43.8
2792	41
2793	80.8
2794	44.1
2795	35.6
2796	35.9
2797	104.7
2798	43.7
2799	43.5
2800	42.8
2801	52.7
2802	61.1
2803	33.6
2804	25.5
2805	43.3
2806	43.6
2807	78.2
2808	42.5
2809	53.7
2810	9.1
2811	44.7
2812	39
2813	37.5
2814	50.2
2815	45.3
2816	34.6
2817	38.3
2818	60.6
2819	54.8
2820	78.9
2821	38.9
2822	40.3
2823	49
2824	26.8
2825	39.4
2826	26.2
2827	25.4
2828	46.5
2829	25.3
2830	47.3
2831	68.5
2832	66.3
2833	36.2
2834	74
2835	114.4
2836	51.9
2837	57.8
2838	112.7
2839	51.6
2840	81.5
2841	73.4
2842	50.8
2843	41.5
2844	27.2
2845	35.9
2846	9.4
2847	44.8
2848	45.6
2849	49.2
2850	43.5
2851	45.2
2852	54.7
2853	47.2
2854	67.4
2855	46.1
2856	87.6
2857	53.8
2858	80.7
2859	40.4
2860	41.8
2861	57.2
2862	38.3
2863	31.5
2864	38.1
2865	67.2
2866	47
2867	42.6
2868	33.3
2869	45.2
2870	42.2
2871	45
2872	48.7
2873	66.8
2874	9.4
2875	51.3
2876	9.1
2877	50.5
2878	47.4
2879	26.9
2880	54.6
2881	59.9
2882	75.7
2883	43.8
2884	44.6
2885	40.4
2886	60.9
2887	34.2
2888	9.1
2889	27.1
2890	26.8
2891	63.9
2892	48.9
2893	75.9
2894	46.8
2895	56.3
2896	9.2
2897	64.1
2898	45.8
2899	84
2900	48
2901	28.5
2902	65.8
2903	76.6
2904	25.7
2905	46.4
2906	49.6
2907	37.9
2908	50.9
2909	49.7
2910	39.8
2911	71.2
2912	56.4
2913	50.4
2914	79.2
2915	34
2916	59.8
2917	25.3
2918	86.4
2919	28.4
2920	31.6
2921	62.5
2922	40
2923	44.1
2924	47.4
2925	68
2926	38.3
2927	26.4
2928	53.3
2929	37.1
2930	72.5
2931	62
2932	76.6
2933	57.8
2934	26.5
2935	55.4
2936	27.5
2937	43
2938	29
2939	58.8
2940	27
2941	47.8
2942	27.4
2943	48.9
2944	27.2
2945	60.3
2946	79
2947	66.9
2948	73.2
2949	56.3
2950	43.4
2951	97.3
2952	74.7
2953	45.7
2954	68.3
2955	45.3
2956	76.6
2957	42.7
2958	67.2
2959	30.8
2960	58.3
2961	61.3
2962	58.1
2963	43.4
2964	47.5
2965	44.7
2966	90.1
2967	53.7
2968	73.6
2969	29.1
2970	27.4
2971	62.6
2972	54.2
2973	26.4
2974	62.3
2975	116.9
2976	64.8
2977	52.5
2978	40
2979	74.2
2980	58.7
2981	86.1
2982	42.4
2983	55.4
2984	89.2
2985	61.5
2986	60.8
2987	49.8
2988	55.1
2989	27.5
2990	39.7
2991	136.3
2992	42.5
2993	66.5
2994	60.8
2995	57.6
2996	107.8
2997	63.8
2998	42.5
2999	42.6
3000	45.5
3001	31
3002	70.8
3003	45.9
3004	16.7
3005	35.9
3006	64.1
3007	67.6
3008	68.3
3009	15.7
3010	27.4
3011	68.9
3012	68.5
3013	84.9
3014	39
3015	13.8
3016	55.2
3017	139.6
3018	41
3019	14.2
3020	37.8
3021	16.8
3022	28.9
3023	15.8
3024	70.9
3025	38.7
3026	86
3027	70.9
3028	50.2
3029	75.2
3030	28.6
3031	38.7
3032	36.5
3033	14.6
3034	62.6
3035	45.3
3036	28.6
3037	51.1
3038	13.1
3039	41.7
3040	83.2
3041	63
3042	53.4
3043	85.8
3044	31.3
3045	90.2
3046	12.6
3047	13.3
3048	89.2
3049	39.9
3050	119.7
3051	44
3052	44.9
3053	119.8
3054	40.9
3055	47.4
3056	90.4
3057	13.3
3058	89.3
3059	61.9
3060	13.7
3061	27.5
3062	14.7
3063	122.5
3064	126.9
3065	30.4
3066	58.3
3067	30.4
3068	67.3
3069	16.4
3070	69.5
3071	40.4
3072	51.5
3073	10.6
3074	108.6
3075	36.1
3076	37
3077	64
3078	50.5
3079	89.1
3080	92.4
3081	15.1
3082	27.8
3083	154
3084	32.2
3085	48.8
3086	32.6
3087	255.1
3088	71.2
3089	217.5
3090	63.2
3091	15.3
3092	12.7
3093	40.3
3094	11.2
3095	12.4
3096	78.7
3097	13.3
3098	250.2
3099	13.5
3100	81
3101	10.1
3102	33.2
3103	99.9
3104	113.5
3105	30.4
3106	112.5
3107	105.1
3108	12.2
3109	32.9
3110	14
3111	231.5
3112	10.1
3113	173.2
3114	15.8
3115	29.6
3116	32.1
3117	19.2
3118	73.4
3119	134.1
3120	9.7
3121	128.8
3122	11
3123	137.7
3124	17.6
3125	22.8
3126	10.5
3127	10.4
3128	12.5
3129	13.1
3130	12.3
3131	78.7
3132	109.9
3133	160.7
3134	133.4
3135	11.3
3136	174
3137	10.4
3138	14.7
3139	104.7
3140	68.6
3141	18.8
3142	85.7
3143	103.2
3144	12.9
3145	10.1
3146	11.5
3147	10
3148	21.5
3149	11
3150	10.6
3151	38.2
3152	79.1
3153	127.7
3154	76.5
3155	41.4
3156	34.2
3157	27.7
3158	10.7
3159	70.1
3160	10.1
3161	39.8
3162	84.5
3163	14.6
3164	10.7
3165	17.3
3166	82.5
3167	16.9
3168	95
3169	11
3170	120.8
3171	11.5
3172	105.5
3173	11.9
3174	29.8
3175	95.2
3176	11.2
3177	12.4
3178	12.3
3179	11.4
3180	10.3
3181	16.5
3182	115
3183	106.6
3184	53.6
3185	49
3186	27.2
3187	68.4
3188	29.1
3189	25.3
3190	10.5
3191	10.4
3192	29
3193	5.5
3194	118.3
3195	103.4
3196	5.2
3197	16.6
3198	16.9
3199	47.9
3200	10.9
3201	11.1
3202	80.4
3203	110.9
3204	16.7
3205	33
3206	11.6
3207	5.9
3208	10.1
3209	7
3210	60.3
3211	55.6
3212	58.3
3213	11.2
3214	11
3215	5.6
3216	12.4
3217	13.1
3218	39.4
3219	34.5
3220	16.6
3221	11.3
3222	62.4
3223	9.9
3224	62.5
3225	12.1
3226	53.2
3227	12.7
3228	4.6
3229	7.9
3230	18
3231	4.3
3232	10.1
3233	11.8
3234	50
3235	74.8
3236	58.9
3237	11
3238	39.2
3239	7.1
3240	20.7
3241	19
3242	5.1
3243	39.6
3244	5.8
3245	11.4
3246	13.4
3247	6.7
3248	10.9
3249	9.8
3250	17.7
3251	99.4
3252	104.7
3253	5.2
3254	42.5
3255	10.9
3256	10.1
3257	50
3258	6.1
3259	23.7
3260	10.1
3261	8.9
3262	49.7
3263	10.8
3264	10.8
3265	11.9
3266	4.7
3267	23.8
3268	43.2
3269	77.5
3270	4.2
3271	10
3272	67.5
3273	10.8
3274	73.5
3275	5.5
3276	9.3
3277	4.4
3278	36.3
3279	10.7
3280	10.5
3281	12.7
3282	9.8
3283	37.8
3284	4.9
3285	10.2
3286	65
3287	10
3288	15.4
3289	4.8
3290	9.7
3291	48
3292	9.7
3293	13.9
3294	14.2
3295	11.2
3296	9.7
3297	9.6
3298	18.3
3299	7.1
3300	27.2
3301	8.3
3302	12.4
3303	53
3304	19.2
3305	31.1
3306	5.3
3307	10.3
3308	46.1
3309	5.8
3310	8.8
3311	9.5
3312	17.5
3313	7.2
3314	10.2
3315	4.4
3316	46
3317	10.3
3318	22
3319	9.8
3320	6.9
3321	5.4
3322	9.7
3323	10.8
3324	4.7
3325	8.1
3326	5.2
3327	9.8
3328	10.4
3329	6.6
3330	18.9
3331	11.6
3332	11.7
3333	7.3
3334	9.5
3335	27.3
3336	5.2
3337	9.7
3338	10.6
3339	10
3340	10
3341	23.9
3342	4.7
3343	10.6
3344	7.4
3345	9.6
3346	10.6
3347	4.4
3348	9.6
3349	4.2
3350	15.1
3351	10.8
3352	14.7
3353	10.1
3354	4.9
3355	10.9
3356	10.4
3357	4.2
3358	10.3
3359	9.8
3360	15.5
3361	6.9
3362	3.9
3363	13.1
3364	8.4
3365	11.6
3366	9.4
3367	9.5
3368	9.9
3369	10.6
3370	8.6
3371	10.1
3372	11.1
3373	9.4
3374	9.3
3375	3.8
3376	8.8
3377	3.4
3378	3.4
3379	3.9
3380	9.2
3381	10.2
3382	3.1
3383	9.1
3384	9.3
3385	9.9
3386	10.2
3387	3.8
3388	3
3389	9.9
3390	9.9
3391	9
3392	9.3
3393	3.6
3394	10.5
3395	10
3396	9.9
3397	10.4
3398	7.9
3399	7.1
3400	101.5
3401	132.3
3402	99.5
3403	127.7
3404	62.8
3405	59.3
3406	80.5
3407	127.7
3408	83.7
3409	117.8
3410	0
3411	0
3412	106.6
3413	137.5
3414	111.3
3415	100
3416	3.3
3417	159.8
3418	99.2
3419	0
3420	1
3421	0
3422	99.9
3423	96.8
3424	63.5
3425	114.8
3426	135.7
3427	2.1
3428	28
3429	120.3
3430	27
3431	151.1
3432	133.6
3433	107.4
3434	70.1
3435	0.1
3436	122.5
3437	71.1
3438	0
3439	0
3440	71.2
3441	126.9
3442	0.6
3443	64.6
3444	53.1
3445	0
3446	0
3447	0.1
3448	0.2
3449	64.2
3450	0
3451	92
3452	69.3
3453	55.9
3454	66.5
3455	74.1
3456	0.2
3457	147.6
3458	57.9
3459	0.9
3460	76.4
3461	0.7
3462	122.1
3463	122.4
3464	0.8
3465	1.5
3466	36.4
3467	58.4
3468	64
3469	38.1
3470	53.9
3471	85.9
3472	30.3
3473	80.5
3474	59
3475	0
3476	0
3477	59.7
3478	58.7
3479	0
3480	62.3
3481	72.3
3482	27.6
3483	16.9
3484	68.5
3485	13.1
3486	0
3487	43
3488	31.3
3489	93.2
3490	68.9
3491	0
3492	61.1
3493	22.3
3494	65.8
3495	88.7
3496	12.5
3497	21.1
3498	20.4
3499	70
3500	29.3
3501	13.6
3502	12.8
3503	0
3504	0
3505	48.4
3506	76.5
3507	0
3508	30.2
3509	13.6
3510	0
3511	21.6
3512	29.2
3513	15.2
3514	30.6
3515	31.8
3516	30
3517	23.3
3518	40.5
3519	25.5
3520	0.1
3521	0.1
3522	87.7
3523	40
3524	39.3
3525	42.4
3526	12.3
3527	34.2
3528	89.7
3529	71.1
3530	67.1
3531	145.8
3532	23
3533	0.1
3534	0.1
3535	57.8
3536	32.9
3537	9.4
3538	0.1
3539	52.5
3540	109.8
3541	48.1
3542	41.5
3543	53.1
3544	60.8
3545	133.5
3546	36.5
3547	33.3
3548	41.7
3549	60
3550	53.7
3551	59.1
3552	42.8
3553	54.9
3554	68.1
3555	53.5
3556	61.5
3557	26.7
3558	41.8
3559	26.6
3560	51.3
3561	38.5
3562	12.9
3563	76.4
3564	13.5
3565	14.9
3566	14.6
3567	81.2
3568	95.8
3569	98
3570	87.4
3571	103
3572	14.2
3573	139.5
3574	34.9
3575	21.3
3576	97.4
3577	131.9
3578	33.9
3579	12
3580	11.9
3581	9.7
3582	44.7
3583	12
3584	86.5
3585	12.1
3586	84.9
3587	10.4
3588	6.1
3589	9.9
3590	6
3591	32.1
3592	7.2
3593	3.9
3594	10.2
