"COMID"	"Value"
1	4.5
2	11.1
3	7.1
4	1.8
5	3.5
6	0
7	13.7
8	11
9	5.6
10	0
11	2.9
12	5.7
13	0
14	21
15	8.9
16	6.5
17	7.2
18	5.6
19	13.1
20	3.9
21	11.5
22	7.9
23	0
24	5.6
25	10
26	0.4
27	6.4
28	3.9
29	5
30	0
31	4.7
32	2.4
33	21.2
34	5.6
35	0.7
36	5.9
37	17.7
38	0
39	5.6
40	19.4
41	19.8
42	9
43	18.5
44	3
45	7.7
46	0
47	4.1
48	19.7
49	8.4
50	8.4
51	5.6
52	0.5
53	6.1
54	14.9
55	13.7
56	10.5
57	18
58	5.6
59	8.5
60	5.6
61	5.8
62	5.7
63	7.2
64	7.4
65	5.6
66	0.7
67	16.8
68	4.6
69	1.1
70	1.1
71	0
72	13.9
73	5.6
74	7.3
75	1
76	1
77	0.1
78	1
79	13.2
80	1
81	0.5
82	0
83	11
84	0
85	8.8
86	4.8
87	5.6
88	5.6
89	1
90	7.5
91	7.9
92	16
93	8.9
94	5.7
95	11.6
96	7.5
97	11.2
98	0
99	1
100	13.9
101	2.9
102	7.1
103	5.6
104	0
105	7.5
106	10.9
107	1.6
108	0
109	7.5
110	7.5
111	0
112	9.9
113	1
114	9.6
115	7.2
116	6
117	4.2
118	9.6
119	0
120	5.6
121	0.5
122	8.4
123	0
124	7.9
125	14.1
126	12.5
127	1.2
128	5.1
129	5.6
130	1
131	2.4
132	1
133	4.3
134	5.3
135	7.4
136	11.3
137	5.1
138	1
139	1
140	5.1
141	5.5
142	1
143	0
144	3.8
145	1
146	6.8
147	8.3
148	4.9
149	7.2
150	4.6
151	0
152	6.3
153	1
154	5.1
155	0
156	1
157	4.9
158	1
159	3.9
160	9.1
161	1
162	1
163	0.6
164	1
165	0
166	1
167	4.4
168	0
169	4.6
170	7.1
171	4.6
172	1
173	1.1
174	7.5
175	0.7
176	12.3
177	4.5
178	3.1
179	5.5
180	1
181	0
182	5.1
183	0
184	1
185	1
186	7.3
187	2.5
188	1
189	1
190	7.2
191	1
192	3.8
193	1
194	10.4
195	0
196	1
197	3.9
198	1
199	4.5
200	1
201	1
202	1
203	1
204	1
205	1
206	0.8
207	1.3
208	10.1
209	4.5
210	5.5
211	6.7
212	3.5
213	4
214	1
215	3.5
216	2.3
217	2.8
218	1.8
219	3
220	1
221	0
222	2.9
223	8.2
224	0
225	1.6
226	2
227	0
228	4.6
229	1
230	0
231	3.8
232	2.3
233	7.9
234	0.3
235	0
236	3.6
237	0.9
238	1.5
239	1.7
240	10.1
241	1.6
242	0
243	0
244	6.9
245	4.7
246	6.8
247	0
248	0
249	0
250	6.9
251	1.7
252	19.3
253	3.6
254	0
255	0
256	0
257	0
258	0
259	0
260	0
261	4.7
262	1.7
263	0
264	0
265	0
266	3.7
267	7
268	13.4
269	7.5
270	0
271	4.8
272	1.6
273	6.2
274	0
275	1.2
276	0
277	1
278	1.5
279	0
280	0.8
281	1.5
282	5.6
283	1
284	1.2
285	0
286	1
287	23.2
288	1
289	1
290	1
291	10.2
292	1.1
293	0
294	15.9
295	1
296	4.6
297	5.2
298	0
299	0.1
300	5.8
301	1
302	6.2
303	4.1
304	1
305	5.3
306	1.1
307	5.7
308	0.8
309	1
310	4
311	5.2
312	5.1
313	4.1
314	1
315	1
316	1
317	0
318	1.2
319	0
320	5.1
321	1
322	3.7
323	5
324	1
325	0
326	13.4
327	1
328	1
329	1
330	0
331	1
332	1
333	1
334	1
335	0
336	1
337	0
338	1
339	1
340	1
341	1
342	0
343	1
344	0
345	1
346	0
347	1
348	1
349	1
350	1
351	1
352	1
353	0.9
354	1
355	0
356	1
357	0
358	1
359	0
360	1
361	1
362	1
363	1
364	0
365	0.5
366	5.6
367	0
368	15.1
369	0
370	1
371	0
372	5.6
373	5.7
374	0
375	12.7
376	13.3
377	1
378	5.6
379	0
380	1.1
381	0
382	0
383	3.6
384	0
385	0
386	0
387	37.7
388	0.6
389	2
390	31.7
391	5.6
392	3.3
393	0
394	5.6
395	0
396	0
397	0
398	5.6
399	0
400	5.6
401	3.4
402	0
403	0
404	0
405	0
406	20.9
407	0
408	0
409	0
410	24.3
411	3.8
412	0
413	22.8
414	0
415	0
416	0
417	0
418	0
419	6.4
420	0
421	0
422	0
423	1.9
424	15.6
425	10.3
426	0
427	22.2
428	13.5
429	1.2
430	21.3
431	0
432	5.6
433	7.9
434	5.6
435	5.6
436	5.7
437	0
438	18.8
439	0
440	0.8
441	16.6
442	4.8
443	9.6
444	5.6
445	42.2
446	5.6
447	52.1
448	37
449	5.6
450	6
451	0
452	5.6
453	0
454	5.6
455	6.9
456	5.6
457	6.9
458	5.7
459	4.7
460	5.6
461	12.4
462	22.9
463	7.5
464	1
465	9.5
466	0
467	16.3
468	1
469	5.4
470	1
471	1
472	1.4
473	1.9
474	1
475	0
476	0
477	26.6
478	1
479	8.2
480	5.4
481	0
482	0
483	10.8
484	5.6
485	5.3
486	0
487	10.4
488	1
489	0
490	0.6
491	14.1
492	5.1
493	0
494	19.2
495	0
496	0
497	13.9
498	10.6
499	0
500	11.4
501	12.3
502	19.8
503	5.6
504	5.6
505	4.3
506	10.2
507	10.3
508	4
509	9.2
510	11.8
511	12.1
512	14.3
513	0
514	3.5
515	0
516	5.6
517	8.1
518	5.6
519	6
520	0
521	8.8
522	5.6
523	0
524	3.4
525	7.5
526	5.8
527	8.4
528	5.6
529	0
530	30.9
531	18.2
532	11.1
533	8.8
534	1.9
535	41
536	4.5
537	0
538	0
539	0.7
540	5.6
541	20.2
542	18
543	4.4
544	0
545	0
546	23.9
547	15.9
548	0
549	0.2
550	0.6
551	17.8
552	16.7
553	3.1
554	0
555	5.6
556	16
557	5.7
558	0
559	11.5
560	18.8
561	6.5
562	21.2
563	0
564	14.5
565	13.9
566	19.8
567	5.6
568	21.3
569	6.7
570	0
571	5.2
572	16.3
573	5.7
574	16
575	5.6
576	0
577	0
578	13.8
579	15.3
580	17.4
581	0
582	12.1
583	5.6
584	5.6
585	0
586	13.1
587	19.3
588	5.2
589	38.1
590	0
591	12.6
592	17.6
593	16.8
594	6.8
595	9.5
596	5.6
597	0
598	5.6
599	22.3
600	6.2
601	5.6
602	0
603	2
604	7.1
605	0
606	7
607	5.6
608	5.7
609	0
610	5.6
611	0.8
612	0
613	0
614	6.2
615	0
616	0
617	50.6
618	0.5
619	9.3
620	7
621	5
622	9.1
623	10.5
624	7.6
625	5.6
626	5.6
627	21
628	5.6
629	7.7
630	41.4
631	5.6
632	1.1
633	8.8
634	0
635	10.2
636	8.5
637	7
638	5.6
639	1.1
640	0
641	32.6
642	0
643	7
644	0
645	1.4
646	10.4
647	5.6
648	3.9
649	6.2
650	5.6
651	53.6
652	5.6
653	0
654	5.6
655	0
656	5.6
657	9
658	3.4
659	8.5
660	0
661	1.6
662	8.1
663	8
664	5.6
665	5.6
666	5.6
667	3.5
668	47.7
669	3.6
670	5.6
671	5.6
672	5.6
673	8.7
674	0
675	10.1
676	4.6
677	39.8
678	6.5
679	5.6
680	0
681	11.1
682	4.8
683	55.2
684	6.5
685	5.6
686	39.2
687	0
688	11.1
689	5.6
690	11.5
691	1.2
692	33.6
693	6.1
694	0
695	1.2
696	14.9
697	5.6
698	6.8
699	9.1
700	9.9
701	0.1
702	15.8
703	9.4
704	7.6
705	4.8
706	5.9
707	33.3
708	14.6
709	5.2
710	5.2
711	0
712	0.4
713	4.5
714	5.6
715	3.2
716	0
717	2.3
718	14.2
719	3.9
720	10.2
721	5.6
722	5.1
723	13.6
724	12.6
725	5.6
726	0
727	0
728	5.1
729	0.1
730	4.5
731	6.1
732	0
733	3.7
734	10.3
735	0.3
736	5.9
737	9.4
738	12.8
739	11.3
740	13.3
741	4.7
742	2.8
743	5.2
744	0
745	0
746	11
747	14.7
748	0
749	6.8
750	5.6
751	9.3
752	4.5
753	14
754	14.3
755	5
756	7.5
757	17.6
758	3.3
759	5.6
760	11.4
761	5.6
762	3.9
763	5
764	25.8
765	13.6
766	0
767	4.7
768	11.6
769	22.9
770	8.7
771	1.8
772	3.6
773	9
774	11.7
775	0.6
776	6
777	3.8
778	7.8
779	0
780	22.7
781	3.9
782	301.8
783	269.8
784	305.4
785	322.9
786	250.9
787	284.2
788	161.9
789	217.4
790	274.1
791	261.3
792	254.4
793	214.4
794	302.6
795	318.6
796	194.3
797	319.5
798	241.9
799	239.7
800	280.5
801	177.3
802	196.6
803	276.3
804	130.7
805	234.1
806	282.7
807	98.1
808	209.8
809	278.6
810	350
811	243.8
812	312.8
813	290.4
814	275.2
815	346.6
816	208.9
817	145.5
818	296.3
819	353.4
820	274.7
821	170.6
822	341.8
823	238.7
824	319.3
825	166.7
826	295.6
827	398.8
828	371.5
829	185.1
830	321.4
831	145
832	422.3
833	180.5
834	184
835	287.2
836	298.2
837	54.2
838	226.2
839	180.4
840	257.2
841	223.9
842	162.4
843	14.9
844	169.5
845	194.1
846	224.3
847	244.2
848	210.1
849	178.1
850	209.8
851	194
852	92.5
853	147.6
854	170.5
855	155.4
856	185.8
857	199.8
858	183.6
859	128.8
860	126.8
861	166.5
862	7.3
863	122.5
864	164
865	137
866	130.5
867	76.7
868	197.5
869	214.4
870	36
871	133.1
872	149.8
873	8.6
874	184.8
875	171.2
876	230.9
877	144.2
878	137
879	170.3
880	150
881	188.4
882	159.5
883	72
884	150.6
885	133.9
886	6.6
887	110.4
888	126.1
889	162.9
890	189.1
891	235.2
892	131.2
893	155.6
894	6.7
895	161.7
896	186
897	218.7
898	167.9
899	159.5
900	170.7
901	128.3
902	181.4
903	177.1
904	154
905	131
906	175.1
907	139
908	124.2
909	149.4
910	0
911	156.8
912	181.3
913	129.5
914	141.7
915	0
916	140.7
917	168.9
918	134.6
919	128.8
920	215.3
921	74.1
922	136.9
923	15.4
924	131.4
925	164
926	221
927	179.6
928	8.9
929	123.5
930	142.1
931	180.3
932	15.9
933	167.1
934	0
935	206
936	194.7
937	180.5
938	172.5
939	167.3
940	124.8
941	151
942	135.8
943	0
944	180.5
945	182.2
946	186.1
947	0
948	145.3
949	236.7
950	276.5
951	199
952	124.6
953	16.6
954	14.8
955	166.4
956	164
957	121.4
958	12.8
959	115.3
960	162
961	186.2
962	152.2
963	134.2
964	0
965	188
966	171.2
967	0
968	121.4
969	128.7
970	36.4
971	250.4
972	153.9
973	154.5
974	118.8
975	192
976	156.4
977	243.1
978	15
979	150.3
980	156.9
981	152.2
982	172.4
983	219
984	153.1
985	244.8
986	247.2
987	12.8
988	262.3
989	177.4
990	0
991	177.5
992	0
993	262
994	145.7
995	192
996	215.4
997	255.8
998	9.9
999	144.6
1000	0
1001	13.7
1002	166.9
1003	0
1004	196.1
1005	10.4
1006	175.6
1007	0
1008	9.1
1009	0
1010	154.2
1011	149.2
1012	173.5
1013	8.8
1014	254.2
1015	7.9
1016	0
1017	258.4
1018	8.1
1019	9.1
1020	187.1
1021	158.5
1022	194
1023	152.1
1024	263.9
1025	171.7
1026	209.6
1027	163.5
1028	165.9
1029	7.4
1030	0.2
1031	0
1032	0
1033	0.3
1034	137.3
1035	0.1
1036	124.1
1037	151.5
1038	137.4
1039	7.1
1040	6.9
1041	184.7
1042	7
1043	0
1044	4.2
1045	6.5
1046	7.7
1047	224
1048	163.9
1049	176.5
1050	0
1051	136.3
1052	128
1053	6.7
1054	126.9
1055	144.5
1056	208.5
1057	0.1
1058	155.6
1059	0.2
1060	145.1
1061	0
1062	210.7
1063	208.6
1064	0.1
1065	4.7
1066	169.6
1067	0.2
1068	0.2
1069	0.1
1070	172.2
1071	125.4
1072	0.1
1073	0.2
1074	147.7
1075	0
1076	141.3
1077	0.1
1078	212.2
1079	143
1080	8.2
1081	0.1
1082	168.3
1083	0.1
1084	193.2
1085	136.2
1086	180.1
1087	0
1088	0.1
1089	6.5
1090	107.2
1091	218.6
1092	0.1
1093	5.9
1094	0.1
1095	10.6
1096	14.3
1097	226.4
1098	15
1099	0
1100	0
1101	0.1
1102	129.3
1103	0.1
1104	6.3
1105	13.2
1106	5.7
1107	0.1
1108	7.2
1109	116
1110	0.1
1111	0.1
1112	177.1
1113	220.4
1114	139.5
1115	5
1116	4.3
1117	195.7
1118	6
1119	6.4
1120	7.8
1121	8.4
1122	12.9
1123	12.9
1124	106.7
1125	3.6
1126	158
1127	4
1128	152.6
1129	145.5
1130	6.8
1131	0.1
1132	157.8
1133	160.5
1134	5.2
1135	0
1136	0.1
1137	4.7
1138	5.9
1139	6.7
1140	115.4
1141	6.8
1142	0.2
1143	173
1144	10.4
1145	8.5
1146	7
1147	7.4
1148	206.9
1149	4.5
1150	4.9
1151	7.6
1152	140.1
1153	170.2
1154	0
1155	0
1156	150.2
1157	3.1
1158	0
1159	104.7
1160	8.2
1161	0.1
1162	8.7
1163	7.1
1164	148.7
1165	0
1166	150.4
1167	160.5
1168	148.9
1169	158.4
1170	154.5
1171	9.8
1172	118.1
1173	6.6
1174	180.8
1175	5.5
1176	66.4
1177	0
1178	4
1179	142.8
1180	5.2
1181	8.2
1182	8.4
1183	0.1
1184	0
1185	164.3
1186	141.7
1187	3.6
1188	9
1189	7.4
1190	3.9
1191	165.3
1192	6.9
1193	117.6
1194	8.5
1195	171
1196	4.2
1197	0
1198	0.1
1199	112.2
1200	27
1201	9.6
1202	5.6
1203	0
1204	5
1205	8
1206	0.2
1207	4.3
1208	0.1
1209	10.4
1210	120.6
1211	123.3
1212	0
1213	100.4
1214	146.8
1215	6.9
1216	163.3
1217	84.8
1218	0.1
1219	0.1
1220	93.5
1221	8.5
1222	8.4
1223	12.2
1224	6.2
1225	165.1
1226	120.6
1227	82.7
1228	6.5
1229	8.7
1230	162.6
1231	0.2
1232	85.1
1233	7.3
1234	6
1235	7.1
1236	0.1
1237	163.4
1238	109.8
1239	0
1240	5.3
1241	146
1242	82.4
1243	5.5
1244	3.8
1245	148.1
1246	137.9
1247	81.5
1248	30.6
1249	138.2
1250	99.4
1251	6.6
1252	0
1253	8.2
1254	5.3
1255	0.1
1256	97.2
1257	12.2
1258	15.1
1259	0.1
1260	115
1261	106.7
1262	0.1
1263	9.7
1264	9.4
1265	118.5
1266	137.3
1267	0.1
1268	98
1269	31
1270	130.6
1271	9.2
1272	5.4
1273	13
1274	145.9
1275	4.1
1276	85.6
1277	76.9
1278	156.4
1279	27.6
1280	0
1281	13.9
1282	0.1
1283	253
1284	34
1285	11.7
1286	242.5
1287	7.7
1288	9.5
1289	90.2
1290	9
1291	129.9
1292	7.9
1293	26.2
1294	7.9
1295	134
1296	0.1
1297	35.1
1298	136.8
1299	4.8
1300	13.7
1301	0
1302	8.8
1303	8.5
1304	38.4
1305	252.5
1306	0.1
1307	131.1
1308	9.7
1309	0.1
1310	156.3
1311	149.1
1312	133.3
1313	11.4
1314	141.4
1315	0
1316	115.5
1317	95
1318	10.1
1319	113.7
1320	134.9
1321	0.7
1322	0.1
1323	0.1
1324	10.5
1325	103.1
1326	0.6
1327	0.6
1328	136.1
1329	36
1330	133.4
1331	86.9
1332	26.1
1333	80.1
1334	128.5
1335	1
1336	115.7
1337	0.6
1338	0.6
1339	10.5
1340	10.5
1341	143.1
1342	134.3
1343	0.1
1344	0.1
1345	11.2
1346	0.2
1347	158
1348	105.8
1349	10.1
1350	0.1
1351	117.2
1352	33.7
1353	137.9
1354	0.6
1355	139.6
1356	29.5
1357	86
1358	139.3
1359	11.3
1360	1
1361	11
1362	100.9
1363	0.1
1364	0.3
1365	126.5
1366	0.6
1367	0.1
1368	104.8
1369	0.6
1370	1.1
1371	0.6
1372	11
1373	102.6
1374	0.2
1375	160.5
1376	33.1
1377	8.9
1378	11.7
1379	10.9
1380	121.9
1381	0.1
1382	122.8
1383	1.5
1384	10.6
1385	30.4
1386	120.1
1387	0.6
1388	0.6
1389	0.6
1390	119.7
1391	233.3
1392	141.4
1393	0.2
1394	0.2
1395	148.8
1396	0.1
1397	247
1398	0.2
1399	0.2
1400	75.5
1401	0.6
1402	0.7
1403	147.9
1404	9.5
1405	0.3
1406	0.5
1407	0.2
1408	0.4
1409	134
1410	0.3
1411	117
1412	0.3
1413	160.1
1414	11.6
1415	148.4
1416	126.5
1417	0.4
1418	160.8
1419	1
1420	7.5
1421	0.7
1422	0.3
1423	50.6
1424	145
1425	0.3
1426	116.3
1427	10.2
1428	0.6
1429	0.7
1430	121.8
1431	171.7
1432	0.8
1433	114.9
1434	0.5
1435	120.4
1436	0.2
1437	0.2
1438	0.5
1439	10.8
1440	118.4
1441	122.5
1442	0.3
1443	78.3
1444	0.5
1445	0.5
1446	160.2
1447	0.2
1448	181.1
1449	0.4
1450	1
1451	0.4
1452	0.2
1453	169.1
1454	48.3
1455	0.3
1456	0.4
1457	178.4
1458	134.7
1459	9.1
1460	0.5
1461	100.5
1462	0.2
1463	0.5
1464	0.6
1465	0.6
1466	225.5
1467	0.3
1468	0.3
1469	127.5
1470	143.6
1471	0.2
1472	0.3
1473	237
1474	0.4
1475	194.1
1476	0.2
1477	0.7
1478	149.2
1479	161.2
1480	0.3
1481	113.1
1482	109.2
1483	0.3
1484	1.2
1485	46.9
1486	0.4
1487	0.5
1488	174.7
1489	120.7
1490	0.4
1491	75.6
1492	104.2
1493	174.4
1494	183.8
1495	0.2
1496	114.5
1497	99.5
1498	0.3
1499	123.6
1500	2
1501	114.1
1502	196.5
1503	0.6
1504	0.2
1505	94.2
1506	126.3
1507	0.3
1508	1
1509	46.1
1510	0.3
1511	1.8
1512	0.2
1513	156.6
1514	0.4
1515	0.4
1516	0.4
1517	145.4
1518	0.4
1519	141.8
1520	0.3
1521	0.3
1522	0.2
1523	0.3
1524	0.2
1525	0.2
1526	0.2
1527	102
1528	0.2
1529	133.9
1530	159.6
1531	0.4
1532	0.8
1533	1.1
1534	162.6
1535	30.7
1536	173.8
1537	0.2
1538	38.2
1539	0.4
1540	0.2
1541	0.2
1542	0.1
1543	113.5
1544	0.4
1545	0.1
1546	33.4
1547	107.2
1548	0.1
1549	0.2
1550	0.2
1551	0.1
1552	107.7
1553	163.7
1554	63.7
1555	176.8
1556	130.9
1557	0.5
1558	0.2
1559	111.6
1560	2.7
1561	0.4
1562	0.4
1563	1.7
1564	0.1
1565	77.6
1566	0.8
1567	0.2
1568	0.3
1569	151.9
1570	150.4
1571	0.2
1572	0.3
1573	135.6
1574	0.4
1575	129.5
1576	146.7
1577	128.1
1578	0.3
1579	0.3
1580	161.3
1581	155.1
1582	109.2
1583	94.4
1584	33.5
1585	168.8
1586	152.9
1587	0.2
1588	164.6
1589	0.9
1590	5.3
1591	0.2
1592	180.4
1593	1
1594	104.2
1595	126.1
1596	124.5
1597	0.2
1598	179.1
1599	185.6
1600	141.3
1601	55.6
1602	154.9
1603	142
1604	139
1605	3.9
1606	0.3
1607	0.2
1608	140.7
1609	0.2
1610	122.2
1611	1.9
1612	181.7
1613	160.7
1614	113.9
1615	109.9
1616	133.4
1617	0.2
1618	136.2
1619	3.5
1620	116.5
1621	173.9
1622	223.6
1623	0.3
1624	168.4
1625	132.7
1626	140.6
1627	0.2
1628	114.6
1629	0.2
1630	199
1631	77.4
1632	187.8
1633	0.1
1634	172.8
1635	165.2
1636	130.9
1637	177.1
1638	108.6
1639	4.1
1640	0.2
1641	122.1
1642	167.8
1643	141.5
1644	0.3
1645	102.2
1646	137.2
1647	0.3
1648	4.5
1649	0.4
1650	3.6
1651	132.1
1652	127
1653	3.4
1654	125.4
1655	210.4
1656	179.5
1657	99.2
1658	152.4
1659	142.8
1660	106.9
1661	5
1662	0.2
1663	124.2
1664	4.8
1665	2.9
1666	171.3
1667	212
1668	129.8
1669	93.2
1670	7.3
1671	232.6
1672	143.2
1673	131.1
1674	125.6
1675	102.4
1676	5.1
1677	6.2
1678	3.8
1679	183.2
1680	254.2
1681	98.7
1682	3
1683	88.6
1684	131
1685	87.3
1686	59.9
1687	176.5
1688	107.1
1689	5.9
1690	136.2
1691	4.2
1692	149.7
1693	8.6
1694	101
1695	128.8
1696	0.1
1697	249.9
1698	3.7
1699	4.8
1700	79
1701	161.6
1702	244.9
1703	113.7
1704	0.1
1705	4.4
1706	119.6
1707	3.2
1708	3.2
1709	123.7
1710	4.8
1711	4.2
1712	122.8
1713	157.8
1714	160.4
1715	132
1716	81.3
1717	122.5
1718	4.7
1719	53.6
1720	114.3
1721	163.8
1722	83.1
1723	96.1
1724	80.1
1725	181.7
1726	110.8
1727	240.7
1728	106.3
1729	15.7
1730	158.8
1731	4.9
1732	88.1
1733	129.6
1734	7.6
1735	156
1736	3.7
1737	117.6
1738	77.1
1739	109.2
1740	0.1
1741	15.8
1742	4.3
1743	74.9
1744	120.2
1745	144.3
1746	116.4
1747	103.6
1748	112
1749	63.4
1750	52.2
1751	104
1752	95.3
1753	161.3
1754	181.1
1755	96.6
1756	112.2
1757	201.2
1758	112.6
1759	89.4
1760	119.9
1761	138.1
1762	82.3
1763	139.9
1764	144.2
1765	4.8
1766	193.3
1767	106.9
1768	0.1
1769	136.3
1770	198.8
1771	96.4
1772	0.1
1773	195.9
1774	77.6
1775	0
1776	72.2
1777	160.5
1778	5.2
1779	5.4
1780	3
1781	123.1
1782	107.1
1783	93.3
1784	78.3
1785	139.6
1786	107.7
1787	208.9
1788	175.4
1789	68.2
1790	2.6
1791	63
1792	87
1793	119.6
1794	46.7
1795	137.1
1796	130.2
1797	204.6
1798	71.9
1799	0.1
1800	94.9
1801	113.7
1802	118.7
1803	0.1
1804	70
1805	4.7
1806	158.2
1807	127.8
1808	63.5
1809	140.9
1810	222.5
1811	86.1
1812	0.1
1813	182
1814	70.4
1815	72.7
1816	120.9
1817	120.7
1818	67.6
1819	159.5
1820	138
1821	119.4
1822	139.2
1823	100.7
1824	0.1
1825	129.1
1826	118.5
1827	78.7
1828	83.7
1829	154
1830	0.1
1831	133.7
1832	0.1
1833	143.8
1834	0
1835	132.1
1836	132.8
1837	0
1838	0.1
1839	132
1840	91.5
1841	129.1
1842	130.8
1843	152.1
1844	83.6
1845	115.5
1846	0
1847	123.3
1848	151.6
1849	140.9
1850	140.9
1851	128.9
1852	93.5
1853	123.4
1854	174.5
1855	106
1856	124.7
1857	0.1
1858	80.9
1859	79.6
1860	80.7
1861	0.1
1862	132
1863	0
1864	69.2
1865	99.6
1866	152.1
1867	0.1
1868	165
1869	96.8
1870	35.8
1871	162.4
1872	134.8
1873	153.6
1874	159.4
1875	0.1
1876	88.2
1877	0.1
1878	0
1879	166.5
1880	138.8
1881	90.2
1882	0.1
1883	176.1
1884	156.9
1885	92.4
1886	77.8
1887	0.1
1888	83.8
1889	0.1
1890	116.4
1891	33
1892	85.5
1893	69.4
1894	83.4
1895	79.4
1896	74.6
1897	136.8
1898	147.3
1899	134.9
1900	0.1
1901	123
1902	146.6
1903	88
1904	142.8
1905	81.6
1906	0.1
1907	0
1908	53
1909	31.4
1910	28
1911	87.9
1912	79.5
1913	0
1914	78.1
1915	0.1
1916	138.9
1917	111.7
1918	54.7
1919	0.1
1920	0
1921	94.9
1922	0.1
1923	0
1924	0
1925	91.5
1926	144.8
1927	133
1928	73.1
1929	0
1930	0.1
1931	0
1932	56.6
1933	181
1934	47.7
1935	0.1
1936	102.4
1937	0.1
1938	99.4
1939	103
1940	0.1
1941	146.8
1942	45.6
1943	0.1
1944	95
1945	0
1946	0.1
1947	0.1
1948	0
1949	145.7
1950	85
1951	0.1
1952	36.3
1953	35.1
1954	0.1
1955	26.4
1956	110.6
1957	130.1
1958	0
1959	43.9
1960	84.8
1961	50
1962	152.3
1963	0
1964	0.1
1965	0
1966	61.5
1967	28.3
1968	33.8
1969	0
1970	117
1971	0.1
1972	0.1
1973	0
1974	113.5
1975	34
1976	23.5
1977	34.1
1978	96.1
1979	96.5
1980	0.1
1981	101.2
1982	73.1
1983	0
1984	0
1985	43.2
1986	27.1
1987	98
1988	39.3
1989	102.6
1990	63.5
1991	0.1
1992	0
1993	49.3
1994	138.5
1995	81.3
1996	0
1997	21.1
1998	133
1999	0
2000	49.3
2001	148.4
2002	31.3
2003	32.8
2004	0
2005	0
2006	53.6
2007	0
2008	20.1
2009	0
2010	19.6
2011	106.8
2012	0
2013	24.6
2014	71.5
2015	29.1
2016	0.1
2017	0.1
2018	47.4
2019	0
2020	0.1
2021	34.3
2022	36.6
2023	39.2
2024	67.2
2025	149.6
2026	0
2027	39.9
2028	96.5
2029	155.2
2030	0
2031	32.5
2032	6
2033	0
2034	0.1
2035	39.4
2036	64.5
2037	164.3
2038	70.5
2039	0
2040	0.1
2041	118.2
2042	46.7
2043	145
2044	84
2045	0
2046	0
2047	48.8
2048	0
2049	0.1
2050	102.7
2051	22.6
2052	0
2053	26.1
2054	46.9
2055	31.9
2056	135.3
2057	70.1
2058	105.2
2059	0
2060	36
2061	5.8
2062	142.9
2063	0
2064	23.7
2065	0.1
2066	0
2067	62.4
2068	0
2069	133.6
2070	10.4
2071	38.9
2072	0
2073	37.2
2074	77.9
2075	0
2076	65.7
2077	0
2078	87
2079	0
2080	0
2081	94.9
2082	0
2083	21.6
2084	69.6
2085	0.1
2086	56.3
2087	0
2088	163.4
2089	65
2090	121.8
2091	47.6
2092	77.3
2093	62.5
2094	0.1
2095	21.1
2096	0
2097	31.2
2098	83
2099	38.3
2100	100.6
2101	0
2102	58
2103	0
2104	0
2105	0
2106	0.1
2107	0.1
2108	69.7
2109	0
2110	0
2111	0
2112	118.9
2113	51.3
2114	0.1
2115	72.4
2116	93.5
2117	44.3
2118	30
2119	14.3
2120	92.6
2121	26.3
2122	101.2
2123	0.2
2124	90.8
2125	36.6
2126	0
2127	21.7
2128	0.1
2129	0
2130	0.1
2131	47.4
2132	56.2
2133	0
2134	0
2135	13.9
2136	123.4
2137	27.5
2138	18
2139	89.8
2140	0
2141	100
2142	60.5
2143	0
2144	0
2145	93
2146	27.2
2147	26.5
2148	113.5
2149	0
2150	42.9
2151	0
2152	108
2153	157.8
2154	111
2155	0
2156	0
2157	0
2158	29.7
2159	23.2
2160	180.7
2161	0
2162	0
2163	90.4
2164	0
2165	31.4
2166	0
2167	0
2168	0
2169	107.9
2170	0
2171	0.1
2172	0
2173	63.8
2174	0
2175	6.9
2176	0
2177	145.3
2178	25.3
2179	0
2180	32.9
2181	173.7
2182	0.1
2183	0
2184	0
2185	81.9
2186	7.7
2187	24.1
2188	0
2189	0
2190	28.5
2191	0
2192	0
2193	0
2194	101.6
2195	27.1
2196	0
2197	124.1
2198	0
2199	159.9
2200	0
2201	5
2202	25.5
2203	0
2204	0
2205	0.1
2206	38.5
2207	31.8
2208	26.5
2209	0
2210	126.4
2211	0.1
2212	48.8
2213	96.8
2214	0
2215	36.7
2216	27.1
2217	0
2218	0
2219	119.4
2220	24.2
2221	0
2222	125.3
2223	0
2224	0
2225	45.4
2226	29.8
2227	136.7
2228	0
2229	0
2230	52.6
2231	0
2232	59.9
2233	0
2234	114
2235	0
2236	0
2237	0
2238	0
2239	26.7
2240	0
2241	50.5
2242	0
2243	0
2244	0
2245	133.4
2246	0
2247	0
2248	148.1
2249	58.2
2250	0
2251	20.2
2252	128.2
2253	0
2254	26.6
2255	0
2256	95.1
2257	28.6
2258	0
2259	132.9
2260	0
2261	0
2262	0
2263	146.8
2264	148.7
2265	123.7
2266	0
2267	0.1
2268	65.5
2269	30.1
2270	0.1
2271	70.7
2272	0
2273	34
2274	0
2275	98.1
2276	31.7
2277	0
2278	0.1
2279	0
2280	0
2281	0.2
2282	156.9
2283	35.8
2284	0.1
2285	127
2286	73.1
2287	24.1
2288	81.9
2289	0
2290	0
2291	0
2292	132.5
2293	26.5
2294	33
2295	106.1
2296	109.4
2297	156.3
2298	0
2299	18.1
2300	0
2301	0.1
2302	0
2303	0
2304	0
2305	0
2306	57.3
2307	128.3
2308	0
2309	51.9
2310	165
2311	0.3
2312	0.1
2313	0
2314	0.1
2315	0.3
2316	0
2317	159.2
2318	0
2319	0
2320	101.2
2321	97
2322	0.1
2323	0.1
2324	161.3
2325	97.4
2326	50.8
2327	0
2328	132.8
2329	0
2330	0.2
2331	0.2
2332	33.4
2333	0.1
2334	83.2
2335	0.3
2336	57.8
2337	0.1
2338	51.9
2339	28.7
2340	70.7
2341	65.9
2342	0.2
2343	36.3
2344	0.1
2345	43.3
2346	61.4
2347	0
2348	0.1
2349	50.5
2350	0.1
2351	71.3
2352	0.1
2353	47.6
2354	0.1
2355	46.7
2356	0.2
2357	0.1
2358	21.3
2359	49.3
2360	64.7
2361	71.9
2362	35.2
2363	63.7
2364	27
2365	53.3
2366	0.2
2367	0.2
2368	56.7
2369	23.2
2370	55.5
2371	0.1
2372	46.1
2373	55.2
2374	21.8
2375	0.1
2376	0.3
2377	71.5
2378	59.9
2379	57.6
2380	51.3
2381	41.5
2382	54.6
2383	0.3
2384	0.2
2385	9.9
2386	0.1
2387	0
2388	62.5
2389	54.2
2390	16.6
2391	45.3
2392	57.6
2393	0.4
2394	51.1
2395	26.8
2396	54.2
2397	0.2
2398	8.3
2399	54.7
2400	0.2
2401	51.9
2402	66.1
2403	53.4
2404	25.3
2405	46.5
2406	40.1
2407	0.3
2408	55.7
2409	52.5
2410	58.3
2411	59.8
2412	70.1
2413	0.2
2414	25
2415	61.5
2416	52.4
2417	50.6
2418	53.3
2419	60.2
2420	61.6
2421	0.6
2422	31.3
2423	39.5
2424	56.5
2425	23.3
2426	0.4
2427	0.1
2428	73
2429	0.7
2430	0.4
2431	51.3
2432	0.1
2433	77.2
2434	22.9
2435	0.2
2436	0.1
2437	16.5
2438	48.3
2439	122.2
2440	53.5
2441	0.9
2442	36
2443	42
2444	68.9
2445	53
2446	27.6
2447	58.9
2448	192.4
2449	0.4
2450	0.5
2451	44.2
2452	45.7
2453	145
2454	0.3
2455	0.1
2456	141
2457	0.2
2458	49
2459	61.9
2460	16.3
2461	172.3
2462	92
2463	24
2464	149.7
2465	0.8
2466	0.3
2467	70
2468	78
2469	64.3
2470	173
2471	50.6
2472	63.4
2473	25
2474	111
2475	53.6
2476	0.6
2477	52.5
2478	45.3
2479	0.3
2480	53.1
2481	68.6
2482	14.2
2483	0.6
2484	96.1
2485	80.6
2486	45.4
2487	0.3
2488	49.5
2489	125.4
2490	75.8
2491	23.9
2492	97.7
2493	0.6
2494	46
2495	44.3
2496	20.7
2497	79.9
2498	71.1
2499	16.8
2500	117.1
2501	75.9
2502	82.5
2503	41.8
2504	74.9
2505	79.2
2506	43.7
2507	0.3
2508	102.1
2509	0.6
2510	105.5
2511	168.4
2512	78.8
2513	43.9
2514	73.5
2515	75.7
2516	0.1
2517	31.7
2518	45.8
2519	43
2520	135.4
2521	72.3
2522	218.7
2523	26.2
2524	0.3
2525	45
2526	71.1
2527	67.6
2528	67.1
2529	74.4
2530	75.8
2531	73.8
2532	74.9
2533	99.9
2534	47.5
2535	71.4
2536	107.4
2537	56.6
2538	135.6
2539	239.7
2540	97.2
2541	125.2
2542	79.9
2543	76.1
2544	54.3
2545	83.8
2546	92.1
2547	44.8
2548	90
2549	46.7
2550	0.4
2551	36.7
2552	212.8
2553	64.5
2554	136.4
2555	82.1
2556	81.3
2557	94.9
2558	39.4
2559	73.9
2560	164.8
2561	80.5
2562	226.2
2563	92.5
2564	122.5
2565	101.6
2566	28.2
2567	49.4
2568	199
2569	81.3
2570	49.5
2571	36.1
2572	0.1
2573	6.4
2574	52.3
2575	59.8
2576	41.6
2577	80.2
2578	82.9
2579	76.1
2580	0.1
2581	115.6
2582	198.3
2583	94.2
2584	0.3
2585	83.8
2586	164.6
2587	79.6
2588	42.1
2589	72
2590	84.3
2591	85.5
2592	77.7
2593	69.7
2594	41.6
2595	0.3
2596	107.3
2597	80
2598	208.6
2599	49.3
2600	78.4
2601	80.6
2602	115.6
2603	78.6
2604	209.8
2605	47.6
2606	17.5
2607	76.6
2608	61.8
2609	100.7
2610	3.9
2611	92.5
2612	76.2
2613	77.3
2614	132.6
2615	46.8
2616	98.7
2617	125
2618	58
2619	0.2
2620	181.7
2621	36.7
2622	81.7
2623	74.6
2624	72.9
2625	158
2626	31.1
2627	44.9
2628	43.2
2629	0.3
2630	76.5
2631	69.7
2632	74
2633	77.7
2634	82.2
2635	73.5
2636	105.2
2637	0.1
2638	61.8
2639	74.9
2640	65
2641	72.7
2642	79.1
2643	203
2644	18.9
2645	195.4
2646	64.3
2647	39.5
2648	85.8
2649	12
2650	72.7
2651	0.1
2652	15.5
2653	88.3
2654	20.1
2655	68.9
2656	107.8
2657	40.7
2658	76.8
2659	104.7
2660	106
2661	60.3
2662	156.4
2663	15.3
2664	69.9
2665	14.1
2666	70.7
2667	14
2668	65.2
2669	85
2670	143.5
2671	105.4
2672	83.3
2673	2.1
2674	37.1
2675	15.8
2676	6.6
2677	160.8
2678	107.7
2679	15.8
2680	68
2681	65.3
2682	68.4
2683	73.8
2684	73.3
2685	87.8
2686	98.6
2687	92.8
2688	60.7
2689	69.2
2690	97.2
2691	71.4
2692	4.6
2693	88
2694	68.8
2695	0.1
2696	85.1
2697	0.2
2698	144.1
2699	36.6
2700	80.7
2701	9.5
2702	86.5
2703	62.4
2704	10.7
2705	71.8
2706	68.8
2707	22.1
2708	90
2709	41.5
2710	89.5
2711	67.3
2712	0.1
2713	90
2714	115.4
2715	52.6
2716	73.9
2717	62.5
2718	53.9
2719	62.4
2720	58.2
2721	77.1
2722	72.9
2723	84.4
2724	39.5
2725	76.1
2726	73.2
2727	103.8
2728	55.9
2729	89
2730	68.3
2731	0.1
2732	62.2
2733	61.9
2734	67.2
2735	58.9
2736	13.8
2737	58.4
2738	56.6
2739	64.3
2740	62.3
2741	55.3
2742	56.2
2743	59.5
2744	57.7
2745	48.7
2746	16.4
2747	57.4
2748	0.1
2749	81.2
2750	56.6
2751	98.7
2752	78.5
2753	61.5
2754	63.8
2755	50.6
2756	54.1
2757	75.2
2758	144.3
2759	56.5
2760	62.1
2761	51.7
2762	67.7
2763	41.1
2764	70.6
2765	61.6
2766	57.8
2767	18.1
2768	52.4
2769	56.1
2770	68.1
2771	121.4
2772	55.2
2773	33.1
2774	135.6
2775	66.2
2776	73
2777	52.5
2778	76.9
2779	73.5
2780	28.3
2781	84.4
2782	63.3
2783	62.4
2784	61.3
2785	49.4
2786	44
2787	82
2788	56.8
2789	72.7
2790	90.1
2791	64.3
2792	78
2793	127.7
2794	79.9
2795	54.4
2796	51.5
2797	166
2798	59.9
2799	76.1
2800	68.3
2801	81.1
2802	125.3
2803	51.6
2804	31.3
2805	70.5
2806	77.3
2807	162.2
2808	63.4
2809	72.3
2810	16.1
2811	87.4
2812	58.8
2813	63.4
2814	86
2815	99.1
2816	51.2
2817	61.9
2818	102.2
2819	90.6
2820	84.8
2821	57.1
2822	74.1
2823	73.6
2824	37.3
2825	63.1
2826	47.7
2827	29.7
2828	70.4
2829	54.4
2830	84.2
2831	96.9
2832	94.6
2833	58.5
2834	127.2
2835	100.4
2836	90.7
2837	83.5
2838	106.6
2839	68
2840	89.7
2841	108.2
2842	85.7
2843	67.1
2844	43.6
2845	63
2846	16.1
2847	107.3
2848	67.9
2849	70.9
2850	80.5
2851	80.5
2852	85.7
2853	89.5
2854	102.1
2855	80.3
2856	98.9
2857	81.1
2858	95.4
2859	73.5
2860	71.5
2861	92.1
2862	71.7
2863	43.3
2864	62.4
2865	109.4
2866	65.1
2867	83
2868	51.2
2869	67.2
2870	73.2
2871	64.8
2872	81.5
2873	101.1
2874	20.1
2875	78.6
2876	20.2
2877	85.1
2878	81.6
2879	39
2880	85.1
2881	87.2
2882	120.5
2883	76.6
2884	74.9
2885	57.6
2886	89.2
2887	48.4
2888	18.8
2889	44.8
2890	46.7
2891	103.9
2892	78.2
2893	111.2
2894	70.5
2895	105.1
2896	19.6
2897	113.5
2898	78.7
2899	102.9
2900	63
2901	41
2902	92.7
2903	138.1
2904	31.2
2905	78.9
2906	73.5
2907	59.4
2908	96.1
2909	84.6
2910	70.8
2911	118.6
2912	86
2913	82.1
2914	126.8
2915	47.2
2916	115.7
2917	46.1
2918	101.5
2919	38.7
2920	45.1
2921	90.8
2922	65.2
2923	71.5
2924	73.3
2925	100
2926	60.6
2927	40.1
2928	69.1
2929	57.3
2930	118.8
2931	92.1
2932	95.3
2933	95.8
2934	33.9
2935	104.9
2936	36
2937	61.7
2938	38.3
2939	107.3
2940	34.8
2941	69.7
2942	40
2943	84.2
2944	34.4
2945	99.9
2946	102.8
2947	103.3
2948	100.1
2949	93.4
2950	60.1
2951	124.3
2952	96.6
2953	90.1
2954	91.2
2955	104.1
2956	111.1
2957	63.3
2958	101.1
2959	42.1
2960	83.7
2961	101.9
2962	86
2963	75.7
2964	77.3
2965	60.4
2966	124.8
2967	105.6
2968	92.8
2969	45.1
2970	32.5
2971	89.4
2972	83.8
2973	30.5
2974	96.3
2975	132.1
2976	104.1
2977	78.7
2978	76.2
2979	102.4
2980	93.7
2981	113.9
2982	76.9
2983	90
2984	117.1
2985	87.2
2986	86.7
2987	74.3
2988	89.6
2989	32.3
2990	51.8
2991	160.4
2992	81.4
2993	96
2994	89.7
2995	94.9
2996	142.9
2997	97.7
2998	56.3
2999	67.1
3000	67.3
3001	54.9
3002	97.2
3003	70.3
3004	40
3005	70
3006	94.8
3007	95.8
3008	102.3
3009	38.9
3010	35.3
3011	100.2
3012	98
3013	122.2
3014	52.8
3015	31.4
3016	83.6
3017	180.5
3018	58.4
3019	32.9
3020	57.9
3021	41.1
3022	47.9
3023	38.2
3024	91.5
3025	52.3
3026	119.6
3027	108.5
3028	68.3
3029	100.1
3030	40.9
3031	78
3032	72.3
3033	28.3
3034	88.2
3035	59.2
3036	44.7
3037	78
3038	29.2
3039	61.9
3040	128.2
3041	95.7
3042	87.8
3043	118.2
3044	55.3
3045	124.4
3046	27.3
3047	29.6
3048	114.8
3049	58.4
3050	152.5
3051	77
3052	68.2
3053	151.3
3054	54.3
3055	60.3
3056	120.5
3057	30.7
3058	119.2
3059	76.6
3060	28.3
3061	47.8
3062	34.8
3063	160.9
3064	172.8
3065	45.6
3066	96.4
3067	49.1
3068	112.7
3069	36.7
3070	90.7
3071	81
3072	67.9
3073	18.7
3074	140.6
3075	72.1
3076	77.3
3077	83.2
3078	64.2
3079	101.7
3080	132.5
3081	31.3
3082	50.9
3083	178.6
3084	56.1
3085	68.4
3086	72.5
3087	238.3
3088	127.1
3089	223.3
3090	82.3
3091	35.8
3092	26.5
3093	81.3
3094	20.5
3095	24.8
3096	115.8
3097	24
3098	232.5
3099	24.3
3100	122.4
3101	14.2
3102	63.3
3103	122.8
3104	142.6
3105	55.5
3106	163.8
3107	142.8
3108	24.5
3109	59.6
3110	26.7
3111	286.9
3112	13.5
3113	217.5
3114	34.4
3115	48.2
3116	59.8
3117	39.7
3118	153.2
3119	228.8
3120	11.7
3121	174.1
3122	17.4
3123	154
3124	21.5
3125	45.7
3126	15.5
3127	11.5
3128	22.9
3129	26.1
3130	22.8
3131	156.2
3132	149
3133	209.7
3134	182.8
3135	17.7
3136	194.3
3137	14.2
3138	30.6
3139	154.3
3140	90.5
3141	26.7
3142	116.5
3143	167.5
3144	25.4
3145	12.8
3146	18.5
3147	13.3
3148	37.8
3149	18.5
3150	13.8
3151	57.3
3152	110.8
3153	140.9
3154	106.3
3155	43.8
3156	66.7
3157	58.3
3158	14.7
3159	109.8
3160	13
3161	50.8
3162	111
3163	26.7
3164	15.9
3165	25.6
3166	104.8
3167	28.2
3168	137.5
3169	18.5
3170	137.4
3171	25.1
3172	168
3173	20
3174	37.8
3175	121.8
3176	22.8
3177	21.8
3178	22.7
3179	21.4
3180	14.4
3181	27.2
3182	143.3
3183	136.3
3184	44
3185	43.3
3186	50.5
3187	100.4
3188	39.5
3189	45.9
3190	21.9
3191	20.3
3192	41
3193	15.6
3194	141.2
3195	103.4
3196	8.3
3197	27.9
3198	25.5
3199	81.4
3200	18.8
3201	19.2
3202	109.7
3203	140.8
3204	27.5
3205	27.5
3206	20.4
3207	20.4
3208	17.9
3209	10.6
3210	31.9
3211	32.9
3212	90.7
3213	20.3
3214	17.1
3215	11
3216	23.6
3217	26
3218	28
3219	29.1
3220	26.7
3221	22.2
3222	31.7
3223	19.2
3224	101.3
3225	22.5
3226	90
3227	25.7
3228	13.3
3229	12.8
3230	28.9
3231	12.3
3232	21.6
3233	20.6
3234	89.1
3235	91.8
3236	32.5
3237	17.9
3238	31.1
3239	10.4
3240	36.1
3241	36.8
3242	15.8
3243	28.7
3244	17.6
3245	23.9
3246	29.9
3247	8.9
3248	19.1
3249	20.5
3250	30.1
3251	133.5
3252	87.4
3253	15
3254	26.3
3255	19.2
3256	25.1
3257	28.7
3258	20.2
3259	43.1
3260	21.9
3261	14.4
3262	24.8
3263	18.9
3264	17.2
3265	21.4
3266	13.8
3267	49
3268	24.2
3269	69.8
3270	10.6
3271	15.8
3272	57.9
3273	16.4
3274	80.5
3275	15.6
3276	21.7
3277	10.9
3278	64.6
3279	19.7
3280	18.5
3281	27.3
3282	16
3283	17.4
3284	13.1
3285	15.3
3286	83.3
3287	18.2
3288	22.6
3289	11.7
3290	24.3
3291	68.9
3292	18.1
3293	20.8
3294	23.2
3295	23.9
3296	16
3297	16.7
3298	35.6
3299	15
3300	44.9
3301	22.8
3302	24
3303	66.2
3304	30.1
3305	22
3306	14.3
3307	18.1
3308	54.7
3309	15.7
3310	20.1
3311	18
3312	25.9
3313	17.4
3314	13.9
3315	10.6
3316	37.2
3317	15.4
3318	14.7
3319	13
3320	16.8
3321	14.7
3322	15.1
3323	15.3
3324	12
3325	17.9
3326	15.4
3327	11.1
3328	15.4
3329	15.6
3330	27.5
3331	24
3332	22.6
3333	16.3
3334	14.3
3335	43.2
3336	13.9
3337	10.7
3338	22.7
3339	12
3340	12.5
3341	36.7
3342	12.5
3343	17.2
3344	16.2
3345	10.8
3346	16.3
3347	14.5
3348	10.6
3349	10.3
3350	16.7
3351	16.7
3352	18.1
3353	21.4
3354	12.9
3355	25.3
3356	26
3357	9.9
3358	14.6
3359	20.5
3360	16.9
3361	15.5
3362	8.7
3363	23.1
3364	13.1
3365	19.3
3366	20.2
3367	21.2
3368	11.8
3369	16.1
3370	13.6
3371	22.3
3372	17.2
3373	20.6
3374	19.8
3375	8.7
3376	18.5
3377	8.4
3378	8.1
3379	11.5
3380	20.1
3381	21.4
3382	7.4
3383	20.2
3384	20.8
3385	22.3
3386	20.3
3387	10.2
3388	7.4
3389	24
3390	24.5
3391	20.8
3392	24.6
3393	10.5
3394	28.2
3395	21.7
3396	27.3
3397	25.8
3398	18.7
3399	16.3
3400	250.6
3401	286.5
3402	292.7
3403	161.1
3404	148.7
3405	126.9
3406	155.5
3407	149.5
3408	170.8
3409	156.6
3410	0
3411	0
3412	240.9
3413	155.3
3414	240.1
3415	117.2
3416	5.8
3417	242.7
3418	143.4
3419	0
3420	6.4
3421	0
3422	148.8
3423	136.7
3424	117.4
3425	180.8
3426	147.1
3427	12.9
3428	37.7
3429	234.9
3430	34.3
3431	119.7
3432	246.1
3433	143.3
3434	150
3435	0.3
3436	137.1
3437	103
3438	0.2
3439	0.1
3440	99.4
3441	230
3442	1.6
3443	102.9
3444	81
3445	0.1
3446	0.2
3447	0.3
3448	1.4
3449	104.1
3450	0.2
3451	152.6
3452	118.1
3453	95.9
3454	90.7
3455	103.6
3456	3.8
3457	180.5
3458	67
3459	4.7
3460	123.2
3461	8.3
3462	189.8
3463	170.3
3464	4.2
3465	4.5
3466	50
3467	74.4
3468	87.5
3469	50.2
3470	67.9
3471	140.5
3472	37
3473	106
3474	92.8
3475	0.1
3476	0
3477	79
3478	73.3
3479	0
3480	74
3481	115
3482	27.7
3483	18.7
3484	92.1
3485	22.7
3486	0
3487	120.5
3488	42.1
3489	92.3
3490	99.5
3491	0
3492	73.2
3493	22.7
3494	103.9
3495	122.7
3496	23.1
3497	26.5
3498	27.3
3499	105.1
3500	50.3
3501	30.6
3502	34.2
3503	0
3504	0
3505	75.1
3506	122.9
3507	0
3508	61.9
3509	29.6
3510	0
3511	52
3512	49.6
3513	43.1
3514	45.1
3515	51
3516	45.4
3517	35
3518	52.7
3519	57.7
3520	0.3
3521	0.2
3522	137.1
3523	53.6
3524	45.7
3525	51.4
3526	32.5
3527	44.7
3528	149.8
3529	68.2
3530	66.9
3531	195.8
3532	51.3
3533	0.2
3534	0.2
3535	120
3536	65.4
3537	24.4
3538	0.1
3539	99.6
3540	145.9
3541	67.7
3542	72.3
3543	68.6
3544	57.9
3545	176
3546	56
3547	56.7
3548	96.1
3549	92.1
3550	76.6
3551	89.7
3552	55.5
3553	63.8
3554	100.8
3555	90.8
3556	92.6
3557	32.5
3558	94.7
3559	31
3560	88.6
3561	55.2
3562	28
3563	96
3564	30.3
3565	36.4
3566	33.5
3567	95.2
3568	134.9
3569	123.4
3570	136
3571	146.7
3572	36
3573	170
3574	67.1
3575	47.5
3576	124.1
3577	164.5
3578	36.8
3579	22.1
3580	22
3581	18.1
3582	34
3583	22.3
3584	103.5
3585	23.6
3586	89.9
3587	19.8
3588	18.4
3589	18
3590	11.7
3591	19.6
3592	17.4
3593	10.9
3594	22.4
