"COMID"	"Value"
1	0.8
2	6.6
3	2.7
4	1.1
5	1
6	0
7	7.5
8	6.8
9	5.6
10	0
11	1.1
12	5.6
13	0.3
14	15.5
15	6.8
16	4.6
17	5.3
18	1.9
19	4.5
20	1.8
21	7.6
22	3.4
23	0
24	5.6
25	7.4
26	0.4
27	6
28	0.9
29	4
30	0
31	1.3
32	1.3
33	14.7
34	5.6
35	0.6
36	5.8
37	8.2
38	0
39	5.6
40	37.6
41	12.7
42	7
43	47.4
44	1.5
45	6.7
46	0.4
47	2.6
48	13.5
49	7.8
50	7.5
51	5.6
52	1.4
53	5.9
54	8.7
55	7.3
56	4.9
57	39.3
58	5.6
59	6.9
60	5.6
61	5.8
62	5.8
63	2.2
64	6.1
65	5.7
66	0.7
67	10.1
68	2.6
69	1.2
70	1
71	0
72	7.7
73	5.6
74	2.2
75	1
76	1
77	0
78	1.1
79	5.5
80	1
81	0.4
82	0
83	7.5
84	0
85	4.7
86	2.6
87	5.6
88	5.6
89	1
90	5.7
91	7.6
92	8.3
93	4.3
94	5.7
95	6.4
96	7.5
97	5.4
98	0
99	1.1
100	5.7
101	1.2
102	4.6
103	5.6
104	0
105	7.5
106	4.7
107	1.3
108	0
109	7.5
110	7.5
111	0
112	5
113	1
114	5.1
115	3.8
116	2.6
117	0.6
118	2.8
119	0.2
120	3.2
121	1.4
122	3.6
123	0
124	2.3
125	2.8
126	5.7
127	1.2
128	0.6
129	5.6
130	1
131	2.5
132	1
133	0.5
134	3.3
135	2.7
136	2.7
137	0.6
138	1
139	1
140	3.5
141	3.8
142	1
143	0.2
144	3.2
145	1
146	2.1
147	2
148	0.6
149	3.6
150	0.7
151	0.1
152	2.1
153	1
154	2.3
155	0
156	1
157	0.6
158	1
159	2.5
160	4.1
161	1
162	1
163	1.4
164	1
165	0.2
166	1
167	0.3
168	0.3
169	0.4
170	3.6
171	2.6
172	1
173	1
174	7.5
175	1.3
176	5.2
177	2.5
178	1.7
179	2
180	1
181	0
182	3.1
183	0
184	1
185	1
186	3.2
187	1.5
188	1
189	1
190	3.4
191	1
192	1.8
193	1
194	9.2
195	0
196	1
197	2.5
198	1
199	1.9
200	1
201	1
202	1
203	1
204	1
205	1
206	1
207	1
208	6.8
209	2
210	2.6
211	2
212	0.8
213	2.1
214	1
215	0.4
216	1.6
217	2.5
218	1
219	1.1
220	1
221	0.3
222	0.4
223	5.4
224	0
225	1.3
226	0.2
227	0
228	2.3
229	1
230	0
231	2.6
232	1.9
233	4
234	1.3
235	0
236	1.9
237	1.3
238	1.3
239	0.3
240	2.9
241	0.2
242	0
243	0.3
244	4.4
245	2.4
246	3.9
247	0
248	0
249	0
250	4.3
251	0.2
252	17.1
253	1.6
254	0
255	0
256	0
257	0
258	0.1
259	0
260	0
261	2.3
262	0.2
263	0
264	0
265	0
266	1.9
267	4.2
268	10
269	4.2
270	0
271	2.6
272	0.3
273	3.9
274	0.3
275	0.2
276	0.3
277	1
278	0.2
279	0
280	0.2
281	0.3
282	3.9
283	1
284	1
285	0
286	0.2
287	15.4
288	1
289	1
290	1
291	8.9
292	1
293	0.3
294	10
295	1
296	3.4
297	3.6
298	0
299	0.4
300	3.6
301	1
302	3.7
303	3.3
304	1
305	3.5
306	1
307	3.5
308	1.4
309	1
310	3.3
311	3.4
312	3.3
313	3.3
314	1
315	1
316	1
317	0.3
318	1.1
319	0.3
320	3.3
321	1
322	3.2
323	3.3
324	1
325	0.3
326	9.1
327	1
328	1
329	1
330	0
331	1
332	1
333	1
334	1
335	0.4
336	1
337	0.3
338	1
339	1
340	1
341	1
342	0.3
343	1
344	0
345	1
346	0.3
347	1
348	1
349	1
350	1
351	1
352	1
353	1.4
354	1
355	0.3
356	1
357	0.2
358	1
359	0.3
360	1
361	1
362	1
363	1
364	0.3
365	1.3
366	5.8
367	0.3
368	7.7
369	0.2
370	1.4
371	0.3
372	5.6
373	5.8
374	0.2
375	6.8
376	18.4
377	1.4
378	5.8
379	0.3
380	1.5
381	0.2
382	0.2
383	1.5
384	0.3
385	0.3
386	0.2
387	26.8
388	1.4
389	2.5
390	26.7
391	5.6
392	2.5
393	0.3
394	5.6
395	0.2
396	0.3
397	0.3
398	5.6
399	0.3
400	5.6
401	2
402	0.3
403	0.2
404	0.2
405	0
406	10.4
407	0.3
408	0.2
409	0.3
410	19.6
411	1.6
412	0
413	20.2
414	0
415	0.3
416	0
417	0.2
418	0.2
419	6
420	0.1
421	0.3
422	0.3
423	1
424	7.8
425	13.8
426	0.2
427	54.3
428	7.7
429	1.4
430	33.2
431	0.3
432	5.6
433	10.2
434	5.7
435	5.6
436	8
437	0.3
438	16.9
439	0.2
440	1.3
441	15.9
442	4.8
443	7.1
444	5.6
445	41.3
446	5.6
447	42.6
448	26.6
449	5.6
450	6.1
451	0.2
452	7.8
453	0.2
454	5.6
455	6.1
456	5.6
457	1.8
458	2.7
459	2.3
460	5.6
461	9.5
462	18.3
463	7.5
464	1
465	5
466	0.3
467	11.4
468	1
469	5.5
470	1
471	1
472	1.3
473	1.4
474	1
475	0
476	0
477	16.6
478	1
479	6.2
480	1.5
481	0.2
482	0.1
483	2
484	5.6
485	5.1
486	0.3
487	6.3
488	1.2
489	0.2
490	1.2
491	8.9
492	1.4
493	0.2
494	11.8
495	0.3
496	0
497	6.7
498	5.9
499	0.2
500	3.7
501	37.9
502	15.4
503	5.6
504	5.6
505	3.6
506	4.1
507	6.4
508	3.5
509	3.7
510	40
511	7.5
512	9.2
513	0
514	3.5
515	0
516	5.6
517	4.7
518	5.6
519	5.8
520	0.3
521	13.6
522	5.6
523	0
524	1.7
525	7.6
526	5.7
527	24.4
528	5.6
529	0
530	31.9
531	17.9
532	3.9
533	37.5
534	1.4
535	42.4
536	1.7
537	0.2
538	0
539	0.7
540	5.6
541	15.7
542	19.3
543	2.5
544	0
545	0.3
546	23.2
547	14.5
548	0.2
549	0.3
550	0.7
551	15.6
552	22
553	1.5
554	0
555	5.6
556	26.2
557	5.7
558	0.2
559	7.4
560	17.5
561	1.6
562	28.8
563	0
564	14.6
565	7.3
566	24.9
567	5.6
568	23.1
569	6
570	0
571	1.6
572	15.9
573	5.7
574	21.1
575	5.6
576	0
577	0.1
578	6.8
579	11.4
580	18.2
581	0.1
582	12.3
583	5.6
584	5.6
585	0
586	15.7
587	20.6
588	0.7
589	31.7
590	0
591	5.1
592	17.2
593	16.4
594	6
595	3.2
596	5.6
597	0
598	5.6
599	20.4
600	5.9
601	5.6
602	0
603	1.7
604	1.5
605	0
606	1.8
607	5.6
608	5.7
609	0
610	5.6
611	1.5
612	0
613	0
614	7.9
615	0.4
616	0
617	31.8
618	1.3
619	6.2
620	5.9
621	0.5
622	11.2
623	10.1
624	11.1
625	5.6
626	5.6
627	17.5
628	5.6
629	6.5
630	36.3
631	5.6
632	1.7
633	7.9
634	0
635	6.7
636	6.8
637	6
638	5.6
639	1.4
640	0.4
641	26.1
642	0
643	5.8
644	0
645	1.7
646	8.8
647	5.6
648	3.2
649	6.6
650	5.6
651	42.1
652	5.6
653	0
654	5.6
655	0
656	5.6
657	6.8
658	1.5
659	8.2
660	0.2
661	1.5
662	7.3
663	6.4
664	5.6
665	5.6
666	5.6
667	1.4
668	51
669	1.5
670	5.6
671	5.6
672	5.6
673	7.7
674	0.4
675	13.7
676	2.4
677	22.2
678	6.1
679	5.6
680	0.3
681	8.5
682	2.8
683	38.6
684	4.7
685	5.6
686	21.1
687	0
688	17.9
689	5.6
690	7.8
691	1.4
692	19.6
693	5.9
694	0.4
695	1.5
696	14.8
697	5.6
698	2.5
699	7.4
700	10.6
701	0.4
702	18.6
703	11.4
704	6.9
705	6.1
706	5.8
707	24.3
708	15.3
709	4.4
710	3.1
711	0.3
712	0.3
713	2.5
714	5.6
715	1.3
716	0
717	2
718	10.9
719	1.7
720	9.8
721	5.6
722	2.6
723	12.6
724	10.9
725	5.6
726	0
727	0.4
728	4.3
729	0.4
730	3.1
731	5.9
732	0.4
733	1.3
734	7.5
735	0.3
736	5.8
737	7.9
738	9.5
739	7.5
740	10
741	3
742	5.7
743	3.2
744	0.3
745	0
746	7.2
747	12.2
748	0
749	2.9
750	5.6
751	7.5
752	1.5
753	10.9
754	9.3
755	2.4
756	6.8
757	3.2
758	1.6
759	5.6
760	7
761	5.6
762	1.5
763	1.2
764	22.9
765	9.4
766	0.4
767	1.4
768	3.5
769	17.2
770	3.5
771	1
772	1.1
773	7
774	6.8
775	1.4
776	5.8
777	1.4
778	7
779	0.3
780	16.5
781	1.1
782	278.7
783	239.7
784	346.6
785	314
786	169.9
787	338.1
788	155.5
789	199.6
790	178.5
791	179.3
792	151.8
793	153.8
794	372.9
795	399.3
796	132.8
797	407.6
798	97.8
799	153.2
800	250
801	170.9
802	177.1
803	188.4
804	150.8
805	114.8
806	127.8
807	91.7
808	162
809	324.8
810	424.1
811	97.7
812	269.1
813	142.8
814	163.4
815	182.1
816	100.5
817	122.8
818	256.3
819	435
820	115.4
821	97.5
822	175.2
823	115.6
824	290
825	83.3
826	348.8
827	246.4
828	214.5
829	96.9
830	277.3
831	113.8
832	244.1
833	97.9
834	213.6
835	160
836	228.1
837	57.2
838	135.5
839	124.4
840	173.3
841	128.1
842	88.5
843	20.7
844	216.7
845	132.9
846	136.8
847	166.2
848	113.7
849	83.5
850	214
851	195.2
852	112.9
853	105.3
854	154.3
855	104
856	118.4
857	107.3
858	190.6
859	105.1
860	90.3
861	167.6
862	8.6
863	90.6
864	90
865	148.5
866	81.9
867	90.3
868	202.4
869	88.2
870	45.8
871	102.2
872	89.5
873	11
874	88.1
875	161.6
876	107.1
877	93.2
878	93.7
879	133.1
880	119.9
881	110.5
882	113.4
883	83.8
884	107.7
885	110
886	7.1
887	102.9
888	110
889	100.2
890	106.8
891	129.5
892	107.6
893	129.6
894	7.6
895	103
896	155
897	129.9
898	95.9
899	153
900	143.5
901	156.8
902	207.3
903	148
904	133.5
905	158.1
906	187.5
907	125.9
908	98.7
909	120
910	0
911	141.3
912	111
913	139.4
914	112.7
915	0
916	137.5
917	134.8
918	133.1
919	121.9
920	136.6
921	76.4
922	151.2
923	20.1
924	139.4
925	108.5
926	208.4
927	147.5
928	1.1
929	111.3
930	117.3
931	138.3
932	1.8
933	141.8
934	0
935	123.1
936	157.2
937	184.4
938	146.9
939	117.9
940	121.7
941	99.5
942	133
943	0
944	143.3
945	222.9
946	167
947	0
948	151.3
949	191.6
950	203.4
951	98.1
952	124.8
953	2.8
954	2.6
955	104
956	158.8
957	136.3
958	1.7
959	129.1
960	129.7
961	104
962	177.1
963	146.3
964	0
965	156.1
966	107.9
967	0
968	126.7
969	138.3
970	37.3
971	182.4
972	181.8
973	131.8
974	123.9
975	123.3
976	107.7
977	163.9
978	2.5
979	112.3
980	105.6
981	133.7
982	146.7
983	159.8
984	104.1
985	169.2
986	156.8
987	3.4
988	157.8
989	155.9
990	0
991	127.7
992	0
993	170.2
994	160.1
995	171.9
996	149.8
997	157.7
998	4.5
999	170.7
1000	0
1001	3.9
1002	135.4
1003	0
1004	134
1005	2
1006	192.5
1007	0
1008	2.9
1009	0
1010	124.8
1011	168.2
1012	171.4
1013	2.9
1014	167.4
1015	3.6
1016	0
1017	172.4
1018	4.5
1019	3.2
1020	128.3
1021	177.4
1022	123.9
1023	208.8
1024	168.3
1025	97.9
1026	150.6
1027	138.1
1028	132.2
1029	2.7
1030	0.5
1031	0
1032	0
1033	0.5
1034	127.7
1035	0.3
1036	167.9
1037	105
1038	108.1
1039	1.3
1040	2.3
1041	90.6
1042	2.5
1043	0
1044	0.9
1045	3.1
1046	3.5
1047	176.3
1048	189.3
1049	150.8
1050	0
1051	190.6
1052	167.7
1053	3.2
1054	118.9
1055	207.2
1056	104.1
1057	0.5
1058	160.7
1059	0.6
1060	138.4
1061	0
1062	101.6
1063	178.9
1064	0.1
1065	0.7
1066	204.5
1067	0.5
1068	0.7
1069	0.1
1070	166.3
1071	117.2
1072	0.1
1073	0.1
1074	189.1
1075	0
1076	187.8
1077	0.5
1078	121
1079	147.7
1080	2.9
1081	0.6
1082	196.9
1083	0.2
1084	149.5
1085	173.2
1086	156.7
1087	0
1088	0.3
1089	1.4
1090	113.2
1091	168.4
1092	0.4
1093	2.8
1094	0.1
1095	4.2
1096	3.4
1097	157.7
1098	3.2
1099	0
1100	0
1101	0.1
1102	113.5
1103	0.1
1104	2.3
1105	4.2
1106	1.5
1107	0.2
1108	2.9
1109	115.7
1110	0.2
1111	0.3
1112	181.8
1113	146.4
1114	133.6
1115	2.4
1116	1.6
1117	155.2
1118	1.8
1119	2.9
1120	4.1
1121	2.9
1122	2.8
1123	2.7
1124	112.2
1125	2.1
1126	163.9
1127	1.5
1128	162.5
1129	191.5
1130	3.2
1131	0.1
1132	155.6
1133	165.5
1134	2.1
1135	0
1136	0.1
1137	2.8
1138	2
1139	1.6
1140	116
1141	3.5
1142	0
1143	174.4
1144	2.8
1145	3.4
1146	2.4
1147	1.8
1148	147.5
1149	2.1
1150	1.2
1151	1.9
1152	165.8
1153	157.5
1154	0
1155	0
1156	100
1157	1.5
1158	0
1159	113.8
1160	6
1161	0.1
1162	4
1163	3.2
1164	125.7
1165	0
1166	163.6
1167	154.9
1168	120.7
1169	162.8
1170	108.3
1171	3.7
1172	126.4
1173	2.5
1174	163.7
1175	2.5
1176	84.5
1177	0
1178	2.6
1179	162
1180	2.3
1181	3.3
1182	2.2
1183	0.1
1184	0
1185	151.1
1186	125.9
1187	1.4
1188	2.2
1189	4.3
1190	2.2
1191	144.8
1192	2.2
1193	133
1194	3.4
1195	140.1
1196	2.4
1197	0
1198	0.1
1199	113.1
1200	29.4
1201	4.9
1202	3.2
1203	0
1204	1.8
1205	2.7
1206	0.1
1207	2
1208	0.2
1209	3.7
1210	147
1211	168.2
1212	0
1213	143.3
1214	106.7
1215	3.7
1216	147.8
1217	139.3
1218	0.1
1219	0.2
1220	106.3
1221	2.5
1222	2
1223	5.5
1224	3.3
1225	147
1226	109.2
1227	141.7
1228	2.9
1229	3.2
1230	141.4
1231	0.1
1232	125.6
1233	2.6
1234	3
1235	2.9
1236	0.1
1237	142.1
1238	156.3
1239	0.1
1240	3.1
1241	112.3
1242	137.2
1243	3.3
1244	4.5
1245	109.5
1246	114.7
1247	116.9
1248	37.7
1249	190.3
1250	118.6
1251	2.5
1252	0
1253	2.7
1254	2
1255	0
1256	99.3
1257	3.5
1258	3.4
1259	0.1
1260	115.6
1261	136.8
1262	0.2
1263	3.1
1264	2.5
1265	189
1266	115.9
1267	0
1268	138.7
1269	39.2
1270	120.3
1271	4.3
1272	1.3
1273	2.5
1274	120.5
1275	3.9
1276	99.1
1277	122.1
1278	164.6
1279	32
1280	0.1
1281	4.3
1282	0.1
1283	244.6
1284	45.8
1285	1.9
1286	235.2
1287	2.2
1288	2.5
1289	125.6
1290	3.5
1291	135.9
1292	3.4
1293	29.1
1294	1.9
1295	171.3
1296	0.2
1297	44.6
1298	101.5
1299	5.3
1300	4.3
1301	0.1
1302	2.8
1303	4.5
1304	53.4
1305	260.8
1306	0
1307	166.5
1308	4.9
1309	0
1310	136.9
1311	112.9
1312	138.4
1313	5.1
1314	164
1315	0
1316	130.6
1317	105.5
1318	5.4
1319	115.5
1320	104
1321	0.1
1322	0.1
1323	0
1324	2.6
1325	99.6
1326	0.1
1327	0.1
1328	127.5
1329	47.9
1330	153.9
1331	103.8
1332	29.4
1333	97.9
1334	152.6
1335	5.8
1336	105.6
1337	0.2
1338	0.1
1339	5.3
1340	1.7
1341	149.3
1342	135.9
1343	0
1344	0
1345	5.6
1346	0.1
1347	153.8
1348	94.1
1349	3
1350	0
1351	98.5
1352	41.9
1353	149.2
1354	0
1355	95.3
1356	35.7
1357	101.9
1358	92.5
1359	3
1360	0.2
1361	2.5
1362	91.3
1363	0.1
1364	0.9
1365	145.2
1366	0.1
1367	0
1368	101.3
1369	0.1
1370	2.4
1371	0.2
1372	1.3
1373	73.2
1374	0.7
1375	152.4
1376	42.8
1377	1.6
1378	2.6
1379	3.2
1380	132.2
1381	0
1382	84.9
1383	0.2
1384	1.1
1385	39.1
1386	110.9
1387	0.2
1388	0.1
1389	0.1
1390	97.8
1391	177.1
1392	123.4
1393	0.1
1394	0.2
1395	130.5
1396	0
1397	191
1398	0.2
1399	0.1
1400	98.7
1401	0.2
1402	0.2
1403	148
1404	1.9
1405	0.4
1406	0.2
1407	0.1
1408	0.1
1409	209.9
1410	0.1
1411	142.7
1412	0.5
1413	144.1
1414	1.5
1415	221.2
1416	94.5
1417	0.1
1418	151.1
1419	0.1
1420	1.6
1421	0.1
1422	0.6
1423	72.6
1424	109.1
1425	0.1
1426	151.8
1427	1.1
1428	0.2
1429	0.2
1430	88.6
1431	146.6
1432	0.2
1433	88.7
1434	0.2
1435	94.5
1436	0.1
1437	0.1
1438	0.1
1439	1.4
1440	97
1441	93.4
1442	0.1
1443	98.5
1444	0.2
1445	0.2
1446	192.5
1447	0.2
1448	185.2
1449	0.1
1450	0.7
1451	0.1
1452	0.1
1453	170
1454	70.2
1455	0.6
1456	0.2
1457	150.7
1458	93.8
1459	2
1460	0.2
1461	103.2
1462	0
1463	0.1
1464	0.1
1465	0.2
1466	185.9
1467	0.1
1468	0.1
1469	93.9
1470	207.6
1471	0.1
1472	0.1
1473	170.7
1474	0.8
1475	181.6
1476	0.1
1477	0.6
1478	174.8
1479	110.4
1480	0.1
1481	86.1
1482	94.6
1483	0.1
1484	0.4
1485	86.1
1486	0.1
1487	0.1
1488	162.5
1489	74
1490	0.2
1491	100.1
1492	110.8
1493	159.6
1494	194.2
1495	0.1
1496	87.7
1497	101.1
1498	0.1
1499	95.3
1500	2
1501	116.8
1502	183.4
1503	0.2
1504	0.1
1505	96.9
1506	174.9
1507	0.3
1508	0.6
1509	86.7
1510	0.2
1511	0.4
1512	0.2
1513	128
1514	0.2
1515	0.1
1516	0.1
1517	111.3
1518	0.2
1519	105.3
1520	0.2
1521	0.1
1522	0.2
1523	0.1
1524	0.1
1525	0.2
1526	0.1
1527	94.9
1528	0.1
1529	112.3
1530	204.7
1531	0.3
1532	0.8
1533	0.6
1534	139.6
1535	38.8
1536	146.9
1537	0.1
1538	60.3
1539	0.4
1540	0.2
1541	0.1
1542	0.1
1543	92.7
1544	0.1
1545	0.1
1546	47.2
1547	139.9
1548	0
1549	0.1
1550	0.1
1551	0.1
1552	99.2
1553	163.7
1554	107.9
1555	160.8
1556	110.2
1557	0.7
1558	0.2
1559	87.7
1560	1.4
1561	0.1
1562	0.3
1563	1.6
1564	0
1565	107.7
1566	0.9
1567	0
1568	0.1
1569	162
1570	99.9
1571	0
1572	0.3
1573	143.1
1574	0.6
1575	165.9
1576	142.8
1577	133.3
1578	0
1579	0.1
1580	115.6
1581	122.8
1582	96.4
1583	120.7
1584	43.1
1585	131
1586	95.1
1587	0.2
1588	122.7
1589	0.7
1590	2.4
1591	0
1592	125.3
1593	1
1594	102.3
1595	114.6
1596	159.7
1597	0.1
1598	109.3
1599	215.9
1600	143.3
1601	80.8
1602	124.6
1603	116.8
1604	168.4
1605	4.6
1606	0.1
1607	0.3
1608	101.6
1609	0.1
1610	135.3
1611	2.3
1612	103.8
1613	206.3
1614	94.4
1615	150.2
1616	182.8
1617	0.1
1618	182.9
1619	3.2
1620	151.5
1621	127.7
1622	240.9
1623	0.1
1624	109.6
1625	160.5
1626	224
1627	0.4
1628	162.9
1629	0.1
1630	212.2
1631	114.8
1632	111.4
1633	0
1634	124.4
1635	126.5
1636	200.7
1637	246.6
1638	161
1639	2.9
1640	0
1641	171
1642	104
1643	223.1
1644	0.2
1645	93.3
1646	202.1
1647	0.2
1648	2.9
1649	0.6
1650	2.4
1651	140.3
1652	186.3
1653	1.2
1654	176.7
1655	149.2
1656	234.9
1657	93.7
1658	278.7
1659	258.1
1660	164.3
1661	4.4
1662	0.5
1663	174.5
1664	2.9
1665	0.8
1666	253.4
1667	120.3
1668	222.1
1669	123.6
1670	7
1671	147.5
1672	154.9
1673	158.3
1674	205.9
1675	195.1
1676	6.3
1677	18.1
1678	1.2
1679	117
1680	175.3
1681	136.8
1682	0.7
1683	93.1
1684	187.4
1685	99.4
1686	108.1
1687	123
1688	170.4
1689	8.8
1690	189.9
1691	6.5
1692	130
1693	18.7
1694	118.3
1695	155.6
1696	0.2
1697	158.1
1698	0.7
1699	3
1700	132.8
1701	123.5
1702	162.1
1703	141.5
1704	0.2
1705	1.6
1706	192
1707	0.5
1708	0.5
1709	196.4
1710	7.4
1711	2.2
1712	169.4
1713	108.5
1714	145.8
1715	144.6
1716	86
1717	229.4
1718	3.7
1719	105.1
1720	112.6
1721	194.4
1722	82.1
1723	127.6
1724	94.8
1725	245.4
1726	117.4
1727	156.8
1728	136.6
1729	22.7
1730	101.8
1731	5
1732	124.1
1733	212.2
1734	11.4
1735	116.9
1736	0.6
1737	198.8
1738	81.6
1739	185
1740	0.6
1741	20.9
1742	2.8
1743	97.7
1744	157.6
1745	124.7
1746	124.4
1747	140.3
1748	160.5
1749	133.7
1750	89.6
1751	96.8
1752	112.4
1753	144.1
1754	212.4
1755	99.6
1756	193.2
1757	133.4
1758	161.4
1759	102
1760	154
1761	152.8
1762	155.4
1763	122.1
1764	215.6
1765	6.4
1766	162.5
1767	140.6
1768	0.6
1769	149.8
1770	132
1771	163.9
1772	0.9
1773	157.8
1774	128.4
1775	0.1
1776	118.8
1777	151.7
1778	2
1779	3.6
1780	1
1781	158.2
1782	142.5
1783	127.7
1784	125.4
1785	109.1
1786	138.7
1787	155.8
1788	146.8
1789	113.2
1790	1.9
1791	115.4
1792	76.8
1793	173.2
1794	96.1
1795	118.1
1796	145.7
1797	247.8
1798	88.1
1799	0
1800	156.3
1801	174.5
1802	158.1
1803	0.4
1804	176.1
1805	4.7
1806	128.9
1807	167.1
1808	144.4
1809	148.6
1810	206.6
1811	81.6
1812	0
1813	158.9
1814	119.5
1815	108.6
1816	182.8
1817	160.1
1818	160.2
1819	125.6
1820	223.9
1821	167.6
1822	131.1
1823	90.8
1824	0.1
1825	233.3
1826	176.6
1827	100.2
1828	102.7
1829	127.8
1830	0.5
1831	102.8
1832	0
1833	121.7
1834	0
1835	117
1836	120.7
1837	0.1
1838	0
1839	247.4
1840	119.9
1841	108.4
1842	100.5
1843	245.9
1844	129.1
1845	84.4
1846	0
1847	93.8
1848	246.1
1849	214.5
1850	225
1851	115.4
1852	84.7
1853	194.4
1854	203.1
1855	183.3
1856	111.7
1857	0
1858	167.7
1859	84.9
1860	137.8
1861	0
1862	113
1863	0
1864	139.7
1865	124.7
1866	202
1867	0.1
1868	165.3
1869	140.6
1870	48.9
1871	139.2
1872	123.6
1873	160.9
1874	163.9
1875	0.1
1876	123.8
1877	0
1878	0
1879	154.1
1880	227
1881	167.1
1882	0.1
1883	163
1884	143
1885	140.8
1886	118.7
1887	0.1
1888	201
1889	0.3
1890	175.6
1891	44.1
1892	207
1893	118.2
1894	138.5
1895	152.8
1896	132.1
1897	117.8
1898	197.9
1899	163.9
1900	0
1901	145.9
1902	130.8
1903	294.3
1904	172.7
1905	118.8
1906	0.1
1907	0
1908	84.7
1909	37.3
1910	32.3
1911	188
1912	132.8
1913	0
1914	87.9
1915	0.1
1916	120.8
1917	130.4
1918	89.6
1919	0.1
1920	0.1
1921	294.2
1922	0.6
1923	0
1924	0.1
1925	189.7
1926	124.2
1927	153.4
1928	109.7
1929	0
1930	0
1931	0
1932	82.3
1933	148
1934	77.2
1935	0.1
1936	320.9
1937	0.1
1938	136.6
1939	104.8
1940	0
1941	151.3
1942	49.6
1943	0.2
1944	301.6
1945	0
1946	0.4
1947	0.6
1948	0
1949	119.2
1950	126.7
1951	0.1
1952	50.7
1953	66.8
1954	0.4
1955	38.3
1956	170.7
1957	174.9
1958	0.1
1959	46
1960	126.1
1961	57.2
1962	137.1
1963	0.1
1964	0.3
1965	0.7
1966	88.8
1967	31.3
1968	57.9
1969	0
1970	155.8
1971	0.8
1972	0.3
1973	0.2
1974	138.2
1975	48.2
1976	25.4
1977	40.9
1978	195.4
1979	183
1980	0.1
1981	135.7
1982	120.5
1983	0.7
1984	0.6
1985	61
1986	43.2
1987	167.3
1988	47.2
1989	192.4
1990	94.9
1991	0.1
1992	0
1993	41.2
1994	173.3
1995	128.7
1996	0.2
1997	24.9
1998	201.5
1999	0
2000	90
2001	155.8
2002	44.6
2003	39.2
2004	0.1
2005	0.3
2006	43.7
2007	0.8
2008	17.1
2009	0.1
2010	19.5
2011	221.8
2012	0.2
2013	41.1
2014	131.3
2015	35.2
2016	0.2
2017	0
2018	63.4
2019	0.2
2020	0.2
2021	32.6
2022	38.6
2023	44
2024	105.4
2025	189.5
2026	0.1
2027	42.7
2028	257.7
2029	105.9
2030	0.4
2031	50.6
2032	7.3
2033	0.3
2034	0.1
2035	36.2
2036	96.2
2037	124.8
2038	135.5
2039	0.1
2040	0.1
2041	193.2
2042	42.3
2043	125.1
2044	248.4
2045	0.1
2046	0.2
2047	43.3
2048	0.1
2049	0.1
2050	271.2
2051	23.9
2052	0.4
2053	27.3
2054	40.7
2055	49
2056	120
2057	80.7
2058	195.2
2059	0.1
2060	44.5
2061	6.4
2062	227.8
2063	0.1
2064	33.5
2065	0.2
2066	0.1
2067	56.6
2068	0.1
2069	165.3
2070	16
2071	53.5
2072	0.1
2073	64.4
2074	197.6
2075	0.1
2076	113.1
2077	0.1
2078	180.4
2079	0.3
2080	0.1
2081	189
2082	0.5
2083	32.7
2084	106.6
2085	0.1
2086	52.8
2087	0
2088	326
2089	50.8
2090	245.4
2091	47.2
2092	63.1
2093	118.3
2094	0
2095	35.5
2096	0.4
2097	28.7
2098	89.3
2099	70.6
2100	128.1
2101	0
2102	91.4
2103	0.1
2104	0
2105	0.3
2106	0.1
2107	0.1
2108	71.8
2109	0
2110	0.1
2111	0
2112	204.3
2113	79.3
2114	0.1
2115	93.1
2116	97.3
2117	71.6
2118	35.7
2119	19.9
2120	111.5
2121	21.1
2122	117.1
2123	0.1
2124	92.3
2125	49.3
2126	0.1
2127	17.4
2128	0.1
2129	0
2130	0.1
2131	76.2
2132	100.4
2133	0.2
2134	0.1
2135	13.4
2136	193.4
2137	21.3
2138	27.5
2139	100.8
2140	0.1
2141	114.5
2142	62.7
2143	0.1
2144	0
2145	100
2146	23.8
2147	28.4
2148	109.1
2149	0.1
2150	37.6
2151	0.1
2152	141.6
2153	325.4
2154	134.4
2155	0.1
2156	0
2157	0.2
2158	28.2
2159	20.2
2160	352.3
2161	0
2162	0.1
2163	118.9
2164	0.1
2165	28.2
2166	0.2
2167	0.1
2168	0.1
2169	104.8
2170	0
2171	0.1
2172	0
2173	63.8
2174	0
2175	11.3
2176	0.1
2177	237
2178	33.3
2179	0.1
2180	27.4
2181	344.4
2182	0.1
2183	0
2184	0.1
2185	110.1
2186	6.8
2187	22.1
2188	0
2189	0.1
2190	25.2
2191	0.1
2192	0
2193	0
2194	121
2195	23.6
2196	0.1
2197	214.5
2198	0
2199	345.1
2200	0
2201	5.3
2202	20.9
2203	0.2
2204	0.1
2205	0.3
2206	35
2207	23.5
2208	22.4
2209	0.1
2210	358
2211	0.3
2212	55.6
2213	133.9
2214	0
2215	31.7
2216	20.6
2217	0.1
2218	0
2219	202.2
2220	16.3
2221	0
2222	257.6
2223	0
2224	0.5
2225	42.5
2226	19
2227	290.5
2228	0.2
2229	0.3
2230	59.5
2231	0
2232	55
2233	0
2234	188.2
2235	0.4
2236	0.1
2237	0.4
2238	0.3
2239	24.3
2240	0.3
2241	45.7
2242	0.1
2243	0.3
2244	0.2
2245	265.5
2246	0
2247	0.1
2248	302.4
2249	55
2250	0.1
2251	13.7
2252	155.8
2253	0.1
2254	25.1
2255	0.2
2256	141.8
2257	17.1
2258	0
2259	246.8
2260	0
2261	0.1
2262	0.1
2263	377.5
2264	370.9
2265	272.8
2266	0.3
2267	0.3
2268	77.3
2269	30.8
2270	0.2
2271	96.7
2272	0.3
2273	23.7
2274	0.1
2275	131.4
2276	29.2
2277	0.3
2278	0.2
2279	0.1
2280	0.2
2281	0.3
2282	532.2
2283	39.5
2284	0.2
2285	334.7
2286	110
2287	20.8
2288	125.7
2289	0.3
2290	0.4
2291	0.1
2292	384.4
2293	21.4
2294	39.8
2295	158.8
2296	169.4
2297	516.4
2298	0.1
2299	17.2
2300	0.1
2301	0.2
2302	0.2
2303	0.2
2304	0.2
2305	0
2306	105.4
2307	270
2308	0.2
2309	103
2310	500.6
2311	0.7
2312	0.4
2313	0.3
2314	0.5
2315	0.9
2316	0.1
2317	463
2318	0
2319	0
2320	178.9
2321	171.7
2322	0.6
2323	0.3
2324	460.3
2325	152.4
2326	110.5
2327	0.2
2328	343.4
2329	0.3
2330	0.5
2331	0.6
2332	43.7
2333	0.5
2334	147.3
2335	0.7
2336	94.5
2337	0.7
2338	126.4
2339	52.8
2340	191.9
2341	107
2342	0.4
2343	80
2344	0.7
2345	102.5
2346	97.5
2347	0.1
2348	0.8
2349	95.5
2350	0.4
2351	126
2352	0.3
2353	79.7
2354	0.8
2355	95.1
2356	0.7
2357	0.9
2358	45.2
2359	128.6
2360	82.1
2361	81.7
2362	61.1
2363	164.8
2364	57.5
2365	86.4
2366	1.1
2367	0.8
2368	101.5
2369	46.4
2370	99
2371	0.7
2372	53.5
2373	129.8
2374	23.3
2375	1.1
2376	0.8
2377	155.8
2378	88.8
2379	80.1
2380	85.4
2381	56.6
2382	136.5
2383	1.1
2384	1.5
2385	12.8
2386	0.6
2387	0.4
2388	74.1
2389	102.1
2390	31.1
2391	41.2
2392	133.7
2393	1.8
2394	95
2395	43.7
2396	84.5
2397	2.1
2398	11.7
2399	118.5
2400	1.9
2401	103.4
2402	133.6
2403	65.6
2404	23
2405	49
2406	61.4
2407	1.5
2408	118.5
2409	127.9
2410	109.9
2411	168.2
2412	195.2
2413	1.1
2414	22.5
2415	165.4
2416	81.6
2417	75.6
2418	122.9
2419	80.4
2420	108.3
2421	2.9
2422	57.8
2423	84
2424	137.9
2425	18.8
2426	1.6
2427	1
2428	131.1
2429	4.8
2430	3.1
2431	77.4
2432	1.4
2433	138.8
2434	19.8
2435	0.7
2436	1.7
2437	16.9
2438	98.1
2439	227.2
2440	119.6
2441	3.3
2442	60.6
2443	62.3
2444	110.3
2445	83.1
2446	20.4
2447	92.2
2448	412
2449	2.5
2450	1.1
2451	69.3
2452	78.9
2453	395.3
2454	4.2
2455	3.9
2456	347.2
2457	2.7
2458	62.1
2459	94.5
2460	13
2461	372.9
2462	164
2463	17.5
2464	455
2465	2.8
2466	2.9
2467	85.2
2468	117
2469	96.4
2470	411.1
2471	81.3
2472	100.2
2473	16
2474	226.4
2475	63.4
2476	4
2477	96.8
2478	67.9
2479	4.1
2480	97.5
2481	103.8
2482	12.2
2483	3.9
2484	380.2
2485	125.3
2486	87.2
2487	4.2
2488	102.9
2489	385.8
2490	106.4
2491	13.6
2492	346.4
2493	3.3
2494	66.9
2495	63.6
2496	12.4
2497	91.2
2498	112.6
2499	13.4
2500	315.8
2501	101.6
2502	122
2503	46.9
2504	103.3
2505	232.9
2506	77.4
2507	1.9
2508	161.5
2509	4.8
2510	151.6
2511	567.8
2512	194.6
2513	94.1
2514	126.4
2515	122.5
2516	0.5
2517	14.8
2518	38.5
2519	74.1
2520	342.8
2521	127.4
2522	720.3
2523	16.4
2524	1.7
2525	35.3
2526	113.5
2527	103.8
2528	78.5
2529	90.2
2530	99.9
2531	103.2
2532	107
2533	262.2
2534	42.3
2535	120.5
2536	236.9
2537	49.5
2538	463.5
2539	529.2
2540	244.1
2541	353.8
2542	162
2543	104.3
2544	42.5
2545	164.9
2546	142.3
2547	103.3
2548	182.4
2549	154
2550	2.7
2551	32.3
2552	677.6
2553	112.1
2554	335.3
2555	112.3
2556	129.4
2557	109.1
2558	57.5
2559	78.6
2560	647.7
2561	94.8
2562	711.1
2563	215.9
2564	318.9
2565	277.4
2566	15.8
2567	164.6
2568	848.7
2569	113
2570	49.6
2571	19.1
2572	1
2573	3.1
2574	121.2
2575	42.2
2576	81.7
2577	109.5
2578	106.2
2579	97.3
2580	1.4
2581	297.5
2582	579.5
2583	223
2584	2.9
2585	366.7
2586	480.2
2587	103.3
2588	89.2
2589	121.9
2590	85.1
2591	110.7
2592	131.6
2593	97.5
2594	41.5
2595	2.7
2596	521.3
2597	118.5
2598	631.9
2599	86
2600	87.3
2601	102.7
2602	271.4
2603	98.6
2604	578.6
2605	136.8
2606	24
2607	401.4
2608	88.6
2609	246.5
2610	5.2
2611	257
2612	102.2
2613	95.8
2614	283.2
2615	51
2616	279.1
2617	652
2618	107.4
2619	1.8
2620	522.6
2621	38
2622	132.4
2623	334.6
2624	102.3
2625	423.2
2626	31.2
2627	137.8
2628	54.4
2629	2.2
2630	155.8
2631	110.6
2632	242.9
2633	120.2
2634	134.3
2635	123.1
2636	217.6
2637	1.4
2638	86.5
2639	109.3
2640	77.3
2641	102.1
2642	204.4
2643	588.6
2644	51.1
2645	589.1
2646	97.8
2647	34.8
2648	203.5
2649	94.3
2650	324.3
2651	1
2652	83.5
2653	170.8
2654	48.5
2655	100.5
2656	189.6
2657	33.4
2658	148.5
2659	177.1
2660	617.2
2661	274.7
2662	458.4
2663	99.4
2664	118
2665	81.2
2666	112.7
2667	13.8
2668	114.1
2669	149.5
2670	428
2671	157.7
2672	187.5
2673	0.9
2674	30.8
2675	77.3
2676	4.8
2677	424.5
2678	204.4
2679	57.7
2680	111
2681	281.7
2682	319.4
2683	117.5
2684	138.2
2685	151.6
2686	165.5
2687	188.4
2688	321.6
2689	365.3
2690	269.4
2691	336.9
2692	3.7
2693	346.6
2694	140
2695	1.3
2696	153.6
2697	1.4
2698	291.4
2699	50.1
2700	161.2
2701	7.4
2702	263
2703	134.6
2704	6.3
2705	136.8
2706	148
2707	29.8
2708	245.8
2709	174.6
2710	273
2711	137.6
2712	0.3
2713	73.2
2714	317.9
2715	127.8
2716	233.1
2717	328.2
2718	162.6
2719	124
2720	254.8
2721	89.6
2722	416.7
2723	142.1
2724	57
2725	190.6
2726	68.7
2727	203.3
2728	166.6
2729	156.8
2730	398.6
2731	0.3
2732	196
2733	139.4
2734	382.7
2735	150.7
2736	13.2
2737	65.5
2738	159.7
2739	69.3
2740	317.2
2741	160.9
2742	112.8
2743	66.9
2744	144.7
2745	55.3
2746	16.5
2747	90.9
2748	0.7
2749	145.2
2750	169
2751	235
2752	139.7
2753	164.1
2754	213.8
2755	73.6
2756	68.3
2757	139.9
2758	385.6
2759	75.1
2760	82
2761	65
2762	144.6
2763	90.8
2764	379
2765	271.7
2766	186.2
2767	18.6
2768	119.9
2769	67.8
2770	114.1
2771	318.7
2772	83.2
2773	30.9
2774	359.7
2775	490.9
2776	124.1
2777	158.2
2778	641
2779	116.9
2780	27.1
2781	163.4
2782	52.3
2783	144.1
2784	128.4
2785	69.3
2786	66.1
2787	220.3
2788	74
2789	521.5
2790	196.4
2791	287.8
2792	797.7
2793	276.1
2794	152
2795	69
2796	73.1
2797	460.3
2798	262.5
2799	127
2800	573
2801	373.5
2802	338.9
2803	64.3
2804	27.3
2805	605.8
2806	122
2807	486.8
2808	412.1
2809	210.5
2810	14.4
2811	762.4
2812	83
2813	98.8
2814	146.5
2815	796.2
2816	63.6
2817	78
2818	175.4
2819	151.3
2820	333.2
2821	303.2
2822	142.6
2823	177.9
2824	42.4
2825	84.5
2826	49.8
2827	26.9
2828	97.7
2829	50.6
2830	166.4
2831	236.7
2832	246.3
2833	66.6
2834	341.9
2835	213.8
2836	160.3
2837	222.5
2838	278.7
2839	330.5
2840	331.3
2841	340.4
2842	118.4
2843	87.4
2844	33.3
2845	94.9
2846	13.7
2847	509.9
2848	437
2849	403.4
2850	538.4
2851	98.9
2852	157.5
2853	167.6
2854	357.6
2855	106.5
2856	168.2
2857	132.1
2858	224.1
2859	129.4
2860	82.4
2861	308.3
2862	79.9
2863	44.5
2864	100.8
2865	544.9
2866	328.8
2867	156.6
2868	67.9
2869	148.5
2870	105
2871	379.7
2872	274.7
2873	254.7
2874	28.2
2875	120.8
2876	20.3
2877	155.9
2878	107.3
2879	36.1
2880	159.4
2881	148
2882	610.6
2883	93.1
2884	116.7
2885	81.5
2886	177.3
2887	50.8
2888	19.1
2889	47.8
2890	60.2
2891	494
2892	533.5
2893	202.8
2894	120.8
2895	264.7
2896	18.7
2897	242.8
2898	114.1
2899	230.3
2900	108.5
2901	40.3
2902	248.8
2903	299.7
2904	28
2905	94.3
2906	350.9
2907	96.3
2908	173.5
2909	659.9
2910	84.4
2911	243
2912	219
2913	646.9
2914	521
2915	55.6
2916	285.3
2917	69.5
2918	220.9
2919	40.6
2920	50.7
2921	225.5
2922	81.1
2923	101.4
2924	142.7
2925	385.9
2926	92.2
2927	32.2
2928	125.8
2929	77.3
2930	239.7
2931	179.6
2932	191.6
2933	190.5
2934	29.8
2935	181.3
2936	34.6
2937	73.8
2938	38.4
2939	167.1
2940	33.8
2941	108.1
2942	35.4
2943	620.3
2944	34.7
2945	164.2
2946	218.3
2947	182
2948	234.8
2949	183.8
2950	70.4
2951	253.9
2952	178.1
2953	587.7
2954	164.7
2955	384.4
2956	131.2
2957	87.5
2958	231.8
2959	41.9
2960	131.3
2961	196.7
2962	164.4
2963	120.2
2964	424.6
2965	71.2
2966	273
2967	282.5
2968	129.9
2969	41.5
2970	32.5
2971	114.5
2972	111.2
2973	30.7
2974	180.3
2975	234.5
2976	129.8
2977	89.6
2978	111.3
2979	219.3
2980	165
2981	203.1
2982	268.8
2983	173.8
2984	166.7
2985	121.9
2986	183.4
2987	112.2
2988	160.5
2989	30.9
2990	67.3
2991	268.3
2992	127.3
2993	179.3
2994	166.4
2995	197.1
2996	259.5
2997	171.5
2998	70.6
2999	232.8
3000	82.2
3001	46
3002	173.6
3003	122.3
3004	78.8
3005	110
3006	170.9
3007	140.5
3008	191.5
3009	83.2
3010	30
3011	195
3012	146.4
3013	233.1
3014	74.2
3015	66.5
3016	131.4
3017	363.2
3018	109.7
3019	45.9
3020	83.2
3021	88.1
3022	37.9
3023	78.6
3024	176.3
3025	79
3026	241.3
3027	240.8
3028	125
3029	212.5
3030	35.4
3031	158.2
3032	124
3033	39
3034	140.1
3035	97.3
3036	35
3037	129.4
3038	46.4
3039	112.6
3040	267.9
3041	177.1
3042	149.5
3043	211.4
3044	76.1
3045	235.2
3046	31.8
3047	43.1
3048	162.3
3049	89.9
3050	319.5
3051	103.5
3052	136.6
3053	271.8
3054	68.6
3055	78
3056	160.2
3057	41.7
3058	194.6
3059	108.4
3060	27.6
3061	34.3
3062	53.3
3063	306.8
3064	266.8
3065	36.7
3066	119.1
3067	34.8
3068	141
3069	63.8
3070	140.3
3071	165.6
3072	91.3
3073	11.6
3074	218.3
3075	137.9
3076	134.2
3077	111.4
3078	102.9
3079	205.2
3080	182.2
3081	25.3
3082	37.3
3083	414.8
3084	33.7
3085	111.5
3086	71.3
3087	451.5
3088	156.3
3089	522
3090	115.4
3091	45.3
3092	13.1
3093	153.6
3094	12.3
3095	25.5
3096	140
3097	15
3098	530.4
3099	18.9
3100	156.2
3101	10.6
3102	88.5
3103	220.1
3104	201.3
3105	40.5
3106	226.6
3107	293.5
3108	25
3109	93.1
3110	19.8
3111	465.5
3112	10.3
3113	345.7
3114	62.9
3115	41.4
3116	81
3117	34.3
3118	196.4
3119	275.2
3120	10.6
3121	343.8
3122	11.7
3123	347.5
3124	16.9
3125	35.7
3126	11.3
3127	9.9
3128	23.6
3129	16.6
3130	24.4
3131	182.8
3132	219.2
3133	370.5
3134	329.2
3135	12.7
3136	399.7
3137	11.3
3138	18.6
3139	233.5
3140	119.8
3141	20
3142	137.3
3143	275.9
3144	31.4
3145	10.8
3146	15.7
3147	11.1
3148	22.1
3149	16.4
3150	11.3
3151	341.7
3152	227.8
3153	277.7
3154	127.8
3155	102
3156	49.3
3157	36.4
3158	11.4
3159	125.1
3160	11.6
3161	295.4
3162	276.4
3163	15.6
3164	12.1
3165	29.6
3166	216.5
3167	24.4
3168	289.6
3169	14.7
3170	220.9
3171	15.5
3172	271.5
3173	13.1
3174	70.8
3175	138.7
3176	13.1
3177	14.1
3178	15.2
3179	18.7
3180	11.3
3181	25.3
3182	187
3183	150.7
3184	352
3185	327
3186	48.3
3187	121.2
3188	112.8
3189	42.5
3190	13.5
3191	13
3192	122.4
3193	5.7
3194	177.1
3195	253.3
3196	4.5
3197	24.9
3198	27.3
3199	104.8
3200	15.5
3201	12.6
3202	194.2
3203	167.7
3204	23.7
3205	228.1
3206	13.9
3207	7.3
3208	12.6
3209	5.6
3210	280.8
3211	288.6
3212	116.3
3213	21.1
3214	13.1
3215	5.1
3216	14.9
3217	17.3
3218	256.4
3219	217.8
3220	24.6
3221	12.8
3222	277.8
3223	11.2
3224	167.6
3225	14.7
3226	160.7
3227	15.3
3228	5.4
3229	6.6
3230	26.1
3231	4.5
3232	13.8
3233	13.7
3234	126.5
3235	209
3236	270
3237	13.4
3238	207
3239	5.8
3240	36.1
3241	18.6
3242	4.5
3243	221.3
3244	7.9
3245	23.2
3246	18
3247	5.5
3248	12.4
3249	14.8
3250	32.5
3251	165.9
3252	256.8
3253	6.7
3254	185.9
3255	15.6
3256	15.6
3257	221.7
3258	7
3259	27.5
3260	12.7
3261	8.3
3262	96.7
3263	15.2
3264	13.1
3265	13.2
3266	4.3
3267	35
3268	111.1
3269	163.8
3270	4.1
3271	12.3
3272	101.4
3273	12
3274	180.9
3275	7.1
3276	10.8
3277	4.2
3278	81.3
3279	16.9
3280	16.1
3281	20.1
3282	12.8
3283	46.2
3284	5.4
3285	11.2
3286	158.1
3287	14.7
3288	15.9
3289	6
3290	14.9
3291	102.6
3292	11.5
3293	12.9
3294	15.2
3295	15.9
3296	12.1
3297	12.5
3298	26.5
3299	9.5
3300	45.1
3301	12
3302	16.8
3303	95.1
3304	23.4
3305	54.5
3306	9.4
3307	13.3
3308	62.7
3309	7
3310	11.3
3311	11.5
3312	23.8
3313	9.6
3314	10.9
3315	6.4
3316	41.1
3317	11.8
3318	24.5
3319	10.7
3320	9.8
3321	7
3322	11.6
3323	10.1
3324	8.7
3325	11.3
3326	7.2
3327	10.2
3328	12.1
3329	8.8
3330	20.1
3331	16.1
3332	18.2
3333	10.4
3334	11.2
3335	43.3
3336	6.3
3337	10.2
3338	13.5
3339	12.2
3340	12.9
3341	26.9
3342	6
3343	12.9
3344	10.4
3345	10.3
3346	17
3347	9.6
3348	10.7
3349	5.7
3350	35.1
3351	16.9
3352	31.7
3353	16.6
3354	9.2
3355	18.7
3356	21
3357	8.7
3358	14.5
3359	17.5
3360	28.3
3361	9.4
3362	5.8
3363	15.2
3364	8.9
3365	17.3
3366	19.8
3367	22.5
3368	12.7
3369	19.6
3370	9.9
3371	17.6
3372	17.2
3373	22.9
3374	19.1
3375	6.2
3376	17.4
3377	5.9
3378	5.7
3379	10.4
3380	14.7
3381	14.1
3382	6
3383	24.2
3384	13.6
3385	13.9
3386	14
3387	6.1
3388	5.8
3389	15.9
3390	17.2
3391	15.9
3392	16.4
3393	5.7
3394	14.2
3395	13
3396	15.2
3397	13.4
3398	10.6
3399	9
3400	173.7
3401	272.5
3402	181
3403	108.8
3404	103.5
3405	113.9
3406	122.5
3407	135.8
3408	130.8
3409	143.9
3410	0
3411	0
3412	162.9
3413	165.7
3414	168.6
3415	102.7
3416	3.9
3417	147.9
3418	107.3
3419	0
3420	2.9
3421	0
3422	127.9
3423	113.1
3424	106.9
3425	191.9
3426	157.6
3427	2.8
3428	50.1
3429	219.9
3430	40.9
3431	168.9
3432	210.5
3433	96.2
3434	127.1
3435	0
3436	215.2
3437	110.1
3438	0.1
3439	0.1
3440	126.3
3441	198.4
3442	0.4
3443	92.6
3444	106.4
3445	0
3446	0.2
3447	0.1
3448	1.1
3449	105.9
3450	0.1
3451	168.4
3452	149.1
3453	150.7
3454	109.5
3455	127.7
3456	4.5
3457	107
3458	90.5
3459	1.7
3460	229.7
3461	9.7
3462	150.2
3463	258.9
3464	1.3
3465	5
3466	110.6
3467	117.7
3468	84.4
3469	76.7
3470	131.5
3471	175.4
3472	55.5
3473	169.9
3474	147.4
3475	0
3476	0
3477	155.4
3478	164.3
3479	0.1
3480	143.1
3481	138.4
3482	30.6
3483	20.8
3484	128.8
3485	20
3486	0
3487	211.4
3488	43.6
3489	209.6
3490	174.2
3491	0.2
3492	86
3493	46.6
3494	132
3495	212.3
3496	20.9
3497	23.5
3498	26.8
3499	234
3500	53.6
3501	29
3502	18.8
3503	0.1
3504	0
3505	91.6
3506	309.7
3507	0
3508	128.4
3509	42.9
3510	0.1
3511	110.9
3512	95
3513	92.4
3514	69.3
3515	100.2
3516	68.8
3517	50.8
3518	132
3519	119
3520	4.4
3521	1
3522	474.9
3523	74.7
3524	90.1
3525	81
3526	22.7
3527	93.1
3528	368.3
3529	102.7
3530	105.8
3531	598.4
3532	58.4
3533	2.1
3534	2.4
3535	213.2
3536	308.8
3537	37.4
3538	0.8
3539	265.4
3540	502.4
3541	283.6
3542	563.8
3543	221.4
3544	161.1
3545	471.9
3546	291.7
3547	76.4
3548	510
3549	198.8
3550	122
3551	175.8
3552	80.2
3553	122.5
3554	255.3
3555	321
3556	173.8
3557	34.9
3558	401.2
3559	28.7
3560	168.3
3561	85.7
3562	45.1
3563	208.5
3564	52.2
3565	64.9
3566	37.3
3567	181.8
3568	151.4
3569	209.5
3570	211.4
3571	245.5
3572	33.6
3573	346.2
3574	97.7
3575	54.9
3576	242.3
3577	307.8
3578	236.9
3579	16.7
3580	16
3581	12.1
3582	261.4
3583	14.3
3584	221
3585	14.3
3586	236.9
3587	12.6
3588	9
3589	12.8
3590	6.5
3591	48.9
3592	9
3593	6
3594	12.8
