"COMID"	"Value"
1	0.7
2	6.4
3	1.2
4	1.1
5	0.5
6	0
7	2.7
8	6.8
9	5.6
10	0
11	1.4
12	5.6
13	0.1
14	7.4
15	7
16	5
17	3.9
18	2.3
19	2.5
20	0.9
21	7.8
22	1.3
23	0
24	5.6
25	6.4
26	0.4
27	5.8
28	0.5
29	5
30	0
31	0.8
32	0.4
33	7.4
34	5.6
35	0.8
36	5.6
37	7.1
38	0
39	5.6
40	9.5
41	7.2
42	7.4
43	9.3
44	0.5
45	6.6
46	0.1
47	3.2
48	7.2
49	6.2
50	7.5
51	5.6
52	1.2
53	5.6
54	5.2
55	5.1
56	4.7
57	9.2
58	5.6
59	7
60	5.6
61	5.6
62	5.6
63	2.3
64	5.8
65	5.6
66	1.1
67	6.9
68	3.3
69	1.2
70	1
71	0
72	6.7
73	5.6
74	2.5
75	1
76	1
77	0.2
78	1.1
79	4.9
80	1
81	0.5
82	0.1
83	6.5
84	0
85	4.7
86	3.4
87	5.6
88	5.6
89	1
90	6
91	7.6
92	6.8
93	4.8
94	5.6
95	2.6
96	7.5
97	4.8
98	0
99	1.1
100	4.9
101	2
102	4.4
103	5.6
104	0.1
105	7.5
106	4.8
107	1.3
108	0
109	7.5
110	7.5
111	0
112	4.8
113	1
114	4.8
115	4.2
116	3.5
117	0.6
118	2.5
119	0
120	3.4
121	1
122	4.4
123	0
124	2.5
125	4
126	5.2
127	1.2
128	0.7
129	5.6
130	1
131	2.9
132	1
133	0.6
134	4
135	2.5
136	3.7
137	0.7
138	1
139	1
140	4
141	3.9
142	1
143	0
144	3.4
145	1
146	2.5
147	2.4
148	0.7
149	2.6
150	0.7
151	0.2
152	2.5
153	1
154	2.4
155	0
156	1
157	0.8
158	1
159	3.2
160	4.7
161	1
162	1
163	1.1
164	1
165	0
166	1
167	0.6
168	0
169	0.6
170	4.2
171	3.3
172	1
173	1
174	7.5
175	1.3
176	5.8
177	3.2
178	2.2
179	2.4
180	1
181	0
182	3.4
183	0
184	1
185	1
186	3.7
187	1.8
188	1
189	1
190	3.9
191	1
192	2.3
193	1
194	5.1
195	0
196	1
197	3.2
198	1
199	2.4
200	1
201	1
202	1
203	1
204	1
205	1
206	1.4
207	1
208	4.8
209	2.4
210	3.4
211	2.3
212	0.6
213	2.4
214	1
215	0.5
216	1.9
217	3.1
218	1
219	1.2
220	1
221	0
222	0.5
223	4.7
224	0
225	1.3
226	0.5
227	0
228	2.5
229	1
230	0
231	3.3
232	1.8
233	4.4
234	0.5
235	0
236	2.2
237	1.5
238	1.2
239	0.5
240	3.8
241	0.4
242	0
243	0
244	4.3
245	2.5
246	4.5
247	0
248	0
249	0
250	4.4
251	0.4
252	10.3
253	1.6
254	0
255	0
256	0
257	0
258	0.2
259	0
260	0
261	2.5
262	0.4
263	0
264	0
265	0
266	2.2
267	4.3
268	10
269	4.5
270	0
271	3.6
272	0.4
273	4.3
274	0
275	0.3
276	0
277	1
278	0.4
279	0
280	0.3
281	0.4
282	4
283	1
284	1
285	0
286	0.3
287	10.5
288	1
289	1
290	1
291	9.8
292	1
293	0
294	10.1
295	1
296	3.6
297	3.9
298	0
299	0.4
300	4.1
301	1
302	4.3
303	3.7
304	1
305	4
306	1
307	4.2
308	1.9
309	1
310	3.5
311	4.2
312	3.8
313	3.6
314	1
315	1
316	1
317	0
318	1.1
319	0
320	3.9
321	1
322	3.4
323	3.9
324	1
325	0
326	10
327	1
328	1
329	1
330	0
331	1
332	1
333	1
334	1
335	0.2
336	1
337	0
338	1
339	1
340	1
341	1
342	0
343	1
344	0
345	1
346	0.1
347	1
348	1
349	1
350	1
351	1
352	1
353	2
354	1
355	0
356	1
357	0
358	1
359	0
360	1
361	1
362	1
363	1
364	0
365	1.2
366	6
367	0
368	8.5
369	0
370	2
371	0
372	5.6
373	6.3
374	0
375	7.6
376	0.5
377	1.9
378	6.2
379	0
380	1.7
381	0
382	0
383	2.1
384	0
385	0
386	0
387	27
388	1.4
389	2.7
390	26.5
391	5.6
392	3.1
393	0
394	5.6
395	0
396	0
397	0
398	5.6
399	0.1
400	5.6
401	1.8
402	0
403	0
404	0
405	0
406	7.8
407	0
408	0
409	0
410	15.5
411	1.7
412	0
413	7.9
414	0
415	0
416	0
417	0
418	0
419	6.6
420	0
421	0
422	0
423	1.7
424	7.6
425	10.7
426	0
427	7.3
428	7.5
429	1.5
430	7.6
431	0
432	5.6
433	8.6
434	5.8
435	5.6
436	6.2
437	0.1
438	14.1
439	0
440	1.3
441	6.9
442	4.8
443	7.3
444	5.7
445	26.3
446	5.6
447	27.1
448	19.3
449	5.6
450	6.7
451	0
452	0.9
453	0
454	5.6
455	6.1
456	5.6
457	2.2
458	1
459	0.6
460	5.7
461	8.1
462	4.1
463	7.5
464	1
465	4.8
466	0
467	6.6
468	1
469	5.8
470	1
471	1
472	1.3
473	1.6
474	1
475	0
476	0
477	4
478	1
479	6
480	1.9
481	0
482	0
483	2.6
484	5.6
485	5.2
486	0.1
487	6.2
488	1
489	0
490	0.7
491	6.4
492	2.2
493	0
494	7.3
495	0.1
496	0
497	4.9
498	6.1
499	0
500	4.8
501	2.5
502	7.3
503	5.6
504	5.6
505	4.3
506	4.7
507	4.9
508	4.3
509	4.7
510	2.8
511	6.8
512	7.1
513	0
514	4.1
515	0
516	5.6
517	4.9
518	5.6
519	5.7
520	0.2
521	2.3
522	5.6
523	0
524	2.3
525	2.4
526	5.7
527	2.6
528	5.6
529	0
530	15.9
531	15.2
532	2.6
533	2.6
534	1.8
535	16.2
536	2.1
537	0.1
538	0
539	0.7
540	5.6
541	15.2
542	15.2
543	2.2
544	0
545	0.2
546	15.5
547	0.7
548	0.2
549	0.4
550	0.8
551	15
552	0.9
553	1.7
554	0
555	5.6
556	0.9
557	5.9
558	0.2
559	7.4
560	15.3
561	2.1
562	15.6
563	0
564	14.4
565	7.6
566	15.6
567	5.6
568	15.4
569	6.4
570	0
571	2.1
572	15
573	5.7
574	0.6
575	5.6
576	0
577	0
578	7.4
579	7.5
580	15.1
581	0
582	0.4
583	5.6
584	5.6
585	0
586	0.4
587	15.4
588	0.2
589	30.4
590	0
591	0.3
592	7.7
593	14.9
594	6.4
595	0.3
596	5.6
597	0
598	5.6
599	15.3
600	6.1
601	5.6
602	0
603	0.7
604	0.2
605	0
606	0.2
607	5.6
608	5.7
609	0
610	5.6
611	1.7
612	0
613	0
614	0.9
615	0.3
616	0
617	30.9
618	0.4
619	6.9
620	6.3
621	0.2
622	1.2
623	1.3
624	1.1
625	5.6
626	5.6
627	15.1
628	5.6
629	6.5
630	15.9
631	5.6
632	0.7
633	7.7
634	0
635	6.9
636	6.4
637	6.4
638	5.6
639	0.8
640	0.4
641	15.6
642	0
643	1
644	0
645	0.9
646	8
647	5.6
648	1.7
649	0.9
650	5.6
651	16.2
652	5.6
653	0
654	5.6
655	0
656	5.6
657	1.1
658	2.1
659	1
660	0.1
661	2
662	7.6
663	1
664	5.6
665	5.6
666	5.6
667	1.9
668	31.3
669	2.1
670	5.6
671	5.6
672	5.6
673	8
674	0.4
675	8.5
676	0.8
677	15.9
678	5.9
679	5.6
680	0
681	8.1
682	0.9
683	31.3
684	1
685	5.6
686	15.8
687	0
688	8.2
689	5.6
690	8.5
691	1.8
692	15.7
693	5.8
694	0.2
695	1.7
696	8.5
697	5.6
698	1
699	4.6
700	8.3
701	0.6
702	8.5
703	8.2
704	4.2
705	0.7
706	5.8
707	15.7
708	8.3
709	0.7
710	0.9
711	0
712	0.5
713	0.8
714	5.6
715	0.8
716	0
717	1.3
718	8.3
719	0.8
720	8
721	5.6
722	0.6
723	8.2
724	4.9
725	5.6
726	0
727	0.3
728	0.7
729	0.4
730	0.9
731	5.9
732	0.1
733	0.7
734	7.9
735	0.6
736	5.8
737	4.4
738	7.6
739	4.4
740	4.8
741	0.6
742	2
743	1
744	0
745	0
746	7.7
747	7.9
748	0
749	1.2
750	5.6
751	7.1
752	0.7
753	8.1
754	8.2
755	1
756	7.1
757	3
758	1.4
759	5.6
760	7.3
761	5.6
762	0.5
763	0.8
764	15.4
765	7.8
766	0
767	1.7
768	2.4
769	7.6
770	2.4
771	1
772	1.6
773	6.7
774	6.7
775	1.4
776	5.7
777	0.5
778	7.2
779	0
780	7.6
781	0.8
782	153.7
783	137
784	146.4
785	172
786	141.3
787	143.7
788	87.5
789	107.6
790	141.7
791	108.8
792	119.8
793	93.8
794	150.7
795	169.3
796	93.2
797	177.3
798	92.1
799	103.9
800	117.7
801	101.8
802	114.8
803	108.9
804	85.7
805	103
806	97.9
807	71.1
808	120.7
809	177.4
810	195.2
811	104.1
812	126.1
813	100.5
814	117
815	112
816	100.9
817	87.3
818	109.7
819	239.2
820	111.4
821	105.4
822	135.4
823	107.3
824	141.4
825	93.6
826	182.8
827	140.8
828	143.2
829	102
830	140.7
831	109.4
832	144.5
833	130
834	120.2
835	135.1
836	135.4
837	42.3
838	121.2
839	138
840	129.1
841	125.8
842	154.3
843	13.9
844	116.4
845	114.6
846	141.6
847	134.9
848	116.3
849	139.5
850	124.7
851	109.2
852	75.8
853	67.8
854	79.5
855	74.5
856	106.2
857	120.9
858	117.6
859	97.1
860	128.1
861	94.7
862	7.2
863	65
864	112
865	84.3
866	120.9
867	60.8
868	120.1
869	122.4
870	31.8
871	103.9
872	117.1
873	8.5
874	76.8
875	102.9
876	121.1
877	73.7
878	81
879	93.7
880	120.4
881	123.6
882	127.7
883	58.1
884	82.5
885	79.6
886	6.5
887	100.5
888	116.2
889	74.1
890	139
891	123.2
892	117.6
893	155.2
894	6.6
895	90
896	106.4
897	127.8
898	122.3
899	161.2
900	141.9
901	129.2
902	137.8
903	111.3
904	73.3
905	120.1
906	127.8
907	132
908	106.7
909	79.7
910	0
911	77.2
912	119.3
913	119
914	123
915	0
916	96.4
917	84.1
918	114.4
919	122.5
920	125.6
921	59.3
922	125.1
923	15.4
924	112.8
925	99.6
926	135.2
927	77.1
928	1.8
929	106
930	135.2
931	85.9
932	2.4
933	136.3
934	0
935	124.3
936	126
937	132.1
938	107.5
939	81.5
940	109.9
941	91.4
942	129.1
943	0
944	114.3
945	137.5
946	126
947	0
948	97.4
949	164.3
950	154.9
951	123.8
952	105.2
953	3
954	3.4
955	134.6
956	103.5
957	110.9
958	2
959	97.9
960	139.2
961	135.2
962	128.4
963	112.5
964	0
965	164.6
966	138.1
967	0
968	98.5
969	114.9
970	28.2
971	145.5
972	142.7
973	151.1
974	100.1
975	103.9
976	81.6
977	152.5
978	3
979	143.2
980	93.9
981	158.2
982	144.3
983	141.2
984	79.8
985	149.1
986	122
987	2.2
988	132.5
989	135.1
990	0
991	134
992	0
993	129.3
994	113.9
995	100.3
996	120
997	120.5
998	1.9
999	117.4
1000	0
1001	1.8
1002	75.2
1003	0
1004	124
1005	2.9
1006	198.9
1007	0
1008	2.1
1009	0
1010	131.8
1011	137.4
1012	184.3
1013	1.6
1014	123
1015	2.2
1016	0
1017	124.3
1018	1.9
1019	1.8
1020	131.2
1021	122
1022	106.9
1023	194
1024	135.4
1025	132.5
1026	128.6
1027	162.7
1028	135.7
1029	1.8
1030	0.1
1031	0
1032	0
1033	0
1034	101.4
1035	0
1036	134.7
1037	128.2
1038	95.7
1039	2.3
1040	2.1
1041	118.7
1042	2.8
1043	0
1044	1.3
1045	3.7
1046	2
1047	130
1048	192.3
1049	173.2
1050	0
1051	129.9
1052	148.8
1053	1.9
1054	88.2
1055	184.9
1056	108.3
1057	0
1058	110.7
1059	0
1060	111.3
1061	0
1062	125.3
1063	128.6
1064	0
1065	1.3
1066	178
1067	0
1068	0.1
1069	0
1070	170.2
1071	106.5
1072	0
1073	0
1074	116.5
1075	0
1076	126.2
1077	0
1078	119.7
1079	94.9
1080	1.8
1081	0
1082	155.5
1083	0
1084	123.7
1085	143.1
1086	145.7
1087	0
1088	0
1089	1.8
1090	90.2
1091	133.8
1092	0
1093	2
1094	0
1095	1.7
1096	2.3
1097	128.2
1098	2.7
1099	0
1100	0
1101	0
1102	104.1
1103	0
1104	2.1
1105	3.2
1106	1.8
1107	0
1108	1.3
1109	91.5
1110	0
1111	0
1112	149.6
1113	123.3
1114	105.3
1115	2.6
1116	1.5
1117	147
1118	2.6
1119	1.9
1120	1.6
1121	1.4
1122	2.6
1123	3
1124	86.4
1125	1.7
1126	129.2
1127	2.4
1128	133.3
1129	137.7
1130	1.3
1131	0
1132	115
1133	147.5
1134	1.3
1135	0
1136	0
1137	1.3
1138	1
1139	2
1140	85.8
1141	1.8
1142	0
1143	127
1144	3.1
1145	2.8
1146	1.7
1147	2
1148	138
1149	2
1150	2.4
1151	2.5
1152	114.8
1153	109.2
1154	0
1155	0
1156	102.7
1157	2.4
1158	0
1159	80.5
1160	2.2
1161	0
1162	3.3
1163	1.7
1164	102.2
1165	0
1166	122.9
1167	119.2
1168	111.6
1169	125.9
1170	104.5
1171	2.2
1172	86.2
1173	3.1
1174	109.1
1175	1
1176	54.5
1177	0
1178	1.8
1179	110.5
1180	1.8
1181	2.9
1182	2.2
1183	0
1184	0
1185	125.8
1186	107.5
1187	2
1188	1.3
1189	2.9
1190	2.7
1191	110.6
1192	1.2
1193	107.5
1194	1.9
1195	112.2
1196	2.3
1197	0
1198	0
1199	69.4
1200	26
1201	2
1202	1.1
1203	0
1204	1.8
1205	2.4
1206	0
1207	1.4
1208	0
1209	2.4
1210	114.1
1211	117.7
1212	0
1213	80.3
1214	106.3
1215	2.3
1216	109.4
1217	72.9
1218	0
1219	0
1220	83.1
1221	1.4
1222	2.2
1223	2.1
1224	1.1
1225	119.9
1226	101.5
1227	54.3
1228	1
1229	3.1
1230	112.1
1231	0
1232	78.8
1233	0.7
1234	0.9
1235	1.8
1236	0
1237	111.3
1238	123.2
1239	0
1240	0.8
1241	102
1242	77.9
1243	1.9
1244	0.8
1245	108.2
1246	112.6
1247	62.8
1248	27.5
1249	134.2
1250	57.5
1251	1.2
1252	0
1253	0.9
1254	1.5
1255	0
1256	58.2
1257	3.5
1258	2.4
1259	0
1260	64.3
1261	56.1
1262	0
1263	1.9
1264	1.9
1265	119.2
1266	101.4
1267	0
1268	74.2
1269	27
1270	125.6
1271	1.6
1272	0.6
1273	4
1274	109.5
1275	0.9
1276	57.2
1277	80
1278	110.3
1279	25.9
1280	0
1281	2.9
1282	0
1283	160.7
1284	28.6
1285	3.4
1286	144.4
1287	2.2
1288	1.3
1289	80.4
1290	1.2
1291	65.7
1292	1.7
1293	25.5
1294	1.8
1295	119.9
1296	0
1297	28.7
1298	103.8
1299	1.1
1300	3.4
1301	0
1302	0.9
1303	1.6
1304	31.8
1305	163.7
1306	0
1307	119.4
1308	1.5
1309	0
1310	114.2
1311	122.9
1312	88.9
1313	2.4
1314	126.4
1315	0
1316	63.4
1317	58.2
1318	1.9
1319	74.7
1320	79.4
1321	0.1
1322	0
1323	0
1324	1.8
1325	77.2
1326	0.2
1327	0.1
1328	98.8
1329	30.2
1330	70.2
1331	58.6
1332	25.4
1333	58.1
1334	123.8
1335	0.8
1336	87.4
1337	0.1
1338	0.2
1339	1.5
1340	2.5
1341	128.4
1342	104.6
1343	0
1344	0
1345	0.8
1346	0
1347	115.1
1348	68
1349	1.4
1350	0
1351	72.5
1352	28.5
1353	95.7
1354	0.1
1355	78
1356	27
1357	72.9
1358	91.5
1359	2.3
1360	0.2
1361	0.8
1362	73.2
1363	0
1364	0.2
1365	63.8
1366	0.1
1367	0
1368	64.9
1369	0.1
1370	0.7
1371	0.1
1372	1
1373	66.9
1374	0.2
1375	106.7
1376	30.3
1377	0.9
1378	1.5
1379	1.8
1380	59
1381	0.1
1382	83.5
1383	0.2
1384	1
1385	27.8
1386	61.2
1387	0.1
1388	0.1
1389	0.1
1390	68.9
1391	124.1
1392	67.8
1393	0
1394	0.3
1395	66.2
1396	0.1
1397	163.8
1398	0
1399	0
1400	76.1
1401	0
1402	0.1
1403	118.9
1404	1.1
1405	0.4
1406	0.1
1407	0
1408	0
1409	138.6
1410	0
1411	102.4
1412	0.3
1413	134.7
1414	1.1
1415	147.8
1416	77.6
1417	0
1418	108.6
1419	0
1420	0.9
1421	0.1
1422	0.3
1423	50.7
1424	72.4
1425	0
1426	117.6
1427	0.9
1428	0.1
1429	0
1430	76.3
1431	123.5
1432	0
1433	78.1
1434	0.1
1435	77.6
1436	0
1437	0
1438	0
1439	1
1440	74.7
1441	73
1442	0.1
1443	84.4
1444	0
1445	0.2
1446	132.9
1447	0.3
1448	152.7
1449	0
1450	0.2
1451	0.1
1452	0
1453	139.7
1454	44.7
1455	0.5
1456	0.1
1457	109.7
1458	68.7
1459	1.1
1460	0.1
1461	67
1462	0
1463	0
1464	0
1465	0
1466	130
1467	0.1
1468	0
1469	71.5
1470	130.4
1471	0
1472	0
1473	127.5
1474	0.4
1475	156.9
1476	0
1477	0.2
1478	130.4
1479	84.2
1480	0
1481	66.5
1482	67.8
1483	0
1484	0.2
1485	40.1
1486	0.1
1487	0
1488	103.1
1489	69.4
1490	0.2
1491	63.6
1492	68.8
1493	131.4
1494	157.3
1495	0
1496	74.1
1497	58.3
1498	0.1
1499	76.2
1500	0.6
1501	71
1502	126.2
1503	0.2
1504	0
1505	69.7
1506	113.3
1507	0.1
1508	0.3
1509	39.5
1510	0.3
1511	0.5
1512	0
1513	142.5
1514	0.1
1515	0.1
1516	0
1517	140.6
1518	0.1
1519	83.8
1520	0.2
1521	0
1522	0.1
1523	0
1524	0
1525	0
1526	0
1527	75.6
1528	0
1529	76.6
1530	144.1
1531	0.2
1532	0.3
1533	0.5
1534	121.3
1535	28.4
1536	122.2
1537	0
1538	34.9
1539	0.1
1540	0
1541	0
1542	0
1543	72.9
1544	0.1
1545	0
1546	31.2
1547	76.7
1548	0.1
1549	0
1550	0
1551	0
1552	63.4
1553	133.9
1554	51.3
1555	110.4
1556	70.9
1557	0.4
1558	0
1559	70.7
1560	0.4
1561	0.1
1562	0.2
1563	0.4
1564	0
1565	60.1
1566	0.3
1567	0.1
1568	0.1
1569	113.2
1570	167.1
1571	0.1
1572	0.1
1573	160
1574	0.2
1575	91.9
1576	112
1577	153
1578	0
1579	0
1580	144.4
1581	160.2
1582	75.5
1583	68.6
1584	30.1
1585	151.8
1586	151.5
1587	0.1
1588	121.6
1589	0.3
1590	2.1
1591	0
1592	110.5
1593	0.3
1594	63.1
1595	75.7
1596	94.4
1597	0
1598	114.9
1599	118.8
1600	82.4
1601	45
1602	161.7
1603	76.6
1604	100.6
1605	2
1606	0.1
1607	0
1608	79.4
1609	0
1610	77.9
1611	0.4
1612	140.3
1613	116.3
1614	78.3
1615	112.8
1616	111.8
1617	0
1618	74.5
1619	0.4
1620	104.1
1621	116.5
1622	156.7
1623	0
1624	167.4
1625	79.2
1626	111.3
1627	0.1
1628	73.7
1629	0
1630	153.9
1631	58.6
1632	186.1
1633	0
1634	142.5
1635	176.6
1636	112.9
1637	151.4
1638	72.1
1639	1
1640	0
1641	71.7
1642	167.4
1643	81
1644	0.3
1645	71.8
1646	108.7
1647	0
1648	3.2
1649	0.3
1650	0.6
1651	113.5
1652	73.7
1653	0.6
1654	100.7
1655	115.8
1656	208.9
1657	89.7
1658	145.7
1659	75.9
1660	68.4
1661	2.4
1662	0.1
1663	96.3
1664	3
1665	0.4
1666	178
1667	143.9
1668	74.7
1669	84.9
1670	10.3
1671	132.3
1672	119.4
1673	106.2
1674	109.5
1675	73.6
1676	4.1
1677	17.8
1678	0.6
1679	149
1680	139.9
1681	91.3
1682	0.5
1683	82.7
1684	78
1685	76.1
1686	54.4
1687	196
1688	74
1689	3
1690	96.2
1691	4
1692	130.4
1693	20.5
1694	70.9
1695	98.7
1696	0
1697	136.4
1698	0.6
1699	1.9
1700	65.2
1701	154.3
1702	168.6
1703	98.1
1704	0
1705	1.3
1706	96.6
1707	0.3
1708	0.2
1709	76.4
1710	3.6
1711	2.1
1712	93.3
1713	138
1714	152
1715	103.8
1716	71.1
1717	90.7
1718	0.3
1719	48.4
1720	89.9
1721	188.3
1722	91.3
1723	74.9
1724	74
1725	126.5
1726	74.1
1727	140.6
1728	100.5
1729	23.1
1730	135
1731	2.9
1732	86.1
1733	82.4
1734	5.8
1735	126.2
1736	0.3
1737	80.8
1738	71.6
1739	87
1740	0
1741	26.6
1742	1.5
1743	80.6
1744	117.3
1745	171.8
1746	77.7
1747	69.6
1748	102.1
1749	55.4
1750	45.6
1751	86.7
1752	96.6
1753	140.9
1754	117.3
1755	90.3
1756	93.1
1757	129.1
1758	81.4
1759	94.9
1760	85.7
1761	114.9
1762	69.4
1763	129.8
1764	96.7
1765	2.4
1766	139.9
1767	111.3
1768	0
1769	101.1
1770	128.9
1771	76
1772	0
1773	138.8
1774	61.5
1775	0
1776	58.1
1777	127.5
1778	1.4
1779	1.5
1780	0.6
1781	109.4
1782	121.8
1783	73.2
1784	68.9
1785	123.1
1786	109
1787	164
1788	156.7
1789	64.8
1790	0.6
1791	59.1
1792	78.7
1793	88
1794	43
1795	109.9
1796	128
1797	134.4
1798	70.6
1799	0
1800	78.7
1801	126.7
1802	87.6
1803	0
1804	52.6
1805	2.3
1806	140
1807	98.9
1808	49.7
1809	121.1
1810	216.8
1811	78.7
1812	0
1813	152.2
1814	56.4
1815	56.8
1816	123.5
1817	93.4
1818	51.6
1819	142.9
1820	143.4
1821	96.3
1822	102.9
1823	97.3
1824	0
1825	174.3
1826	110.5
1827	62.2
1828	73
1829	125.3
1830	0
1831	82.3
1832	0
1833	97.6
1834	0
1835	111
1836	124.9
1837	0
1838	0
1839	208.1
1840	90.5
1841	88.2
1842	83.2
1843	168.6
1844	81.5
1845	91.8
1846	0
1847	82
1848	136.1
1849	219.5
1850	184.4
1851	77.2
1852	86.2
1853	96.1
1854	162.3
1855	80.8
1856	84.3
1857	0
1858	57.1
1859	70.8
1860	70.2
1861	0
1862	91.1
1863	0
1864	46.5
1865	102.9
1866	181.8
1867	0
1868	137
1869	103.9
1870	34.7
1871	126.6
1872	79.2
1873	123
1874	211.7
1875	0
1876	99.5
1877	0
1878	0
1879	215.2
1880	154.5
1881	83.2
1882	0
1883	216
1884	120.1
1885	73.2
1886	96.3
1887	0
1888	72.8
1889	0.1
1890	159.6
1891	35.3
1892	79.4
1893	48.5
1894	55.6
1895	73.3
1896	51
1897	91.2
1898	165.1
1899	85.8
1900	0
1901	178.3
1902	110.1
1903	76.9
1904	86.9
1905	63.8
1906	0
1907	0
1908	68.3
1909	29.7
1910	29.7
1911	75.2
1912	55.8
1913	0.1
1914	67.1
1915	0
1916	111.5
1917	104.3
1918	66.7
1919	0
1920	0
1921	78.9
1922	0.1
1923	0.1
1924	0
1925	71.5
1926	100.7
1927	181.2
1928	46.7
1929	0
1930	0
1931	0
1932	69.4
1933	99.5
1934	52.4
1935	0
1936	78.5
1937	0
1938	113.9
1939	145.3
1940	0
1941	96.8
1942	39.9
1943	0.1
1944	74.7
1945	0
1946	0.1
1947	0
1948	0
1949	95.3
1950	41.3
1951	0
1952	44.3
1953	32.6
1954	0
1955	63.9
1956	76.2
1957	206.4
1958	0
1959	43.7
1960	62.7
1961	46.3
1962	87.5
1963	0
1964	0.1
1965	0
1966	42.8
1967	30.4
1968	150.9
1969	0
1970	103
1971	0
1972	0
1973	0
1974	82.5
1975	32
1976	27.8
1977	39.1
1978	76.7
1979	45.5
1980	0
1981	79.5
1982	44
1983	0
1984	0
1985	32.8
1986	86.1
1987	96.6
1988	33
1989	51.2
1990	48.3
1991	0
1992	0
1993	41.9
1994	161.3
1995	81
1996	0
1997	27.7
1998	205.5
1999	0
2000	33.7
2001	102.5
2002	38.7
2003	42.5
2004	0
2005	0.1
2006	45.7
2007	0
2008	13.8
2009	0
2010	24
2011	39.4
2012	0
2013	44.1
2014	39.3
2015	29.5
2016	0
2017	0
2018	17.4
2019	0.1
2020	0
2021	16.4
2022	16.2
2023	42.4
2024	43.9
2025	166.4
2026	0
2027	31.7
2028	127.2
2029	78.6
2030	0
2031	52.1
2032	7.5
2033	0
2034	0
2035	30.8
2036	48.6
2037	81.3
2038	43.2
2039	0
2040	0
2041	60.9
2042	31.2
2043	84.6
2044	111.7
2045	0
2046	0.1
2047	31.9
2048	0
2049	0
2050	108
2051	13.7
2052	0
2053	14.4
2054	31
2055	41.5
2056	74.2
2057	33.8
2058	50.7
2059	0.1
2060	15.7
2061	6.3
2062	170.3
2063	0
2064	14.1
2065	0
2066	0
2067	32.1
2068	0
2069	80.9
2070	12.8
2071	16.2
2072	0
2073	47.4
2074	83.6
2075	0
2076	46.3
2077	0
2078	81.7
2079	0
2080	0
2081	89.9
2082	0
2083	13.4
2084	60.3
2085	0
2086	38.3
2087	0
2088	171.7
2089	94.1
2090	114.5
2091	46.4
2092	104.1
2093	64.1
2094	0
2095	13.6
2096	0
2097	14.2
2098	52.1
2099	99.1
2100	72.9
2101	0
2102	49.2
2103	0
2104	0
2105	0
2106	0
2107	0.1
2108	108.7
2109	0
2110	0
2111	0
2112	80
2113	58.5
2114	0
2115	85.2
2116	75.7
2117	49
2118	63.5
2119	28.3
2120	126.2
2121	13.6
2122	85.6
2123	0.1
2124	92.2
2125	59.6
2126	0
2127	12.8
2128	0
2129	0
2130	0.1
2131	52.1
2132	61.8
2133	0
2134	0
2135	28
2136	135.2
2137	13.4
2138	57.5
2139	63.2
2140	0
2141	116
2142	33
2143	0
2144	0
2145	68.1
2146	13.3
2147	14.1
2148	88.6
2149	0
2150	66
2151	0
2152	100.3
2153	175.3
2154	90.6
2155	0
2156	0
2157	0
2158	13.7
2159	12.9
2160	166.9
2161	0
2162	0
2163	76.2
2164	0.1
2165	14.1
2166	0
2167	0
2168	0.1
2169	74
2170	0
2171	0.1
2172	0.1
2173	60.3
2174	0
2175	1.4
2176	0
2177	123.3
2178	39.4
2179	0
2180	34.8
2181	171.2
2182	0
2183	0.1
2184	0
2185	66.1
2186	1.3
2187	12.7
2188	0
2189	0
2190	13.1
2191	0
2192	0
2193	0.1
2194	75.1
2195	13.1
2196	0
2197	107.6
2198	0
2199	155.3
2200	0.1
2201	1.2
2202	12.7
2203	0
2204	0
2205	0
2206	30.9
2207	12.7
2208	12.6
2209	0
2210	132.5
2211	0
2212	36.8
2213	66.1
2214	0.1
2215	32.7
2216	12.6
2217	0
2218	0
2219	94.6
2220	12.5
2221	0
2222	107.6
2223	0
2224	0
2225	36.4
2226	12.6
2227	116.1
2228	0
2229	0
2230	36.5
2231	0
2232	34.4
2233	0
2234	81.7
2235	0
2236	0
2237	0
2238	0
2239	12.6
2240	0
2241	35.3
2242	0
2243	0
2244	0
2245	98
2246	0
2247	0
2248	100.5
2249	32.8
2250	0
2251	12.3
2252	73.7
2253	0.1
2254	12.5
2255	0
2256	64
2257	13.1
2258	0
2259	80.6
2260	0
2261	0
2262	0
2263	90.3
2264	103.4
2265	88.8
2266	0
2267	0
2268	44
2269	12.7
2270	0
2271	43.9
2272	0
2273	14
2274	0
2275	74.4
2276	14.1
2277	0
2278	0
2279	0
2280	0
2281	0
2282	101.5
2283	15.3
2284	0
2285	96.6
2286	50
2287	12.8
2288	48
2289	0
2290	0
2291	0
2292	92.4
2293	12.5
2294	13
2295	102.6
2296	66.7
2297	101.2
2298	0
2299	12.1
2300	0
2301	0
2302	0
2303	0
2304	0
2305	0
2306	42.6
2307	93.1
2308	0
2309	27.7
2310	113.8
2311	0.1
2312	0
2313	0
2314	0
2315	0.1
2316	0
2317	121.4
2318	0
2319	0
2320	86.5
2321	58.2
2322	0
2323	0
2324	140.1
2325	87.1
2326	28.7
2327	0
2328	102.8
2329	0
2330	0.1
2331	0
2332	13
2333	0
2334	56.7
2335	0.1
2336	33.9
2337	0
2338	16.7
2339	13.6
2340	53.2
2341	39.8
2342	0.1
2343	13.8
2344	0
2345	16.2
2346	34.8
2347	0
2348	0
2349	36.6
2350	0
2351	51.8
2352	0
2353	38.5
2354	0
2355	33.8
2356	0.1
2357	0
2358	14.2
2359	35.3
2360	40
2361	37.3
2362	16
2363	41
2364	15.9
2365	35.7
2366	0.1
2367	0.1
2368	32.4
2369	12.6
2370	44.7
2371	0
2372	33.3
2373	36.6
2374	13.3
2375	0
2376	0.1
2377	39.3
2378	35.9
2379	33.8
2380	31.8
2381	32.1
2382	32.9
2383	0.1
2384	0.1
2385	4.6
2386	0
2387	0
2388	38
2389	48.5
2390	9.5
2391	34
2392	40.1
2393	0.1
2394	50.8
2395	13.2
2396	31.6
2397	0.1
2398	4.3
2399	35.5
2400	0.1
2401	34.9
2402	46.3
2403	31.1
2404	12.7
2405	40.5
2406	30.5
2407	0.4
2408	35.8
2409	38.3
2410	36.2
2411	39.8
2412	42.2
2413	0.1
2414	11.9
2415	41.9
2416	30.4
2417	33
2418	43.2
2419	34.2
2420	62.3
2421	0.4
2422	17.5
2423	28.5
2424	45.8
2425	12.4
2426	0.4
2427	0.1
2428	50.1
2429	0.3
2430	0.1
2431	49
2432	0.1
2433	62.5
2434	11.7
2435	0.1
2436	0.1
2437	11.1
2438	37.3
2439	80
2440	47.4
2441	0.3
2442	30.1
2443	40
2444	53.7
2445	37.1
2446	12.4
2447	51.3
2448	161.6
2449	0.1
2450	0.2
2451	35.7
2452	36.6
2453	111.3
2454	0.2
2455	0.1
2456	112.5
2457	0.1
2458	39.7
2459	50.7
2460	11.2
2461	155
2462	61.3
2463	12.1
2464	123.1
2465	0.2
2466	0.2
2467	44.4
2468	52.3
2469	43.5
2470	159.9
2471	46.7
2472	44.3
2473	12.1
2474	86.1
2475	40
2476	0.1
2477	40.8
2478	32.6
2479	0
2480	47.6
2481	44.6
2482	11.1
2483	0.1
2484	85.3
2485	53.4
2486	34.7
2487	0.2
2488	47.7
2489	114
2490	49.6
2491	12.2
2492	96.3
2493	0.2
2494	31.7
2495	28.8
2496	11.8
2497	46.8
2498	52
2499	11.3
2500	83.4
2501	53.4
2502	56.7
2503	22
2504	47.7
2505	72.9
2506	32.3
2507	0.1
2508	83.2
2509	0.1
2510	96.9
2511	308
2512	70.2
2513	30.8
2514	55.2
2515	57.1
2516	0
2517	12.6
2518	32.9
2519	31.6
2520	112.3
2521	54.5
2522	337
2523	12.7
2524	0.1
2525	27.9
2526	55.9
2527	49.2
2528	50.7
2529	56
2530	46
2531	45
2532	47.6
2533	99.5
2534	33.4
2535	47
2536	106.8
2537	43.4
2538	256.5
2539	173
2540	98.2
2541	124.2
2542	74.9
2543	56.6
2544	31.2
2545	83.1
2546	64
2547	30.3
2548	87.4
2549	33.9
2550	0.1
2551	14.4
2552	184.4
2553	46.6
2554	121.1
2555	47
2556	50.8
2557	50.9
2558	26.8
2559	50.1
2560	294.2
2561	51.8
2562	182
2563	87.3
2564	107.9
2565	102.1
2566	12.7
2567	30.6
2568	359
2569	56.1
2570	30.2
2571	13.5
2572	0.1
2573	0.8
2574	31
2575	29.8
2576	26
2577	46.1
2578	49.2
2579	54
2580	0
2581	92.9
2582	178.6
2583	88
2584	0.2
2585	107.6
2586	145.1
2587	48.9
2588	26.6
2589	48.6
2590	45.9
2591	47.2
2592	46.3
2593	55.2
2594	25.3
2595	0.2
2596	159.2
2597	51
2598	167.6
2599	27
2600	47.8
2601	47
2602	79.1
2603	47.9
2604	175
2605	29.9
2606	3
2607	104.3
2608	51.2
2609	88.3
2610	0.6
2611	102.9
2612	49.5
2613	48.1
2614	86.7
2615	14.5
2616	101.5
2617	230.6
2618	30
2619	0.1
2620	162.6
2621	24
2622	51.1
2623	105.7
2624	45.5
2625	118.9
2626	22.9
2627	28.1
2628	14.8
2629	0.3
2630	42.1
2631	44.6
2632	77.3
2633	49.7
2634	49.2
2635	51.2
2636	83.8
2637	0
2638	34.5
2639	48.3
2640	43.5
2641	41.7
2642	94.1
2643	166.5
2644	3.6
2645	189.8
2646	42.7
2647	25.1
2648	85.4
2649	3.3
2650	111
2651	0
2652	5
2653	48.6
2654	4.5
2655	51
2656	91.9
2657	24.9
2658	46
2659	63
2660	175.7
2661	31.7
2662	150
2663	4.4
2664	46.3
2665	3.7
2666	47.8
2667	6.6
2668	49.1
2669	54.6
2670	124.7
2671	61.9
2672	80.9
2673	0.4
2674	24.3
2675	4
2676	4.3
2677	121.4
2678	67.1
2679	5.2
2680	56.1
2681	38.3
2682	33
2683	52
2684	49.4
2685	55.1
2686	63.5
2687	96.4
2688	35.9
2689	47.3
2690	51.7
2691	36.8
2692	3.6
2693	63.5
2694	48
2695	0.1
2696	51.6
2697	0.2
2698	122.3
2699	14.7
2700	82.3
2701	5.4
2702	45.1
2703	46.9
2704	4.2
2705	44.4
2706	46
2707	13.7
2708	46.7
2709	16
2710	62.7
2711	51.6
2712	0.1
2713	58.3
2714	61.4
2715	43.4
2716	74.4
2717	37
2718	43.4
2719	45.2
2720	36.7
2721	49.3
2722	46.2
2723	56.8
2724	24.1
2725	68.5
2726	54.1
2727	52.7
2728	45.1
2729	53.5
2730	39
2731	0.1
2732	43.3
2733	45.9
2734	36.4
2735	43.1
2736	8.9
2737	47.1
2738	55
2739	49.7
2740	36.4
2741	57.2
2742	43.1
2743	47.1
2744	41.8
2745	35.5
2746	9.1
2747	43.9
2748	0.1
2749	50.7
2750	43.5
2751	71.7
2752	56.4
2753	44.1
2754	49.7
2755	38.7
2756	43.8
2757	46.6
2758	101.1
2759	48.1
2760	49.7
2761	44
2762	46.4
2763	24.6
2764	40.7
2765	41.5
2766	52.8
2767	9.3
2768	51
2769	43.7
2770	41.8
2771	79.7
2772	39.6
2773	28.4
2774	85.8
2775	43.8
2776	47.1
2777	48.2
2778	40.1
2779	44.6
2780	26
2781	55.9
2782	33.3
2783	50.9
2784	52.6
2785	26.6
2786	24.9
2787	61.6
2788	49.4
2789	38.4
2790	60.9
2791	52.3
2792	39.9
2793	78.3
2794	51.3
2795	44.3
2796	35.1
2797	133.3
2798	52.6
2799	49.4
2800	44.8
2801	45
2802	69.9
2803	41.5
2804	26.2
2805	45
2806	46.6
2807	65
2808	44.2
2809	60.6
2810	9.3
2811	40.8
2812	36.9
2813	38.3
2814	50.7
2815	38.7
2816	42.1
2817	47.1
2818	53.9
2819	55.3
2820	76.7
2821	44.1
2822	47
2823	53.6
2824	24.6
2825	55.3
2826	25.2
2827	25.8
2828	42.1
2829	26.2
2830	52.2
2831	63.2
2832	57.8
2833	47.7
2834	59.7
2835	70.6
2836	55
2837	51.5
2838	74.9
2839	62.8
2840	74
2841	75
2842	37.9
2843	50.6
2844	27.3
2845	50.5
2846	9.1
2847	41.1
2848	47.4
2849	56.9
2850	41.6
2851	36.7
2852	51.5
2853	54.8
2854	62
2855	56.8
2856	61.2
2857	50.3
2858	58.3
2859	44.3
2860	53.8
2861	49.1
2862	38.6
2863	27.1
2864	39
2865	61.5
2866	47.2
2867	50.8
2868	29.3
2869	44.1
2870	45.5
2871	45.1
2872	43.5
2873	66.6
2874	9.2
2875	46.6
2876	9.3
2877	55.9
2878	54.8
2879	26.4
2880	48.6
2881	54.7
2882	81
2883	55.1
2884	42.7
2885	31.2
2886	52.9
2887	28
2888	9
2889	24.9
2890	24.7
2891	55.9
2892	50.7
2893	67.4
2894	43.2
2895	46.5
2896	9.2
2897	60.4
2898	51
2899	73.9
2900	41.9
2901	27.1
2902	63.2
2903	61.3
2904	25.5
2905	51.3
2906	48
2907	32.6
2908	61.4
2909	57.5
2910	50.6
2911	64.6
2912	57.3
2913	57.4
2914	74.8
2915	29.5
2916	50.6
2917	24.3
2918	66.3
2919	28
2920	30
2921	51
2922	46.5
2923	51
2924	40
2925	56.5
2926	31.4
2927	26.3
2928	55.2
2929	31.2
2930	63.1
2931	54.7
2932	54.5
2933	60.6
2934	26
2935	69
2936	27.1
2937	45.7
2938	27.8
2939	71.6
2940	26.7
2941	52.9
2942	26.8
2943	64.5
2944	27.2
2945	69
2946	78.9
2947	55.2
2948	71.3
2949	67.8
2950	44.7
2951	66.9
2952	66.9
2953	56.4
2954	76.4
2955	52.4
2956	52.2
2957	34.1
2958	64.4
2959	28.2
2960	56.7
2961	65.9
2962	58.4
2963	63.3
2964	71.6
2965	44.8
2966	65.9
2967	60.2
2968	62.3
2969	29
2970	27.1
2971	57.7
2972	57.3
2973	26.1
2974	75.3
2975	112.5
2976	60.2
2977	41.8
2978	46.1
2979	70.6
2980	67.6
2981	97.3
2982	54.6
2983	62.3
2984	69
2985	76.7
2986	55.9
2987	49.1
2988	62.4
2989	26.9
2990	42.9
2991	122.3
2992	47.9
2993	71.5
2994	57
2995	62.5
2996	72.4
2997	69.5
2998	41.9
2999	50.1
3000	45.6
3001	31.4
3002	75.4
3003	42.7
3004	19.4
3005	45.2
3006	65.5
3007	82.2
3008	61.4
3009	17.6
3010	26.5
3011	76.4
3012	50.8
3013	79.8
3014	38.6
3015	14.6
3016	49.5
3017	104.2
3018	39.3
3019	14.4
3020	43.8
3021	18.4
3022	28.9
3023	18
3024	64.4
3025	37.7
3026	92.1
3027	75.5
3028	43.7
3029	64.2
3030	27.3
3031	48.2
3032	41.2
3033	14.5
3034	53.5
3035	41.1
3036	27.5
3037	54.3
3038	14.1
3039	41.4
3040	87.1
3041	57.1
3042	53.2
3043	66.5
3044	34.3
3045	82.6
3046	12.1
3047	13.3
3048	67.5
3049	41.9
3050	115.4
3051	40.1
3052	47
3053	98.1
3054	39.5
3055	43.4
3056	69
3057	12.8
3058	66.9
3059	52.5
3060	15.2
3061	27.6
3062	15.2
3063	115.4
3064	105.4
3065	29.9
3066	45.9
3067	29.9
3068	58.4
3069	19
3070	56.2
3071	47.7
3072	46.6
3073	10.9
3074	85.7
3075	41.9
3076	39.7
3077	54.6
3078	43.5
3079	71.8
3080	66.8
3081	14
3082	27.6
3083	131.6
3084	31.4
3085	46.7
3086	28.2
3087	140.5
3088	57.4
3089	149.5
3090	52.1
3091	14.7
3092	12.5
3093	44
3094	11.4
3095	13.7
3096	59.4
3097	12.8
3098	147
3099	12.6
3100	63
3101	10.5
3102	33
3103	79.5
3104	81.8
3105	31
3106	74.2
3107	76.8
3108	13.4
3109	32.9
3110	12.5
3111	175
3112	10.3
3113	140.2
3114	15.2
3115	30.3
3116	32.7
3117	14.7
3118	67.2
3119	182.6
3120	10
3121	146.2
3122	11.2
3123	87.7
3124	16.7
3125	21.3
3126	10.7
3127	10.1
3128	12.6
3129	12.3
3130	12.7
3131	83.2
3132	70.8
3133	94
3134	95.2
3135	11.6
3136	101.6
3137	10.9
3138	13
3139	132.8
3140	52.9
3141	17.5
3142	59.6
3143	137.5
3144	12.8
3145	10.2
3146	11.6
3147	10.4
3148	18.7
3149	11.2
3150	10.6
3151	24.9
3152	60.8
3153	84.2
3154	56.8
3155	29.4
3156	31.3
3157	23.2
3158	10.6
3159	56.5
3160	10.3
3161	28.7
3162	54
3163	12.5
3164	11.5
3165	16
3166	65
3167	16
3168	128.5
3169	11.3
3170	81.4
3171	12.3
3172	132.8
3173	11.5
3174	27
3175	62.5
3176	12
3177	11.8
3178	11.8
3179	11.8
3180	10.8
3181	15.9
3182	73.4
3183	70.8
3184	41.8
3185	35.8
3186	23.3
3187	74
3188	27.5
3189	22.7
3190	11.7
3191	11.8
3192	28.1
3193	4.3
3194	78.2
3195	64.4
3196	4.5
3197	15.9
3198	15.8
3199	48.8
3200	11.5
3201	11.7
3202	81.4
3203	76.4
3204	16.1
3205	26.8
3206	11.5
3207	4.8
3208	11.6
3209	6.3
3210	32.8
3211	43.6
3212	59.1
3213	11.6
3214	11.3
3215	4.8
3216	11.6
3217	12.1
3218	22.9
3219	27.3
3220	15.9
3221	12.1
3222	30.8
3223	11.4
3224	56.6
3225	12.2
3226	38.5
3227	11.8
3228	3.7
3229	7.1
3230	16.6
3231	3.9
3232	11.8
3233	11.5
3234	38.4
3235	53
3236	28.9
3237	11.3
3238	26.3
3239	6.4
3240	17.6
3241	15.4
3242	4.2
3243	23
3244	4.4
3245	12.7
3246	12.3
3247	6
3248	11.8
3249	11.8
3250	16.8
3251	70.3
3252	70.2
3253	3.9
3254	16.2
3255	11.8
3256	12.2
3257	20.1
3258	4.8
3259	18.3
3260	11.8
3261	7.3
3262	17.6
3263	12
3264	11.7
3265	11.4
3266	3.8
3267	18.5
3268	17.3
3269	43.6
3270	3.8
3271	11.3
3272	36
3273	11.6
3274	49.3
3275	4
3276	6.8
3277	3.7
3278	28
3279	12.1
3280	12.2
3281	12.7
3282	11.3
3283	10.2
3284	3.9
3285	11.3
3286	50.6
3287	12
3288	10
3289	4.1
3290	12.1
3291	30.6
3292	11.4
3293	9.3
3294	9.8
3295	12.5
3296	11.1
3297	8.2
3298	14.1
3299	5.4
3300	20
3301	6.2
3302	12.1
3303	34.1
3304	12.2
3305	11.1
3306	4.5
3307	11.8
3308	36.1
3309	3.9
3310	6.6
3311	11.3
3312	11
3313	5.6
3314	11
3315	4.6
3316	26
3317	11.4
3318	6.8
3319	10.8
3320	5.3
3321	4.2
3322	11
3323	6.9
3324	4.7
3325	5.9
3326	4
3327	10.3
3328	11.6
3329	5.1
3330	11.1
3331	12.5
3332	12.3
3333	5.5
3334	10.8
3335	21.7
3336	4.1
3337	10.2
3338	8.7
3339	11
3340	11.3
3341	16.5
3342	4
3343	11.8
3344	5.5
3345	10.2
3346	11.5
3347	4.1
3348	10.3
3349	4.2
3350	7
3351	11.6
3352	6.7
3353	8.6
3354	4.9
3355	9.1
3356	9.3
3357	4.9
3358	11.5
3359	8.6
3360	6.7
3361	5.3
3362	4.4
3363	11.5
3364	7.2
3365	12
3366	8.7
3367	9.1
3368	11.4
3369	11.7
3370	7.4
3371	9
3372	11.8
3373	8.9
3374	8.7
3375	4.7
3376	8.8
3377	4
3378	4.3
3379	4.4
3380	9
3381	9.2
3382	4.1
3383	9.2
3384	9.1
3385	9.4
3386	9.3
3387	4.7
3388	4.1
3389	9.6
3390	9.7
3391	9.5
3392	10.1
3393	4.9
3394	10.3
3395	9.7
3396	10.5
3397	10.4
3398	9
3399	8.6
3400	120.7
3401	133.8
3402	93.7
3403	133
3404	65.7
3405	75.4
3406	86.4
3407	121.8
3408	97.2
3409	118
3410	0
3411	0
3412	133
3413	157.5
3414	118.1
3415	95.6
3416	2.5
3417	151.5
3418	98.2
3419	0
3420	1.7
3421	0
3422	100.3
3423	97.3
3424	63.7
3425	125.5
3426	146.1
3427	2.1
3428	29.9
3429	133.3
3430	28.6
3431	125.3
3432	153.9
3433	83.6
3434	65.7
3435	0
3436	127.3
3437	63.6
3438	0
3439	0
3440	100
3441	130.8
3442	0.3
3443	60.5
3444	68.1
3445	0
3446	0
3447	0.1
3448	0.4
3449	67.9
3450	0
3451	99.9
3452	90.2
3453	66.2
3454	60.9
3455	104.2
3456	2.5
3457	197.8
3458	73.3
3459	1.1
3460	95.3
3461	15.4
3462	136.3
3463	131.2
3464	0.8
3465	1.7
3466	44.1
3467	70.8
3468	80.8
3469	48.3
3470	55.6
3471	111.1
3472	35.4
3473	143
3474	84
3475	0
3476	0
3477	55.2
3478	47.2
3479	0
3480	54.3
3481	92.6
3482	30.3
3483	36.7
3484	70.1
3485	20.7
3486	0
3487	51.6
3488	32.2
3489	100.6
3490	113.7
3491	0.1
3492	76
3493	27
3494	75.2
3495	155.4
3496	13.3
3497	33.2
3498	23.1
3499	105
3500	29.2
3501	12.9
3502	13.1
3503	0
3504	0
3505	55.7
3506	91.5
3507	0
3508	42.2
3509	13
3510	0
3511	39.1
3512	39.7
3513	16.9
3514	33.1
3515	47.8
3516	34.7
3517	29.9
3518	37.6
3519	39
3520	0.1
3521	0.1
3522	126.2
3523	40.2
3524	35.7
3525	32.9
3526	13.3
3527	30.5
3528	131.4
3529	52
3530	49
3531	175.4
3532	28
3533	0.2
3534	0.1
3535	60.4
3536	33.2
3537	9.8
3538	0.1
3539	50.9
3540	140.3
3541	45.8
3542	41
3543	54.9
3544	58.3
3545	132
3546	43.7
3547	34.9
3548	38.8
3549	51.9
3550	48
3551	56.8
3552	39.4
3553	48.4
3554	61.6
3555	51.4
3556	65.9
3557	26.2
3558	48.7
3559	26.2
3560	65.2
3561	39.1
3562	13
3563	63.4
3564	15.5
3565	16.4
3566	14.3
3567	64.8
3568	66.9
3569	79.5
3570	69
3571	74.1
3572	13.1
3573	86.2
3574	36.6
3575	15.8
3576	83.8
3577	101.6
3578	23.7
3579	11.7
3580	11.6
3581	11.5
3582	33.2
3583	11.3
3584	62
3585	12.2
3586	70.2
3587	11.7
3588	4.4
3589	11.4
3590	5.1
3591	8.9
3592	5.5
3593	3.7
3594	9.7
