"COMID"	"Value"
1	6
2	6.4
3	8.9
4	0.7
5	8.4
6	0
7	5.7
8	6.5
9	5.6
10	0
11	0.8
12	5.6
13	0.2
14	17.5
15	6.6
16	4.3
17	6.8
18	1.6
19	5
20	8.1
21	6.7
22	19
23	0
24	5.6
25	5.7
26	0.3
27	5.2
28	4.8
29	3.9
30	0
31	5.2
32	2.2
33	18.4
34	5.6
35	0.5
36	5.6
37	7.5
38	0
39	5.6
40	163.6
41	13.4
42	6.6
43	296.6
44	5.3
45	6.4
46	0.2
47	2.4
48	18.2
49	5.4
50	7.5
51	5.6
52	1.1
53	5.6
54	21.1
55	18.3
56	14.5
57	224.8
58	5.6
59	6.5
60	5.6
61	5.6
62	5.6
63	2.7
64	5.1
65	5.6
66	0.7
67	9.9
68	2.4
69	1.2
70	1
71	0
72	6.6
73	5.6
74	2
75	1
76	1
77	0.1
78	1.2
79	13.2
80	1
81	0.3
82	0
83	5.6
84	0
85	4.2
86	2.4
87	5.6
88	5.6
89	1.1
90	5.2
91	7.5
92	10.2
93	4.3
94	5.6
95	5
96	7.5
97	15.5
98	0
99	1.1
100	10.3
101	1.2
102	3.9
103	5.6
104	0
105	7.5
106	11.2
107	1.2
108	0
109	7.5
110	7.5
111	0
112	12.2
113	1
114	10.6
115	3.4
116	2.4
117	4.9
118	7.6
119	0
120	3.2
121	1.1
122	3.7
123	0
124	4.7
125	2.6
126	6.9
127	1.1
128	8.2
129	5.6
130	1
131	2.3
132	1
133	5.5
134	3.5
135	11.1
136	2.6
137	12.2
138	1
139	1
140	3.6
141	3.5
142	1
143	0
144	3.4
145	1
146	8.1
147	2.4
148	14.6
149	14.5
150	8.2
151	0.1
152	5.9
153	1
154	7.2
155	0
156	1
157	9.7
158	1
159	2.3
160	4.4
161	1
162	1
163	1.1
164	1
165	0
166	1
167	3.8
168	0
169	6.8
170	3.7
171	2.5
172	1
173	1
174	7.5
175	1.2
176	8.9
177	2.4
178	2
179	4.6
180	1
181	0
182	3.4
183	0
184	1
185	1
186	3.4
187	1.6
188	1
189	1
190	3.4
191	1
192	2.8
193	1
194	8.5
195	0
196	1
197	2.4
198	1
199	3.3
200	1
201	1
202	1
203	1
204	1
205	1
206	0.8
207	1.1
208	8.2
209	3.6
210	2.5
211	2.4
212	3.6
213	2.9
214	1
215	2.9
216	1.7
217	2.3
218	1.1
219	1.2
220	1
221	0.1
222	3.7
223	6.5
224	0
225	1.4
226	3.2
227	0
228	4.5
229	1
230	0
231	2.4
232	1.6
233	7
234	0.8
235	0
236	2.2
237	1.2
238	1.4
239	1.2
240	2.9
241	1.6
242	0
243	0
244	5.6
245	4.6
246	4.6
247	0
248	0
249	0
250	5.2
251	1.3
252	23.1
253	1.5
254	0
255	0
256	0
257	0
258	0
259	0
260	0
261	4.7
262	0.8
263	0
264	0
265	0
266	3
267	5.1
268	10.5
269	5.8
270	0
271	2.5
272	0.7
273	4.4
274	0
275	0.7
276	0.1
277	1
278	0.4
279	0
280	0.6
281	0.6
282	4.2
283	1
284	1
285	0
286	0.4
287	27.6
288	1
289	1
290	1
291	8.9
292	1
293	0
294	12.1
295	1
296	3.3
297	4.4
298	0
299	0.3
300	4.3
301	1
302	4.2
303	3.3
304	1
305	4
306	1
307	4.1
308	1.2
309	1
310	3.2
311	3.8
312	3.6
313	3.3
314	1
315	1
316	1
317	0
318	1
319	0.1
320	3.6
321	1
322	3.2
323	3.6
324	1
325	0.1
326	9.5
327	1
328	1
329	1
330	0
331	1
332	1
333	1
334	1
335	0.2
336	1
337	0.1
338	1
339	1
340	1
341	1
342	0
343	1
344	0
345	1
346	0.1
347	1
348	1
349	1
350	1
351	1
352	1
353	1.3
354	1
355	0
356	1
357	0
358	1
359	0
360	1
361	1
362	1
363	1
364	0
365	1.1
366	5.6
367	0
368	8.8
369	0
370	1.3
371	0
372	5.6
373	5.7
374	0
375	7.6
376	8.3
377	1.3
378	5.7
379	0
380	1.4
381	0
382	0
383	1.3
384	0.1
385	0
386	0
387	28.1
388	1.2
389	2.3
390	27.3
391	5.6
392	2.3
393	0
394	5.6
395	0
396	0
397	0
398	5.6
399	0.2
400	5.6
401	2.2
402	0
403	0
404	0
405	0
406	10.3
407	0.2
408	0
409	0
410	17.4
411	1.6
412	0
413	18.4
414	0
415	0
416	0
417	0
418	0
419	6
420	0
421	0.1
422	0.1
423	1.1
424	7.2
425	11.9
426	0
427	55.2
428	7
429	1.3
430	29.2
431	0
432	5.6
433	9.1
434	5.6
435	5.6
436	6.5
437	0.3
438	18.2
439	0
440	1.2
441	20.5
442	4.8
443	6.6
444	5.6
445	36.2
446	5.6
447	39.9
448	28
449	5.6
450	6
451	0
452	11.2
453	0
454	5.6
455	5.8
456	5.6
457	2.3
458	13.7
459	17.2
460	5.6
461	7.6
462	19.1
463	7.5
464	1
465	20.7
466	0
467	8.9
468	1
469	5.3
470	1
471	1
472	1.2
473	1.4
474	1
475	0
476	0
477	19
478	1
479	5.8
480	1.4
481	0
482	0
483	2.7
484	5.6
485	5
486	0.1
487	5.5
488	1
489	0
490	0.9
491	6
492	1.3
493	0
494	7.1
495	0.2
496	0
497	4.2
498	5.4
499	0
500	3.7
501	21.1
502	8.2
503	5.6
504	5.6
505	3.5
506	3.8
507	4.8
508	3.4
509	3.7
510	28.5
511	6.3
512	6.6
513	0
514	3.4
515	0
516	5.6
517	4.5
518	5.6
519	5.7
520	0.2
521	5
522	5.6
523	0
524	1.6
525	2.5
526	5.7
527	4.4
528	5.6
529	0
530	23.1
531	16.8
532	2.8
533	6.9
534	1.3
535	24.1
536	1.4
537	0
538	0
539	0.8
540	5.6
541	14.4
542	17.3
543	1.4
544	0
545	0.1
546	18.3
547	8.2
548	0
549	0.1
550	0.8
551	14.2
552	11.4
553	1.2
554	0
555	5.6
556	12.2
557	5.8
558	0
559	6.3
560	15.1
561	1.3
562	20
563	0
564	13.9
565	6.3
566	17.8
567	5.6
568	17.1
569	6
570	0
571	1.3
572	14.4
573	5.7
574	9.6
575	5.6
576	0
577	0
578	6.3
579	7.5
580	15.4
581	0
582	5.4
583	5.6
584	5.6
585	0
586	7.1
587	17.7
588	0.1
589	30.8
590	0
591	2.5
592	8.4
593	15.1
594	6
595	1.6
596	5.6
597	0
598	5.6
599	18.1
600	5.9
601	5.6
602	0
603	0.5
604	0.3
605	0
606	0.9
607	5.6
608	5.7
609	0
610	5.6
611	1.1
612	0
613	0
614	22.4
615	0.2
616	0
617	31.5
618	0.3
619	6.1
620	5.9
621	0.1
622	58.4
623	72.7
624	28.6
625	5.6
626	5.6
627	15.9
628	5.6
629	6
630	35.2
631	5.6
632	0.5
633	6.9
634	0
635	6.2
636	6
637	6
638	5.6
639	0.5
640	0.2
641	22.9
642	0
643	24.6
644	0
645	0.6
646	7
647	5.6
648	1.5
649	14.9
650	5.6
651	50.7
652	5.6
653	0
654	5.6
655	0
656	5.6
657	33.3
658	1.2
659	22
660	0
661	1.2
662	6.7
663	19.3
664	5.6
665	5.6
666	5.6
667	1.3
668	44
669	1.3
670	5.6
671	5.6
672	5.6
673	6.8
674	0.3
675	7.2
676	6.2
677	24.8
678	5.8
679	5.6
680	0
681	6.9
682	12.4
683	36.8
684	14.6
685	5.6
686	25.4
687	0
688	7.5
689	5.6
690	7
691	1.2
692	21.3
693	5.7
694	0.2
695	1.2
696	11.2
697	5.6
698	14
699	19.1
700	7
701	0.3
702	9.7
703	7
704	16.3
705	26.5
706	5.7
707	29.9
708	7.5
709	28
710	9.7
711	0.1
712	0.2
713	7.9
714	5.6
715	10.3
716	0
717	0.9
718	9
719	6.5
720	6.9
721	5.6
722	24.7
723	7.8
724	50.6
725	5.6
726	0
727	0.3
728	54.3
729	0.3
730	10.3
731	5.7
732	0.2
733	5.8
734	6.8
735	0.2
736	5.7
737	18.2
738	6.8
739	15.2
740	46.7
741	29.2
742	3
743	12.1
744	0.1
745	0
746	6.8
747	7
748	0
749	16.5
750	5.6
751	6.6
752	7.6
753	7.1
754	8
755	5.2
756	6.6
757	2.6
758	1
759	5.6
760	6.6
761	5.6
762	7.1
763	7
764	24.8
765	6.8
766	0.1
767	1.1
768	3.9
769	25.2
770	4.4
771	0.6
772	0.9
773	6.4
774	6.4
775	1.2
776	5.6
777	14.5
778	6.6
779	0
780	26.9
781	5.9
782	270.6
783	234.8
784	308.3
785	297.5
786	179.8
787	292.6
788	125.2
789	167.9
790	181
791	177.8
792	148.9
793	153.9
794	295
795	309.9
796	142.6
797	311
798	108.4
799	143.6
800	202.6
801	168.2
802	179.3
803	158.2
804	113.9
805	125
806	114.5
807	68.5
808	162.5
809	231.5
810	307.6
811	106.8
812	212.1
813	128.9
814	166
815	165.7
816	102.1
817	90
818	196.4
819	314.7
820	124.2
821	86.6
822	181.5
823	111.3
824	218.4
825	74.2
826	241.9
827	199.4
828	201.6
829	87.2
830	212.6
831	98
832	205
833	90.4
834	145.9
835	147.3
836	200.5
837	39.1
838	117.8
839	106.4
840	149.7
841	113.5
842	80
843	14
844	154.5
845	113.3
846	119.1
847	142.7
848	101.1
849	79.5
850	163.6
851	153.7
852	83
853	93.1
854	119.8
855	90.2
856	100.3
857	96.5
858	151.4
859	84.7
860	83.1
861	133.7
862	7.3
863	89.6
864	80.1
865	118.7
866	78.1
867	63.4
868	163.4
869	83.6
870	29.9
871	85.8
872	81
873	8.6
874	81.9
875	132.4
876	97.8
877	91.5
878	87.2
879	111.3
880	106.6
881	105.6
882	94.6
883	58.4
884	96.7
885	100.3
886	6.6
887	91.1
888	101
889	93.1
890	100
891	114.9
892	88.9
893	114.9
894	6.8
895	91
896	139.4
897	109.6
898	89.8
899	128.3
900	121.4
901	136.5
902	156.9
903	132.9
904	110.1
905	134.4
906	148.1
907	105.9
908	84.4
909	105.4
910	0
911	114.2
912	102.4
913	116.9
914	101.5
915	0
916	115.5
917	109.9
918	115.7
919	97.3
920	115.8
921	58.6
922	130.7
923	14.2
924	121.3
925	101.9
926	182.6
927	117.7
928	1
929	92.2
930	101.8
931	112
932	1.8
933	126.2
934	0
935	113.2
936	135.2
937	147.8
938	122.9
939	99.5
940	94.5
941	83.9
942	107.6
943	0
944	123.2
945	200.7
946	147.6
947	0
948	126.1
949	170.3
950	172.5
951	91.5
952	101.2
953	1.8
954	2.2
955	98.1
956	133.1
957	103.3
958	1.5
959	101.5
960	113.4
961	96.8
962	165.2
963	129.3
964	0
965	140.9
966	97.5
967	0
968	104.9
969	108.2
970	26.9
971	158.3
972	178
973	121.7
974	105.5
975	107.6
976	93.6
977	155.6
978	1.7
979	97.7
980	95.8
981	121.6
982	129
983	140.9
984	94.5
985	158.3
986	147.5
987	1.9
988	151.8
989	137
990	0
991	117.7
992	0
993	167.7
994	134.3
995	144.2
996	136.3
997	154.2
998	2.3
999	141.6
1000	0
1001	1.9
1002	128.1
1003	0
1004	123.4
1005	1.4
1006	194.5
1007	0
1008	1.6
1009	0
1010	111.5
1011	148.8
1012	171.2
1013	1.6
1014	163.2
1015	2.1
1016	0
1017	177.2
1018	2.4
1019	1.7
1020	115.2
1021	150.1
1022	110.8
1023	180.7
1024	171
1025	82.6
1026	135.6
1027	131.3
1028	125.6
1029	1.7
1030	0.3
1031	0
1032	0
1033	0.3
1034	102.1
1035	0.1
1036	143.3
1037	89.8
1038	94.5
1039	0.8
1040	1.5
1041	78.5
1042	1.5
1043	0
1044	0.5
1045	1.9
1046	2.1
1047	170.7
1048	162.2
1049	132.1
1050	0
1051	156.4
1052	143.1
1053	2
1054	103.1
1055	176.1
1056	92.8
1057	0.2
1058	127.4
1059	0.3
1060	112.2
1061	0
1062	90.6
1063	164.1
1064	0.1
1065	0.4
1066	167.7
1067	0.3
1068	0.4
1069	0.1
1070	142.8
1071	102.1
1072	0.1
1073	0.1
1074	150.2
1075	0
1076	150
1077	0.4
1078	108.4
1079	125.5
1080	1.7
1081	0.4
1082	163.5
1083	0.2
1084	129.4
1085	135.7
1086	140
1087	0
1088	0.2
1089	0.7
1090	100.9
1091	151.7
1092	0.2
1093	1.4
1094	0.1
1095	3.6
1096	3.2
1097	139.8
1098	2.7
1099	0
1100	0
1101	0.1
1102	99
1103	0.1
1104	1.3
1105	3.5
1106	0.8
1107	0.2
1108	1.4
1109	103.4
1110	0.1
1111	0.2
1112	154.6
1113	129.7
1114	120.6
1115	1.6
1116	0.9
1117	140.4
1118	1.2
1119	1.6
1120	2.7
1121	1.3
1122	2.2
1123	2
1124	99.8
1125	1.2
1126	139.1
1127	0.9
1128	141
1129	149.9
1130	1.5
1131	0.1
1132	128.3
1133	145.8
1134	1
1135	0
1136	0.1
1137	1.3
1138	0.9
1139	1
1140	103.7
1141	2.4
1142	0
1143	144
1144	2.2
1145	2
1146	1.7
1147	1.4
1148	131.9
1149	1.5
1150	0.8
1151	1.6
1152	140
1153	124.3
1154	0
1155	0
1156	89.8
1157	0.8
1158	0
1159	84.7
1160	4.1
1161	0
1162	2.4
1163	1.6
1164	119
1165	0
1166	134.5
1167	131.4
1168	110.2
1169	142.1
1170	99.9
1171	2.1
1172	95.2
1173	1.6
1174	127.7
1175	1.2
1176	60
1177	0
1178	1.6
1179	147.2
1180	1.4
1181	2
1182	1.8
1183	0
1184	0
1185	136
1186	110.2
1187	0.9
1188	1.9
1189	2.7
1190	1.2
1191	117.3
1192	1.8
1193	118.7
1194	2.6
1195	128.4
1196	1.4
1197	0
1198	0.1
1199	90
1200	26.4
1201	3.3
1202	1.8
1203	0
1204	1.2
1205	2.4
1206	0.1
1207	1.1
1208	0.2
1209	2.8
1210	128.2
1211	144.8
1212	0
1213	106.6
1214	100.9
1215	2.4
1216	126.5
1217	105.8
1218	0.1
1219	0.1
1220	84.1
1221	2.1
1222	1.8
1223	4.2
1224	2.6
1225	130
1226	103
1227	103.7
1228	1.8
1229	2.2
1230	125
1231	0.1
1232	97.2
1233	2.2
1234	1.9
1235	1.9
1236	0.1
1237	122
1238	129.4
1239	0
1240	2.3
1241	99
1242	106.1
1243	2.1
1244	3.1
1245	98.7
1246	104.2
1247	83.9
1248	29.2
1249	163.6
1250	91.3
1251	1.8
1252	0
1253	2.3
1254	1.6
1255	0
1256	77.1
1257	2.7
1258	2.7
1259	0
1260	90.6
1261	104.1
1262	0.1
1263	2.6
1264	1.7
1265	161.1
1266	106.7
1267	0
1268	107.3
1269	28.6
1270	104.3
1271	3.7
1272	0.9
1273	1.9
1274	111.6
1275	2.7
1276	73.9
1277	95.7
1278	132.8
1279	26.5
1280	0.1
1281	3.7
1282	0
1283	198.8
1284	31.8
1285	1.4
1286	192.9
1287	1.8
1288	1.9
1289	99.8
1290	2.9
1291	101.6
1292	2.4
1293	25.8
1294	1.3
1295	146.6
1296	0.1
1297	30.4
1298	92.7
1299	3.4
1300	3.5
1301	0
1302	2.3
1303	3
1304	36.1
1305	214.3
1306	0
1307	141
1308	4
1309	0
1310	119.6
1311	103.1
1312	108.3
1313	4.4
1314	142.6
1315	0
1316	95
1317	79.6
1318	3.4
1319	93.1
1320	85.8
1321	0.1
1322	0
1323	0
1324	1.6
1325	82.4
1326	0.1
1327	0.1
1328	103.4
1329	32.7
1330	119.5
1331	78.5
1332	25.7
1333	71.3
1334	124
1335	3.7
1336	89.1
1337	0.1
1338	0.1
1339	4.1
1340	1.3
1341	123.9
1342	108.3
1343	0
1344	0
1345	4.1
1346	0
1347	128.6
1348	76.3
1349	2.5
1350	0
1351	80
1352	30
1353	108.1
1354	0.1
1355	78.6
1356	27.3
1357	78
1358	80
1359	2.5
1360	0.1
1361	2
1362	74.8
1363	0.1
1364	0.6
1365	110.7
1366	0.1
1367	0
1368	81.1
1369	0.1
1370	1.5
1371	0.2
1372	0.8
1373	59.4
1374	0.5
1375	114.5
1376	32
1377	1
1378	2.4
1379	2.9
1380	99.2
1381	0
1382	71.9
1383	0.2
1384	0.7
1385	29.4
1386	88.3
1387	0.1
1388	0.1
1389	0.1
1390	81.3
1391	161.5
1392	95.1
1393	0.1
1394	0.2
1395	101.4
1396	0
1397	172.9
1398	0.1
1399	0.1
1400	75
1401	0.2
1402	0.2
1403	114.1
1404	1.5
1405	0.3
1406	0.2
1407	0.1
1408	0.1
1409	176.8
1410	0.1
1411	108.6
1412	0.4
1413	122
1414	1
1415	195.8
1416	71.8
1417	0.2
1418	112.3
1419	0.1
1420	1
1421	0.2
1422	0.5
1423	54.6
1424	87.4
1425	0.1
1426	114.7
1427	0.9
1428	0.3
1429	0.2
1430	70.3
1431	117.1
1432	0.2
1433	68.3
1434	0.2
1435	73.9
1436	0.1
1437	0.1
1438	0.1
1439	1
1440	71.7
1441	69.3
1442	0.1
1443	81.1
1444	0.3
1445	0.1
1446	171.2
1447	0.2
1448	150.6
1449	0.1
1450	0.4
1451	0.1
1452	0.1
1453	142.5
1454	53.8
1455	0.4
1456	0.2
1457	120.2
1458	73.8
1459	1.4
1460	0.2
1461	71.9
1462	0
1463	0.1
1464	0.1
1465	0.2
1466	154.3
1467	0.1
1468	0.1
1469	72.8
1470	175
1471	0.1
1472	0.1
1473	145.6
1474	0.6
1475	150.5
1476	0.1
1477	0.5
1478	147
1479	84.7
1480	0.1
1481	66.2
1482	71.2
1483	0.1
1484	0.5
1485	57.7
1486	0.2
1487	0.1
1488	124.1
1489	60
1490	0.2
1491	78.1
1492	78.5
1493	140.9
1494	152.3
1495	0
1496	69
1497	74.3
1498	0.1
1499	73.7
1500	1.4
1501	84.2
1502	139.5
1503	0.4
1504	0
1505	71.5
1506	138
1507	0.3
1508	0.6
1509	60.2
1510	0.2
1511	0.6
1512	0.2
1513	110.2
1514	0.2
1515	0.1
1516	0.1
1517	100.7
1518	0.3
1519	83.7
1520	0.2
1521	0.1
1522	0.3
1523	0.1
1524	0
1525	0.1
1526	0.2
1527	72.6
1528	0.2
1529	87.3
1530	158.9
1531	0.5
1532	0.7
1533	0.8
1534	114.3
1535	29.5
1536	114.7
1537	0.1
1538	44.1
1539	0.3
1540	0.1
1541	0.1
1542	0.1
1543	74
1544	0.3
1545	0.1
1546	35.8
1547	107.8
1548	0.1
1549	0.1
1550	0.1
1551	0
1552	78.9
1553	131.3
1554	78.7
1555	121.7
1556	88.6
1557	0.9
1558	0.3
1559	70.2
1560	0.9
1561	0.1
1562	0.3
1563	1.5
1564	0
1565	81.5
1566	0.8
1567	0.1
1568	0.2
1569	129.7
1570	89.8
1571	0.1
1572	0.3
1573	124.1
1574	0.6
1575	132.3
1576	157
1577	118.5
1578	0.1
1579	0.1
1580	101.1
1581	112.4
1582	79.4
1583	91.2
1584	32.8
1585	116.4
1586	84
1587	0.1
1588	108.6
1589	0.8
1590	3.1
1591	0.1
1592	109.2
1593	1
1594	76.5
1595	87.3
1596	119.8
1597	0.1
1598	100.2
1599	164.1
1600	112.1
1601	59.3
1602	112.7
1603	93.1
1604	129
1605	4
1606	0.1
1607	0.3
1608	84.3
1609	0.2
1610	101.5
1611	2.5
1612	94.6
1613	156.4
1614	75.4
1615	170.9
1616	139.9
1617	0.1
1618	125.4
1619	2.8
1620	175.9
1621	118.2
1622	273.3
1623	0.2
1624	92.5
1625	115.2
1626	242.6
1627	0.2
1628	119.3
1629	0.2
1630	221
1631	83.6
1632	96.6
1633	0
1634	104
1635	111.9
1636	149
1637	195.3
1638	115
1639	2.7
1640	0.1
1641	110.8
1642	89.2
1643	158.6
1644	0.4
1645	77
1646	148.5
1647	0.2
1648	4.2
1649	1
1650	2.6
1651	159.6
1652	125.3
1653	1.1
1654	205.2
1655	133.1
1656	255
1657	79.3
1658	213.7
1659	167.9
1660	103.5
1661	4
1662	0.3
1663	126.4
1664	3.4
1665	0.7
1666	270.1
1667	103.6
1668	143.5
1669	100.5
1670	6.4
1671	132.2
1672	167.6
1673	182.1
1674	154.7
1675	117.3
1676	7.7
1677	17.1
1678	1.1
1679	99.2
1680	158.8
1681	110.3
1682	0.6
1683	80.4
1684	128.2
1685	80.2
1686	76.2
1687	108.4
1688	106.9
1689	10.8
1690	201.2
1691	5.6
1692	141.3
1693	14.9
1694	92.2
1695	158.9
1696	0.1
1697	148.1
1698	0.7
1699	2.8
1700	92.9
1701	137.4
1702	150.6
1703	107.2
1704	0.1
1705	1.5
1706	131
1707	0.4
1708	0.4
1709	128.7
1710	7.4
1711	2.2
1712	127.7
1713	119.2
1714	125.3
1715	147.9
1716	67
1717	141
1718	2.8
1719	69.4
1720	89.4
1721	208.7
1722	70.5
1723	99.9
1724	73.4
1725	171.8
1726	88.6
1727	139.8
1728	108.9
1729	16.4
1730	109.4
1731	4.8
1732	98.9
1733	132.3
1734	8.4
1735	126.1
1736	0.5
1737	126.2
1738	65.2
1739	122.3
1740	0.2
1741	15.4
1742	2.4
1743	77.2
1744	121.8
1745	112.5
1746	93.6
1747	101.6
1748	123
1749	87
1750	61.9
1751	79.5
1752	94.7
1753	122.5
1754	146.6
1755	84.2
1756	126
1757	113.9
1758	120
1759	87.9
1760	111.4
1761	117.8
1762	105.1
1763	128.2
1764	142.9
1765	5.5
1766	137.9
1767	115.6
1768	0.2
1769	121.5
1770	112.5
1771	109
1772	0.3
1773	129
1774	91.8
1775	0
1776	86.4
1777	129.4
1778	1.5
1779	2.8
1780	1
1781	122.9
1782	120.6
1783	95.6
1784	91.6
1785	114.5
1786	117.2
1787	132.3
1788	152
1789	82.6
1790	1.9
1791	84.2
1792	65
1793	122.4
1794	65.1
1795	116.4
1796	147.2
1797	179.7
1798	71.3
1799	0
1800	105.5
1801	143.8
1802	117.2
1803	0.2
1804	107.6
1805	3.8
1806	129.5
1807	129.7
1808	91.4
1809	152
1810	193.8
1811	68.1
1812	0
1813	135.9
1814	80.6
1815	76.5
1816	141.4
1817	121.9
1818	99.2
1819	119.5
1820	174.2
1821	127.5
1822	128
1823	72.2
1824	0.1
1825	186.7
1826	138.1
1827	74.5
1828	76.6
1829	102.6
1830	0.2
1831	90.2
1832	0
1833	106.8
1834	0
1835	117.6
1836	118.8
1837	0
1838	0
1839	197.1
1840	104.5
1841	95.6
1842	91.4
1843	192.8
1844	88.8
1845	81.2
1846	0
1847	81
1848	197.5
1849	179
1850	184.2
1851	104
1852	64.4
1853	138.1
1854	196.9
1855	117.9
1856	97.3
1857	0
1858	103.1
1859	59.3
1860	100.7
1861	0
1862	100.5
1863	0
1864	89.1
1865	109.7
1866	171
1867	0
1868	158
1869	123.2
1870	42.5
1871	127.6
1872	106.6
1873	149.6
1874	146.2
1875	0
1876	110.7
1877	0
1878	0
1879	140.3
1880	190
1881	103.8
1882	0
1883	145.8
1884	129.2
1885	93.9
1886	106.3
1887	0
1888	124.5
1889	0.2
1890	159.1
1891	42.8
1892	128.6
1893	74.4
1894	91.8
1895	98.3
1896	88.9
1897	101.9
1898	154.7
1899	137
1900	0
1901	138.4
1902	119.5
1903	185.1
1904	142.2
1905	83
1906	0
1907	0
1908	78.6
1909	33.8
1910	32.3
1911	126
1912	85.3
1913	0
1914	61.3
1915	0
1916	107.9
1917	99.8
1918	81.9
1919	0.1
1920	0
1921	192.4
1922	0.2
1923	0.1
1924	0
1925	123.5
1926	102.1
1927	133.8
1928	67.4
1929	0
1930	0
1931	0
1932	79.4
1933	119.5
1934	72.9
1935	0
1936	206.1
1937	0
1938	129
1939	111.7
1940	0
1941	121.9
1942	49.1
1943	0.1
1944	184
1945	0
1946	0.1
1947	0.2
1948	0
1949	93.3
1950	74.9
1951	0
1952	50.1
1953	48.1
1954	0.1
1955	48
1956	106.2
1957	161
1958	0
1959	47.5
1960	79.1
1961	56.5
1962	111.7
1963	0
1964	0.1
1965	0.3
1966	59.9
1967	30.6
1968	60.4
1969	0
1970	114.1
1971	0.2
1972	0.1
1973	0.1
1974	96.6
1975	43.3
1976	34.7
1977	40.6
1978	121.9
1979	76.5
1980	0.1
1981	88.4
1982	68.2
1983	0.2
1984	0.2
1985	46.3
1986	50.5
1987	115.2
1988	43.3
1989	82.7
1990	64.9
1991	0.1
1992	0
1993	44.2
1994	131.8
1995	85.6
1996	0.1
1997	38.1
1998	176.3
1999	0
2000	56.3
2001	121.4
2002	56.3
2003	44.5
2004	0
2005	0.1
2006	46.8
2007	0.3
2008	15.1
2009	0
2010	31
2011	73
2012	0.1
2013	50.1
2014	68.6
2015	54.1
2016	0.1
2017	0
2018	38.8
2019	0.1
2020	0.1
2021	23.9
2022	26.7
2023	46
2024	68.2
2025	131.7
2026	0
2027	43.8
2028	164.1
2029	85.4
2030	0.1
2031	66.2
2032	11.7
2033	0.1
2034	0
2035	37
2036	67.4
2037	96.4
2038	71.5
2039	0
2040	0
2041	86.8
2042	43.5
2043	100.2
2044	155.1
2045	0.1
2046	0.1
2047	42.5
2048	0
2049	0
2050	131.8
2051	23.9
2052	0.2
2053	26.2
2054	40.6
2055	45.3
2056	96.9
2057	62.9
2058	84.4
2059	0
2060	32.5
2061	10.6
2062	144.5
2063	0
2064	33.7
2065	0.1
2066	0.1
2067	53.4
2068	0
2069	131.5
2070	23.3
2071	44
2072	0
2073	70.5
2074	126.1
2075	0
2076	66.6
2077	0
2078	90.2
2079	0.1
2080	0
2081	99.3
2082	0.1
2083	30.3
2084	72.4
2085	0
2086	57
2087	0
2088	182.6
2089	55.8
2090	129.7
2091	55.6
2092	76.2
2093	81.4
2094	0
2095	33.4
2096	0.2
2097	30.1
2098	92.9
2099	37.4
2100	104.9
2101	0
2102	67.2
2103	0
2104	0
2105	0.1
2106	0
2107	0.1
2108	94.7
2109	0
2110	0.1
2111	0
2112	88.1
2113	55.4
2114	0
2115	112.9
2116	116.2
2117	55.4
2118	29
2119	15.9
2120	158.3
2121	24.4
2122	91.9
2123	0.1
2124	114.6
2125	41.7
2126	0.1
2127	20.8
2128	0
2129	0
2130	0.1
2131	60
2132	71.7
2133	0.1
2134	0
2135	14.4
2136	238.3
2137	24.9
2138	20.9
2139	109.7
2140	0
2141	140.1
2142	59.4
2143	0
2144	0
2145	111.3
2146	28.3
2147	31.2
2148	83.3
2149	0.1
2150	48.1
2151	0
2152	109.1
2153	353
2154	100.7
2155	0
2156	0
2157	0.1
2158	31.7
2159	21.8
2160	371.3
2161	0
2162	0
2163	128.6
2164	0
2165	32.8
2166	0
2167	0
2168	0.1
2169	82.6
2170	0
2171	0.1
2172	0
2173	78
2174	0
2175	9.4
2176	0.1
2177	259.3
2178	25.8
2179	0.1
2180	29.2
2181	377
2182	0
2183	0
2184	0
2185	121
2186	4.9
2187	23.6
2188	0
2189	0
2190	27.7
2191	0.1
2192	0
2193	0
2194	131.6
2195	27.1
2196	0
2197	236.3
2198	0
2199	373
2200	0
2201	4.2
2202	22.7
2203	0.1
2204	0
2205	0.1
2206	43.3
2207	24.8
2208	24.6
2209	0.1
2210	382
2211	0.1
2212	59.3
2213	153.8
2214	0
2215	36
2216	22.2
2217	0
2218	0
2219	218.6
2220	16.3
2221	0
2222	288.1
2223	0
2224	0.2
2225	63.6
2226	19.4
2227	319
2228	0.1
2229	0.2
2230	62.4
2231	0
2232	71.2
2233	0
2234	197.4
2235	0.1
2236	0
2237	0.2
2238	0.1
2239	25.2
2240	0.2
2241	63
2242	0
2243	0.1
2244	0.1
2245	286.8
2246	0
2247	0.1
2248	341.6
2249	60.5
2250	0
2251	12.8
2252	184
2253	0.1
2254	25.5
2255	0.1
2256	149.3
2257	16
2258	0
2259	276.7
2260	0
2261	0
2262	0
2263	421
2264	408.8
2265	297.5
2266	0.1
2267	0.1
2268	78.8
2269	27.5
2270	0.1
2271	105.3
2272	0.1
2273	22.3
2274	0.1
2275	149.8
2276	22.8
2277	0.1
2278	0.1
2279	0
2280	0.1
2281	0.2
2282	565.9
2283	33
2284	0.1
2285	350.5
2286	100.5
2287	18.9
2288	137.6
2289	0.1
2290	0.1
2291	0
2292	394.9
2293	21.4
2294	34.5
2295	171.5
2296	150.3
2297	531
2298	0
2299	15.5
2300	0
2301	0.1
2302	0
2303	0.1
2304	0.1
2305	0
2306	111.8
2307	279.2
2308	0.1
2309	67.8
2310	512
2311	0.6
2312	0.3
2313	0.1
2314	0.1
2315	0.7
2316	0
2317	473.7
2318	0
2319	0
2320	168.1
2321	188
2322	0.2
2323	0.1
2324	488.2
2325	147.6
2326	71.1
2327	0
2328	371.6
2329	0.1
2330	0.4
2331	0.4
2332	42.1
2333	0.1
2334	159.4
2335	0.5
2336	59.1
2337	0.3
2338	103.4
2339	32
2340	203.6
2341	67.8
2342	0.4
2343	75
2344	0.3
2345	72.2
2346	62.1
2347	0
2348	0.2
2349	59.1
2350	0.1
2351	142.9
2352	0.1
2353	55.2
2354	0.3
2355	100.2
2356	1
2357	0.4
2358	22.9
2359	149.7
2360	56.5
2361	53.5
2362	43.5
2363	186.4
2364	68.9
2365	55.7
2366	1.6
2367	0.5
2368	62.7
2369	46.4
2370	130.2
2371	0.2
2372	38.1
2373	74.8
2374	17.3
2375	0.4
2376	0.8
2377	87.6
2378	55.7
2379	52
2380	55.1
2381	38.4
2382	167.8
2383	1.1
2384	1
2385	14.5
2386	0.2
2387	0.1
2388	49.2
2389	130.9
2390	36.9
2391	29.4
2392	200.8
2393	1.5
2394	148.7
2395	40.6
2396	54.6
2397	1
2398	13
2399	68.3
2400	1
2401	66.7
2402	216
2403	43.6
2404	21.8
2405	33.7
2406	37.4
2407	2.5
2408	71.4
2409	79.6
2410	66.3
2411	94.5
2412	112.2
2413	0.5
2414	22.6
2415	98.2
2416	52.4
2417	45.8
2418	75
2419	49.1
2420	171.8
2421	3.1
2422	76.1
2423	45.6
2424	85.3
2425	18.2
2426	3
2427	0.4
2428	186.7
2429	3.6
2430	1.8
2431	50.4
2432	0.4
2433	218.5
2434	19.6
2435	0.2
2436	0.4
2437	17.4
2438	65
2439	310.4
2440	74.3
2441	4.2
2442	36.2
2443	40.7
2444	172.3
2445	55.5
2446	20.5
2447	58.8
2448	559.3
2449	1.4
2450	2.1
2451	44.4
2452	48.8
2453	482.7
2454	1.2
2455	0.9
2456	472.7
2457	0.9
2458	37.9
2459	60.3
2460	13.7
2461	499.2
2462	225.6
2463	19.3
2464	520.2
2465	2.8
2466	0.9
2467	73.6
2468	86.3
2469	61.6
2470	518.9
2471	51.2
2472	64.5
2473	18.4
2474	303.8
2475	38.8
2476	3.1
2477	59.7
2478	40.6
2479	2.4
2480	61.5
2481	132.7
2482	13.3
2483	2.7
2484	201.7
2485	96.2
2486	52.3
2487	1.7
2488	63.1
2489	503.6
2490	142.9
2491	15.4
2492	213.7
2493	2.9
2494	44.1
2495	38.1
2496	13.2
2497	84.7
2498	86.1
2499	13.7
2500	241.3
2501	81.1
2502	91.6
2503	32.5
2504	130
2505	153.2
2506	48
2507	0.8
2508	227.2
2509	3.7
2510	213.5
2511	611.4
2512	136.9
2513	58.3
2514	101.9
2515	94.4
2516	0.2
2517	18.2
2518	43.6
2519	47.7
2520	292.3
2521	103.7
2522	712
2523	17.8
2524	0.8
2525	34.6
2526	90.2
2527	82.1
2528	60.3
2529	68.8
2530	86.8
2531	100.2
2532	106.1
2533	184.4
2534	48.4
2535	98.4
2536	177.4
2537	61.9
2538	466.4
2539	464.8
2540	193.4
2541	259.7
2542	122
2543	79.2
2544	45
2545	122.5
2546	168.1
2547	66.3
2548	139.6
2549	91.9
2550	1.5
2551	29.3
2552	611.2
2553	88.4
2554	304.9
2555	86.5
2556	112.8
2557	82
2558	37.9
2559	72.7
2560	607.9
2561	78.8
2562	618.6
2563	164
2564	268.1
2565	213.8
2566	16.5
2567	104
2568	793.7
2569	83.8
2570	51.5
2571	19.5
2572	0.4
2573	2.2
2574	74.2
2575	39.9
2576	57.2
2577	81.8
2578	89.7
2579	77
2580	0.6
2581	235.6
2582	525.4
2583	167.8
2584	1.7
2585	364.6
2586	431.4
2587	79.3
2588	64.4
2589	109.4
2590	67.9
2591	91.3
2592	97.6
2593	78.4
2594	35
2595	1.6
2596	504.3
2597	104.1
2598	569.3
2599	60.7
2600	76.1
2601	77.6
2602	202.3
2603	74.9
2604	508.4
2605	92.7
2606	14
2607	377.5
2608	76.4
2609	190.1
2610	4
2611	186.5
2612	78.5
2613	86.6
2614	211.4
2615	51.7
2616	202.7
2617	618.1
2618	73.9
2619	0.9
2620	450.6
2621	31.5
2622	125.8
2623	320.6
2624	75.5
2625	330.8
2626	27
2627	88.4
2628	51
2629	1.1
2630	126.4
2631	81.8
2632	223.8
2633	108.6
2634	123
2635	94.3
2636	169.7
2637	0.6
2638	77.4
2639	84.6
2640	55.4
2641	86.2
2642	188.9
2643	484.7
2644	28
2645	509.6
2646	68.8
2647	30
2648	146.7
2649	48.9
2650	316.6
2651	0.4
2652	45.1
2653	142.7
2654	28.8
2655	80.3
2656	155
2657	29.1
2658	109.3
2659	178.7
2660	592.6
2661	167.3
2662	397.8
2663	54.7
2664	80.3
2665	41.6
2666	97.5
2667	12.1
2668	110.7
2669	114.9
2670	364.2
2671	165.5
2672	142.3
2673	0.5
2674	28.4
2675	47.1
2676	4.4
2677	335.5
2678	230.3
2679	41.8
2680	110.9
2681	161.2
2682	208.8
2683	91
2684	97.6
2685	149.6
2686	187.6
2687	159.9
2688	237.7
2689	231.2
2690	216.3
2691	222.1
2692	3.6
2693	275.8
2694	150.1
2695	0.5
2696	112.2
2697	0.7
2698	230.4
2699	45.1
2700	127.8
2701	6.8
2702	211.8
2703	102.6
2704	5.3
2705	104.7
2706	135.2
2707	30.5
2708	175.1
2709	136.2
2710	184.6
2711	139
2712	0.2
2713	69.6
2714	248.5
2715	113
2716	153.4
2717	250.7
2718	138.4
2719	133.4
2720	220.3
2721	73.6
2722	304.2
2723	153
2724	60.8
2725	113.6
2726	62.3
2727	190.4
2728	136.9
2729	158.7
2730	305.3
2731	0.1
2732	190
2733	152
2734	300
2735	145.3
2736	13.7
2737	60.4
2738	94.5
2739	64.1
2740	270.9
2741	96.1
2742	73.6
2743	61.4
2744	138.3
2745	49.6
2746	16.9
2747	65.5
2748	0.3
2749	163.9
2750	190.6
2751	180.5
2752	157.9
2753	143.2
2754	219.9
2755	49.2
2756	60.7
2757	142
2758	247.7
2759	69
2760	74.3
2761	53.7
2762	109.8
2763	120
2764	275.4
2765	245.1
2766	201.5
2767	18.1
2768	72.6
2769	63.5
2770	110
2771	194.3
2772	56.2
2773	29.5
2774	260.8
2775	417.9
2776	113
2777	168.6
2778	521.9
2779	107.3
2780	26.4
2781	181.1
2782	45.9
2783	150.8
2784	135.3
2785	111.3
2786	108.7
2787	119.9
2788	69.8
2789	415.8
2790	201.3
2791	277
2792	645.9
2793	171.3
2794	120.4
2795	61.9
2796	50.3
2797	306.7
2798	286.3
2799	135.8
2800	469.8
2801	284.6
2802	191.2
2803	65.2
2804	26.7
2805	464.5
2806	125.1
2807	274.9
2808	333.5
2809	148.8
2810	12.4
2811	614.7
2812	57.1
2813	65.7
2814	144.4
2815	636.7
2816	59.6
2817	68.3
2818	123.9
2819	143
2820	266.3
2821	237.7
2822	123.3
2823	127.2
2824	39.5
2825	78.1
2826	55
2827	26.3
2828	67.8
2829	94.8
2830	143.1
2831	257.5
2832	254.5
2833	67.3
2834	176.2
2835	131.3
2836	141.4
2837	212.3
2838	159.5
2839	362.9
2840	269.5
2841	362.6
2842	65.3
2843	81.1
2844	29.5
2845	95.1
2846	11.5
2847	387.2
2848	319.7
2849	379.8
2850	388.1
2851	64
2852	149.9
2853	137.6
2854	295.8
2855	97.6
2856	112.5
2857	123
2858	138.4
2859	112.1
2860	80.9
2861	325.1
2862	63.4
2863	30.3
2864	80.7
2865	526.4
2866	228.8
2867	139.6
2868	39.9
2869	115.6
2870	84.8
2871	276.8
2872	189.1
2873	205.3
2874	18.8
2875	110.4
2876	14.4
2877	137.9
2878	99.9
2879	29.8
2880	147.6
2881	143.8
2882	550.1
2883	90.2
2884	90.7
2885	45.4
2886	116.9
2887	32.6
2888	12.9
2889	53.1
2890	53.7
2891	468.5
2892	459
2893	145.9
2894	90.3
2895	194.7
2896	12.4
2897	186.6
2898	96.8
2899	175.7
2900	83.6
2901	31.3
2902	231.4
2903	227.7
2904	26.4
2905	89.2
2906	250
2907	56.4
2908	158.5
2909	531
2910	76.7
2911	187
2912	193.2
2913	549.7
2914	436.1
2915	38.1
2916	206.2
2917	56.4
2918	176.4
2919	33.7
2920	37.5
2921	197
2922	75.9
2923	93
2924	104.9
2925	340.1
2926	59
2927	29.3
2928	95
2929	49.1
2930	181.2
2931	161.6
2932	152.3
2933	162.4
2934	27.5
2935	171.8
2936	30.4
2937	67.5
2938	31.3
2939	154.1
2940	30.3
2941	102.8
2942	31
2943	498.3
2944	30.2
2945	147.8
2946	215.8
2947	150.4
2948	220.3
2949	170.5
2950	60.9
2951	212.1
2952	152.9
2953	468.4
2954	153.4
2955	295.7
2956	111.9
2957	67.8
2958	224.1
2959	33.5
2960	116.1
2961	169.5
2962	141.6
2963	98.3
2964	382
2965	60.9
2966	228.9
2967	215.5
2968	110.8
2969	35.1
2970	28.7
2971	100
2972	91.2
2973	28.3
2974	171.2
2975	228.8
2976	108.6
2977	76.3
2978	85.8
2979	182.7
2980	155.3
2981	219.4
2982	257.2
2983	178
2984	151.5
2985	128.1
2986	150.8
2987	100.9
2988	156.6
2989	27.9
2990	53.6
2991	260.3
2992	101.9
2993	153.6
2994	139.5
2995	206.6
2996	219.1
2997	143.2
2998	60.1
2999	198.9
3000	72.2
3001	37.8
3002	156.4
3003	95.3
3004	67.2
3005	94.3
3006	160.3
3007	161.1
3008	156
3009	72.1
3010	27.4
3011	188.8
3012	123
3013	222.8
3014	62.1
3015	67.1
3016	103.8
3017	357.5
3018	84.2
3019	51.6
3020	75.2
3021	88.9
3022	31.8
3023	70.9
3024	158.9
3025	62.8
3026	233.2
3027	235.2
3028	94.1
3029	175.4
3030	30.4
3031	129.8
3032	107.4
3033	43.9
3034	114.4
3035	74.6
3036	29.9
3037	106.1
3038	42.1
3039	90.1
3040	251.3
3041	189.5
3042	184.2
3043	169.3
3044	89.9
3045	216.4
3046	33.7
3047	38.9
3048	140
3049	72.8
3050	301.7
3051	127
3052	113.5
3053	253.6
3054	57
3055	64.4
3056	132
3057	37.5
3058	149.4
3059	85.1
3060	22.6
3061	29.4
3062	46.6
3063	306.9
3064	256.6
3065	34.7
3066	142.6
3067	33.5
3068	163.1
3069	52.9
3070	112.2
3071	147.1
3072	77.2
3073	10.8
3074	210.2
3075	126.1
3076	130.4
3077	90.8
3078	83.4
3079	176.6
3080	158.1
3081	32.9
3082	31.8
3083	401.5
3084	32.6
3085	90
3086	80.7
3087	467.4
3088	175.2
3089	522.8
3090	97
3091	39.7
3092	12.1
3093	149.3
3094	11.3
3095	24
3096	115.2
3097	12.8
3098	531.6
3099	23.2
3100	130.1
3101	10.1
3102	78.6
3103	194.7
3104	181
3105	35
3106	213.5
3107	314.6
3108	24.7
3109	94
3110	24.6
3111	512.3
3112	10.2
3113	367.5
3114	68.4
3115	34.2
3116	75.4
3117	43.7
3118	210.8
3119	347.3
3120	10.5
3121	412.2
3122	10.9
3123	442.8
3124	18.5
3125	40.6
3126	11
3127	10.6
3128	25.3
3129	17.9
3130	25.9
3131	224.9
3132	220.6
3133	442.3
3134	388.6
3135	11.4
3136	512.7
3137	11
3138	20.8
3139	366
3140	109.2
3141	24.7
3142	126.2
3143	365.7
3144	34.9
3145	11.1
3146	16.5
3147	11
3148	31
3149	17.8
3150	11.8
3151	650.8
3152	349
3153	359.1
3154	121.6
3155	137.3
3156	86.3
3157	62.3
3158	12.1
3159	120
3160	12
3161	597.3
3162	415.6
3163	19.7
3164	11.5
3165	65.5
3166	369.7
3167	55.4
3168	480.4
3169	15.9
3170	273.7
3171	12.9
3172	392.4
3173	14.4
3174	151.2
3175	138.2
3176	11.6
3177	14.6
3178	15.1
3179	19.7
3180	11.2
3181	68.1
3182	200.1
3183	160.3
3184	800.4
3185	716.5
3186	103.4
3187	174.6
3188	264.9
3189	89.1
3190	11.5
3191	11.6
3192	231.1
3193	11.3
3194	200.9
3195	490.6
3196	7.7
3197	73.6
3198	84.7
3199	201.6
3200	15.7
3201	13.5
3202	347.1
3203	192.9
3204	45.7
3205	489.6
3206	15.1
3207	14.7
3208	11.8
3209	8.7
3210	702.5
3211	727.6
3212	212.6
3213	21.4
3214	14
3215	10.6
3216	18.2
3217	19
3218	615.3
3219	474.4
3220	71.4
3221	13.1
3222	721.5
3223	10.5
3224	352.1
3225	15.6
3226	376.9
3227	18.6
3228	13.6
3229	9.3
3230	44.6
3231	7.2
3232	12.2
3233	14.2
3234	276
3235	480.3
3236	721
3237	13.7
3238	481.6
3239	8.3
3240	71.8
3241	31.8
3242	7.4
3243	537.3
3244	19.2
3245	18
3246	21.6
3247	7.7
3248	12
3249	12.1
3250	73.9
3251	205.8
3252	587.3
3253	12.4
3254	504.4
3255	14.3
3256	12.4
3257	647.5
3258	14.1
3259	49.3
3260	11.3
3261	10.7
3262	245.2
3263	13
3264	12.3
3265	15.8
3266	6.2
3267	66.3
3268	302.5
3269	457.5
3270	5.8
3271	11.1
3272	252.2
3273	11.6
3274	528.1
3275	10.8
3276	18.7
3277	5.7
3278	187.9
3279	13.2
3280	12.4
3281	17.7
3282	10.8
3283	110.9
3284	7.5
3285	10.4
3286	437.9
3287	11.3
3288	25.5
3289	7.7
3290	11.6
3291	333.9
3292	10.4
3293	18.7
3294	22.2
3295	12.8
3296	10.3
3297	17.1
3298	45.7
3299	13.6
3300	105.9
3301	23.3
3302	17.1
3303	305.2
3304	40.8
3305	97.4
3306	11.7
3307	11
3308	202.5
3309	9.8
3310	23.3
3311	10.2
3312	35.6
3313	17.3
3314	10.2
3315	6.7
3316	107.3
3317	10.5
3318	44.2
3319	10
3320	13
3321	9
3322	10.1
3323	19.9
3324	9
3325	21
3326	9.1
3327	9.8
3328	10.5
3329	11.7
3330	52.8
3331	12.4
3332	13.7
3333	17.1
3334	10
3335	175.4
3336	7.7
3337	9.8
3338	17.7
3339	10.3
3340	10.4
3341	74.4
3342	7.4
3343	10.8
3344	14.6
3345	9.7
3346	11.1
3347	11.5
3348	9.8
3349	6.9
3350	82.7
3351	11.5
3352	49.3
3353	22.7
3354	10.1
3355	25.1
3356	29.5
3357	8
3358	10.6
3359	30.9
3360	105.3
3361	13
3362	6.5
3363	42.4
3364	16.3
3365	14.3
3366	36.7
3367	29.1
3368	10.2
3369	11.1
3370	15.9
3371	35.2
3372	12.2
3373	34.9
3374	32.8
3375	6.1
3376	33.2
3377	6.2
3378	5.4
3379	12.6
3380	28.3
3381	30.1
3382	4.7
3383	33.6
3384	25.1
3385	30.6
3386	28.5
3387	5.1
3388	4.1
3389	22.4
3390	21.1
3391	19.3
3392	16.6
3393	5
3394	22.2
3395	21.8
3396	15.1
3397	18.6
3398	9.3
3399	7.6
3400	177.3
3401	215.8
3402	150.7
3403	94.3
3404	98.3
3405	97.6
3406	100
3407	122
3408	112.8
3409	130.3
3410	0
3411	0
3412	148.8
3413	156.9
3414	153.3
3415	88
3416	2.1
3417	136.4
3418	96.1
3419	0
3420	1.9
3421	0
3422	113.9
3423	104.6
3424	81.1
3425	156.6
3426	138.1
3427	2.3
3428	32.6
3429	188.1
3430	29.5
3431	143.6
3432	184.7
3433	79.9
3434	104.5
3435	0.1
3436	184.2
3437	78.9
3438	0.1
3439	0.1
3440	102.2
3441	150.2
3442	0.5
3443	72.8
3444	82.7
3445	0
3446	0.2
3447	0.1
3448	1
3449	87.1
3450	0.1
3451	129.6
3452	111.2
3453	109.4
3454	87
3455	103
3456	4.2
3457	91.5
3458	78.7
3459	1.4
3460	147.7
3461	7.7
3462	132.4
3463	195.3
3464	1.2
3465	4.5
3466	70.5
3467	84.9
3468	70.5
3469	60.2
3470	86.6
3471	133.1
3472	43.5
3473	141.1
3474	115.4
3475	0
3476	0
3477	98
3478	99.2
3479	0
3480	85
3481	101.5
3482	31.3
3483	33
3484	79.4
3485	26.1
3486	0
3487	80.8
3488	42.4
3489	126
3490	103.6
3491	0.1
3492	107.2
3493	20.9
3494	105.9
3495	257.9
3496	23.1
3497	24.5
3498	28.8
3499	252.4
3500	58.4
3501	31.4
3502	18.6
3503	0
3504	0
3505	100
3506	323.2
3507	0
3508	131.1
3509	32.1
3510	0
3511	114.1
3512	62.2
3513	78.5
3514	45.1
3515	154.1
3516	45.3
3517	31.9
3518	72.6
3519	75.2
3520	1.5
3521	0.3
3522	571.7
3523	45.7
3524	55.9
3525	50.4
3526	24.1
3527	56.9
3528	331.7
3529	83.2
3530	86.3
3531	562.1
3532	51.2
3533	1.1
3534	1.1
3535	189.1
3536	207.6
3537	41
3538	0.3
3539	190.4
3540	364.6
3541	204.7
3542	461.7
3543	162.4
3544	96.2
3545	307.1
3546	261.9
3547	58.8
3548	365.7
3549	186.7
3550	109.1
3551	167.8
3552	65
3553	90.5
3554	225.6
3555	228.6
3556	157.2
3557	30.5
3558	328.3
3559	26.8
3560	138.8
3561	68.7
3562	43.8
3563	165.6
3564	45.9
3565	60.3
3566	44.5
3567	164
3568	125.7
3569	228.5
3570	196.6
3571	261.4
3572	33.7
3573	396.2
3574	97.7
3575	59.1
3576	371.4
3577	352.9
3578	471.9
3579	17.5
3580	17
3581	10.9
3582	615.1
3583	20.3
3584	457.8
3585	15
3586	546.4
3587	11.9
3588	17.9
3589	11.4
3590	10.6
3591	110
3592	12.8
3593	7.5
3594	25.5
