"COMID"	"Value"
1	1
2	6.4
3	0.9
4	0.8
5	0.6
6	0
7	2.1
8	6.5
9	5.6
10	0
11	1
12	5.6
13	0
14	6.1
15	6.6
16	3.7
17	5.3
18	1.3
19	1.5
20	0.8
21	6.9
22	0.8
23	0
24	5.6
25	5.6
26	0.5
27	5.4
28	0.7
29	3.6
30	0
31	0.8
32	0.7
33	6.3
34	5.6
35	0.6
36	5.6
37	5.9
38	0
39	5.6
40	10.1
41	6.1
42	6.7
43	11.2
44	0.8
45	6.4
46	0
47	1.7
48	6.2
49	5.4
50	7.5
51	5.6
52	0.5
53	5.6
54	4.4
55	4.4
56	4.6
57	10.7
58	5.6
59	6.6
60	5.6
61	5.6
62	5.6
63	1.2
64	5.3
65	5.6
66	0.4
67	6
68	1.7
69	1.3
70	1
71	0
72	5.8
73	5.6
74	1.6
75	1
76	1
77	0
78	1.1
79	4.4
80	1
81	0.3
82	0
83	5.5
84	0
85	4
86	1.8
87	5.6
88	5.6
89	1
90	5.3
91	7.5
92	6
93	4
94	5.6
95	2.6
96	7.5
97	4.5
98	0
99	1
100	4.4
101	0.8
102	3.6
103	5.6
104	0
105	7.5
106	4.5
107	1
108	0
109	7.5
110	7.5
111	0
112	4.5
113	1
114	4.5
115	3.4
116	1.8
117	0.5
118	2.1
119	0
120	3.1
121	0.4
122	3.7
123	0
124	2
125	2.4
126	4.2
127	1.1
128	0.5
129	5.6
130	1
131	1.4
132	1
133	0.4
134	3.4
135	1.9
136	2.3
137	0.4
138	1
139	1
140	3.4
141	3.3
142	1
143	0
144	3.1
145	1
146	2.1
147	1.3
148	0.4
149	1.9
150	0.5
151	0
152	1.8
153	1
154	1.7
155	0
156	1
157	0.4
158	1
159	1.5
160	3.8
161	1
162	1
163	0.4
164	1
165	0
166	1
167	0.3
168	0
169	0.4
170	3.7
171	1.9
172	1
173	1
174	7.5
175	0.4
176	4.8
177	1.5
178	1.5
179	1.8
180	1
181	0
182	3.1
183	0
184	1
185	1
186	3.2
187	1.4
188	1
189	1
190	3.3
191	1
192	1.5
193	1
194	4.6
195	0
196	1
197	1.5
198	1
199	1.7
200	1
201	1
202	1
203	1
204	1
205	1
206	0.5
207	1
208	4.4
209	1.7
210	1.9
211	1.3
212	0.4
213	1.6
214	1
215	0.3
216	1.2
217	1.4
218	0.9
219	1
220	1
221	0
222	0.3
223	4.2
224	0
225	1
226	0.2
227	0
228	1.7
229	1
230	0
231	1.5
232	1.1
233	3.9
234	0.3
235	0
236	1.5
237	0.5
238	0.9
239	0.2
240	2.4
241	0.2
242	0
243	0
244	3.8
245	1.7
246	3.9
247	0
248	0
249	0
250	3.8
251	0.2
252	10.6
253	1.1
254	0
255	0
256	0
257	0
258	0
259	0
260	0
261	1.6
262	0.2
263	0
264	0
265	0
266	1.4
267	3.8
268	8.9
269	3.8
270	0
271	1.7
272	0.2
273	3.8
274	0
275	0.2
276	0
277	1
278	0.2
279	0
280	0.1
281	0.1
282	3.6
283	1
284	1
285	0
286	0.1
287	11
288	1
289	1
290	1
291	8.6
292	1
293	0
294	9.1
295	1
296	3.1
297	3.6
298	0
299	0
300	3.6
301	1
302	3.6
303	3.2
304	1
305	3.5
306	1
307	3.6
308	0.4
309	1
310	3.1
311	3.4
312	3.4
313	3.2
314	1
315	1
316	1
317	0
318	1
319	0
320	3.4
321	1
322	3.1
323	3.4
324	1
325	0
326	8.8
327	1
328	1
329	1
330	0
331	1
332	1
333	1
334	1
335	0
336	1
337	0
338	1
339	1
340	1
341	1
342	0
343	1
344	0
345	1
346	0
347	1
348	1
349	1
350	1
351	1
352	1
353	0.4
354	1
355	0
356	1
357	0
358	1
359	0
360	1
361	1
362	1
363	1
364	0
365	0.3
366	5.6
367	0
368	7.2
369	0
370	0.4
371	0
372	5.6
373	5.6
374	0
375	6.5
376	7
377	0.4
378	5.6
379	0
380	0.4
381	0
382	0
383	0.8
384	0
385	0
386	0
387	25.9
388	0.5
389	1.4
390	25.6
391	5.6
392	1.5
393	0
394	5.6
395	0
396	0
397	0
398	5.6
399	0
400	5.6
401	0.5
402	0
403	0
404	0
405	0
406	6.8
407	0
408	0
409	0
410	16.9
411	0.4
412	0
413	7.5
414	0
415	0
416	0
417	0
418	0
419	5.8
420	0
421	0
422	0
423	0.7
424	6.5
425	5.8
426	0
427	10.3
428	6.5
429	0.4
430	13.1
431	0
432	5.6
433	5.8
434	5.6
435	5.6
436	5.6
437	0
438	9.3
439	0
440	0.3
441	6.7
442	4.8
443	6.3
444	5.6
445	26.8
446	5.6
447	32.7
448	17.8
449	5.6
450	5.8
451	0
452	1.1
453	0
454	5.6
455	5.8
456	5.6
457	1.1
458	0.7
459	0.7
460	5.6
461	7
462	17.2
463	7.5
464	1
465	4.5
466	0
467	5.9
468	1
469	5
470	1
471	1
472	0.4
473	1.2
474	1
475	0
476	0
477	22.6
478	1
479	5.3
480	0.9
481	0
482	0
483	1.7
484	5.6
485	4.9
486	0
487	5.5
488	0.5
489	0
490	0.4
491	5.8
492	1.3
493	0
494	6.6
495	0
496	0
497	5.9
498	5.5
499	0
500	3.6
501	4.1
502	6.7
503	5.6
504	5.6
505	2.9
506	3.8
507	5.2
508	2.9
509	3.5
510	7.9
511	6.3
512	6.4
513	0
514	3.1
515	0
516	5.6
517	4.2
518	5.6
519	5.6
520	0
521	1.8
522	5.6
523	0
524	1.4
525	1.7
526	5.6
527	1.7
528	5.6
529	0
530	25.2
531	15.2
532	2.7
533	1.6
534	1.1
535	32.6
536	1.3
537	0
538	0
539	0.6
540	5.6
541	14.5
542	15.2
543	1.4
544	0
545	0
546	17.1
547	8.7
548	0
549	0.1
550	0.6
551	14.2
552	14
553	0.4
554	0
555	5.6
556	13.6
557	5.6
558	0
559	6.3
560	14.8
561	0.5
562	16.3
563	0
564	13.9
565	6.4
566	15.5
567	5.6
568	15.5
569	5.8
570	0
571	0.5
572	14.2
573	5.6
574	9.1
575	5.6
576	0
577	0
578	6.4
579	6.4
580	14.7
581	0
582	3
583	5.6
584	5.6
585	0
586	5.1
587	16.3
588	0.1
589	30
590	0
591	1.4
592	6.5
593	14.8
594	5.8
595	1.1
596	5.6
597	0
598	5.6
599	17.1
600	5.7
601	5.6
602	0
603	0
604	0.2
605	0
606	0.4
607	5.6
608	5.6
609	0
610	5.6
611	0.4
612	0
613	0
614	1
615	0
616	0
617	30.2
618	0
619	6
620	5.8
621	0.1
622	1.3
623	1.3
624	1.2
625	5.6
626	5.6
627	15.6
628	5.6
629	5.9
630	31
631	5.6
632	0
633	6.8
634	0
635	6.1
636	5.9
637	5.8
638	5.6
639	0
640	0
641	22.5
642	0
643	0.9
644	0
645	0
646	7
647	5.6
648	0.1
649	1
650	5.6
651	38.1
652	5.6
653	0
654	5.6
655	0
656	5.6
657	1
658	0.5
659	1
660	0
661	0.5
662	6.8
663	0.9
664	5.6
665	5.6
666	5.6
667	0.5
668	35
669	0.5
670	5.6
671	5.6
672	5.6
673	6.8
674	0
675	7.1
676	0.7
677	22.7
678	5.7
679	5.6
680	0
681	7.1
682	0.9
683	31.3
684	0.8
685	5.6
686	20.9
687	0
688	7
689	5.6
690	6.9
691	0.5
692	18.9
693	5.6
694	0
695	0.5
696	7.3
697	5.6
698	0.8
699	5.3
700	6.9
701	0
702	7.3
703	6.9
704	5.2
705	1
706	5.6
707	18.6
708	7
709	0.9
710	0.7
711	0
712	0.1
713	0.8
714	5.6
715	0.7
716	0
717	0.1
718	7.2
719	0.8
720	6.9
721	5.6
722	0.7
723	7.1
724	6.3
725	5.6
726	0
727	0
728	0.8
729	0
730	0.7
731	5.7
732	0
733	0.8
734	6.8
735	0.1
736	5.6
737	6
738	6.8
739	6.1
740	5.8
741	0.7
742	0.5
743	0.8
744	0
745	0
746	6.7
747	6.8
748	0
749	0.8
750	5.6
751	6.6
752	1
753	6.9
754	7.1
755	0.8
756	6.5
757	1.8
758	0.9
759	5.6
760	6.7
761	5.6
762	0.7
763	1
764	15.1
765	6.9
766	0
767	1
768	1.5
769	6.2
770	1.5
771	0.8
772	0.9
773	6.5
774	6.5
775	0.4
776	5.6
777	0.7
778	6.5
779	0
780	6.3
781	0.8
782	212
783	211.2
784	176.6
785	209.2
786	157.1
787	161.6
788	75.2
789	93.5
790	164.4
791	131.6
792	132.6
793	90.6
794	184
795	165.3
796	99.8
797	174.7
798	98.4
799	100.1
800	152.1
801	100.7
802	113.7
803	129.2
804	69.4
805	103.8
806	116.3
807	51.3
808	119.3
809	156
810	216.2
811	111.6
812	178.2
813	111
814	144.7
815	133.9
816	99
817	61.4
818	179.1
819	219.7
820	124.7
821	85.9
822	203.9
823	125.9
824	224.5
825	67.1
826	156.5
827	176.5
828	227.5
829	79.2
830	196.7
831	80.4
832	178.2
833	80.9
834	104.5
835	168
836	174.1
837	28
838	122.7
839	80.8
840	173.8
841	141.1
842	60.9
843	10.4
844	101.9
845	122.4
846	102.4
847	154.7
848	90.4
849	65.3
850	183.7
851	176.4
852	59
853	102.8
854	112.8
855	92.8
856	97.1
857	105.5
858	150.6
859	73.3
860	56.9
861	151.2
862	6.8
863	96.8
864	76.9
865	124.9
866	61
867	46.1
868	124.3
869	89.4
870	20.6
871	75.1
872	74.2
873	7.4
874	82.7
875	105.6
876	97.2
877	93.8
878	77.9
879	111.7
880	93.4
881	101.4
882	63.6
883	42.5
884	77.5
885	85.8
886	6.4
887	69.8
888	89.4
889	83.6
890	95.9
891	103.1
892	62.7
893	116.4
894	6.5
895	98.6
896	128.5
897	98.7
898	85.8
899	129.8
900	112.6
901	110.4
902	152.6
903	135.2
904	93.7
905	97.8
906	140.1
907	64.4
908	71.9
909	83.3
910	0
911	102.2
912	99.9
913	68
914	99.5
915	0
916	78.8
917	94.1
918	89.2
919	72.6
920	111.5
921	46
922	88.9
923	10.7
924	90.8
925	115.9
926	119.5
927	102.3
928	0.5
929	77.8
930	70.3
931	101.7
932	1.1
933	115
934	0
935	113.5
936	118.5
937	153.1
938	142.8
939	91.8
940	85.4
941	87.4
942	62.1
943	0
944	126.1
945	105
946	130.7
947	0
948	72.9
949	140.7
950	171.1
951	73.7
952	86
953	0.9
954	1.5
955	84.6
956	95.5
957	77.4
958	0.6
959	77.3
960	99.5
961	83.4
962	130.8
963	83.3
964	0
965	129.2
966	74.9
967	0
968	73.9
969	66.7
970	21
971	157.3
972	117.1
973	102.9
974	79.7
975	121.1
976	100.5
977	169.5
978	1.3
979	67.4
980	103.4
981	116.1
982	110.2
983	150.4
984	106.8
985	177.7
986	203.4
987	2
988	191.9
989	123.7
990	0
991	134.3
992	0
993	198.3
994	109.5
995	150.5
996	174.1
997	198.4
998	3.2
999	108.3
1000	0
1001	2.3
1002	139.8
1003	0
1004	149
1005	1.5
1006	142.9
1007	0
1008	2.6
1009	0
1010	86.2
1011	117.2
1012	123.3
1013	2.4
1014	212.8
1015	3.6
1016	0
1017	207.3
1018	4.1
1019	1.5
1020	97.7
1021	110.5
1022	94.8
1023	133.5
1024	225.4
1025	70.3
1026	125.6
1027	111.3
1028	150.4
1029	2.7
1030	0.2
1031	0
1032	0
1033	0.3
1034	89.4
1035	0.1
1036	100.4
1037	72.7
1038	92.5
1039	0.9
1040	1.5
1041	70.3
1042	1
1043	0
1044	0.4
1045	1.1
1046	4.5
1047	216.7
1048	109.8
1049	143.3
1050	0
1051	113.8
1052	107.4
1053	3
1054	97.6
1055	125.5
1056	90.6
1057	0.2
1058	102.8
1059	0.3
1060	89.6
1061	0
1062	80.8
1063	193.4
1064	0.1
1065	0.6
1066	137.1
1067	0.2
1068	0.3
1069	0.1
1070	155.2
1071	82.5
1072	0.1
1073	0.1
1074	122
1075	0
1076	113.5
1077	0.3
1078	93
1079	106.6
1080	3
1081	0.3
1082	152
1083	0.1
1084	110.8
1085	109.6
1086	183.7
1087	0
1088	0.2
1089	0.8
1090	80.5
1091	200.1
1092	0.4
1093	1
1094	0.1
1095	1
1096	1.2
1097	151.4
1098	1.2
1099	0
1100	0
1101	0.1
1102	102.7
1103	0.1
1104	1.4
1105	0.9
1106	0.5
1107	0.1
1108	1.5
1109	83.2
1110	0.2
1111	0.2
1112	145.6
1113	122.3
1114	95.1
1115	0.9
1116	1.2
1117	145.1
1118	0.6
1119	1.7
1120	2
1121	1.5
1122	1.2
1123	1
1124	81
1125	2
1126	147.2
1127	1
1128	131
1129	125.1
1130	1.9
1131	0.1
1132	123.9
1133	143.2
1134	1.4
1135	0
1136	0.1
1137	1.3
1138	0.5
1139	1
1140	92.3
1141	1.9
1142	0
1143	128.8
1144	0.8
1145	2.3
1146	1.4
1147	1
1148	129.7
1149	1.3
1150	0.9
1151	0.9
1152	123.6
1153	97.8
1154	0
1155	0
1156	95.9
1157	1.2
1158	0
1159	86
1160	2.9
1161	0
1162	2.9
1163	1.5
1164	113.8
1165	0
1166	123.8
1167	143.4
1168	132.9
1169	134.9
1170	109.2
1171	2.8
1172	100.2
1173	1.9
1174	141.5
1175	0.7
1176	58
1177	0
1178	0.8
1179	134
1180	1
1181	3.6
1182	1.1
1183	0
1184	0
1185	127.2
1186	88.6
1187	1.4
1188	0.9
1189	3.6
1190	1.4
1191	94.2
1192	0.7
1193	105.2
1194	2
1195	120.5
1196	1.8
1197	0
1198	0.1
1199	81.3
1200	26
1201	2
1202	1.9
1203	0
1204	1.9
1205	1.7
1206	0.2
1207	1
1208	0.2
1209	1.8
1210	116.7
1211	149.2
1212	0
1213	107.1
1214	89.6
1215	2.7
1216	127
1217	101.4
1218	0.1
1219	0.2
1220	76.3
1221	1.2
1222	1.4
1223	2.8
1224	1
1225	127.4
1226	87.5
1227	69.9
1228	1.8
1229	3.3
1230	98.7
1231	0.1
1232	87
1233	0.4
1234	2.7
1235	2.5
1236	0.1
1237	143.2
1238	113.9
1239	0
1240	0.7
1241	104.9
1242	91.9
1243	1.5
1244	0.9
1245	108.7
1246	99.2
1247	73.2
1248	27.3
1249	140.1
1250	64
1251	2.4
1252	0
1253	0.7
1254	1.7
1255	0
1256	62.6
1257	2
1258	2.6
1259	0
1260	80.3
1261	69.3
1262	0.2
1263	2.2
1264	1
1265	167.3
1266	76.7
1267	0
1268	104.4
1269	26.5
1270	94.8
1271	2.8
1272	0.4
1273	1.7
1274	91
1275	1.1
1276	52
1277	71.6
1278	127.8
1279	25.6
1280	0.1
1281	3.4
1282	0
1283	173.4
1284	27.8
1285	1.1
1286	177.8
1287	2.2
1288	2.7
1289	66
1290	2.9
1291	71.3
1292	2.7
1293	25.3
1294	1.7
1295	110.9
1296	0.2
1297	27.3
1298	74.5
1299	1.9
1300	3
1301	0
1302	2.3
1303	1.8
1304	30.2
1305	185.6
1306	0
1307	109.9
1308	3.9
1309	0
1310	101.2
1311	83.8
1312	87.9
1313	3
1314	109.5
1315	0
1316	57.3
1317	48.2
1318	2
1319	103.4
1320	94.2
1321	0.1
1322	0
1323	0
1324	1.1
1325	48.2
1326	0.1
1327	0.1
1328	78.9
1329	28.3
1330	82.6
1331	50.8
1332	25.3
1333	55.2
1334	100.1
1335	4.3
1336	63.6
1337	0.1
1338	0.1
1339	2.7
1340	0.8
1341	81.9
1342	82.3
1343	0
1344	0.1
1345	2.6
1346	0
1347	111.3
1348	62.4
1349	1.8
1350	0
1351	78.5
1352	27.3
1353	72.4
1354	0.1
1355	75.5
1356	26
1357	59.3
1358	75.4
1359	1.6
1360	0.1
1361	1.3
1362	45.6
1363	0
1364	0.6
1365	63.2
1366	0.1
1367	0.1
1368	54.7
1369	0.1
1370	1.1
1371	0.1
1372	0.8
1373	45
1374	0.3
1375	78.9
1376	28.5
1377	0.6
1378	1.1
1379	1.2
1380	53.4
1381	0.1
1382	63.9
1383	0.2
1384	0.6
1385	27
1386	50.9
1387	0.1
1388	0.1
1389	0.1
1390	54.2
1391	158
1392	58.9
1393	0
1394	0.2
1395	58.8
1396	0.1
1397	186.7
1398	0.1
1399	0.1
1400	54.8
1401	0.1
1402	0.1
1403	72.2
1404	1
1405	0.3
1406	0.2
1407	0.1
1408	0.1
1409	108.4
1410	0
1411	77.2
1412	0.5
1413	101.3
1414	0.8
1415	130.3
1416	62.5
1417	0.1
1418	68.1
1419	0
1420	0.6
1421	0
1422	0.2
1423	42
1424	58.7
1425	0
1426	82.2
1427	0.6
1428	0.1
1429	0.1
1430	59.8
1431	81.6
1432	0.1
1433	58.3
1434	0.3
1435	58.9
1436	0.1
1437	0
1438	0.1
1439	0.4
1440	58.9
1441	61.5
1442	0.2
1443	60.6
1444	0.1
1445	0.3
1446	114.4
1447	0.3
1448	124.3
1449	0.1
1450	0.6
1451	0.1
1452	0.1
1453	116.7
1454	40.1
1455	0.3
1456	0.2
1457	114.2
1458	53.9
1459	0.5
1460	0.1
1461	58.5
1462	0
1463	0
1464	0
1465	0.1
1466	125.7
1467	0
1468	0
1469	56.4
1470	112.7
1471	0
1472	0.1
1473	122
1474	0.2
1475	123.9
1476	0
1477	0.8
1478	115.7
1479	53
1480	0.1
1481	45.3
1482	65.1
1483	0
1484	0.5
1485	38.5
1486	0.1
1487	0
1488	93.9
1489	48.4
1490	0.4
1491	55.5
1492	53.4
1493	113.5
1494	99.4
1495	0
1496	63
1497	64.6
1498	0
1499	56.4
1500	1.8
1501	59.1
1502	92.4
1503	0.3
1504	0
1505	54.2
1506	96
1507	0.2
1508	0.8
1509	36.1
1510	0.3
1511	1.6
1512	0.1
1513	99.3
1514	0.2
1515	0
1516	0.1
1517	86.9
1518	0.1
1519	63.1
1520	0.2
1521	0
1522	0.1
1523	0
1524	0
1525	0
1526	0
1527	50.2
1528	0
1529	65.9
1530	109.5
1531	0.3
1532	0.9
1533	1.3
1534	86.5
1535	26.1
1536	95.3
1537	0
1538	30.8
1539	0.7
1540	0
1541	0
1542	0
1543	59.2
1544	0.2
1545	0
1546	28
1547	67.3
1548	0
1549	0
1550	0
1551	0
1552	62.2
1553	95.7
1554	47.9
1555	77.3
1556	63.7
1557	1.4
1558	0.1
1559	66.3
1560	1.8
1561	0.1
1562	0.3
1563	2.5
1564	0
1565	52.9
1566	2.1
1567	0
1568	0.1
1569	92.1
1570	76.7
1571	0
1572	0.2
1573	96.6
1574	1
1575	91.1
1576	202
1577	98
1578	0
1579	0
1580	92.3
1581	87.8
1582	52.6
1583	63.6
1584	27
1585	88.5
1586	76.5
1587	0.1
1588	99.2
1589	1.3
1590	1.9
1591	0
1592	109.9
1593	1.4
1594	62.6
1595	64
1596	74
1597	0
1598	92.3
1599	97.4
1600	70.3
1601	39.5
1602	93.7
1603	64.8
1604	92
1605	3.6
1606	0
1607	0.1
1608	59.3
1609	0
1610	62.1
1611	1.8
1612	85.8
1613	90.8
1614	53
1615	166.2
1616	98.9
1617	0
1618	70.2
1619	2.5
1620	190.8
1621	102.5
1622	275.6
1623	0
1624	88.3
1625	66.6
1626	243.2
1627	0.1
1628	76.2
1629	0
1630	156.1
1631	59.4
1632	95.3
1633	0
1634	90.7
1635	97.2
1636	86.5
1637	112
1638	85.8
1639	0.8
1640	0
1641	58
1642	82.7
1643	114
1644	0.2
1645	59.7
1646	97
1647	0
1648	2.3
1649	0.7
1650	0.3
1651	126.8
1652	71.3
1653	0.2
1654	154.5
1655	111.6
1656	178.7
1657	60.6
1658	116.8
1659	105
1660	54.9
1661	3.6
1662	0.1
1663	79.3
1664	1.6
1665	0.1
1666	191.9
1667	93.7
1668	85.7
1669	64.2
1670	7.5
1671	105.2
1672	113.3
1673	167.7
1674	91.2
1675	58
1676	6.2
1677	17.4
1678	0.2
1679	79.7
1680	127.3
1681	63.2
1682	0.1
1683	56.2
1684	92.5
1685	52.7
1686	55
1687	95.1
1688	61.9
1689	7.9
1690	145.8
1691	6.9
1692	108.2
1693	10.8
1694	61.4
1695	130.7
1696	0
1697	146
1698	0.2
1699	1.4
1700	70.7
1701	105.9
1702	142.1
1703	71.8
1704	0
1705	0.7
1706	77.3
1707	0.1
1708	0.1
1709	91.7
1710	6.7
1711	0.8
1712	73.6
1713	83.8
1714	97.4
1715	132
1716	49.1
1717	71.7
1718	3.8
1719	46
1720	57.5
1721	126.3
1722	52.3
1723	63.5
1724	50.4
1725	107.2
1726	63.5
1727	154.8
1728	71.7
1729	11.8
1730	79.9
1731	3.7
1732	66.9
1733	76.4
1734	8.4
1735	87.1
1736	0.1
1737	81.1
1738	44.4
1739	67.5
1740	0
1741	7.2
1742	1.4
1743	54.1
1744	78.7
1745	95.7
1746	64.3
1747	70.9
1748	80.5
1749	62.5
1750	39.5
1751	60.1
1752	65.2
1753	97.9
1754	93.2
1755	62.9
1756	70.3
1757	112.3
1758	94.9
1759	60.8
1760	68.3
1761	89.7
1762	82.6
1763	66.6
1764	82.2
1765	4.8
1766	126.5
1767	92.2
1768	0.1
1769	86.6
1770	106.6
1771	80.9
1772	0.1
1773	129.8
1774	59.9
1775	0
1776	56.8
1777	110.1
1778	1.5
1779	2.2
1780	0.2
1781	101.6
1782	105.5
1783	64.4
1784	47.4
1785	85.9
1786	98.6
1787	109.1
1788	72.3
1789	48.6
1790	0.4
1791	66.9
1792	54
1793	77
1794	47.2
1795	82.4
1796	115.9
1797	120.3
1798	50.4
1799	0
1800	72.6
1801	120.4
1802	73
1803	0.1
1804	46.8
1805	3.6
1806	59.4
1807	88.3
1808	43.2
1809	94.3
1810	113.1
1811	51.4
1812	0
1813	79.9
1814	58.3
1815	45.3
1816	101.8
1817	79.1
1818	48.7
1819	59.6
1820	151.6
1821	86.7
1822	94.9
1823	58.7
1824	0.1
1825	142.4
1826	100.5
1827	50.2
1828	53.6
1829	96.3
1830	0.1
1831	70.4
1832	0
1833	88.3
1834	0
1835	61.8
1836	56.8
1837	0
1838	0
1839	140.6
1840	88.8
1841	66.6
1842	61.5
1843	160.2
1844	58.5
1845	61.2
1846	0
1847	63.4
1848	140.2
1849	128.4
1850	131.6
1851	61.1
1852	56.8
1853	92.5
1854	132.5
1855	83.6
1856	64.1
1857	0
1858	72.9
1859	50
1860	76.2
1861	0
1862	65.4
1863	0
1864	49.8
1865	83.6
1866	131.6
1867	0
1868	122.3
1869	86
1870	33
1871	116.6
1872	57.1
1873	102.7
1874	115
1875	0
1876	88.9
1877	0
1878	0
1879	118.2
1880	142.9
1881	63.6
1882	0
1883	111.8
1884	112.4
1885	69.4
1886	92.4
1887	0
1888	73.4
1889	0.1
1890	123.8
1891	33.6
1892	66
1893	43.8
1894	61.6
1895	58.3
1896	53.1
1897	66
1898	106.7
1899	61.9
1900	0
1901	133.8
1902	68.8
1903	87.9
1904	60.3
1905	56
1906	0
1907	0
1908	62.8
1909	29.9
1910	28.7
1911	83.4
1912	54.6
1913	0
1914	57.3
1915	0
1916	74.7
1917	88
1918	59.4
1919	0
1920	0
1921	112.2
1922	0.1
1923	0.1
1924	0
1925	76.8
1926	78.5
1927	138.3
1928	45
1929	0
1930	0
1931	0
1932	60.9
1933	93.4
1934	105.5
1935	0
1936	132.9
1937	0
1938	100.3
1939	125.5
1940	0
1941	55.1
1942	50.2
1943	0
1944	101.4
1945	0
1946	0.1
1947	0.1
1948	0
1949	71.7
1950	182.5
1951	0
1952	36.1
1953	42.3
1954	0.1
1955	90.2
1956	72.4
1957	195.2
1958	0
1959	94.4
1960	53.8
1961	88.7
1962	64.7
1963	0
1964	0.1
1965	0.1
1966	94.4
1967	27.8
1968	154.8
1969	0
1970	103.3
1971	0.1
1972	0.1
1973	0
1974	84.7
1975	46.3
1976	53.2
1977	33.7
1978	94.3
1979	232.9
1980	0.1
1981	69.5
1982	161.8
1983	0
1984	0.1
1985	44.3
1986	110.6
1987	108.9
1988	48.3
1989	198.7
1990	133
1991	0.1
1992	0
1993	75.7
1994	132.4
1995	67.3
1996	0.1
1997	47
1998	202.2
1999	0
2000	50.8
2001	90.5
2002	107
2003	83.8
2004	0
2005	0.1
2006	67
2007	0.1
2008	14.3
2009	0
2010	42.4
2011	177.2
2012	0.1
2013	73.5
2014	160.1
2015	72.2
2016	0.1
2017	0
2018	39.1
2019	0
2020	0
2021	22.6
2022	25.1
2023	43.8
2024	147.2
2025	134.8
2026	0
2027	57.8
2028	149.5
2029	52
2030	0
2031	114.3
2032	18.6
2033	0
2034	0
2035	42
2036	141
2037	55.5
2038	204
2039	0
2040	0.1
2041	217.1
2042	48.8
2043	59
2044	123.6
2045	0
2046	0
2047	50.1
2048	0
2049	0
2050	97.1
2051	20.1
2052	0
2053	24.2
2054	46.4
2055	57.7
2056	53.3
2057	70.1
2058	229.1
2059	0
2060	30
2061	15.7
2062	148.5
2063	0
2064	32.8
2065	0
2066	0
2067	61.2
2068	0
2069	72.3
2070	27.2
2071	46.9
2072	0
2073	84.7
2074	82.8
2075	0
2076	149.3
2077	0
2078	60.3
2079	0
2080	0
2081	74.5
2082	0
2083	21.9
2084	54.1
2085	0
2086	59.5
2087	0
2088	168.2
2089	57
2090	91.6
2091	57.4
2092	71.6
2093	53.8
2094	0
2095	25.6
2096	0
2097	29.1
2098	90.1
2099	81.3
2100	67.2
2101	0
2102	51
2103	0
2104	0
2105	0
2106	0
2107	0
2108	86
2109	0
2110	0
2111	0
2112	209.2
2113	48.1
2114	0
2115	80.7
2116	101.8
2117	45.5
2118	43.9
2119	30.2
2120	96.5
2121	28.4
2122	67.3
2123	0
2124	95.1
2125	38.9
2126	0
2127	22.8
2128	0
2129	0
2130	0
2131	51.2
2132	55
2133	0
2134	0
2135	19.2
2136	112.4
2137	24.6
2138	30.6
2139	96.9
2140	0
2141	99.3
2142	64.4
2143	0
2144	0
2145	91
2146	27.9
2147	26.7
2148	62.8
2149	0
2150	34.1
2151	0
2152	85.7
2153	128.9
2154	70
2155	0
2156	0
2157	0
2158	31.7
2159	22.6
2160	129.4
2161	0
2162	0
2163	83.6
2164	0
2165	30.7
2166	0
2167	0
2168	0
2169	60.2
2170	0
2171	0
2172	0
2173	42.2
2174	0
2175	21.4
2176	0
2177	106.1
2178	26.9
2179	0.1
2180	24.8
2181	164.2
2182	0
2183	0
2184	0
2185	74
2186	10.5
2187	18.1
2188	0
2189	0
2190	25.5
2191	0
2192	0
2193	0
2194	64
2195	22.7
2196	0
2197	118.6
2198	0
2199	133.6
2200	0
2201	6.2
2202	19.7
2203	0
2204	0
2205	0
2206	27.5
2207	19
2208	18
2209	0
2210	136.7
2211	0
2212	41.8
2213	74.4
2214	0
2215	28.3
2216	16.1
2217	0
2218	0
2219	104.5
2220	15.9
2221	0
2222	133.2
2223	0
2224	0
2225	39.2
2226	16.4
2227	148.2
2228	0
2229	0
2230	39.6
2231	0
2232	45.2
2233	0
2234	90.5
2235	0
2236	0
2237	0
2238	0
2239	15.3
2240	0
2241	38.7
2242	0
2243	0
2244	0
2245	99.8
2246	0
2247	0
2248	140.8
2249	41.5
2250	0
2251	12.8
2252	103.3
2253	0
2254	12.8
2255	0
2256	65.9
2257	15.4
2258	0
2259	145.5
2260	0
2261	0
2262	0
2263	148.4
2264	126.5
2265	137.6
2266	0
2267	0
2268	66.8
2269	13.5
2270	0.1
2271	38.5
2272	0
2273	19.5
2274	0.1
2275	102.2
2276	24
2277	0
2278	0.1
2279	0
2280	0
2281	0.2
2282	146.2
2283	42.8
2284	0.1
2285	133
2286	83.8
2287	15.2
2288	40.8
2289	0
2290	0
2291	0
2292	121.8
2293	11.1
2294	12.6
2295	123.7
2296	135.8
2297	115.9
2298	0
2299	11.6
2300	0
2301	0.1
2302	0
2303	0
2304	0
2305	0
2306	58.3
2307	110.6
2308	0
2309	27.7
2310	120.8
2311	0.3
2312	0.1
2313	0
2314	0.1
2315	0.3
2316	0
2317	140.7
2318	0
2319	0
2320	157.5
2321	45
2322	0.1
2323	0
2324	156.9
2325	148.7
2326	29.7
2327	0
2328	113.7
2329	0
2330	0.4
2331	0.1
2332	11.4
2333	0
2334	47.2
2335	0.2
2336	30.9
2337	0.1
2338	16.5
2339	13.8
2340	65.9
2341	38.1
2342	0.2
2343	14.5
2344	0.1
2345	17.2
2346	34.5
2347	0
2348	0
2349	32.7
2350	0
2351	53.8
2352	0
2353	28.6
2354	0.1
2355	89.1
2356	0.3
2357	0.1
2358	13.8
2359	101.1
2360	30.4
2361	32.8
2362	18.1
2363	64
2364	17.7
2365	34.1
2366	0.4
2367	0.2
2368	27
2369	12.6
2370	91.1
2371	0
2372	21
2373	34.9
2374	13.2
2375	0
2376	0.4
2377	32.1
2378	37.5
2379	26.8
2380	26.9
2381	23.4
2382	62.3
2383	0.4
2384	0.3
2385	4.2
2386	0
2387	0
2388	24.8
2389	83.2
2390	10.3
2391	18.6
2392	79.9
2393	0.4
2394	80
2395	14
2396	22.7
2397	0.2
2398	4
2399	37.5
2400	0.2
2401	28.4
2402	70.8
2403	20.9
2404	13.8
2405	23.2
2406	20.7
2407	0.6
2408	28.6
2409	26.6
2410	29.4
2411	39.6
2412	37.1
2413	0.1
2414	13.7
2415	40.9
2416	21.4
2417	25.3
2418	42.3
2419	22.9
2420	86.4
2421	0.6
2422	28
2423	20.8
2424	36.4
2425	14.5
2426	0.7
2427	0.1
2428	87.5
2429	0.6
2430	0.3
2431	29.7
2432	0.1
2433	86.7
2434	12.3
2435	0
2436	0.1
2437	11.2
2438	24.5
2439	163.6
2440	32.1
2441	0.9
2442	21.5
2443	24.3
2444	72.6
2445	23.6
2446	16.1
2447	29.6
2448	236.4
2449	0.2
2450	0.5
2451	21.2
2452	22.2
2453	150.1
2454	0.4
2455	0.2
2456	238.4
2457	0.2
2458	29.4
2459	32.9
2460	11.2
2461	257
2462	110.2
2463	14.6
2464	178.4
2465	0.6
2466	0.3
2467	39.1
2468	40.8
2469	30
2470	217.7
2471	32.8
2472	32.9
2473	14.2
2474	134.3
2475	28.1
2476	0.3
2477	27.2
2478	21.1
2479	0.2
2480	34
2481	61.8
2482	11
2483	0.2
2484	97.5
2485	41.1
2486	21.5
2487	0.4
2488	35.3
2489	130.4
2490	54
2491	12.6
2492	110.5
2493	0.3
2494	20.5
2495	18.3
2496	11.2
2497	39
2498	40.4
2499	11.1
2500	78.8
2501	38.9
2502	41.2
2503	13.9
2504	49
2505	62.7
2506	23.6
2507	0.2
2508	74.1
2509	0.1
2510	72.8
2511	313.2
2512	56.3
2513	24
2514	42.4
2515	42.6
2516	0
2517	13.6
2518	25.5
2519	18.7
2520	76.7
2521	41.6
2522	359
2523	12.8
2524	0.1
2525	24.2
2526	44.3
2527	40.2
2528	40.7
2529	43.5
2530	42.3
2531	39.7
2532	40.8
2533	93.8
2534	24.6
2535	43
2536	91.2
2537	28.4
2538	267.5
2539	139.7
2540	96.9
2541	107
2542	54.9
2543	44.7
2544	24.1
2545	75.8
2546	50.6
2547	18.8
2548	85.7
2549	24
2550	0.1
2551	16.5
2552	159.5
2553	42.6
2554	106
2555	45
2556	45.1
2557	47.5
2558	17.4
2559	39.6
2560	348.1
2561	43.1
2562	175.9
2563	69.7
2564	96.5
2565	111.5
2566	12
2567	25.5
2568	408.8
2569	53.4
2570	24.2
2571	12.4
2572	0.1
2573	0.4
2574	28.5
2575	23.4
2576	19.7
2577	41.1
2578	44.5
2579	48.4
2580	0
2581	79.5
2582	220.2
2583	91.7
2584	0.2
2585	152.6
2586	164.2
2587	49.6
2588	18.8
2589	43.9
2590	48.9
2591	43
2592	42.4
2593	41.3
2594	21.5
2595	0.1
2596	244.7
2597	45.1
2598	189
2599	24
2600	42.4
2601	39.6
2602	72.7
2603	37.1
2604	186.2
2605	24.6
2606	2.5
2607	214
2608	39.5
2609	84.9
2610	0.1
2611	109.2
2612	39
2613	42.7
2614	95.2
2615	16.3
2616	103.3
2617	357.7
2618	25.4
2619	0
2620	179.4
2621	20.9
2622	46
2623	223.9
2624	38.3
2625	132.7
2626	20.8
2627	29.2
2628	16.4
2629	0.1
2630	46.7
2631	40.1
2632	109.2
2633	45.4
2634	45.9
2635	39.6
2636	85
2637	0
2638	32
2639	40
2640	36.6
2641	36.3
2642	123.3
2643	211.2
2644	4.6
2645	217.5
2646	39.8
2647	21.6
2648	79.5
2649	8.3
2650	219.3
2651	0.1
2652	6.5
2653	51.5
2654	3.4
2655	38.2
2656	96.2
2657	22.1
2658	47.7
2659	61.9
2660	284.8
2661	64.2
2662	184.6
2663	5.6
2664	40.7
2665	7.3
2666	37.4
2667	5.3
2668	37.7
2669	42.5
2670	174.9
2671	55.3
2672	79.9
2673	0.1
2674	22.1
2675	3.5
2676	3.2
2677	161.9
2678	62.5
2679	3.9
2680	39.8
2681	74.4
2682	98.2
2683	40.9
2684	46.1
2685	54.7
2686	56.1
2687	102
2688	48.2
2689	117.1
2690	92.8
2691	115.3
2692	3
2693	128.2
2694	42.2
2695	0.1
2696	45.6
2697	0.2
2698	141.6
2699	24.5
2700	81.4
2701	4.3
2702	95.1
2703	44.4
2704	3.7
2705	44.1
2706	50.9
2707	14.4
2708	77.9
2709	30.7
2710	92.9
2711	53.7
2712	0
2713	42
2714	97.3
2715	39.3
2716	86.8
2717	60.2
2718	43.1
2719	43.3
2720	51.2
2721	41.8
2722	85.5
2723	54.9
2724	32.5
2725	67.5
2726	39.7
2727	55.4
2728	44.6
2729	56.1
2730	83
2731	0
2732	60.6
2733	50.3
2734	58.8
2735	40.5
2736	8.8
2737	37.1
2738	53.1
2739	37.6
2740	51.1
2741	60.6
2742	56.7
2743	37.1
2744	41.8
2745	35.9
2746	9.5
2747	38.6
2748	0.1
2749	48.7
2750	50.8
2751	111
2752	49.3
2753	48
2754	54.5
2755	42.2
2756	34.9
2757	48.5
2758	126.3
2759	35.7
2760	37.2
2761	34
2762	46.2
2763	47.8
2764	59
2765	47.5
2766	64.3
2767	11.2
2768	57.2
2769	35.6
2770	43.2
2771	102.7
2772	44.5
2773	28.5
2774	176
2775	62.4
2776	45.8
2777	50.3
2778	63.7
2779	44.5
2780	26
2781	51.3
2782	41.2
2783	40.8
2784	42.6
2785	61.6
2786	43.4
2787	82.6
2788	36
2789	64.5
2790	56.7
2791	57.2
2792	65
2793	116.7
2794	53.2
2795	36.5
2796	37.9
2797	199.6
2798	63
2799	48.6
2800	56.8
2801	67.5
2802	109.1
2803	33.2
2804	25.9
2805	56.3
2806	49.7
2807	158
2808	51.1
2809	73.1
2810	10.5
2811	71.5
2812	39.3
2813	45
2814	56.3
2815	84
2816	35.3
2817	39.7
2818	112.2
2819	58.8
2820	109.1
2821	52.8
2822	45.1
2823	66.7
2824	32.5
2825	44
2826	37.7
2827	25.7
2828	45.5
2829	40.4
2830	60.9
2831	66.1
2832	64.3
2833	34.7
2834	110.7
2835	83.7
2836	61.6
2837	54.4
2838	103.9
2839	70.2
2840	109.4
2841	82
2842	54
2843	41.4
2844	28.4
2845	38
2846	10.2
2847	81
2848	54.5
2849	80.3
2850	59.8
2851	59.8
2852	53.1
2853	63.2
2854	100.3
2855	49.9
2856	72.9
2857	57.3
2858	77.4
2859	43.3
2860	41.4
2861	65.2
2862	48.2
2863	29.6
2864	52.3
2865	86.7
2866	57.8
2867	52.1
2868	33.6
2869	73
2870	42.5
2871	61.9
2872	57.1
2873	95
2874	15.8
2875	51
2876	10.9
2877	57.5
2878	46.3
2879	28.2
2880	56.6
2881	61
2882	98.4
2883	44.3
2884	62.8
2885	37
2886	65.4
2887	32.1
2888	12.8
2889	32.1
2890	38.7
2891	76.3
2892	78.8
2893	93.4
2894	66
2895	70
2896	10.4
2897	82.2
2898	47.2
2899	110.2
2900	53.5
2901	28.3
2902	69.8
2903	72.6
2904	25.8
2905	42.7
2906	59.8
2907	40.1
2908	59
2909	83
2910	39
2911	76.4
2912	62.5
2913	83.5
2914	84.3
2915	32.5
2916	72.4
2917	44.4
2918	102.1
2919	28.2
2920	30.2
2921	61.3
2922	36.5
2923	43.8
2924	64
2925	68.7
2926	41.6
2927	28.2
2928	66.3
2929	36.9
2930	68
2931	69.7
2932	81.7
2933	71.8
2934	26.8
2935	67.1
2936	27.3
2937	35.7
2938	28.2
2939	67
2940	27.4
2941	47.6
2942	28.9
2943	74.7
2944	26.8
2945	76.8
2946	87.2
2947	83.6
2948	88
2949	70.3
2950	34.3
2951	103.6
2952	68.7
2953	70
2954	66
2955	62.4
2956	72.1
2957	45.8
2958	83.4
2959	29.8
2960	50.5
2961	74.8
2962	65.1
2963	61.3
2964	61.8
2965	34.8
2966	106.7
2967	59.8
2968	63.9
2969	31.5
2970	26.8
2971	53.9
2972	61.7
2973	26.3
2974	69.6
2975	129.4
2976	72.4
2977	46.1
2978	52.2
2979	83.9
2980	66.8
2981	93.5
2982	46.3
2983	57.4
2984	84.2
2985	59
2986	70.8
2987	45.9
2988	57.4
2989	26.2
2990	34
2991	141.8
2992	43.6
2993	71.5
2994	60.4
2995	58.5
2996	118.7
2997	79.8
2998	34.3
2999	49.5
3000	37.1
3001	33.3
3002	76.7
3003	40.7
3004	20.5
3005	48
3006	64.1
3007	68.1
3008	69.6
3009	19.8
3010	26.1
3011	68.3
3012	64.7
3013	89.5
3014	34.2
3015	15.1
3016	49.8
3017	161.2
3018	37.3
3019	15
3020	34.6
3021	19.3
3022	29.1
3023	23.3
3024	79.7
3025	34.1
3026	88.5
3027	74.9
3028	41.1
3029	86.5
3030	29.1
3031	66.9
3032	45
3033	18.4
3034	69.4
3035	36.2
3036	28.2
3037	61.7
3038	15.4
3039	39.6
3040	98.1
3041	80.7
3042	71.4
3043	89.9
3044	36.3
3045	98.1
3046	12.4
3047	13.7
3048	63.4
3049	36.9
3050	128.4
3051	49.5
3052	42
3053	103.8
3054	33.1
3055	34.8
3056	74
3057	12.7
3058	94
3059	41.1
3060	15.5
3061	27.4
3062	15.6
3063	150.3
3064	96.3
3065	28.7
3066	64.3
3067	28.3
3068	78.4
3069	25.7
3070	49.1
3071	63.3
3072	36.4
3073	10.2
3074	95
3075	52.5
3076	40.8
3077	42
3078	37.3
3079	93.2
3080	67.1
3081	15.1
3082	28.9
3083	174.4
3084	27.7
3085	41.1
3086	35.2
3087	114.2
3088	84.9
3089	202.7
3090	40.9
3091	14.4
3092	11
3093	51.2
3094	10.6
3095	14
3096	52.2
3097	11.2
3098	163.3
3099	13.9
3100	55.5
3101	10
3102	32.8
3103	91.3
3104	91.4
3105	29.8
3106	86.9
3107	72.6
3108	13.3
3109	35.9
3110	12.6
3111	129.7
3112	10.1
3113	117.8
3114	19
3115	30.4
3116	32.2
3117	15.5
3118	113.8
3119	204.2
3120	9.7
3121	150.7
3122	10.3
3123	86.1
3124	16.6
3125	24.6
3126	10.2
3127	9.9
3128	12.2
3129	11.6
3130	12.3
3131	122
3132	71.8
3133	136
3134	107.8
3135	10.7
3136	125.3
3137	10.1
3138	12.2
3139	62.5
3140	45.6
3141	18.5
3142	55
3143	108.4
3144	13.8
3145	10
3146	11.2
3147	10
3148	21.2
3149	10.4
3150	10.1
3151	60.5
3152	45
3153	73
3154	53
3155	42.4
3156	39.6
3157	30.8
3158	10.3
3159	55.4
3160	9.9
3161	41.5
3162	53.8
3163	11.8
3164	10.4
3165	19
3166	42.7
3167	17.5
3168	84.5
3169	10.6
3170	69.8
3171	11.5
3172	85.3
3173	10.7
3174	42.4
3175	61
3176	11
3177	11.1
3178	11.4
3179	10.7
3180	10.1
3181	18.3
3182	69.5
3183	80.8
3184	37.6
3185	40.8
3186	21.9
3187	78.9
3188	82.3
3189	22.7
3190	10.3
3191	10.5
3192	60
3193	4.4
3194	74.7
3195	47.3
3196	4.6
3197	18.3
3198	18.5
3199	35
3200	10.4
3201	10.4
3202	45.9
3203	91
3204	18
3205	41.5
3206	10.6
3207	4.8
3208	10.3
3209	5.6
3210	50.8
3211	42.5
3212	35.1
3213	10.5
3214	10.3
3215	5.1
3216	10.7
3217	11.2
3218	59.1
3219	41.1
3220	18.4
3221	10.6
3222	55.7
3223	10.1
3224	38.6
3225	10.9
3226	32
3227	10.7
3228	5
3229	5.7
3230	18.1
3231	3.1
3232	10.3
3233	10.6
3234	29.9
3235	43
3236	55.9
3237	10.4
3238	54.4
3239	5.4
3240	23
3241	10.9
3242	3.5
3243	55.6
3244	6.2
3245	11.3
3246	10.8
3247	5.4
3248	10.4
3249	10.3
3250	20.8
3251	81.3
3252	67.6
3253	5.5
3254	48.7
3255	10.6
3256	10.5
3257	48.7
3258	5.3
3259	13.4
3260	10.3
3261	6.8
3262	54.8
3263	10.5
3264	10.3
3265	10.4
3266	3.5
3267	15.3
3268	39.8
3269	47
3270	3
3271	10
3272	35.5
3273	10.2
3274	53.6
3275	5
3276	8.6
3277	3.2
3278	24.6
3279	10.6
3280	10.7
3281	11
3282	10
3283	20.2
3284	3.8
3285	10.1
3286	45
3287	10.5
3288	10.2
3289	3.7
3290	10.5
3291	34.6
3292	10.2
3293	9.3
3294	10.3
3295	10.7
3296	10
3297	9.3
3298	13
3299	8.2
3300	18.1
3301	6.8
3302	10.8
3303	43.2
3304	12.8
3305	28.2
3306	4.6
3307	10.4
3308	32.4
3309	5.5
3310	6.7
3311	10.2
3312	12
3313	5.9
3314	10.2
3315	3.3
3316	19.7
3317	10.4
3318	12.7
3319	9.9
3320	7.1
3321	4.7
3322	9.9
3323	7.2
3324	3.9
3325	6.2
3326	5.1
3327	9.9
3328	10.4
3329	6
3330	13
3331	10.8
3332	10.7
3333	5.8
3334	9.9
3335	19.7
3336	4.4
3337	9.9
3338	10
3339	10.4
3340	10.2
3341	18
3342	4.2
3343	10.4
3344	5.6
3345	9.7
3346	10.1
3347	4.7
3348	9.7
3349	3.5
3350	15.6
3351	10.2
3352	17.3
3353	9.5
3354	4.3
3355	10.6
3356	9.7
3357	3.8
3358	10.1
3359	8.6
3360	9.5
3361	5.4
3362	3.3
3363	10.9
3364	7.3
3365	10.7
3366	8.7
3367	8.7
3368	10
3369	10.2
3370	7.9
3371	8.7
3372	10.4
3373	8.6
3374	8.4
3375	3.2
3376	7.9
3377	3.1
3378	3
3379	3.6
3380	8.1
3381	8.5
3382	3.1
3383	8.2
3384	8.1
3385	8.4
3386	8.5
3387	3.4
3388	3.2
3389	8.1
3390	8.2
3391	8
3392	8.2
3393	3.3
3394	8.4
3395	8.6
3396	8.3
3397	8.6
3398	7.6
3399	7.3
3400	133.4
3401	157.3
3402	143.9
3403	71.4
3404	110.1
3405	92.6
3406	92.2
3407	98.6
3408	133.9
3409	111.2
3410	0
3411	0
3412	204.8
3413	115.8
3414	216.9
3415	70.7
3416	1.5
3417	139.1
3418	107.5
3419	0
3420	1.1
3421	0
3422	141.5
3423	80.1
3424	62.5
3425	135.2
3426	100
3427	2.6
3428	27.9
3429	185.1
3430	27.2
3431	97.7
3432	179.5
3433	66.2
3434	68.3
3435	0
3436	110.1
3437	66
3438	0.1
3439	0
3440	77
3441	98
3442	1.1
3443	56.8
3444	55.9
3445	0
3446	0.1
3447	0.1
3448	1
3449	56
3450	0
3451	77.3
3452	71.2
3453	74.7
3454	56
3455	63.5
3456	4.3
3457	84.5
3458	64.7
3459	0.6
3460	74.7
3461	11.5
3462	104.1
3463	127.9
3464	0.4
3465	3.4
3466	46.1
3467	45.7
3468	52.1
3469	44.3
3470	60.6
3471	87.8
3472	35
3473	112.9
3474	89
3475	0
3476	0
3477	54.2
3478	57.4
3479	0
3480	49.3
3481	89.8
3482	28.3
3483	44.9
3484	55.4
3485	31.5
3486	0
3487	200.4
3488	50.2
3489	106.4
3490	78.1
3491	0
3492	79.2
3493	27.1
3494	60.6
3495	112.4
3496	25.5
3497	22
3498	19.9
3499	100.1
3500	34.4
3501	25.1
3502	18.2
3503	0
3504	0
3505	78.4
3506	116.8
3507	0
3508	49.8
3509	12.3
3510	0
3511	82.1
3512	31.3
3513	18.8
3514	29.3
3515	83
3516	31.5
3517	18.7
3518	31.2
3519	31
3520	0.2
3521	0.2
3522	166.1
3523	30.4
3524	28.5
3525	29.2
3526	13.9
3527	25
3528	89.1
3529	44.6
3530	43.6
3531	187
3532	22.1
3533	0
3534	0.1
3535	63.7
3536	66.4
3537	13.2
3538	0.1
3539	78.8
3540	164
3541	60.3
3542	61.5
3543	66.2
3544	65.1
3545	220.5
3546	60.7
3547	39
3548	66.5
3549	60.3
3550	52
3551	60.4
3552	45
3553	57.2
3554	66.7
3555	60.4
3556	60.6
3557	27.4
3558	61
3559	25.8
3560	72.9
3561	36.1
3562	13
3563	88.3
3564	17.2
3565	18.9
3566	15.2
3567	86
3568	71.1
3569	124.2
3570	62.8
3571	68.7
3572	12.6
3573	104.1
3574	43.5
3575	15.5
3576	49.9
3577	100.5
3578	22.1
3579	11.4
3580	10.9
3581	10.2
3582	36.3
3583	10.6
3584	46.5
3585	10.9
3586	62.6
3587	10.3
3588	6
3589	10.1
3590	6.5
3591	23.1
3592	7
3593	3.9
3594	8.5
