"COMID"	"Value"
1	1.3
2	6.8
3	1.2
4	1.5
5	1
6	0
7	2.9
8	7
9	5.6
10	0
11	1.7
12	5.6
13	0.1
14	7.1
15	7.1
16	4.8
17	5.7
18	2
19	2.4
20	1.2
21	7.9
22	1.2
23	0
24	5.6
25	6.4
26	0.8
27	6
28	1.2
29	4.8
30	0
31	1.1
32	0.9
33	7.2
34	5.6
35	1.2
36	5.6
37	6.9
38	0
39	5.6
40	9.4
41	7
42	7.6
43	9.5
44	1.1
45	6.8
46	0.1
47	2.8
48	7.2
49	6.3
50	7.5
51	5.6
52	0.8
53	5.6
54	5.2
55	5
56	4.8
57	9.2
58	5.6
59	7.1
60	5.6
61	5.6
62	5.6
63	2.1
64	5.9
65	5.6
66	1
67	7
68	3.1
69	1.6
70	1
71	0
72	6.8
73	5.6
74	2.5
75	1
76	1
77	0.2
78	1.4
79	5
80	1
81	0.8
82	0
83	6.5
84	0
85	5
86	3.1
87	5.6
88	5.6
89	1.1
90	6.1
91	7.6
92	6.9
93	5
94	5.6
95	2.8
96	7.5
97	4.9
98	0
99	1.3
100	5
101	1.7
102	4.8
103	5.6
104	0
105	7.5
106	4.9
107	1.5
108	0
109	7.5
110	7.5
111	0
112	4.9
113	1
114	4.9
115	4.6
116	3.3
117	0.5
118	2.6
119	0
120	4
121	0.8
122	4.7
123	0
124	2.5
125	3.7
126	5.1
127	1.6
128	0.6
129	5.6
130	1
131	2.7
132	1
133	0.6
134	4.2
135	2.5
136	3.6
137	0.7
138	1
139	1
140	4.3
141	4.4
142	1
143	0
144	3.7
145	1
146	2.6
147	2.1
148	0.7
149	2.6
150	0.8
151	0.1
152	2.5
153	1
154	2.5
155	0
156	1
157	0.7
158	1
159	2.8
160	4.8
161	1
162	1
163	0.9
164	1
165	0
166	1
167	0.5
168	0
169	0.6
170	4.7
171	2.4
172	1
173	1.1
174	7.5
175	1
176	5.9
177	2.4
178	2.4
179	2.5
180	1
181	0
182	3.7
183	0
184	1
185	1
186	4.1
187	2.2
188	1
189	1
190	4.5
191	1
192	2.5
193	1
194	6.3
195	0
196	1
197	2.2
198	1
199	2.5
200	1
201	1
202	1
203	1
204	1
205	1
206	0.9
207	1.3
208	5.7
209	2.5
210	2.4
211	2.1
212	0.5
213	2.5
214	1
215	0.5
216	2.3
217	2.2
218	1.5
219	1.9
220	1
221	0
222	0.5
223	5.1
224	0
225	1.8
226	0.4
227	0
228	2.5
229	1
230	0
231	2.3
232	2.4
233	4.9
234	0.5
235	0
236	2.5
237	1.1
238	1.7
239	0.4
240	3.1
241	0.4
242	0
243	0
244	4.8
245	2.4
246	4.5
247	0
248	0
249	0
250	4.7
251	0.4
252	10
253	2.1
254	0
255	0
256	0
257	0
258	0.1
259	0
260	0
261	2.4
262	0.4
263	0
264	0
265	0
266	2.3
267	4.6
268	9.8
269	4.7
270	0
271	2.7
272	0.4
273	4.4
274	0
275	0.3
276	0
277	1
278	0.4
279	0
280	0.3
281	0.4
282	4.3
283	1
284	1.1
285	0
286	0.3
287	10.2
288	1
289	1
290	1
291	9.3
292	1
293	0
294	9.8
295	1
296	3.9
297	4.2
298	0
299	0.1
300	4.1
301	1
302	4.3
303	3.9
304	1
305	4.2
306	1.2
307	4.2
308	1
309	1
310	3.8
311	4.1
312	4
313	4
314	1
315	1
316	1
317	0
318	1.3
319	0
320	4
321	1
322	3.7
323	3.9
324	1
325	0
326	9.7
327	1
328	1
329	1
330	0
331	1
332	1
333	1
334	1
335	0.1
336	1
337	0
338	1
339	1
340	1
341	1
342	0
343	1
344	0
345	1
346	0
347	1
348	1.1
349	1
350	1
351	1
352	1
353	1.2
354	1
355	0
356	1
357	0
358	1
359	0
360	1
361	1
362	1
363	1
364	0
365	0.8
366	5.7
367	0
368	7.7
369	0
370	1.2
371	0
372	5.6
373	5.8
374	0
375	7.2
376	0.6
377	1.2
378	5.7
379	0
380	1.2
381	0
382	0
383	2
384	0
385	0
386	0
387	26.3
388	1
389	2.3
390	26.2
391	5.6
392	3
393	0
394	5.6
395	0
396	0
397	0
398	5.6
399	0.1
400	5.6
401	1.3
402	0
403	0
404	0
405	0
406	7.4
407	0
408	0
409	0
410	15.3
411	1.3
412	0
413	7.4
414	0
415	0.1
416	0
417	0
418	0
419	6.3
420	0
421	0
422	0.1
423	1.6
424	7.2
425	8.1
426	0
427	6.7
428	7.2
429	1
430	7.6
431	0
432	5.6
433	7.4
434	5.7
435	5.6
436	5.8
437	0.1
438	11.7
439	0
440	1.2
441	6.6
442	4.8
443	7
444	5.6
445	22.2
446	5.6
447	22.1
448	16.7
449	5.6
450	6
451	0
452	1.4
453	0
454	5.6
455	6
456	5.6
457	2.6
458	1
459	1
460	5.6
461	8.4
462	4.2
463	7.5
464	1
465	4.8
466	0
467	6.6
468	1
469	5.5
470	1
471	1
472	1.5
473	2.1
474	1
475	0
476	0
477	4.3
478	1
479	6.1
480	2.2
481	0
482	0
483	2.7
484	5.6
485	5
486	0.1
487	6.2
488	1.3
489	0
490	1.1
491	6.5
492	2.1
493	0
494	7.5
495	0.3
496	0
497	5
498	6.2
499	0
500	4.8
501	2.7
502	7.5
503	5.6
504	5.6
505	4.5
506	4.7
507	4.9
508	4.5
509	4.7
510	3.3
511	6.9
512	7.2
513	0
514	4.2
515	0
516	5.6
517	4.9
518	5.6
519	5.7
520	0.2
521	2.4
522	5.6
523	0
524	2.3
525	2.3
526	5.7
527	2.3
528	5.6
529	0
530	15.8
531	15.1
532	2.7
533	2.3
534	1.6
535	16
536	2.2
537	0.1
538	0
539	0.6
540	5.6
541	15.2
542	15.1
543	2
544	0
545	0.2
546	15.3
547	0.9
548	0.2
549	0.4
550	0.7
551	15
552	1
553	1.8
554	0
555	5.6
556	1
557	5.7
558	0.2
559	6.9
560	15.1
561	2.1
562	15.3
563	0
564	14.7
565	7
566	15.4
567	5.6
568	15.3
569	6
570	0
571	2.1
572	15
573	5.6
574	0.7
575	5.6
576	0
577	0
578	7
579	7.2
580	15.2
581	0
582	0.5
583	5.6
584	5.6
585	0
586	0.5
587	15.3
588	0.2
589	30.6
590	0
591	0.5
592	7.4
593	15.1
594	6.3
595	0.3
596	5.6
597	0
598	5.6
599	15.4
600	6.1
601	5.6
602	0
603	0.4
604	0.3
605	0
606	0.3
607	5.6
608	5.7
609	0.1
610	5.6
611	1.3
612	0.1
613	0
614	1.7
615	0.1
616	0
617	31
618	0.1
619	6.7
620	6.1
621	0.2
622	1.8
623	1.9
624	1.8
625	5.6
626	5.6
627	15.1
628	5.6
629	6.5
630	15.7
631	5.6
632	0.3
633	8.1
634	0
635	6.9
636	6.4
637	6.3
638	5.6
639	0.2
640	0.2
641	15.3
642	0
643	1.3
644	0
645	0.3
646	8.2
647	5.6
648	0.8
649	1.4
650	5.6
651	15.9
652	5.6
653	0
654	5.6
655	0
656	5.6
657	1.4
658	2
659	1.2
660	0
661	1.8
662	7.5
663	1.1
664	5.6
665	5.6
666	5.6
667	1.8
668	31.6
669	1.9
670	5.6
671	5.6
672	5.6
673	7.5
674	0.4
675	8.1
676	1.1
677	15.4
678	5.8
679	5.6
680	0
681	8.3
682	1.6
683	31.7
684	1
685	5.6
686	15.5
687	0
688	8.1
689	5.6
690	7.8
691	1.8
692	15.4
693	5.7
694	0.3
695	1.8
696	9.3
697	5.6
698	1
699	5.6
700	7.9
701	0.4
702	8.9
703	7.9
704	5.2
705	1.2
706	5.7
707	15.4
708	8.6
709	1.1
710	1.1
711	0.1
712	0.2
713	1.1
714	5.6
715	1
716	0
717	0.5
718	8.8
719	1.2
720	7.9
721	5.6
722	1
723	8.5
724	6.7
725	5.6
726	0
727	0.3
728	1.2
729	0.4
730	1
731	5.8
732	0.2
733	1.1
734	7.6
735	0.3
736	5.7
737	5.8
738	8.2
739	7
740	6.8
741	1.1
742	1.3
743	1
744	0
745	0
746	7.5
747	8.4
748	0
749	1.1
750	5.6
751	7.5
752	1.3
753	8.3
754	8.5
755	1.1
756	6.9
757	3.2
758	1.8
759	5.6
760	7.5
761	5.6
762	1.3
763	1.3
764	15.3
765	8
766	0.1
767	1.8
768	2.3
769	7.3
770	2.2
771	1.3
772	1.8
773	7.2
774	7.1
775	1.3
776	5.6
777	0.9
778	6.9
779	0
780	7.2
781	1.2
782	169.7
783	144.3
784	175
785	195.8
786	148.6
787	172.6
788	100.5
789	128
790	156.3
791	112.4
792	127.1
793	96.3
794	176.8
795	192.6
796	95.8
797	196.7
798	91.8
799	110.3
800	140.3
801	103.5
802	121.6
803	123
804	90.1
805	106.4
806	111
807	75.5
808	124.4
809	191.4
810	214.9
811	102
812	144.3
813	107.9
814	119.4
815	116.9
816	96.3
817	94.3
818	123.6
819	256.2
820	109.6
821	108.7
822	132.9
823	99.7
824	153.8
825	96.7
826	206.3
827	151.1
828	146.1
829	102.5
830	150.6
831	112
832	152.1
833	130.9
834	133.8
835	124.5
836	142.1
837	46.8
838	118.8
839	139.3
840	126.2
841	114.5
842	165.3
843	15.8
844	129.5
845	110.6
846	141.8
847	131.5
848	120.5
849	146.5
850	126.5
851	110.4
852	87.1
853	70.2
854	83.9
855	75.3
856	109.3
857	113.3
858	122.5
859	100
860	144.8
861	95.4
862	7.8
863	64.5
864	107.8
865	83.8
866	136.1
867	73
868	128.8
869	114.9
870	40
871	107.3
872	118.1
873	9.9
874	77.5
875	111.3
876	120.4
877	74.1
878	79
879	97.4
880	127.3
881	131.7
882	128.2
883	71.6
884	81.8
885	81.4
886	6.7
887	117.5
888	143.6
889	76.5
890	152
891	125.4
892	125.9
893	178.2
894	6.9
895	95.5
896	115.5
897	132.5
898	127.3
899	195
900	182.2
901	145.1
902	157.9
903	117.4
904	74.4
905	132.6
906	141.2
907	134.4
908	125.4
909	83.8
910	0
911	80.2
912	126.2
913	124.3
914	159.3
915	0
916	105.6
917	83
918	125.3
919	130.3
920	132.8
921	68.5
922	128.8
923	17.3
924	129
925	103.3
926	144.6
927	81
928	1.9
929	127.3
930	148.4
931	90.6
932	2.5
933	156.2
934	0
935	131.4
936	134.4
937	143.3
938	114.6
939	84.3
940	120.4
941	103.2
942	141.6
943	0
944	121.4
945	148.5
946	135
947	0
948	106.8
949	170.1
950	161.7
951	127.2
952	118
953	3.4
954	3.7
955	140.2
956	113.5
957	118.7
958	2.2
959	106.6
960	180.8
961	147.9
962	131.2
963	124.7
964	0
965	167
966	154.8
967	0
968	109.8
969	128
970	31.5
971	150.1
972	143
973	186.4
974	113.6
975	113.5
976	81.5
977	153.6
978	3.6
979	163.8
980	96.7
981	160.8
982	180.7
983	145.5
984	85.1
985	151.1
986	126.2
987	2.7
988	136
989	160.4
990	0
991	137.2
992	0
993	134.3
994	132.8
995	118.3
996	120.9
997	125.8
998	2.4
999	133.8
1000	0
1001	2.3
1002	85
1003	0
1004	122.4
1005	3.7
1006	197.2
1007	0
1008	2.6
1009	0
1010	153.4
1011	144.7
1012	182.8
1013	1.9
1014	122.5
1015	2.6
1016	0
1017	131.4
1018	2.4
1019	2.2
1020	155.1
1021	132.9
1022	125.9
1023	197.5
1024	133
1025	151.3
1026	151.2
1027	162
1028	131
1029	2.1
1030	0.1
1031	0
1032	0
1033	0
1034	116.1
1035	0
1036	139.5
1037	146.4
1038	111.8
1039	3.4
1040	2.5
1041	141.8
1042	3.5
1043	0
1044	2.1
1045	5
1046	2.3
1047	124.6
1048	195
1049	170
1050	0
1051	139.8
1052	152.6
1053	2.2
1054	103.2
1055	192.3
1056	128.6
1057	0.1
1058	124
1059	0
1060	127.1
1061	0
1062	151.9
1063	124.9
1064	0
1065	2
1066	187.3
1067	0
1068	0.1
1069	0
1070	172.9
1071	125.4
1072	0
1073	0
1074	129.3
1075	0
1076	132.8
1077	0
1078	147.1
1079	112.9
1080	2.4
1081	0
1082	168.3
1083	0
1084	149
1085	152.8
1086	148.7
1087	0
1088	0
1089	2.9
1090	107.3
1091	137.2
1092	0
1093	3.2
1094	0
1095	1.4
1096	1.9
1097	131
1098	2.4
1099	0
1100	0
1101	0
1102	116.4
1103	0
1104	3.1
1105	3.2
1106	3.1
1107	0
1108	1.8
1109	109.2
1110	0
1111	0
1112	159.8
1113	124.8
1114	126.8
1115	4.6
1116	2
1117	159.6
1118	4.5
1119	2.8
1120	1.6
1121	1.9
1122	2.4
1123	2.7
1124	101.7
1125	1.9
1126	144.9
1127	2.8
1128	141
1129	150.8
1130	2
1131	0
1132	128.8
1133	157.3
1134	2
1135	0
1136	0
1137	2.2
1138	1.7
1139	2.7
1140	99.9
1141	1.6
1142	0
1143	136.2
1144	2.9
1145	4.1
1146	1.7
1147	2
1148	148.7
1149	1.9
1150	2.9
1151	2.3
1152	124.4
1153	120.7
1154	0
1155	0
1156	118.3
1157	2.6
1158	0.1
1159	86.4
1160	1.9
1161	0
1162	5.1
1163	2.8
1164	122.9
1165	0
1166	137.9
1167	123.3
1168	125.5
1169	135.7
1170	120.1
1171	3.4
1172	91.7
1173	4.4
1174	119.1
1175	1.8
1176	57.5
1177	0
1178	1.9
1179	137.3
1180	3.2
1181	4.8
1182	2.1
1183	0
1184	0
1185	144.5
1186	116.2
1187	2.4
1188	1.3
1189	4.9
1190	2.8
1191	124.2
1192	1.2
1193	112.9
1194	1.8
1195	130.6
1196	2.5
1197	0
1198	0
1199	66.5
1200	26.2
1201	1.8
1202	1.7
1203	0
1204	2.4
1205	2.4
1206	0
1207	2.3
1208	0
1209	2.3
1210	118.9
1211	117.3
1212	0
1213	83.5
1214	120.7
1215	3.7
1216	121.9
1217	71
1218	0
1219	0
1220	81.4
1221	1.4
1222	2.1
1223	2
1224	1.1
1225	137.2
1226	107.8
1227	54.7
1228	1.6
1229	5.3
1230	131.3
1231	0
1232	77.2
1233	0.7
1234	1.4
1235	2.8
1236	0
1237	117.8
1238	117.5
1239	0.1
1240	0.7
1241	111.3
1242	78.2
1243	2.1
1244	0.6
1245	120.1
1246	115.2
1247	64.2
1248	28.3
1249	166.5
1250	53.6
1251	2
1252	0
1253	0.9
1254	2.5
1255	0
1256	52.4
1257	3.3
1258	2.2
1259	0.1
1260	60.5
1261	55.7
1262	0
1263	2
1264	1.8
1265	151.2
1266	118.6
1267	0
1268	73.1
1269	27.4
1270	119.1
1271	1.7
1272	0.6
1273	3.7
1274	123.3
1275	0.7
1276	49.2
1277	79
1278	111.2
1279	26.1
1280	0.1
1281	2.8
1282	0
1283	160.1
1284	29.5
1285	3.1
1286	144.7
1287	4
1288	1.2
1289	80.4
1290	1.1
1291	61.6
1292	2.1
1293	25.6
1294	2.9
1295	137
1296	0
1297	29
1298	116.5
1299	0.9
1300	3.3
1301	0.1
1302	0.9
1303	1.6
1304	32.9
1305	162.6
1306	0
1307	135.6
1308	1.5
1309	0
1310	121.3
1311	138.3
1312	86.9
1313	2.4
1314	144.7
1315	0.1
1316	57.6
1317	52.7
1318	1.9
1319	72.3
1320	76.4
1321	0.2
1322	0
1323	0.1
1324	1.7
1325	74.3
1326	0.3
1327	0.3
1328	108.1
1329	31.3
1330	65.4
1331	55.8
1332	25.5
1333	58.4
1334	121
1335	1.8
1336	82
1337	0.3
1338	0.4
1339	1.8
1340	2.2
1341	126.9
1342	112.8
1343	0.1
1344	0
1345	0.9
1346	0
1347	109.8
1348	66.4
1349	1.2
1350	0.1
1351	70.9
1352	29.2
1353	103.1
1354	0.2
1355	74.3
1356	27.2
1357	71.1
1358	82.8
1359	2.4
1360	0.3
1361	0.8
1362	71.2
1363	0.1
1364	0.4
1365	59.8
1366	0.2
1367	0.1
1368	62.1
1369	0.1
1370	1.4
1371	0.1
1372	0.9
1373	62.6
1374	0.4
1375	113.4
1376	31.2
1377	0.8
1378	1.6
1379	1.9
1380	55.4
1381	0.1
1382	75.8
1383	0.5
1384	0.9
1385	28.3
1386	58
1387	0.3
1388	0.1
1389	0.1
1390	64.9
1391	116.1
1392	62.6
1393	0
1394	0.6
1395	61.8
1396	0.1
1397	153.6
1398	0.1
1399	0.1
1400	75
1401	0.1
1402	0.1
1403	126.8
1404	1.1
1405	0.7
1406	0.2
1407	0.1
1408	0.1
1409	152.8
1410	0
1411	98.3
1412	0.5
1413	146
1414	1.1
1415	177.5
1416	70.4
1417	0
1418	116.5
1419	0
1420	0.8
1421	0.1
1422	0.5
1423	50.8
1424	65.4
1425	0
1426	106.4
1427	1
1428	0.1
1429	0
1430	73
1431	127.8
1432	0.1
1433	70.9
1434	0.2
1435	75.7
1436	0.1
1437	0
1438	0.1
1439	1.1
1440	71.7
1441	67.3
1442	0.1
1443	79.6
1444	0.1
1445	0.4
1446	154.8
1447	0.5
1448	142.8
1449	0.1
1450	0.4
1451	0.1
1452	0.1
1453	149.5
1454	44.8
1455	1
1456	0.2
1457	111.8
1458	61.5
1459	1.1
1460	0.1
1461	62.9
1462	0
1463	0
1464	0
1465	0
1466	122
1467	0.1
1468	0
1469	63.6
1470	140.6
1471	0
1472	0.1
1473	118.3
1474	0.7
1475	145.6
1476	0
1477	0.3
1478	137
1479	76.8
1480	0
1481	69.2
1482	65.8
1483	0
1484	0.6
1485	40.4
1486	0.1
1487	0.1
1488	107
1489	72.3
1490	0.3
1491	60.5
1492	66.3
1493	149.6
1494	145.6
1495	0
1496	73.5
1497	55.3
1498	0.1
1499	69.4
1500	0.9
1501	68.8
1502	119.4
1503	0.3
1504	0
1505	65.6
1506	106.3
1507	0.1
1508	0.5
1509	39.3
1510	0.5
1511	0.9
1512	0.1
1513	151.3
1514	0.2
1515	0.1
1516	0.1
1517	154.9
1518	0.1
1519	80
1520	0.2
1521	0
1522	0.1
1523	0.1
1524	0
1525	0
1526	0
1527	71.9
1528	0
1529	75.2
1530	134.2
1531	0.2
1532	0.4
1533	0.9
1534	133.3
1535	28
1536	133.9
1537	0
1538	35.3
1539	0.1
1540	0
1541	0
1542	0
1543	78.3
1544	0.2
1545	0
1546	31.2
1547	76
1548	0
1549	0
1550	0
1551	0
1552	62.8
1553	124.1
1554	50.9
1555	106
1556	66.7
1557	0.4
1558	0
1559	74.5
1560	0.6
1561	0.1
1562	0.2
1563	0.4
1564	0
1565	59.2
1566	0.3
1567	0
1568	0.1
1569	109.2
1570	187.8
1571	0
1572	0.1
1573	180.4
1574	0.2
1575	89.2
1576	109.7
1577	167.3
1578	0
1579	0
1580	156.6
1581	182.3
1582	71.9
1583	72.5
1584	30.1
1585	171.1
1586	169.1
1587	0.1
1588	135.2
1589	0.2
1590	2.1
1591	0
1592	122
1593	0.3
1594	64.8
1595	70.9
1596	88.2
1597	0
1598	131.2
1599	113.4
1600	73.4
1601	45.8
1602	174.9
1603	69.2
1604	94.3
1605	2.9
1606	0
1607	0
1608	72.1
1609	0
1610	67.3
1611	0.4
1612	158.7
1613	108.1
1614	73
1615	114.1
1616	107.4
1617	0
1618	76.2
1619	0.9
1620	101
1621	136.9
1622	162
1623	0
1624	186.5
1625	81
1626	107.3
1627	0.1
1628	74.7
1629	0
1630	164.5
1631	57
1632	194.2
1633	0
1634	156.8
1635	185.9
1636	101.9
1637	137.7
1638	72
1639	0.9
1640	0
1641	70
1642	185.7
1643	84
1644	0.3
1645	63.8
1646	101.3
1647	0
1648	3
1649	0.3
1650	0.6
1651	117.1
1652	72.7
1653	0.6
1654	98.4
1655	129.7
1656	220
1657	76.9
1658	132
1659	76.9
1660	64.9
1661	3.4
1662	0.1
1663	93.6
1664	2.7
1665	0.4
1666	176.1
1667	155.1
1668	74.7
1669	87.9
1670	11.9
1671	143.1
1672	114.6
1673	111
1674	101.5
1675	71.5
1676	4.2
1677	18.2
1678	0.5
1679	157.1
1680	156
1681	84.8
1682	0.4
1683	84.8
1684	79.9
1685	76.3
1686	52.2
1687	191.4
1688	70.8
1689	3.2
1690	97.1
1691	5.5
1692	125.4
1693	19.5
1694	69.7
1695	97.9
1696	0
1697	149.9
1698	0.5
1699	2
1700	63.7
1701	146
1702	186
1703	90.9
1704	0
1705	1.3
1706	95
1707	0.3
1708	0.2
1709	77.3
1710	3.7
1711	2
1712	78.9
1713	134.6
1714	149.3
1715	103
1716	64.9
1717	89.7
1718	0.4
1719	47.6
1720	75.5
1721	178.3
1722	84.3
1723	70.6
1724	67.9
1725	127.4
1726	71.5
1727	150.4
1728	86.1
1729	22.6
1730	132.9
1731	3
1732	74.2
1733	81.1
1734	6.7
1735	127.2
1736	0.3
1737	77.9
1738	63.7
1739	88.1
1740	0
1741	24.2
1742	1.6
1743	68.2
1744	98.7
1745	157.8
1746	67.5
1747	66.5
1748	84.6
1749	55.6
1750	44
1751	74.8
1752	84.2
1753	132.9
1754	121.9
1755	79
1756	96
1757	133.7
1758	74.1
1759	84.2
1760	83.7
1761	100.1
1762	67.7
1763	131.7
1764	93.8
1765	2.3
1766	147.5
1767	98.7
1768	0
1769	88
1770	131.6
1771	71.7
1772	0
1773	145.8
1774	56.9
1775	0
1776	54.2
1777	132
1778	1.7
1779	1.8
1780	0.6
1781	96.2
1782	107
1783	65.8
1784	63.5
1785	121.5
1786	101
1787	167.6
1788	163.7
1789	58.6
1790	0.6
1791	58.1
1792	76.6
1793	82.9
1794	43.8
1795	108.7
1796	127.1
1797	135.3
1798	65
1799	0
1800	75.1
1801	115.3
1802	84.1
1803	0
1804	51.6
1805	2.4
1806	142.4
1807	86.9
1808	49.7
1809	120.8
1810	219.6
1811	75.7
1812	0
1813	147
1814	53.8
1815	58.3
1816	105.5
1817	90.2
1818	50.7
1819	142.5
1820	135.4
1821	92.8
1822	101.5
1823	95.3
1824	0
1825	153.4
1826	107.8
1827	64
1828	74.2
1829	127.8
1830	0
1831	86.7
1832	0
1833	103.5
1834	0
1835	109.9
1836	123.7
1837	0
1838	0
1839	175.7
1840	81.2
1841	89.5
1842	85.4
1843	153.7
1844	83.9
1845	85.3
1846	0
1847	86.8
1848	130.7
1849	184
1850	153.7
1851	77.4
1852	86.6
1853	89.1
1854	155
1855	77.2
1856	82.6
1857	0
1858	54.9
1859	72.6
1860	65.8
1861	0
1862	93.1
1863	0
1864	46
1865	95.3
1866	158.5
1867	0
1868	127.2
1869	99.4
1870	34
1871	112.7
1872	80.1
1873	117.7
1874	179.2
1875	0
1876	93.6
1877	0
1878	0
1879	180.9
1880	143.3
1881	86.6
1882	0
1883	178.8
1884	103.2
1885	65.4
1886	93.4
1887	0
1888	76
1889	0.1
1890	148.2
1891	34.9
1892	84.9
1893	47.8
1894	52.3
1895	77.3
1896	47.8
1897	94.1
1898	136.5
1899	79.9
1900	0
1901	151.2
1902	98.7
1903	80.6
1904	86.1
1905	65.3
1906	0
1907	0
1908	64
1909	28.5
1910	29.3
1911	77.1
1912	50.7
1913	0.1
1914	64.7
1915	0
1916	99.1
1917	81.9
1918	65.5
1919	0
1920	0
1921	80.2
1922	0.1
1923	0.1
1924	0
1925	68.3
1926	92.4
1927	143.2
1928	42.7
1929	0
1930	0
1931	0
1932	67.5
1933	94.8
1934	73.5
1935	0
1936	77
1937	0
1938	114.2
1939	120.9
1940	0
1941	86.8
1942	53.3
1943	0.1
1944	74
1945	0
1946	0.1
1947	0
1948	0
1949	87.6
1950	42.4
1951	0
1952	43.4
1953	32.4
1954	0
1955	65.9
1956	69.3
1957	168.1
1958	0
1959	63.3
1960	56.9
1961	66.6
1962	80
1963	0
1964	0.1
1965	0
1966	39.7
1967	29
1968	150
1969	0
1970	86.2
1971	0
1972	0
1973	0
1974	69.9
1975	32.1
1976	35.6
1977	35.3
1978	69.7
1979	48.5
1980	0
1981	69.6
1982	42.9
1983	0
1984	0
1985	34.3
1986	94.7
1987	82.8
1988	35.9
1989	58.2
1990	42
1991	0
1992	0
1993	62.3
1994	125.1
1995	71.9
1996	0
1997	49.6
1998	160.9
1999	0
2000	34.7
2001	94.2
2002	83
2003	85.9
2004	0
2005	0.1
2006	72.9
2007	0
2008	14.9
2009	0
2010	40.7
2011	48.3
2012	0
2013	53.8
2014	45.2
2015	61.8
2016	0
2017	0
2018	19.5
2019	0.1
2020	0
2021	18.2
2022	18.4
2023	45.3
2024	45.7
2025	133.5
2026	0
2027	34.3
2028	97.2
2029	75.4
2030	0
2031	112
2032	18.5
2033	0
2034	0
2035	32.9
2036	46.6
2037	78.1
2038	46.8
2039	0
2040	0
2041	62.5
2042	34.3
2043	79.5
2044	84
2045	0
2046	0.1
2047	34.4
2048	0
2049	0
2050	88.3
2051	15.2
2052	0
2053	16.3
2054	32.8
2055	43.5
2056	72.9
2057	36.2
2058	52.5
2059	0.1
2060	18.2
2061	14.5
2062	139.7
2063	0
2064	15.9
2065	0
2066	0
2067	35.4
2068	0
2069	82.2
2070	31.3
2071	19.2
2072	0
2073	73.7
2074	69.9
2075	0
2076	45.9
2077	0
2078	61.9
2079	0
2080	0.1
2081	68.7
2082	0
2083	14.5
2084	45.9
2085	0
2086	43.6
2087	0.1
2088	141
2089	65.6
2090	92.4
2091	54
2092	88.5
2093	54.2
2094	0.1
2095	14.7
2096	0
2097	15.8
2098	56.6
2099	58.3
2100	73.8
2101	0
2102	40.2
2103	0
2104	0
2105	0
2106	0
2107	0.1
2108	102.5
2109	0
2110	0
2111	0
2112	59.6
2113	42.9
2114	0
2115	87.4
2116	78.8
2117	37.5
2118	36.7
2119	13.5
2120	116.6
2121	13.2
2122	82.6
2123	0.1
2124	92.9
2125	42.3
2126	0
2127	12.2
2128	0
2129	0
2130	0.1
2131	40.2
2132	48
2133	0
2134	0
2135	17.3
2136	128.6
2137	13.7
2138	18.5
2139	60.8
2140	0
2141	112.7
2142	33.9
2143	0
2144	0
2145	66.7
2146	14.1
2147	15.2
2148	82.4
2149	0.1
2150	59.9
2151	0
2152	95
2153	160.5
2154	85.4
2155	0
2156	0
2157	0.1
2158	14.1
2159	12.5
2160	166.6
2161	0
2162	0
2163	73.8
2164	0
2165	13.8
2166	0
2167	0
2168	0.1
2169	70.8
2170	0
2171	0.1
2172	0
2173	61.5
2174	0
2175	1.6
2176	0.1
2177	129.5
2178	15.2
2179	0
2180	28.2
2181	168
2182	0
2183	0.1
2184	0
2185	67.9
2186	1.5
2187	12.6
2188	0
2189	0
2190	13
2191	0
2192	0
2193	0
2194	85.3
2195	12.7
2196	0
2197	113.5
2198	0
2199	164.6
2200	0
2201	1.3
2202	12.5
2203	0
2204	0
2205	0
2206	30
2207	12.6
2208	12.6
2209	0
2210	174
2211	0
2212	37.3
2213	104
2214	0
2215	28.8
2216	12.7
2217	0
2218	0
2219	108.2
2220	12.6
2221	0
2222	172.5
2223	0
2224	0
2225	37.5
2226	12.7
2227	170.9
2228	0
2229	0
2230	39.2
2231	0
2232	44.4
2233	0
2234	99.8
2235	0
2236	0
2237	0
2238	0
2239	12.6
2240	0
2241	33.6
2242	0
2243	0
2244	0
2245	129.1
2246	0
2247	0
2248	159
2249	32.2
2250	0
2251	12.4
2252	112.8
2253	0
2254	12.6
2255	0
2256	80.2
2257	13
2258	0
2259	119.1
2260	0
2261	0
2262	0
2263	131.9
2264	156.1
2265	123.5
2266	0
2267	0
2268	46.4
2269	12.7
2270	0
2271	53.1
2272	0
2273	13.5
2274	0
2275	92.4
2276	13.9
2277	0
2278	0
2279	0
2280	0
2281	0.1
2282	141.7
2283	14.4
2284	0
2285	128
2286	54.8
2287	12.7
2288	59.8
2289	0
2290	0
2291	0
2292	115.6
2293	12.7
2294	13.2
2295	121
2296	78.5
2297	137
2298	0
2299	12.1
2300	0
2301	0
2302	0
2303	0
2304	0
2305	0
2306	51
2307	109.9
2308	0
2309	27.9
2310	153.8
2311	0.2
2312	0.1
2313	0
2314	0
2315	0.2
2316	0
2317	155.2
2318	0
2319	0
2320	112.4
2321	76.2
2322	0
2323	0
2324	175.5
2325	104.9
2326	31.8
2327	0
2328	134.8
2329	0
2330	0.2
2331	0.1
2332	14
2333	0
2334	74.8
2335	0.1
2336	39.2
2337	0.1
2338	21.9
2339	14.7
2340	67.4
2341	53.2
2342	0.1
2343	15.4
2344	0.1
2345	20
2346	42
2347	0
2348	0.1
2349	58.5
2350	0
2351	65.3
2352	0
2353	58.9
2354	0.1
2355	43.9
2356	0.1
2357	0.1
2358	13.5
2359	43.4
2360	51.6
2361	43.3
2362	17.6
2363	53.6
2364	22.8
2365	51.2
2366	0.2
2367	0.1
2368	40
2369	13.7
2370	57.7
2371	0
2372	42.4
2373	42.1
2374	13.1
2375	0
2376	0.2
2377	44
2378	41.9
2379	41.8
2380	44.6
2381	39.3
2382	42.3
2383	0.2
2384	0.1
2385	7.2
2386	0
2387	0
2388	41.6
2389	65.2
2390	13.1
2391	36.4
2392	50.2
2393	0.1
2394	62.2
2395	14.2
2396	36.9
2397	0.1
2398	6.8
2399	39.3
2400	0.1
2401	38.7
2402	57.6
2403	37.1
2404	12.8
2405	42.1
2406	32.6
2407	0.4
2408	39.6
2409	38.7
2410	38.5
2411	42
2412	42.3
2413	0
2414	12.3
2415	44.4
2416	32.3
2417	37.4
2418	46.1
2419	37.8
2420	68.7
2421	0.3
2422	22.9
2423	30.3
2424	49.7
2425	12.5
2426	0.4
2427	0.1
2428	65.4
2429	0.1
2430	0
2431	48.7
2432	0
2433	76.6
2434	12.1
2435	0.1
2436	0
2437	11.6
2438	35.3
2439	102.8
2440	50.8
2441	0.2
2442	27.3
2443	34.6
2444	62.5
2445	35
2446	12.4
2447	43.2
2448	192.7
2449	0
2450	0.1
2451	31.6
2452	33.9
2453	134
2454	0.1
2455	0.1
2456	128.4
2457	0.1
2458	30.7
2459	41.9
2460	11.4
2461	173.2
2462	72.7
2463	12.2
2464	159.8
2465	0.1
2466	0.1
2467	44.1
2468	47.7
2469	40.3
2470	170.5
2471	37.1
2472	40.4
2473	12
2474	86.5
2475	32
2476	0
2477	41.4
2478	27.2
2479	0
2480	42
2481	46.9
2482	11.4
2483	0
2484	69.5
2485	48.6
2486	32.8
2487	0.1
2488	46.9
2489	86.1
2490	44.1
2491	12
2492	80.9
2493	0.1
2494	27.3
2495	24.7
2496	11.9
2497	45.4
2498	46.7
2499	11.5
2500	69.1
2501	49.7
2502	50.7
2503	18.8
2504	44.7
2505	60.9
2506	33.9
2507	0.1
2508	57.4
2509	0
2510	63.2
2511	173.6
2512	60.1
2513	36.5
2514	50.3
2515	50.6
2516	0
2517	12.3
2518	28.9
2519	31.7
2520	82.6
2521	53.1
2522	202.2
2523	13.2
2524	0.1
2525	28.1
2526	52.8
2527	50.5
2528	46.7
2529	52
2530	45
2531	42.2
2532	45
2533	82.8
2534	28.8
2535	48.1
2536	88.5
2537	33.5
2538	162
2539	134.2
2540	80.6
2541	99.6
2542	61.7
2543	52.7
2544	28.6
2545	67.4
2546	51.6
2547	31.4
2548	73
2549	36.6
2550	0.1
2551	14.8
2552	131.9
2553	51.5
2554	86.8
2555	45.8
2556	51.9
2557	47.3
2558	25.6
2559	46.8
2560	209.2
2561	49.9
2562	143.1
2563	68
2564	80
2565	83.8
2566	12.9
2567	32.9
2568	243.2
2569	54.1
2570	27.6
2571	13.9
2572	0
2573	0.9
2574	30.5
2575	29.3
2576	27.4
2577	43.8
2578	46.6
2579	55.1
2580	0
2581	71.9
2582	133.7
2583	73
2584	0.1
2585	78.6
2586	103.3
2587	48.5
2588	28.8
2589	46.8
2590	46.1
2591	45.8
2592	44.3
2593	51.6
2594	25.8
2595	0.1
2596	124.4
2597	52.8
2598	141.2
2599	29.5
2600	50.5
2601	46.1
2602	65.4
2603	45.5
2604	148
2605	31.6
2606	3.3
2607	90.4
2608	46.4
2609	73.6
2610	0.7
2611	78.9
2612	47.2
2613	50.1
2614	72.4
2615	14.3
2616	79
2617	189.1
2618	35.1
2619	0.1
2620	145.5
2621	25
2622	53
2623	100.8
2624	45.3
2625	93
2626	23.8
2627	30.6
2628	14.4
2629	0.2
2630	43.3
2631	44.6
2632	70.5
2633	51.4
2634	50.9
2635	54.4
2636	72.7
2637	0
2638	36.1
2639	50.1
2640	42.7
2641	46.8
2642	93.6
2643	139.8
2644	4.8
2645	171.5
2646	42.2
2647	25.9
2648	71.4
2649	4.7
2650	121.5
2651	0
2652	7.8
2653	50.7
2654	6.1
2655	48.8
2656	77.5
2657	26.5
2658	47.1
2659	66.8
2660	188.8
2661	33.9
2662	143.9
2663	6.1
2664	47.3
2665	5.1
2666	54.5
2667	7.5
2668	57.7
2669	50.4
2670	116.7
2671	64.8
2672	65.5
2673	0.3
2674	27
2675	5.6
2676	5.1
2677	104.5
2678	68.8
2679	6.9
2680	65.3
2681	42.5
2682	34.9
2683	48.5
2684	46.7
2685	56.7
2686	64.7
2687	75.9
2688	39.1
2689	53.8
2690	58.2
2691	39.9
2692	4.1
2693	59.3
2694	51
2695	0.1
2696	47.9
2697	0.1
2698	96.5
2699	15.7
2700	64.7
2701	6.1
2702	47.9
2703	45.6
2704	5.7
2705	47
2706	50.3
2707	15
2708	47.4
2709	20.8
2710	54
2711	58.7
2712	0
2713	52.4
2714	73.8
2715	43.9
2716	55
2717	40.8
2718	42
2719	46.3
2720	40.1
2721	44.8
2722	54.5
2723	57.4
2724	24.4
2725	48.5
2726	47.9
2727	57.7
2728	43.3
2729	57.4
2730	44.7
2731	0
2732	48.1
2733	50.5
2734	41.7
2735	44
2736	9.4
2737	41.2
2738	49
2739	44.5
2740	40.4
2741	54.9
2742	50.5
2743	41.7
2744	42
2745	39.7
2746	9.5
2747	42.3
2748	0.1
2749	54.2
2750	47.3
2751	97.3
2752	57.8
2753	43.4
2754	56.7
2755	46.6
2756	39.3
2757	50.7
2758	128.7
2759	41.9
2760	43.8
2761	41.3
2762	45.8
2763	25.2
2764	47.3
2765	45.6
2766	59.9
2767	9.6
2768	64.9
2769	39.6
2770	43.8
2771	81
2772	46.1
2773	29.5
2774	123
2775	45.3
2776	46.5
2777	51.6
2778	43.7
2779	45.5
2780	26.4
2781	60.5
2782	36.5
2783	54
2784	53.4
2785	26.1
2786	24.9
2787	71.7
2788	42.9
2789	43.5
2790	66.3
2791	57.8
2792	40.8
2793	125.2
2794	52.6
2795	39.4
2796	42
2797	198.9
2798	60.3
2799	53.2
2800	43.7
2801	52.3
2802	75.2
2803	37.3
2804	26.4
2805	43.7
2806	49.1
2807	82.8
2808	43.8
2809	70.4
2810	9.4
2811	42.5
2812	46
2813	44.1
2814	52
2815	40.8
2816	37.5
2817	45.3
2818	79.8
2819	55.4
2820	91
2821	46.6
2822	47.6
2823	63.9
2824	24.7
2825	48.6
2826	25.3
2827	25.9
2828	54
2829	25.3
2830	51.1
2831	68.5
2832	62.7
2833	39.6
2834	79.4
2835	95.7
2836	53.5
2837	56.6
2838	102.1
2839	73.7
2840	86.4
2841	80.6
2842	58.8
2843	44.5
2844	27.8
2845	42.3
2846	9
2847	43.4
2848	47.4
2849	67.7
2850	42.1
2851	50.8
2852	55.8
2853	53.1
2854	69.8
2855	52
2856	80.6
2857	52.2
2858	75.8
2859	43.6
2860	44.1
2861	51.4
2862	43.3
2863	33.6
2864	44.6
2865	63.1
2866	50.6
2867	47.7
2868	34.8
2869	51.9
2870	44.9
2871	47.7
2872	47.7
2873	77.9
2874	9
2875	49.4
2876	8.9
2877	52.9
2878	48.3
2879	27
2880	52.1
2881	55
2882	82.1
2883	47.4
2884	48
2885	40.9
2886	64
2887	34.5
2888	8.9
2889	24.6
2890	24.2
2891	58.1
2892	55.3
2893	80.2
2894	50.2
2895	52.2
2896	9
2897	70.3
2898	46.3
2899	85
2900	50.3
2901	28.4
2902	55.9
2903	73.3
2904	25.7
2905	46.4
2906	51.1
2907	38
2908	53
2909	54.8
2910	42.7
2911	78.6
2912	51.6
2913	57
2914	78.8
2915	33.2
2916	57.6
2917	23.8
2918	75.3
2919	28.7
2920	30.8
2921	56.2
2922	39.9
2923	45.1
2924	43
2925	62.5
2926	34.2
2927	26.6
2928	60.5
2929	33.9
2930	79.6
2931	57
2932	61.9
2933	50.2
2934	26.4
2935	55.1
2936	27.6
2937	40.5
2938	29
2939	58.1
2940	27.2
2941	42.8
2942	27.4
2943	63
2944	27.7
2945	53.9
2946	84.3
2947	58.1
2948	67.4
2949	50.5
2950	39.8
2951	72.8
2952	63.1
2953	57.5
2954	84.2
2955	54.8
2956	58.9
2957	35.5
2958	62.9
2959	29
2960	51.5
2961	52
2962	46.7
2963	59.9
2964	72.8
2965	41.1
2966	69.9
2967	70.4
2968	58.7
2969	30
2970	27.6
2971	52.9
2972	58.8
2973	26.9
2974	54.6
2975	109.7
2976	61.7
2977	43.1
2978	49.2
2979	55.2
2980	53
2981	103.4
2982	60.4
2983	51.9
2984	65.4
2985	83.3
2986	50.2
2987	43.8
2988	51.3
2989	26.9
2990	41.4
2991	123.6
2992	54.9
2993	52.7
2994	51.6
2995	52.9
2996	77.5
2997	66.1
2998	40.1
2999	54.9
3000	41.6
3001	32.6
3002	56.3
3003	40.7
3004	23
3005	43.3
3006	55.4
3007	96.6
3008	57.5
3009	20.8
3010	26.8
3011	64.6
3012	52.3
3013	75.2
3014	37.9
3015	17.3
3016	47.1
3017	109.2
3018	38.7
3019	16.7
3020	42.9
3021	21.7
3022	30.4
3023	21.8
3024	57
3025	37.5
3026	79
3027	62.4
3028	43.3
3029	55
3030	29.4
3031	46.7
3032	46.2
3033	17.4
3034	54.5
3035	40.9
3036	28.7
3037	51.6
3038	17.4
3039	41.3
3040	70.4
3041	69.6
3042	69.9
3043	63.2
3044	45.5
3045	70.2
3046	13.9
3047	17.9
3048	69.4
3049	41.4
3050	106.4
3051	54.6
3052	46.2
3053	86.6
3054	39.2
3055	42.8
3056	66.4
3057	16.8
3058	62.6
3059	52.4
3060	14.7
3061	28.9
3062	19.4
3063	118.8
3064	91.9
3065	29.9
3066	65.2
3067	29.9
3068	78.7
3069	19.6
3070	58.3
3071	53.6
3072	45.4
3073	10.9
3074	77.9
3075	46.3
3076	53.5
3077	54.3
3078	45.1
3079	66.4
3080	69.4
3081	17.6
3082	29
3083	128.6
3084	32.2
3085	47.9
3086	38
3087	145.1
3088	85.2
3089	157.3
3090	52
3091	23.6
3092	13.1
3093	59.6
3094	11.5
3095	14.2
3096	62.2
3097	13.7
3098	156.3
3099	14.1
3100	65.5
3101	10.6
3102	45.6
3103	71.4
3104	76.9
3105	31.6
3106	75.9
3107	76.6
3108	14.3
3109	47.5
3110	15.2
3111	163
3112	10.7
3113	120.6
3114	25.4
3115	31.9
3116	43.4
3117	21.6
3118	101.3
3119	204.4
3120	10.2
3121	153.1
3122	11.7
3123	86.9
3124	18.2
3125	24.8
3126	11
3127	10.4
3128	17.5
3129	15.4
3130	15.6
3131	119
3132	76.2
3133	93.9
3134	85.2
3135	11.9
3136	98.6
3137	11.3
3138	16.1
3139	88.3
3140	54.7
3141	19.4
3142	64.5
3143	131.9
3144	18.4
3145	10.6
3146	15.4
3147	10.8
3148	22
3149	12.2
3150	12.4
3151	20.7
3152	46.3
3153	83.1
3154	59.9
3155	45.1
3156	44.6
3157	35.3
3158	11.6
3159	58.7
3160	10.8
3161	23.1
3162	44.9
3163	15.4
3164	11.7
3165	16.5
3166	47.1
3167	16.5
3168	90.3
3169	13.1
3170	80.3
3171	12.1
3172	106.6
3173	12.7
3174	28.4
3175	66.9
3176	11.6
3177	14.2
3178	14.1
3179	13.2
3180	11.3
3181	16
3182	77.4
3183	73.3
3184	29
3185	28.7
3186	23.1
3187	88.7
3188	27.6
3189	25.5
3190	11.3
3191	11.4
3192	28
3193	5.2
3194	79.9
3195	52.8
3196	5
3197	16.1
3198	16
3199	37.7
3200	12.7
3201	12.1
3202	53.6
3203	76.8
3204	16.5
3205	23.6
3206	13.8
3207	5.5
3208	11.8
3209	8.2
3210	31.6
3211	32.5
3212	41.5
3213	12.6
3214	11.8
3215	5.2
3216	12.2
3217	14
3218	25.2
3219	24.3
3220	16.1
3221	12.6
3222	32
3223	11
3224	37.6
3225	12.6
3226	29.8
3227	12.5
3228	4.4
3229	7.6
3230	18.6
3231	4.7
3232	12.4
3233	13.5
3234	28.9
3235	40.8
3236	32.8
3237	13.1
3238	30
3239	7.1
3240	21.8
3241	14.3
3242	5.4
3243	29.4
3244	5.2
3245	13.9
3246	13.6
3247	7.3
3248	12.6
3249	11.7
3250	17.5
3251	73.5
3252	68.9
3253	4.9
3254	27.1
3255	13.2
3256	12.7
3257	30.8
3258	5.6
3259	15.8
3260	12.4
3261	8.5
3262	32.9
3263	12.8
3264	12.2
3265	12.1
3266	5.5
3267	16.4
3268	31.7
3269	59
3270	5.1
3271	11.8
3272	52.7
3273	11.9
3274	64
3275	5.7
3276	8.3
3277	5.3
3278	25.3
3279	13
3280	12.6
3281	14.5
3282	11.4
3283	26.1
3284	5.6
3285	11.3
3286	54.1
3287	12.3
3288	12.2
3289	5.9
3290	12.1
3291	40.2
3292	11.7
3293	11.4
3294	13
3295	13.5
3296	11.3
3297	8.7
3298	13.8
3299	6.3
3300	21.8
3301	7.1
3302	13.2
3303	52.6
3304	16.3
3305	19.6
3306	6.7
3307	12
3308	56.8
3309	5.3
3310	7.7
3311	11.3
3312	14.8
3313	6.2
3314	11
3315	6.3
3316	44
3317	11.3
3318	15.9
3319	11.1
3320	5.8
3321	5.9
3322	11.6
3323	9.8
3324	6.5
3325	6.7
3326	5.4
3327	10.4
3328	11.6
3329	5.5
3330	17
3331	13.5
3332	13.3
3333	6.2
3334	11
3335	30.5
3336	5.9
3337	10.2
3338	9.4
3339	10.8
3340	11.3
3341	24.6
3342	5.8
3343	12.1
3344	6
3345	10.4
3346	12.4
3347	5.2
3348	10.3
3349	5.9
3350	11.8
3351	12.5
3352	10.6
3353	9
3354	6.7
3355	9.6
3356	9.9
3357	7
3358	11.7
3359	8.9
3360	11.8
3361	5.8
3362	6.2
3363	16
3364	9.7
3365	13.3
3366	9
3367	9.7
3368	11.1
3369	12.3
3370	9.8
3371	9.3
3372	12.9
3373	9.3
3374	9.1
3375	6.7
3376	9.1
3377	5.3
3378	5.9
3379	5.6
3380	9.3
3381	9.4
3382	5.6
3383	9.6
3384	9.4
3385	9.6
3386	9.4
3387	5.8
3388	5.5
3389	9.9
3390	10
3391	9.7
3392	10
3393	5.6
3394	10.4
3395	9.7
3396	10.3
3397	10.2
3398	9.1
3399	8.9
3400	125.2
3401	154.5
3402	105.5
3403	136.4
3404	67.6
3405	74.5
3406	88.4
3407	136.3
3408	99.6
3409	137.3
3410	0
3411	0
3412	135.2
3413	156.9
3414	122
3415	114
3416	3.9
3417	158.8
3418	111
3419	0
3420	1.6
3421	0
3422	111.3
3423	113.7
3424	58
3425	123.5
3426	166.9
3427	2
3428	30.3
3429	127.8
3430	29.2
3431	144.7
3432	146.1
3433	75.3
3434	60.9
3435	0
3436	141
3437	60.9
3438	0
3439	0
3440	92.8
3441	127.2
3442	0.8
3443	59.4
3444	64.4
3445	0
3446	0
3447	0.1
3448	0.4
3449	66.9
3450	0
3451	96.3
3452	75.1
3453	68.5
3454	57.7
3455	86.4
3456	3.9
3457	208.8
3458	63.1
3459	1
3460	94
3461	16.4
3462	144.8
3463	122.2
3464	0.8
3465	1.9
3466	45.8
3467	62.9
3468	76.7
3469	45.8
3470	52.5
3471	111.2
3472	34.3
3473	122.3
3474	76.4
3475	0
3476	0
3477	56.9
3478	47.1
3479	0
3480	51
3481	77.4
3482	29.4
3483	52.2
3484	62.9
3485	30.9
3486	0
3487	59.1
3488	34.8
3489	86.1
3490	76.7
3491	0.1
3492	80.1
3493	15.7
3494	74.3
3495	143
3496	12.5
3497	27.8
3498	25.5
3499	152.5
3500	36
3501	12.9
3502	13.2
3503	0
3504	0
3505	62.2
3506	114.5
3507	0
3508	50.8
3509	14
3510	0
3511	47.1
3512	63.3
3513	22.1
3514	51.8
3515	59.3
3516	45.4
3517	30.2
3518	35.2
3519	38.2
3520	0
3521	0.1
3522	123.1
3523	37.3
3524	41.9
3525	37.8
3526	14.4
3527	35.1
3528	92.8
3529	56.1
3530	54.6
3531	126.9
3532	28.9
3533	0.1
3534	0.1
3535	64.3
3536	35.2
3537	10.2
3538	0.1
3539	57.7
3540	189
3541	54.8
3542	44.1
3543	65.3
3544	84.8
3545	220.4
3546	49.9
3547	38.8
3548	40.4
3549	55.4
3550	49.9
3551	54.8
3552	47.7
3553	56.3
3554	57
3555	55.3
3556	55.3
3557	27.5
3558	51.5
3559	26.7
3560	59.8
3561	38.8
3562	15.9
3563	57.9
3564	18.3
3565	20
3566	16.8
3567	61.6
3568	67.3
3569	99.3
3570	70.1
3571	75.1
3572	17.5
3573	85.3
3574	46.7
3575	24
3576	64.4
3577	88
3578	20.8
3579	14.5
3580	13.9
3581	11.2
3582	29.5
3583	11.9
3584	47.1
3585	12.7
3586	56.6
3587	12.5
3588	5.6
3589	11.9
3590	5.7
3591	21.6
3592	6.1
3593	5.1
3594	9.7
