"COMID"	"Value"
1	1.1
2	6.9
3	0.8
4	1.1
5	1.2
6	0
7	2.9
8	7.1
9	5.6
10	0
11	1.2
12	5.6
13	0.4
14	6.5
15	7.1
16	4.6
17	9.3
18	1.5
19	4.2
20	0.9
21	7.2
22	0.8
23	0
24	5.6
25	6
26	0.6
27	5.7
28	1.4
29	4.1
30	0
31	1
32	1.9
33	6.4
34	5.6
35	0.9
36	5.6
37	6.3
38	0
39	5.6
40	13.1
41	6.4
42	7.2
43	29.7
44	1.8
45	6.8
46	0.4
47	2.7
48	6.4
49	5.9
50	7.6
51	5.6
52	1.5
53	5.6
54	4.7
55	4.9
56	5.2
57	19.9
58	5.6
59	7
60	5.6
61	5.6
62	5.6
63	3.3
64	5.6
65	5.6
66	0.8
67	6.2
68	2.7
69	1.4
70	1
71	0
72	6
73	5.6
74	2
75	1
76	1
77	0.1
78	1.4
79	4.6
80	1
81	0.8
82	0
83	6
84	0
85	4.2
86	2.7
87	5.6
88	5.6
89	1.1
90	5.7
91	7.7
92	6.2
93	4.2
94	5.6
95	3.7
96	7.5
97	4.9
98	0
99	1.4
100	4.5
101	1.6
102	4.1
103	5.6
104	0
105	7.5
106	4.9
107	1.8
108	0
109	7.5
110	7.5
111	0
112	5.4
113	1
114	5.5
115	4.1
116	2.6
117	0.8
118	2.1
119	0
120	3.9
121	1.4
122	4
123	0
124	2.2
125	2.7
126	4.3
127	1.7
128	0.7
129	5.6
130	1.1
131	2.6
132	1
133	0.7
134	3.8
135	2.1
136	2.7
137	0.7
138	1
139	1
140	3.9
141	4
142	1
143	0
144	3.7
145	1
146	2.5
147	3.9
148	0.6
149	2.1
150	0.7
151	0.1
152	2.1
153	1
154	2
155	0
156	1.1
157	0.6
158	1
159	2.6
160	4.2
161	1
162	1
163	1.4
164	1
165	0
166	1
167	0.4
168	0.1
169	0.5
170	4.1
171	2.6
172	1
173	1.1
174	7.5
175	1.4
176	5.5
177	2.6
178	2
179	2.1
180	1
181	0
182	3.7
183	0
184	1
185	1
186	3.9
187	1.9
188	1
189	1
190	4
191	1
192	2.1
193	1
194	5.2
195	0
196	1
197	2.6
198	1
199	2.1
200	1
201	1
202	1
203	1
204	1
205	1
206	1
207	1.4
208	4.8
209	2.1
210	2.7
211	3.5
212	0.6
213	2.1
214	1
215	0.4
216	2
217	2.6
218	1.8
219	1.8
220	1
221	0.1
222	0.4
223	4.7
224	0
225	1.9
226	0.3
227	0
228	2.2
229	1
230	0
231	2.5
232	2
233	4.2
234	1.2
235	0
236	2.1
237	1.4
238	1.8
239	0.3
240	3.1
241	0.3
242	0
243	0
244	4.2
245	2.3
246	4.2
247	0
248	0
249	0
250	4.2
251	0.3
252	24.5
253	2
254	0
255	0
256	0
257	0
258	0.1
259	0
260	0
261	2.2
262	0.3
263	0
264	0
265	0
266	2.1
267	4.2
268	9.9
269	4.2
270	0
271	2.7
272	0.3
273	4.3
274	0
275	0.3
276	0.1
277	1
278	0.3
279	0
280	0.3
281	0.3
282	4.2
283	1
284	1.2
285	0
286	0.3
287	27
288	1
289	1
290	1
291	9
292	1
293	0
294	12
295	1
296	4
297	4.1
298	0
299	0.2
300	4.1
301	1
302	4.1
303	4
304	1
305	4.1
306	1.3
307	4.1
308	1.2
309	1
310	4
311	4.1
312	4
313	4
314	1.1
315	1
316	1
317	0
318	1.8
319	0
320	4
321	1
322	3.9
323	3.9
324	1
325	0.1
326	9.5
327	1
328	1
329	1
330	0
331	1
332	1
333	1
334	1
335	0.2
336	1
337	0.2
338	1
339	1
340	1
341	1
342	0
343	1
344	0
345	1
346	0.1
347	1
348	1.2
349	1
350	1
351	1
352	1
353	1.3
354	1
355	0
356	1
357	0
358	1
359	0
360	1
361	1
362	1
363	1
364	0
365	1.1
366	5.7
367	0
368	10
369	0
370	1.4
371	0
372	5.6
373	5.8
374	0
375	9.4
376	34.6
377	1.4
378	5.7
379	0
380	1.4
381	0
382	0
383	1.5
384	0
385	0
386	0
387	32.7
388	1.5
389	2.6
390	28.7
391	5.6
392	2.6
393	0
394	5.6
395	0
396	0
397	0
398	5.6
399	0.3
400	5.6
401	1.6
402	0
403	0
404	0
405	0
406	16.2
407	0.3
408	0
409	0
410	20.6
411	1.6
412	0
413	39.3
414	0
415	0.2
416	0
417	0
418	0
419	6.1
420	0
421	0.2
422	0.1
423	1.2
424	10.6
425	10.5
426	0
427	72.2
428	7.6
429	1.4
430	29.4
431	0.1
432	5.6
433	8.4
434	5.7
435	5.6
436	6.4
437	0.3
438	16.8
439	0
440	1.4
441	15.6
442	4.8
443	6.7
444	5.6
445	40.8
446	5.6
447	47.1
448	28.5
449	5.6
450	6.1
451	0
452	5.1
453	0
454	5.6
455	5.9
456	5.6
457	1.9
458	0.7
459	2.1
460	5.6
461	7.4
462	26.5
463	7.5
464	1
465	5.1
466	0
467	11.5
468	1
469	5.3
470	1
471	1
472	1.4
473	1.9
474	1
475	0
476	0
477	35.4
478	1
479	5.8
480	1.6
481	0
482	0
483	2.5
484	5.6
485	5.1
486	0.2
487	6.3
488	1.2
489	0
490	1.2
491	11.4
492	1.7
493	0
494	14.9
495	0.3
496	0
497	8.1
498	6.1
499	0
500	4.1
501	33.5
502	14.6
503	5.6
504	5.6
505	3.8
506	4.7
507	7.9
508	3.8
509	4.1
510	37.1
511	7
512	7.1
513	0
514	3.8
515	0
516	5.6
517	5.7
518	5.6
519	5.7
520	0.3
521	5.3
522	5.6
523	0
524	2.2
525	4.1
526	5.7
527	6.4
528	5.6
529	0
530	31.3
531	20.6
532	5.1
533	6.2
534	1.4
535	37.5
536	1.8
537	0.1
538	0
539	0.6
540	5.6
541	14.7
542	22.4
543	1.9
544	0
545	0.2
546	21
547	37.2
548	0.2
549	0.3
550	0.6
551	14.5
552	49.6
553	1.4
554	0
555	5.6
556	46.1
557	5.7
558	0.1
559	6.8
560	15.6
561	1.5
562	22
563	0
564	14.1
565	6.9
566	19.7
567	5.6
568	17.4
569	6.1
570	0
571	1.6
572	14.6
573	5.6
574	31.3
575	5.6
576	0
577	0
578	6.6
579	7
580	16
581	0
582	18.4
583	5.6
584	5.6
585	0
586	20.4
587	20.1
588	0.4
589	31.9
590	0
591	10.2
592	6.7
593	15.7
594	6.2
595	10.6
596	5.6
597	0
598	5.6
599	19.6
600	6
601	5.6
602	0
603	0.5
604	1.2
605	0
606	3.2
607	5.6
608	5.7
609	0
610	5.6
611	1.4
612	0
613	0
614	6.4
615	0.4
616	0
617	34.8
618	0.3
619	6.4
620	6.1
621	0.4
622	4.7
623	3.9
624	6.4
625	5.6
626	5.6
627	16.1
628	5.6
629	6.2
630	43.2
631	5.6
632	0.6
633	7.2
634	0
635	6.4
636	6.2
637	6.2
638	5.6
639	0.5
640	0.4
641	26.8
642	0
643	1.8
644	0
645	0.7
646	7.4
647	5.6
648	1.7
649	3.1
650	5.6
651	62.6
652	5.6
653	0
654	5.6
655	0
656	5.6
657	1.9
658	1.5
659	1.3
660	0.1
661	1.6
662	7.2
663	1
664	5.6
665	5.6
666	5.6
667	1.5
668	49.4
669	1.5
670	5.6
671	5.6
672	5.6
673	7.5
674	0.5
675	7.6
676	1.2
677	41.4
678	5.9
679	5.6
680	0.2
681	7.5
682	3.1
683	39
684	0.8
685	5.6
686	58.4
687	0
688	7.6
689	5.6
690	7.7
691	1.5
692	52.8
693	5.7
694	0.4
695	1.5
696	7.9
697	5.6
698	0.7
699	10.2
700	7.5
701	0.5
702	7.8
703	7.5
704	9.8
705	6.3
706	5.7
707	61.3
708	7.7
709	3.6
710	0.9
711	0.4
712	0.3
713	1.7
714	5.6
715	0.8
716	0
717	0.8
718	7.7
719	1.7
720	7.5
721	5.6
722	2
723	7.5
724	17.4
725	5.6
726	0
727	0.4
728	3.3
729	0.4
730	0.7
731	5.8
732	0.4
733	1.3
734	7.4
735	0.3
736	5.7
737	14.8
738	7.4
739	17.6
740	14.6
741	2.8
742	2.1
743	0.7
744	0.2
745	0
746	7.4
747	7.4
748	0
749	0.7
750	5.6
751	7.2
752	1.9
753	7.4
754	7.5
755	0.8
756	6.9
757	2.1
758	1.2
759	5.6
760	7.3
761	5.6
762	2.6
763	1.3
764	27.4
765	7.2
766	0.3
767	1.4
768	3.7
769	6.5
770	3.9
771	1
772	1.2
773	7
774	7.1
775	1.4
776	5.6
777	1.8
778	7.1
779	0
780	6.5
781	1
782	326.1
783	345.9
784	245.5
785	316.1
786	235.4
787	215.6
788	90
789	115.9
790	240.8
791	187.2
792	181.7
793	117
794	247.3
795	213
796	133.3
797	222.2
798	134.3
799	133.4
800	197.3
801	130.8
802	153.1
803	174.2
804	89
805	141.8
806	153.7
807	62.8
808	155.4
809	204.4
810	269.1
811	147.3
812	218.2
813	144.6
814	188.2
815	171.7
816	138.5
817	77.2
818	212.6
819	283.6
820	160.7
821	144.5
822	252.9
823	166.9
824	272.7
825	107.5
826	199.5
827	221.8
828	286.8
829	124.7
830	237.3
831	133.6
832	225.2
833	146.7
834	130.6
835	211.4
836	225.4
837	35.9
838	182.3
839	146.1
840	217.6
841	173.7
842	113.7
843	12.7
844	125.9
845	178.6
846	181.3
847	193.3
848	140.4
849	120.9
850	231.8
851	227.3
852	75.9
853	134.1
854	143.7
855	123.1
856	146.9
857	140.6
858	200.1
859	108.4
860	108.7
861	207.4
862	7.2
863	129.8
864	106.8
865	175.3
866	118.4
867	61.3
868	161.2
869	115.4
870	28.1
871	112.6
872	105.6
873	8.4
874	106.7
875	138.4
876	125.5
877	124.2
878	107
879	152
880	146.4
881	170.5
882	114.9
883	59
884	106.3
885	113.9
886	6.6
887	150.8
888	193.9
889	106
890	184.2
891	132
892	119.7
893	223.3
894	6.7
895	135.1
896	163.7
897	130.7
898	126.8
899	243.2
900	217.1
901	190.2
902	193.8
903	171.6
904	130.1
905	164.2
906	178.8
907	121.2
908	142.6
909	106.6
910	0
911	137.5
912	155.3
913	135.8
914	199.3
915	0
916	138.1
917	130.2
918	145.8
919	139.3
920	155.6
921	65.3
922	183.1
923	14.3
924	159.1
925	151.5
926	150.7
927	131.8
928	2.9
929	155.3
930	134.1
931	123.3
932	4.8
933	200.1
934	0
935	167.4
936	169.4
937	199
938	192.7
939	123.2
940	167.3
941	129
942	117.5
943	0
944	176.9
945	135.8
946	211.2
947	0
948	124.3
949	163.4
950	193.7
951	131
952	173.1
953	3.6
954	5.7
955	161.8
956	170.2
957	151.6
958	2.8
959	153.1
960	183.5
961	157.8
962	198.5
963	141.7
964	0
965	148.6
966	144.2
967	0
968	143.9
969	127.9
970	32.6
971	188.9
972	165.8
973	186.9
974	153.7
975	178.9
976	133.2
977	214.9
978	5.1
979	129.6
980	135
981	137.8
982	190.7
983	187.4
984	153.7
985	224.3
986	262.9
987	6.6
988	239.4
989	221.5
990	0
991	173.6
992	0
993	245.6
994	180.8
995	218.3
996	230.1
997	250.7
998	8.7
999	175.5
1000	0
1001	5.9
1002	189.5
1003	0
1004	200.4
1005	6.1
1006	217.4
1007	0
1008	8.3
1009	0
1010	144.8
1011	204.7
1012	181.2
1013	5.7
1014	283.2
1015	9.1
1016	0
1017	262.6
1018	9.1
1019	3.8
1020	155.8
1021	187.9
1022	151.8
1023	206.2
1024	297.8
1025	114.8
1026	204.9
1027	153.8
1028	200.6
1029	6.6
1030	0.4
1031	0
1032	0
1033	0.5
1034	131.8
1035	0.2
1036	167.3
1037	131.3
1038	151
1039	4.1
1040	4.4
1041	114.1
1042	3.1
1043	0
1044	2.1
1045	3.1
1046	9.3
1047	290.8
1048	153.9
1049	187.4
1050	0
1051	183.4
1052	172.2
1053	7.4
1054	160
1055	184.3
1056	144.4
1057	0.4
1058	146.1
1059	0.4
1060	130.9
1061	0
1062	125.3
1063	260.3
1064	0.2
1065	2.3
1066	192.3
1067	0.4
1068	0.6
1069	0.2
1070	213.3
1071	126.2
1072	0.2
1073	0.3
1074	180.1
1075	0
1076	169.4
1077	0.4
1078	149.9
1079	174.8
1080	7.3
1081	0.6
1082	215.7
1083	0.2
1084	182.5
1085	161.7
1086	245.8
1087	0
1088	0.3
1089	2.6
1090	128.1
1091	260.3
1092	0.6
1093	3
1094	0.2
1095	2.3
1096	2.5
1097	201.9
1098	2.3
1099	0
1100	0
1101	0.2
1102	146.7
1103	0.2
1104	4.2
1105	1.6
1106	2
1107	0.3
1108	4.1
1109	138.8
1110	0.3
1111	0.3
1112	213.9
1113	169
1114	158.7
1115	3.7
1116	4
1117	226.9
1118	2.5
1119	4.5
1120	5.1
1121	4.3
1122	2.7
1123	2
1124	131.5
1125	5.6
1126	211.4
1127	3.7
1128	201.9
1129	184
1130	4.8
1131	0.2
1132	177.7
1133	227.8
1134	3.5
1135	0
1136	0.2
1137	3.5
1138	1.4
1139	3.4
1140	138.2
1141	5.3
1142	0.1
1143	202
1144	1.6
1145	6.3
1146	3.7
1147	2.6
1148	192
1149	3.8
1150	3.1
1151	2.2
1152	207
1153	162.2
1154	0
1155	0
1156	133.1
1157	3.9
1158	0
1159	103.8
1160	7.7
1161	0.1
1162	7.9
1163	4.9
1164	155.6
1165	0
1166	188.4
1167	215.8
1168	187.3
1169	212.7
1170	145.7
1171	8
1172	122.8
1173	5.6
1174	185
1175	2.1
1176	65.5
1177	0
1178	2.5
1179	178.9
1180	3.3
1181	10
1182	2.1
1183	0.1
1184	0
1185	195.4
1186	144.5
1187	4.1
1188	1.5
1189	9.2
1190	4.1
1191	147.3
1192	1.3
1193	170.9
1194	4.3
1195	147.9
1196	4.8
1197	0
1198	0.2
1199	129.2
1200	26.4
1201	4.8
1202	3.6
1203	0
1204	5.5
1205	3.8
1206	0.3
1207	2.6
1208	0.5
1209	4.1
1210	182.9
1211	223.1
1212	0
1213	131.2
1214	138.3
1215	6.9
1216	170.3
1217	153.7
1218	0.2
1219	0.3
1220	118.5
1221	2
1222	2.8
1223	5.4
1224	2
1225	148.5
1226	128.3
1227	114.2
1228	3.3
1229	8.1
1230	140.2
1231	0.3
1232	133.8
1233	0.7
1234	4.2
1235	6.1
1236	0.1
1237	187.4
1238	162.4
1239	0.1
1240	1.3
1241	136.1
1242	140.8
1243	3.5
1244	1.6
1245	133.9
1246	132.3
1247	94.9
1248	29.2
1249	177.2
1250	93.9
1251	3.9
1252	0
1253	1.2
1254	3.6
1255	0
1256	91.9
1257	3.8
1258	4.6
1259	0.1
1260	119.3
1261	102.1
1262	0.5
1263	4.3
1264	2.2
1265	207.7
1266	109.8
1267	0
1268	155.8
1269	28.2
1270	124.8
1271	5.1
1272	0.7
1273	3.1
1274	122.7
1275	1.7
1276	76.3
1277	112.6
1278	172.1
1279	26.5
1280	0.1
1281	5.7
1282	0.1
1283	234
1284	30.9
1285	2.2
1286	250
1287	4.1
1288	4.7
1289	106.6
1290	5.1
1291	106.5
1292	5.3
1293	25.9
1294	4
1295	147.4
1296	0.4
1297	30
1298	102
1299	2.6
1300	5.1
1301	0.1
1302	4.3
1303	3
1304	35.5
1305	253.8
1306	0
1307	143.6
1308	6.4
1309	0
1310	134.2
1311	113.9
1312	124.2
1313	5.6
1314	143.4
1315	0.1
1316	85.1
1317	72.6
1318	3.1
1319	150.3
1320	130.8
1321	0.2
1322	0.1
1323	0.1
1324	2.2
1325	77.1
1326	0.2
1327	0.3
1328	105.1
1329	32.4
1330	116.5
1331	76.2
1332	25.9
1333	76.5
1334	138.8
1335	5
1336	98.9
1337	0.2
1338	0.2
1339	5.1
1340	1.8
1341	116.1
1342	111.4
1343	0
1344	0.1
1345	4.4
1346	0.1
1347	158.2
1348	90.2
1349	3.6
1350	0
1351	110.7
1352	30.2
1353	91.9
1354	0.1
1355	105.1
1356	27.8
1357	86.5
1358	108.8
1359	3.2
1360	0.2
1361	2.6
1362	74.2
1363	0.1
1364	0.7
1365	90.3
1366	0.2
1367	0.1
1368	81.1
1369	0.2
1370	1.5
1371	0.3
1372	1.5
1373	72.8
1374	0.4
1375	100.6
1376	32.6
1377	1.1
1378	2.6
1379	2.9
1380	78.5
1381	0.1
1382	96.7
1383	0.3
1384	1.2
1385	29.5
1386	75.8
1387	0.2
1388	0.2
1389	0.1
1390	76.9
1391	213.2
1392	84.3
1393	0.1
1394	0.3
1395	83.9
1396	0.1
1397	255.5
1398	0.1
1399	0.1
1400	78.5
1401	0.1
1402	0.2
1403	94.2
1404	2.2
1405	0.4
1406	0.4
1407	0.1
1408	0.1
1409	120.9
1410	0.1
1411	108.3
1412	0.7
1413	133.2
1414	1.7
1415	141.9
1416	89.8
1417	0.1
1418	84
1419	0.1
1420	1.3
1421	0.1
1422	0.3
1423	59.2
1424	83.3
1425	0.1
1426	114.3
1427	1.4
1428	0.1
1429	0.1
1430	83.3
1431	106.6
1432	0.1
1433	84
1434	0.5
1435	81.5
1436	0.1
1437	0
1438	0.2
1439	0.8
1440	85.2
1441	90.4
1442	0.3
1443	88.4
1444	0.2
1445	0.3
1446	125.1
1447	0.5
1448	171.5
1449	0.1
1450	0.5
1451	0.2
1452	0.1
1453	138.7
1454	58.7
1455	0.4
1456	0.3
1457	147.9
1458	77.4
1459	1.2
1460	0.1
1461	83.3
1462	0.1
1463	0.1
1464	0.1
1465	0.1
1466	171.2
1467	0.1
1468	0.1
1469	79.7
1470	125.5
1471	0.1
1472	0.1
1473	164.8
1474	0.3
1475	168.6
1476	0.1
1477	0.6
1478	126.3
1479	74.6
1480	0.1
1481	59.9
1482	84.3
1483	0
1484	0.4
1485	61
1486	0.1
1487	0.1
1488	119.5
1489	64.4
1490	0.4
1491	86.6
1492	75.2
1493	128.4
1494	135.4
1495	0
1496	87.2
1497	80.3
1498	0.1
1499	78.6
1500	2.1
1501	82.9
1502	121.7
1503	0.3
1504	0
1505	74.2
1506	142.1
1507	0.3
1508	0.5
1509	64.8
1510	0.4
1511	1
1512	0.2
1513	115.2
1514	0.2
1515	0.1
1516	0.1
1517	106.2
1518	0.2
1519	91.5
1520	0.3
1521	0.1
1522	0.3
1523	0.1
1524	0
1525	0.1
1526	0.1
1527	69.3
1528	0.1
1529	92.9
1530	153.1
1531	0.3
1532	0.8
1533	0.9
1534	103.7
1535	30.5
1536	114
1537	0.1
1538	49.5
1539	0.7
1540	0.1
1541	0.1
1542	0.1
1543	72.9
1544	0.2
1545	0.1
1546	38.5
1547	101.7
1548	0
1549	0
1550	0.1
1551	0
1552	75.4
1553	126.5
1554	90.4
1555	103.8
1556	83.6
1557	0.9
1558	0.2
1559	81.5
1560	2.1
1561	0.2
1562	0.4
1563	1.7
1564	0
1565	88
1566	1.8
1567	0.1
1568	0.1
1569	123.8
1570	94.3
1571	0
1572	0.3
1573	112.6
1574	1.1
1575	130.5
1576	152.5
1577	111.5
1578	0.1
1579	0.1
1580	111.6
1581	108.2
1582	67.7
1583	69.4
1584	32.7
1585	105.3
1586	97.2
1587	0.1
1588	120.1
1589	0.5
1590	3.4
1591	0
1592	129.2
1593	1.2
1594	73.5
1595	83.8
1596	98.4
1597	0
1598	122
1599	132.5
1600	87.3
1601	68.1
1602	111.6
1603	83.1
1604	121.7
1605	3.9
1606	0
1607	0.1
1608	77.9
1609	0.1
1610	74.1
1611	1.1
1612	110.3
1613	122.4
1614	71.2
1615	148.5
1616	135.1
1617	0.1
1618	108.2
1619	3.2
1620	149.5
1621	127.2
1622	205.1
1623	0.1
1624	107.5
1625	97
1626	170.3
1627	0.2
1628	129.2
1629	0.1
1630	151.2
1631	109.7
1632	115.7
1633	0
1634	110.1
1635	115.2
1636	113.8
1637	149.5
1638	166.3
1639	1.9
1640	0
1641	83.6
1642	104.1
1643	215.5
1644	0.3
1645	73.6
1646	127.9
1647	0.1
1648	3.6
1649	0.8
1650	1
1651	139.2
1652	110.8
1653	0.6
1654	138.7
1655	138.6
1656	168.3
1657	75
1658	150.4
1659	176.8
1660	75.4
1661	3.8
1662	0.2
1663	108.8
1664	3
1665	0.3
1666	169
1667	118.3
1668	137.4
1669	70.2
1670	6.4
1671	126.6
1672	125.1
1673	194.5
1674	115.1
1675	74.2
1676	8
1677	12.4
1678	0.7
1679	98.4
1680	149.3
1681	67.5
1682	0.4
1683	64.8
1684	164.7
1685	60.1
1686	92.3
1687	115.2
1688	85.5
1689	9.8
1690	172
1691	7.1
1692	125.3
1693	8.2
1694	68.8
1695	166.1
1696	0.1
1697	154.1
1698	0.5
1699	2.5
1700	120.8
1701	125.2
1702	153
1703	78
1704	0.1
1705	1.6
1706	97.3
1707	0.3
1708	0.3
1709	143.8
1710	9
1711	1.8
1712	94.1
1713	100.1
1714	112.9
1715	159.7
1716	54
1717	91.6
1718	2.3
1719	69.1
1720	73.4
1721	132.3
1722	61.8
1723	70.1
1724	55.5
1725	147.4
1726	69.1
1727	151.9
1728	84.3
1729	8.6
1730	94.4
1731	5.5
1732	74.4
1733	110.8
1734	6.1
1735	106.2
1736	0.3
1737	118
1738	50.6
1739	91.3
1740	0.1
1741	5.6
1742	2.5
1743	59.2
1744	88.5
1745	110.4
1746	83.3
1747	74.3
1748	91.5
1749	92.8
1750	56.8
1751	74
1752	78.7
1753	109.9
1754	133.6
1755	77
1756	95.9
1757	109.1
1758	116.6
1759	64.3
1760	93.3
1761	92.9
1762	120.3
1763	78
1764	111.4
1765	8.1
1766	123.6
1767	103.8
1768	0.1
1769	85.6
1770	104.3
1771	116
1772	0.3
1773	123
1774	59.8
1775	0
1776	60.2
1777	112.7
1778	3.1
1779	4.2
1780	0.6
1781	107.5
1782	118.7
1783	65.2
1784	53.7
1785	100.6
1786	117.6
1787	109.2
1788	78.9
1789	51
1790	1.1
1791	94
1792	55.2
1793	107.3
1794	64.3
1795	95.6
1796	152.4
1797	182.4
1798	52.3
1799	0
1800	96.8
1801	143.7
1802	105.2
1803	0.2
1804	52.2
1805	6.1
1806	66.1
1807	95.1
1808	47.1
1809	123.8
1810	113.5
1811	52.8
1812	0
1813	81
1814	60.7
1815	48.9
1816	116.1
1817	117.3
1818	55.7
1819	64.3
1820	186.7
1821	130
1822	119.9
1823	59.9
1824	0.1
1825	172
1826	149.1
1827	52.5
1828	55.1
1829	95.6
1830	0.2
1831	95.2
1832	0
1833	117
1834	0.1
1835	70.8
1836	65.7
1837	0
1838	0
1839	172.8
1840	121.9
1841	89.2
1842	85.6
1843	192.1
1844	59.8
1845	73.1
1846	0
1847	87.1
1848	195.8
1849	159.3
1850	164.4
1851	88.1
1852	57.9
1853	105.2
1854	188.4
1855	93.5
1856	84.2
1857	0
1858	79.2
1859	52.5
1860	95.2
1861	0
1862	91.2
1863	0
1864	59.8
1865	116.6
1866	157.6
1867	0
1868	165
1869	118.8
1870	37.5
1871	145.9
1872	75.6
1873	142.5
1874	136.2
1875	0
1876	117.7
1877	0
1878	0
1879	135.9
1880	190
1881	66.7
1882	0
1883	132.6
1884	142.6
1885	82.4
1886	111.4
1887	0
1888	75.5
1889	0.2
1890	154.5
1891	35.7
1892	66.9
1893	50.5
1894	73.4
1895	58.2
1896	64.2
1897	91.8
1898	128.7
1899	81.8
1900	0
1901	148.4
1902	96.2
1903	86
1904	79.7
1905	58.9
1906	0
1907	0
1908	69.3
1909	32.4
1910	28.9
1911	84.2
1912	62.3
1913	0
1914	58.9
1915	0
1916	100.5
1917	95.7
1918	74
1919	0
1920	0
1921	110.3
1922	0.1
1923	0.1
1924	0
1925	77.3
1926	96.8
1927	149
1928	49.8
1929	0
1930	0
1931	0
1932	74.2
1933	110.6
1934	108.4
1935	0
1936	127.6
1937	0
1938	127.7
1939	137.1
1940	0
1941	73.7
1942	52
1943	0
1944	95.1
1945	0
1946	0.1
1947	0.1
1948	0
1949	91
1950	210.6
1951	0
1952	46.1
1953	50.2
1954	0.1
1955	78
1956	74.8
1957	200.6
1958	0
1959	91.6
1960	54.3
1961	86.5
1962	85.8
1963	0
1964	0.1
1965	0.1
1966	136.8
1967	28.6
1968	123
1969	0
1970	99.1
1971	0.1
1972	0.2
1973	0
1974	81.8
1975	41.9
1976	47.2
1977	36.6
1978	99.4
1979	262.5
1980	0.1
1981	69.1
1982	224.5
1983	0
1984	0.1
1985	58.8
1986	83.7
1987	117.3
1988	54.4
1989	178.7
1990	203.4
1991	0.1
1992	0
1993	75
1994	127.8
1995	69.3
1996	0.1
1997	45.1
1998	194.3
1999	0
2000	83.3
2001	118.9
2002	101.7
2003	86.4
2004	0
2005	0.1
2006	71.5
2007	0.1
2008	15.4
2009	0
2010	39.2
2011	192.5
2012	0.1
2013	62.6
2014	190.3
2015	72.2
2016	0.1
2017	0
2018	56.7
2019	0
2020	0.1
2021	28.2
2022	33
2023	46.9
2024	212.9
2025	132.9
2026	0
2027	50.7
2028	178.4
2029	68.3
2030	0
2031	113.2
2032	25.6
2033	0
2034	0
2035	38.4
2036	228
2037	74.5
2038	239.3
2039	0
2040	0
2041	228.2
2042	47.3
2043	77.9
2044	149.5
2045	0
2046	0.1
2047	46.4
2048	0
2049	0
2050	111.8
2051	25.4
2052	0
2053	29.7
2054	41.5
2055	79.7
2056	73.9
2057	82.4
2058	257.9
2059	0
2060	38.2
2061	21.3
2062	156.2
2063	0
2064	42.9
2065	0.1
2066	0
2067	55.4
2068	0
2069	101.2
2070	40.3
2071	54.1
2072	0
2073	108.7
2074	101.6
2075	0
2076	185.3
2077	0
2078	69.2
2079	0.1
2080	0
2081	78.9
2082	0
2083	31.3
2084	64.7
2085	0
2086	52.3
2087	0
2088	174.7
2089	73
2090	97.4
2091	56.4
2092	95.6
2093	64.8
2094	0
2095	37
2096	0.1
2097	32.1
2098	79.3
2099	58.8
2100	101
2101	0
2102	61.8
2103	0
2104	0
2105	0
2106	0
2107	0
2108	110.8
2109	0
2110	0
2111	0
2112	222.6
2113	49.2
2114	0
2115	99.1
2116	108.7
2117	51.2
2118	49.6
2119	17.2
2120	141.7
2121	29.9
2122	126.3
2123	0
2124	116.6
2125	40.4
2126	0
2127	26.6
2128	0
2129	0
2130	0
2131	54.5
2132	61.7
2133	0
2134	0
2135	18.4
2136	177.5
2137	28.7
2138	20.9
2139	102.3
2140	0
2141	138.4
2142	63
2143	0
2144	0
2145	114.8
2146	32.5
2147	32.2
2148	103.5
2149	0
2150	59.1
2151	0
2152	177
2153	239.8
2154	137.1
2155	0
2156	0
2157	0.1
2158	36.8
2159	35.3
2160	283.9
2161	0
2162	0
2163	134.2
2164	0
2165	42.7
2166	0
2167	0
2168	0
2169	91.6
2170	0
2171	0
2172	0
2173	79.9
2174	0
2175	26
2176	0.1
2177	220.6
2178	22.9
2179	0.2
2180	29.7
2181	347.9
2182	0
2183	0
2184	0
2185	145.1
2186	15
2187	38.8
2188	0
2189	0
2190	46.2
2191	0.1
2192	0
2193	0
2194	122.6
2195	28.6
2196	0.1
2197	271.6
2198	0
2199	300.3
2200	0
2201	10.6
2202	26
2203	0
2204	0
2205	0
2206	33.2
2207	28.5
2208	51
2209	0
2210	282.2
2211	0
2212	78.5
2213	116.7
2214	0
2215	30.9
2216	40.9
2217	0
2218	0
2219	237.3
2220	19.7
2221	0
2222	258.6
2223	0
2224	0
2225	43.4
2226	26.7
2227	334.2
2228	0.1
2229	0
2230	74.9
2231	0
2232	54.6
2233	0
2234	205
2235	0.1
2236	0
2237	0
2238	0
2239	42.4
2240	0
2241	41.5
2242	0
2243	0.1
2244	0.1
2245	263.2
2246	0
2247	0
2248	307.9
2249	42
2250	0
2251	15.7
2252	147.3
2253	0
2254	30
2255	0
2256	149.6
2257	21.1
2258	0
2259	282.5
2260	0.1
2261	0
2262	0
2263	396.6
2264	361.4
2265	302.1
2266	0
2267	0
2268	73.8
2269	46.9
2270	0.1
2271	94.5
2272	0
2273	37.2
2274	0.1
2275	146.5
2276	34.4
2277	0
2278	0.1
2279	0
2280	0
2281	0.2
2282	500
2283	53.8
2284	0.1
2285	313.8
2286	80.8
2287	32.1
2288	136.3
2289	0.1
2290	0.1
2291	0
2292	289.5
2293	22.2
2294	49.3
2295	185.5
2296	143.7
2297	477
2298	0
2299	19.8
2300	0
2301	0.1
2302	0
2303	0.1
2304	0.1
2305	0
2306	114.6
2307	216.4
2308	0.1
2309	56.2
2310	408.7
2311	0.5
2312	0.1
2313	0.1
2314	0.2
2315	0.4
2316	0
2317	344.8
2318	0
2319	0
2320	183.4
2321	186.5
2322	0.2
2323	0.1
2324	350.5
2325	185.6
2326	55.3
2327	0
2328	317.5
2329	0.1
2330	0.5
2331	0.2
2332	63.2
2333	0.1
2334	137.8
2335	0.4
2336	55
2337	0.2
2338	267.7
2339	78.8
2340	134.2
2341	62.8
2342	0.3
2343	135.1
2344	0.2
2345	203.9
2346	65.2
2347	0.1
2348	0.2
2349	54.1
2350	0.1
2351	124.3
2352	0.1
2353	50.6
2354	0.2
2355	106.7
2356	0.4
2357	0.4
2358	39.3
2359	116.3
2360	56.4
2361	56.9
2362	86.5
2363	110.1
2364	38.6
2365	59.4
2366	0.5
2367	0.6
2368	51.8
2369	39
2370	101.4
2371	0.1
2372	37.5
2373	62.8
2374	21.2
2375	0.1
2376	0.7
2377	55.4
2378	63.4
2379	49.3
2380	50.9
2381	40.4
2382	84.8
2383	0.9
2384	0.8
2385	9.5
2386	0.1
2387	0.1
2388	45.7
2389	95.9
2390	18.9
2391	32.1
2392	90.5
2393	1
2394	90.2
2395	30.6
2396	42.2
2397	0.5
2398	8.2
2399	68.7
2400	0.6
2401	56.2
2402	84.5
2403	39
2404	20.7
2405	39.2
2406	35.3
2407	1.2
2408	52.9
2409	53.4
2410	54
2411	80.7
2412	74.4
2413	0.3
2414	19.8
2415	89.9
2416	45.6
2417	47.1
2418	88.5
2419	47.2
2420	115.1
2421	1.7
2422	40.2
2423	38.8
2424	79.8
2425	17.8
2426	1.8
2427	0.5
2428	125.7
2429	2
2430	1.2
2431	51.6
2432	0.5
2433	129.5
2434	16.3
2435	0.3
2436	0.6
2437	14
2438	49.2
2439	269.3
2440	69.3
2441	3
2442	40.8
2443	43.7
2444	124.4
2445	44.3
2446	21
2447	55.4
2448	511
2449	1
2450	1.6
2451	41.4
2452	45.4
2453	451.4
2454	1.7
2455	0.9
2456	415
2457	1.1
2458	55.7
2459	63.6
2460	12.8
2461	479.6
2462	180.6
2463	21.2
2464	558
2465	2.3
2466	1.2
2467	60.7
2468	62.6
2469	56.8
2470	528.8
2471	64.6
2472	66.4
2473	21.2
2474	253
2475	57.5
2476	2.1
2477	53.3
2478	37
2479	1.8
2480	74.4
2481	102.1
2482	11.9
2483	2.2
2484	199.7
2485	63.7
2486	44.1
2487	1.9
2488	80.8
2489	284.8
2490	121.5
2491	15.7
2492	226.6
2493	2.5
2494	37.9
2495	33.4
2496	12.2
2497	65.9
2498	58.5
2499	12.4
2500	186
2501	55.3
2502	58.5
2503	28.1
2504	90
2505	147
2506	58.3
2507	1.1
2508	133.3
2509	1.7
2510	131.1
2511	608.3
2512	128.9
2513	57.1
2514	61.1
2515	61.2
2516	0.3
2517	19.2
2518	34
2519	47.3
2520	175.3
2521	61.4
2522	736
2523	19.3
2524	0.8
2525	31
2526	67.4
2527	61.9
2528	64.1
2529	65.2
2530	68.9
2531	69.1
2532	77.9
2533	190.6
2534	34.2
2535	75.6
2536	173.7
2537	42.5
2538	466.8
2539	335.5
2540	181.1
2541	211.2
2542	133.8
2543	68.8
2544	33.6
2545	157.1
2546	111
2547	45.3
2548	163.9
2549	56.2
2550	0.7
2551	29
2552	341.5
2553	77.2
2554	238.3
2555	73.1
2556	88.9
2557	83.8
2558	39.9
2559	62.4
2560	576.2
2561	71.9
2562	367.6
2563	147.6
2564	203
2565	209.3
2566	20.3
2567	61.2
2568	705.4
2569	96.4
2570	36.8
2571	20.6
2572	0.3
2573	2.5
2574	72.8
2575	34.5
2576	44.8
2577	67.2
2578	87
2579	87.9
2580	0.3
2581	148.9
2582	389.4
2583	163.2
2584	0.9
2585	261.1
2586	309.3
2587	95.4
2588	39.4
2589	93.1
2590	99.5
2591	81.7
2592	67.1
2593	69.7
2594	32.5
2595	0.5
2596	376.6
2597	92.3
2598	352.5
2599	56.8
2600	79
2601	68.4
2602	117.3
2603	57.5
2604	318.1
2605	60.6
2606	15.8
2607	335.2
2608	66.3
2609	138.8
2610	3.4
2611	190.3
2612	63.7
2613	79.9
2614	140
2615	59.5
2616	180.6
2617	529
2618	65.7
2619	0.2
2620	290.7
2621	30.7
2622	93.4
2623	334.1
2624	69.7
2625	217.5
2626	27.4
2627	78.4
2628	60.3
2629	0.4
2630	107.7
2631	72.8
2632	204.4
2633	93.4
2634	97.7
2635	62.6
2636	126
2637	0.3
2638	61
2639	65.1
2640	57
2641	80.7
2642	210
2643	318.8
2644	32
2645	311
2646	64.9
2647	31.6
2648	122.3
2649	45.7
2650	293.8
2651	0.3
2652	45.6
2653	117.3
2654	26.9
2655	61.5
2656	118.9
2657	31.4
2658	87
2659	154.7
2660	342.8
2661	154.9
2662	211.4
2663	48.4
2664	61.6
2665	42.9
2666	93
2667	9.5
2668	92.8
2669	66.9
2670	190
2671	132.9
2672	111.5
2673	1.6
2674	28.9
2675	34.1
2676	4.6
2677	194.7
2678	158.9
2679	36.5
2680	108.2
2681	117.1
2682	212.9
2683	67.6
2684	70.1
2685	121.1
2686	135
2687	108
2688	159.8
2689	201.6
2690	81
2691	215.2
2692	3.8
2693	123.4
2694	114.9
2695	0.3
2696	69.7
2697	0.5
2698	160.7
2699	58.7
2700	87.4
2701	5.9
2702	84.2
2703	70.8
2704	9.8
2705	73.4
2706	160.8
2707	18.1
2708	69.1
2709	36.4
2710	85
2711	171.8
2712	0.1
2713	68.3
2714	83.7
2715	63.2
2716	77.8
2717	217.3
2718	72.4
2719	115.3
2720	173.5
2721	72.3
2722	191.5
2723	114.3
2724	68.5
2725	56.5
2726	60.2
2727	106.7
2728	74.7
2729	107.7
2730	200
2731	0.1
2732	190.4
2733	153.8
2734	176.9
2735	69.2
2736	9.4
2737	59.3
2738	50.1
2739	57.1
2740	189.4
2741	60.4
2742	86.2
2743	59.1
2744	70.2
2745	40
2746	10.5
2747	63.5
2748	0.4
2749	83.5
2750	168.3
2751	126.3
2752	89.6
2753	82.8
2754	182
2755	48.5
2756	53.8
2757	85.8
2758	128.5
2759	53
2760	56.3
2761	50.7
2762	72.5
2763	79.5
2764	129
2765	166.6
2766	240.9
2767	13.1
2768	59.7
2769	52.7
2770	74.1
2771	97.1
2772	62.4
2773	29
2774	218.2
2775	276.1
2776	74.6
2777	157.3
2778	223.1
2779	75.4
2780	26.2
2781	96.8
2782	42.8
2783	99.8
2784	106.2
2785	103.8
2786	87.4
2787	88.1
2788	55.2
2789	196.1
2790	114.3
2791	233.5
2792	262.5
2793	135.9
2794	87.4
2795	53.7
2796	47.2
2797	241.7
2798	250.4
2799	91.3
2800	279.3
2801	176.6
2802	103.7
2803	45.1
2804	25.9
2805	318.8
2806	97.1
2807	190.1
2808	246.2
2809	155.9
2810	12.4
2811	270.6
2812	53
2813	70.2
2814	112
2815	318.4
2816	51.1
2817	64.4
2818	122.1
2819	111.4
2820	276.8
2821	282.1
2822	68.9
2823	138.7
2824	42.9
2825	75.7
2826	55.8
2827	25.7
2828	68.3
2829	75.3
2830	94.6
2831	164.6
2832	149.9
2833	48
2834	153.4
2835	116
2836	101.2
2837	116.4
2838	136.7
2839	290.7
2840	317.8
2841	229.1
2842	61.4
2843	64.1
2844	28.2
2845	57.3
2846	11.4
2847	306
2848	337
2849	375.6
2850	331.8
2851	63.7
2852	107.9
2853	98.9
2854	317.4
2855	85.1
2856	116.7
2857	115.5
2858	125
2859	64.7
2860	63.3
2861	144.2
2862	81.2
2863	31.7
2864	106
2865	214.7
2866	369.7
2867	76.9
2868	38.7
2869	166.6
2870	67.8
2871	382.8
2872	282.3
2873	305.1
2874	22
2875	98.6
2876	11.9
2877	101.4
2878	72.8
2879	29.6
2880	106.4
2881	118.4
2882	282.5
2883	71.5
2884	104.4
2885	46.1
2886	117.3
2887	34.7
2888	18.2
2889	60.4
2890	85.9
2891	177.4
2892	358
2893	183.6
2894	162.7
2895	309.2
2896	12.2
2897	314.8
2898	75
2899	231.4
2900	88.6
2901	31.2
2902	139.8
2903	364
2904	27.2
2905	67
2906	342.7
2907	52.5
2908	101.4
2909	470.2
2910	61
2911	345
2912	123.7
2913	379.2
2914	205.9
2915	39.8
2916	370.3
2917	111.6
2918	225.1
2919	32.5
2920	34.6
2921	114.7
2922	54.3
2923	67.7
2924	134.4
2925	140.4
2926	63.3
2927	32.1
2928	154.9
2929	51.2
2930	337.6
2931	135.4
2932	166.3
2933	141.6
2934	29.6
2935	120.8
2936	30.8
2937	55.2
2938	31.9
2939	125.5
2940	30.8
2941	74.3
2942	33.5
2943	491.5
2944	28.6
2945	154.2
2946	175.8
2947	238.9
2948	181
2949	146.4
2950	52.3
2951	270.4
2952	139.3
2953	463.8
2954	131.9
2955	378.7
2956	153.3
2957	93.3
2958	169
2959	36.2
2960	93.4
2961	137.5
2962	118.4
2963	159.7
2964	307.2
2965	52.4
2966	333.2
2967	294.1
2968	125.8
2969	39.4
2970	28.9
2971	100.9
2972	138.6
2973	28.3
2974	155.1
2975	260.3
2976	187.8
2977	104.4
2978	152.5
2979	180.2
2980	138.4
2981	184.6
2982	180.1
2983	111.1
2984	161.8
2985	109.9
2986	153.3
2987	77.4
2988	109.7
2989	27.6
2990	51.9
2991	268.6
2992	157.1
2993	152.4
2994	118.8
2995	113.7
2996	328.9
2997	257.8
2998	50.8
2999	172.9
3000	58
3001	49.9
3002	177.2
3003	70.6
3004	101.4
3005	151.6
3006	137.7
3007	122.1
3008	161.9
3009	115.5
3010	28.7
3011	139.5
3012	166.5
3013	182.9
3014	51.6
3015	67.9
3016	97.7
3017	312.1
3018	62.4
3019	40.6
3020	52.5
3021	71.4
3022	40.1
3023	103.4
3024	195.2
3025	51.8
3026	194.4
3027	158.6
3028	76.1
3029	210.6
3030	36.4
3031	222.4
3032	154.9
3033	34.7
3034	178.3
3035	60
3036	35.8
3037	170.7
3038	52.6
3039	72
3040	220.4
3041	166.2
3042	139.3
3043	240.8
3044	75.4
3045	227.1
3046	25.4
3047	38
3048	171.3
3049	60.3
3050	302.7
3051	100.5
3052	76.1
3053	246.9
3054	50
3055	54.8
3056	199.1
3057	28.9
3058	264.8
3059	76.2
3060	35.4
3061	37.3
3062	62.4
3063	313.9
3064	234.1
3065	37.7
3066	121.5
3067	37.2
3068	147.1
3069	82.3
3070	111
3071	218.2
3072	63.4
3073	11.7
3074	243
3075	168.5
3076	164.7
3077	80.9
3078	68.8
3079	246.8
3080	181.8
3081	28.7
3082	40.6
3083	383.6
3084	38.6
3085	81.9
3086	70.5
3087	255.4
3088	161.4
3089	441.2
3090	82.8
3091	44.9
3092	14.7
3093	219.3
3094	13.5
3095	32
3096	127.4
3097	15.8
3098	360.1
3099	21.7
3100	134.5
3101	11.5
3102	99.7
3103	276.2
3104	279.2
3105	47.2
3106	260.8
3107	201.9
3108	31.7
3109	146
3110	22.2
3111	336.4
3112	11.7
3113	326.5
3114	101.6
3115	48.3
3116	99.9
3117	43.6
3118	219
3119	315.1
3120	10.4
3121	315.3
3122	12.1
3123	285.3
3124	20.4
3125	41.1
3126	11.8
3127	11
3128	32.2
3129	20.6
3130	31
3131	218.9
3132	214
3133	550.2
3134	396.4
3135	15.1
3136	513.8
3137	13.6
3138	21.6
3139	256.8
3140	101.2
3141	24.9
3142	148.9
3143	259.2
3144	37.5
3145	11.5
3146	18.7
3147	11.8
3148	28.6
3149	13.9
3150	13.1
3151	560.8
3152	219.3
3153	222.5
3154	129.5
3155	139.2
3156	73.7
3157	57.4
3158	12.9
3159	133.5
3160	11.4
3161	443
3162	298.9
3163	21
3164	17.4
3165	31
3166	198.5
3167	24.9
3168	299.8
3169	13.9
3170	210.4
3171	16.2
3172	269.4
3173	13.8
3174	101.9
3175	168.6
3176	15.7
3177	15
3178	15.3
3179	15.1
3180	12.4
3181	27.7
3182	212.3
3183	262.7
3184	364.3
3185	438.3
3186	66.6
3187	151.4
3188	165.4
3189	63.1
3190	12.6
3191	15.8
3192	162.2
3193	9.2
3194	229.7
3195	243.9
3196	6.7
3197	26.8
3198	28.8
3199	123.9
3200	13.2
3201	12.2
3202	207.7
3203	290.3
3204	28.9
3205	343.9
3206	13.7
3207	9.7
3208	13.2
3209	9.3
3210	371.6
3211	309.3
3212	134.5
3213	12.9
3214	11.1
3215	8.1
3216	12.9
3217	14.8
3218	391.9
3219	307.3
3220	27.6
3221	13.9
3222	379.1
3223	11.4
3224	193.9
3225	12.5
3226	150.5
3227	12.5
3228	9.2
3229	9.8
3230	36
3231	5.1
3232	13.1
3233	13.3
3234	138
3235	215.7
3236	353
3237	13.2
3238	245.5
3239	8.4
3240	62
3241	25.4
3242	5.9
3243	287.5
3244	11.1
3245	13.4
3246	13.4
3247	8.3
3248	13
3249	13.4
3250	41.7
3251	223.7
3252	313.7
3253	7.7
3254	290.2
3255	13.7
3256	13.3
3257	306.1
3258	10.4
3259	36.6
3260	12
3261	11.4
3262	217.8
3263	11.2
3264	10.9
3265	12.5
3266	5.9
3267	41.5
3268	192.6
3269	218.3
3270	5.6
3271	11.2
3272	155.5
3273	11.2
3274	239.7
3275	7.7
3276	17.8
3277	5.6
3278	88.3
3279	13.1
3280	12
3281	16.8
3282	10.7
3283	102.9
3284	6.2
3285	10.5
3286	178.8
3287	11.8
3288	19.4
3289	6.7
3290	11.6
3291	130.2
3292	10.9
3293	17.5
3294	19.6
3295	13.8
3296	10.6
3297	10.5
3298	33.1
3299	10
3300	56
3301	11.1
3302	15.2
3303	168.2
3304	26.3
3305	114.5
3306	8
3307	11.6
3308	110
3309	5.9
3310	12.2
3311	10.5
3312	25.9
3313	8.3
3314	10.5
3315	6.7
3316	67.6
3317	10.9
3318	55.6
3319	10.1
3320	8.5
3321	6.3
3322	10.2
3323	13
3324	7.2
3325	8.9
3326	4.8
3327	10
3328	11.3
3329	7.9
3330	31.8
3331	14.8
3332	15.4
3333	7.8
3334	10.2
3335	48.5
3336	5.1
3337	10.1
3338	9.9
3339	10.9
3340	11.3
3341	46.9
3342	4.7
3343	12.3
3344	7.2
3345	10
3346	12.8
3347	4.6
3348	10.2
3349	4.9
3350	78.4
3351	12.7
3352	66.8
3353	10.4
3354	6.7
3355	10.8
3356	9.7
3357	7.3
3358	11.9
3359	9.6
3360	50.8
3361	6.3
3362	5.4
3363	19.5
3364	10.2
3365	13.3
3366	9.6
3367	9.1
3368	11
3369	12.1
3370	12.3
3371	9.5
3372	12.3
3373	9.5
3374	9.3
3375	5.2
3376	8.9
3377	4.2
3378	4.5
3379	4.6
3380	9
3381	8.9
3382	4.4
3383	9.2
3384	8.9
3385	9.2
3386	8.6
3387	4.6
3388	4.3
3389	9
3390	9.1
3391	9
3392	9.2
3393	4.7
3394	9.2
3395	8.5
3396	9.4
3397	9
3398	8.6
3399	8.4
3400	185.1
3401	191
3402	177.6
3403	127.7
3404	150.4
3405	124.8
3406	128.8
3407	169.4
3408	177.3
3409	198.5
3410	0
3411	0
3412	267.3
3413	168.8
3414	281.1
3415	108.6
3416	4.1
3417	198.2
3418	148.4
3419	0
3420	3.3
3421	0
3422	198.7
3423	117
3424	91.5
3425	188.8
3426	127.7
3427	4.4
3428	31.4
3429	253.1
3430	30
3431	112.7
3432	249.9
3433	92.3
3434	94.3
3435	0.1
3436	121.1
3437	85.9
3438	0.1
3439	0.1
3440	112
3441	129.9
3442	0.7
3443	69.4
3444	84
3445	0
3446	0.2
3447	0.1
3448	0.5
3449	66.7
3450	0.1
3451	106.6
3452	88.9
3453	142.5
3454	63.9
3455	77.2
3456	5
3457	105.8
3458	72.7
3459	1.5
3460	95.5
3461	9
3462	117.6
3463	163.7
3464	1.2
3465	5.7
3466	66.7
3467	49.4
3468	55.5
3469	57.8
3470	64.2
3471	131.8
3472	43.1
3473	132.5
3474	121.5
3475	0
3476	0
3477	60.7
3478	67.1
3479	0
3480	49.6
3481	90.4
3482	28.2
3483	39.6
3484	55
3485	30.1
3486	0
3487	206.6
3488	49.9
3489	117.2
3490	101.3
3491	0.1
3492	92.1
3493	20.7
3494	99
3495	174.3
3496	32.3
3497	27.8
3498	28.9
3499	196.7
3500	54.1
3501	66.8
3502	26.6
3503	0
3504	0
3505	98.3
3506	254.1
3507	0
3508	105.4
3509	66.1
3510	0.1
3511	130
3512	53
3513	144.2
3514	50.6
3515	91.9
3516	53.9
3517	32
3518	82.2
3519	64.2
3520	1.3
3521	0.7
3522	444.5
3523	67.6
3524	65.2
3525	65.5
3526	20.5
3527	60.3
3528	196.7
3529	77.6
3530	79.7
3531	367.2
3532	38.5
3533	0.3
3534	0.3
3535	140.7
3536	180.4
3537	19.2
3538	0.3
3539	71.5
3540	165.9
3541	124
3542	252.8
3543	134.9
3544	72.4
3545	264.4
3546	306.5
3547	68.6
3548	309.2
3549	118.9
3550	94.3
3551	116.2
3552	82.1
3553	113.2
3554	130.8
3555	318.6
3556	117.5
3557	31.7
3558	378.4
3559	27.3
3560	242.8
3561	59.5
3562	37.2
3563	234.9
3564	63.8
3565	80.4
3566	29.7
3567	216.2
3568	187.5
3569	228.2
3570	158.8
3571	182.5
3572	25.4
3573	380.5
3574	160.1
3575	50
3576	224.9
3577	305.2
3578	250
3579	16.3
3580	14.5
3581	12.6
3582	361.2
3583	14.1
3584	245.5
3585	12.9
3586	288.4
3587	13.1
3588	9.8
3589	11.5
3590	10.5
3591	108.4
3592	10.2
3593	4.2
3594	9
