"COMID"	"Value"
1	22.5
2	6.5
3	66
4	4.6
5	33.4
6	0
7	30.4
8	6.7
9	5.6
10	0
11	10.5
12	5.6
13	0.4
14	172.3
15	6.9
16	12.2
17	19.5
18	13.4
19	32.5
20	37.8
21	19.7
22	97.2
23	0
24	5.6
25	21.8
26	0.5
27	10.3
28	53.3
29	6
30	0
31	31.5
32	30.8
33	138.1
34	5.6
35	1.1
36	5.6
37	66.1
38	0
39	5.6
40	184.5
41	133.8
42	8.9
43	164.2
44	55
45	6.7
46	0.9
47	39
48	96.9
49	16
50	7.5
51	5.6
52	7.6
53	5.6
54	122
55	102.1
56	33.5
57	158.7
58	5.6
59	7.5
60	5.6
61	5.6
62	5.6
63	13.7
64	8.1
65	5.6
66	0.8
67	55.1
68	42.6
69	1.2
70	1
71	0
72	46.1
73	5.6
74	36.4
75	1
76	1
77	0.1
78	1.1
79	82.8
80	1
81	0.3
82	0
83	16.1
84	0
85	22
86	35.8
87	5.6
88	5.6
89	1
90	6.9
91	7.5
92	70.5
93	22
94	5.6
95	42.3
96	7.5
97	65.1
98	0
99	1.1
100	83.1
101	2.7
102	9.6
103	5.6
104	0
105	7.5
106	62.5
107	1.1
108	0
109	7.5
110	7.5
111	0
112	52
113	1
114	47.1
115	4
116	46.4
117	47.8
118	63.7
119	0
120	3.2
121	2.3
122	12.8
123	0
124	61.8
125	96.7
126	66.8
127	1.1
128	67.2
129	5.6
130	1
131	14.3
132	1
133	46.9
134	6.4
135	47.8
136	51.3
137	77.7
138	1
139	1
140	5.9
141	4.1
142	1
143	0
144	3.3
145	1
146	41
147	10.8
148	86.1
149	35.8
150	58.5
151	0.1
152	43.4
153	1
154	25.8
155	0
156	1
157	63.3
158	1
159	19.8
160	18
161	1
162	1
163	2.4
164	1
165	0
166	1
167	43.5
168	0
169	60.7
170	6
171	22.9
172	1
173	1
174	7.5
175	3.4
176	75.1
177	35.9
178	5.8
179	28
180	1
181	0
182	3.5
183	0
184	1
185	1
186	3.6
187	2.3
188	1
189	1
190	4.1
191	1
192	14.2
193	1
194	68.3
195	0
196	1
197	26
198	1
199	18.8
200	1
201	1
202	1
203	1
204	1
205	1
206	0.9
207	1
208	45.7
209	14.1
210	24.3
211	11.8
212	25.7
213	11.3
214	1
215	31.5
216	3.2
217	8.7
218	1
219	1.2
220	1
221	0.1
222	21.1
223	32.7
224	0
225	1.2
226	10.5
227	0
228	12.6
229	1
230	0
231	14.3
232	2.5
233	28.9
234	0.7
235	0
236	6.8
237	2.7
238	1.2
239	10.4
240	44.8
241	7.2
242	0
243	0
244	22.8
245	15.6
246	16.4
247	0
248	0
249	0
250	22.4
251	8.9
252	46.2
253	2
254	0
255	0
256	0
257	0
258	0.1
259	0
260	0
261	12.9
262	7.1
263	0
264	0
265	0
266	6.6
267	17.3
268	21.6
269	28.2
270	0
271	12.5
272	8.1
273	12.7
274	0
275	6.2
276	0.2
277	1
278	6.1
279	0
280	5.5
281	8.3
282	9.8
283	1
284	1
285	0
286	6.6
287	67.9
288	1
289	1
290	1
291	11
292	1
293	0
294	23.6
295	1
296	4
297	10.3
298	0
299	0.3
300	10.6
301	1
302	10.7
303	3.7
304	1
305	7.6
306	1
307	8.4
308	1.4
309	1
310	3.3
311	6.1
312	6.4
313	3.7
314	1
315	1
316	1
317	0
318	1
319	0.1
320	6.4
321	1
322	3.3
323	4.7
324	1
325	0.1
326	14.3
327	1
328	1
329	1
330	0
331	1
332	1
333	1
334	1
335	0.1
336	1
337	0.1
338	1
339	1
340	1
341	1
342	0
343	1
344	0
345	1
346	0
347	1
348	1
349	1
350	1
351	1
352	1
353	1.3
354	1
355	0
356	1
357	0
358	1
359	0
360	1
361	1
362	1
363	1
364	0
365	0.7
366	5.8
367	0
368	26
369	0
370	1.7
371	0
372	5.6
373	5.9
374	0
375	20.8
376	110.7
377	2.7
378	5.8
379	0
380	3.4
381	0
382	0
383	11.2
384	0
385	0
386	0
387	57.6
388	5.8
389	15.3
390	53.4
391	5.6
392	17.1
393	0
394	5.6
395	0
396	0
397	0
398	5.6
399	0.1
400	5.6
401	8.6
402	0
403	0
404	0
405	0
406	135.9
407	0
408	0
409	0
410	44.2
411	13.2
412	0
413	160.8
414	0
415	0
416	0
417	0
418	0
419	7.1
420	0
421	0
422	0
423	2.4
424	57.2
425	19.4
426	0
427	125.5
428	63.4
429	3.6
430	95.7
431	0
432	5.6
433	10.1
434	5.8
435	5.6
436	6
437	0.1
438	21.9
439	0
440	1.1
441	94.7
442	4.8
443	27.8
444	5.6
445	64
446	5.6
447	68.5
448	37.9
449	5.6
450	6.6
451	0
452	46.2
453	0
454	5.6
455	6.2
456	5.6
457	5.7
458	40.9
459	33.5
460	5.6
461	45
462	50.5
463	7.5
464	1
465	42.3
466	0
467	72.2
468	1
469	6.7
470	1
471	1
472	1.6
473	1.7
474	1
475	0
476	0
477	68.1
478	1
479	11.8
480	6.5
481	0
482	0
483	17.2
484	5.6
485	5.1
486	0
487	10.2
488	1.6
489	0
490	0.9
491	36.3
492	7.1
493	0
494	70.8
495	0.2
496	0
497	65.3
498	8
499	0
500	49.4
501	92.1
502	92.4
503	5.6
504	5.6
505	13
506	51.2
507	30.5
508	8.4
509	37.6
510	88.7
511	12.4
512	32.1
513	0
514	9.2
515	0
516	5.6
517	41.4
518	5.6
519	5.7
520	0.5
521	56.3
522	5.6
523	0
524	19.3
525	63.1
526	5.7
527	93.2
528	5.6
529	0
530	83.8
531	26.7
532	63.2
533	100.2
534	2.4
535	152
536	14.2
537	0.1
538	0
539	0.6
540	5.6
541	43.7
542	29.2
543	9
544	0
545	0.2
546	55.5
547	102.9
548	0.1
549	0.4
550	0.7
551	37
552	90.3
553	27.6
554	0
555	5.6
556	105.1
557	5.7
558	0.2
559	18
560	33.2
561	58.9
562	37
563	0
564	18
565	20.5
566	26.7
567	5.6
568	29.2
569	6.4
570	0
571	70.8
572	18.7
573	5.6
574	127.2
575	5.6
576	0
577	0
578	13.1
579	44.8
580	18.3
581	0
582	169.9
583	5.6
584	5.6
585	0
586	135.9
587	27.6
588	134.9
589	45.9
590	0
591	179.5
592	103
593	17.2
594	6.2
595	191.9
596	5.6
597	0
598	5.6
599	27.8
600	5.8
601	5.6
602	0
603	2.4
604	230.8
605	0
606	170
607	5.6
608	5.6
609	0
610	5.6
611	7.5
612	0
613	0
614	40
615	0.6
616	0
617	105.1
618	0.8
619	7.2
620	5.9
621	229.3
622	65.6
623	76.2
624	54.5
625	5.6
626	5.6
627	21.8
628	5.6
629	9.3
630	72.5
631	5.6
632	1.8
633	11.2
634	0
635	8.3
636	9.8
637	6.5
638	5.6
639	1.7
640	0.7
641	49.5
642	0
643	65.3
644	0
645	3
646	14.3
647	5.6
648	8.9
649	55.9
650	5.6
651	103.4
652	5.6
653	0
654	5.6
655	0
656	5.6
657	69.6
658	87.1
659	60.5
660	0
661	50.7
662	9.4
663	62.9
664	5.6
665	5.6
666	5.6
667	19.8
668	113.7
669	23.3
670	5.6
671	5.6
672	5.6
673	9.1
674	1.2
675	49.3
676	37.8
677	54.7
678	6.4
679	5.6
680	0
681	16
682	31.6
683	187.8
684	46
685	5.6
686	106.6
687	0
688	33.1
689	5.6
690	9.9
691	6.9
692	59.7
693	5.9
694	0.3
695	8.2
696	83.5
697	5.6
698	53.4
699	27.2
700	20.4
701	8.8
702	76.5
703	17.3
704	20.7
705	52.1
706	5.8
707	109.8
708	25.7
709	61.7
710	38.6
711	0
712	0.4
713	35.2
714	5.6
715	26.1
716	0
717	5.6
718	57.6
719	24.8
720	13.5
721	5.6
722	45.4
723	51.3
724	62.6
725	5.6
726	0
727	1.8
728	64.4
729	3.2
730	33.3
731	5.9
732	0.5
733	22
734	10
735	0.4
736	5.8
737	35.4
738	10.8
739	59.7
740	78.4
741	50.3
742	8.9
743	39.9
744	0
745	0
746	8.9
747	12.5
748	0
749	71.9
750	5.6
751	8.3
752	22.3
753	17.5
754	56.3
755	36.9
756	7
757	59.5
758	13.3
759	5.6
760	8
761	5.6
762	40.5
763	30.4
764	61.7
765	14.9
766	0
767	23.2
768	20.3
769	187.3
770	19.5
771	2.6
772	12.6
773	7.1
774	6.9
775	6.4
776	5.6
777	26.5
778	7.1
779	0
780	286.1
781	28.9
782	446.1
783	323.8
784	424.4
785	468.8
786	323.6
787	360.4
788	201.1
789	241.3
790	301
791	281.5
792	229.3
793	273
794	287.4
795	423.5
796	219.2
797	372.1
798	217.3
799	186.5
800	197.3
801	232.1
802	166.6
803	169.6
804	157.4
805	143.4
806	150.6
807	88.1
808	183.5
809	328.2
810	390.9
811	134.8
812	313.9
813	158.8
814	153.7
815	170.3
816	182.8
817	129.3
818	311.5
819	544.1
820	125.4
821	161.8
822	154.2
823	151.5
824	354.3
825	187.8
826	483.9
827	225.4
828	182.7
829	230.2
830	302.7
831	164.7
832	225.7
833	142.1
834	295.6
835	128.3
836	212.9
837	52.5
838	188.4
839	195.1
840	167.8
841	118.5
842	97
843	14.9
844	293.3
845	129.7
846	218.3
847	184.5
848	242.1
849	139.5
850	282.5
851	255.9
852	107.7
853	155.5
854	195.1
855	131.7
856	178.6
857	125.1
858	336.3
859	124.5
860	133.5
861	267.2
862	7.3
863	196.5
864	111.4
865	237.1
866	116.1
867	76.5
868	344
869	116
870	32.7
871	129.9
872	111.5
873	8.5
874	138.8
875	217.6
876	116.1
877	246.7
878	231.1
879	323.1
880	138.9
881	178.9
882	188.4
883	75.5
884	285.7
885	240.2
886	6.6
887	122.4
888	99.9
889	177.7
890	188.3
891	148.8
892	158.9
893	208.5
894	7
895	227.6
896	250.1
897	140.7
898	111.1
899	170.2
900	123.9
901	140.4
902	301.4
903	257.4
904	236.3
905	133.2
906	249.2
907	206.3
908	114.6
909	151.8
910	0
911	200.3
912	108.2
913	217
914	107.4
915	0
916	126.1
917	215.8
918	135.6
919	161.1
920	150.1
921	122.1
922	162.1
923	21.5
924	117.7
925	220.3
926	202.5
927	149.4
928	3.2
929	121.8
930	177.9
931	140.3
932	5.5
933	128.6
934	0
935	126.7
936	182.8
937	355.7
938	324.1
939	155
940	147.9
941	259.6
942	239.9
943	0
944	354.6
945	204
946	186.3
947	0
948	120.8
949	211.5
950	226.3
951	141.6
952	143
953	4.3
954	4.4
955	138.2
956	122.4
957	159.5
958	5.5
959	141
960	137
961	188.9
962	218.7
963	132.5
964	0
965	213.8
966	217.9
967	0
968	131.6
969	190.1
970	44.3
971	206.5
972	224.3
973	145.1
974	138.4
975	324.5
976	246.5
977	305.6
978	3.2
979	206.3
980	208.1
981	215.7
982	168.3
983	190.3
984	254.3
985	306.1
986	269.1
987	3.9
988	298.8
989	160.9
990	0
991	194.5
992	0
993	360.1
994	163.4
995	357.4
996	223.9
997	308.6
998	5.3
999	165.2
1000	0
1001	6.9
1002	311.6
1003	0
1004	203.9
1005	4.7
1006	322.1
1007	0
1008	3.2
1009	0
1010	174.9
1011	136.2
1012	309.4
1013	9.3
1014	299.5
1015	3.7
1016	0
1017	353.4
1018	7.4
1019	9.8
1020	186.9
1021	149.7
1022	173
1023	229.6
1024	349.6
1025	180.3
1026	171.1
1027	251.8
1028	218.4
1029	10.1
1030	0.6
1031	0
1032	0
1033	1.9
1034	162.9
1035	0.6
1036	139.1
1037	158.5
1038	144.3
1039	5.7
1040	12.6
1041	186.9
1042	9.7
1043	0
1044	3.8
1045	12
1046	6
1047	358.5
1048	287.1
1049	203.1
1050	0
1051	127.2
1052	175.9
1053	11
1054	143.3
1055	221.8
1056	134.5
1057	1.2
1058	136.7
1059	1.8
1060	161.2
1061	0
1062	180.3
1063	353.9
1064	0.9
1065	2.3
1066	269.9
1067	1.9
1068	1.3
1069	0.8
1070	221
1071	151
1072	1.4
1073	0.9
1074	179.5
1075	0
1076	198.7
1077	1.9
1078	199.4
1079	175.6
1080	6.9
1081	1.5
1082	215.5
1083	1.9
1084	146.3
1085	183.8
1086	205.7
1087	0
1088	1.8
1089	2.5
1090	163.3
1091	253.8
1092	1
1093	13.8
1094	1.5
1095	12.3
1096	16.4
1097	298
1098	15.7
1099	0
1100	0
1101	1.6
1102	164.1
1103	1.7
1104	7.7
1105	12.3
1106	5.7
1107	1.9
1108	4.1
1109	156.6
1110	0.9
1111	1.8
1112	176.1
1113	321.2
1114	136.1
1115	7.6
1116	12.6
1117	226.1
1118	8.8
1119	7.7
1120	12.4
1121	4.8
1122	10
1123	13.6
1124	165
1125	13.5
1126	265.1
1127	10.6
1128	210.2
1129	194.9
1130	4.2
1131	1.4
1132	215.8
1133	234
1134	2.8
1135	0
1136	1.6
1137	4.5
1138	3.8
1139	9.7
1140	189.1
1141	17
1142	0.4
1143	173.6
1144	13.7
1145	9.7
1146	7.4
1147	6.6
1148	232.4
1149	10.5
1150	10.7
1151	9
1152	201.6
1153	159.2
1154	0
1155	0
1156	213.2
1157	9.8
1158	0.1
1159	129.6
1160	20.1
1161	0.4
1162	10.2
1163	6.8
1164	234.7
1165	0
1166	205
1167	219
1168	239.6
1169	258.3
1170	244
1171	10.7
1172	159.3
1173	7.9
1174	349.3
1175	4.9
1176	78.4
1177	0.1
1178	9.9
1179	255
1180	4.7
1181	10.3
1182	12.7
1183	0.5
1184	0
1185	178.2
1186	148.1
1187	7.7
1188	7.9
1189	10.9
1190	11.4
1191	176.9
1192	7.4
1193	195.9
1194	11.3
1195	251.2
1196	10.1
1197	0.1
1198	0.5
1199	196.2
1200	26.6
1201	13.2
1202	5
1203	0.1
1204	5.6
1205	15.5
1206	1.6
1207	4.6
1208	1.5
1209	14.3
1210	233.4
1211	240.1
1212	0
1213	148
1214	137.5
1215	7.2
1216	174.3
1217	157.3
1218	0.9
1219	1.9
1220	144.1
1221	11.4
1222	15.7
1223	12.4
1224	9.2
1225	210.3
1226	130.7
1227	232
1228	4.4
1229	12.3
1230	117.6
1231	1.2
1232	133.8
1233	8
1234	5.9
1235	6.3
1236	0.8
1237	288.1
1238	186.8
1239	0.2
1240	8.8
1241	220.6
1242	118.5
1243	11.7
1244	11
1245	235.3
1246	137.3
1247	92.2
1248	28.4
1249	298.9
1250	178.5
1251	5.5
1252	0.1
1253	9.7
1254	6.5
1255	0
1256	174.2
1257	16.5
1258	13.7
1259	0.2
1260	230.7
1261	207.4
1262	1.3
1263	19.8
1264	20.6
1265	292.9
1266	122.8
1267	0.1
1268	162.1
1269	29.3
1270	174.6
1271	23.6
1272	4.8
1273	21.9
1274	139.7
1275	8
1276	178.7
1277	113.3
1278	256
1279	27.8
1280	0.2
1281	11.2
1282	0.1
1283	541.3
1284	31.4
1285	24.6
1286	504.5
1287	7
1288	12
1289	103.3
1290	12
1291	224.7
1292	8.4
1293	26.9
1294	7.2
1295	179.7
1296	1.2
1297	32.4
1298	150.8
1299	9.8
1300	15.8
1301	0.1
1302	12.7
1303	14.8
1304	36.4
1305	612.3
1306	0
1307	215.3
1308	12.4
1309	0
1310	170.5
1311	169
1312	209.2
1313	11
1314	172.4
1315	0.1
1316	212
1317	194.8
1318	9.9
1319	233.4
1320	239.4
1321	0.4
1322	0.1
1323	0
1324	14.7
1325	111.2
1326	0.3
1327	0.3
1328	165.7
1329	32.3
1330	273.3
1331	189.3
1332	26.7
1333	87.7
1334	190.4
1335	6.2
1336	123.8
1337	0.4
1338	0.5
1339	9.9
1340	22.4
1341	179
1342	155
1343	0
1344	0.2
1345	9.7
1346	0.1
1347	287.7
1348	232
1349	11.7
1350	0
1351	255.8
1352	30.7
1353	162.5
1354	0.3
1355	219.2
1356	29.4
1357	127.3
1358	166.7
1359	20
1360	0.3
1361	9.7
1362	120.4
1363	0.1
1364	0.6
1365	252.2
1366	0.5
1367	0.1
1368	199.1
1369	0.4
1370	7.5
1371	0.4
1372	7.3
1373	116.8
1374	0.7
1375	172.8
1376	31.4
1377	17.9
1378	17.6
1379	21.7
1380	220
1381	0.1
1382	138.8
1383	0.2
1384	11.2
1385	29.4
1386	185.4
1387	0.5
1388	0.7
1389	0.5
1390	171.3
1391	569.5
1392	199.9
1393	0.9
1394	0.3
1395	228.6
1396	0.1
1397	435.5
1398	0.1
1399	0
1400	118.7
1401	0.4
1402	0.4
1403	126.3
1404	11
1405	0.3
1406	0.8
1407	0.1
1408	0.4
1409	174.9
1410	0.3
1411	204.6
1412	0.4
1413	133.8
1414	6
1415	219
1416	137.1
1417	0.5
1418	136.2
1419	0.7
1420	27.2
1421	1.3
1422	0.7
1423	59.4
1424	226.1
1425	0.3
1426	227.1
1427	6.2
1428	1.3
1429	0.8
1430	177.8
1431	128.9
1432	0.5
1433	140.8
1434	0.3
1435	183.9
1436	0
1437	0.8
1438	0.6
1439	8.4
1440	144
1441	135.5
1442	0.4
1443	124.5
1444	0.6
1445	0.3
1446	239.3
1447	0.4
1448	269.7
1449	0.1
1450	0.5
1451	0.5
1452	0
1453	148.6
1454	50.6
1455	0.4
1456	0.2
1457	128.6
1458	196.8
1459	18.8
1460	0.7
1461	132.7
1462	0.2
1463	0.4
1464	0.5
1465	0.7
1466	346.9
1467	0.5
1468	0.3
1469	207.1
1470	156.6
1471	0.2
1472	0.4
1473	366.8
1474	1
1475	336.6
1476	0.2
1477	1
1478	204.9
1479	211.9
1480	0.3
1481	134.6
1482	131.1
1483	0.4
1484	0.3
1485	54.4
1486	0.6
1487	0.4
1488	157.5
1489	166.4
1490	0.7
1491	89
1492	188.9
1493	277.5
1494	258.3
1495	0.6
1496	144.9
1497	131.2
1498	0.5
1499	208.9
1500	28.4
1501	204.9
1502	228.5
1503	0.3
1504	1
1505	142
1506	246.5
1507	0.4
1508	0.7
1509	66.8
1510	0.6
1511	0.7
1512	0.3
1513	192.8
1514	0.4
1515	1.4
1516	0.4
1517	341.9
1518	0.3
1519	305.3
1520	0.5
1521	0.4
1522	1.9
1523	0.5
1524	1.9
1525	1.3
1526	0.6
1527	162.5
1528	0.5
1529	313.2
1530	258.8
1531	0.4
1532	1.5
1533	0.7
1534	165.7
1535	33.3
1536	162.9
1537	0.6
1538	47.7
1539	1.2
1540	2.1
1541	0.5
1542	1.8
1543	110.9
1544	0.3
1545	0.3
1546	39.1
1547	171.7
1548	0.2
1549	0.4
1550	0.5
1551	1.3
1552	133.1
1553	215.8
1554	123.2
1555	222.4
1556	353.9
1557	1.4
1558	0.5
1559	136.8
1560	15.4
1561	0.2
1562	1.4
1563	3.6
1564	0.1
1565	138.4
1566	2.7
1567	0.5
1568	0.3
1569	243.8
1570	198.2
1571	0.1
1572	0.5
1573	132.3
1574	3.4
1575	258.2
1576	226.5
1577	136.5
1578	0.4
1579	0.5
1580	178.4
1581	323
1582	183.1
1583	129.3
1584	36.9
1585	150.8
1586	166.2
1587	1.1
1588	277.6
1589	1.8
1590	4.6
1591	0.4
1592	239.2
1593	4.6
1594	152.9
1595	230.5
1596	203.1
1597	0.2
1598	218.8
1599	304.9
1600	262.1
1601	83.3
1602	126.7
1603	282.2
1604	226.3
1605	33.1
1606	0.4
1607	0.9
1608	261.1
1609	0.6
1610	196.5
1611	5.4
1612	229.2
1613	274.2
1614	207.7
1615	292.3
1616	258.9
1617	0.8
1618	275.2
1619	12.1
1620	329.4
1621	220.1
1622	434
1623	0.6
1624	136.9
1625	220.8
1626	410.1
1627	0.5
1628	242.4
1629	0.7
1630	422.6
1631	135
1632	131.5
1633	0.5
1634	154.9
1635	130
1636	229.3
1637	299.8
1638	213.7
1639	6.7
1640	0.6
1641	219.9
1642	165.7
1643	365.5
1644	1
1645	135.3
1646	268
1647	0.5
1648	9
1649	1.3
1650	13.3
1651	345.3
1652	345.1
1653	14
1654	344.3
1655	228.9
1656	342.6
1657	117.2
1658	251.9
1659	416.9
1660	198.8
1661	41.3
1662	0.8
1663	256.6
1664	12.9
1665	10.3
1666	366.7
1667	172.7
1668	395.1
1669	111.8
1670	33.7
1671	176.5
1672	235.6
1673	274.4
1674	202
1675	200.5
1676	30.8
1677	25.6
1678	8.2
1679	133.4
1680	247.8
1681	137.4
1682	6.9
1683	85.9
1684	312.7
1685	78.5
1686	123.9
1687	141.9
1688	217.5
1689	23.5
1690	338.6
1691	29.1
1692	225.9
1693	23.9
1694	143.1
1695	290.5
1696	0.9
1697	343.4
1698	6.1
1699	28.9
1700	178
1701	221.3
1702	278.7
1703	177.8
1704	0.5
1705	15.6
1706	165.3
1707	8
1708	7.3
1709	294.3
1710	31.2
1711	20.1
1712	151.5
1713	178.2
1714	149.3
1715	282.4
1716	90.9
1717	240
1718	45.1
1719	117.4
1720	138
1721	250.7
1722	84.2
1723	150.8
1724	80.6
1725	211.5
1726	106.7
1727	356.4
1728	121.4
1729	21.4
1730	182.9
1731	32.2
1732	98.5
1733	289.8
1734	21.5
1735	203.9
1736	13.3
1737	280.7
1738	85.2
1739	148.7
1740	0.4
1741	23.2
1742	25.1
1743	80.4
1744	98.9
1745	161
1746	192.5
1747	104.6
1748	119.9
1749	151.9
1750	106.1
1751	132.8
1752	108
1753	192
1754	166.9
1755	118.9
1756	136.4
1757	307.3
1758	191.8
1759	143.1
1760	161.3
1761	105.9
1762	199
1763	177.6
1764	327.9
1765	19.2
1766	151.4
1767	109.8
1768	0.4
1769	119.3
1770	335.7
1771	235.5
1772	0.4
1773	196.6
1774	126.6
1775	0.2
1776	96.3
1777	173.8
1778	15.6
1779	21.4
1780	11.8
1781	92.9
1782	108.7
1783	131.2
1784	86.7
1785	201.2
1786	147.5
1787	337.7
1788	278
1789	111.1
1790	9.5
1791	145.8
1792	148.8
1793	298.8
1794	80.4
1795	241.7
1796	228.4
1797	240.3
1798	126.9
1799	0.1
1800	286.9
1801	158.3
1802	168.3
1803	0.3
1804	105
1805	12.6
1806	280.7
1807	122
1808	96.2
1809	234.6
1810	328.3
1811	154.4
1812	0
1813	342.2
1814	151.7
1815	113.6
1816	103.1
1817	170.7
1818	116.2
1819	323.8
1820	219.1
1821	202.4
1822	264.8
1823	173.9
1824	0.1
1825	179.6
1826	230.4
1827	121.5
1828	134
1829	204.8
1830	0.5
1831	280.3
1832	0.2
1833	204.3
1834	0
1835	287.4
1836	265
1837	0.1
1838	0.1
1839	189.2
1840	187.7
1841	180.2
1842	257.3
1843	250.7
1844	134.1
1845	221.4
1846	0
1847	203.9
1848	293.1
1849	198.7
1850	191.6
1851	251.2
1852	159.9
1853	178.4
1854	344.6
1855	199.7
1856	183.3
1857	0.3
1858	198.7
1859	117.2
1860	163.1
1861	0.2
1862	262.3
1863	0.1
1864	154
1865	246.7
1866	272.9
1867	0.3
1868	314
1869	287.9
1870	36.3
1871	290.6
1872	227
1873	280.1
1874	231.9
1875	0.3
1876	203.7
1877	0.3
1878	0
1879	228.8
1880	309.7
1881	159.8
1882	0
1883	229
1884	336.9
1885	151.4
1886	142.4
1887	0.2
1888	147.6
1889	0.6
1890	271.9
1891	33.7
1892	150.7
1893	113.5
1894	154.4
1895	121.4
1896	129.2
1897	282
1898	199.9
1899	250.2
1900	0.3
1901	205.4
1902	208.7
1903	147.6
1904	344
1905	116.2
1906	0.1
1907	0
1908	74.2
1909	30
1910	28.3
1911	137.7
1912	112.2
1913	0.1
1914	105.7
1915	0.1
1916	228.7
1917	107.7
1918	86.5
1919	0.1
1920	0.1
1921	163.2
1922	0.6
1923	0.1
1924	0.1
1925	158.8
1926	211.6
1927	125.9
1928	86.8
1929	0
1930	0.4
1931	0
1932	93.4
1933	257.9
1934	169.8
1935	0.3
1936	174.7
1937	0.3
1938	221.2
1939	118.3
1940	0.3
1941	287.1
1942	68.2
1943	0.4
1944	156.1
1945	0
1946	1
1947	0.7
1948	0
1949	186.5
1950	278.3
1951	0.4
1952	45.1
1953	44.2
1954	0.5
1955	46.9
1956	131.9
1957	152.6
1958	0.1
1959	58.9
1960	96.5
1961	76.7
1962	194.8
1963	0.4
1964	0.8
1965	0.4
1966	230.5
1967	28.4
1968	115.1
1969	0.2
1970	148.2
1971	0.5
1972	0.7
1973	0.3
1974	137
1975	39.3
1976	38
1977	35
1978	165.1
1979	289
1980	0.7
1981	120.5
1982	248.7
1983	0.5
1984	0.4
1985	44.4
1986	91.1
1987	124.3
1988	35.3
1989	187
1990	230.6
1991	0.5
1992	0.4
1993	38.4
1994	152.7
1995	116.2
1996	0.3
1997	44.2
1998	174.9
1999	0.3
2000	72.7
2001	223
2002	29.7
2003	23.3
2004	0.1
2005	0.4
2006	38.2
2007	0.7
2008	13
2009	0.2
2010	26.4
2011	340
2012	0.3
2013	63.9
2014	276.7
2015	57.6
2016	0.4
2017	0.2
2018	46.4
2019	0.3
2020	0.3
2021	23.7
2022	29.9
2023	41.4
2024	268.9
2025	137.4
2026	0.2
2027	40.1
2028	148.8
2029	187.8
2030	0.4
2031	46.9
2032	3.7
2033	0.2
2034	0.3
2035	37.1
2036	309.5
2037	238.7
2038	359.7
2039	0.2
2040	0.4
2041	265.8
2042	42.3
2043	197
2044	131.8
2045	0.2
2046	0.5
2047	41.7
2048	0.6
2049	0.1
2050	103.1
2051	27.5
2052	0.2
2053	28.9
2054	46.7
2055	41.9
2056	214
2057	65.6
2058	283.5
2059	0.4
2060	33.3
2061	4.1
2062	166.7
2063	0.2
2064	32.3
2065	0.3
2066	0.1
2067	67.3
2068	0.1
2069	283.6
2070	15.2
2071	38.8
2072	0.2
2073	69
2074	102.4
2075	0.2
2076	456.5
2077	0.1
2078	63.2
2079	0.4
2080	0.1
2081	80.7
2082	0.1
2083	42.5
2084	55.7
2085	0.2
2086	58
2087	0.1
2088	219.3
2089	39.5
2090	131.5
2091	47.1
2092	54.5
2093	83.3
2094	0.3
2095	37.8
2096	0.2
2097	33.2
2098	111.4
2099	92
2100	197.4
2101	0.1
2102	67.2
2103	0.2
2104	0
2105	0.1
2106	0.2
2107	0.4
2108	83.8
2109	0.1
2110	0.1
2111	0
2112	347.5
2113	43.4
2114	0.1
2115	101.7
2116	148.6
2117	52.7
2118	33.2
2119	11.8
2120	152.4
2121	26.5
2122	153.2
2123	0.5
2124	150.7
2125	34.4
2126	0.1
2127	24.6
2128	0.2
2129	0
2130	0.4
2131	70.5
2132	115.8
2133	0.2
2134	0.1
2135	17.6
2136	247.4
2137	43.4
2138	14.3
2139	142.7
2140	0.1
2141	177.3
2142	74.2
2143	0
2144	0.1
2145	138.2
2146	47.5
2147	37.5
2148	157
2149	0.4
2150	34.7
2151	0.1
2152	165.2
2153	433.2
2154	187.6
2155	0
2156	0
2157	0.1
2158	56
2159	33
2160	467.1
2161	0
2162	0.2
2163	138.3
2164	0.1
2165	76
2166	0
2167	0.1
2168	0.5
2169	152.2
2170	0
2171	0.6
2172	0
2173	54.8
2174	0
2175	28.9
2176	0.2
2177	274
2178	33.3
2179	0.2
2180	24.4
2181	457.4
2182	0.4
2183	0
2184	0.1
2185	141.2
2186	37.4
2187	37.9
2188	0
2189	0
2190	65.4
2191	0.2
2192	0
2193	0
2194	105.2
2195	43.3
2196	0.1
2197	293.2
2198	0
2199	408.5
2200	0
2201	16.3
2202	43.9
2203	0.3
2204	0
2205	0.4
2206	23.4
2207	45
2208	43.7
2209	0.2
2210	256.6
2211	0.2
2212	79.8
2213	83.7
2214	0
2215	25.8
2216	38.2
2217	0.1
2218	0
2219	276.1
2220	29.5
2221	0
2222	258
2223	0
2224	0.2
2225	30.1
2226	43
2227	303.9
2228	0.1
2229	0.1
2230	79.3
2231	0
2232	33.4
2233	0
2234	218.7
2235	0
2236	0.1
2237	0.3
2238	0.2
2239	33.1
2240	0.1
2241	34
2242	0.1
2243	0.2
2244	0.1
2245	270.9
2246	0
2247	0.3
2248	369.8
2249	43.1
2250	0
2251	24.8
2252	133.4
2253	0.1
2254	31.7
2255	0.2
2256	151.3
2257	47.2
2258	0
2259	286.1
2260	0
2261	0.1
2262	0
2263	422.7
2264	365.8
2265	274.3
2266	0.1
2267	0.1
2268	91.6
2269	44.9
2270	0.2
2271	116.1
2272	0
2273	53.1
2274	0.3
2275	112.2
2276	99.1
2277	0.1
2278	0.1
2279	0.1
2280	0.1
2281	0.3
2282	535.8
2283	107.8
2284	0.1
2285	298.3
2286	125.1
2287	34.6
2288	164.8
2289	0
2290	0.1
2291	0
2292	325.5
2293	43
2294	78.6
2295	157.7
2296	196.7
2297	549.6
2298	0.1
2299	32.1
2300	0.1
2301	0.2
2302	0.3
2303	0.1
2304	0.1
2305	0.1
2306	91.1
2307	228.2
2308	0.1
2309	140.8
2310	547
2311	1.3
2312	0.3
2313	0.2
2314	0.2
2315	2.2
2316	0
2317	434.5
2318	0
2319	0
2320	216.5
2321	253.8
2322	0.3
2323	0.1
2324	437.3
2325	175.3
2326	128.3
2327	0.1
2328	384.9
2329	0.2
2330	2.6
2331	0.9
2332	82.1
2333	0.2
2334	204.4
2335	2.6
2336	83.9
2337	0.5
2338	202
2339	76.5
2340	198.8
2341	89.3
2342	1.7
2343	107.8
2344	0.3
2345	229.7
2346	90.4
2347	0.1
2348	0.2
2349	79
2350	0.1
2351	170.4
2352	0.2
2353	86.6
2354	0.3
2355	143.2
2356	1.7
2357	0.6
2358	47.2
2359	175.6
2360	102.2
2361	85.6
2362	152.1
2363	222.4
2364	91.8
2365	92.8
2366	3.2
2367	1
2368	114.1
2369	54.7
2370	253.4
2371	0.3
2372	86.6
2373	90.6
2374	43.3
2375	0.8
2376	3.2
2377	99.7
2378	82.5
2379	120.4
2380	83.7
2381	78.4
2382	209.3
2383	5
2384	1.9
2385	23
2386	0.4
2387	0.3
2388	116
2389	199.7
2390	56.8
2391	99.7
2392	237.5
2393	4.7
2394	241.5
2395	82
2396	101.9
2397	1.6
2398	21.5
2399	117.9
2400	1.4
2401	82
2402	247.3
2403	96.1
2404	67
2405	117
2406	88.5
2407	5.7
2408	95.1
2409	104.5
2410	138.6
2411	165.2
2412	151.9
2413	0.9
2414	77.4
2415	189.6
2416	83.7
2417	93.5
2418	94.5
2419	96
2420	209.2
2421	11.5
2422	111
2423	72.4
2424	183.4
2425	48.9
2426	6.1
2427	0.9
2428	256.3
2429	5.7
2430	1.7
2431	126.7
2432	1.2
2433	272.4
2434	53.1
2435	0.9
2436	1.5
2437	30.9
2438	111.4
2439	472.2
2440	161.6
2441	10.8
2442	68.9
2443	105.7
2444	239.5
2445	130.9
2446	45
2447	122.4
2448	713.8
2449	3.2
2450	7.6
2451	118.1
2452	134.7
2453	742.8
2454	3.9
2455	2.2
2456	560.8
2457	2.3
2458	107.6
2459	120.3
2460	24.2
2461	657.4
2462	313.8
2463	37.2
2464	683.1
2465	11.6
2466	3
2467	140.4
2468	137.6
2469	113.6
2470	665
2471	113.5
2472	133
2473	37.8
2474	360.1
2475	119.5
2476	10.8
2477	127.6
2478	129.3
2479	5.9
2480	125.7
2481	164.7
2482	19.9
2483	8.8
2484	306.2
2485	167.6
2486	149.1
2487	8.2
2488	129.1
2489	585.3
2490	271.2
2491	26.9
2492	301.4
2493	7.6
2494	108.8
2495	134
2496	22.2
2497	161.2
2498	145.9
2499	18.8
2500	455.7
2501	138.3
2502	137.4
2503	140.3
2504	215.8
2505	244
2506	159.5
2507	8.8
2508	329.4
2509	9.4
2510	325.7
2511	783.1
2512	241
2513	127.6
2514	150.2
2515	142.8
2516	1.5
2517	44
2518	86.9
2519	158.6
2520	492.7
2521	137
2522	987.4
2523	41.7
2524	8
2525	83.4
2526	151.5
2527	119.3
2528	177.9
2529	185.1
2530	160.4
2531	171.9
2532	183.8
2533	360.9
2534	121.3
2535	124.7
2536	405.8
2537	121
2538	655.1
2539	852.1
2540	558.6
2541	600.4
2542	292.9
2543	185.6
2544	156.9
2545	388.8
2546	306.2
2547	142.9
2548	444.9
2549	152.6
2550	8.3
2551	57
2552	868.9
2553	153.8
2554	439.9
2555	208.7
2556	195.9
2557	228.4
2558	134.8
2559	116.1
2560	762.6
2561	143.7
2562	913.9
2563	383.2
2564	443.6
2565	621.8
2566	45.2
2567	188.6
2568	947.1
2569	203.2
2570	95.7
2571	64.9
2572	3.5
2573	13.8
2574	196.6
2575	151.2
2576	135.2
2577	150.7
2578	199.2
2579	174.6
2580	4.6
2581	521.9
2582	826.2
2583	619.2
2584	8.8
2585	412.9
2586	700.6
2587	206.4
2588	132.2
2589	169.6
2590	201.4
2591	195.1
2592	157.4
2593	116
2594	87.5
2595	8.9
2596	674.5
2597	194.4
2598	860.6
2599	155.6
2600	162.1
2601	167
2602	616.1
2603	133.2
2604	1035
2605	218.9
2606	77.8
2607	618
2608	115.2
2609	649.4
2610	18.3
2611	543.2
2612	148.4
2613	181
2614	818.9
2615	106.2
2616	477.4
2617	892.7
2618	170.4
2619	6.5
2620	1106.1
2621	68.1
2622	210.5
2623	584.2
2624	147.9
2625	1009.3
2626	52.2
2627	216.5
2628	123
2629	8.1
2630	179.5
2631	144.4
2632	322.3
2633	198.7
2634	218.7
2635	154.4
2636	552.7
2637	6.7
2638	275.6
2639	166
2640	128.6
2641	301.6
2642	340
2643	1308.8
2644	68
2645	1305.8
2646	128.5
2647	68.4
2648	348.2
2649	110
2650	582.1
2651	5.8
2652	88
2653	203
2654	47.8
2655	124.9
2656	510.1
2657	69
2658	180.4
2659	397.1
2660	1028.8
2661	486.1
2662	1068.4
2663	102.6
2664	147.8
2665	134.4
2666	310.7
2667	45.8
2668	384
2669	155.9
2670	1038.3
2671	246.2
2672	384.8
2673	4
2674	65
2675	71.6
2676	13.8
2677	1202.5
2678	433.7
2679	101.9
2680	370.3
2681	471
2682	503.6
2683	159.2
2684	106.4
2685	166.7
2686	316.5
2687	402.6
2688	290.6
2689	424.1
2690	449.3
2691	468.2
2692	7.9
2693	663.8
2694	303.9
2695	4.4
2696	138.4
2697	4.9
2698	813
2699	74.5
2700	312.9
2701	21.9
2702	455.3
2703	107.8
2704	14.5
2705	175.2
2706	359.8
2707	64.4
2708	396.2
2709	302
2710	550.9
2711	345.3
2712	1.9
2713	167.4
2714	442.1
2715	101
2716	504.6
2717	329.6
2718	86.8
2719	318.3
2720	391.2
2721	128.5
2722	478
2723	224.5
2724	85.4
2725	433.3
2726	143.9
2727	218.1
2728	90.2
2729	174.2
2730	517.5
2731	1.8
2732	314.4
2733	348.6
2734	488.7
2735	126
2736	30.4
2737	136.7
2738	322.8
2739	130.8
2740	394.2
2741	308.3
2742	303.6
2743	132.3
2744	112.2
2745	162
2746	38.2
2747	106.2
2748	2.5
2749	128.5
2750	430.9
2751	701.5
2752	150.9
2753	112.5
2754	440.5
2755	250.5
2756	108.9
2757	141.5
2758	623.5
2759	111.7
2760	126
2761	109.8
2762	126.5
2763	91.8
2764	454.2
2765	337.1
2766	425.8
2767	39.4
2768	268.9
2769	124.1
2770	119.1
2771	477.7
2772	308
2773	56.6
2774	986.9
2775	585.1
2776	150.9
2777	432.1
2778	680.1
2779	135.7
2780	32.5
2781	137.8
2782	222.1
2783	216.6
2784	247.7
2785	120.6
2786	104.4
2787	382.1
2788	124.6
2789	573.7
2790	202.6
2791	401.6
2792	603.1
2793	538.9
2794	185.4
2795	108.2
2796	255.1
2797	1002.9
2798	339.5
2799	130.6
2800	559.1
2801	519.3
2802	594.2
2803	93.2
2804	40.6
2805	571.8
2806	140.4
2807	875.8
2808	491.2
2809	433.7
2810	29.8
2811	633
2812	238
2813	333.3
2814	194.4
2815	706.7
2816	93.2
2817	161.9
2818	477.4
2819	277.6
2820	495.7
2821	357.9
2822	169.2
2823	338.3
2824	75.9
2825	153.4
2826	107.6
2827	32.9
2828	261.9
2829	150
2830	228.8
2831	345.2
2832	311.4
2833	90.7
2834	610.4
2835	459.6
2836	268.6
2837	243.6
2838	510.9
2839	301.2
2840	585
2841	342.9
2842	273.9
2843	179
2844	66
2845	97.8
2846	33.3
2847	710.8
2848	626
2849	326.3
2850	613
2851	247.4
2852	192.1
2853	192.4
2854	666.6
2855	257.7
2856	375.9
2857	169
2858	448
2859	142.3
2860	141.1
2861	294
2862	234.1
2863	80.8
2864	225.2
2865	435.8
2866	597.5
2867	150
2868	140.4
2869	319.3
2870	121.6
2871	464.7
2872	562.1
2873	596.8
2874	65
2875	184
2876	48.1
2877	176.7
2878	313.7
2879	71.2
2880	227.4
2881	176.4
2882	533.3
2883	162.1
2884	341.6
2885	139
2886	446.4
2887	93
2888	57.5
2889	136
2890	166.9
2891	429.7
2892	462.9
2893	470.2
2894	378.5
2895	538.8
2896	52.9
2897	611.8
2898	130.4
2899	594.2
2900	289.5
2901	83.4
2902	204
2903	510.9
2904	44.1
2905	191.9
2906	500.3
2907	187.5
2908	151.6
2909	776.2
2910	123.6
2911	478.2
2912	208.1
2913	755.3
2914	654.6
2915	96.4
2916	613.2
2917	186.6
2918	676.4
2919	90.1
2920	101.6
2921	334.4
2922	139.4
2923	165
2924	399.2
2925	416.7
2926	224
2927	61.5
2928	351.9
2929	171.2
2930	578.7
2931	261.9
2932	624.4
2933	293
2934	52
2935	160.3
2936	72.3
2937	120.5
2938	65.4
2939	187
2940	66.4
2941	143.4
2942	68
2943	1276.6
2944	61.4
2945	214.5
2946	296.7
2947	676.8
2948	219.7
2949	177.8
2950	157.4
2951	883.5
2952	212.9
2953	1311.5
2954	314.4
2955	1072.2
2956	590.1
2957	297
2958	250.8
2959	100.3
2960	213.9
2961	162.2
2962	153.2
2963	317.6
2964	1092.7
2965	135.4
2966	908.1
2967	872.7
2968	194.7
2969	99.8
2970	48.3
2971	208.6
2972	320.3
2973	51.2
2974	230.3
2975	326.8
2976	483.2
2977	394.5
2978	335
2979	254.1
2980	253.3
2981	300.5
2982	746.3
2983	245.8
2984	213.9
2985	208.4
2986	221.6
2987	178.9
2988	239.9
2989	44.4
2990	126.4
2991	460.4
2992	391.8
2993	212.2
2994	220.1
2995	304.8
2996	858.8
2997	453.1
2998	120.3
2999	588.2
3000	145.4
3001	158.1
3002	257
3003	165.6
3004	286.2
3005	243.5
3006	313
3007	265.1
3008	270.3
3009	269.1
3010	42.7
3011	228.8
3012	609.3
3013	276.9
3014	121.7
3015	160.6
3016	204
3017	408.1
3018	156.1
3019	126.5
3020	144
3021	273.1
3022	125.5
3023	249.2
3024	291.8
3025	129.5
3026	275.6
3027	374.1
3028	183.7
3029	388.1
3030	71.4
3031	327.1
3032	428.6
3033	119.6
3034	506.7
3035	164.2
3036	64.3
3037	336.9
3038	111.5
3039	173
3040	644.7
3041	354
3042	408.8
3043	487.6
3044	214.7
3045	581.1
3046	71.5
3047	87.5
3048	392.5
3049	139.4
3050	351.9
3051	383.4
3052	222.1
3053	649.1
3054	154
3055	225.5
3056	499.2
3057	81.4
3058	669.9
3059	276.7
3060	70.4
3061	120.6
3062	197
3063	377.9
3064	713.4
3065	111.5
3066	448.6
3067	116.4
3068	460.1
3069	132.1
3070	266.9
3071	378.9
3072	250.8
3073	26.4
3074	599
3075	270.8
3076	520.6
3077	382.6
3078	181.7
3079	527.4
3080	416.5
3081	98.7
3082	128.1
3083	505
3084	129.2
3085	206.7
3086	337.6
3087	703.4
3088	546.2
3089	654.2
3090	336.7
3091	124
3092	64.4
3093	505.7
3094	45
3095	73.9
3096	440.2
3097	61.1
3098	685.9
3099	80.9
3100	353.2
3101	19.2
3102	266
3103	647.1
3104	586.8
3105	134.3
3106	483.8
3107	411.4
3108	80.2
3109	306
3110	64.7
3111	1100.5
3112	20.8
3113	1083.8
3114	238.6
3115	122.7
3116	280.3
3117	130.2
3118	565.6
3119	565.7
3120	14.4
3121	663
3122	34.6
3123	487.1
3124	37.1
3125	156.1
3126	33.1
3127	17.5
3128	79
3129	58.6
3130	98.4
3131	486.7
3132	393.2
3133	724
3134	814.5
3135	36.2
3136	725.7
3137	26.5
3138	68.3
3139	1153.4
3140	297.9
3141	66.7
3142	390.9
3143	669.4
3144	124.3
3145	24.1
3146	46.5
3147	25.7
3148	108.7
3149	59.7
3150	18.3
3151	673.5
3152	1082.3
3153	482.1
3154	347.8
3155	241.7
3156	191.8
3157	160.2
3158	18.5
3159	337.1
3160	23.2
3161	576.6
3162	1040.8
3163	59.3
3164	31.7
3165	97.9
3166	1168.1
3167	87.4
3168	1002.5
3169	53.5
3170	540.3
3171	70.2
3172	874.4
3173	39.2
3174	228.6
3175	417.2
3176	42.2
3177	79.8
3178	126.7
3179	72.1
3180	30
3181	64.2
3182	474.2
3183	526.9
3184	1037.7
3185	745.2
3186	319.9
3187	336.6
3188	308.1
3189	208.3
3190	52.9
3191	44.1
3192	363.9
3193	55.7
3194	520
3195	1296.4
3196	23.5
3197	73.1
3198	70.6
3199	683.9
3200	47.2
3201	77.7
3202	1169.2
3203	551.1
3204	67.9
3205	796.3
3206	60.9
3207	112.7
3208	38.8
3209	18.5
3210	792
3211	1042.1
3212	843.7
3213	71.9
3214	54.9
3215	42.1
3216	64.6
3217	145.1
3218	745.1
3219	638.9
3220	79.1
3221	106.5
3222	750.4
3223	26.4
3224	1258.6
3225	122.4
3226	1275.1
3227	107.5
3228	60.5
3229	33.6
3230	89
3231	33.9
3232	54.8
3233	62.2
3234	1124.5
3235	1314.1
3236	751.7
3237	38.5
3238	606.1
3239	23.4
3240	159.2
3241	206.8
3242	62.4
3243	598
3244	93.1
3245	100.3
3246	193.8
3247	16.6
3248	67.6
3249	54.8
3250	127.2
3251	510.5
3252	828.1
3253	63.2
3254	626.3
3255	46.1
3256	78.2
3257	794.6
3258	120.1
3259	250.6
3260	46.8
3261	29.4
3262	451.6
3263	68.7
3264	50.6
3265	77.6
3266	43.3
3267	288.3
3268	489.1
3269	822.2
3270	32.4
3271	30.6
3272	515.9
3273	41.8
3274	840.8
3275	61.2
3276	68
3277	33.6
3278	559
3279	49.4
3280	50.2
3281	162.9
3282	24.8
3283	240.6
3284	46
3285	22.7
3286	699.2
3287	35.7
3288	56
3289	44.9
3290	92.4
3291	542.3
3292	28.8
3293	47.1
3294	50.9
3295	75.4
3296	21.6
3297	63.9
3298	156
3299	53.4
3300	236.1
3301	90.9
3302	129
3303	603
3304	77.2
3305	221.2
3306	58.7
3307	59.4
3308	404
3309	45
3310	65.1
3311	29.5
3312	69.4
3313	72.3
3314	22
3315	43
3316	199.8
3317	30.8
3318	86.6
3319	13.9
3320	47.2
3321	47.7
3322	14.7
3323	35
3324	45.3
3325	79.6
3326	40.8
3327	17.2
3328	51.4
3329	37.1
3330	99.1
3331	119.6
3332	96.7
3333	74
3334	14.9
3335	229.3
3336	37.7
3337	16.2
3338	70.5
3339	27.2
3340	30.5
3341	170.8
3342	33.6
3343	74.4
3344	82.1
3345	12.7
3346	40.7
3347	41.8
3348	13.2
3349	31.1
3350	136.1
3351	45.1
3352	96.6
3353	62.4
3354	44.2
3355	88.7
3356	92.3
3357	29.2
3358	36.1
3359	68.9
3360	164.8
3361	57.8
3362	24
3363	79.4
3364	31.2
3365	65.6
3366	74.3
3367	79.5
3368	25.5
3369	33.6
3370	32
3371	87.5
3372	52.7
3373	86.8
3374	86.9
3375	26.7
3376	106.9
3377	25.8
3378	25.2
3379	38.5
3380	109.2
3381	97.3
3382	26.4
3383	86.8
3384	111.1
3385	104.5
3386	103.5
3387	31.1
3388	24.6
3389	142.8
3390	135.8
3391	92.3
3392	117.5
3393	36.4
3394	172.2
3395	125.7
3396	107.5
3397	171.3
3398	41.1
3399	20.7
3400	323.8
3401	239.2
3402	176.1
3403	170.3
3404	184.1
3405	182.8
3406	319.7
3407	121.7
3408	299.3
3409	152
3410	0
3411	0
3412	244.4
3413	246.1
3414	266
3415	138.8
3416	15
3417	259.5
3418	197
3419	0
3420	12.1
3421	0.1
3422	223.5
3423	117.6
3424	214.6
3425	364.3
3426	168.8
3427	10.9
3428	32.9
3429	681
3430	31.3
3431	179.2
3432	497.4
3433	165.8
3434	264.5
3435	0.3
3436	211.4
3437	142.8
3438	0.2
3439	0.3
3440	181.2
3441	259.9
3442	0.5
3443	127.5
3444	118.6
3445	0.2
3446	1.1
3447	0.2
3448	2.3
3449	156.8
3450	0.3
3451	228
3452	184.5
3453	223.5
3454	133.4
3455	111.6
3456	31.9
3457	156.6
3458	108.4
3459	7.7
3460	240.4
3461	27.2
3462	190.1
3463	279.8
3464	7.5
3465	19.9
3466	100.5
3467	105.5
3468	147.3
3469	77.8
3470	146.6
3471	178.2
3472	46.8
3473	116.5
3474	217.6
3475	0.2
3476	0.2
3477	147.5
3478	188.6
3479	0
3480	118.7
3481	118.9
3482	28.5
3483	29.9
3484	99.5
3485	33.4
3486	0.1
3487	254.6
3488	36.3
3489	117
3490	73.9
3491	0.7
3492	100.6
3493	29.7
3494	178.9
3495	299.6
3496	33.4
3497	22.7
3498	19.6
3499	162.3
3500	31.1
3501	76.5
3502	40.3
3503	0
3504	0
3505	89.5
3506	257.9
3507	0
3508	108.3
3509	85.2
3510	0.1
3511	122.5
3512	90.5
3513	224.7
3514	61.8
3515	248.9
3516	88.2
3517	83.9
3518	118.3
3519	141.3
3520	3.1
3521	1.9
3522	712.1
3523	145.3
3524	113.9
3525	123.8
3526	61.9
3527	121.8
3528	503.4
3529	156.4
3530	157.7
3531	793.1
3532	141.4
3533	5.9
3534	8
3535	263.3
3536	452.1
3537	54
3538	3.3
3539	380.9
3540	933.4
3541	401.6
3542	631.9
3543	326.1
3544	304.8
3545	885
3546	295.1
3547	189
3548	640.9
3549	230.1
3550	178.5
3551	198.9
3552	231
3553	279.8
3554	257.8
3555	598.5
3556	238.4
3557	60.6
3558	1070.6
3559	37.9
3560	363.3
3561	122.9
3562	94.9
3563	499.8
3564	143.4
3565	245.4
3566	112.7
3567	397.1
3568	498
3569	447.4
3570	363.7
3571	374.8
3572	93.2
3573	559.8
3574	336.9
3575	208.7
3576	1068.1
3577	961.6
3578	459.2
3579	106.6
3580	100.9
3581	32.6
3582	807.1
3583	54.9
3584	1592
3585	127.4
3586	1117.9
3587	56.3
3588	87.9
3589	34.5
3590	39.2
3591	205.2
3592	46.9
3593	25.7
3594	124.8
