"COMID"	"Value"
1	14
2	7.5
3	41.5
4	8.6
5	14.7
6	0
7	9.1
8	10.5
9	5.8
10	0
11	15.3
12	6
13	0.1
14	117.5
15	14.3
16	14.8
17	10.9
18	3
19	30.2
20	22.6
21	21
22	59.5
23	0
24	5.6
25	25.8
26	0.9
27	11.1
28	19.7
29	6.7
30	0
31	21.7
32	9
33	93.7
34	5.6
35	1.6
36	7.2
37	60
38	0
39	5.6
40	148.9
41	88.6
42	9.1
43	146.6
44	19.6
45	7
46	0.1
47	2.3
48	69.7
49	19.6
50	7.6
51	5.6
52	0.9
53	8.2
54	76
55	79.9
56	32.4
57	151.9
58	5.6
59	8
60	5.6
61	6.2
62	6.1
63	11.4
64	7.9
65	5.6
66	0.9
67	48.9
68	2.2
69	1.4
70	1
71	0
72	45.8
73	5.6
74	5.7
75	1
76	1
77	0.1
78	1.3
79	60.9
80	1
81	0.7
82	0
83	24.6
84	0
85	25.4
86	2.5
87	5.6
88	5.6
89	1.1
90	8
91	7.7
92	52.2
93	21.5
94	6.2
95	9.2
96	7.5
97	59.3
98	0
99	1.2
100	57.2
101	3.2
102	15
103	5.6
104	0.1
105	7.5
106	57.6
107	1.4
108	0
109	7.5
110	7.5
111	0
112	48.7
113	1
114	44.4
115	5.6
116	2.8
117	44.8
118	53.7
119	0
120	3.8
121	0.9
122	14.1
123	0
124	46.6
125	16.8
126	56.2
127	1.4
128	71.2
129	5.6
130	1
131	2
132	1
133	44.8
134	8.7
135	47.7
136	7.2
137	88.8
138	1
139	1
140	10.5
141	6.5
142	1
143	0
144	4.2
145	1
146	37.6
147	12.8
148	106.9
149	47.9
150	58.4
151	0.2
152	37.5
153	1
154	33.5
155	0
156	1
157	80.9
158	1
159	2
160	29.4
161	1
162	1
163	0.9
164	1
165	0
166	1
167	45.3
168	0
169	70.4
170	14.7
171	2.5
172	1
173	1
174	7.5
175	0.9
176	79.5
177	2
178	11
179	34.5
180	1
181	0
182	4.4
183	0
184	1
185	1
186	5.3
187	6.1
188	1
189	1
190	6.7
191	1
192	21.8
193	1
194	71.6
195	0.1
196	1
197	2
198	1
199	31.8
200	1
201	1
202	1
203	1
204	1
205	1
206	1.1
207	1.3
208	53.3
209	29.7
210	2.6
211	12.1
212	36
213	26
214	1
215	43.9
216	6.5
217	2
218	1.5
219	2
220	1
221	0
222	42.2
223	46.8
224	0
225	2
226	30.1
227	0
228	30.3
229	1
230	0
231	2.1
232	3.5
233	46.9
234	0.7
235	0
236	16.7
237	0.9
238	1.7
239	28.6
240	4.3
241	24.5
242	0
243	0
244	34.5
245	31.1
246	32.5
247	0
248	0
249	0
250	37.5
251	37.1
252	50
253	3.6
254	0
255	0
256	0
257	0
258	0.1
259	0
260	0
261	34.8
262	26.8
263	0
264	0
265	0
266	21.1
267	33.9
268	23.2
269	53.3
270	0
271	2.3
272	23.7
273	24.5
274	0
275	17
276	0
277	1
278	16.9
279	0
280	12.4
281	20.4
282	16.4
283	1
284	1.1
285	0
286	12.7
287	74.8
288	1
289	1
290	1
291	11.7
292	1
293	0
294	23.8
295	1
296	6.9
297	18.5
298	0
299	0.2
300	21.6
301	1
302	22.2
303	5.7
304	1
305	16.3
306	1.1
307	27.3
308	0.9
309	1
310	4.8
311	23.8
312	19.1
313	7.8
314	1
315	1
316	1
317	0
318	1.3
319	0
320	25.8
321	1
322	5.7
323	18.2
324	1
325	0
326	17.4
327	1
328	1
329	1
330	0
331	1
332	1
333	1
334	1
335	0.1
336	1
337	0.1
338	1
339	1
340	1
341	1
342	0
343	1
344	0
345	1
346	0.1
347	1
348	1.1
349	1
350	1
351	1
352	1
353	1
354	1
355	0
356	1
357	0
358	1
359	0
360	1
361	1
362	1
363	1
364	0
365	0.9
366	5.9
367	0
368	19.7
369	0
370	1
371	0
372	5.6
373	6.2
374	0
375	24.2
376	27.7
377	1
378	6.1
379	0
380	1
381	0
382	0
383	1.1
384	0
385	0
386	0
387	45.7
388	0.9
389	2
390	43
391	5.6
392	2
393	0
394	5.6
395	0
396	0.1
397	0
398	5.6
399	0.2
400	5.6
401	1.6
402	0
403	0.1
404	0
405	0
406	132.9
407	0.2
408	0
409	0
410	34.4
411	1.6
412	0
413	153.1
414	0
415	0.1
416	0
417	0
418	0.1
419	7.9
420	0
421	0.1
422	0.1
423	2.3
424	49.6
425	14
426	0.1
427	134.1
428	47
429	1.1
430	113.9
431	0.1
432	5.6
433	9.1
434	5.8
435	5.6
436	6.4
437	0.2
438	17
439	0.1
440	1
441	91
442	4.8
443	20
444	5.7
445	48.9
446	5.6
447	50.5
448	30.7
449	5.6
450	6.5
451	0.1
452	33.1
453	0.1
454	5.6
455	12.9
456	5.6
457	2.9
458	34.1
459	23.3
460	5.6
461	51.2
462	41.7
463	7.5
464	1
465	43
466	0.1
467	70.8
468	1
469	6.6
470	1
471	1
472	1.1
473	2.8
474	1
475	0
476	0
477	52.7
478	1
479	11.2
480	2.6
481	0.1
482	0.1
483	9.3
484	5.6
485	5.4
486	0.2
487	16.3
488	1
489	0.1
490	0.9
491	61.3
492	4.4
493	0.1
494	109.3
495	0.2
496	0
497	49.3
498	18.4
499	0
500	18.9
501	115.1
502	123.3
503	5.6
504	5.6
505	4.4
506	19.2
507	18.9
508	4
509	11.7
510	108.8
511	32.1
512	73
513	0
514	4.2
515	0
516	5.6
517	20.6
518	5.7
519	6.1
520	0.1
521	71.6
522	5.6
523	0
524	7.3
525	71.2
526	6.3
527	101.8
528	5.6
529	0
530	73.3
531	23.3
532	23.5
533	112.7
534	4.6
535	107.7
536	3.9
537	0
538	0
539	0.9
540	5.6
541	25.3
542	22.9
543	13.5
544	0
545	0
546	34.1
547	28
548	0
549	0.1
550	0.8
551	20.3
552	27
553	1
554	0
555	5.6
556	31.2
557	5.8
558	0
559	25.7
560	21
561	1.3
562	27.4
563	0
564	14.5
565	42.2
566	22.6
567	5.6
568	21
569	7.5
570	0
571	1.3
572	15.9
573	5.8
574	37.4
575	5.6
576	0
577	0
578	44.6
579	159.9
580	16.7
581	0
582	35
583	5.6
584	5.6
585	0
586	36.2
587	22.8
588	8.8
589	31.6
590	0
591	32.5
592	273.8
593	16.2
594	8.5
595	24.2
596	5.6
597	0
598	5.6
599	23.6
600	6.8
601	5.6
602	0
603	0.6
604	21.4
605	0
606	18.3
607	5.6
608	5.9
609	0
610	5.6
611	0.9
612	0
613	0
614	37.9
615	0.2
616	0
617	36.9
618	0.3
619	17
620	7.9
621	18.1
622	67.4
623	87.2
624	49.5
625	5.6
626	5.6
627	22.2
628	5.6
629	13.7
630	65.7
631	5.6
632	0.5
633	20.1
634	0
635	20.4
636	11.5
637	10.5
638	5.6
639	0.5
640	0.2
641	53.4
642	0
643	49.7
644	0
645	0.6
646	26.4
647	5.6
648	2
649	42.4
650	5.6
651	94.9
652	5.6
653	0
654	5.6
655	0
656	5.6
657	75.2
658	1
659	49.2
660	0.1
661	1
662	15.8
663	57.1
664	5.6
665	5.6
666	5.6
667	1
668	44.5
669	1.1
670	5.6
671	5.6
672	5.6
673	14.6
674	0.2
675	59.4
676	22.3
677	61.5
678	7.1
679	5.6
680	0.1
681	37.8
682	28.3
683	53
684	35.5
685	5.6
686	110
687	0
688	39.8
689	5.6
690	20.3
691	0.9
692	76.2
693	6.5
694	0.2
695	0.9
696	88.6
697	5.6
698	48.5
699	24
700	36.7
701	0.2
702	85.2
703	26.4
704	15
705	45.8
706	6.5
707	118.6
708	32
709	63.6
710	21.6
711	0.1
712	0.7
713	19.8
714	5.7
715	10.9
716	0
717	1.3
718	68.8
719	14.3
720	19.5
721	5.6
722	38
723	62.1
724	47.7
725	5.6
726	0
727	0.2
728	72.1
729	0.2
730	20.4
731	8.8
732	0.1
733	9.7
734	16.9
735	0.6
736	6.6
737	21
738	14.1
739	30.9
740	58.3
741	36.5
742	3.9
743	27.7
744	0
745	0
746	17.8
747	16.4
748	0
749	64.1
750	5.6
751	10.6
752	10.9
753	24.2
754	64.6
755	22
756	11.3
757	8
758	22.6
759	5.6
760	13.4
761	5.6
762	15.9
763	14.8
764	67.6
765	19.3
766	0.1
767	26.8
768	19.6
769	154.6
770	17.4
771	5.8
772	19.4
773	7.8
774	9.4
775	0.9
776	8.4
777	13.9
778	11.9
779	0
780	199.9
781	12.9
782	228.3
783	157.3
784	260.5
785	250.8
786	155.3
787	236.8
788	117.7
789	154.1
790	170.7
791	136.4
792	145.6
793	143.2
794	191.7
795	228.6
796	107.1
797	208.8
798	89.2
799	122
800	140.4
801	121.1
802	95.6
803	122.6
804	91.4
805	77.9
806	109.9
807	62.6
808	101.7
809	175.9
810	231.8
811	72.3
812	189.1
813	106.8
814	92.2
815	108.1
816	90.6
817	86.2
818	176.8
819	268.3
820	75.9
821	87.7
822	105.9
823	82
824	209.4
825	79.7
826	243.3
827	161.7
828	128.8
829	92.9
830	188.5
831	84.4
832	153.6
833	85.2
834	154
835	100.1
836	152
837	41.4
838	92
839	85.6
840	119.9
841	90.5
842	65.3
843	14.8
844	152.6
845	88.8
846	87.4
847	118.4
848	90.4
849	69
850	156.4
851	132.5
852	76.5
853	97.1
854	105.1
855	79.4
856	85.4
857	92.2
858	157.4
859	77.6
860	70.8
861	122
862	7.5
863	96.9
864	83.9
865	109.5
866	66.8
867	60.6
868	163.9
869	82.2
870	31.3
871	76.7
872	82.4
873	9.1
874	73.7
875	116.3
876	80.9
877	101
878	93.7
879	130
880	78.8
881	82
882	92.4
883	55.7
884	106.2
885	94.4
886	6.7
887	69.7
888	67.3
889	77.3
890	85.1
891	90.8
892	80.1
893	96.1
894	6.9
895	89.4
896	119.7
897	85
898	79.8
899	95.3
900	86.8
901	85.2
902	167.1
903	121.7
904	96.3
905	79.7
906	136.7
907	111.7
908	72.7
909	72.2
910	0
911	91
912	79.7
913	114.6
914	74.9
915	0
916	73.4
917	92
918	77.3
919	104.9
920	93.3
921	75.7
922	101.4
923	19.4
924	74.8
925	101.8
926	104.4
927	77.4
928	1.2
929	85.4
930	104.9
931	73.5
932	2.6
933	83.5
934	0
935	90.9
936	100.5
937	193.8
938	178.9
939	78.9
940	109.5
941	162.4
942	124.3
943	0
944	197.7
945	101.7
946	111
947	0
948	73.7
949	111.6
950	118.6
951	101.1
952	105.5
953	2
954	2.3
955	95
956	82.4
957	117.6
958	2.2
959	106.3
960	89
961	111.8
962	114.9
963	79.5
964	0
965	108.1
966	117.1
967	0
968	90.7
969	110.6
970	37.6
971	118.3
972	114.2
973	96.5
974	92.8
975	188.5
976	124.1
977	165.7
978	1.5
979	111.2
980	99.9
981	105.5
982	94
983	110.1
984	132.5
985	164.3
986	142.8
987	1.4
988	159.8
989	94.2
990	0
991	101.1
992	0
993	182.8
994	98.6
995	213.5
996	110.2
997	156.9
998	1.8
999	97.7
1000	0
1001	2.5
1002	163.2
1003	0
1004	101.3
1005	2
1006	149.3
1007	0
1008	1.3
1009	0
1010	106.9
1011	90.1
1012	142
1013	3.1
1014	135.4
1015	1.3
1016	0
1017	179.8
1018	2.4
1019	3.2
1020	114.6
1021	94.8
1022	115.6
1023	133.4
1024	160.3
1025	110.4
1026	115
1027	116.9
1028	108.6
1029	3.3
1030	0.3
1031	0
1032	0
1033	0.5
1034	108.1
1035	0.2
1036	88.8
1037	99.6
1038	97.5
1039	2
1040	3.9
1041	114.9
1042	2.9
1043	0
1044	1.2
1045	3.3
1046	1.9
1047	161.1
1048	137.5
1049	112.2
1050	0
1051	84.7
1052	108.2
1053	3.3
1054	103.2
1055	124.4
1056	99.7
1057	0.3
1058	99.6
1059	0.5
1060	113.7
1061	0
1062	118
1063	164.1
1064	0.1
1065	0.7
1066	141.3
1067	0.4
1068	0.4
1069	0.1
1070	125.6
1071	110.2
1072	0.3
1073	0.1
1074	116
1075	0
1076	121
1077	0.4
1078	126.4
1079	125.5
1080	2.1
1081	0.3
1082	130.5
1083	0.4
1084	110.5
1085	112.7
1086	122.9
1087	0
1088	0.3
1089	0.7
1090	117.1
1091	147.1
1092	0.2
1093	3.6
1094	0.1
1095	6.2
1096	8.4
1097	164.1
1098	7.9
1099	0
1100	0
1101	0.2
1102	116
1103	0.2
1104	1.9
1105	6.4
1106	1.5
1107	0.3
1108	1
1109	114
1110	0.2
1111	0.3
1112	122.8
1113	162.5
1114	104.6
1115	2.1
1116	4.2
1117	134.7
1118	2.5
1119	1.9
1120	5.9
1121	1.2
1122	5.3
1123	7.1
1124	116.9
1125	5.4
1126	149
1127	3.6
1128	139.6
1129	120.1
1130	1.1
1131	0.2
1132	129.8
1133	151
1134	0.7
1135	0
1136	0.2
1137	1.3
1138	1.1
1139	2.7
1140	127.3
1141	6.8
1142	0.1
1143	120.3
1144	8
1145	2.8
1146	3.9
1147	3.7
1148	136.6
1149	4.2
1150	3.5
1151	5.3
1152	132
1153	106.6
1154	0
1155	0
1156	127.4
1157	4
1158	0
1159	96.6
1160	9.2
1161	0.1
1162	3.7
1163	2.3
1164	148.8
1165	0
1166	127.6
1167	129.7
1168	137.7
1169	150.6
1170	144.2
1171	3.7
1172	109.3
1173	3.1
1174	182.1
1175	1.4
1176	65.7
1177	0
1178	4.6
1179	163.4
1180	1.3
1181	4.3
1182	8.6
1183	0.1
1184	0
1185	116.6
1186	99.9
1187	3.3
1188	5.5
1189	4.8
1190	5.4
1191	109.4
1192	5.2
1193	125
1194	6.6
1195	147.7
1196	5.1
1197	0
1198	0.1
1199	108.4
1200	26.4
1201	6.8
1202	1.8
1203	0
1204	2.6
1205	10.3
1206	0.3
1207	1.6
1208	0.3
1209	7.2
1210	140.4
1211	143.3
1212	0
1213	106
1214	92.9
1215	3.2
1216	114.6
1217	99.1
1218	0.1
1219	0.3
1220	87.3
1221	7.8
1222	10.5
1223	7
1224	6.2
1225	131.6
1226	94.9
1227	116.5
1228	1.6
1229	5.2
1230	88.4
1231	0.2
1232	88.8
1233	5.8
1234	2.4
1235	2.9
1236	0.1
1237	171.7
1238	130.8
1239	0
1240	6
1241	127.7
1242	83.1
1243	6.1
1244	7.7
1245	135.3
1246	103.9
1247	72.4
1248	28.3
1249	184.4
1250	95
1251	2.6
1252	0
1253	7.5
1254	2.6
1255	0
1256	92.3
1257	10.8
1258	8.7
1259	0
1260	117.9
1261	108.2
1262	0.3
1263	11.8
1264	13.7
1265	183
1266	92.5
1267	0
1268	98.2
1269	28.9
1270	127.8
1271	15.7
1272	3.4
1273	16.4
1274	100.6
1275	5.5
1276	94.7
1277	83.1
1278	152.2
1279	26.9
1280	0.1
1281	7.4
1282	0
1283	274.4
1284	30.8
1285	18.5
1286	262.1
1287	3.9
1288	8.2
1289	81.3
1290	8.6
1291	114.6
1292	5.2
1293	26
1294	3.7
1295	125.1
1296	0.3
1297	31.1
1298	103.7
1299	7.3
1300	11
1301	0
1302	9
1303	10.6
1304	33.8
1305	301.7
1306	0
1307	140.6
1308	8.8
1309	0
1310	116.2
1311	117.3
1312	119.3
1313	7.7
1314	122.1
1315	0
1316	111.8
1317	102.5
1318	7.7
1319	116.8
1320	117.2
1321	0.2
1322	0
1323	0
1324	10.6
1325	89.8
1326	0.2
1327	0.2
1328	107.2
1329	31.7
1330	134.5
1331	98.5
1332	25.9
1333	64
1334	133.5
1335	1.9
1336	96.1
1337	0.3
1338	0.3
1339	7.1
1340	17.4
1341	133.2
1342	104.8
1343	0
1344	0.1
1345	7.4
1346	0
1347	164.3
1348	114.9
1349	9.4
1350	0
1351	121
1352	30
1353	108.7
1354	0.2
1355	111.8
1356	28
1357	82.6
1358	105.7
1359	15.8
1360	0.2
1361	8
1362	89.4
1363	0
1364	0.3
1365	124.7
1366	0.3
1367	0
1368	105.7
1369	0.2
1370	2
1371	0.2
1372	5.3
1373	86.1
1374	0.3
1375	122
1376	30.3
1377	13.8
1378	16.7
1379	19.9
1380	115.9
1381	0
1382	96.7
1383	0.2
1384	8.7
1385	28.6
1386	102.5
1387	0.4
1388	0.4
1389	0.3
1390	99.9
1391	255.6
1392	111
1393	0.2
1394	0.1
1395	119.6
1396	0
1397	234.4
1398	0.1
1399	0
1400	80.7
1401	0.4
1402	0.3
1403	96.2
1404	8.8
1405	0.2
1406	0.7
1407	0
1408	0.2
1409	129.9
1410	0.2
1411	124.4
1412	0.2
1413	104.4
1414	4.1
1415	162.1
1416	96.2
1417	0.3
1418	104.4
1419	0.7
1420	19.7
1421	1.4
1422	0.4
1423	48.6
1424	119.9
1425	0.3
1426	133.9
1427	4.1
1428	1.4
1429	0.8
1430	104.5
1431	102.4
1432	0.5
1433	98.7
1434	0.3
1435	109.3
1436	0
1437	0.2
1438	0.5
1439	5.4
1440	98.9
1441	92.8
1442	0.4
1443	84.9
1444	0.6
1445	0.1
1446	173.4
1447	0.2
1448	166.6
1449	0
1450	0.2
1451	0.6
1452	0
1453	120.2
1454	42.7
1455	0.2
1456	0.3
1457	104.5
1458	110.1
1459	13.1
1460	0.7
1461	94
1462	0.2
1463	0.3
1464	0.3
1465	0.6
1466	181.2
1467	0.5
1468	0.2
1469	113.9
1470	118.8
1471	0.2
1472	0.4
1473	192.8
1474	0.4
1475	187.3
1476	0.2
1477	0.4
1478	145.6
1479	122.1
1480	0.2
1481	89.2
1482	92.9
1483	0.3
1484	0.3
1485	43.6
1486	0.6
1487	0.2
1488	118.1
1489	103.4
1490	0.3
1491	65.1
1492	123.5
1493	189.9
1494	164.8
1495	0.1
1496	97.6
1497	93.1
1498	0.5
1499	118.5
1500	9.8
1501	128
1502	140.5
1503	0.3
1504	0.2
1505	102.8
1506	149.8
1507	0.2
1508	0.3
1509	47.5
1510	0.3
1511	0.3
1512	0.2
1513	138.2
1514	0.4
1515	0.9
1516	0.4
1517	206.4
1518	0.2
1519	170.3
1520	0.2
1521	0.3
1522	1.3
1523	0.5
1524	0.4
1525	0.3
1526	0.5
1527	113.7
1528	0.4
1529	182.9
1530	167.6
1531	0.3
1532	0.5
1533	0.5
1534	128
1535	29.4
1536	130.7
1537	0.5
1538	38
1539	0.5
1540	0.4
1541	0.4
1542	0.4
1543	81.6
1544	0.2
1545	0.2
1546	33.1
1547	110.5
1548	0.1
1549	0.3
1550	0.5
1551	0.3
1552	100.1
1553	146.3
1554	71.6
1555	133.6
1556	199.7
1557	0.7
1558	0.3
1559	94.7
1560	5.9
1561	0.1
1562	0.6
1563	1.3
1564	0.1
1565	82
1566	1
1567	0.5
1568	0.2
1569	156.8
1570	136
1571	0.1
1572	0.3
1573	118.4
1574	1.4
1575	153.8
1576	141.5
1577	126.7
1578	0.4
1579	0.4
1580	131
1581	196.7
1582	133.4
1583	101
1584	31.9
1585	125.4
1586	125.4
1587	0.2
1588	174.8
1589	0.5
1590	3.4
1591	0.3
1592	166.9
1593	1.6
1594	105
1595	142.2
1596	138.2
1597	0.1
1598	149.7
1599	184
1600	180.7
1601	56.7
1602	113.3
1603	186.1
1604	155.3
1605	15.1
1606	0.3
1607	0.5
1608	173.2
1609	0.5
1610	129.3
1611	1.9
1612	158.8
1613	174.4
1614	141.1
1615	184.6
1616	174.5
1617	0.5
1618	144.1
1619	4.4
1620	188.9
1621	154.3
1622	250.3
1623	0.4
1624	121.3
1625	133.4
1626	228.6
1627	0.2
1628	127.9
1629	0.5
1630	240.7
1631	85.7
1632	120.8
1633	0.4
1634	127.2
1635	116.5
1636	157.6
1637	196.4
1638	127
1639	4.2
1640	0.5
1641	124.9
1642	136.2
1643	189.3
1644	0.7
1645	107.1
1646	181.2
1647	0.3
1648	6.2
1649	0.9
1650	7.8
1651	215.6
1652	159.6
1653	9.2
1654	197.1
1655	164.7
1656	200.3
1657	98.4
1658	183.4
1659	205.2
1660	111.7
1661	17.3
1662	0.3
1663	157.9
1664	8.3
1665	6.1
1666	209.4
1667	144.4
1668	185
1669	90
1670	14.2
1671	144.2
1672	133.6
1673	191.5
1674	150.5
1675	117.5
1676	21.3
1677	9.9
1678	4.7
1679	120.1
1680	180.6
1681	113.2
1682	3.8
1683	73.4
1684	173.2
1685	67.8
1686	79.2
1687	122.6
1688	122.4
1689	13.6
1690	193.6
1691	13.6
1692	125.2
1693	9.2
1694	103.9
1695	180.1
1696	0.3
1697	243
1698	3.5
1699	19.1
1700	108.1
1701	123.6
1702	211.4
1703	148.7
1704	0.2
1705	9.9
1706	124.7
1707	4.7
1708	4.3
1709	172.3
1710	20.7
1711	12.8
1712	113.5
1713	101.7
1714	129
1715	157.7
1716	75.8
1717	144.9
1718	21.9
1719	75.1
1720	109
1721	142.7
1722	70.9
1723	123
1724	71.4
1725	156.7
1726	95
1727	260.6
1728	109.1
1729	10.8
1730	102.7
1731	21.2
1732	92.7
1733	168.1
1734	11.1
1735	116
1736	8.4
1737	172.3
1738	72.8
1739	108.6
1740	0.2
1741	10.1
1742	15.5
1743	69.8
1744	104.8
1745	133.7
1746	143.7
1747	99.6
1748	104.3
1749	100.5
1750	68.3
1751	114.2
1752	101.9
1753	159.4
1754	129.4
1755	108.1
1756	104.2
1757	225
1758	152.3
1759	115.2
1760	120.6
1761	117.2
1762	140.6
1763	99.8
1764	205.5
1765	9.1
1766	134.4
1767	109.3
1768	0.2
1769	130.1
1770	239.4
1771	155.5
1772	0.2
1773	159.1
1774	122
1775	0.1
1776	95.5
1777	151.3
1778	8.9
1779	12.2
1780	7.3
1781	101.5
1782	109.1
1783	131.5
1784	78.8
1785	109.8
1786	133.2
1787	247.2
1788	162.6
1789	92.9
1790	6.1
1791	115.3
1792	123.7
1793	198.5
1794	71.2
1795	124.7
1796	136.5
1797	182.1
1798	106.8
1799	0.1
1800	184.4
1801	144.2
1802	129.5
1803	0.2
1804	94.1
1805	6.3
1806	158.9
1807	129
1808	86.6
1809	140.1
1810	214.9
1811	134.8
1812	0
1813	225.5
1814	146.1
1815	99.4
1816	109.6
1817	134.8
1818	107.2
1819	186.8
1820	204.7
1821	154.2
1822	147.4
1823	155.5
1824	0.1
1825	182.1
1826	171.6
1827	109.6
1828	122.8
1829	181.3
1830	0.2
1831	211.7
1832	0.1
1833	142.9
1834	0
1835	146.9
1836	146.4
1837	0
1838	0.1
1839	196.9
1840	151.7
1841	119.8
1842	195.4
1843	248.8
1844	128.1
1845	118.5
1846	0
1847	153.4
1848	243.8
1849	209.6
1850	198.2
1851	196.1
1852	138.1
1853	179.2
1854	211.7
1855	193.6
1856	118.6
1857	0.1
1858	183.6
1859	104.2
1860	135.4
1861	0.1
1862	180.9
1863	0
1864	138.7
1865	193.9
1866	280.2
1867	0.1
1868	178.4
1869	218.2
1870	42.3
1871	162.2
1872	136
1873	169.4
1874	257.1
1875	0.1
1876	182.6
1877	0.1
1878	0
1879	264.5
1880	263.9
1881	147.4
1882	0
1883	264.4
1884	173.5
1885	142.5
1886	151.8
1887	0.1
1888	140.9
1889	0.4
1890	257.7
1891	40.7
1892	137.8
1893	113.9
1894	137.6
1895	109.8
1896	120.5
1897	176.3
1898	220
1899	134.8
1900	0.1
1901	231.2
1902	123.5
1903	137.4
1904	174.7
1905	118.5
1906	0
1907	0
1908	92.7
1909	31.9
1910	31.2
1911	135.6
1912	112.4
1913	0.1
1914	98.3
1915	0
1916	128.1
1917	116.1
1918	97.7
1919	0
1920	0
1921	155.3
1922	0.2
1923	0.2
1924	0
1925	169.6
1926	119
1927	162.9
1928	99.4
1929	0
1930	0.1
1931	0
1932	102.3
1933	140.7
1934	135.4
1935	0.1
1936	167.4
1937	0.2
1938	193.6
1939	161.1
1940	0.1
1941	143.3
1942	78.7
1943	0.2
1944	144.1
1945	0
1946	0.4
1947	0.3
1948	0
1949	112.5
1950	160.5
1951	0.1
1952	50.8
1953	49.8
1954	0.3
1955	58.9
1956	140.3
1957	188
1958	0
1959	62.6
1960	125.1
1961	81.8
1962	114.7
1963	0.2
1964	0.4
1965	0.2
1966	106.6
1967	30.9
1968	104.5
1969	0.1
1970	165.7
1971	0.5
1972	0.3
1973	0.2
1974	157.9
1975	46.8
1976	46.1
1977	40.9
1978	198.5
1979	180.3
1980	0.3
1981	142.9
1982	165.8
1983	0.5
1984	0.3
1985	51.8
1986	88.7
1987	162.6
1988	38.1
1989	129.2
1990	142.8
1991	0.2
1992	0.1
1993	46.7
1994	190.6
1995	153.7
1996	0.1
1997	58.1
1998	209
1999	0.1
2000	78.6
2001	140
2002	47.2
2003	37.6
2004	0.1
2005	0.2
2006	53.5
2007	0.4
2008	14.9
2009	0.1
2010	41.3
2011	155.3
2012	0.2
2013	72.2
2014	131.7
2015	79.9
2016	0.2
2017	0.1
2018	58.7
2019	0.1
2020	0.1
2021	34.5
2022	44
2023	47.9
2024	133.7
2025	177.6
2026	0.1
2027	43.7
2028	190.9
2029	119.9
2030	0.4
2031	68.9
2032	9.3
2033	0.2
2034	0.1
2035	38.9
2036	121.1
2037	136.8
2038	138.3
2039	0.1
2040	0.2
2041	146.4
2042	56.9
2043	123.2
2044	173.3
2045	0.2
2046	0.2
2047	46.9
2048	0.2
2049	0.1
2050	134.8
2051	19.9
2052	0.2
2053	27.3
2054	49.1
2055	65.1
2056	146.8
2057	74.3
2058	142.6
2059	0.2
2060	42
2061	10.6
2062	208.7
2063	0.1
2064	26.9
2065	0.1
2066	0
2067	81.2
2068	0
2069	201.5
2070	38.4
2071	45.1
2072	0.1
2073	102.5
2074	128.1
2075	0.1
2076	150.6
2077	0.1
2078	95.2
2079	0.3
2080	0
2081	130.9
2082	0.1
2083	26.1
2084	89.6
2085	0.1
2086	84
2087	0
2088	261.7
2089	75.4
2090	183.4
2091	71.5
2092	108.1
2093	109.2
2094	0.1
2095	27.4
2096	0.2
2097	36.6
2098	131.8
2099	118.5
2100	138
2101	0
2102	103.2
2103	0.1
2104	0
2105	0.1
2106	0.1
2107	0.1
2108	141.6
2109	0
2110	0
2111	0
2112	185.2
2113	79.1
2114	0
2115	157.4
2116	170
2117	86.7
2118	60.9
2119	32.6
2120	264.2
2121	25.1
2122	107.1
2123	0.2
2124	166.3
2125	59.2
2126	0
2127	20.9
2128	0.1
2129	0
2130	0.1
2131	106.9
2132	157.2
2133	0.2
2134	0
2135	55.2
2136	364.3
2137	34
2138	39.9
2139	138.2
2140	0
2141	185
2142	73.1
2143	0
2144	0
2145	133.1
2146	35.8
2147	31.4
2148	102.5
2149	0.1
2150	72.4
2151	0.1
2152	110.7
2153	502.8
2154	115
2155	0
2156	0.1
2157	0
2158	43.7
2159	25.3
2160	505.7
2161	0.1
2162	0.1
2163	131.9
2164	0.3
2165	52.8
2166	0
2167	0
2168	0.2
2169	101.8
2170	0.1
2171	0.2
2172	0.1
2173	113.5
2174	0
2175	35.4
2176	0.1
2177	358.9
2178	70.4
2179	0.1
2180	37.8
2181	437.3
2182	0.1
2183	0.1
2184	0
2185	126.6
2186	37.7
2187	29.8
2188	0
2189	0.1
2190	50.4
2191	0.1
2192	0
2193	0.1
2194	169.5
2195	39.8
2196	0
2197	267
2198	0
2199	413.5
2200	0.1
2201	22
2202	37.1
2203	0.1
2204	0
2205	0.1
2206	35
2207	35.7
2208	31.6
2209	0.1
2210	267.2
2211	0.1
2212	66.4
2213	126.8
2214	0
2215	39.2
2216	28.1
2217	0.1
2218	0
2219	255.3
2220	26
2221	0
2222	290.7
2223	0
2224	0
2225	43
2226	36.9
2227	286.8
2228	0
2229	0
2230	66
2231	0
2232	52
2233	0.1
2234	203
2235	0
2236	0.1
2237	0.1
2238	0.1
2239	25.8
2240	0
2241	47.4
2242	0.1
2243	0.1
2244	0
2245	225.8
2246	0
2247	0.4
2248	351.1
2249	56.3
2250	0
2251	19.8
2252	175.1
2253	0.2
2254	25.6
2255	0.2
2256	136.6
2257	40.1
2258	0
2259	288.1
2260	0.1
2261	0
2262	0
2263	359.2
2264	306
2265	269.8
2266	0
2267	0
2268	103.1
2269	38.3
2270	0.2
2271	96.2
2272	0
2273	49.9
2274	0.3
2275	132.9
2276	88.1
2277	0
2278	0.1
2279	0
2280	0.1
2281	0.3
2282	414.3
2283	101.2
2284	0.1
2285	276.5
2286	138.2
2287	29.8
2288	124.9
2289	0
2290	0
2291	0
2292	272.5
2293	34.8
2294	65.9
2295	165.8
2296	193.5
2297	393.7
2298	0
2299	26
2300	0.1
2301	0.2
2302	0.1
2303	0.1
2304	0.1
2305	0
2306	88.3
2307	205.3
2308	0.1
2309	74.4
2310	385.6
2311	0.9
2312	0.3
2313	0.1
2314	0.1
2315	1.5
2316	0
2317	328.5
2318	0
2319	0
2320	194.4
2321	183.5
2322	0.2
2323	0.1
2324	320.8
2325	168.1
2326	66.5
2327	0
2328	275
2329	0.1
2330	1.6
2331	0.6
2332	63.5
2333	0.1
2334	149.1
2335	1.7
2336	60.2
2337	0.3
2338	171
2339	70.4
2340	140.5
2341	72.7
2342	1.1
2343	83.3
2344	0.2
2345	196.9
2346	59.4
2347	0
2348	0.1
2349	67
2350	0.1
2351	121
2352	0.1
2353	70.4
2354	0.3
2355	115
2356	1.1
2357	0.4
2358	46.9
2359	137.2
2360	73.8
2361	55.3
2362	130.5
2363	150.5
2364	56.2
2365	69.4
2366	2.1
2367	0.7
2368	73.1
2369	42.4
2370	207.3
2371	0.3
2372	64.8
2373	57.6
2374	38.8
2375	0.5
2376	2.1
2377	63
2378	52.1
2379	79.2
2380	59.9
2381	60.3
2382	148.1
2383	3
2384	1
2385	16.6
2386	0.2
2387	0.1
2388	72.1
2389	166.1
2390	34.9
2391	67.7
2392	185
2393	2.3
2394	201
2395	63.8
2396	69
2397	0.7
2398	15.3
2399	70.7
2400	0.7
2401	61.9
2402	192.5
2403	68.2
2404	51.9
2405	82.7
2406	66
2407	3.5
2408	62.1
2409	67.4
2410	81.3
2411	99.5
2412	93.3
2413	0.3
2414	60.8
2415	125
2416	59.6
2417	71.6
2418	70.2
2419	71.5
2420	161.9
2421	5.9
2422	77.1
2423	58.8
2424	132.3
2425	39.2
2426	3.2
2427	0.4
2428	187
2429	2.6
2430	0.7
2431	101.7
2432	0.6
2433	207.3
2434	39.1
2435	0.5
2436	0.7
2437	23.7
2438	77.6
2439	336.7
2440	123.6
2441	5.5
2442	57.8
2443	86.7
2444	177.6
2445	82.9
2446	36.3
2447	108
2448	492.5
2449	1.6
2450	3.9
2451	93.3
2452	110.2
2453	459
2454	2.4
2455	1.5
2456	416.1
2457	1.3
2458	84
2459	109.2
2460	19.5
2461	491.6
2462	240
2463	27.6
2464	445.9
2465	6.5
2466	1.8
2467	95.3
2468	94.2
2469	101.6
2470	463.5
2471	96.8
2472	117.3
2473	29.5
2474	283.9
2475	85.3
2476	6.9
2477	101.7
2478	103.6
2479	4
2480	108.7
2481	138.2
2482	17.6
2483	5.8
2484	273.4
2485	108.8
2486	125.3
2487	4.8
2488	109.8
2489	405.4
2490	190.6
2491	24.1
2492	265.1
2493	4.9
2494	79.9
2495	109
2496	22.9
2497	106.2
2498	104.8
2499	18.4
2500	350.4
2501	109.7
2502	103.3
2503	93.3
2504	159.3
2505	197.1
2506	132.1
2507	4.4
2508	251
2509	5.8
2510	245.8
2511	627.2
2512	196.3
2513	99.4
2514	113.7
2515	108.2
2516	0.7
2517	35.7
2518	74.6
2519	115.7
2520	342.3
2521	107.5
2522	808.9
2523	43
2524	4.1
2525	81.1
2526	120.5
2527	100.4
2528	145
2529	155.7
2530	117.3
2531	123
2532	128.2
2533	287.2
2534	106
2535	100
2536	303.7
2537	101.7
2538	530.1
2539	636.5
2540	396.3
2541	435.5
2542	209.2
2543	148.6
2544	140.4
2545	272.6
2546	227.1
2547	96.6
2548	316.1
2549	106.1
2550	4.3
2551	60.4
2552	648.6
2553	125.9
2554	302
2555	165.3
2556	149.2
2557	181
2558	104.1
2559	95
2560	634.5
2561	117.8
2562	697.7
2563	249.6
2564	291.9
2565	430.5
2566	47.1
2567	116.1
2568	794.7
2569	159.8
2570	80.4
2571	72.4
2572	1.6
2573	14.1
2574	119.2
2575	136
2576	90.6
2577	124.8
2578	151.2
2579	145
2580	1.6
2581	339.3
2582	611.4
2583	414.1
2584	4.7
2585	342.1
2586	490
2587	159.3
2588	80.7
2589	126.6
2590	156.3
2591	153.1
2592	130.2
2593	101.9
2594	75.1
2595	4.2
2596	550.1
2597	154.1
2598	678
2599	108.2
2600	134.1
2601	137.2
2602	408.9
2603	109.4
2604	802.1
2605	115.9
2606	50.4
2607	519.4
2608	98.3
2609	433.8
2610	16.4
2611	357.6
2612	122.4
2613	145.8
2614	556.2
2615	106.1
2616	318
2617	734.4
2618	109.7
2619	2.3
2620	809.7
2621	62.1
2622	175.4
2623	482.2
2624	119.1
2625	702.2
2626	47.1
2627	115
2628	123.9
2629	3.3
2630	143.1
2631	119.2
2632	276.8
2633	162.5
2634	176.3
2635	146.8
2636	364.8
2637	2
2638	206.4
2639	142.7
2640	110.5
2641	210.4
2642	291.3
2643	941.4
2644	38.9
2645	937.2
2646	112.4
2647	63.6
2648	218.9
2649	50
2650	470.6
2651	1.9
2652	43.9
2653	173
2654	25.7
2655	123.7
2656	326.7
2657	59.6
2658	157.4
2659	327
2660	815.1
2661	256.3
2662	768.5
2663	49.3
2664	146.7
2665	60.2
2666	196.2
2667	24.1
2668	293.8
2669	165.8
2670	744.8
2671	196.4
2672	240.8
2673	4.2
2674	52.7
2675	35
2676	9.6
2677	832.1
2678	345
2679	51.3
2680	274.2
2681	290.1
2682	280.2
2683	174.8
2684	111.8
2685	139.2
2686	255.9
2687	253.8
2688	156.3
2689	268.7
2690	318.2
2691	274.6
2692	5.5
2693	489.7
2694	248
2695	1.8
2696	144
2697	2.1
2698	538.7
2699	78
2700	211.2
2701	12.1
2702	319.8
2703	111.4
2704	12.9
2705	164.9
2706	233.9
2707	54
2708	276.8
2709	195
2710	383.2
2711	249.1
2712	0.9
2713	159
2714	307.8
2715	102.6
2716	342.7
2717	180.3
2718	86.9
2719	261.2
2720	222.3
2721	126.4
2722	297.5
2723	195.7
2724	100.7
2725	282.3
2726	136.7
2727	206.8
2728	90.9
2729	156
2730	303.7
2731	0.9
2732	211.1
2733	259.5
2734	271.3
2735	127.1
2736	23.9
2737	108.4
2738	238.3
2739	114.2
2740	227.7
2741	226.3
2742	207.8
2743	101.1
2744	114.3
2745	106.4
2746	32.4
2747	93.7
2748	1.1
2749	115.8
2750	336.7
2751	508.5
2752	133.1
2753	108.8
2754	317
2755	176.5
2756	94.8
2757	135.6
2758	473.5
2759	90.3
2760	95.1
2761	87.3
2762	112.6
2763	99.6
2764	264.2
2765	211.7
2766	381.4
2767	39.4
2768	206.4
2769	89.5
2770	119.7
2771	376.4
2772	217.2
2773	47.2
2774	766.8
2775	370.8
2776	139.2
2777	408.1
2778	424
2779	133
2780	32.2
2781	127.1
2782	182.6
2783	200.4
2784	234
2785	131.9
2786	116.9
2787	307.2
2788	91.2
2789	336.4
2790	184.3
2791	304.2
2792	397.5
2793	571.7
2794	149.9
2795	80.2
2796	184.7
2797	854.1
2798	295.4
2799	124.4
2800	365.1
2801	319.2
2802	527.2
2803	71.5
2804	37.3
2805	379.9
2806	134.2
2807	871.5
2808	321.5
2809	307.5
2810	33.8
2811	419.6
2812	168.2
2813	253.6
2814	183
2815	482.2
2816	71.3
2817	116.5
2818	484
2819	255.3
2820	347.3
2821	281.9
2822	130.8
2823	249.8
2824	84.4
2825	111.7
2826	117.1
2827	32.4
2828	185.8
2829	155.5
2830	183
2831	317
2832	287.2
2833	73.9
2834	605.6
2835	375.7
2836	225.7
2837	223.2
2838	440.9
2839	278.5
2840	388.2
2841	311.9
2842	356.1
2843	124.1
2844	66.2
2845	86.4
2846	35.4
2847	477.9
2848	403.3
2849	318.4
2850	403.1
2851	316.9
2852	174.4
2853	162.2
2854	424.4
2855	170.1
2856	281.5
2857	155
2858	389.2
2859	109.9
2860	109.2
2861	249.5
2862	156.8
2863	111.5
2864	159.7
2865	404.1
2866	398.4
2867	122.7
2868	151.1
2869	216
2870	97.4
2871	343.1
2872	352.1
2873	373.8
2874	68.2
2875	159.7
2876	52.3
2877	158.1
2878	200.6
2879	88.6
2880	190.7
2881	160.2
2882	526.3
2883	126.6
2884	215.5
2885	157.7
2886	373.8
2887	128.3
2888	62.9
2889	144.1
2890	187.7
2891	384.2
2892	430.5
2893	343
2894	232.4
2895	346.3
2896	70
2897	384.2
2898	107.1
2899	428
2900	185.7
2901	94.8
2902	162.5
2903	333.7
2904	48.3
2905	141.6
2906	360.1
2907	178.2
2908	131.7
2909	654.8
2910	117.4
2911	289.5
2912	170.2
2913	652.1
2914	580
2915	101.2
2916	410.2
2917	209.2
2918	483.7
2919	84.9
2920	100.1
2921	271.5
2922	119.8
2923	128.2
2924	303.9
2925	344.4
2926	194.9
2927	55.6
2928	224.7
2929	168.6
2930	369.6
2931	210.4
2932	435.9
2933	210
2934	50.4
2935	138.1
2936	67
2937	96.6
2938	67.4
2939	159.6
2940	57
2941	115.3
2942	61.4
2943	1073.7
2944	57.6
2945	180.1
2946	235.9
2947	548.4
2948	187.3
2949	150.2
2950	126.7
2951	740.3
2952	185.3
2953	1034.4
2954	246.4
2955	770.8
2956	475.6
2957	223.5
2958	204.7
2959	93.7
2960	213.2
2961	131.9
2962	117.3
2963	205.6
2964	991.9
2965	115.1
2966	841.6
2967	573.3
2968	177.4
2969	85.2
2970	52
2971	200.3
2972	233.3
2973	46
2974	195.6
2975	282.6
2976	401.5
2977	321.7
2978	203.3
2979	196.9
2980	216.9
2981	243.7
2982	644.3
2983	239.1
2984	194.7
2985	163.6
2986	169.8
2987	153.9
2988	220.6
2989	53.2
2990	114.3
2991	389
2992	253
2993	174
2994	186.3
2995	280.8
2996	800.6
2997	400.4
2998	109.3
2999	508.6
3000	121.8
3001	131.4
3002	212.4
3003	148.6
3004	179.2
3005	207.7
3006	280.9
3007	199.7
3008	217.4
3009	187.5
3010	43.7
3011	231.5
3012	562.1
3013	255.8
3014	114.1
3015	127.2
3016	182.8
3017	343
3018	139.2
3019	97.3
3020	148.4
3021	211
3022	107.2
3023	176.9
3024	251.7
3025	121
3026	263.7
3027	335.3
3028	163.3
3029	299
3030	60.8
3031	292.8
3032	306.7
3033	71.9
3034	450.6
3035	149.9
3036	59.5
3037	299.7
3038	85.6
3039	187.3
3040	504.8
3041	269.5
3042	299.8
3043	391.2
3044	147
3045	457.2
3046	54.6
3047	72.4
3048	320.9
3049	150.5
3050	307.3
3051	262.9
3052	242.6
3053	487
3054	161.2
3055	229
3056	399.9
3057	71.7
3058	535.9
3059	264.5
3060	63.8
3061	116.1
3062	157.8
3063	313.3
3064	515.3
3065	92.7
3066	327.5
3067	106.5
3068	345.8
3069	123.4
3070	241.1
3071	343
3072	271.1
3073	30.3
3074	458.6
3075	264.9
3076	419.5
3077	384.1
3078	198.9
3079	420.6
3080	360
3081	64.3
3082	111.1
3083	408.8
3084	110.1
3085	224.6
3086	239.2
3087	548.3
3088	432.3
3089	522.6
3090	356.1
3091	117.2
3092	58.5
3093	422.7
3094	45.6
3095	71.8
3096	430.9
3097	46.7
3098	546.1
3099	47.8
3100	336.7
3101	20.8
3102	236.1
3103	505.6
3104	470
3105	113
3106	422.5
3107	386.4
3108	84.7
3109	288.1
3110	46.3
3111	825.9
3112	19.7
3113	805.7
3114	241.1
3115	116
3116	244
3117	107.8
3118	522.5
3119	526.3
3120	15
3121	593.1
3122	33.9
3123	450
3124	32.7
3125	119.5
3126	30.8
3127	14.8
3128	79.8
3129	54.3
3130	106.7
3131	478.2
3132	363.4
3133	602.7
3134	654.4
3135	41
3136	641
3137	29.2
3138	55.1
3139	786.5
3140	297.4
3141	56.6
3142	386.9
3143	581.5
3144	134.9
3145	20.9
3146	54.2
3147	25.6
3148	105
3149	66.7
3150	19.2
3151	567
3152	810.1
3153	427.7
3154	328.3
3155	259.7
3156	200
3157	160.5
3158	18
3159	315.3
3160	21.2
3161	537.1
3162	802.7
3163	49
3164	41.1
3165	109.1
3166	825.5
3167	104.6
3168	698.7
3169	61.6
3170	453.9
3171	104.5
3172	652.5
3173	43.7
3174	265.3
3175	379.1
3176	81.6
3177	97.2
3178	151.6
3179	78.4
3180	31.8
3181	75.7
3182	417.7
3183	419
3184	799.8
3185	639.5
3186	243.8
3187	324.1
3188	363
3189	192
3190	94.7
3191	87.8
3192	444.6
3193	41.8
3194	436.6
3195	932.3
3196	16.1
3197	113
3198	99.7
3199	453.4
3200	51.5
3201	74
3202	799.2
3203	407.3
3204	96.5
3205	728
3206	68.2
3207	102.3
3208	56.4
3209	26.4
3210	660
3211	827.2
3212	540.9
3213	68.1
3214	46.2
3215	35.4
3216	78.7
3217	171
3218	652.3
3219	556.3
3220	142.9
3221	109.1
3222	624.3
3223	48.3
3224	866
3225	92.2
3226	916.7
3227	129.4
3228	42.3
3229	30.4
3230	152.1
3231	31.4
3232	94.7
3233	67.5
3234	803.2
3235	947.1
3236	626.3
3237	39.6
3238	401.9
3239	25.1
3240	305.2
3241	152.1
3242	61.3
3243	442.1
3244	77.4
3245	98.4
3246	210.2
3247	24.7
3248	61.3
3249	116
3250	255
3251	369.8
3252	644.5
3253	60.3
3254	507.2
3255	45.6
3256	179.6
3257	673.8
3258	99.7
3259	192.5
3260	92.7
3261	39.2
3262	272
3263	65
3264	45.1
3265	85.5
3266	45.9
3267	222.5
3268	332.7
3269	664.3
3270	33.6
3271	35.6
3272	387.4
3273	34.8
3274	706.1
3275	84.3
3276	105.4
3277	35.8
3278	448.2
3279	52.1
3280	55
3281	154.7
3282	34.6
3283	142.7
3284	52.3
3285	26.4
3286	599.4
3287	55.6
3288	66.4
3289	52.6
3290	262.3
3291	485.9
3292	66.4
3293	61.1
3294	78.8
3295	68.9
3296	36.3
3297	60.3
3298	129.7
3299	55.5
3300	207.7
3301	122.3
3302	141.9
3303	524.9
3304	106.9
3305	123.7
3306	67.3
3307	67.9
3308	324.2
3309	55.8
3310	105
3311	87.4
3312	86.8
3313	88.9
3314	26.1
3315	53.4
3316	139.1
3317	36.5
3318	47.4
3319	19.1
3320	47.1
3321	67.3
3322	24
3323	36.4
3324	54.5
3325	98.9
3326	54.3
3327	19.6
3328	58.8
3329	42
3330	91
3331	98.3
3332	91.3
3333	83
3334	26.3
3335	172.6
3336	56.2
3337	18.2
3338	71.1
3339	32.1
3340	38.6
3341	148.1
3342	47.7
3343	69.6
3344	84.9
3345	17.3
3346	43
3347	47.2
3348	16.4
3349	39
3350	75.2
3351	47.9
3352	52.3
3353	62.7
3354	56.3
3355	86.1
3356	90
3357	35.9
3358	41
3359	69.4
3360	95.6
3361	58.6
3362	29.2
3363	68.4
3364	28.1
3365	72.9
3366	76.3
3367	82.5
3368	34.9
3369	38.8
3370	26.2
3371	88.4
3372	58.1
3373	88.1
3374	89.7
3375	30.8
3376	118.3
3377	30.7
3378	29.3
3379	45.5
3380	116.3
3381	88
3382	31.9
3383	98.7
3384	113.9
3385	101.8
3386	87.2
3387	36.9
3388	31.7
3389	137.5
3390	132.6
3391	104.3
3392	122.7
3393	43.9
3394	150
3395	97.2
3396	108.6
3397	125.4
3398	49.3
3399	30.8
3400	158.9
3401	166.7
3402	120
3403	86
3404	102.3
3405	90.3
3406	120.2
3407	79
3408	154.3
3409	93.5
3410	0
3411	0
3412	133.7
3413	122
3414	127.1
3415	101.4
3416	3.7
3417	146.5
3418	129.9
3419	0
3420	5.2
3421	0
3422	134.3
3423	87.2
3424	111
3425	197.5
3426	129.2
3427	7.3
3428	32.8
3429	304.9
3430	30
3431	126.8
3432	260.9
3433	102.3
3434	127.5
3435	0.2
3436	150.6
3437	99.4
3438	0.2
3439	0.2
3440	113.5
3441	158.1
3442	0.3
3443	94.6
3444	82.2
3445	0.1
3446	0.8
3447	0.2
3448	0.7
3449	122.9
3450	0.2
3451	142.2
3452	112.3
3453	116.8
3454	109.4
3455	95.7
3456	14.1
3457	135
3458	93.1
3459	4.8
3460	154.1
3461	12.2
3462	157.3
3463	204.3
3464	4.6
3465	10.3
3466	76.5
3467	89.4
3468	119
3469	74.6
3470	141.5
3471	140.9
3472	49.2
3473	115.3
3474	160.5
3475	0.1
3476	0.1
3477	132.7
3478	165.7
3479	0
3480	144.7
3481	123.4
3482	31.7
3483	44.6
3484	123.3
3485	42.8
3486	0
3487	138.2
3488	39.9
3489	153
3490	106.2
3491	0.4
3492	137.5
3493	66.2
3494	115
3495	359.2
3496	24.7
3497	37.9
3498	30.2
3499	199
3500	49
3501	60.1
3502	35.7
3503	0
3504	0
3505	104.7
3506	230.6
3507	0
3508	95.6
3509	69.9
3510	0
3511	102.1
3512	74
3513	182.5
3514	52
3515	203.2
3516	67.1
3517	62.6
3518	81.5
3519	101.6
3520	2.4
3521	1.1
3522	461
3523	106.1
3524	94.6
3525	94
3526	69.9
3527	90.6
3528	346.8
3529	132.8
3530	133.4
3531	597
3532	125.7
3533	2.2
3534	3.2
3535	238.7
3536	242.3
3537	51.4
3538	1.5
3539	250.7
3540	673.2
3541	247.6
3542	399.4
3543	210.3
3544	237.6
3545	934.2
3546	260.3
3547	144.5
3548	424.6
3549	200.9
3550	145.9
3551	163.1
3552	149.4
3553	182.3
3554	197.6
3555	435.4
3556	209.2
3557	49.8
3558	803.6
3559	38.3
3560	329
3561	130
3562	76.3
3563	405.8
3564	101.6
3565	181.9
3566	79.9
3567	335.8
3568	423.5
3569	346.8
3570	341.7
3571	357
3572	88.5
3573	496.7
3574	332.8
3575	189.3
3576	770.9
3577	727
3578	444.2
3579	126.7
3580	115.3
3581	66.5
3582	733.9
3583	56
3584	1116.1
3585	105.7
3586	880.2
3587	74
3588	97.4
3589	59.1
3590	51.5
3591	120.1
3592	54.9
3593	35.6
3594	107.6
