"COMID"	"Value"
1	1.5
2	6.6
3	1.3
4	0.9
5	1.1
6	0
7	5.9
8	6.7
9	5.6
10	0
11	1.1
12	5.6
13	0.1
14	7.1
15	6.7
16	4.5
17	8.3
18	1.6
19	3.7
20	1.4
21	7.1
22	1
23	0
24	5.6
25	5.7
26	0.6
27	5.5
28	1.7
29	4.3
30	0
31	1.1
32	1.8
33	7.5
34	5.6
35	0.8
36	5.6
37	6.3
38	0
39	5.6
40	30.7
41	6.7
42	6.9
43	53.9
44	1.9
45	6.6
46	0
47	2.2
48	7.2
49	5.6
50	7.5
51	5.6
52	0.7
53	5.6
54	5.3
55	5.3
56	5
57	36.7
58	5.6
59	6.7
60	5.6
61	5.6
62	5.6
63	2.3
64	5.4
65	5.6
66	0.8
67	6.5
68	2.4
69	1.4
70	1
71	0
72	6
73	5.6
74	1.9
75	1
76	1
77	0.1
78	1.3
79	4.7
80	1
81	0.6
82	0
83	5.7
84	0
85	4.1
86	2.4
87	5.6
88	5.6
89	1.1
90	5.5
91	7.5
92	6.3
93	4.2
94	5.6
95	4.2
96	7.5
97	4.9
98	0
99	1.2
100	4.6
101	1.3
102	4
103	5.6
104	0
105	7.5
106	4.7
107	1.3
108	0
109	7.5
110	7.5
111	0
112	5.1
113	1
114	5.2
115	3.9
116	2.5
117	0.6
118	2.1
119	0
120	3.6
121	0.7
122	4
123	0
124	2.1
125	2.7
126	4.3
127	1.4
128	0.6
129	5.6
130	1
131	2.2
132	1
133	0.6
134	3.7
135	2
136	2.7
137	0.5
138	1
139	1
140	3.8
141	3.8
142	1
143	0
144	3.4
145	1
146	2.3
147	2.4
148	0.5
149	2
150	0.6
151	0
152	2
153	1
154	1.9
155	0
156	1
157	0.5
158	1
159	2.2
160	4
161	1
162	1
163	0.7
164	1
165	0
166	1
167	0.4
168	0
169	0.4
170	4
171	2.2
172	1
173	1
174	7.5
175	0.8
176	5.5
177	2
178	1.8
179	1.9
180	1
181	0
182	3.4
183	0
184	1
185	1
186	3.6
187	1.7
188	1
189	1
190	3.8
191	1
192	1.9
193	1
194	9.2
195	0
196	1
197	1.9
198	1
199	1.9
200	1
201	1
202	1
203	1
204	1
205	1
206	0.7
207	1.2
208	7
209	1.9
210	2.1
211	2.4
212	0.6
213	1.9
214	1
215	0.3
216	1.8
217	1.9
218	1.3
219	1.5
220	1
221	0
222	0.3
223	5.7
224	0
225	1.5
226	0.2
227	0
228	1.9
229	1
230	0
231	2
232	1.8
233	4.4
234	0.4
235	0
236	1.9
237	0.8
238	1.4
239	0.3
240	2.7
241	0.2
242	0
243	0
244	4.7
245	1.9
246	4.2
247	0
248	0
249	0
250	4.4
251	0.2
252	20.3
253	1.7
254	0
255	0
256	0
257	0
258	0
259	0
260	0
261	1.9
262	0.2
263	0
264	0
265	0
266	1.8
267	4.7
268	9.6
269	4.4
270	0
271	2.2
272	0.2
273	4.4
274	0
275	0.2
276	0
277	1
278	0.2
279	0
280	0.2
281	0.2
282	4.5
283	1
284	1.1
285	0
286	0.2
287	19.2
288	1
289	1
290	1
291	8.9
292	1
293	0
294	10
295	1
296	3.6
297	3.7
298	0
299	0
300	3.7
301	1
302	3.8
303	3.6
304	1
305	3.8
306	1.1
307	3.7
308	0.8
309	1
310	3.5
311	3.7
312	3.6
313	3.6
314	1
315	1
316	1
317	0
318	1.2
319	0
320	3.6
321	1
322	3.4
323	3.6
324	1
325	0
326	9.2
327	1
328	1
329	1
330	0
331	1
332	1
333	1
334	1
335	0
336	1
337	0
338	1
339	1
340	1
341	1
342	0
343	1
344	0
345	1
346	0
347	1
348	1
349	1
350	1
351	1
352	1
353	0.9
354	1
355	0
356	1
357	0
358	1
359	0
360	1
361	1
362	1
363	1
364	0
365	0.6
366	5.6
367	0
368	8
369	0
370	0.9
371	0
372	5.6
373	5.7
374	0
375	6.9
376	8.2
377	1
378	5.6
379	0
380	1
381	0
382	0
383	1.3
384	0
385	0
386	0
387	27.6
388	0.8
389	2
390	26.5
391	5.6
392	2.4
393	0
394	5.6
395	0
396	0
397	0
398	5.6
399	0
400	5.6
401	2.4
402	0
403	0
404	0
405	0
406	6.9
407	0
408	0
409	0
410	16.6
411	1.3
412	0
413	8.6
414	0
415	0
416	0
417	0
418	0
419	5.9
420	0
421	0
422	0.1
423	1.2
424	6.6
425	7.8
426	0
427	17.6
428	6.5
429	0.8
430	13.6
431	0
432	5.6
433	7
434	5.6
435	5.6
436	5.7
437	0
438	13
439	0
440	1
441	7.9
442	4.8
443	6.3
444	5.6
445	27.3
446	5.6
447	29.8
448	21.2
449	5.6
450	5.8
451	0
452	6.1
453	0
454	5.6
455	5.8
456	5.6
457	2.1
458	0.9
459	2.9
460	5.6
461	7.4
462	9.6
463	7.5
464	1
465	4.8
466	0
467	6.3
468	1
469	5.2
470	1
471	1
472	1.1
473	1.7
474	1
475	0
476	0
477	10.6
478	1
479	5.5
480	1.5
481	0
482	0
483	2.2
484	5.6
485	4.9
486	0.1
487	5.5
488	0.9
489	0
490	0.9
491	5.8
492	1.6
493	0
494	6.7
495	0.2
496	0
497	6.9
498	5.5
499	0
500	4.1
501	12.6
502	7.3
503	5.6
504	5.6
505	3.7
506	4.3
507	6.9
508	3.7
509	4
510	18.8
511	6.2
512	6.4
513	0
514	3.6
515	0
516	5.6
517	4.8
518	5.6
519	5.6
520	0.1
521	2.5
522	5.6
523	0
524	1.7
525	2.6
526	5.6
527	2.9
528	5.6
529	0
530	21.7
531	16.2
532	3.2
533	2.7
534	1.2
535	28.1
536	1.6
537	0.1
538	0
539	0.6
540	5.6
541	14.6
542	15.9
543	1.5
544	0
545	0.1
546	16.7
547	7.5
548	0.1
549	0.2
550	0.6
551	14.4
552	11.6
553	1.2
554	0
555	5.6
556	11.1
557	5.6
558	0.1
559	6.3
560	14.9
561	1.4
562	17.5
563	0
564	14.2
565	6.3
566	16.5
567	5.6
568	16
569	5.8
570	0
571	1.4
572	14.5
573	5.6
574	9.2
575	5.6
576	0
577	0
578	6.3
579	6.6
580	15
581	0
582	4.5
583	5.6
584	5.6
585	0
586	7.4
587	16.7
588	0.2
589	30.9
590	0
591	3.1
592	6.7
593	14.9
594	5.9
595	2.1
596	5.6
597	0
598	5.6
599	17.1
600	5.8
601	5.6
602	0
603	0.2
604	0.8
605	0
606	1.7
607	5.6
608	5.6
609	0.1
610	5.6
611	1
612	0
613	0
614	7.1
615	0.1
616	0
617	30.7
618	0.1
619	6.1
620	5.8
621	0.3
622	4.7
623	4.3
624	6.4
625	5.6
626	5.6
627	15.5
628	5.6
629	6
630	29.5
631	5.6
632	0.2
633	7.3
634	0
635	6.3
636	6
637	6
638	5.6
639	0.1
640	0.1
641	21.5
642	0
643	2.1
644	0
645	0.2
646	7.2
647	5.6
648	0.6
649	3.3
650	5.6
651	37.4
652	5.6
653	0
654	5.6
655	0
656	5.6
657	2.8
658	1.3
659	2.7
660	0
661	1.2
662	6.9
663	1.8
664	5.6
665	5.6
666	5.6
667	1.2
668	51.2
669	1.3
670	5.6
671	5.6
672	5.6
673	6.9
674	0.2
675	7.3
676	1.3
677	21.7
678	5.7
679	5.6
680	0
681	7.3
682	3.3
683	39.2
684	1.4
685	5.6
686	23.5
687	0
688	7.2
689	5.6
690	7.1
691	1.2
692	22.2
693	5.6
694	0.1
695	1.2
696	8.2
697	5.6
698	0.8
699	8.6
700	7.1
701	0.2
702	7.8
703	7.1
704	8.1
705	7.4
706	5.6
707	23.5
708	7.5
709	5.4
710	1.3
711	0
712	0.1
713	2.2
714	5.6
715	1.1
716	0
717	0.3
718	7.8
719	2.2
720	7.1
721	5.6
722	2.5
723	7.5
724	14.3
725	5.6
726	0
727	0.2
728	3.6
729	0.2
730	1.2
731	5.7
732	0.1
733	1.7
734	7
735	0.2
736	5.6
737	11.4
738	7.2
739	12.4
740	12.3
741	1.9
742	2
743	1.2
744	0
745	0
746	6.9
747	7.4
748	0
749	0.9
750	5.6
751	6.9
752	2.3
753	7.3
754	7.5
755	1.3
756	6.6
757	2.6
758	1.1
759	5.6
760	6.9
761	5.6
762	2
763	1.4
764	18.4
765	7.1
766	0
767	1.2
768	3.3
769	7.1
770	2.8
771	0.9
772	1.2
773	6.8
774	6.7
775	0.9
776	5.6
777	2.1
778	6.6
779	0
780	7.3
781	1.2
782	324.9
783	328.8
784	272.6
785	322.4
786	238.8
787	267.2
788	122.1
789	149.9
790	259.3
791	187.7
792	203.7
793	125.7
794	318.6
795	265.7
796	127.5
797	257.6
798	113.6
799	149.5
800	247.5
801	133.7
802	149.3
803	205.6
804	104.9
805	127
806	172.4
807	70.3
808	155.3
809	203.3
810	307
811	127
812	265
813	152.1
814	181.1
815	169.3
816	115.7
817	80.7
818	256.6
819	284.6
820	144
821	121.2
822	227.3
823	141.6
824	310.3
825	94.5
826	197.3
827	221.9
828	260.3
829	106.5
830	260.7
831	109.5
832	220.6
833	119.3
834	128.5
835	180.2
836	211.7
837	39.8
838	149.7
839	117
840	196.3
841	154.5
842	99.5
843	14.5
844	128.5
845	154.2
846	137.1
847	176.9
848	118.3
849	101.4
850	233.2
851	222
852	82.2
853	121
854	141.6
855	110.8
856	128.2
857	128.5
858	196.3
859	105
860	97.2
861	188.9
862	7.7
863	105
864	100.7
865	147.9
866	101.5
867	70.4
868	159.8
869	105.5
870	33.6
871	106.3
872	100.5
873	9.5
874	95.1
875	138.7
876	117.1
877	103
878	88.3
879	144.4
880	127.5
881	136
882	102
883	69.3
884	89.9
885	98.5
886	6.8
887	125.8
888	156.4
889	95.6
890	141.3
891	123.8
892	106.9
893	170.8
894	6.9
895	126.6
896	164.3
897	120.7
898	114.1
899	191.8
900	176.6
901	158.4
902	214.2
903	170.5
904	109.3
905	141.8
906	187.1
907	113.1
908	127.4
909	98
910	0
911	117.5
912	133.2
913	127.9
914	164.7
915	0
916	119.2
917	112.3
918	129.8
919	131.9
920	135.8
921	77.1
922	169.5
923	17.2
924	142.7
925	146.3
926	142.8
927	115.3
928	2.5
929	139.6
930	140
931	111.9
932	4.7
933	169.3
934	0
935	142.5
936	145.4
937	217.6
938	203.5
939	111
940	156.3
941	143.4
942	119.1
943	0
944	188
945	129.7
946	171.1
947	0
948	116.7
949	156.9
950	181.9
951	130.4
952	156.3
953	4.2
954	6.7
955	163.6
956	146.8
957	147.3
958	2.8
959	147.4
960	162.9
961	171.8
962	160.8
963	134.6
964	0
965	146.4
966	156.2
967	0
968	143.7
969	130
970	37
971	175.2
972	143.6
973	166.2
974	143.8
975	184.3
976	131.8
977	200.5
978	6.2
979	137.5
980	130.9
981	136.2
982	176.2
983	169.8
984	157.9
985	208.9
986	226.5
987	9.6
988	225.3
989	191.7
990	0
991	158.6
992	0
993	244.5
994	169.6
995	233.9
996	191.1
997	229
998	13.8
999	167.9
1000	0
1001	10.3
1002	202.7
1003	0
1004	168.4
1005	6.7
1006	181.8
1007	0
1008	10.4
1009	0
1010	140.1
1011	182.5
1012	157.3
1013	9.6
1014	222.8
1015	12.4
1016	0
1017	245.6
1018	15.4
1019	6.3
1020	150.5
1021	170.2
1022	148.3
1023	189.6
1024	241.1
1025	110.2
1026	189.9
1027	138.8
1028	173.1
1029	10.6
1030	0.5
1031	0
1032	0
1033	0.7
1034	132.4
1035	0.2
1036	162.6
1037	131.2
1038	141.5
1039	4.5
1040	6.6
1041	111.3
1042	4.7
1043	0
1044	2
1045	4.5
1046	13.4
1047	237.6
1048	145.5
1049	173.1
1050	0
1051	180.5
1052	170.2
1053	11.8
1054	151.9
1055	177.6
1056	142.2
1057	0.4
1058	154.8
1059	0.6
1060	135.5
1061	0
1062	124.9
1063	221.4
1064	0.1
1065	2.8
1066	183
1067	0.5
1068	0.6
1069	0.2
1070	197.9
1071	134.5
1072	0.2
1073	0.2
1074	197.9
1075	0
1076	181.5
1077	0.4
1078	151.3
1079	173.9
1080	10.4
1081	0.6
1082	207.5
1083	0.2
1084	178
1085	172
1086	222.2
1087	0
1088	0.2
1089	3.5
1090	138.5
1091	234.5
1092	0.6
1093	3.9
1094	0.1
1095	2.3
1096	2.4
1097	186.6
1098	2.4
1099	0
1100	0
1101	0.1
1102	165.1
1103	0.2
1104	5
1105	1.9
1106	2.4
1107	0.2
1108	5.9
1109	142.7
1110	0.3
1111	0.3
1112	206.9
1113	154.9
1114	159
1115	4.1
1116	4.5
1117	205.3
1118	2.7
1119	5.9
1120	5.3
1121	5.8
1122	2.8
1123	2.1
1124	139.3
1125	6
1126	229.5
1127	4.2
1128	196.5
1129	194.1
1130	7.3
1131	0.2
1132	199.8
1133	215.7
1134	5.2
1135	0
1136	0.1
1137	5.1
1138	1.9
1139	4
1140	151.7
1141	5.2
1142	0
1143	196.5
1144	1.8
1145	7.9
1146	4.1
1147	2.7
1148	172.1
1149	4
1150	3.6
1151	2.4
1152	198.1
1153	159.3
1154	0
1155	0
1156	151.2
1157	4.4
1158	0
1159	120.4
1160	8.4
1161	0.1
1162	9.6
1163	6.1
1164	178.8
1165	0
1166	194.9
1167	184.8
1168	200.5
1169	188.1
1170	168.7
1171	9.6
1172	141.2
1173	6.8
1174	192.4
1175	3
1176	80.3
1177	0
1178	3
1179	214.5
1180	4
1181	10.9
1182	2.7
1183	0.1
1184	0
1185	192.5
1186	136
1187	5.1
1188	1.9
1189	10.6
1190	4.7
1191	147
1192	1.5
1193	157.1
1194	4.9
1195	179
1196	5.7
1197	0
1198	0.1
1199	107
1200	26.7
1201	5.7
1202	5.8
1203	0
1204	6.9
1205	4.5
1206	0.2
1207	3.5
1208	0.3
1209	5.1
1210	166.9
1211	185.8
1212	0
1213	142.6
1214	134.1
1215	8.3
1216	176.6
1217	121.7
1218	0.1
1219	0.2
1220	98.3
1221	2.7
1222	3.6
1223	6
1224	2.3
1225	179.5
1226	121.4
1227	94.7
1228	4.9
1229	9.4
1230	142.9
1231	0.2
1232	107.7
1233	0.8
1234	7.1
1235	7.7
1236	0.1
1237	182.4
1238	142.5
1239	0.1
1240	1.4
1241	141.4
1242	112.5
1243	4.5
1244	1.8
1245	148.5
1246	130.9
1247	95
1248	29.6
1249	220
1250	74.8
1251	6.9
1252	0
1253	1.2
1254	5.3
1255	0
1256	73.7
1257	4.4
1258	5.3
1259	0.1
1260	98.9
1261	85.7
1262	0.3
1263	5.8
1264	2.5
1265	267.6
1266	109.6
1267	0
1268	120.7
1269	27.9
1270	121.8
1271	7.5
1272	0.8
1273	3.6
1274	121.3
1275	2.1
1276	59.5
1277	94.2
1278	159.1
1279	26.3
1280	0.2
1281	6.8
1282	0.1
1283	201.8
1284	30.2
1285	2.5
1286	213.1
1287	6.7
1288	6.2
1289	87.7
1290	7.4
1291	85.8
1292	8.1
1293	25.7
1294	5.8
1295	150.4
1296	0.2
1297	29.5
1298	100.2
1299	3.5
1300	6
1301	0.1
1302	6
1303	4
1304	34.1
1305	209.2
1306	0
1307	152.3
1308	9.5
1309	0.1
1310	130.1
1311	111.5
1312	108.5
1313	6.7
1314	147.1
1315	0.1
1316	66.9
1317	58.3
1318	4.9
1319	118.9
1320	106.6
1321	0.3
1322	0.1
1323	0.1
1324	2.8
1325	66.3
1326	0.3
1327	0.6
1328	101.6
1329	31.1
1330	89.1
1331	64
1332	25.6
1333	70
1334	124.9
1335	8
1336	80.8
1337	0.3
1338	0.4
1339	8
1340	2
1341	105.9
1342	104.6
1343	0.1
1344	0.1
1345	6.5
1346	0.1
1347	127.5
1348	78.8
1349	4.3
1350	0.1
1351	93.6
1352	29.3
1353	89.7
1354	0.3
1355	88.8
1356	27.1
1357	72.5
1358	91.2
1359	3.7
1360	0.4
1361	3.3
1362	62.7
1363	0.1
1364	1.3
1365	70.5
1366	0.4
1367	0.1
1368	70.8
1369	0.5
1370	2.4
1371	0.6
1372	2.9
1373	59.4
1374	0.8
1375	96.8
1376	31
1377	1.9
1378	3.1
1379	3.4
1380	65.7
1381	0.1
1382	79.5
1383	0.6
1384	2.2
1385	28.5
1386	65.9
1387	0.6
1388	0.4
1389	0.3
1390	72.5
1391	149.8
1392	73.5
1393	0
1394	0.6
1395	70.7
1396	0.2
1397	172.9
1398	0.3
1399	0.2
1400	67.5
1401	0.3
1402	0.4
1403	91.7
1404	2.9
1405	0.7
1406	1
1407	0.2
1408	0.3
1409	143.8
1410	0.2
1411	92
1412	1.3
1413	132.9
1414	3.1
1415	181.1
1416	77.2
1417	0.3
1418	85
1419	0.2
1420	2.7
1421	0.2
1422	0.6
1423	50.6
1424	67.9
1425	0.2
1426	92.5
1427	2.3
1428	0.2
1429	0.2
1430	75.5
1431	103.7
1432	0.2
1433	71.9
1434	1.1
1435	76.7
1436	0.2
1437	0
1438	0.5
1439	1.7
1440	74.7
1441	77.5
1442	0.7
1443	71.2
1444	0.3
1445	0.6
1446	161.5
1447	0.9
1448	135.3
1449	0.2
1450	1.2
1451	0.6
1452	0.3
1453	151.3
1454	47.5
1455	1
1456	1
1457	141.8
1458	64.9
1459	2.5
1460	0.3
1461	73.5
1462	0.1
1463	0.1
1464	0.1
1465	0.2
1466	125.1
1467	0.2
1468	0.2
1469	69.5
1470	145.5
1471	0.2
1472	0.3
1473	121.4
1474	0.7
1475	133.7
1476	0.2
1477	1.2
1478	153.1
1479	63
1480	0.2
1481	58.3
1482	78.6
1483	0.1
1484	1.3
1485	47.3
1486	0.2
1487	0.1
1488	113
1489	62.1
1490	0.8
1491	65.1
1492	66.3
1493	164.3
1494	115
1495	0
1496	78.9
1497	77.3
1498	0.2
1499	72.6
1500	4.4
1501	71.8
1502	105.5
1503	0.8
1504	0
1505	68.3
1506	104
1507	0.6
1508	1.2
1509	45.9
1510	0.8
1511	2.5
1512	0.5
1513	135.6
1514	0.6
1515	0.2
1516	0.4
1517	135.7
1518	0.5
1519	73.8
1520	0.6
1521	0.1
1522	0.3
1523	0.1
1524	0
1525	0
1526	0.2
1527	64.2
1528	0.2
1529	75
1530	118.5
1531	0.8
1532	1.6
1533	2.5
1534	103.5
1535	28.2
1536	113.4
1537	0.1
1538	37.9
1539	1.4
1540	0
1541	0.1
1542	0
1543	72.6
1544	0.6
1545	0.1
1546	32.7
1547	79.7
1548	0.1
1549	0.1
1550	0.1
1551	0
1552	77.4
1553	106.8
1554	58.9
1555	93.1
1556	65.7
1557	2.7
1558	0.5
1559	81.5
1560	4.6
1561	0.4
1562	0.8
1563	3.6
1564	0
1565	63.9
1566	3.5
1567	0.1
1568	0.3
1569	100.4
1570	116.3
1571	0
1572	0.7
1573	122.1
1574	2.1
1575	97.9
1576	291
1577	128.3
1578	0.1
1579	0.1
1580	127.3
1581	140
1582	67.4
1583	80
1584	31.5
1585	116.1
1586	115.8
1587	0.1
1588	158.8
1589	2.2
1590	6.1
1591	0.1
1592	169.8
1593	2.5
1594	77.6
1595	75.2
1596	87.6
1597	0.1
1598	140.9
1599	117.7
1600	77.1
1601	52.4
1602	124.9
1603	74.9
1604	97
1605	7
1606	0
1607	0.3
1608	71.4
1609	0.1
1610	66.3
1611	2.7
1612	128.4
1613	111.1
1614	66.6
1615	274.5
1616	104.9
1617	0.2
1618	83.7
1619	5.2
1620	294.7
1621	160.6
1622	346.3
1623	0.1
1624	127.4
1625	80.1
1626	314.5
1627	0.1
1628	91.3
1629	0.1
1630	221.3
1631	78.3
1632	134.9
1633	0.1
1634	120
1635	129.8
1636	106.6
1637	138.6
1638	102.2
1639	3.2
1640	0
1641	69.1
1642	123.1
1643	126.1
1644	0.7
1645	71.1
1646	105.9
1647	0.2
1648	7.4
1649	1.9
1650	1.5
1651	224.8
1652	81
1653	0.9
1654	225.8
1655	164.3
1656	248.4
1657	70.2
1658	142.3
1659	110.6
1660	64.3
1661	6.7
1662	0.1
1663	88.6
1664	6.2
1665	0.5
1666	250.7
1667	139.5
1668	93.5
1669	85.8
1670	10.5
1671	152.9
1672	166.9
1673	296.2
1674	112.1
1675	72.8
1676	19.2
1677	20.2
1678	1.1
1679	121.5
1680	181.5
1681	81.7
1682	0.5
1683	79.5
1684	104.4
1685	75.8
1686	75.5
1687	137.2
1688	71.7
1689	21
1690	249.7
1691	8.5
1692	162.8
1693	12.7
1694	79.1
1695	237.8
1696	0
1697	189.4
1698	0.8
1699	5.9
1700	85.3
1701	154.5
1702	200.4
1703	96.7
1704	0.1
1705	3.3
1706	95.7
1707	0.4
1708	0.4
1709	96
1710	20.1
1711	3.9
1712	86.7
1713	120.6
1714	143.9
1715	223.1
1716	67.9
1717	88.2
1718	2.6
1719	63.4
1720	70.2
1721	171.7
1722	75.8
1723	85.6
1724	71.5
1725	133.7
1726	87.8
1727	197.1
1728	90.4
1729	10.1
1730	114.6
1731	12.4
1732	93.6
1733	82.8
1734	6.9
1735	134.9
1736	0.5
1737	80.7
1738	62.3
1739	86.8
1740	0.1
1741	7.5
1742	5.6
1743	78
1744	109
1745	133.3
1746	79.9
1747	101.3
1748	95.3
1749	72.8
1750	55.7
1751	73.8
1752	84.1
1753	141.1
1754	118
1755	79.1
1756	93.3
1757	137.6
1758	114.7
1759	96
1760	78.1
1761	132
1762	81.3
1763	98.4
1764	85.6
1765	14.3
1766	172.5
1767	124.1
1768	0.1
1769	130.7
1770	126.1
1771	77.2
1772	0.1
1773	161.9
1774	90.7
1775	0
1776	86.5
1777	160.9
1778	5.6
1779	8.4
1780	1
1781	149.7
1782	143.7
1783	97.7
1784	69.8
1785	125.6
1786	122.2
1787	132.9
1788	97.1
1789	69.6
1790	2
1791	66.3
1792	85.7
1793	73.8
1794	51
1795	116.2
1796	204.1
1797	140.9
1798	77.9
1799	0
1800	72.7
1801	149.6
1802	81.3
1803	0.1
1804	72.2
1805	10.9
1806	77.7
1807	137
1808	65.4
1809	156.6
1810	140.1
1811	81.5
1812	0.1
1813	96.5
1814	91.2
1815	73.3
1816	153.8
1817	90.4
1818	80.9
1819	74.7
1820	172.2
1821	101
1822	146.4
1823	92.7
1824	0.1
1825	181.7
1826	115.7
1827	82.8
1828	87.1
1829	139.9
1830	0.1
1831	116.6
1832	0
1833	154
1834	0.1
1835	84.4
1836	75.2
1837	0
1838	0
1839	181.4
1840	81.6
1841	112.7
1842	107.4
1843	180.3
1844	97.4
1845	87.7
1846	0
1847	106.3
1848	144.4
1849	174.4
1850	203.6
1851	105.1
1852	90.5
1853	151.3
1854	250.6
1855	138.3
1856	104.5
1857	0
1858	129.9
1859	79.6
1860	68.2
1861	0
1862	111.6
1863	0
1864	93.5
1865	86.9
1866	153.1
1867	0
1868	209.8
1869	96
1870	34.5
1871	171
1872	92
1873	189.5
1874	146.6
1875	0
1876	86.7
1877	0
1878	0
1879	152.2
1880	147.7
1881	109.3
1882	0.1
1883	155.2
1884	167.6
1885	119.3
1886	86.3
1887	0
1888	132.6
1889	0.1
1890	139.8
1891	34.4
1892	112.3
1893	72.5
1894	112.4
1895	96.7
1896	95.2
1897	112.5
1898	164.5
1899	97.3
1900	0
1901	161.3
1902	118
1903	158.1
1904	96.7
1905	94.3
1906	0
1907	0
1908	61.2
1909	28.5
1910	28.8
1911	150.9
1912	86.6
1913	0
1914	88.2
1915	0
1916	122.6
1917	125.9
1918	65.5
1919	0
1920	0.1
1921	207.2
1922	0.1
1923	0.1
1924	0
1925	131.6
1926	111.9
1927	197.5
1928	70.6
1929	0
1930	0
1931	0
1932	68.5
1933	129.2
1934	76.1
1935	0
1936	241.4
1937	0.1
1938	106.7
1939	170.1
1940	0
1941	85.7
1942	50.4
1943	0.1
1944	180.1
1945	0
1946	0.2
1947	0.2
1948	0
1949	108.4
1950	61.4
1951	0
1952	43.9
1953	37.4
1954	0.2
1955	104.6
1956	108.7
1957	261.1
1958	0
1959	64.1
1960	89.4
1961	65.1
1962	102.5
1963	0.1
1964	0.4
1965	0.2
1966	50.1
1967	28.5
1968	167.7
1969	0
1970	143.9
1971	0.4
1972	0.5
1973	0.1
1974	123
1975	36.5
1976	58.8
1977	35.7
1978	174.9
1979	65.7
1980	0.3
1981	107.2
1982	61.8
1983	0.2
1984	0.3
1985	45.5
1986	103.3
1987	213.2
1988	47.5
1989	66.8
1990	56.9
1991	0.3
1992	0
1993	58.9
1994	167.6
1995	117.8
1996	0.3
1997	43.7
1998	244.2
1999	0.1
2000	49.4
2001	151.2
2002	86.2
2003	65.9
2004	0.2
2005	0.4
2006	60.5
2007	0.2
2008	14.1
2009	0.1
2010	44.5
2011	64.2
2012	0.3
2013	63.1
2014	70.5
2015	70.5
2016	0.4
2017	0
2018	35
2019	0.2
2020	0.2
2021	23.2
2022	25.1
2023	50.3
2024	70.9
2025	172.4
2026	0.2
2027	45.3
2028	379.9
2029	81.5
2030	0.2
2031	96.8
2032	21.5
2033	0.3
2034	0.1
2035	38.1
2036	70.1
2037	89.7
2038	83.9
2039	0.2
2040	0.2
2041	79.5
2042	47.8
2043	96.9
2044	346.1
2045	0.1
2046	0.3
2047	43.9
2048	0.1
2049	0.1
2050	213.1
2051	19.7
2052	0.3
2053	20.5
2054	40.8
2055	57.3
2056	94.2
2057	58.3
2058	84.6
2059	0.1
2060	26.8
2061	21.8
2062	208
2063	0.1
2064	26.5
2065	0.2
2066	0.1
2067	59.5
2068	0
2069	156.5
2070	37.3
2071	35.6
2072	0.1
2073	93.4
2074	215.9
2075	0.1
2076	83.7
2077	0.1
2078	138.4
2079	0.4
2080	0.1
2081	156.6
2082	0.2
2083	23.2
2084	152.2
2085	0.1
2086	69.9
2087	0.1
2088	283.7
2089	66.7
2090	168.4
2091	73.7
2092	94.5
2093	136.4
2094	0.1
2095	23.8
2096	0.4
2097	22.9
2098	100.9
2099	136.3
2100	152.4
2101	0
2102	143.9
2103	0.2
2104	0.1
2105	0.2
2106	0
2107	0.1
2108	124.7
2109	0
2110	0
2111	0.1
2112	89.5
2113	95.6
2114	0.1
2115	113.5
2116	127.5
2117	98.5
2118	48.2
2119	46.1
2120	165.7
2121	19.8
2122	158.8
2123	0.1
2124	124.5
2125	61.1
2126	0
2127	15.8
2128	0
2129	0.1
2130	0.1
2131	113.1
2132	141.7
2133	0.2
2134	0
2135	27.8
2136	184
2137	17.9
2138	54.5
2139	109.9
2140	0.1
2141	135.4
2142	59.7
2143	0.2
2144	0
2145	117.4
2146	19
2147	19.4
2148	114.7
2149	0.1
2150	63.3
2151	0.2
2152	215.1
2153	207.5
2154	156.3
2155	0.2
2156	0.1
2157	0.4
2158	22.6
2159	20.7
2160	230.6
2161	0.1
2162	0
2163	118.7
2164	0.5
2165	21.4
2166	0.1
2167	0.4
2168	0.1
2169	109.6
2170	0.2
2171	0
2172	0.2
2173	89.8
2174	0.1
2175	10.9
2176	0.4
2177	204.2
2178	53
2179	0.9
2180	32.6
2181	260.3
2182	0
2183	0.3
2184	0.3
2185	111.9
2186	8.4
2187	25.6
2188	0.1
2189	0.1
2190	24.2
2191	0.2
2192	0.1
2193	0.2
2194	132.7
2195	17.2
2196	0.4
2197	191.9
2198	0.1
2199	246.1
2200	0.2
2201	5.3
2202	17.9
2203	0.1
2204	0.2
2205	0.1
2206	38.2
2207	17.9
2208	28.2
2209	0
2210	282.5
2211	0
2212	59.6
2213	163.1
2214	0.2
2215	38.9
2216	24
2217	0.2
2218	0.1
2219	190.2
2220	16.4
2221	0.1
2222	339
2223	0.2
2224	0
2225	73
2226	20
2227	367.6
2228	0.4
2229	0.1
2230	63.5
2231	0.1
2232	86
2233	0.3
2234	186
2235	0.3
2236	0.1
2237	0.1
2238	0.2
2239	23.8
2240	0.1
2241	69.4
2242	0.8
2243	0.2
2244	0.2
2245	265.7
2246	0.1
2247	0.3
2248	401.1
2249	81.8
2250	0.1
2251	13.2
2252	243.1
2253	0.4
2254	20.9
2255	0.2
2256	148.1
2257	15.3
2258	0.3
2259	419.3
2260	0.7
2261	0.1
2262	0.1
2263	493.4
2264	406.6
2265	442.5
2266	0.1
2267	0.1
2268	127.7
2269	20.1
2270	0.8
2271	95.4
2272	0.2
2273	18.6
2274	0.4
2275	243.9
2276	20.9
2277	0.1
2278	0.7
2279	0.1
2280	0.1
2281	1.2
2282	561
2283	26
2284	0.7
2285	443.4
2286	144.3
2287	16.8
2288	130.5
2289	0.4
2290	0.3
2291	0.1
2292	372.5
2293	17.6
2294	23.4
2295	268.2
2296	268.2
2297	487
2298	0.1
2299	13.7
2300	0.1
2301	0.5
2302	0.2
2303	0.7
2304	0.5
2305	0.1
2306	147.3
2307	260.8
2308	0.3
2309	74.8
2310	424.9
2311	1.8
2312	0.6
2313	0.4
2314	1
2315	1.7
2316	0.1
2317	370.9
2318	0
2319	0
2320	290.1
2321	175.2
2322	1.1
2323	0.6
2324	353
2325	271
2326	78.7
2327	0.2
2328	308.9
2329	0.4
2330	1.7
2331	1.2
2332	37.3
2333	0.4
2334	143.4
2335	1.7
2336	83
2337	0.8
2338	138.2
2339	26.8
2340	142.8
2341	108.7
2342	1.2
2343	94.2
2344	0.7
2345	84.2
2346	104.1
2347	0.2
2348	0.7
2349	108.3
2350	0.4
2351	132.6
2352	0.3
2353	89.1
2354	1.1
2355	148.1
2356	1.1
2357	1.4
2358	18.6
2359	134.1
2360	89.9
2361	93.1
2362	49.9
2363	115.4
2364	45.7
2365	97.6
2366	1.4
2367	2.2
2368	68.5
2369	41.2
2370	140.2
2371	0.4
2372	57
2373	104.7
2374	17.1
2375	0.6
2376	2.2
2377	84
2378	111
2379	64.8
2380	79.1
2381	64
2382	94.2
2383	2.3
2384	2.3
2385	17.2
2386	0.2
2387	0.1
2388	69.1
2389	145
2390	26.8
2391	40.4
2392	113.9
2393	2.2
2394	117.7
2395	37.9
2396	49.5
2397	1.3
2398	15.1
2399	124.3
2400	1.8
2401	61
2402	106.5
2403	48.8
2404	19.1
2405	49
2406	45.6
2407	2
2408	69.1
2409	68.3
2410	90.8
2411	138.9
2412	112.7
2413	0.6
2414	19
2415	145.1
2416	51.3
2417	60.1
2418	94.1
2419	56.8
2420	135.2
2421	2.4
2422	54.1
2423	48.4
2424	118
2425	15.4
2426	2.3
2427	0.5
2428	143.4
2429	3
2430	1.5
2431	65.1
2432	0.5
2433	142.2
2434	17.9
2435	0.4
2436	0.4
2437	17
2438	55.4
2439	280.8
2440	95.7
2441	3.2
2442	46.2
2443	49.5
2444	122.7
2445	48.3
2446	17.7
2447	63.9
2448	385.2
2449	0.8
2450	1.5
2451	44.5
2452	51.5
2453	287.8
2454	1.6
2455	0.6
2456	381.6
2457	0.8
2458	56.8
2459	70.3
2460	13.7
2461	398.3
2462	196.9
2463	19.6
2464	350.9
2465	1.9
2466	1.3
2467	65.5
2468	60
2469	66.5
2470	374.8
2471	67.6
2472	73.6
2473	20.4
2474	224.9
2475	56.2
2476	1.1
2477	67.8
2478	38.4
2479	0.8
2480	78.3
2481	107.2
2482	13
2483	1.1
2484	162.7
2485	61.1
2486	50.8
2487	2.2
2488	85.9
2489	212.9
2490	100.2
2491	15.7
2492	220.7
2493	1.2
2494	38.9
2495	33.5
2496	12.9
2497	67.4
2498	58.1
2499	13.4
2500	161.7
2501	53.9
2502	57.2
2503	26.7
2504	85.4
2505	132.7
2506	60.8
2507	1.3
2508	110.5
2509	0.9
2510	103
2511	396
2512	124.1
2513	63
2514	61.8
2515	61.4
2516	0.3
2517	15.8
2518	32.2
2519	46.7
2520	163.4
2521	63.1
2522	507
2523	18.3
2524	0.9
2525	30.9
2526	68.5
2527	62.6
2528	61.3
2529	65.2
2530	67.2
2531	59.8
2532	66
2533	197.4
2534	31.3
2535	74.4
2536	189.3
2537	37
2538	325.2
2539	261.3
2540	194.1
2541	224.9
2542	125.1
2543	69.8
2544	31.3
2545	157.3
2546	86
2547	45.3
2548	175.8
2549	59.8
2550	0.8
2551	30.7
2552	296.6
2553	79.2
2554	222.7
2555	65.6
2556	88.1
2557	79.1
2558	38.6
2559	55
2560	430.5
2561	63
2562	309.9
2563	139.5
2564	192
2565	224.3
2566	17.7
2567	63.9
2568	522.9
2569	99.1
2570	33.1
2571	21.1
2572	0.4
2573	2.5
2574	68.9
2575	34.3
2576	45.4
2577	63.5
2578	81.4
2579	91.1
2580	0.3
2581	148.3
2582	388.4
2583	175.9
2584	1
2585	203.4
2586	302.4
2587	93.9
2588	40.4
2589	90.4
2590	98.2
2591	77
2592	62.6
2593	60.2
2594	33.5
2595	0.5
2596	311.8
2597	93.1
2598	334.9
2599	59.2
2600	81.8
2601	65
2602	128.3
2603	53.4
2604	329.2
2605	62
2606	17.1
2607	304.4
2608	54.5
2609	154.7
2610	3.1
2611	207.5
2612	56.9
2613	81.3
2614	164.4
2615	44.8
2616	196.1
2617	458.9
2618	70.3
2619	0.2
2620	326.2
2621	34.5
2622	97.1
2623	311.7
2624	66
2625	238.1
2626	29.6
2627	83.3
2628	41.7
2629	0.5
2630	109
2631	72.5
2632	189.1
2633	95.7
2634	99.5
2635	62.9
2636	146.8
2637	0.3
2638	64.6
2639	62.3
2640	56.2
2641	89.9
2642	202.5
2643	361.8
2644	39.8
2645	370.5
2646	68.2
2647	34.7
2648	141.8
2649	58.9
2650	280.1
2651	0.4
2652	54
2653	124.4
2654	36.6
2655	56
2656	139.5
2657	36.7
2658	96.2
2659	167
2660	364.4
2661	188.1
2662	288.9
2663	59.2
2664	67
2665	52.4
2666	104.5
2667	11.9
2668	108.7
2669	66.7
2670	266.8
2671	136.5
2672	124.2
2673	1.1
2674	35.1
2675	47.1
2676	5.8
2677	241.1
2678	180.3
2679	46
2680	125.4
2681	145.2
2682	261.4
2683	64.2
2684	78
2685	131.7
2686	147
2687	125.2
2688	190.8
2689	230
2690	148
2691	264
2692	4.4
2693	199.9
2694	141.4
2695	0.4
2696	74.3
2697	0.5
2698	186.8
2699	60.6
2700	100.8
2701	7.6
2702	158.1
2703	76.3
2704	11.2
2705	80.5
2706	186.8
2707	25.5
2708	119.2
2709	63.5
2710	128.4
2711	208.1
2712	0.1
2713	58.3
2714	147
2715	65.2
2716	103.8
2717	244.2
2718	74.9
2719	146.3
2720	201.9
2721	62.5
2722	210.3
2723	133.5
2724	61.1
2725	81.1
2726	53.6
2727	122.2
2728	77.8
2729	123.3
2730	229.7
2731	0.1
2732	238.9
2733	193.6
2734	201.6
2735	71.1
2736	11.6
2737	49.2
2738	59.8
2739	50.2
2740	207.2
2741	70.5
2742	86.5
2743	49.4
2744	70.2
2745	46.6
2746	13.3
2747	60.5
2748	0.3
2749	93.6
2750	216.8
2751	141.9
2752	103.8
2753	82.1
2754	208.5
2755	53.5
2756	46.1
2757	95.4
2758	175.6
2759	46.3
2760	49.5
2761	46.5
2762	74.3
2763	88.1
2764	131.1
2765	178.8
2766	321.8
2767	16.3
2768	68.9
2769	45.8
2770	75.2
2771	141.2
2772	63.9
2773	31.1
2774	217.2
2775	275.6
2776	74.6
2777	235.2
2778	228.3
2779	75
2780	27.3
2781	109.5
2782	48.3
2783	131.7
2784	143.6
2785	96.9
2786	81.9
2787	100.4
2788	46.5
2789	204.8
2790	140
2791	264.1
2792	270
2793	177
2794	90.2
2795	46.8
2796	48.5
2797	258.9
2798	312.5
2799	99.8
2800	269.3
2801	171.4
2802	146.3
2803	40
2804	26.7
2805	289.7
2806	100.5
2807	234.7
2808	234.2
2809	134.7
2810	12.5
2811	268.7
2812	53.6
2813	67
2814	109.2
2815	311.6
2816	43.7
2817	57.3
2818	148
2819	104.3
2820	246.6
2821	274.6
2822	70.7
2823	127.2
2824	35.8
2825	60.2
2826	51.1
2827	26.1
2828	67.5
2829	58.6
2830	99
2831	205
2832	179.4
2833	40
2834	183.9
2835	125.6
2836	98.4
2837	136.6
2838	153.5
2839	355.1
2840	272.2
2841	277
2842	91.8
2843	54.1
2844	30.1
2845	45.5
2846	10.1
2847	270
2848	282.2
2849	419.2
2850	295.8
2851	89.8
2852	118.9
2853	97.6
2854	272.7
2855	69.8
2856	115.6
2857	117.1
2858	126.2
2859	62.6
2860	49.3
2861	149.9
2862	71.2
2863	41.9
2864	96.6
2865	233.6
2866	316.9
2867	73.2
2868	48
2869	150.8
2870	62.2
2871	342.9
2872	257.9
2873	253.7
2874	14.9
2875	100.4
2876	10.9
2877	92.5
2878	61.5
2879	31
2880	108
2881	112.9
2882	301.2
2883	55.8
2884	91.8
2885	60.6
2886	109.6
2887	43.4
2888	13.8
2889	37.7
2890	42.9
2891	191.1
2892	389.7
2893	149.7
2894	149.2
2895	273.9
2896	11.4
2897	254
2898	63.2
2899	179.4
2900	86.4
2901	32.9
2902	125.4
2903	281.1
2904	26.6
2905	56
2906	361.6
2907	61.2
2908	86.5
2909	568.2
2910	48.1
2911	263.7
2912	108.9
2913	437.5
2914	228.2
2915	45.5
2916	314.3
2917	50
2918	169.7
2919	31.3
2920	37.4
2921	117.9
2922	44.6
2923	58.9
2924	111
2925	148.5
2926	64.8
2927	28.6
2928	140.3
2929	54.1
2930	269.2
2931	141
2932	136.3
2933	110.2
2934	27.3
2935	97.3
2936	28.8
2937	45
2938	33.3
2939	101.7
2940	28.1
2941	59.3
2942	29.2
2943	612.9
2944	28.7
2945	119.9
2946	188
2947	165.3
2948	177.5
2949	113.5
2950	43.9
2951	196.1
2952	128.3
2953	496.5
2954	137.3
2955	359.1
2956	132.8
2957	74.4
2958	170.7
2959	35.9
2960	81.7
2961	103.9
2962	87.2
2963	131.6
2964	389
2965	45.7
2966	233.7
2967	247.6
2968	115.1
2969	32.1
2970	29.4
2971	88.1
2972	120.8
2973	27.5
2974	116.4
2975	268.1
2976	170.3
2977	81.3
2978	127.7
2979	135.5
2980	108.3
2981	198
2982	209.8
2983	90.4
2984	155.9
2985	115.4
2986	124.2
2987	62.6
2988	88.7
2989	27.6
2990	48.1
2991	290.5
2992	130.6
2993	111.8
2994	93.1
2995	94
2996	269.5
2997	226.2
2998	46.2
2999	221
3000	48.5
3001	35.5
3002	129.9
3003	57.3
3004	88.2
3005	120.6
3006	113.4
3007	137.3
3008	127
3009	106.7
3010	27.7
3011	118
3012	131.4
3013	171.8
3014	46.9
3015	85.4
3016	75.5
3017	349.3
3018	53.7
3019	58.1
3020	46.6
3021	85.8
3022	31.2
3023	83.9
3024	155.4
3025	46.4
3026	167.7
3027	132.2
3028	62.6
3029	163
3030	33
3031	185.4
3032	132.5
3033	54.1
3034	164.5
3035	52.1
3036	32
3037	150.1
3038	56.9
3039	62.2
3040	188
3041	191.5
3042	153.4
3043	189.8
3044	89.9
3045	195.1
3046	40.5
3047	46.4
3048	129
3049	54
3050	277.5
3051	113.4
3052	64.3
3053	217.7
3054	45.1
3055	48.7
3056	145.2
3057	39.9
3058	196.8
3059	67.2
3060	29.7
3061	29.9
3062	49.9
3063	309.1
3064	200.5
3065	33.8
3066	133.4
3067	32.3
3068	155.6
3069	67
3070	89.6
3071	176
3072	54.1
3073	11.5
3074	210.1
3075	133.2
3076	116.5
3077	70.7
3078	59.7
3079	198.9
3080	135
3081	45.8
3082	33.6
3083	366.6
3084	32.4
3085	67.3
3086	81.2
3087	245.6
3088	169.3
3089	445.1
3090	68.6
3091	48.6
3092	13
3093	160.5
3094	12.2
3095	26.3
3096	104.6
3097	13.7
3098	368
3099	31.9
3100	109.6
3101	10.8
3102	84.6
3103	199.4
3104	192.2
3105	36.6
3106	179.2
3107	148.2
3108	26.9
3109	115.4
3110	32.7
3111	291.6
3112	11.2
3113	277.4
3114	86.9
3115	38.1
3116	78.2
3117	60.2
3118	216.9
3119	291.5
3120	10.3
3121	310.6
3122	11.3
3123	195.4
3124	21.9
3125	50.2
3126	11.2
3127	11.4
3128	31.1
3129	23.6
3130	29.1
3131	213.8
3132	159.5
3133	328
3134	246.7
3135	12.6
3136	322.2
3137	11.6
3138	25.6
3139	197.5
3140	81.4
3141	25.3
3142	116.4
3143	230.5
3144	37.9
3145	11.1
3146	21
3147	11
3148	29.8
3149	14
3150	13.9
3151	297.7
3152	147.4
3153	156.2
3154	102.4
3155	146.4
3156	67.3
3157	53.9
3158	13.9
3159	106.7
3160	11.1
3161	235.4
3162	179.9
3163	24.1
3164	12.6
3165	31
3166	135.6
3167	24.1
3168	240.8
3169	14.2
3170	149
3171	13.5
3172	220.7
3173	15
3174	137.9
3175	128.6
3176	12.4
3177	17.1
3178	17.2
3179	14.8
3180	11.4
3181	23.8
3182	159
3183	189.7
3184	184.7
3185	222.4
3186	52.5
3187	146.2
3188	211
3189	54.1
3190	11.1
3191	12.3
3192	204.7
3193	9.9
3194	168.5
3195	154.1
3196	6.8
3197	26.1
3198	28.8
3199	95
3200	13
3201	12
3202	148.7
3203	206.5
3204	25.2
3205	195.5
3206	13.4
3207	10.3
3208	11.7
3209	8.9
3210	201.6
3211	168.8
3212	99.4
3213	13.2
3214	11.3
3215	8.5
3216	15.8
3217	18.1
3218	213.5
3219	181
3220	28.8
3221	13.2
3222	207.5
3223	10.5
3224	130.7
3225	12.2
3226	96.8
3227	14.6
3228	10.5
3229	8
3230	32.6
3231	6.2
3232	11.8
3233	13.6
3234	92
3235	132.4
3236	189.5
3237	12.7
3238	159.7
3239	7.2
3240	55
3241	18.6
3242	6.1
3243	174.9
3244	12.5
3245	14.8
3246	15.1
3247	7.6
3248	12.4
3249	11.5
3250	40.2
3251	172.3
3252	198
3253	9.8
3254	166.9
3255	13.4
3256	12.3
3257	167.3
3258	10.5
3259	26.6
3260	11.5
3261	9.7
3262	157.4
3263	12
3264	11.4
3265	13.7
3266	6.3
3267	30.3
3268	125.6
3269	146.9
3270	6.1
3271	11.2
3272	109.9
3273	11.3
3274	163.4
3275	10.1
3276	12.9
3277	6.3
3278	60
3279	12.6
3280	12.3
3281	16.3
3282	10.9
3283	81.2
3284	7.4
3285	10.6
3286	126
3287	11.3
3288	17.9
3289	7.5
3290	11.5
3291	97
3292	10.9
3293	14.8
3294	17.8
3295	12.7
3296	10.7
3297	11.8
3298	24.7
3299	9.3
3300	43.7
3301	9.1
3302	14.9
3303	133.5
3304	27.8
3305	99.1
3306	10
3307	11.1
3308	93.7
3309	7.5
3310	10.5
3311	10.5
3312	28.2
3313	7
3314	10.5
3315	6.3
3316	62.5
3317	10.7
3318	58
3319	10.5
3320	7.8
3321	7.9
3322	10.9
3323	12.7
3324	7.6
3325	8.8
3326	5.8
3327	10
3328	10.9
3329	6.6
3330	29.2
3331	12.7
3332	13.2
3333	7.5
3334	10.2
3335	43.3
3336	6.1
3337	9.9
3338	11.4
3339	10.6
3340	10.8
3341	42.6
3342	5.5
3343	11.2
3344	7.5
3345	9.9
3346	11.3
3347	5.5
3348	9.9
3349	5.4
3350	66.3
3351	11.4
3352	67.1
3353	11.3
3354	8
3355	12.3
3356	11.3
3357	7.6
3358	10.8
3359	11.3
3360	38.8
3361	6.8
3362	5.9
3363	20.4
3364	11.1
3365	12.8
3366	11.9
3367	10.4
3368	10.4
3369	11.2
3370	12.1
3371	11.1
3372	11.7
3373	12.2
3374	11.3
3375	5.7
3376	10
3377	4.6
3378	4.8
3379	5.3
3380	9.7
3381	9.6
3382	4.6
3383	10.5
3384	9.4
3385	9.7
3386	9.7
3387	4.7
3388	4.4
3389	9.6
3390	9.8
3391	9.5
3392	9.9
3393	4.7
3394	9.9
3395	9.8
3396	10
3397	10.3
3398	8.6
3399	8.1
3400	197.7
3401	240.2
3402	200.5
3403	107.8
3404	125.5
3405	106.6
3406	115.2
3407	151.2
3408	178.7
3409	174.9
3410	0
3411	0
3412	220.7
3413	150.4
3414	230
3415	112.7
3416	5.7
3417	179.8
3418	170.2
3419	0
3420	3.8
3421	0
3422	205.7
3423	118.1
3424	75.9
3425	159.9
3426	135
3427	5.3
3428	30.5
3429	192.1
3430	29.3
3431	135
3432	181.8
3433	79.9
3434	74.9
3435	0.1
3436	149.6
3437	79
3438	0.2
3439	0.2
3440	86.2
3441	114.4
3442	1.6
3443	70.8
3444	66.5
3445	0.1
3446	0.2
3447	0.3
3448	1.5
3449	73
3450	0.1
3451	94.8
3452	77.8
3453	87.1
3454	72.3
3455	72.9
3456	7.3
3457	129
3458	82.7
3459	2.6
3460	93.2
3461	13
3462	153.8
3463	152.2
3464	2.2
3465	11.5
3466	56.1
3467	64.1
3468	82.4
3469	48
3470	97.5
3471	105.2
3472	36
3473	154.9
3474	79
3475	0
3476	0
3477	90.9
3478	108.1
3479	0
3480	83.1
3481	121.8
3482	28.8
3483	49.2
3484	88.4
3485	32.8
3486	0.1
3487	70.7
3488	45.4
3489	217.6
3490	226.5
3491	0.4
3492	108
3493	56.3
3494	130
3495	165.9
3496	20.1
3497	28.3
3498	29.1
3499	226
3500	63.1
3501	37.6
3502	18.2
3503	0.3
3504	0
3505	168.7
3506	331.9
3507	0
3508	123.2
3509	26.9
3510	0.4
3511	165.2
3512	97.5
3513	101.7
3514	97.7
3515	119.9
3516	86.7
3517	38.6
3518	78.7
3519	84.4
3520	0.6
3521	0.8
3522	293.8
3523	69.2
3524	73.5
3525	73.7
3526	23.2
3527	65.4
3528	185.4
3529	81.8
3530	83.1
3531	345.7
3532	43.2
3533	0.3
3534	0.3
3535	162.3
3536	211.2
3537	27
3538	0.3
3539	119.4
3540	214.4
3541	125.3
3542	258.7
3543	126.6
3544	83.4
3545	299.2
3546	325.5
3547	63.9
3548	271.1
3549	121.8
3550	94.2
3551	109.1
3552	81.3
3553	106
3554	121.5
3555	335.8
3556	96
3557	29.1
3558	355.6
3559	27.1
3560	205.7
3561	52.8
3562	50.1
3563	184.2
3564	59.2
3565	61
3566	46.6
3567	180.2
3568	136.1
3569	234.9
3570	122.4
3571	135.2
3572	36.2
3573	239.1
3574	129.7
3575	62.5
3576	167.5
3577	233
3578	131.3
3579	17.8
3580	14.7
3581	11
3582	186.4
3583	16.7
3584	161.9
3585	12.6
3586	183.8
3587	12.2
3588	12.8
3589	11.1
3590	9.4
3591	91.2
3592	8
3593	4.9
3594	9.7
