"COMID"	"Value"
1	14.9
2	7.3
3	39.4
4	6
5	20.1
6	0
7	23.2
8	10.6
9	5.8
10	0
11	11.6
12	5.8
13	0
14	118.7
15	13.7
16	17.9
17	13.1
18	5.6
19	24.8
20	17.6
21	38.9
22	79.2
23	0
24	5.6
25	26.4
26	1.1
27	16.3
28	24.8
29	6.6
30	0
31	15.7
32	16.8
33	110.5
34	5.6
35	3.7
36	6.6
37	70.1
38	0
39	5.6
40	249.1
41	90.5
42	27.5
43	234.5
44	47.6
45	7.8
46	0
47	3.1
48	99.3
49	23.8
50	7.5
51	5.6
52	0.4
53	7.2
54	75.6
55	59.3
56	23.8
57	173.4
58	5.6
59	16.9
60	5.6
61	5.8
62	5.8
63	6.5
64	15.3
65	5.6
66	0.7
67	57.4
68	3.4
69	2.4
70	1
71	0
72	41.5
73	5.6
74	7.7
75	1
76	1
77	0.1
78	2
79	36.3
80	1
81	1.4
82	0
83	23.6
84	0
85	25.2
86	4.6
87	5.6
88	5.6
89	1.4
90	19.7
91	8.4
92	43.1
93	19.7
94	6.1
95	19.1
96	7.5
97	40.4
98	0
99	1.6
100	41.4
101	2
102	14.4
103	5.6
104	0
105	7.5
106	54.4
107	2
108	0
109	7.5
110	7.5
111	0
112	42.5
113	1
114	31.7
115	6.7
116	4.9
117	38.9
118	92.6
119	0
120	5
121	0.4
122	13.9
123	0
124	41.9
125	11.5
126	48.6
127	1.3
128	80.6
129	5.6
130	1
131	1.6
132	1
133	38.1
134	8
135	68.5
136	4.4
137	67.7
138	1
139	1
140	13.3
141	9.5
142	1
143	0
144	8.5
145	1
146	34.4
147	7.4
148	53.3
149	78.6
150	54.9
151	0.1
152	34.2
153	1
154	41.8
155	0
156	1.1
157	42
158	1
159	2
160	27.2
161	1
162	1
163	0.4
164	1
165	0
166	1
167	39.5
168	0
169	45.8
170	17
171	2.8
172	1
173	1
174	7.5
175	0.4
176	71.5
177	2.2
178	18.1
179	43.4
180	1
181	0
182	8.9
183	0
184	1
185	1
186	7.7
187	12.8
188	1
189	1
190	6.6
191	1
192	27
193	1
194	35.6
195	0
196	1
197	2.3
198	1
199	47.6
200	1
201	1
202	1
203	1
204	1
205	1
206	0.9
207	1.2
208	36.7
209	47.7
210	4.3
211	8.5
212	37.5
213	32.3
214	1
215	28.9
216	17.7
217	1.7
218	2.1
219	3.7
220	1
221	0
222	31.2
223	27.1
224	0
225	7.6
226	29.7
227	0
228	8.6
229	1
230	0
231	2.6
232	24.5
233	22.8
234	0.3
235	0
236	9.3
237	0.4
238	14.6
239	16.9
240	12.5
241	13.3
242	0
243	0
244	33.5
245	7.7
246	20.2
247	0
248	0
249	0
250	32
251	19.6
252	47.6
253	6.4
254	0
255	0
256	0
257	0
258	0
259	0
260	0
261	7.1
262	15.9
263	0
264	0
265	0
266	3.4
267	28
268	21.3
269	39.5
270	0
271	5.7
272	6.6
273	17.5
274	0
275	18.8
276	0
277	1
278	16
279	0
280	17.9
281	7.6
282	16.3
283	1
284	1
285	0
286	20.1
287	42.3
288	1
289	1
290	1
291	10.7
292	1
293	0
294	20.7
295	1
296	3.8
297	18.5
298	0
299	0
300	18.3
301	1
302	15.8
303	4.6
304	1
305	11.7
306	1
307	15.3
308	0.7
309	1
310	5.1
311	9.9
312	10.5
313	6.6
314	1
315	1
316	1
317	0
318	1.1
319	0
320	15.9
321	1
322	5.4
323	12.8
324	1
325	0
326	19.3
327	1
328	1
329	1
330	0
331	1
332	1
333	1
334	1
335	0
336	1
337	0
338	1
339	1
340	1
341	1
342	0
343	1
344	0
345	1
346	0
347	1
348	1.1
349	1
350	1
351	1
352	1
353	0.9
354	1
355	0
356	1
357	0
358	1
359	0
360	1
361	1
362	1
363	1
364	0
365	0.4
366	5.7
367	0
368	14.6
369	0
370	0.9
371	0
372	5.6
373	5.9
374	0
375	26.5
376	79.3
377	1.1
378	5.8
379	0
380	1.1
381	0
382	0
383	1.3
384	0
385	0
386	0
387	43.2
388	0.4
389	1.5
390	34.8
391	5.6
392	1.9
393	0
394	5.6
395	0
396	0
397	0
398	5.6
399	0
400	5.6
401	5
402	0
403	0
404	0
405	0
406	133.5
407	0
408	0
409	0
410	46.7
411	8.3
412	0
413	146.7
414	0
415	0
416	0
417	0
418	0
419	7.3
420	0
421	0
422	0
423	1.6
424	63.8
425	14
426	0
427	196.1
428	81.9
429	3.6
430	116.7
431	0
432	5.6
433	7.6
434	5.8
435	5.6
436	5.8
437	0
438	16
439	0
440	0.7
441	146.3
442	4.8
443	50
444	5.6
445	55.9
446	5.6
447	55.2
448	31.1
449	5.6
450	8.1
451	0
452	18.5
453	0
454	5.6
455	14.6
456	5.6
457	3.5
458	15.7
459	11.8
460	5.7
461	59.6
462	48.1
463	7.5
464	1
465	31
466	0
467	137.4
468	1
469	12.7
470	1
471	1
472	0.9
473	5.6
474	1
475	0
476	0
477	57.4
478	1
479	27.7
480	2.7
481	0
482	0
483	7.9
484	5.6
485	5.9
486	0
487	32.9
488	0.6
489	0
490	0.5
491	184.6
492	3.9
493	0
494	338.5
495	0
496	0
497	42.2
498	39
499	0
500	21.1
501	166.6
502	225.6
503	5.6
504	5.6
505	4.6
506	20.6
507	12
508	4.6
509	14.9
510	177
511	45.1
512	58.6
513	0
514	6.1
515	0
516	5.6
517	22.8
518	5.7
519	6.2
520	0.1
521	95.2
522	5.6
523	0
524	10
525	91.3
526	6.2
527	127.9
528	5.6
529	0
530	93.9
531	26.5
532	42.4
533	135.6
534	8
535	145.2
536	10.1
537	0
538	0
539	0.8
540	5.6
541	36.2
542	23.4
543	32
544	0
545	0.1
546	43.4
547	73.7
548	0.1
549	0.3
550	0.8
551	27.4
552	67.6
553	2.9
554	0
555	5.6
556	79.7
557	6.5
558	0.1
559	25.4
560	25.8
561	13.3
562	27.3
563	0
564	15.7
565	32.7
566	22.8
567	5.6
568	22
569	12.5
570	0
571	11.6
572	17.1
573	7.1
574	81.6
575	5.6
576	0
577	0
578	29.7
579	96.4
580	16.9
581	0
582	112.3
583	5.6
584	5.6
585	0
586	60.7
587	20
588	69.1
589	35
590	0
591	106.9
592	314.9
593	15.9
594	13.7
595	124.5
596	5.6
597	0
598	5.7
599	20.5
600	9.9
601	6.1
602	0
603	0.3
604	118.6
605	0
606	102.9
607	5.6
608	6.7
609	0
610	5.6
611	2
612	0
613	0
614	27.1
615	0
616	0
617	54.3
618	0.1
619	28.8
620	10.5
621	98
622	57.6
623	67.5
624	34
625	5.6
626	5.6
627	20.3
628	5.7
629	51.3
630	60.8
631	5.6
632	0.3
633	14.7
634	0
635	54.4
636	42.2
637	31.8
638	5.6
639	0.1
640	0.1
641	52.3
642	0
643	37.4
644	0
645	0.3
646	17.1
647	5.6
648	2.1
649	20.5
650	5.6
651	84.8
652	6
653	0
654	5.6
655	0
656	6.7
657	43.4
658	13.1
659	33.5
660	0
661	6.9
662	10.9
663	21.9
664	5.6
665	5.6
666	5.6
667	0.9
668	65.1
669	2.5
670	5.6
671	5.6
672	5.6
673	10
674	0.1
675	32.3
676	11.7
677	50.1
678	15.8
679	5.7
680	0
681	22.9
682	18.8
683	99
684	18.2
685	5.6
686	65.7
687	0
688	43.6
689	5.6
690	12.5
691	0.7
692	50.9
693	10
694	0
695	0.6
696	37.7
697	5.7
698	20.4
699	29.3
700	22.1
701	0.1
702	65.2
703	22.7
704	22
705	25.6
706	7.8
707	70.8
708	40.3
709	38.7
710	19.2
711	0
712	0.3
713	9
714	6
715	6.2
716	0
717	0.5
718	47.5
719	5.6
720	21.6
721	5.6
722	19
723	76.3
724	74.4
725	5.6
726	0
727	0
728	58.5
729	0
730	16.3
731	10.1
732	0
733	5.5
734	15.4
735	0.4
736	7.1
737	32.3
738	14.5
739	49.4
740	74.5
741	28.9
742	3
743	22.1
744	0
745	0
746	18.2
747	16.3
748	0
749	40.4
750	5.8
751	10.3
752	11.2
753	28.2
754	55.8
755	17.8
756	8.2
757	12.9
758	14.2
759	5.6
760	12.9
761	5.6
762	20.3
763	12
764	62.2
765	32
766	0
767	16.4
768	12.9
769	110.3
770	8.8
771	3.9
772	14.4
773	7.8
774	8.8
775	0.5
776	7.6
777	18.5
778	9.4
779	0
780	115.4
781	10
782	490
783	405.4
784	675.2
785	534.4
786	362
787	597
788	167.9
789	281
790	405.6
791	315.4
792	409.1
793	357.6
794	462.6
795	427.8
796	176.9
797	436.7
798	114.9
799	298.9
800	312.1
801	247.9
802	176.9
803	287.3
804	130.9
805	119.4
806	218.9
807	77
808	161.8
809	325.5
810	549.1
811	103.6
812	343.2
813	212.4
814	143.9
815	200.3
816	147.8
817	134.2
818	256.1
819	503.9
820	115.3
821	107.9
822	155.4
823	123.9
824	404
825	80.2
826	443.3
827	281.1
828	208.5
829	103.3
830	278.1
831	92.9
832	277.4
833	98.7
834	290
835	156.5
836	273.8
837	56.4
838	115.1
839	88
840	184
841	140.2
842	68.6
843	16.6
844	304.9
845	140.2
846	86.1
847	165.2
848	90.5
849	65.1
850	309.5
851	215.6
852	139.9
853	159.2
854	142
855	117.7
856	107.2
857	145.3
858	249
859	107.6
860	70.2
861	144.2
862	7.3
863	126
864	120.1
865	122.5
866	74.4
867	97.7
868	314
869	105.3
870	37.8
871	104.8
872	113.5
873	8.7
874	92.7
875	216.5
876	106.9
877	102.3
878	94.5
879	133.2
880	110.3
881	94.3
882	97.2
883	76.5
884	102.5
885	100.6
886	6.6
887	82.1
888	92.6
889	90.3
890	92.9
891	128
892	83.5
893	120.7
894	6.7
895	89.8
896	201.3
897	117.2
898	110.9
899	158
900	165.8
901	143
902	252.2
903	193.1
904	119.5
905	126.7
906	229
907	143.3
908	91
909	97.5
910	0
911	121.6
912	127.6
913	141.5
914	114.6
915	0
916	113.7
917	118.5
918	107.7
919	147.9
920	146.4
921	71.6
922	134.5
923	15
924	115.4
925	145.4
926	145.5
927	123.7
928	3.3
929	123.1
930	111.5
931	107
932	12.9
933	138
934	0
935	165.5
936	148.4
937	213.5
938	215.6
939	134.1
940	171.4
941	145.4
942	134.9
943	0
944	174.2
945	141.9
946	211.5
947	0
948	120.7
949	127.2
950	138.3
951	145.9
952	171.9
953	8.3
954	12.5
955	116.1
956	155.6
957	192.4
958	9
959	176.8
960	142.3
961	125
962	169.7
963	119.5
964	0
965	104.1
966	124.3
967	0
968	144
969	149.7
970	30.1
971	177.8
972	161
973	147.2
974	140.3
975	166.3
976	165.4
977	282.7
978	5.7
979	133
980	146
981	99.5
982	124.8
983	154.4
984	127.7
985	255.6
986	213.2
987	4.8
988	244
989	126.1
990	0
991	116.5
992	0
993	225.4
994	116.2
995	227.4
996	131.2
997	208.9
998	6.1
999	128.7
1000	0
1001	6.5
1002	169
1003	0
1004	121.3
1005	7.8
1006	186.8
1007	0
1008	8.3
1009	0
1010	167.1
1011	174.8
1012	173.6
1013	7.5
1014	166.4
1015	8.3
1016	0
1017	226.7
1018	8.6
1019	7.5
1020	179.7
1021	173.5
1022	186.3
1023	285.1
1024	203.4
1025	170.3
1026	186.5
1027	139.3
1028	148.3
1029	10.6
1030	1.4
1031	0
1032	0
1033	1.2
1034	135.5
1035	0.6
1036	165.4
1037	146.6
1038	117.3
1039	6.5
1040	10
1041	193.9
1042	7.9
1043	0
1044	4.6
1045	8.8
1046	10.7
1047	219
1048	173
1049	157.4
1050	0
1051	131.6
1052	222.9
1053	11.7
1054	157.8
1055	221.5
1056	146.7
1057	0.6
1058	154.9
1059	1
1060	169.8
1061	0
1062	193.2
1063	235.5
1064	0.1
1065	2.6
1066	207.9
1067	0.7
1068	0.8
1069	0.3
1070	179.1
1071	163
1072	0.4
1073	0.2
1074	174.5
1075	0
1076	225.1
1077	0.6
1078	189.2
1079	202.2
1080	8.2
1081	0.5
1082	241.9
1083	0.8
1084	180.8
1085	165.8
1086	194.1
1087	0
1088	0.8
1089	2.3
1090	161.5
1091	254.9
1092	0.4
1093	4.8
1094	0.1
1095	20.1
1096	21.6
1097	276.8
1098	15.2
1099	0
1100	0
1101	0.1
1102	159.8
1103	0.4
1104	1.8
1105	17.2
1106	3.8
1107	0.6
1108	2.4
1109	162.9
1110	0.3
1111	0.4
1112	290.5
1113	234.8
1114	161.9
1115	6.3
1116	4.2
1117	196.3
1118	7
1119	2
1120	8.6
1121	2.3
1122	8.3
1123	10.5
1124	157.7
1125	5.2
1126	209.8
1127	2.9
1128	370.8
1129	188.2
1130	3.1
1131	0.3
1132	171.6
1133	358.5
1134	2.7
1135	0
1136	0.4
1137	3.5
1138	3.4
1139	2.3
1140	155.9
1141	9.7
1142	0.2
1143	289.4
1144	16.3
1145	3.3
1146	5.9
1147	6.8
1148	177.5
1149	5.6
1150	1.9
1151	10.4
1152	336.3
1153	229.6
1154	0
1155	0
1156	131.6
1157	2.9
1158	0.1
1159	99.2
1160	13.2
1161	0.2
1162	6.6
1163	7.2
1164	154.5
1165	0
1166	210
1167	169.5
1168	159.6
1169	252.9
1170	139.6
1171	7.1
1172	119.9
1173	3.9
1174	200.2
1175	3
1176	65
1177	0
1178	6.4
1179	167.6
1180	2.4
1181	9.4
1182	19.1
1183	0.1
1184	0
1185	201.5
1186	217.2
1187	2.7
1188	17.1
1189	12.3
1190	4.2
1191	187.1
1192	13.6
1193	299.9
1194	10.7
1195	121.3
1196	3.8
1197	0
1198	0.6
1199	209.1
1200	26.4
1201	9.3
1202	5.9
1203	0
1204	3.5
1205	18.4
1206	0.3
1207	5.1
1208	0.5
1209	6.1
1210	288.8
1211	223.9
1212	0
1213	120.7
1214	161.3
1215	8.4
1216	158.2
1217	186
1218	0.4
1219	0.3
1220	132.9
1221	15.3
1222	15.6
1223	6.3
1224	11.8
1225	110
1226	213.5
1227	163.1
1228	4.5
1229	11.7
1230	139.5
1231	0.4
1232	156.7
1233	15.5
1234	9.1
1235	6
1236	0.3
1237	185.9
1238	265
1239	0.1
1240	10.4
1241	123.7
1242	141.3
1243	6.4
1244	13.6
1245	110.8
1246	219.7
1247	86
1248	28.7
1249	154.9
1250	115.1
1251	9.8
1252	0
1253	18.9
1254	6
1255	0
1256	119.7
1257	5.8
1258	3.2
1259	0.1
1260	154.6
1261	132.1
1262	0.6
1263	5.3
1264	9.2
1265	156.3
1266	171.5
1267	0.1
1268	161
1269	29.3
1270	288.9
1271	10.4
1272	11.9
1273	4.1
1274	197.2
1275	19.5
1276	131.8
1277	162.6
1278	181.4
1279	26.7
1280	0
1281	3.4
1282	0.1
1283	299.6
1284	32.4
1285	5.3
1286	299.2
1287	6.3
1288	3.1
1289	175.6
1290	9
1291	126.7
1292	6
1293	25.8
1294	4.7
1295	205.4
1296	0.5
1297	31.6
1298	191.8
1299	20.3
1300	3.9
1301	0
1302	6.3
1303	16.4
1304	34.6
1305	336.9
1306	0.1
1307	202.2
1308	11.9
1309	0.1
1310	215.2
1311	221.1
1312	143.4
1313	3.7
1314	217.6
1315	0
1316	129
1317	119.7
1318	14
1319	136.6
1320	113.5
1321	0.4
1322	0.1
1323	0.1
1324	10.8
1325	202.9
1326	0.4
1327	0.3
1328	193.9
1329	32.6
1330	128.1
1331	103.5
1332	25.7
1333	71.8
1334	276.9
1335	3.9
1336	230.1
1337	0.7
1338	0.5
1339	8
1340	5.9
1341	281.7
1342	202.5
1343	0.1
1344	0.1
1345	10.2
1346	0.1
1347	231.4
1348	99.7
1349	4.7
1350	0
1351	98.2
1352	29.8
1353	193.2
1354	0.4
1355	107.8
1356	27.3
1357	94.2
1358	179.8
1359	6.9
1360	0.7
1361	6.7
1362	185.1
1363	0.1
1364	1.3
1365	107.3
1366	0.5
1367	0.1
1368	100.7
1369	0.2
1370	3.4
1371	0.3
1372	9.6
1373	171.2
1374	0.7
1375	226.7
1376	30.6
1377	19
1378	9.3
1379	13.3
1380	114.5
1381	0.1
1382	194.6
1383	0.8
1384	13.7
1385	28.8
1386	99.1
1387	0.5
1388	0.5
1389	0.3
1390	105
1391	197.5
1392	117.2
1393	0.1
1394	0.3
1395	106.4
1396	0.1
1397	288.3
1398	0.1
1399	0.1
1400	84.3
1401	0.5
1402	0.6
1403	176.5
1404	15
1405	0.5
1406	0.9
1407	0.1
1408	0.4
1409	191.1
1410	0.3
1411	142.3
1412	0.6
1413	208.4
1414	8.7
1415	222.3
1416	183.2
1417	0.3
1418	176.9
1419	1
1420	18.7
1421	2
1422	0.6
1423	50.4
1424	105.4
1425	0.3
1426	161.4
1427	8
1428	3.7
1429	1.3
1430	119.6
1431	194.4
1432	0.9
1433	184.5
1434	0.9
1435	124.5
1436	0.1
1437	0.1
1438	0.4
1439	11.7
1440	177.8
1441	167.4
1442	0.9
1443	103.8
1444	1.6
1445	0.3
1446	215.4
1447	0.4
1448	235.6
1449	0.1
1450	0.5
1451	0.9
1452	0.2
1453	239.1
1454	48.2
1455	0.6
1456	0.7
1457	212.5
1458	109.5
1459	20.9
1460	2.7
1461	165.4
1462	0.2
1463	1.3
1464	1.8
1465	2.5
1466	161.7
1467	0.5
1468	0.2
1469	108.4
1470	162.3
1471	0.3
1472	0.3
1473	184
1474	0.7
1475	180.7
1476	0.3
1477	0.9
1478	143
1479	120.5
1480	0.2
1481	124.5
1482	159.9
1483	1.4
1484	0.8
1485	50.6
1486	2.2
1487	2.1
1488	190.9
1489	125.5
1490	0.8
1491	87.4
1492	170.6
1493	168.9
1494	174.9
1495	0.1
1496	164.2
1497	161.2
1498	1.8
1499	118.5
1500	12.1
1501	157.8
1502	134.8
1503	0.7
1504	0.1
1505	197.7
1506	204.4
1507	0.5
1508	1
1509	54.1
1510	1.5
1511	1.3
1512	0.4
1513	120
1514	1.1
1515	5
1516	0.7
1517	102.5
1518	0.5
1519	143.7
1520	0.9
1521	2.1
1522	4.8
1523	0.8
1524	0.2
1525	0.1
1526	1.4
1527	202.2
1528	0.9
1529	172.4
1530	209.1
1531	0.7
1532	1.2
1533	1.4
1534	154.6
1535	29.9
1536	168.3
1537	1.7
1538	42.2
1539	1.8
1540	0.2
1541	2.6
1542	0.2
1543	113.8
1544	0.4
1545	0.5
1546	36.7
1547	146.8
1548	0.3
1549	0.6
1550	1.2
1551	0.2
1552	190.5
1553	182.3
1554	71.5
1555	115.2
1556	169.2
1557	2.1
1558	1.1
1559	139.6
1560	19.1
1561	0.4
1562	1.7
1563	2.2
1564	0.2
1565	87
1566	2.3
1567	2.1
1568	1.2
1569	178.7
1570	124.3
1571	0.3
1572	0.8
1573	203.1
1574	3.4
1575	176
1576	227.6
1577	281.3
1578	2.3
1579	2.3
1580	160.6
1581	132.2
1582	242.7
1583	200.5
1584	33.1
1585	180.5
1586	145.1
1587	0.2
1588	140.4
1589	1.3
1590	10.4
1591	1.6
1592	185
1593	3.3
1594	155.1
1595	166.8
1596	170.8
1597	0.6
1598	143.7
1599	186
1600	253.7
1601	64.4
1602	199.1
1603	223.2
1604	211.2
1605	25.9
1606	0.9
1607	1.2
1608	224.3
1609	2.2
1610	166.5
1611	2.9
1612	156
1613	196.5
1614	206.6
1615	243.3
1616	209.1
1617	1.1
1618	157.7
1619	11
1620	189.8
1621	169.5
1622	291.8
1623	3.1
1624	182.2
1625	164.1
1626	264.5
1627	0.4
1628	151.1
1629	3
1630	298.3
1631	131.3
1632	219.7
1633	0.6
1634	195.5
1635	209.2
1636	197.6
1637	270.2
1638	232.1
1639	8.8
1640	1
1641	140.7
1642	212.9
1643	302.2
1644	3.6
1645	119.3
1646	197.5
1647	2.4
1648	19.6
1649	3.2
1650	5.4
1651	240.9
1652	140.1
1653	4.6
1654	254.3
1655	213.4
1656	328.8
1657	116
1658	306.2
1659	240.8
1660	114.7
1661	27.3
1662	0.9
1663	177.7
1664	16.9
1665	2.1
1666	341.5
1667	290.6
1668	159.3
1669	134.8
1670	53.4
1671	268.9
1672	221.1
1673	233
1674	194.2
1675	123.7
1676	40.7
1677	52.8
1678	3.7
1679	292.8
1680	243.3
1681	107.7
1682	2
1683	114
1684	245
1685	93.3
1686	93.5
1687	211.8
1688	113.2
1689	20.3
1690	253.5
1691	35.7
1692	198.5
1693	45.6
1694	122.4
1695	227
1696	0.3
1697	263.1
1698	2.3
1699	14.3
1700	127.8
1701	219.2
1702	308.7
1703	119.6
1704	0.3
1705	8.2
1706	149.4
1707	1.5
1708	2.2
1709	220.3
1710	27.9
1711	12
1712	168.8
1713	203.5
1714	236.9
1715	194.1
1716	82.8
1717	138.3
1718	26.3
1719	71.9
1720	123.6
1721	289.2
1722	106.7
1723	138.9
1724	96.4
1725	195.5
1726	99.7
1727	311.1
1728	125
1729	52.3
1730	185.4
1731	22.1
1732	91.4
1733	164.3
1734	31.6
1735	200.7
1736	2.9
1737	194.7
1738	77.4
1739	116.1
1740	0.3
1741	45.7
1742	11.2
1743	98.8
1744	160.7
1745	186.2
1746	151.1
1747	124
1748	136.7
1749	100.2
1750	60.7
1751	124.4
1752	117.8
1753	232.2
1754	162.9
1755	120.4
1756	116.9
1757	231
1758	171.9
1759	109
1760	132.2
1761	201.8
1762	177.8
1763	174.4
1764	193.7
1765	16
1766	225.9
1767	137
1768	0.5
1769	151.3
1770	240
1771	186.6
1772	0.5
1773	208.1
1774	95.1
1775	0.1
1776	94.8
1777	235.6
1778	13.8
1779	14.6
1780	4
1781	149.3
1782	129.5
1783	105.2
1784	91.3
1785	173.3
1786	143.2
1787	304.5
1788	253
1789	86.6
1790	7.2
1791	128.3
1792	100.7
1793	198.5
1794	75.4
1795	165.1
1796	208.2
1797	264
1798	88.8
1799	0.1
1800	170.6
1801	163.7
1802	154.6
1803	0.4
1804	95.9
1805	15.8
1806	222.1
1807	120.4
1808	84
1809	234.1
1810	362.2
1811	121.5
1812	0.1
1813	378.2
1814	71.9
1815	84.3
1816	132.3
1817	157.3
1818	95.6
1819	261.3
1820	262.3
1821	154.9
1822	245.7
1823	161.8
1824	0.2
1825	250.3
1826	167.7
1827	92.2
1828	114.2
1829	165.4
1830	0.8
1831	299.6
1832	0.3
1833	199.7
1834	0.3
1835	201.2
1836	227
1837	0.1
1838	0.2
1839	254.8
1840	154.9
1841	169.4
1842	168.4
1843	328.4
1844	142.8
1845	211.7
1846	0
1847	246.9
1848	263.7
1849	208.2
1850	146
1851	189.3
1852	119.7
1853	101.6
1854	250.7
1855	86.5
1856	180.1
1857	0.1
1858	90.3
1859	99.8
1860	157.7
1861	0.2
1862	197.9
1863	0.1
1864	73.8
1865	176.3
1866	311.8
1867	0.2
1868	228
1869	171.2
1870	56.7
1871	283.5
1872	192.4
1873	204.6
1874	271.5
1875	0.2
1876	203.6
1877	0.2
1878	0.1
1879	313
1880	268.6
1881	174.9
1882	0.1
1883	271.2
1884	255.7
1885	75.6
1886	215.6
1887	0.2
1888	175.3
1889	0.6
1890	281.5
1891	54.7
1892	160.6
1893	91.2
1894	71.4
1895	120.1
1896	70.6
1897	214.6
1898	174.6
1899	218.3
1900	0.2
1901	318.6
1902	236
1903	206.2
1904	235.1
1905	118.2
1906	0.1
1907	0
1908	144.6
1909	39.8
1910	34.9
1911	151.5
1912	79.1
1913	0.2
1914	119.2
1915	0.1
1916	205.8
1917	98.2
1918	110.7
1919	0.1
1920	0.1
1921	213.3
1922	0.6
1923	0.3
1924	0.1
1925	139.7
1926	214.8
1927	286.4
1928	78.7
1929	0
1930	0.2
1931	0
1932	105.5
1933	294.2
1934	162.1
1935	0.3
1936	251.3
1937	0.1
1938	183.1
1939	281.3
1940	0.1
1941	233.8
1942	112
1943	0.2
1944	237.2
1945	0
1946	0.6
1947	0.7
1948	0
1949	167.1
1950	172.5
1951	0.3
1952	54.2
1953	77.1
1954	0.7
1955	114.9
1956	88.7
1957	305.8
1958	0.1
1959	73.2
1960	110.7
1961	111.8
1962	203.9
1963	0.1
1964	0.3
1965	0.5
1966	207.2
1967	33.5
1968	160
1969	0.1
1970	119
1971	0.5
1972	0.7
1973	0.2
1974	93.9
1975	74.7
1976	63.3
1977	48.5
1978	178.5
1979	292.3
1980	0.5
1981	95.7
1982	202.5
1983	0.4
1984	0.4
1985	79.3
1986	96.1
1987	179.7
1988	47.7
1989	337
1990	142.5
1991	0.8
1992	0.1
1993	52.2
1994	200.7
1995	158.6
1996	0.2
1997	39.1
1998	270.8
1999	0.2
2000	162.3
2001	241.9
2002	57.7
2003	55.1
2004	0.4
2005	0.2
2006	68.3
2007	0.4
2008	28.5
2009	0.2
2010	41.7
2011	269.5
2012	0.5
2013	65.7
2014	211.9
2015	41
2016	0.5
2017	0.1
2018	165
2019	0.4
2020	0.7
2021	88.6
2022	125.2
2023	47
2024	180.4
2025	226.5
2026	0.4
2027	43.8
2028	228.5
2029	193.9
2030	0.2
2031	55.6
2032	9.7
2033	0.3
2034	0.1
2035	37.9
2036	161.9
2037	204.5
2038	289.7
2039	0.5
2040	0.5
2041	215.4
2042	52.4
2043	198.8
2044	234.2
2045	0.1
2046	0.1
2047	50.9
2048	0.4
2049	0.1
2050	151
2051	37.1
2052	0.3
2053	55.6
2054	43.7
2055	37.7
2056	202.8
2057	132.3
2058	315.5
2059	0.2
2060	102.6
2061	8.2
2062	220.1
2063	0.3
2064	51.6
2065	0.6
2066	0.1
2067	66.8
2068	0.1
2069	269.8
2070	18.9
2071	84.6
2072	0.1
2073	48.7
2074	168.7
2075	0.2
2076	475.9
2077	0.2
2078	103
2079	0.3
2080	0.3
2081	136
2082	0.2
2083	45.2
2084	69.7
2085	0.1
2086	66.1
2087	0.3
2088	214.5
2089	45.3
2090	174.1
2091	57.1
2092	57.7
2093	109.3
2094	0.2
2095	42.2
2096	0.2
2097	59
2098	113.6
2099	43.2
2100	186.4
2101	0.1
2102	84.5
2103	0.1
2104	0
2105	0.2
2106	0.2
2107	0.3
2108	76.4
2109	0.1
2110	0.1
2111	0.1
2112	336.8
2113	64.7
2114	0.2
2115	128.7
2116	157.9
2117	61.4
2118	30.6
2119	16.1
2120	126.2
2121	30.6
2122	169.1
2123	0.8
2124	142
2125	42.1
2126	0.1
2127	28.1
2128	0.2
2129	0
2130	0.9
2131	72.3
2132	135.4
2133	0.1
2134	0.1
2135	13.2
2136	239.1
2137	43.7
2138	18.6
2139	154.1
2140	0
2141	147.6
2142	82.1
2143	0.1
2144	0.1
2145	150.1
2146	44.4
2147	44.4
2148	165.2
2149	0.4
2150	40.9
2151	0.1
2152	257.3
2153	420
2154	202.1
2155	0
2156	0
2157	0.2
2158	50.9
2159	35.2
2160	442.4
2161	0
2162	0.3
2163	141.5
2164	0.1
2165	55.8
2166	0
2167	0.1
2168	0.7
2169	179.2
2170	0
2171	0.9
2172	0
2173	71.8
2174	0
2175	25.8
2176	0.3
2177	277.5
2178	20.8
2179	0.2
2180	26.1
2181	463.5
2182	0.5
2183	0
2184	0.1
2185	156.7
2186	29.9
2187	40.3
2188	0
2189	0
2190	56.1
2191	0.2
2192	0
2193	0
2194	131.1
2195	42.7
2196	0.1
2197	329.6
2198	0
2199	365.5
2200	0
2201	22.2
2202	38.4
2203	0.2
2204	0
2205	0.8
2206	34.7
2207	37
2208	33.3
2209	0.2
2210	253.1
2211	0.3
2212	75.8
2213	131.6
2214	0
2215	31.5
2216	29
2217	0
2218	0
2219	292.6
2220	25.8
2221	0
2222	254.2
2223	0
2224	0.3
2225	44.8
2226	35.3
2227	306.2
2228	0.2
2229	0.2
2230	72.6
2231	0
2232	51.3
2233	0
2234	238.5
2235	0.1
2236	0
2237	0.2
2238	0.2
2239	33.9
2240	0.3
2241	47.1
2242	0.1
2243	0.2
2244	0.2
2245	290.7
2246	0
2247	0.1
2248	362.4
2249	49.6
2250	0
2251	18.9
2252	160.9
2253	0
2254	35.8
2255	0.1
2256	166
2257	40
2258	0
2259	305.4
2260	0.1
2261	0
2262	0
2263	433.4
2264	368.2
2265	295.9
2266	0.2
2267	0.3
2268	79.5
2269	62.6
2270	0.2
2271	117.2
2272	0.2
2273	65.6
2274	0.1
2275	139.7
2276	101.5
2277	0.4
2278	0.4
2279	0
2280	0.1
2281	0.4
2282	483.2
2283	114
2284	0.4
2285	305.7
2286	109
2287	39.2
2288	144.7
2289	0.2
2290	0.4
2291	0.1
2292	327.6
2293	55.8
2294	114.2
2295	198.8
2296	156.8
2297	470.9
2298	0
2299	30
2300	0.1
2301	0.6
2302	0.4
2303	0.4
2304	0.6
2305	0.1
2306	122.2
2307	268
2308	0.2
2309	143.3
2310	475.3
2311	0.7
2312	0.8
2313	0.5
2314	0.5
2315	1.6
2316	0.1
2317	428.5
2318	0
2319	0
2320	161.4
2321	216
2322	0.7
2323	0.2
2324	431.7
2325	170.4
2326	123.3
2327	0.1
2328	314.2
2329	0.2
2330	0.8
2331	1
2332	101.3
2333	0.4
2334	161.6
2335	1.3
2336	127
2337	1.2
2338	303.9
2339	94.1
2340	190.9
2341	138.1
2342	0.7
2343	127.3
2344	1.1
2345	285.1
2346	118
2347	0.1
2348	0.8
2349	85
2350	0.4
2351	135.9
2352	0.3
2353	95.9
2354	1.7
2355	93
2356	0.8
2357	2
2358	48.4
2359	123.8
2360	104.3
2361	112.3
2362	113.4
2363	186.7
2364	66.3
2365	76.3
2366	1.5
2367	1.4
2368	97
2369	53.6
2370	138.3
2371	0.9
2372	72.5
2373	155.3
2374	27.7
2375	1.2
2376	1.5
2377	143.2
2378	137.8
2379	74.2
2380	89.1
2381	75.1
2382	150.4
2383	2.3
2384	1.5
2385	15.3
2386	0.7
2387	0.6
2388	99.3
2389	138.3
2390	31.8
2391	62.4
2392	160.9
2393	2.8
2394	171.5
2395	53.3
2396	97.9
2397	1.1
2398	12.5
2399	177.5
2400	1.6
2401	116.8
2402	185
2403	78.5
2404	28.5
2405	82.8
2406	71.9
2407	3.6
2408	111.4
2409	142.9
2410	140.9
2411	191.3
2412	190.7
2413	1.2
2414	34.3
2415	185.6
2416	99
2417	73.2
2418	130.8
2419	88
2420	189.6
2421	5.8
2422	68.2
2423	73.1
2424	167
2425	24.9
2426	3.9
2427	1.2
2428	174.2
2429	5.2
2430	3.5
2431	141.9
2432	0.8
2433	205.9
2434	26.6
2435	0.7
2436	0.7
2437	19.9
2438	144
2439	376.6
2440	166.1
2441	8.6
2442	79.8
2443	128.7
2444	183.7
2445	160.7
2446	27.4
2447	183.1
2448	601.8
2449	5.6
2450	5.3
2451	147.8
2452	151.5
2453	572.5
2454	3
2455	2.2
2456	629.8
2457	4
2458	87.1
2459	167.4
2460	16.6
2461	586.4
2462	331
2463	23.4
2464	570.5
2465	13
2466	2.9
2467	101.2
2468	264.8
2469	173.3
2470	588.1
2471	122.5
2472	197.8
2473	24.9
2474	408.9
2475	95.3
2476	20.6
2477	142.5
2478	190.5
2479	10.6
2480	162.6
2481	207.5
2482	16.1
2483	15.3
2484	393.2
2485	274.7
2486	187.3
2487	8.2
2488	121.5
2489	573.2
2490	217.4
2491	21.7
2492	388
2493	12.1
2494	178
2495	185.7
2496	17.4
2497	125.2
2498	304.2
2499	15.5
2500	595.6
2501	341.2
2502	357.6
2503	239
2504	168.4
2505	346.1
2506	123.8
2507	6.1
2508	292.5
2509	10.6
2510	254.7
2511	802.1
2512	323.5
2513	120.6
2514	335.8
2515	342.4
2516	1.2
2517	27.1
2518	63.6
2519	161.3
2520	610.5
2521	314.8
2522	1098.4
2523	35.6
2524	9
2525	56.6
2526	301.2
2527	250.7
2528	223
2529	252.3
2530	151.5
2531	158.3
2532	148.7
2533	468.3
2534	77.8
2535	215.2
2536	472.5
2537	81.1
2538	619
2539	843.9
2540	651
2541	664.7
2542	348
2543	270.9
2544	91.3
2545	420.8
2546	198.6
2547	176.8
2548	506.1
2549	196.8
2550	12.2
2551	34.6
2552	859.4
2553	159.4
2554	421.4
2555	163
2556	231.2
2557	191.7
2558	134.9
2559	164.2
2560	679.3
2561	151.5
2562	917
2563	362.8
2564	358.4
2565	716.4
2566	35.5
2567	223.7
2568	1051.1
2569	298.2
2570	59.7
2571	51.2
2572	4.2
2573	4.8
2574	157.3
2575	68.8
2576	155.6
2577	149.9
2578	243.4
2579	245.1
2580	4.4
2581	377.5
2582	753.6
2583	567.1
2584	12.7
2585	283.1
2586	520
2587	190.3
2588	191.3
2589	236.4
2590	192.8
2591	192.4
2592	169.6
2593	152
2594	50.5
2595	12.2
2596	409.1
2597	180.4
2598	802.1
2599	180
2600	173.5
2601	159.4
2602	397.7
2603	144.8
2604	889.8
2605	215.1
2606	58.4
2607	370.9
2608	130
2609	552.5
2610	5.4
2611	622.7
2612	156.1
2613	170.9
2614	527.2
2615	92.6
2616	602.7
2617	595.8
2618	238.4
2619	12.7
2620	808.9
2621	43.4
2622	169.9
2623	352.3
2624	166.8
2625	668.7
2626	35.1
2627	213.7
2628	89
2629	9
2630	237.9
2631	157.9
2632	247.1
2633	169.9
2634	188.7
2635	106.2
2636	467.5
2637	7.3
2638	237
2639	134.3
2640	100.5
2641	224.7
2642	254.3
2643	1099.3
2644	77.1
2645	1021.1
2646	109.8
2647	43.4
2648	323.2
2649	130.7
2650	363.9
2651	3.8
2652	155.3
2653	225.2
2654	56.9
2655	94.1
2656	413.2
2657	46.7
2658	134.1
2659	234.5
2660	777.5
2661	452.9
2662	963.9
2663	122.7
2664	141.3
2665	153.2
2666	256.2
2667	19.8
2668	382.2
2669	153.4
2670	925
2671	204.5
2672	285.9
2673	2.3
2674	41.4
2675	75.3
2676	6.5
2677	908.2
2678	280.8
2679	84.2
2680	495.5
2681	791.7
2682	641.1
2683	129.5
2684	172.4
2685	195.8
2686	278.8
2687	344.2
2688	332.5
2689	717.3
2690	437.5
2691	661
2692	4.5
2693	622.4
2694	288.9
2695	5.8
2696	190
2697	3.8
2698	564.1
2699	79.1
2700	261.4
2701	9.5
2702	408.3
2703	130.7
2704	10.8
2705	127.5
2706	352.3
2707	70.3
2708	334.8
2709	228.9
2710	430.3
2711	385.4
2712	0.9
2713	270
2714	397.1
2715	98.3
2716	284.6
2717	380.5
2718	97.9
2719	284.7
2720	285.8
2721	131.7
2722	748.5
2723	247.1
2724	121.1
2725	248.5
2726	222.8
2727	217.5
2728	100.3
2729	244.4
2730	662.6
2731	0.7
2732	238.5
2733	291.9
2734	489
2735	133.3
2736	25.1
2737	124.3
2738	221
2739	136.4
2740	327.2
2741	231.1
2742	252.9
2743	112.2
2744	143.8
2745	77.7
2746	28.2
2747	90.2
2748	2.8
2749	185.6
2750	312.5
2751	356
2752	212.5
2753	129
2754	326.5
2755	142.9
2756	109.3
2757	200.3
2758	394.5
2759	99
2760	95.7
2761	107.5
2762	115.1
2763	113.7
2764	413.5
2765	291.4
2766	314.7
2767	29.2
2768	210.3
2769	93.8
2770	166.9
2771	381.7
2772	187.2
2773	39.2
2774	530.4
2775	330.5
2776	139
2777	350.6
2778	446.3
2779	172.2
2780	29.1
2781	219.3
2782	103.3
2783	261.4
2784	268.9
2785	96.9
2786	87.2
2787	313.9
2788	96.3
2789	438.7
2790	259.6
2791	405
2792	574.1
2793	409.3
2794	128.6
2795	92.5
2796	141.5
2797	533.4
2798	328.6
2799	230.2
2800	395.4
2801	432.5
2802	412.5
2803	89.4
2804	31.2
2805	437.7
2806	219.9
2807	604.4
2808	319.7
2809	338.3
2810	25
2811	615.3
2812	203.3
2813	232.1
2814	223.2
2815	586
2816	85.9
2817	145.2
2818	320.6
2819	188.7
2820	450
2821	358.2
2822	117.8
2823	385
2824	60
2825	168.9
2826	76.3
2827	28.5
2828	269.4
2829	114
2830	126.6
2831	377.9
2832	391.5
2833	105.8
2834	431.3
2835	384
2836	165.2
2837	368.3
2838	394.3
2839	413.7
2840	506.7
2841	486.7
2842	208.2
2843	135.3
2844	45.1
2845	138.6
2846	21.4
2847	411.8
2848	420.1
2849	451
2850	494.1
2851	191.8
2852	266.5
2853	162.7
2854	486.8
2855	176.8
2856	400
2857	222
2858	343.6
2859	106.5
2860	154.8
2861	435.8
2862	248.8
2863	57.6
2864	255
2865	604.2
2866	415.3
2867	128.4
2868	100.5
2869	311.3
2870	96.1
2871	418.5
2872	462.6
2873	367.7
2874	64.1
2875	195.7
2876	33.9
2877	181.8
2878	155.4
2879	47.2
2880	276.9
2881	202.6
2882	727.8
2883	166.5
2884	338.3
2885	139.6
2886	307
2887	60.2
2888	40.9
2889	88.2
2890	171.6
2891	551
2892	620.6
2893	464.9
2894	252.4
2895	514.1
2896	31
2897	393.1
2898	121.3
2899	510.1
2900	291.3
2901	47.9
2902	229.8
2903	550.3
2904	31.1
2905	137.9
2906	588.4
2907	160.8
2908	178.8
2909	1167.5
2910	110.8
2911	430.1
2912	232.1
2913	1039.3
2914	704
2915	84.1
2916	698.9
2917	208.9
2918	665.4
2919	45.9
2920	68.3
2921	402.6
2922	112.3
2923	137.1
2924	421.8
2925	466.3
2926	225.8
2927	37.2
2928	283.2
2929	152.3
2930	554.3
2931	296.9
2932	641.4
2933	223.3
2934	33.6
2935	198.1
2936	41.6
2937	92.3
2938	58.6
2939	230.9
2940	42.2
2941	155.5
2942	43.3
2943	1297.9
2944	44
2945	265
2946	390.9
2947	1038.2
2948	284.3
2949	194.7
2950	85.7
2951	1125.4
2952	228.9
2953	1047.5
2954	291.6
2955	988.8
2956	669.8
2957	350.2
2958	283.8
2959	94.6
2960	151.5
2961	197.4
2962	196.2
2963	287.6
2964	840.4
2965	89.6
2966	1424.5
2967	966.4
2968	202.1
2969	66
2970	42.8
2971	151.8
2972	363.8
2973	37.3
2974	193.9
2975	495.3
2976	560.9
2977	502.3
2978	255.3
2979	256.3
2980	238.6
2981	414.3
2982	468.3
2983	337
2984	315
2985	225
2986	268.8
2987	200
2988	287.4
2989	36.2
2990	81.8
2991	617
2992	382.4
2993	185.8
2994	259.9
2995	350.4
2996	1315.3
2997	625.9
2998	83.1
2999	541.8
3000	128.1
3001	125.8
3002	209.7
3003	231.5
3004	285.2
3005	306.4
3006	220.1
3007	297.4
3008	367.9
3009	311.8
3010	33.4
3011	318
3012	859.7
3013	321.6
3014	99.8
3015	182.3
3016	324.7
3017	610.5
3018	173.4
3019	116
3020	155.2
3021	214.8
3022	107.1
3023	226.4
3024	237
3025	131.7
3026	407.7
3027	397.7
3028	220
3029	332
3030	45
3031	498.6
3032	402
3033	84.9
3034	531.2
3035	152.6
3036	40.1
3037	369.8
3038	147.3
3039	160.5
3040	509.5
3041	351.4
3042	372.5
3043	504.3
3044	167.5
3045	447.9
3046	76.5
3047	105.9
3048	527.9
3049	147
3050	456.7
3051	272.1
3052	311
3053	538
3054	134.5
3055	159.6
3056	557.5
3057	89.5
3058	584.1
3059	189.9
3060	78.3
3061	113.8
3062	183.6
3063	441.6
3064	525.1
3065	94.7
3066	336.2
3067	87.5
3068	323.1
3069	204.6
3070	283.4
3071	444.3
3072	193.5
3073	20.8
3074	507.6
3075	352.1
3076	425.7
3077	238.7
3078	171.2
3079	404.6
3080	545.5
3081	80.6
3082	67.2
3083	554.2
3084	77.6
3085	304.2
3086	200.5
3087	595.8
3088	380.8
3089	613.9
3090	253.8
3091	114.2
3092	35.2
3093	457.8
3094	25.8
3095	82.6
3096	383.7
3097	36.7
3098	634.2
3099	49
3100	403.4
3101	14.4
3102	208.6
3103	657.4
3104	734.7
3105	67.9
3106	787.9
3107	723.3
3108	90
3109	227
3110	53.3
3111	718.4
3112	14.2
3113	701.2
3114	217.6
3115	75.5
3116	188.1
3117	111
3118	407.2
3119	441.4
3120	13.8
3121	491.1
3122	18.7
3123	814.3
3124	23.7
3125	90
3126	18.7
3127	11.9
3128	53.1
3129	41.5
3130	110
3131	348.7
3132	604.9
3133	1138.3
3134	1162.4
3135	31.4
3136	1104.4
3137	17.2
3138	52.4
3139	776.3
3140	381.8
3141	36.1
3142	514.4
3143	471.9
3144	113
3145	16.8
3146	38.3
3147	15.4
3148	55.1
3149	70.8
3150	16.3
3151	1061.1
3152	898.5
3153	704.7
3154	611.8
3155	227.2
3156	122.2
3157	99
3158	15.8
3159	708.4
3160	19.2
3161	924.6
3162	1133.6
3163	36.4
3164	26.5
3165	82.1
3166	888
3167	76.3
3168	730.9
3169	53.2
3170	772.1
3171	62.8
3172	566.5
3173	29.6
3174	188.8
3175	718.3
3176	64.9
3177	49.1
3178	84
3179	90.5
3180	20.1
3181	64.3
3182	737.9
3183	1113.3
3184	1017
3185	875.2
3186	151.1
3187	232
3188	275.8
3189	117.8
3190	39.9
3191	40.3
3192	311.9
3193	20.6
3194	885.2
3195	1012.6
3196	8.8
3197	66.3
3198	68.5
3199	448.2
3200	51.7
3201	59.8
3202	834.3
3203	1102.2
3204	52.9
3205	1135.1
3206	54.6
3207	33
3208	30.6
3209	9.9
3210	771.5
3211	832
3212	562.2
3213	85.8
3214	39.6
3215	13.5
3216	49.1
3217	84.8
3218	868.1
3219	1065.5
3220	70.3
3221	78.4
3222	734.9
3223	23
3224	1064.8
3225	91.4
3226	813.4
3227	71.7
3228	22
3229	13.8
3230	54.7
3231	14.8
3232	48.1
3233	54.5
3234	889.3
3235	766.7
3236	768.3
3237	41.3
3238	1021.8
3239	10.8
3240	113
3241	104
3242	18.6
3243	857.5
3244	38.5
3245	106.1
3246	142.1
3247	9.4
3248	47.6
3249	47.1
3250	101.1
3251	930.3
3252	789
3253	23.1
3254	759
3255	51.6
3256	108.3
3257	841.5
3258	39.9
3259	159.3
3260	57
3261	17.2
3262	835.5
3263	59
3264	38.3
3265	41.3
3266	17.1
3267	195.4
3268	734.5
3269	727.3
3270	13.8
3271	28.1
3272	543.4
3273	31.7
3274	786.4
3275	25.2
3276	38
3277	17.8
3278	294.8
3279	60.2
3280	59.2
3281	108.8
3282	29
3283	509
3284	25.4
3285	26
3286	637.5
3287	51.4
3288	38.4
3289	25
3290	225
3291	500.6
3292	58.5
3293	31.5
3294	38.8
3295	67.4
3296	30.9
3297	25.9
3298	91.6
3299	22.3
3300	157.1
3301	48.5
3302	75.7
3303	582.9
3304	63.2
3305	402.2
3306	40.4
3307	57.5
3308	534.8
3309	24.7
3310	34.6
3311	144.3
3312	52.9
3313	24.1
3314	21.5
3315	22.4
3316	304.7
3317	34.1
3318	210.2
3319	15.9
3320	19.9
3321	29.2
3322	22.6
3323	28.1
3324	32.4
3325	25.5
3326	24.4
3327	17.1
3328	47.2
3329	16.2
3330	101.4
3331	81.1
3332	81.6
3333	25.7
3334	31.1
3335	278.9
3336	29
3337	18.3
3338	36.7
3339	29.5
3340	31.4
3341	168.4
3342	26.7
3343	60.2
3344	27.2
3345	15.1
3346	60.9
3347	26.1
3348	15.4
3349	23.3
3350	221.5
3351	58.1
3352	182
3353	32.5
3354	33.2
3355	50.7
3356	67.4
3357	21.3
3358	55.7
3359	34.4
3360	235.5
3361	20.5
3362	16.5
3363	81.1
3364	23.6
3365	49.9
3366	42.5
3367	50.6
3368	22.3
3369	54.2
3370	23.3
3371	44.6
3372	52.6
3373	59.2
3374	48.6
3375	14.8
3376	50.9
3377	16.9
3378	14.6
3379	24.1
3380	46
3381	46.4
3382	17
3383	52.8
3384	46.5
3385	45.6
3386	44.2
3387	19.9
3388	20.7
3389	79.3
3390	77.1
3391	44.3
3392	48.5
3393	22.5
3394	52.1
3395	54.6
3396	71.6
3397	60.8
3398	30.2
3399	22.2
3400	413.8
3401	412.7
3402	216
3403	90.6
3404	148.3
3405	113.9
3406	103.8
3407	125.3
3408	206.1
3409	119
3410	0
3411	0
3412	205.3
3413	176.5
3414	148.6
3415	143.7
3416	5.5
3417	193.4
3418	173
3419	0.1
3420	7.7
3421	0
3422	168.9
3423	157.8
3424	137.4
3425	268.1
3426	282.4
3427	2.8
3428	36
3429	258.2
3430	29.2
3431	193.4
3432	337.6
3433	151.5
3434	100.9
3435	0.2
3436	200.1
3437	165.8
3438	0.2
3439	0.3
3440	151.1
3441	149.9
3442	0.9
3443	169.4
3444	114.8
3445	0.3
3446	3.4
3447	0.3
3448	1.4
3449	232.3
3450	1.8
3451	137.9
3452	139.2
3453	134.8
3454	138.1
3455	119.6
3456	40.8
3457	213.8
3458	76.3
3459	7.6
3460	172.4
3461	65.5
3462	318.9
3463	262.6
3464	4.1
3465	11.3
3466	71.2
3467	88.7
3468	105.2
3469	84.1
3470	78.2
3471	172.8
3472	52.8
3473	135.2
3474	147.8
3475	0.2
3476	0.2
3477	105.3
3478	82.7
3479	0.1
3480	130.3
3481	91
3482	33.8
3483	55
3484	89
3485	51.7
3486	0.1
3487	203.3
3488	45.6
3489	203.4
3490	108.8
3491	0.2
3492	127.7
3493	33.6
3494	165.5
3495	244.3
3496	32.8
3497	22.7
3498	24.3
3499	191.8
3500	47.3
3501	65.3
3502	30.8
3503	0
3504	0
3505	95.6
3506	291.2
3507	0
3508	133.4
3509	95.1
3510	0.1
3511	107.8
3512	103.8
3513	206.9
3514	61.9
3515	162.8
3516	69.7
3517	75.9
3518	115.9
3519	142.7
3520	6.3
3521	2.1
3522	653.1
3523	100.8
3524	90.1
3525	99
3526	41.5
3527	123.8
3528	553.4
3529	204
3530	149.6
3531	765.9
3532	68.5
3533	9.3
3534	11.5
3535	266.7
3536	578.5
3537	57.8
3538	2.7
3539	321.4
3540	571.7
3541	597.5
3542	397.4
3543	336.6
3544	288.5
3545	784.5
3546	354
3547	234
3548	457.4
3549	342.1
3550	194.9
3551	184.1
3552	188.4
3553	327.3
3554	217.3
3555	715.6
3556	220.1
3557	44
3558	854.5
3559	31.4
3560	557.9
3561	110.2
3562	120.9
3563	404.2
3564	176.4
3565	231.4
3566	110.6
3567	332.3
3568	584.2
3569	359.9
3570	537.6
3571	603.9
3572	90.1
3573	966.8
3574	361.1
3575	216
3576	776
3577	820.1
3578	818.6
3579	97.2
3580	90.2
3581	27.2
3582	907.6
3583	36.3
3584	1049.6
3585	101.9
3586	765.9
3587	38.7
3588	36.2
3589	50.2
3590	16.1
3591	510.4
3592	21.7
3593	18
3594	39
