"COMID"	"Value"
1	6.4
2	6.5
3	5.5
4	0.9
5	7.8
6	0
7	17.1
8	6.7
9	5.6
10	0
11	1.2
12	5.6
13	0
14	12
15	6.7
16	7
17	13.5
18	3.2
19	14.7
20	8.8
21	6.8
22	7.1
23	0
24	5.6
25	6
26	0.3
27	5.4
28	8.2
29	4.1
30	0
31	5.9
32	10.7
33	13
34	5.6
35	0.5
36	5.7
37	6.8
38	0
39	5.6
40	95.6
41	9
42	6.6
43	165.5
44	17.4
45	6.5
46	0
47	2.2
48	11.9
49	5.6
50	7.5
51	5.6
52	0.9
53	5.7
54	13.9
55	12.2
56	11.1
57	113.7
58	5.6
59	6.6
60	5.6
61	5.6
62	5.6
63	4.6
64	5.2
65	5.6
66	0.6
67	7.9
68	2.3
69	1.1
70	1
71	0
72	6
73	5.6
74	3.3
75	1
76	1
77	0.1
78	1.1
79	7.9
80	1
81	0.3
82	0
83	5.5
84	0
85	3.9
86	2.3
87	5.6
88	5.6
89	1
90	5.2
91	7.5
92	7.6
93	3.9
94	5.6
95	16.6
96	7.5
97	12
98	0
99	1.1
100	7.2
101	1.3
102	3.7
103	5.6
104	0
105	7.5
106	12.7
107	1.1
108	0
109	7.5
110	7.5
111	0
112	16.4
113	1
114	15.9
115	3.4
116	2.3
117	7.8
118	3.2
119	0
120	3.2
121	0.8
122	3.6
123	0
124	3.7
125	2.8
126	4.4
127	1.1
128	10.9
129	5.6
130	1
131	2.1
132	1
133	9
134	3.5
135	3.3
136	2.7
137	12.9
138	1
139	1
140	3.6
141	3.5
142	1
143	0
144	3.4
145	1
146	6.1
147	4.8
148	13.8
149	2.3
150	7.2
151	0
152	2.8
153	1
154	2
155	0
156	1
157	10.4
158	1
159	2.2
160	3.8
161	1
162	1
163	0.9
164	1
165	0
166	1
167	4.9
168	0
169	9.6
170	3.7
171	2.4
172	1
173	1
174	7.5
175	1
176	14.5
177	2.2
178	1.7
179	2.4
180	1
181	0
182	3.3
183	0
184	1
185	1
186	3.5
187	1.6
188	1
189	1
190	3.6
191	1
192	1.8
193	1
194	41.3
195	0
196	1
197	2.1
198	1
199	2
200	1
201	1
202	1
203	1
204	1
205	1
206	0.7
207	1.1
208	28
209	1.8
210	2.3
211	5.6
212	13
213	1.7
214	1
215	3.7
216	1.6
217	2.1
218	1.3
219	1.5
220	1
221	0
222	4.4
223	20.8
224	0
225	1.5
226	2.2
227	0
228	2.3
229	1
230	0
231	2.2
232	1.6
233	9.6
234	0.4
235	0
236	1.7
237	1
238	1.4
239	4.4
240	2.9
241	1.4
242	0
243	0
244	16
245	4
246	9.1
247	0
248	0
249	0
250	14.7
251	1.6
252	47
253	1.6
254	0
255	0
256	0
257	0
258	0
259	0
260	0
261	4.7
262	1.1
263	0
264	0
265	0
266	2.3
267	12.1
268	13.5
269	12.6
270	0
271	2.4
272	1.6
273	8
274	0
275	1
276	0.1
277	1
278	1
279	0
280	1.4
281	1.4
282	8.4
283	1
284	1
285	0
286	1.6
287	47.7
288	1
289	1
290	1
291	9.1
292	1
293	0
294	14.2
295	1
296	3.5
297	4.8
298	0
299	0.1
300	4.3
301	1
302	4.2
303	3.4
304	1
305	4.4
306	1
307	3.8
308	0.9
309	1
310	3.3
311	3.6
312	3.7
313	3.4
314	1
315	1
316	1
317	0
318	1.1
319	0.1
320	3.6
321	1
322	3.3
323	3.5
324	1
325	0.1
326	9.8
327	1
328	1
329	1
330	0
331	1
332	1
333	1
334	1
335	0
336	1
337	0.1
338	1
339	1
340	1
341	1
342	0
343	1
344	0
345	1
346	0.1
347	1
348	1
349	1
350	1
351	1
352	1
353	0.9
354	1
355	0
356	1
357	0
358	1
359	0
360	1
361	1
362	1
363	1
364	0
365	0.5
366	5.6
367	0
368	10.3
369	0
370	0.9
371	0
372	5.6
373	5.6
374	0
375	8.6
376	75.3
377	1
378	5.6
379	0
380	1
381	0
382	0
383	1.1
384	0
385	0
386	0
387	32
388	0.9
389	2.1
390	30.1
391	5.6
392	2.2
393	0
394	5.6
395	0
396	0
397	0
398	5.6
399	0
400	5.6
401	1.6
402	0
403	0
404	0
405	0
406	25.7
407	0
408	0
409	0
410	38.5
411	1.3
412	0
413	57.7
414	0
415	0
416	0
417	0
418	0
419	6
420	0
421	0
422	0
423	1.5
424	10.5
425	9.1
426	0
427	128.9
428	7.8
429	1.1
430	83.7
431	0
432	5.6
433	7.2
434	5.6
435	5.6
436	5.8
437	0.1
438	15.5
439	0
440	0.9
441	55.4
442	4.8
443	6.9
444	5.6
445	52.7
446	5.6
447	58.6
448	31.7
449	5.6
450	5.9
451	0
452	18.5
453	0
454	5.6
455	6
456	5.6
457	2.2
458	6.5
459	9.3
460	5.6
461	7.5
462	69.8
463	7.5
464	1
465	16.2
466	0
467	25.4
468	1
469	5.3
470	1
471	1
472	0.9
473	1.5
474	1
475	0
476	0
477	82.1
478	1
479	7.3
480	2.1
481	0
482	0
483	6.6
484	5.6
485	5
486	0
487	6.8
488	0.7
489	0
490	0.6
491	12.6
492	2.5
493	0
494	14.5
495	0
496	0
497	23.3
498	5.7
499	0
500	5.7
501	83.3
502	23
503	5.6
504	5.6
505	3.5
506	7.7
507	21
508	3.4
509	5.1
510	95.8
511	7.4
512	10.4
513	0
514	3.2
515	0
516	5.6
517	11.3
518	5.6
519	5.7
520	0.1
521	26.9
522	5.6
523	0
524	2.8
525	15.9
526	5.7
527	45.4
528	5.6
529	0
530	114.1
531	34.7
532	9.5
533	65.6
534	1.5
535	118.6
536	1.9
537	0
538	0
539	0.7
540	5.6
541	18.7
542	34.2
543	2.6
544	0
545	0
546	42
547	54.9
548	0
549	0
550	0.7
551	17.2
552	78.2
553	1.3
554	0
555	5.6
556	96.5
557	5.7
558	0
559	8
560	21
561	2.4
562	54.9
563	0
564	14.2
565	7.9
566	35.4
567	5.6
568	28.6
569	6
570	0
571	3.1
572	15.6
573	5.6
574	83.5
575	5.6
576	0
577	0
578	7.1
579	17.2
580	18.7
581	0
582	72.9
583	5.6
584	5.6
585	0
586	69.2
587	24.6
588	19.1
589	39
590	0
591	32.6
592	19.1
593	16.8
594	5.9
595	35.7
596	5.6
597	0
598	5.6
599	25.2
600	5.8
601	5.6
602	0
603	0.4
604	54.3
605	0
606	23.9
607	5.6
608	5.6
609	0
610	5.6
611	1.1
612	0
613	0
614	72.5
615	0.1
616	0
617	56.5
618	0.1
619	6.1
620	5.8
621	22.8
622	117.6
623	144.1
624	68.5
625	5.6
626	5.6
627	20
628	5.6
629	6
630	94.6
631	5.6
632	0.3
633	7.9
634	0
635	6.4
636	6
637	6
638	5.6
639	0.1
640	0.1
641	54.7
642	0
643	36.3
644	0
645	0.2
646	7.8
647	5.6
648	1.6
649	24.3
650	5.6
651	158.8
652	5.6
653	0
654	5.6
655	0
656	5.6
657	69
658	1.2
659	29.7
660	0
661	1.1
662	7.7
663	29.9
664	5.6
665	5.6
666	5.6
667	1
668	73.4
669	1.2
670	5.6
671	5.6
672	5.6
673	7.8
674	0.1
675	9.3
676	7.1
677	81.5
678	5.7
679	5.6
680	0
681	8.5
682	19.3
683	65.5
684	10.8
685	5.6
686	77.5
687	0
688	10
689	5.6
690	7.7
691	1
692	51.8
693	5.7
694	0
695	1
696	15.2
697	5.6
698	9.8
699	23.5
700	7.7
701	0.2
702	11.5
703	7.7
704	23.8
705	30.8
706	5.7
707	103.3
708	9
709	23.1
710	8.4
711	0
712	0.2
713	9
714	5.6
715	6.6
716	0
717	0.5
718	9.7
719	7
720	7.4
721	5.6
722	13.4
723	8.1
724	64.3
725	5.6
726	0
727	0.1
728	47.8
729	0.1
730	5.9
731	5.9
732	0
733	5.4
734	6.9
735	0.2
736	5.8
737	31.7
738	7.1
739	25.9
740	56.3
741	26.1
742	4.5
743	7.1
744	0
745	0
746	6.9
747	7.3
748	0
749	7.4
750	5.6
751	6.8
752	7.5
753	7.3
754	8.6
755	6.1
756	6.8
757	6
758	1.6
759	5.6
760	6.8
761	5.6
762	10.9
763	6.2
764	76.3
765	6.8
766	0
767	1.8
768	14.8
769	15.9
770	21.5
771	0.7
772	1
773	6.6
774	6.6
775	0.9
776	5.8
777	10.4
778	6.8
779	0
780	16.4
781	5.1
782	359.9
783	280.3
784	463.5
785	410
786	211.5
787	470.8
788	193.3
789	263.8
790	228.8
791	222
792	190.9
793	196.6
794	470.9
795	500.1
796	177.8
797	464.4
798	130.9
799	194.1
800	313.5
801	212.7
802	222.9
803	231.5
804	136.8
805	150.4
806	158
807	66.3
808	201.3
809	286.2
810	447.2
811	128.3
812	300.2
813	179
814	213.4
815	241.3
816	139.4
817	91.4
818	284.8
819	432.4
820	149.2
821	117.1
822	223
823	151.1
824	328.8
825	98.6
826	345.4
827	295.9
828	273.1
829	118.5
830	304.8
831	173.7
832	308.7
833	137.5
834	197.8
835	193.9
836	274.7
837	39
838	175.3
839	215.9
840	200.5
841	153.1
842	142.4
843	13.8
844	202
845	166.2
846	255.1
847	192
848	160.4
849	135.2
850	231.6
851	217.1
852	98.6
853	127.2
854	171.6
855	126.6
856	153.3
857	127.4
858	198.8
859	129
860	155
861	178.7
862	7.4
863	122.3
864	103.6
865	161.1
866	127.1
867	73.4
868	202.8
869	99.9
870	31.7
871	129.5
872	106.6
873	8.7
874	113.4
875	160.4
876	126.6
877	123
878	114.2
879	137.2
880	186.8
881	183
882	176.4
883	68.1
884	130.3
885	141.7
886	6.6
887	149.2
888	156
889	130.5
890	172.3
891	150.5
892	158.6
893	195.3
894	6.9
895	107.6
896	168.4
897	142.5
898	120.8
899	210.4
900	200.1
901	253.3
902	210.7
903	158.8
904	155.1
905	250.1
906	187.6
907	205.8
908	127.6
909	149.6
910	0
911	156.9
912	140.6
913	239.1
914	153
915	0
916	194.4
917	150.5
918	194.3
919	164.2
920	156.2
921	74.1
922	269.3
923	15.1
924	182.7
925	119.9
926	275.4
927	160.6
928	5.1
929	149.5
930	188.7
931	147.6
932	11.3
933	185.4
934	0
935	153.6
936	188.8
937	205.3
938	174.2
939	131.2
940	147.1
941	119.4
942	206.7
943	0
944	179.1
945	335.6
946	234.1
947	0
948	207.6
949	239
950	219.7
951	169.8
952	169.4
953	12.7
954	12.9
955	171.1
956	230.3
957	183.4
958	10.3
959	185.7
960	186.4
961	180
962	255.8
963	199
964	0
965	190.5
966	190.3
967	0
968	202.2
969	212.7
970	32
971	199.2
972	303.6
973	221.5
974	192.1
975	153.9
976	114.7
977	183.4
978	10.7
979	185.8
980	115.9
981	163.6
982	228.7
983	179
984	122.5
985	187
986	176.5
987	13.9
988	176.9
989	225.7
990	0
991	149.4
992	0
993	199.4
994	223.1
995	214.6
996	174.3
997	182.8
998	18.3
999	237.6
1000	0
1001	14.4
1002	181.8
1003	0
1004	156.1
1005	8.7
1006	398.2
1007	0
1008	12.3
1009	0
1010	201.3
1011	282.5
1012	337
1013	10.4
1014	216.9
1015	16.4
1016	0
1017	229.2
1018	16.5
1019	13.3
1020	209.6
1021	279.1
1022	207.6
1023	375.1
1024	229.1
1025	145.6
1026	265.4
1027	218.7
1028	181.6
1029	9.7
1030	1
1031	0
1032	0
1033	1.4
1034	179.8
1035	0.6
1036	281.8
1037	161.9
1038	156.3
1039	5.4
1040	10
1041	128.5
1042	11.5
1043	0
1044	3.3
1045	15.3
1046	14.6
1047	255.3
1048	320.9
1049	199.9
1050	0
1051	296.2
1052	293.2
1053	12.5
1054	209.5
1055	368.5
1056	165.4
1057	1.2
1058	237.3
1059	1.6
1060	216.2
1061	0
1062	144.8
1063	277
1064	0.3
1065	2.4
1066	317.4
1067	1.2
1068	1.8
1069	0.2
1070	220.5
1071	197.9
1072	0.4
1073	0.2
1074	283.5
1075	0.1
1076	309.6
1077	1.4
1078	207.5
1079	307
1080	11
1081	1.7
1082	301.8
1083	0.7
1084	291.3
1085	260.6
1086	211.1
1087	0
1088	0.9
1089	5.1
1090	218.5
1091	244.6
1092	1.1
1093	9.4
1094	0.3
1095	18.5
1096	15.6
1097	224.5
1098	12.9
1099	0.1
1100	0
1101	0.3
1102	162.3
1103	0.5
1104	7.8
1105	17.7
1106	5.8
1107	0.7
1108	10.8
1109	238.8
1110	0.6
1111	0.8
1112	282.5
1113	209
1114	275.7
1115	8.4
1116	4.4
1117	220.8
1118	5.3
1119	9.6
1120	12.1
1121	9.9
1122	10.7
1123	10.4
1124	225.1
1125	5.4
1126	242.4
1127	4.6
1128	246.9
1129	291.2
1130	12
1131	0.3
1132	231.8
1133	246.5
1134	8.5
1135	0.1
1136	0.3
1137	12.1
1138	10.7
1139	5.7
1140	229.5
1141	10.6
1142	0.1
1143	271.1
1144	11.6
1145	10.8
1146	7.8
1147	7.3
1148	200.4
1149	7.4
1150	3.8
1151	8.4
1152	259.3
1153	240.1
1154	0
1155	0.1
1156	137.2
1157	3.5
1158	0.1
1159	129.6
1160	15.8
1161	0.2
1162	12.8
1163	14.6
1164	242.8
1165	0.1
1166	245.6
1167	201.4
1168	171
1169	236
1170	164.3
1171	13.6
1172	138.2
1173	7.9
1174	191.8
1175	12.6
1176	79.5
1177	0.1
1178	8.6
1179	345.4
1180	9
1181	12.7
1182	9.2
1183	0.2
1184	0.1
1185	247.8
1186	207.8
1187	3.7
1188	9.1
1189	15.8
1190	5.2
1191	222.4
1192	7.4
1193	214.7
1194	11.1
1195	253.4
1196	5.3
1197	0.1
1198	0.3
1199	162.5
1200	26.9
1201	13.8
1202	18.7
1203	0.1
1204	5.5
1205	10.2
1206	0.2
1207	11.5
1208	0.7
1209	12.1
1210	223.5
1211	251.8
1212	0.1
1213	158.8
1214	175.8
1215	13.6
1216	218.4
1217	218.3
1218	0.3
1219	0.7
1220	151.9
1221	9.1
1222	7.5
1223	16.3
1224	10.7
1225	235.8
1226	179.9
1227	236.5
1228	14.3
1229	13.3
1230	231.9
1231	0.3
1232	197.2
1233	8.4
1234	15.8
1235	9.9
1236	0.5
1237	166.2
1238	238.4
1239	0.4
1240	9
1241	157.2
1242	229.8
1243	8.8
1244	10.4
1245	146.5
1246	169.8
1247	113.9
1248	30.8
1249	377
1250	201.5
1251	12
1252	0.2
1253	7
1254	10.9
1255	0.2
1256	157.5
1257	10.1
1258	10.5
1259	0.3
1260	180.4
1261	240.1
1262	0.6
1263	10.8
1264	6.3
1265	357.2
1266	191.5
1267	0.2
1268	231.1
1269	31.8
1270	173
1271	16.3
1272	2.3
1273	6.9
1274	191.7
1275	7.6
1276	163.1
1277	205.4
1278	193.2
1279	27.5
1280	0.5
1281	14.3
1282	0.4
1283	373.9
1284	37.8
1285	4.7
1286	355
1287	8.3
1288	7.9
1289	227.1
1290	12.5
1291	220.6
1292	8.6
1293	26.5
1294	5.9
1295	263.9
1296	0.7
1297	34.4
1298	156.1
1299	9.7
1300	13.3
1301	0.3
1302	10.5
1303	10.8
1304	41.3
1305	429.4
1306	0.2
1307	252.9
1308	15.3
1309	0.1
1310	214.6
1311	182.6
1312	161
1313	17.2
1314	255.6
1315	0.2
1316	230.4
1317	186.9
1318	11.4
1319	185.6
1320	166.4
1321	0.3
1322	0.3
1323	0.1
1324	5.9
1325	186.1
1326	0.3
1327	0.6
1328	201.9
1329	39.5
1330	287.4
1331	182.8
1332	26.5
1333	91.3
1334	236.3
1335	20.2
1336	187
1337	0.8
1338	0.5
1339	14.7
1340	4.7
1341	252
1342	220.3
1343	0.2
1344	0.2
1345	16.2
1346	0.3
1347	195.9
1348	155.5
1349	9.9
1350	0.2
1351	156.6
1352	33.6
1353	235.9
1354	0.2
1355	153.1
1356	28.9
1357	102.9
1358	148
1359	9.3
1360	0.8
1361	8.4
1362	171
1363	0.5
1364	3.2
1365	266.2
1366	0.4
1367	0.3
1368	173.9
1369	0.5
1370	9.8
1371	0.8
1372	2
1373	126.2
1374	2.5
1375	235.7
1376	34.6
1377	2.4
1378	9
1379	11.1
1380	234
1381	0.2
1382	137.2
1383	1
1384	1.6
1385	31.5
1386	193.5
1387	0.7
1388	0.4
1389	0.4
1390	164
1391	322.6
1392	207
1393	0.5
1394	1.1
1395	226.1
1396	0.2
1397	325.6
1398	0.8
1399	0.3
1400	98.4
1401	0.8
1402	0.8
1403	219.6
1404	4.2
1405	1.8
1406	0.9
1407	0.5
1408	0.5
1409	362.4
1410	0.3
1411	167.3
1412	2.3
1413	204.4
1414	2.5
1415	395.1
1416	155.4
1417	0.6
1418	226.5
1419	0.6
1420	2.3
1421	0.8
1422	2.6
1423	61.5
1424	180.2
1425	0.3
1426	182.6
1427	2
1428	1.2
1429	1.1
1430	144.7
1431	198.8
1432	0.9
1433	149.3
1434	0.9
1435	154
1436	0.2
1437	0.3
1438	0.5
1439	2.5
1440	164.7
1441	150
1442	0.5
1443	108.4
1444	1.3
1445	0.9
1446	340.6
1447	1.3
1448	264.2
1449	0.3
1450	2.9
1451	0.4
1452	0.3
1453	248.3
1454	61.9
1455	2.9
1456	0.8
1457	197.1
1458	143.5
1459	3.5
1460	0.9
1461	176.8
1462	0.1
1463	0.2
1464	0.2
1465	0.6
1466	319.4
1467	0.4
1468	0.2
1469	136.7
1470	375.4
1471	0.3
1472	0.4
1473	289.8
1474	3.7
1475	287.4
1476	0.4
1477	2.6
1478	276.8
1479	172.1
1480	0.3
1481	133.9
1482	153.4
1483	0.3
1484	1.2
1485	77.4
1486	0.5
1487	0.2
1488	231.2
1489	113
1490	1.5
1491	110.6
1492	182.1
1493	264.6
1494	313.7
1495	0.2
1496	140.6
1497	173.1
1498	0.4
1499	138.9
1500	10.2
1501	192.4
1502	289.1
1503	1
1504	0.3
1505	173.6
1506	273.9
1507	1
1508	2.3
1509	92.7
1510	1.2
1511	2.1
1512	0.6
1513	187.7
1514	0.7
1515	0.3
1516	0.5
1517	164.5
1518	0.8
1519	156
1520	1
1521	0.2
1522	0.6
1523	0.3
1524	0.2
1525	0.6
1526	0.7
1527	170.6
1528	0.4
1529	169.2
1530	338.7
1531	1.6
1532	4.6
1533	2.1
1534	210.9
1535	30.9
1536	212.5
1537	0.3
1538	51.5
1539	1.8
1540	0.6
1541	0.2
1542	0.3
1543	138.6
1544	0.7
1545	0.2
1546	36.5
1547	216.4
1548	0.2
1549	0.3
1550	0.2
1551	0.2
1552	147
1553	234.6
1554	129.6
1555	228.2
1556	159.9
1557	2.8
1558	0.8
1559	123.4
1560	7.2
1561	0.4
1562	1.7
1563	7.7
1564	0.1
1565	131.6
1566	3.8
1567	0.1
1568	0.8
1569	223.4
1570	145.9
1571	0.2
1572	0.9
1573	223.4
1574	2.6
1575	268.2
1576	267.5
1577	199.5
1578	0.1
1579	0.2
1580	169.4
1581	195.1
1582	156.7
1583	153.6
1584	32.2
1585	222.7
1586	139.3
1587	0.6
1588	195.9
1589	3
1590	6.8
1591	0.2
1592	195.8
1593	4.5
1594	130.1
1595	170
1596	204.2
1597	0.3
1598	175
1599	320.3
1600	209.2
1601	71.4
1602	208.2
1603	172.4
1604	212.8
1605	24.9
1606	0.5
1607	1.1
1608	154.4
1609	0.3
1610	180.6
1611	9.7
1612	165.4
1613	292.5
1614	149.3
1615	276
1616	241.9
1617	0.4
1618	287.8
1619	16.3
1620	277.8
1621	212.9
1622	466
1623	0.3
1624	165.9
1625	243.3
1626	418.8
1627	1.1
1628	233.3
1629	0.4
1630	389.6
1631	120.2
1632	165.8
1633	0.1
1634	189.5
1635	197.2
1636	265.8
1637	354.4
1638	218.3
1639	7.5
1640	0.2
1641	263.5
1642	154
1643	369.6
1644	1.4
1645	125.7
1646	277.7
1647	0.4
1648	10.7
1649	2.9
1650	8.7
1651	258.5
1652	297.3
1653	3.9
1654	334.8
1655	251.9
1656	422.1
1657	125.8
1658	369.5
1659	408.8
1660	242.6
1661	17.2
1662	1.2
1663	246.2
1664	9.8
1665	2.8
1666	449.8
1667	190.8
1668	347.1
1669	164.9
1670	19.9
1671	264.6
1672	265.4
1673	301
1674	266.9
1675	271.6
1676	21.4
1677	45.2
1678	3.9
1679	192.1
1680	316.7
1681	169.2
1682	2.7
1683	145.4
1684	273.6
1685	142
1686	106.1
1687	197.4
1688	222.6
1689	28.9
1690	343.5
1691	21.2
1692	210
1693	36.9
1694	151.3
1695	279.8
1696	0.5
1697	257.8
1698	2.9
1699	9.7
1700	153.5
1701	193.1
1702	276.8
1703	161.6
1704	0.4
1705	4.7
1706	245.4
1707	2
1708	1.9
1709	273.1
1710	20
1711	7.4
1712	230.7
1713	160.7
1714	253.3
1715	232.6
1716	107.5
1717	297.9
1718	11.5
1719	109.1
1720	148.8
1721	321.8
1722	134.1
1723	159.1
1724	126.8
1725	310.4
1726	138.5
1727	236.2
1728	171
1729	37.5
1730	145.6
1731	13.5
1732	142.9
1733	288.9
1734	23.4
1735	176.9
1736	2.5
1737	273.4
1738	101.7
1739	225.1
1740	0.9
1741	35.7
1742	7.3
1743	142
1744	175.5
1745	202.2
1746	146.2
1747	161.7
1748	208.1
1749	151.1
1750	93.7
1751	114.8
1752	137.9
1753	240.8
1754	272.4
1755	119.1
1756	239.7
1757	186.5
1758	181.4
1759	179.5
1760	200.9
1761	141.1
1762	194.4
1763	178.6
1764	296.5
1765	13.4
1766	257.4
1767	157.9
1768	0.8
1769	128.5
1770	181.6
1771	211.4
1772	1.3
1773	228.3
1774	135.4
1775	0.3
1776	141.1
1777	251.6
1778	3.9
1779	7.7
1780	3.8
1781	146.5
1782	154
1783	123.2
1784	164.6
1785	151.4
1786	166.2
1787	218.8
1788	241.4
1789	153.5
1790	6.3
1791	130.2
1792	126
1793	236.4
1794	100
1795	160.4
1796	220.6
1797	322.3
1798	128.1
1799	0.1
1800	185.3
1801	200.9
1802	209.7
1803	0.6
1804	224.7
1805	8.9
1806	216.8
1807	152.6
1808	182.4
1809	224.4
1810	324.5
1811	126.4
1812	0.1
1813	268.2
1814	120.7
1815	148.6
1816	173
1817	208.9
1818	205.1
1819	215.3
1820	259.9
1821	211.6
1822	189.3
1823	136.6
1824	0.3
1825	254.7
1826	221.9
1827	150.2
1828	156.4
1829	187.4
1830	0.8
1831	130.3
1832	0.1
1833	161.8
1834	0.1
1835	178.2
1836	196.7
1837	0.2
1838	0.1
1839	262.8
1840	143.8
1841	142.1
1842	142.5
1843	273.4
1844	195.4
1845	120.3
1846	0
1847	116.7
1848	318.7
1849	230.3
1850	247.1
1851	172.5
1852	122.8
1853	194.3
1854	291.3
1855	179
1856	141.5
1857	0.1
1858	188.4
1859	117.8
1860	150.2
1861	0.1
1862	152.2
1863	0.1
1864	172.3
1865	160.5
1866	233.1
1867	0.1
1868	241.3
1869	182.6
1870	49.8
1871	187.1
1872	169.4
1873	221.5
1874	182.3
1875	0.2
1876	161.4
1877	0.1
1878	0.1
1879	176.5
1880	294.5
1881	231.7
1882	0.2
1883	183.3
1884	187.8
1885	151.1
1886	143.7
1887	0.1
1888	291.9
1889	0.5
1890	232.6
1891	47
1892	301.1
1893	139.3
1894	164.1
1895	228.3
1896	164.8
1897	154.5
1898	210.3
1899	225.9
1900	0.1
1901	183.6
1902	187.7
1903	444.2
1904	253
1905	163.4
1906	0.2
1907	0
1908	95.6
1909	34.1
1910	33.1
1911	277.8
1912	150.8
1913	0.1
1914	123.8
1915	0.2
1916	162.8
1917	128.8
1918	93.9
1919	0.3
1920	0.3
1921	436.7
1922	1.2
1923	0.1
1924	0.3
1925	252.8
1926	150.2
1927	164.1
1928	117
1929	0
1930	0.1
1931	0
1932	86
1933	182.5
1934	114.3
1935	0.1
1936	455.2
1937	0.3
1938	169.1
1939	138.1
1940	0.1
1941	209.9
1942	79.3
1943	0.5
1944	434.6
1945	0
1946	0.8
1947	1.4
1948	0
1949	142.9
1950	161.8
1951	0.1
1952	45.7
1953	57.5
1954	1.2
1955	78
1956	180.3
1957	197.4
1958	0.1
1959	55.6
1960	131.1
1961	78
1962	176.4
1963	0.3
1964	0.9
1965	1.8
1966	130.2
1967	30.9
1968	87.3
1969	0.1
1970	166.2
1971	1.4
1972	0.8
1973	0.4
1974	136.7
1975	50.3
1976	59.5
1977	40.1
1978	222
1979	252.2
1980	0.4
1981	122.4
1982	190.4
1983	1.2
1984	1.5
1985	45.8
1986	71.9
1987	179.9
1988	43.3
1989	256.4
1990	151
1991	0.4
1992	0.1
1993	51.6
1994	177.7
1995	117.4
1996	0.4
1997	54.1
1998	231.9
1999	0.1
2000	61.1
2001	216.4
2002	87.9
2003	67.7
2004	0.3
2005	0.7
2006	62
2007	1.8
2008	16.6
2009	0.1
2010	49.8
2011	271.4
2012	0.7
2013	73.8
2014	179.7
2015	74.7
2016	0.7
2017	0.1
2018	55.3
2019	0.4
2020	0.5
2021	29.4
2022	37
2023	44
2024	144.5
2025	169.2
2026	0.3
2027	42.3
2028	257.4
2029	152.4
2030	0.7
2031	99.4
2032	14.9
2033	0.4
2034	0.2
2035	35.6
2036	130.1
2037	185.4
2038	174.9
2039	0.3
2040	0.4
2041	240.9
2042	43.8
2043	174.8
2044	243
2045	0.2
2046	0.4
2047	42.2
2048	0.2
2049	0.2
2050	187.4
2051	27.7
2052	0.5
2053	34.2
2054	40.1
2055	74
2056	205.8
2057	70.1
2058	238.9
2059	0.2
2060	51.7
2061	13.8
2062	177.6
2063	0.2
2064	43.7
2065	0.5
2066	0.3
2067	54.8
2068	0.2
2069	295.5
2070	32.9
2071	67.4
2072	0.2
2073	95.1
2074	213.1
2075	0.2
2076	137.5
2077	0.2
2078	142.6
2079	0.4
2080	0.2
2081	150.1
2082	0.6
2083	44.1
2084	108.4
2085	0.2
2086	61
2087	0.2
2088	213.5
2089	80.5
2090	173.6
2091	59
2092	102.4
2093	135.2
2094	0.2
2095	47.5
2096	0.7
2097	43.7
2098	99.9
2099	59.7
2100	217.3
2101	0.1
2102	100.4
2103	0.1
2104	0.1
2105	0.5
2106	0.3
2107	0.6
2108	105.9
2109	0.1
2110	0.3
2111	0.1
2112	239.3
2113	82.3
2114	0.4
2115	117.4
2116	132.8
2117	78.4
2118	52.4
2119	25.2
2120	175.9
2121	29.1
2122	170.3
2123	0.6
2124	133.1
2125	59.6
2126	0.3
2127	27.3
2128	0.4
2129	0.1
2130	0.4
2131	85.3
2132	114
2133	0.3
2134	0.3
2135	21.3
2136	271.9
2137	40.4
2138	32.6
2139	130.5
2140	0.2
2141	169.5
2142	71.2
2143	0.3
2144	0.1
2145	140
2146	45.3
2147	46.5
2148	157.7
2149	0.4
2150	65.7
2151	0.3
2152	191.1
2153	480.5
2154	190.3
2155	0.2
2156	0
2157	0.6
2158	67.5
2159	33.7
2160	570.3
2161	0
2162	0.2
2163	175.3
2164	0.1
2165	71.4
2166	0.7
2167	0.5
2168	0.4
2169	155.8
2170	0.1
2171	0.4
2172	0.1
2173	93.8
2174	0.1
2175	70.3
2176	0.6
2177	347.5
2178	37
2179	0.5
2180	29.7
2181	621.3
2182	0.3
2183	0.1
2184	0.3
2185	189.3
2186	42.1
2187	39.1
2188	0.2
2189	0.1
2190	51.6
2191	0.6
2192	0
2193	0.1
2194	150.3
2195	52.5
2196	0.3
2197	413.6
2198	0
2199	596.2
2200	0
2201	31.2
2202	43.1
2203	0.7
2204	0.3
2205	0.9
2206	36.1
2207	56.2
2208	47.3
2209	0.5
2210	506.8
2211	1
2212	96.6
2213	142.6
2214	0
2215	34.7
2216	45.7
2217	0.1
2218	0
2219	364.5
2220	30.5
2221	0
2222	301.6
2223	0
2224	1.9
2225	51.3
2226	37.8
2227	406.7
2228	0.8
2229	1.4
2230	107.3
2231	0
2232	62.3
2233	0
2234	315.6
2235	0.9
2236	0.1
2237	1.4
2238	0.8
2239	66.1
2240	1.4
2241	56
2242	0.1
2243	0.9
2244	0.7
2245	418
2246	0.1
2247	0.2
2248	376.1
2249	66.4
2250	0.2
2251	23.4
2252	169.6
2253	0.2
2254	77.2
2255	0.2
2256	234.8
2257	39
2258	0.1
2259	294
2260	0.1
2261	0.4
2262	0.4
2263	505.1
2264	539
2265	338.9
2266	1.1
2267	0.9
2268	89.7
2269	103.8
2270	0.3
2271	165
2272	1.1
2273	73
2274	0.2
2275	151.8
2276	89.4
2277	0.7
2278	0.4
2279	0.2
2280	0.5
2281	0.5
2282	729.7
2283	119.7
2284	0.4
2285	394.5
2286	123.3
2287	51.2
2288	198.4
2289	0.9
2290	1
2291	0.1
2292	424.6
2293	52.1
2294	139.2
2295	179.1
2296	202
2297	710.9
2298	0.2
2299	40.3
2300	0.3
2301	0.4
2302	0.4
2303	0.4
2304	0.4
2305	0.1
2306	106.1
2307	259.7
2308	0.8
2309	171.5
2310	641.1
2311	1.1
2312	0.9
2313	0.6
2314	1.5
2315	1.8
2316	0.3
2317	504.6
2318	0.2
2319	0.1
2320	217.5
2321	293.9
2322	2.1
2323	0.9
2324	500.6
2325	175.4
2326	164.4
2327	0.5
2328	455
2329	0.7
2330	0.8
2331	1.4
2332	95.2
2333	0.8
2334	240.6
2335	1.4
2336	140
2337	1.4
2338	291
2339	118.9
2340	193.9
2341	173.8
2342	1.1
2343	225.4
2344	1.2
2345	245.1
2346	136.1
2347	0.5
2348	1.1
2349	171.3
2350	0.5
2351	197.7
2352	0.7
2353	140.9
2354	1
2355	114.2
2356	1.9
2357	1.5
2358	75.8
2359	155.2
2360	134.9
2361	114.8
2362	149
2363	199.8
2364	101.2
2365	153.3
2366	3.3
2367	1.7
2368	179.6
2369	157.5
2370	169
2371	0.7
2372	93.6
2373	170.4
2374	31.6
2375	1
2376	2.2
2377	221.5
2378	109.6
2379	148.4
2380	142.9
2381	100.3
2382	195.4
2383	2.8
2384	2.7
2385	32
2386	0.6
2387	0.7
2388	117.6
2389	184.4
2390	59.3
2391	66.7
2392	268.6
2393	3.5
2394	224.4
2395	154.4
2396	135.3
2397	2
2398	27.3
2399	150.7
2400	2.4
2401	137.4
2402	327.9
2403	113.5
2404	60.6
2405	72.5
2406	106.2
2407	5.3
2408	159.8
2409	185.2
2410	164.1
2411	240.5
2412	284.9
2413	0.9
2414	76.8
2415	253.4
2416	115.5
2417	125.1
2418	124.5
2419	125.4
2420	294.7
2421	5.4
2422	111.8
2423	134.3
2424	223.6
2425	36.7
2426	6.9
2427	1
2428	299.3
2429	5.4
2430	3.1
2431	112.2
2432	1.5
2433	372.7
2434	58
2435	1.2
2436	1.5
2437	44.4
2438	139.7
2439	549.4
2440	196.3
2441	7
2442	78
2443	86.9
2444	306.8
2445	110.5
2446	48
2447	135.4
2448	916.7
2449	2.8
2450	4.3
2451	87.7
2452	108.3
2453	786.6
2454	3.9
2455	2.7
2456	828.1
2457	2.4
2458	71.8
2459	143.7
2460	26.8
2461	838.9
2462	432.7
2463	47.6
2464	850.5
2465	4.9
2466	3.1
2467	91.8
2468	122.2
2469	153.4
2470	828.6
2471	112.2
2472	163.3
2473	48.6
2474	543.8
2475	74.3
2476	6.4
2477	153.3
2478	74.7
2479	5.4
2480	145.6
2481	263.8
2482	23.3
2483	5.7
2484	330.2
2485	145.9
2486	127.9
2487	4.8
2488	144.7
2489	801.3
2490	228.8
2491	32.1
2492	350.2
2493	5.9
2494	79.9
2495	73.4
2496	25.4
2497	98.2
2498	121.3
2499	25.7
2500	372.6
2501	110
2502	126.6
2503	68.2
2504	219.1
2505	265.5
2506	115.1
2507	2.9
2508	353.7
2509	7.6
2510	324.1
2511	828.5
2512	245.7
2513	140.7
2514	141.5
2515	129.5
2516	1
2517	36.9
2518	63.5
2519	96
2520	466.5
2521	148.4
2522	955.8
2523	38.1
2524	3.4
2525	52.5
2526	119.6
2527	111.8
2528	94.7
2529	103.5
2530	103.8
2531	122
2532	125.2
2533	291.8
2534	74
2535	138.3
2536	269.7
2537	97.5
2538	593.2
2539	658.1
2540	315.5
2541	439.2
2542	220.3
2543	117.1
2544	70.7
2545	191.2
2546	291.1
2547	131.1
2548	214.8
2549	209.8
2550	6.1
2551	74.9
2552	861
2553	123.7
2554	489.7
2555	127.8
2556	169.9
2557	108
2558	76.8
2559	86.6
2560	691.4
2561	108
2562	843.5
2563	280.2
2564	450.3
2565	358.6
2566	32.9
2567	213.7
2568	977.5
2569	118.5
2570	88.2
2571	41.7
2572	2.3
2573	7.9
2574	165.7
2575	68.9
2576	106.3
2577	123.1
2578	114.6
2579	103.8
2580	3.7
2581	412.1
2582	784.3
2583	267.6
2584	6.9
2585	494.9
2586	673.7
2587	136.2
2588	113.9
2589	140.8
2590	110.7
2591	121.5
2592	160.8
2593	114.9
2594	57.3
2595	8.4
2596	633.4
2597	148.4
2598	781.7
2599	112.9
2600	110.1
2601	113.3
2602	380.3
2603	119.6
2604	711
2605	182
2606	46.9
2607	524.9
2608	99.5
2609	330.7
2610	23.9
2611	332.4
2612	126.3
2613	121.4
2614	401.5
2615	125.9
2616	415.8
2617	792.1
2618	136.6
2619	6
2620	615.4
2621	54.6
2622	156.4
2623	447.4
2624	108.3
2625	598.6
2626	40
2627	175.9
2628	145.1
2629	6.3
2630	157.8
2631	114.6
2632	341.9
2633	143.2
2634	150.7
2635	157.9
2636	313.2
2637	3.6
2638	136.1
2639	140
2640	78.8
2641	143
2642	287.2
2643	790.9
2644	78.2
2645	714
2646	98.8
2647	71
2648	299.3
2649	123.4
2650	449.2
2651	1.9
2652	116.6
2653	184.8
2654	69.8
2655	118.3
2656	291.2
2657	77.5
2658	157.3
2659	212.2
2660	759.4
2661	358.7
2662	567.8
2663	131.6
2664	118.9
2665	111
2666	146.8
2667	29.5
2668	146.7
2669	139
2670	576.6
2671	215.4
2672	316.2
2673	4.7
2674	75.3
2675	107.6
2676	11
2677	622.7
2678	278.4
2679	72.9
2680	137.2
2681	441.8
2682	421.5
2683	102.5
2684	126.2
2685	186.6
2686	235.7
2687	322.1
2688	424.8
2689	546.9
2690	322.5
2691	468.1
2692	7.7
2693	547.9
2694	172
2695	2.7
2696	137.2
2697	3.7
2698	455.6
2699	297.5
2700	268.2
2701	16.3
2702	368.2
2703	134.4
2704	20.9
2705	150.1
2706	165.8
2707	194.8
2708	385.5
2709	214.3
2710	446.2
2711	160
2712	0.8
2713	83.4
2714	380.2
2715	145.9
2716	428.9
2717	427.5
2718	177
2719	152.3
2720	314.4
2721	96.3
2722	621.9
2723	182.4
2724	204.7
2725	349
2726	71.3
2727	250.7
2728	177.7
2729	192.9
2730	569.8
2731	0.5
2732	234.6
2733	169
2734	520.6
2735	186.9
2736	61.7
2737	77.4
2738	281.4
2739	76.7
2740	401.7
2741	231.9
2742	155.1
2743	79.5
2744	175.5
2745	84.8
2746	77.1
2747	85.1
2748	1.1
2749	183
2750	225.4
2751	356.8
2752	173.2
2753	188.5
2754	278.4
2755	86.3
2756	78.9
2757	172.5
2758	612.6
2759	88.2
2760	97.6
2761	69.9
2762	150.4
2763	407.3
2764	465.1
2765	344.3
2766	249
2767	56.4
2768	141.2
2769	81.8
2770	131
2771	566
2772	109.5
2773	37.2
2774	520.3
2775	659.1
2776	144.4
2777	217.4
2778	824.2
2779	130.2
2780	30.3
2781	203.5
2782	84.3
2783	181.8
2784	168
2785	265.3
2786	269.3
2787	289.2
2788	95.1
2789	663.5
2790	231.4
2791	399.1
2792	1084.4
2793	628.1
2794	179.4
2795	76.7
2796	91.2
2797	739
2798	392.7
2799	156.2
2800	802.1
2801	483.4
2802	602.5
2803	80.5
2804	31.2
2805	867.6
2806	144.6
2807	799.9
2808	560.3
2809	290.3
2810	28.3
2811	1089.4
2812	103.5
2813	126.1
2814	170.6
2815	1231
2816	70.4
2817	95.5
2818	363.1
2819	173.3
2820	481
2821	417.5
2822	187.3
2823	242
2824	96.9
2825	101.8
2826	132.7
2827	31.1
2828	128.7
2829	213.8
2830	193.5
2831	346.1
2832	338.3
2833	86.3
2834	552.5
2835	311.7
2836	170.6
2837	280.2
2838	406.6
2839	549.7
2840	500.1
2841	510.1
2842	308.7
2843	100.9
2844	47.3
2845	135
2846	32.4
2847	853.1
2848	641.3
2849	618.4
2850	814.8
2851	225.5
2852	194.2
2853	168.2
2854	621.5
2855	134.5
2856	240.2
2857	144.5
2858	348.4
2859	168
2860	109.7
2861	427.4
2862	112.5
2863	90.3
2864	151.8
2865	770.5
2866	497
2867	197.9
2868	125.2
2869	218.8
2870	124.3
2871	560.5
2872	463.4
2873	446.6
2874	92.7
2875	137.8
2876	59.2
2877	166.4
2878	137.7
2879	56.2
2880	185.3
2881	160.9
2882	833.3
2883	124.1
2884	175.2
2885	160.5
2886	276.9
2887	86.3
2888	55.4
2889	124.4
2890	142
2891	692.2
2892	765.9
2893	309.9
2894	171.1
2895	490.6
2896	50.6
2897	446.5
2898	138.1
2899	369.7
2900	167.7
2901	59.9
2902	287.6
2903	594.6
2904	34.1
2905	131.4
2906	615.3
2907	170.6
2908	209.6
2909	1076.7
2910	83.8
2911	455
2912	238.1
2913	972.2
2914	692.2
2915	108.9
2916	507.2
2917	170.4
2918	362.6
2919	66.1
2920	88
2921	231.1
2922	95.1
2923	129.3
2924	229
2925	470.3
2926	170.9
2927	45.4
2928	184.8
2929	166.9
2930	434.2
2931	190.4
2932	302.5
2933	206.7
2934	39.7
2935	221.7
2936	54.2
2937	101.9
2938	69.9
2939	196.4
2940	58
2941	139.2
2942	52.4
2943	1093
2944	62.4
2945	179.2
2946	267.1
2947	281.4
2948	323.6
2949	211.3
2950	76.1
2951	407.2
2952	238.8
2953	985.5
2954	199.6
2955	693.6
2956	188.6
2957	128.9
2958	312.3
2959	68.7
2960	196.5
2961	226.8
2962	190.9
2963	197.3
2964	774.9
2965	81.3
2966	414.3
2967	505.3
2968	169.6
2969	73.3
2970	56.4
2971	150.4
2972	157.6
2973	50.4
2974	226.5
2975	329.3
2976	194.5
2977	123.2
2978	172.9
2979	247.3
2980	205.7
2981	276
2982	523.7
2983	275.2
2984	245.1
2985	163.5
2986	198.6
2987	151.5
2988	229
2989	49.3
2990	56.6
2991	383.1
2992	221.7
2993	204.1
2994	215
2995	342.6
2996	404.6
2997	283.4
2998	79.8
2999	411.2
3000	109.3
3001	76.4
3002	229.1
3003	153.5
3004	147.5
3005	175.2
3006	246
3007	197.3
3008	236.8
3009	146.6
3010	42.2
3011	335.3
3012	196.4
3013	393.5
3014	90.4
3015	136.7
3016	150.1
3017	577.1
3018	157.1
3019	94.7
3020	94.5
3021	180.8
3022	59.9
3023	149.5
3024	274.6
3025	104.1
3026	417.5
3027	415.5
3028	153.9
3029	253.7
3030	56.4
3031	251.6
3032	211.6
3033	64.7
3034	195.3
3035	135
3036	55.1
3037	198.8
3038	82.7
3039	123.7
3040	447.6
3041	272.5
3042	221.2
3043	258.2
3044	111.8
3045	376.8
3046	65.7
3047	80.1
3048	219.5
3049	89.5
3050	528
3051	152
3052	159
3053	457.1
3054	88.2
3055	107
3056	194.4
3057	81.1
3058	198.4
3059	131.5
3060	41
3061	45.7
3062	100.8
3063	497.6
3064	475
3065	48.3
3066	177
3067	53
3068	227.3
3069	118.9
3070	173
3071	291.3
3072	134
3073	14.3
3074	361
3075	269.3
3076	284.5
3077	147.8
3078	143.7
3079	262.8
3080	239.6
3081	55
3082	57.3
3083	666.5
3084	58.6
3085	143.9
3086	116.2
3087	839.6
3088	241.4
3089	847
3090	176.4
3091	86.8
3092	21.9
3093	318.6
3094	21.5
3095	54.9
3096	184.8
3097	29.1
3098	902.5
3099	36.3
3100	199.1
3101	14.1
3102	174.6
3103	280.4
3104	260.7
3105	71.2
3106	334.8
3107	572.4
3108	62.6
3109	271.5
3110	40.6
3111	924.7
3112	14.7
3113	642.9
3114	245.1
3115	70.3
3116	179
3117	80.1
3118	335.8
3119	475.3
3120	14.2
3121	684.5
3122	18.8
3123	795.7
3124	22.8
3125	68.3
3126	20.7
3127	11.9
3128	76.9
3129	30.9
3130	83.7
3131	367.3
3132	359.7
3133	744
3134	638.9
3135	21.1
3136	875.3
3137	19.3
3138	35.4
3139	607.8
3140	194.9
3141	41
3142	212.6
3143	625.6
3144	130.5
3145	17.4
3146	40.1
3147	18.9
3148	51.1
3149	47.5
3150	19
3151	976.9
3152	624.1
3153	612.1
3154	215.3
3155	202.3
3156	140.7
3157	111.3
3158	18.6
3159	212.1
3160	22.5
3161	908.4
3162	718.3
3163	36.8
3164	19.8
3165	84
3166	635
3167	77.4
3168	754.5
3169	39.9
3170	434.2
3171	24.3
3172	653.2
3173	30.1
3174	240.5
3175	225.2
3176	19.2
3177	29.5
3178	31.6
3179	59.1
3180	18.2
3181	90.2
3182	305.6
3183	260
3184	1077.6
3185	998.6
3186	174.1
3187	279
3188	376.2
3189	174.6
3190	20
3191	19.9
3192	375.8
3193	31.1
3194	300
3195	748.9
3196	12.8
3197	104.6
3198	111.8
3199	331.7
3200	40.5
3201	29.1
3202	581.4
3203	307.3
3204	81.8
3205	750.3
3206	32.6
3207	39.1
3208	22.5
3209	19.4
3210	940.2
3211	963.6
3212	344.8
3213	80
3214	32
3215	18.3
3216	33.6
3217	46.6
3218	868.7
3219	720.9
3220	117.2
3221	28.1
3222	956.6
3223	13.1
3224	579
3225	42.4
3226	526.8
3227	34.7
3228	32.3
3229	14
3230	117.2
3231	14
3232	26.6
3233	27.5
3234	423
3235	630.4
3236	954.5
3237	26.7
3238	704.8
3239	14.4
3240	182.5
3241	53.3
3242	16
3243	738.1
3244	42
3245	69.8
3246	53.8
3247	17.7
3248	23.7
3249	26.7
3250	164.9
3251	297.7
3252	719.1
3253	29.2
3254	658.6
3255	33.4
3256	30.7
3257	808.8
3258	34.1
3259	86.2
3260	22
3261	25.4
3262	352.3
3263	36.7
3264	29.2
3265	25.5
3266	11.4
3267	98.1
3268	410.2
3269	534.9
3270	10.2
3271	22.5
3272	297.7
3273	22.3
3274	589.1
3275	17.3
3276	59.4
3277	8.9
3278	236.4
3279	32.6
3280	30.9
3281	53.3
3282	21.9
3283	146.7
3284	12.4
3285	16.2
3286	499
3287	21.4
3288	65.2
3289	11.8
3290	19.9
3291	350.2
3292	14.1
3293	47.2
3294	64.6
3295	29.1
3296	15.6
3297	36.4
3298	72.1
3299	40.9
3300	138.8
3301	83.2
3302	34.4
3303	327.1
3304	118.6
3305	163.9
3306	20.8
3307	19.3
3308	218
3309	19.6
3310	98.9
3311	11.4
3312	103.8
3313	55.5
3314	14.8
3315	11.2
3316	111.6
3317	16.5
3318	62.7
3319	12.9
3320	36.4
3321	15.6
3322	13
3323	30
3324	15.5
3325	60.8
3326	18.5
3327	11.8
3328	15.6
3329	30.5
3330	56.4
3331	24.7
3332	27.2
3333	46.8
3334	10.8
3335	158.9
3336	14.7
3337	11.5
3338	35.9
3339	16
3340	15.1
3341	76
3342	13.8
3343	15.4
3344	36.4
3345	10.9
3346	16.1
3347	23.5
3348	11.6
3349	10.9
3350	105.9
3351	16.2
3352	75.4
3353	55.4
3354	19.7
3355	58.5
3356	60.8
3357	15.1
3358	14
3359	55
3360	121
3361	26.9
3362	10
3363	39.9
3364	18
3365	21.9
3366	67.9
3367	49.4
3368	13.1
3369	15
3370	18.5
3371	53.6
3372	16.5
3373	77.8
3374	65.7
3375	9
3376	52.5
3377	9.8
3378	8.4
3379	17.7
3380	37.9
3381	31
3382	8.6
3383	58.9
3384	29.1
3385	31.4
3386	22.9
3387	9.3
3388	7.4
3389	25
3390	25.7
3391	27.7
3392	22.2
3393	8.5
3394	19.3
3395	17.6
3396	16.3
3397	16.7
3398	10.7
3399	8.2
3400	214.2
3401	312.6
3402	218.6
3403	176.2
3404	135.8
3405	133.6
3406	125.9
3407	176.3
3408	146
3409	211.8
3410	0
3411	0
3412	180.8
3413	287.8
3414	193.4
3415	170.8
3416	14.7
3417	203.8
3418	157.5
3419	0.2
3420	8.6
3421	0.1
3422	183.9
3423	185
3424	166.6
3425	264.6
3426	249
3427	8.9
3428	41.3
3429	393.7
3430	32.2
3431	274
3432	356.4
3433	162.3
3434	220.1
3435	0.2
3436	391.7
3437	195.7
3438	0.3
3439	0.2
3440	160.5
3441	299
3442	1.5
3443	146
3444	132.3
3445	0.1
3446	0.5
3447	0.5
3448	4.8
3449	155.9
3450	0.1
3451	236.9
3452	213.9
3453	200.6
3454	146
3455	178.1
3456	16.3
3457	164.9
3458	116
3459	3.8
3460	315.7
3461	20.9
3462	261.4
3463	322.4
3464	4
3465	12.8
3466	127.7
3467	156.8
3468	145.6
3469	76.5
3470	141.4
3471	228.1
3472	51
3473	179.9
3474	177.9
3475	0.1
3476	0.1
3477	197.9
3478	198.4
3479	0.2
3480	163.8
3481	142.5
3482	31.9
3483	55.9
3484	119.7
3485	45.9
3486	0.1
3487	257.6
3488	41.2
3489	180.8
3490	152.9
3491	0.4
3492	117.1
3493	35.3
3494	217.7
3495	309.2
3496	34.3
3497	25
3498	25.4
3499	278.5
3500	55.2
3501	68.5
3502	36
3503	0.3
3504	0.1
3505	105.5
3506	336.5
3507	0.1
3508	114.7
3509	105.8
3510	0.4
3511	115.1
3512	171.1
3513	281.1
3514	114
3515	219.4
3516	114.8
3517	77.4
3518	146.6
3519	178.7
3520	3.6
3521	1
3522	905.8
3523	93.3
3524	127.6
3525	107.3
3526	71.9
3527	136.3
3528	523.5
3529	110
3530	116.3
3531	816.2
3532	123.4
3533	6.2
3534	6.8
3535	253.2
3536	411.6
3537	235.7
3538	1.6
3539	364.5
3540	692.6
3541	428.1
3542	734.8
3543	305.2
3544	200.1
3545	967.1
3546	407.4
3547	107.9
3548	814.6
3549	240.3
3550	119.1
3551	209.3
3552	117.4
3553	167.1
3554	340.3
3555	581.7
3556	252.5
3557	68.6
3558	667.4
3559	40.2
3560	281.5
3561	89.4
3562	94.8
3563	252.2
3564	92
3565	127.4
3566	77
3567	279.1
3568	169.4
3569	320.4
3570	327.8
3571	467.9
3572	67.5
3573	683.4
3574	246.9
3575	125.7
3576	639.3
3577	570.6
3578	802.6
3579	50.4
3580	44.1
3581	16.8
3582	917.8
3583	40.6
3584	722.6
3585	39.6
3586	647
3587	23.8
3588	35.7
3589	22.5
3590	23.5
3591	153.3
3592	37.1
3593	12.9
3594	20.8
