"COMID"	"Value"
1	19.9
2	8.6
3	88.9
4	12.1
5	26.4
6	0
7	13.8
8	13
9	5.7
10	0
11	20.7
12	5.9
13	0.1
14	148.6
15	14.5
16	39.9
17	16.3
18	4.5
19	90.2
20	46.5
21	36
22	109.9
23	0
24	5.6
25	31.4
26	1.5
27	12.9
28	47.4
29	28.8
30	0
31	35.9
32	16.8
33	243.2
34	5.6
35	3.2
36	6.7
37	83.6
38	0
39	5.6
40	216.5
41	134.4
42	13.5
43	193.2
44	26
45	7.4
46	0.1
47	2.2
48	223.7
49	22.5
50	7.6
51	5.6
52	0.8
53	7.4
54	133.7
55	99.4
56	51
57	155.3
58	5.6
59	9.4
60	5.6
61	6
62	5.9
63	56.5
64	10.1
65	5.6
66	2.5
67	100.4
68	2.1
69	1.6
70	1
71	0
72	54.9
73	5.6
74	10.4
75	1
76	1
77	0.2
78	1.3
79	75.5
80	1
81	0.7
82	0
83	30.4
84	0
85	29.2
86	2.4
87	5.6
88	5.6
89	1.1
90	10.3
91	7.8
92	84.9
93	27.4
94	6
95	12.7
96	7.5
97	72.9
98	0
99	1.2
100	88.1
101	17.9
102	15.3
103	5.6
104	0.1
105	7.5
106	57.9
107	1.4
108	0
109	7.5
110	7.5
111	0
112	38.4
113	1
114	36
115	6.5
116	2.7
117	26.5
118	49.7
119	0
120	3.9
121	0.8
122	15.4
123	0
124	43.1
125	30.5
126	64.3
127	1.4
128	37.1
129	5.6
130	1
131	1.9
132	1
133	24.3
134	11.5
135	36.6
136	13.5
137	39.4
138	1
139	1
140	11.6
141	6.5
142	1
143	0
144	4.1
145	1
146	27.8
147	42.5
148	37.1
149	36.7
150	48.7
151	0.3
152	30.2
153	1
154	25.2
155	0
156	1
157	40.2
158	1
159	1.9
160	33.2
161	1
162	1
163	0.8
164	1
165	0
166	1
167	24.3
168	0
169	28.2
170	16.3
171	2.6
172	1
173	1
174	7.5
175	0.8
176	67.3
177	1.9
178	13.2
179	25.2
180	1
181	0
182	5.1
183	0
184	1
185	1
186	6.6
187	6.6
188	1
189	1
190	8.1
191	1
192	21
193	1
194	52.8
195	0.1
196	1
197	1.9
198	1
199	23.5
200	1
201	1
202	1
203	1
204	1
205	1
206	2.2
207	1.3
208	45.4
209	22.7
210	2.6
211	45.4
212	23.6
213	20.4
214	1
215	25
216	6.8
217	1.9
218	1.5
219	1.9
220	1
221	0
222	24.5
223	30.5
224	0
225	2
226	20
227	0
228	26.6
229	1
230	0
231	1.9
232	3.6
233	27.5
234	0.7
235	0
236	16.3
237	0.8
238	1.6
239	15.8
240	5
241	18.2
242	0
243	0
244	20.9
245	25.7
246	22.8
247	0
248	0
249	0
250	22.4
251	20.8
252	93.4
253	4.7
254	0
255	0
256	0
257	0
258	0.2
259	0
260	0
261	25.4
262	19.5
263	0
264	0
265	0
266	15.2
267	22.6
268	56.4
269	27.1
270	0
271	2.3
272	17.5
273	19.1
274	0
275	11.8
276	0
277	1
278	16.1
279	0
280	7.9
281	14.7
282	14.1
283	1
284	1.1
285	0
286	11
287	127.2
288	1
289	1
290	1
291	22.9
292	1
293	0
294	75.6
295	1
296	7.2
297	16.1
298	0
299	0.1
300	20.4
301	1
302	20.9
303	5.7
304	1
305	13.9
306	1.1
307	19.7
308	0.8
309	1
310	4.7
311	19.3
312	14.2
313	7.6
314	1
315	1
316	1
317	0
318	1.3
319	0
320	16.7
321	1
322	5.6
323	14
324	1
325	0
326	49.9
327	1
328	1
329	1
330	0
331	1
332	1
333	1
334	1
335	0.1
336	1
337	0
338	1
339	1
340	1
341	1
342	0
343	1
344	0
345	1
346	0.1
347	1
348	1.1
349	1
350	1
351	1
352	1
353	0.9
354	1
355	0
356	1
357	0
358	1
359	0
360	1
361	1
362	1
363	1
364	0
365	0.8
366	6.1
367	0
368	40.6
369	0
370	0.9
371	0
372	5.6
373	6.8
374	0
375	65.8
376	37.6
377	0.9
378	6.5
379	0
380	0.9
381	0
382	0
383	1.1
384	0
385	0
386	0
387	70.8
388	0.8
389	1.9
390	64.5
391	5.6
392	1.9
393	0
394	5.6
395	0
396	0.1
397	0
398	5.6
399	0.1
400	5.6
401	1.8
402	0
403	0.1
404	0
405	0
406	211.1
407	0.1
408	0
409	0
410	104.5
411	2
412	0
413	192
414	0
415	0.1
416	0
417	0
418	0
419	12.2
420	0
421	0.1
422	0.1
423	7.8
424	118.8
425	14.6
426	0.1
427	185.7
428	70
429	1.1
430	167.9
431	0.1
432	5.7
433	9.4
434	6.1
435	5.6
436	6.3
437	0.1
438	19.4
439	0.1
440	0.9
441	175.5
442	4.8
443	30.4
444	5.9
445	55.3
446	5.6
447	62
448	34.9
449	5.6
450	7.2
451	0.1
452	34.6
453	0.1
454	5.6
455	13.3
456	5.6
457	4
458	49.6
459	26.6
460	5.7
461	60.6
462	47
463	7.5
464	1
465	50
466	0.1
467	174.9
468	1
469	7.4
470	1
471	1
472	1.1
473	3.7
474	1
475	0
476	0
477	63.7
478	1
479	25.9
480	5.2
481	0.1
482	0
483	26.7
484	5.6
485	6.2
486	0.1
487	48.8
488	1.2
489	0.1
490	1
491	147.9
492	11.6
493	0.1
494	284.5
495	0.2
496	0
497	110.3
498	56.5
499	0
500	51.2
501	202.9
502	243.3
503	5.6
504	5.6
505	6.2
506	47.4
507	38.1
508	6.7
509	36.1
510	165.2
511	86.2
512	193.4
513	0
514	4.8
515	0
516	5.6
517	38.4
518	5.7
519	7.2
520	0.2
521	139.3
522	5.6
523	0
524	24.1
525	115.4
526	7.3
527	153.1
528	5.6
529	0
530	191.1
531	38.3
532	101.5
533	172.3
534	10.1
535	354.8
536	14.7
537	0
538	0
539	0.8
540	5.6
541	54.1
542	42.8
543	52.1
544	0
545	0
546	83.6
547	45
548	0
549	0.2
550	0.8
551	32.9
552	45.6
553	1
554	0
555	5.6
556	48.6
557	6.3
558	0
559	69.6
560	41
561	1.3
562	71.6
563	0
564	15.9
565	107.8
566	57.5
567	5.6
568	67.9
569	10.8
570	0
571	1.2
572	26.9
573	5.9
574	47.6
575	5.6
576	0
577	0
578	121.8
579	152.8
580	31
581	0
582	32.7
583	5.6
584	5.6
585	0
586	39.7
587	34.4
588	5.2
589	33.4
590	0
591	17.5
592	215.3
593	22.9
594	12.3
595	9.5
596	5.6
597	0
598	5.6
599	39.7
600	7.9
601	5.6
602	0
603	0.6
604	6.4
605	0
606	5.6
607	5.6
608	6.1
609	0
610	5.6
611	0.8
612	0
613	0
614	30.6
615	0.1
616	0
617	39.4
618	0.2
619	28.8
620	10.8
621	6.6
622	54.6
623	60.8
624	46.3
625	5.6
626	5.6
627	46
628	5.6
629	14.3
630	139.6
631	5.6
632	0.4
633	22.5
634	0
635	33.8
636	13.2
637	11.6
638	5.6
639	0.3
640	0.1
641	121.3
642	0
643	45
644	0
645	0.4
646	35.5
647	5.6
648	1.7
649	38.1
650	5.6
651	192.8
652	5.6
653	0
654	5.6
655	0
656	5.6
657	61.2
658	0.9
659	65.9
660	0.1
661	0.8
662	26.1
663	60.7
664	5.6
665	5.6
666	5.6
667	0.9
668	49
669	0.9
670	5.6
671	5.6
672	5.6
673	29.6
674	0.1
675	59.2
676	27
677	137.2
678	7.5
679	5.6
680	0.1
681	64.3
682	27.1
683	56
684	52.9
685	5.6
686	161.8
687	0
688	50.1
689	5.6
690	57.8
691	0.8
692	197.5
693	6.8
694	0.1
695	0.8
696	97.3
697	5.6
698	58.8
699	29.7
700	47.2
701	0.1
702	125.7
703	36.2
704	15.9
705	34.9
706	6.8
707	161.3
708	77.4
709	42.9
710	31.7
711	0.1
712	1.9
713	31.1
714	5.7
715	21.5
716	0
717	1.1
718	86.3
719	20
720	34
721	5.6
722	36.2
723	79.2
724	62.2
725	5.6
726	0
727	0.1
728	52.9
729	0.1
730	28
731	8.7
732	0.1
733	19.4
734	27.5
735	2.4
736	6.9
737	25.8
738	32.9
739	49.4
740	76.8
741	42.2
742	4.1
743	44.6
744	0
745	0
746	25.9
747	50.2
748	0
749	90.4
750	5.6
751	15.1
752	17.6
753	54.8
754	90.7
755	51.8
756	14.3
757	15.1
758	28.7
759	5.6
760	21.9
761	5.6
762	35.8
763	27.9
764	133.2
765	33.9
766	0
767	31
768	43.5
769	215.6
770	31.3
771	9.1
772	35.7
773	9.4
774	13
775	0.8
776	7.6
777	19.5
778	13.7
779	0
780	232.9
781	28.9
782	331.2
783	255.3
784	373.2
785	370.6
786	214.9
787	385.2
788	148.6
789	208
790	341.4
791	185
792	330.9
793	231.3
794	334.3
795	325.7
796	140.5
797	308.5
798	160.2
799	282.8
800	318.8
801	165.8
802	178.1
803	281.9
804	99.9
805	176.2
806	186.4
807	69.5
808	227.7
809	211
810	365.8
811	225.8
812	343.2
813	210.6
814	234.1
815	256.8
816	336.5
817	104.5
818	302.7
819	316.4
820	225.8
821	134.9
822	257.1
823	295
824	287.8
825	159.5
826	279.7
827	236.5
828	310.9
829	227
830	304.4
831	102.1
832	258
833	145.5
834	166.7
835	240.7
836	227
837	44
838	212.5
839	138.8
840	267
841	188.5
842	132.3
843	14.4
844	167
845	186.1
846	188.6
847	265.1
848	185.6
849	162.1
850	209.6
851	177.2
852	82.7
853	128.2
854	158.4
855	164.6
856	177.5
857	208.4
858	184
859	155.1
860	121.5
861	151.5
862	7.5
863	129.1
864	188.6
865	149.6
866	126.5
867	72.3
868	229.4
869	203.3
870	33.4
871	136.1
872	175.2
873	9
874	188.5
875	173.7
876	213.8
877	153.6
878	133.1
879	172.4
880	127
881	148.9
882	150.6
883	68.6
884	146.3
885	147.2
886	6.7
887	105.6
888	120.1
889	187.1
890	198.4
891	275.3
892	124.2
893	164.5
894	6.9
895	151.5
896	209.4
897	288.9
898	187.1
899	171.8
900	208.3
901	127.8
902	195.7
903	199.6
904	129
905	127.9
906	172.2
907	154.9
908	110.1
909	154.9
910	0
911	132.7
912	217.3
913	134.2
914	136.2
915	0
916	137.7
917	154.6
918	133.4
919	141.3
920	294.5
921	66.6
922	122
923	17.4
924	126.1
925	180
926	201.2
927	136.4
928	7.2
929	139.3
930	91.2
931	136.3
932	22.3
933	152.2
934	0
935	290.8
936	238.3
937	181.9
938	171
939	135.5
940	144.7
941	122.2
942	125.9
943	0
944	155.8
945	142.2
946	300
947	0
948	147.3
949	157.5
950	202.9
951	163.3
952	162.1
953	11.4
954	18.4
955	125.3
956	233.9
957	148.2
958	12.8
959	148.9
960	151.4
961	138.4
962	173.5
963	136.7
964	0
965	133.1
966	135
967	0
968	144.2
969	137.4
970	34.6
971	207.9
972	144.1
973	137.9
974	144.8
975	164
976	140.9
977	225.2
978	10.3
979	144.4
980	158
981	127
982	160.5
983	194
984	130.5
985	232.2
986	215.2
987	8.4
988	235.3
989	207.4
990	0
991	172
992	0
993	274.9
994	158.5
995	203.5
996	216.5
997	243.2
998	9.2
999	141.2
1000	0
1001	12.1
1002	184.9
1003	0
1004	212.2
1005	12.4
1006	222.7
1007	0
1008	11.6
1009	0
1010	147.6
1011	220.4
1012	230.5
1013	9
1014	229.8
1015	9.8
1016	0
1017	276.4
1018	8
1019	10.3
1020	166.9
1021	213.4
1022	173
1023	219.6
1024	266.6
1025	214.1
1026	224.2
1027	224.4
1028	220.3
1029	6.5
1030	0.4
1031	0
1032	0
1033	0.6
1034	138.7
1035	0.2
1036	172.1
1037	172.7
1038	207.7
1039	9.9
1040	6.7
1041	248.2
1042	6.8
1043	0
1044	8.2
1045	7
1046	8.4
1047	242.5
1048	260.6
1049	271.4
1050	0
1051	145.7
1052	196.9
1053	5.8
1054	190.7
1055	213.9
1056	187.9
1057	0.4
1058	126.5
1059	0.6
1060	139.8
1061	0
1062	235.5
1063	255.1
1064	0.2
1065	7.6
1066	262.3
1067	0.4
1068	0.6
1069	0.2
1070	244.9
1071	166.3
1072	0.3
1073	0.3
1074	172.5
1075	0
1076	248.8
1077	0.2
1078	266.7
1079	211.8
1080	7.3
1081	0.3
1082	240.3
1083	0.3
1084	210.3
1085	257.5
1086	229.6
1087	0
1088	0.4
1089	8
1090	182.3
1091	318.5
1092	0.4
1093	7.5
1094	0.2
1095	16
1096	17.5
1097	349.1
1098	15
1099	0
1100	0
1101	0.1
1102	144
1103	0.4
1104	2.9
1105	10.1
1106	7.8
1107	0.6
1108	5.3
1109	215.5
1110	0.4
1111	0.3
1112	255.3
1113	307.8
1114	197.1
1115	10.4
1116	6.7
1117	251.7
1118	11.3
1119	2.5
1120	12.4
1121	6.2
1122	11.6
1123	12.1
1124	194.9
1125	8.1
1126	270.6
1127	9
1128	240.3
1129	263.3
1130	6
1131	0.2
1132	199.7
1133	234.7
1134	3
1135	0.1
1136	0.2
1137	3.6
1138	2.6
1139	6.2
1140	208.8
1141	14
1142	0.3
1143	283.1
1144	13.6
1145	4.5
1146	10.1
1147	9.6
1148	235.1
1149	10.8
1150	9.6
1151	11.6
1152	251.4
1153	336.1
1154	0
1155	0.1
1156	215.2
1157	9.1
1158	0.1
1159	117.5
1160	12.4
1161	0.2
1162	6.5
1163	7.5
1164	296.3
1165	0.1
1166	287.5
1167	163.1
1168	236.4
1169	224.9
1170	254.1
1171	7.2
1172	144.7
1173	10.9
1174	273.8
1175	4.4
1176	66.1
1177	0
1178	9
1179	306.4
1180	6
1181	7.9
1182	12.3
1183	0.2
1184	0.1
1185	330.4
1186	261.3
1187	10.6
1188	6.8
1189	11.1
1190	12.1
1191	338.4
1192	6.5
1193	187.1
1194	18.5
1195	316.6
1196	11.5
1197	0.1
1198	0.1
1199	146
1200	26.6
1201	14.2
1202	6.6
1203	0
1204	13.8
1205	17.8
1206	0.6
1207	3.7
1208	0.4
1209	11.1
1210	178.9
1211	160.1
1212	0
1213	113.7
1214	300.4
1215	11.7
1216	233.1
1217	117.6
1218	0.2
1219	0.5
1220	112.5
1221	9.6
1222	15.5
1223	27.5
1224	7.7
1225	261
1226	205.2
1227	95.3
1228	7
1229	12.2
1230	253.9
1231	0.6
1232	119.2
1233	9.6
1234	6.9
1235	10.1
1236	0.2
1237	250.3
1238	132.5
1239	0.1
1240	8.4
1241	217.3
1242	112.1
1243	10.5
1244	8.2
1245	237.2
1246	212.4
1247	84.9
1248	29.9
1249	267.5
1250	98.7
1251	6.3
1252	0
1253	15.4
1254	4.2
1255	0.1
1256	99.6
1257	24.5
1258	21.9
1259	0.1
1260	138.2
1261	113.4
1262	0.4
1263	14.5
1264	18.2
1265	231.3
1266	187.6
1267	0.1
1268	117.3
1269	30.2
1270	185.7
1271	19.8
1272	5.8
1273	18.5
1274	223
1275	7.3
1276	95.2
1277	122.4
1278	213.6
1279	27.3
1280	0.1
1281	11.9
1282	0.1
1283	343.5
1284	32.6
1285	18.9
1286	352.8
1287	7.2
1288	8.6
1289	157.9
1290	11.5
1291	186.2
1292	19.1
1293	26.2
1294	12.8
1295	239.1
1296	0.6
1297	33.3
1298	174
1299	11.8
1300	14.7
1301	0.1
1302	9.3
1303	16.6
1304	35.3
1305	338
1306	0.1
1307	224
1308	16.1
1309	0.1
1310	219
1311	213.4
1312	134.1
1313	9.2
1314	242.5
1315	0.2
1316	142.5
1317	110.2
1318	16.7
1319	124.7
1320	140.3
1321	2.6
1322	0.1
1323	0.1
1324	19.3
1325	196.2
1326	0.6
1327	3.7
1328	168.2
1329	33.3
1330	173.1
1331	98.4
1332	26
1333	77.3
1334	164.9
1335	4.4
1336	167.7
1337	0.6
1338	0.7
1339	16.8
1340	19.5
1341	204.2
1342	186.5
1343	0.2
1344	0.3
1345	13.5
1346	0.2
1347	177.5
1348	94.9
1349	11.3
1350	0.1
1351	103.5
1352	32
1353	179.7
1354	1.8
1355	128.8
1356	28.7
1357	80.2
1358	143.2
1359	20.7
1360	0.7
1361	13.6
1362	165.7
1363	0.2
1364	0.3
1365	159.5
1366	1.4
1367	0.2
1368	101.6
1369	4.3
1370	5.8
1371	1.9
1372	14
1373	166.3
1374	0.3
1375	208.1
1376	31.4
1377	19.2
1378	29.8
1379	27.8
1380	155.3
1381	0.2
1382	151.6
1383	0.7
1384	17.5
1385	29.4
1386	126.5
1387	1.1
1388	2.6
1389	4.2
1390	100
1391	281.9
1392	155.5
1393	0.3
1394	0.4
1395	178.1
1396	0.2
1397	373.7
1398	0.2
1399	0.1
1400	82.3
1401	2.2
1402	1.8
1403	230.8
1404	26.6
1405	0.3
1406	1.6
1407	0.2
1408	2.2
1409	161.7
1410	1.7
1411	137.5
1412	0.4
1413	234.1
1414	20.9
1415	134.7
1416	117.5
1417	3.6
1418	240.2
1419	3.9
1420	25.2
1421	2.8
1422	0.2
1423	52.1
1424	156.4
1425	1.6
1426	139.8
1427	32.9
1428	2.5
1429	2.8
1430	113.7
1431	241.6
1432	4.1
1433	110.1
1434	0.9
1435	109.9
1436	0.2
1437	0.3
1438	1.9
1439	25.6
1440	150.6
1441	136.8
1442	1.1
1443	87.9
1444	1.9
1445	1.6
1446	165.9
1447	0.7
1448	236.8
1449	0.3
1450	2.2
1451	1.3
1452	0.2
1453	234.7
1454	49.8
1455	0.6
1456	0.9
1457	232.2
1458	145.1
1459	25.7
1460	2.6
1461	126.8
1462	1.6
1463	4.7
1464	3.5
1465	5
1466	335.9
1467	2.2
1468	1.8
1469	125.1
1470	171.9
1471	2.6
1472	1.4
1473	344.9
1474	0.5
1475	315.1
1476	2.1
1477	2.3
1478	169.4
1479	201.5
1480	2.4
1481	159.6
1482	118.7
1483	3.2
1484	1.7
1485	49
1486	3.8
1487	2.1
1488	238.8
1489	166.1
1490	1.2
1491	76.8
1492	153.1
1493	189.1
1494	310.6
1495	0.3
1496	129.3
1497	117.4
1498	2.5
1499	113.2
1500	9.7
1501	151.1
1502	252.2
1503	1.6
1504	0.3
1505	123.6
1506	177.8
1507	4.5
1508	1.8
1509	50.1
1510	0.7
1511	2.2
1512	3.3
1513	157.8
1514	2.3
1515	1.9
1516	2.4
1517	178.1
1518	3.5
1519	159.2
1520	0.7
1521	1.3
1522	1.2
1523	2.1
1524	0.3
1525	0.6
1526	1.3
1527	137.8
1528	1.1
1529	169.4
1530	242.7
1531	3.5
1532	1.2
1533	2.1
1534	222.3
1535	30.3
1536	202.9
1537	2.4
1538	38.7
1539	1.4
1540	0.6
1541	1.2
1542	0.3
1543	180.1
1544	2.6
1545	0.7
1546	33.6
1547	132.8
1548	0.9
1549	1.6
1550	2.6
1551	0.3
1552	132.9
1553	238.8
1554	66.6
1555	235.8
1556	182.6
1557	2
1558	1.3
1559	167.2
1560	15.5
1561	2.5
1562	1.9
1563	1.6
1564	0.9
1565	77.8
1566	1.6
1567	2.3
1568	2.4
1569	256.2
1570	211.2
1571	1
1572	1.5
1573	212.9
1574	1.2
1575	186.6
1576	250.8
1577	276.4
1578	2.2
1579	1.5
1580	181.2
1581	192.7
1582	163.9
1583	238.4
1584	33
1585	217
1586	219
1587	0.4
1588	210.2
1589	1.8
1590	18.9
1591	2.7
1592	242.2
1593	1.3
1594	195.9
1595	134.3
1596	176.4
1597	1.8
1598	241.5
1599	256.6
1600	162.5
1601	57
1602	222
1603	172.6
1604	205.8
1605	23.3
1606	1.4
1607	0.8
1608	184
1609	0.7
1610	136.5
1611	1.4
1612	308.2
1613	212.5
1614	167
1615	231.9
1616	205.9
1617	0.7
1618	172.5
1619	15.4
1620	205.4
1621	195.1
1622	193
1623	0.6
1624	223.3
1625	175.7
1626	181.2
1627	0.3
1628	138.9
1629	0.6
1630	270.9
1631	92.9
1632	223.3
1633	1
1634	227.4
1635	227.9
1636	169.4
1637	232.7
1638	154.1
1639	16.3
1640	1.7
1641	175.1
1642	233.4
1643	231.9
1644	1.8
1645	102.7
1646	187
1647	0.5
1648	22
1649	2.1
1650	9.4
1651	309.3
1652	177.6
1653	8.7
1654	188.4
1655	293.4
1656	300.9
1657	98.6
1658	176.8
1659	235.2
1660	147
1661	18.6
1662	0.3
1663	192
1664	15.6
1665	6.9
1666	219
1667	316.4
1668	196
1669	202.9
1670	28.7
1671	275.2
1672	191.3
1673	279.5
1674	155.1
1675	151.8
1676	15.5
1677	25.4
1678	8.7
1679	248.6
1680	390.8
1681	138.3
1682	6.8
1683	179.8
1684	226
1685	170
1686	76.9
1687	238.8
1688	154.3
1689	18
1690	306.7
1691	52.1
1692	228
1693	12.6
1694	183.4
1695	323.1
1696	0.2
1697	496.3
1698	10.9
1699	12.9
1700	116.5
1701	239.2
1702	330.2
1703	183
1704	0.2
1705	8.9
1706	153.1
1707	9.7
1708	7.8
1709	202.5
1710	16.4
1711	9.9
1712	180.3
1713	188.2
1714	192.2
1715	278.7
1716	166.4
1717	170.1
1718	24.8
1719	72.7
1720	159.3
1721	180.2
1722	154.8
1723	125.7
1724	167.8
1725	202.4
1726	187.6
1727	348.6
1728	144.8
1729	22.2
1730	193.6
1731	17.3
1732	82.6
1733	193.6
1734	37.3
1735	276.7
1736	15.6
1737	202.4
1738	144.5
1739	138.2
1740	0.2
1741	20.1
1742	13.6
1743	152.9
1744	118
1745	216
1746	141.7
1747	141.9
1748	147.2
1749	93.7
1750	67.7
1751	122.2
1752	124.8
1753	182.9
1754	204
1755	118.7
1756	139.8
1757	273.3
1758	135.1
1759	139.4
1760	146.8
1761	136.7
1762	154.4
1763	153.3
1764	189
1765	12.4
1766	179.4
1767	128.4
1768	0.2
1769	111.2
1770	294
1771	176.6
1772	0.4
1773	196.9
1774	83.8
1775	0
1776	104.9
1777	184.1
1778	6.7
1779	11
1780	14.3
1781	125.7
1782	119.1
1783	88.7
1784	131.5
1785	158.5
1786	136.7
1787	332.9
1788	265.6
1789	140.2
1790	7.6
1791	115.4
1792	161.8
1793	168.9
1794	65.6
1795	153.8
1796	272.7
1797	297
1798	151.4
1799	0.1
1800	161.9
1801	141.5
1802	148.2
1803	0.2
1804	133.7
1805	7.5
1806	229.8
1807	111.4
1808	128.7
1809	249.3
1810	346.8
1811	206.7
1812	0.1
1813	300.9
1814	91.9
1815	175.3
1816	115.2
1817	163
1818	128.3
1819	231.9
1820	185.9
1821	181.9
1822	197.9
1823	262.6
1824	0.1
1825	145.3
1826	208.6
1827	215
1828	242.4
1829	229.1
1830	0.5
1831	162.4
1832	0.2
1833	157.8
1834	0.2
1835	179.8
1836	197.5
1837	0
1838	0.1
1839	134.9
1840	161
1841	142.2
1842	169.3
1843	188.4
1844	248.8
1845	134.9
1846	0
1847	145.8
1848	221.8
1849	153.5
1850	156.2
1851	190.9
1852	205.7
1853	134.6
1854	242.3
1855	126
1856	146.7
1857	0.1
1858	115.4
1859	170.2
1860	136.8
1861	0.1
1862	154.1
1863	0.1
1864	123.4
1865	184.7
1866	230.3
1867	0.1
1868	220
1869	188.2
1870	45.3
1871	190.1
1872	193.9
1873	192.1
1874	230.8
1875	0.2
1876	178.1
1877	0.1
1878	0.1
1879	279.4
1880	220.3
1881	204.7
1882	0.1
1883	252
1884	166.1
1885	116.9
1886	158.4
1887	0.1
1888	191.7
1889	0.3
1890	237.5
1891	42.1
1892	170.9
1893	133.3
1894	113.2
1895	161.5
1896	104.4
1897	204.7
1898	191.9
1899	183.6
1900	0.1
1901	259.2
1902	178.4
1903	198
1904	264.9
1905	157.3
1906	0.1
1907	0
1908	94.5
1909	35.2
1910	31.9
1911	198.6
1912	109
1913	0.2
1914	149.3
1915	0.1
1916	171.1
1917	118.5
1918	106.3
1919	0.1
1920	0.1
1921	234.2
1922	0.3
1923	0.2
1924	0.1
1925	192.8
1926	146
1927	187.5
1928	103.5
1929	0
1930	0.1
1931	0
1932	105.3
1933	154.9
1934	133.7
1935	0.1
1936	230.9
1937	0.2
1938	186.9
1939	191.3
1940	0.1
1941	218.8
1942	143.2
1943	0.3
1944	174.8
1945	0
1946	0.3
1947	0.3
1948	0
1949	189.4
1950	193
1951	0.1
1952	56.8
1953	54
1954	0.2
1955	83.3
1956	164.4
1957	218.6
1958	0.1
1959	119.9
1960	122.3
1961	186.5
1962	185
1963	0.1
1964	0.1
1965	0.2
1966	154.5
1967	32.8
1968	125.1
1969	0.1
1970	208.1
1971	0.4
1972	0.3
1973	0.2
1974	206
1975	51.1
1976	69.7
1977	47.4
1978	179.7
1979	203.7
1980	0.5
1981	171.3
1982	164.1
1983	0.3
1984	0.1
1985	74.7
1986	102.2
1987	173.1
1988	51.4
1989	205.8
1990	180.3
1991	0.4
1992	0.1
1993	121.5
1994	250.6
1995	156
1996	0.1
1997	55.5
1998	253.5
1999	0.1
2000	132.4
2001	177.1
2002	72.5
2003	88.5
2004	0.2
2005	0.1
2006	143.8
2007	0.2
2008	27.3
2009	0.1
2010	47.3
2011	144.3
2012	0.2
2013	89.4
2014	141.2
2015	81.9
2016	0.2
2017	0.2
2018	123.5
2019	0.2
2020	0.3
2021	73.1
2022	76.9
2023	56.8
2024	159.8
2025	284.8
2026	0.1
2027	51.7
2028	222.5
2029	237.7
2030	0.2
2031	92
2032	12.9
2033	0.2
2034	0.2
2035	52
2036	156
2037	237.7
2038	183.6
2039	0.1
2040	0.1
2041	250.5
2042	71.8
2043	196
2044	178
2045	0.1
2046	0.2
2047	72
2048	0.2
2049	0.2
2050	136.8
2051	30
2052	0.1
2053	38.3
2054	73.3
2055	130.4
2056	231.1
2057	170.2
2058	204.8
2059	0.1
2060	66.9
2061	15.1
2062	290.8
2063	0.1
2064	30.3
2065	0.3
2066	0.1
2067	136.6
2068	0.1
2069	240.7
2070	42.4
2071	73.2
2072	0.2
2073	135.9
2074	122.6
2075	0.1
2076	205.2
2077	0.1
2078	104.9
2079	0.2
2080	0.2
2081	113.4
2082	0.1
2083	26.4
2084	104.5
2085	0.2
2086	102
2087	0.2
2088	238.6
2089	112.7
2090	145.6
2091	81.2
2092	155.7
2093	103.6
2094	0.2
2095	25.2
2096	0.1
2097	48.5
2098	150.9
2099	209
2100	191.8
2101	0.1
2102	102.5
2103	0.1
2104	0
2105	0.1
2106	0.2
2107	0.5
2108	138.8
2109	0.1
2110	0.1
2111	0
2112	182.8
2113	83
2114	0.3
2115	148.6
2116	166.1
2117	81.2
2118	121.6
2119	50
2120	181.7
2121	43.8
2122	190.3
2123	0.3
2124	176.9
2125	63.4
2126	0.1
2127	33.5
2128	0.2
2129	0
2130	0.3
2131	89.7
2132	109.1
2133	0.1
2134	0.1
2135	44.5
2136	237.9
2137	44.6
2138	54.3
2139	175.6
2140	0
2141	215.7
2142	131.5
2143	0.1
2144	0.1
2145	185.8
2146	35.3
2147	30.3
2148	165.5
2149	0.2
2150	74.4
2151	0.1
2152	170.2
2153	310.9
2154	169.8
2155	0
2156	0.1
2157	0.2
2158	43
2159	35.5
2160	340.6
2161	0.3
2162	0.1
2163	173.8
2164	0.3
2165	59.3
2166	0
2167	0
2168	0.2
2169	161.2
2170	0.2
2171	0.3
2172	0.1
2173	101.2
2174	0.1
2175	25.8
2176	0.1
2177	231.3
2178	95.5
2179	0.1
2180	49.2
2181	439.8
2182	0.2
2183	0.2
2184	0
2185	180.2
2186	46.9
2187	39.4
2188	0
2189	0.2
2190	59.4
2191	0.1
2192	0
2193	0.1
2194	143.5
2195	46.5
2196	0
2197	352.2
2198	0
2199	343.6
2200	0
2201	27.3
2202	51.9
2203	0.1
2204	0
2205	0.3
2206	49.8
2207	51.8
2208	40.9
2209	0.2
2210	286.9
2211	0.2
2212	89.1
2213	147.4
2214	0.1
2215	49.4
2216	36.5
2217	0.2
2218	0
2219	353.1
2220	39.3
2221	0
2222	296.4
2223	0
2224	0.1
2225	58.7
2226	46.7
2227	449.6
2228	0.1
2229	0.2
2230	98.2
2231	0
2232	78
2233	0.1
2234	337.3
2235	0.1
2236	0.2
2237	0.1
2238	0.1
2239	40.2
2240	0.1
2241	75.9
2242	0.2
2243	0.2
2244	0.1
2245	463.7
2246	0
2247	0.3
2248	401.8
2249	98.6
2250	0
2251	32.2
2252	223.7
2253	0.2
2254	41.5
2255	0.3
2256	256.6
2257	61.5
2258	0
2259	388.8
2260	0.2
2261	0.1
2262	0.1
2263	536.4
2264	529.4
2265	403.9
2266	0.1
2267	0.1
2268	119.9
2269	53.4
2270	0.3
2271	186.2
2272	0.1
2273	67.2
2274	0.2
2275	187.2
2276	158.6
2277	0.1
2278	0.1
2279	0.1
2280	0.1
2281	0.4
2282	625.9
2283	172.2
2284	0.2
2285	405.5
2286	147.8
2287	37.5
2288	232.3
2289	0.1
2290	0.1
2291	0.1
2292	404.1
2293	77.8
2294	115.8
2295	208
2296	201.6
2297	536.3
2298	0.1
2299	34.2
2300	0.1
2301	0.2
2302	0.1
2303	0.1
2304	0.1
2305	0
2306	130.4
2307	306.4
2308	0.1
2309	65.8
2310	439.7
2311	1.2
2312	0.2
2313	0.1
2314	0.1
2315	1.7
2316	0
2317	401.6
2318	0
2319	0
2320	225.4
2321	291.2
2322	0.2
2323	0.2
2324	383.1
2325	213.7
2326	67.3
2327	0.1
2328	335.6
2329	0.1
2330	2.8
2331	0.6
2332	209.5
2333	0.1
2334	209.9
2335	2.5
2336	74.9
2337	0.2
2338	484.5
2339	189
2340	192.2
2341	90
2342	2.4
2343	183
2344	0.1
2345	433.3
2346	98
2347	0.1
2348	0.1
2349	86.7
2350	0.2
2351	168.2
2352	0.2
2353	95.6
2354	0.5
2355	164.8
2356	1.8
2357	0.6
2358	105
2359	190.1
2360	125.3
2361	131.2
2362	231.7
2363	182.7
2364	84.2
2365	106.3
2366	2.8
2367	0.7
2368	97.2
2369	57.2
2370	237.4
2371	0.3
2372	86
2373	84.4
2374	80.7
2375	0.5
2376	2.3
2377	104.4
2378	107
2379	101.2
2380	85
2381	80.7
2382	184
2383	2
2384	0.8
2385	28.3
2386	0.4
2387	0.3
2388	102
2389	196.2
2390	51.1
2391	71.8
2392	224.6
2393	1.6
2394	228.9
2395	80
2396	87.9
2397	0.7
2398	26.4
2399	96.2
2400	0.8
2401	80.7
2402	235.6
2403	81
2404	71.5
2405	78.5
2406	67.2
2407	3
2408	93.6
2409	75.5
2410	103.1
2411	110.7
2412	103.1
2413	0.8
2414	65.6
2415	126.1
2416	69.8
2417	86
2418	104.2
2419	89.3
2420	171.3
2421	3.1
2422	99.7
2423	70.8
2424	98.9
2425	44.6
2426	2.7
2427	0.5
2428	210.1
2429	2.6
2430	1.3
2431	94.8
2432	0.4
2433	208.1
2434	52.5
2435	1
2436	0.4
2437	28.6
2438	92.4
2439	413.1
2440	87.7
2441	3.7
2442	71.6
2443	81.2
2444	167.8
2445	110.4
2446	47.5
2447	111.8
2448	567.8
2449	1.8
2450	2.6
2451	83.2
2452	87.3
2453	488.2
2454	3.4
2455	1.2
2456	580.5
2457	1
2458	103.6
2459	124.5
2460	23.3
2461	628.4
2462	321.6
2463	34.9
2464	644.4
2465	4.3
2466	2.9
2467	94.1
2468	112.5
2469	138.6
2470	646.2
2471	105.7
2472	177.2
2473	37.1
2474	422.8
2475	107
2476	4.7
2477	97.8
2478	81.4
2479	3
2480	132
2481	213.5
2482	19.8
2483	4
2484	247.5
2485	135.3
2486	83.7
2487	5.3
2488	111.6
2489	541.3
2490	194.9
2491	30.1
2492	298.1
2493	4.1
2494	87.3
2495	79.2
2496	28.1
2497	127.2
2498	108.3
2499	23.3
2500	286.3
2501	109.3
2502	101.1
2503	94.9
2504	208.3
2505	181.4
2506	107.3
2507	3.8
2508	306.2
2509	5.1
2510	293.8
2511	753.2
2512	197.5
2513	95
2514	101.5
2515	102
2516	0.9
2517	54.1
2518	74.6
2519	93
2520	332.1
2521	98.2
2522	1064.5
2523	55
2524	2.7
2525	87.5
2526	111.1
2527	104.9
2528	123.1
2529	142.1
2530	109.2
2531	114.4
2532	119.2
2533	332.8
2534	91.7
2535	109.9
2536	326.4
2537	100.7
2538	585.7
2539	771.9
2540	287
2541	378.8
2542	225.5
2543	136.5
2544	133.2
2545	262.7
2546	271.7
2547	86.3
2548	274.5
2549	84.3
2550	2.9
2551	76.8
2552	745
2553	101.4
2554	413.8
2555	135.5
2556	129.6
2557	154.2
2558	86
2559	103.8
2560	684.1
2561	120
2562	802.8
2563	284.4
2564	418.3
2565	286.9
2566	67.2
2567	95.2
2568	961.4
2569	145.7
2570	84.2
2571	108
2572	0.8
2573	24
2574	100.4
2575	166.8
2576	79.5
2577	114.1
2578	142.8
2579	127.4
2580	0.6
2581	394.1
2582	807.4
2583	282.3
2584	2.6
2585	330.5
2586	662
2587	140.4
2588	82.6
2589	121.5
2590	151.3
2591	140.4
2592	101.5
2593	83.2
2594	85.5
2595	1.6
2596	546.4
2597	130.2
2598	728.9
2599	97.7
2600	119.4
2601	119.7
2602	367.9
2603	93.6
2604	686.7
2605	93.8
2606	52.9
2607	509.9
2608	79.9
2609	304.3
2610	23.7
2611	247
2612	93.1
2613	125.1
2614	396.4
2615	178.3
2616	253.2
2617	701.4
2618	125.9
2619	1.4
2620	548
2621	92.1
2622	149.1
2623	473.7
2624	98.1
2625	517.9
2626	54.6
2627	89
2628	162.6
2629	2.3
2630	117.6
2631	93.1
2632	259.1
2633	135.2
2634	145.9
2635	109.5
2636	302.8
2637	0.9
2638	177.6
2639	99.1
2640	86.3
2641	325.1
2642	270
2643	641.6
2644	65.8
2645	538.9
2646	81.2
2647	112.8
2648	230.9
2649	49.4
2650	420.7
2651	0.9
2652	70.6
2653	136.5
2654	77.3
2655	123.4
2656	285.2
2657	85
2658	98.4
2659	213.1
2660	513.8
2661	179.5
2662	447.6
2663	55.7
2664	100.1
2665	60.4
2666	298
2667	30.8
2668	221.4
2669	166.8
2670	452.4
2671	189.7
2672	222.9
2673	11.5
2674	55.3
2675	53.1
2676	9.7
2677	497.9
2678	233.6
2679	70.6
2680	257.9
2681	225.5
2682	208.6
2683	158
2684	96.6
2685	135.4
2686	208.7
2687	208.8
2688	149.7
2689	196.7
2690	231.5
2691	203.8
2692	5.8
2693	302.9
2694	193.9
2695	1.8
2696	138.6
2697	1.8
2698	380.6
2699	168.6
2700	187
2701	15.8
2702	234.7
2703	84.4
2704	23.8
2705	95.9
2706	279.7
2707	43
2708	202.4
2709	169.1
2710	240.8
2711	279.9
2712	0.7
2713	154.4
2714	258.8
2715	70.1
2716	225.4
2717	186.4
2718	71.9
2719	185.2
2720	171
2721	102
2722	222.1
2723	163.2
2724	138.5
2725	198.5
2726	118.3
2727	137.2
2728	75.2
2729	125.3
2730	257.3
2731	0.8
2732	249.4
2733	248.6
2734	298.9
2735	85
2736	22.5
2737	89.3
2738	160.6
2739	101.2
2740	190.1
2741	173.2
2742	213.9
2743	93.7
2744	81
2745	104
2746	36.9
2747	78.2
2748	1.1
2749	113.8
2750	211.2
2751	402.5
2752	125.1
2753	82.5
2754	248.8
2755	164.3
2756	75.6
2757	107.1
2758	355.2
2759	76.9
2760	91
2761	72.9
2762	94.6
2763	111.8
2764	352.7
2765	198
2766	180.8
2767	53.6
2768	157.4
2769	85.9
2770	94.6
2771	258.2
2772	216.8
2773	57.3
2774	674.9
2775	279.8
2776	105.9
2777	169.6
2778	309.5
2779	107.3
2780	35.8
2781	123.6
2782	210.2
2783	127
2784	141.9
2785	158.4
2786	153
2787	199.7
2788	76.9
2789	325
2790	140.3
2791	209
2792	304.6
2793	559.9
2794	109.9
2795	74.1
2796	156.1
2797	738.8
2798	191.1
2799	114.7
2800	317.3
2801	406.5
2802	325
2803	74.3
2804	44.1
2805	306.8
2806	117.2
2807	525.7
2808	293.7
2809	361
2810	40.2
2811	329.6
2812	141.2
2813	251.4
2814	147.3
2815	319.4
2816	71.6
2817	99.4
2818	512.5
2819	171.5
2820	417.9
2821	211.3
2822	114.1
2823	318.4
2824	110.2
2825	100.9
2826	156.2
2827	36.1
2828	162.2
2829	195.3
2830	140.7
2831	227.4
2832	209.8
2833	85.5
2834	466.8
2835	292.1
2836	176.9
2837	153.5
2838	338.5
2839	206.2
2840	448.9
2841	236.9
2842	376.1
2843	113
2844	79.8
2845	106.6
2846	39.3
2847	331.3
2848	289.5
2849	223.3
2850	277
2851	305.1
2852	131.8
2853	180.1
2854	418.8
2855	161.9
2856	222.8
2857	134.3
2858	366.9
2859	145.9
2860	125.9
2861	208.9
2862	180.4
2863	118.2
2864	199.5
2865	249.6
2866	281.8
2867	171.5
2868	156.2
2869	277.9
2870	148.4
2871	301.1
2872	262.9
2873	399.9
2874	57.6
2875	128.6
2876	56.6
2877	158.3
2878	168.6
2879	94.9
2880	147.6
2881	153.7
2882	274.4
2883	161.7
2884	268.7
2885	190.2
2886	345.7
2887	155.6
2888	55.8
2889	203
2890	237.6
2891	246.4
2892	281.3
2893	355.6
2894	305.8
2895	326.7
2896	72.8
2897	412.5
2898	133.3
2899	437.4
2900	202.5
2901	128
2902	138.7
2903	429.5
2904	61.3
2905	164.2
2906	300.3
2907	237
2908	148.7
2909	478.8
2910	148.2
2911	420.1
2912	141.3
2913	448.2
2914	399.2
2915	128.9
2916	430.5
2917	169.6
2918	467.6
2919	124.3
2920	129.4
2921	213.9
2922	131.5
2923	130.3
2924	319.7
2925	258.2
2926	284.5
2927	63.6
2928	270.2
2929	243.6
2930	487.5
2931	179.4
2932	430.5
2933	160.2
2934	64
2935	136
2936	93.4
2937	111.1
2938	90.2
2939	145.8
2940	83.2
2941	97.2
2942	82.3
2943	444.3
2944	71.8
2945	145.6
2946	249.6
2947	610.4
2948	199.7
2949	114.9
2950	123.3
2951	815
2952	159.7
2953	412.3
2954	209.6
2955	542.6
2956	537.8
2957	274.5
2958	201.7
2959	145.3
2960	115
2961	140.3
2962	105.8
2963	251.9
2964	449.8
2965	117.3
2966	1018.5
2967	636
2968	125.4
2969	138.9
2970	73.6
2971	115.8
2972	267.5
2973	52.9
2974	139.4
2975	311
2976	322.4
2977	460.3
2978	287.3
2979	152
2980	158.1
2981	314.9
2982	373.7
2983	162.3
2984	140.2
2985	201.2
2986	121.8
2987	120
2988	160.8
2989	81.7
2990	96
2991	324.5
2992	347.8
2993	138.8
2994	145.9
2995	184.4
2996	869.2
2997	390.4
2998	109.8
2999	354.1
3000	111.9
3001	255.9
3002	162.6
3003	116.7
3004	185.2
3005	265.7
3006	181.1
3007	260.8
3008	181
3009	154.6
3010	68.3
3011	159.2
3012	776.9
3013	167.7
3014	104.8
3015	104.1
3016	149.6
3017	265.5
3018	99.7
3019	97.8
3020	121
3021	184.6
3022	205.2
3023	189.8
3024	186.9
3025	98.4
3026	215.1
3027	218.8
3028	113.9
3029	227.9
3030	85.7
3031	370.5
3032	343.8
3033	106.9
3034	503.7
3035	101.2
3036	91
3037	338.4
3038	94.8
3039	137.8
3040	333.9
3041	224
3042	324
3043	324.1
3044	193.4
3045	308.1
3046	65.5
3047	94.6
3048	231.1
3049	122.8
3050	333.6
3051	377.7
3052	161.7
3053	384
3054	119
3055	130.4
3056	346.1
3057	98.2
3058	432.2
3059	145.6
3060	86.7
3061	226.4
3062	142.8
3063	302.8
3064	436.9
3065	157.3
3066	507.8
3067	155.6
3068	392.3
3069	156.4
3070	160.5
3071	381.3
3072	148.2
3073	51.9
3074	377.3
3075	283
3076	350.9
3077	171.4
3078	133.1
3079	299.6
3080	285.4
3081	75.5
3082	224.9
3083	415.7
3084	134.2
3085	162.5
3086	477.3
3087	583
3088	768.2
3089	500.9
3090	171.5
3091	147.2
3092	79.9
3093	383.4
3094	76.6
3095	79.2
3096	207.8
3097	65.2
3098	524.5
3099	64
3100	211
3101	29.6
3102	203.7
3103	376.5
3104	420.9
3105	193.4
3106	379.1
3107	305
3108	85.4
3109	234.5
3110	57.2
3111	820
3112	26.5
3113	651.9
3114	172.3
3115	196.9
3116	199.3
3117	155.4
3118	1105.2
3119	811.4
3120	17.2
3121	615.8
3122	44.8
3123	338.2
3124	44
3125	252.2
3126	43.2
3127	17.1
3128	67.4
3129	69.8
3130	87
3131	871.6
3132	291.6
3133	546.9
3134	566.2
3135	54.2
3136	454.6
3137	31.5
3138	92
3139	500.7
3140	179.1
3141	78.9
3142	224.2
3143	632.3
3144	113.3
3145	25.6
3146	48.4
3147	31
3148	152.5
3149	71.8
3150	21.1
3151	475.5
3152	466.2
3153	339.1
3154	211.3
3155	193.9
3156	313.6
3157	289.9
3158	21.1
3159	225.1
3160	25.8
3161	320.9
3162	521
3163	68.2
3164	50.8
3165	131.8
3166	504.3
3167	130.2
3168	632
3169	65
3170	361.9
3171	180
3172	585.6
3173	57.1
3174	196.6
3175	257.6
3176	165.2
3177	84.6
3178	98.2
3179	88
3180	40.9
3181	116.5
3182	299.8
3183	336.4
3184	511.4
3185	379.9
3186	234.8
3187	352
3188	324.1
3189	193.5
3190	159
3191	139.4
3192	331.7
3193	47.2
3194	334.2
3195	542.5
3196	25.4
3197	183.4
3198	139.1
3199	390.9
3200	59.6
3201	93.2
3202	466.5
3203	384
3204	112.7
3205	198.7
3206	71
3207	95.4
3208	70.6
3209	26.3
3210	331.2
3211	418.9
3212	383.3
3213	88.1
3214	69.9
3215	56.9
3216	101.2
3217	162.1
3218	180.6
3219	220.9
3220	178.3
3221	123.4
3222	298
3223	104.3
3224	526.2
3225	136.8
3226	508.5
3227	138.7
3228	66.9
3229	30.2
3230	87
3231	40.1
3232	120.8
3233	78.3
3234	477.1
3235	505.1
3236	241.9
3237	50.9
3238	284.6
3239	24
3240	139.6
3241	122.6
3242	70.8
3243	193.1
3244	95.7
3245	113.1
3246	205
3247	21.4
3248	92.9
3249	113
3250	159
3251	353.1
3252	367.4
3253	90.2
3254	153.4
3255	62.1
3256	179.9
3257	177.6
3258	106.8
3259	156.4
3260	137.3
3261	38
3262	169.2
3263	76.3
3264	63
3265	90.2
3266	64.2
3267	182
3268	144.6
3269	260.8
3270	42.6
3271	50.8
3272	209.9
3273	55.7
3274	299.2
3275	88.3
3276	88.1
3277	51.7
3278	268.7
3279	72.6
3280	70
3281	158.4
3282	46.5
3283	87.2
3284	65.4
3285	40.8
3286	324.9
3287	75.5
3288	59.5
3289	73.3
3290	163.5
3291	243.5
3292	82.6
3293	56.8
3294	69.1
3295	100
3296	53.8
3297	71.4
3298	108.6
3299	65.3
3300	144.3
3301	95.7
3302	137.4
3303	299.1
3304	85.2
3305	146.6
3306	96.9
3307	69.7
3308	247
3309	74.3
3310	79
3311	74.3
3312	74
3313	61.8
3314	36.6
3315	65.4
3316	122.2
3317	52.8
3318	41.9
3319	22.6
3320	57.9
3321	76.2
3322	32.6
3323	35.2
3324	80.1
3325	62.2
3326	65.7
3327	21
3328	60.2
3329	48.4
3330	81.7
3331	113
3332	115.1
3333	55.3
3334	36.3
3335	162.3
3336	66.8
3337	19.2
3338	90.4
3339	33.9
3340	38.5
3341	139.7
3342	56.1
3343	63.9
3344	59.8
3345	19
3346	49.8
3347	53.4
3348	19.1
3349	46.2
3350	73.8
3351	53.5
3352	60.9
3353	65.8
3354	74.5
3355	81.8
3356	87.2
3357	56.5
3358	43.5
3359	71.6
3360	90.6
3361	57.8
3362	39.3
3363	70.6
3364	30.1
3365	101
3366	67
3367	70
3368	39.4
3369	60.4
3370	27.5
3371	91.7
3372	71.3
3373	63.9
3374	62.6
3375	37.2
3376	65
3377	33
3378	32.2
3379	47.6
3380	77.1
3381	91
3382	34.7
3383	76.3
3384	81.7
3385	96.7
3386	89.1
3387	44.4
3388	37.8
3389	105.2
3390	100.9
3391	84.3
3392	101.8
3393	46.5
3394	166.1
3395	123.7
3396	126.9
3397	167.4
3398	70.8
3399	54.3
3400	245.7
3401	291.6
3402	214.6
3403	122.4
3404	153.3
3405	134.1
3406	162.6
3407	133.8
3408	157.4
3409	223.1
3410	0
3411	0
3412	186.2
3413	177.7
3414	217.3
3415	169
3416	4.3
3417	261.6
3418	193.5
3419	0.1
3420	9.9
3421	0
3422	239.4
3423	227.5
3424	146.3
3425	223.2
3426	259.4
3427	12.6
3428	35
3429	315.9
3430	32.3
3431	164.6
3432	307
3433	125.2
3434	161.1
3435	1.4
3436	148.2
3437	125.5
3438	2.3
3439	1.5
3440	121.8
3441	302.8
3442	2.1
3443	123.6
3444	95.8
3445	0.6
3446	0.9
3447	2.5
3448	1.2
3449	153.4
3450	1.3
3451	225.5
3452	134
3453	113.5
3454	111.4
3455	115.3
3456	24.8
3457	248.2
3458	72.7
3459	10.6
3460	178.3
3461	22.9
3462	234
3463	196.8
3464	11
3465	10.2
3466	69.1
3467	137.7
3468	140.3
3469	79.7
3470	96.5
3471	210.1
3472	50.1
3473	108.7
3474	150.7
3475	0.1
3476	0.1
3477	182.7
3478	135.6
3479	0.1
3480	136.5
3481	138
3482	32.3
3483	48.8
3484	138.3
3485	65.4
3486	0.1
3487	208.5
3488	56.8
3489	175.8
3490	154.7
3491	0.3
3492	141.1
3493	73.8
3494	215.3
3495	269.8
3496	40
3497	44.4
3498	41.8
3499	199
3500	66.6
3501	62.6
3502	59.7
3503	0
3504	0
3505	134.4
3506	339.8
3507	0
3508	146.4
3509	154.4
3510	0.1
3511	160.8
3512	92.2
3513	320.1
3514	78.8
3515	232.1
3516	94.9
3517	56.4
3518	77.6
3519	96.5
3520	1.7
3521	1.8
3522	612.6
3523	111.8
3524	102.8
3525	109.1
3526	81.2
3527	98.4
3528	393.7
3529	107.3
3530	105.6
3531	789.6
3532	160.3
3533	1.6
3534	1.4
3535	151.1
3536	215.8
3537	74.5
3538	1.6
3539	205.9
3540	485.2
3541	257.2
3542	277.3
3543	314.7
3544	152.8
3545	849.9
3546	198.7
3547	182
3548	289.2
3549	163.8
3550	137.2
3551	152.1
3552	169.2
3553	211.2
3554	162.5
3555	391.8
3556	133.5
3557	59.1
3558	394.3
3559	46.9
3560	379.3
3561	113.3
3562	75.8
3563	283.8
3564	105.2
3565	160.5
3566	88.2
3567	238.9
3568	409.9
3569	362.7
3570	258.7
3571	295.2
3572	132.2
3573	367.5
3574	257.8
3575	283.3
3576	421.9
3577	505.3
3578	241.3
3579	99.8
3580	93.2
3581	99.8
3582	273.3
3583	68.4
3584	619.3
3585	151.2
3586	448.8
3587	102.1
3588	114.7
3589	89.6
3590	55.3
3591	97.5
3592	57.9
3593	45.2
3594	98.9
