"COMID"	"Value"
1	0.8
2	6.5
3	1
4	0.9
5	0.6
6	0
7	2.8
8	6.6
9	5.6
10	0
11	1.1
12	5.6
13	0.3
14	6.5
15	6.7
16	4.3
17	4.9
18	2.1
19	1.9
20	0.9
21	7.1
22	1
23	0
24	5.6
25	5.7
26	0.4
27	5.4
28	0.8
29	4
30	0
31	0.9
32	0.7
33	6.7
34	5.6
35	0.6
36	5.6
37	6.1
38	0
39	5.6
40	9.6
41	6.4
42	6.8
43	9.8
44	0.8
45	6.4
46	0.4
47	3.6
48	6.6
49	5.6
50	7.5
51	5.6
52	1.6
53	5.6
54	4.6
55	4.5
56	4.5
57	9
58	5.6
59	6.7
60	5.6
61	5.6
62	5.6
63	1.6
64	5.3
65	5.6
66	0.5
67	6.1
68	3.7
69	1.2
70	1
71	0
72	5.9
73	5.6
74	2.4
75	1
76	1
77	0
78	1.1
79	4.3
80	1
81	0.3
82	0
83	5.6
84	0
85	4
86	3.7
87	5.6
88	5.6
89	1
90	5.2
91	7.5
92	6.1
93	4
94	5.6
95	2.6
96	7.5
97	4.4
98	0
99	1
100	4.4
101	1.2
102	3.9
103	5.6
104	0
105	7.5
106	4.5
107	1.1
108	0
109	7.5
110	7.5
111	0
112	4.4
113	1
114	4.4
115	3.5
116	3.7
117	0.4
118	2.2
119	0
120	3.3
121	1.2
122	3.7
123	0
124	2.2
125	3.8
126	4.4
127	1.1
128	0.5
129	5.6
130	1
131	3.3
132	1
133	0.4
134	3.5
135	2.2
136	3.8
137	0.5
138	1
139	1
140	3.8
141	3.7
142	1
143	0
144	3.6
145	1
146	2.2
147	1.7
148	0.5
149	2.2
150	0.5
151	0
152	2.1
153	1
154	2.1
155	0
156	1
157	0.5
158	1
159	3.5
160	4.1
161	1
162	1
163	1.4
164	1
165	0
166	1
167	0.4
168	0
169	0.4
170	3.8
171	3.4
172	1
173	1
174	7.5
175	1.6
176	5.1
177	3.5
178	1.9
179	2.1
180	1
181	0
182	3.3
183	0
184	1
185	1
186	3.3
187	1.8
188	1
189	1
190	3.5
191	1
192	2
193	1
194	5.2
195	0
196	1
197	3.5
198	1
199	2.1
200	1
201	1
202	1
203	1
204	1
205	1
206	0.6
207	1
208	5
209	2.1
210	3.4
211	1.7
212	0.4
213	2.1
214	1
215	0.3
216	1.9
217	3.3
218	1
219	1.2
220	1
221	0
222	0.4
223	4.7
224	0
225	1.4
226	0.3
227	0
228	2.1
229	1
230	0
231	3.3
232	1.9
233	4.4
234	0.6
235	0
236	2
237	1.8
238	1.3
239	0.3
240	3.6
241	0.3
242	0
243	0
244	4.4
245	2.1
246	4.3
247	0
248	0
249	0
250	4.4
251	0.3
252	9.6
253	1.7
254	0
255	0
256	0
257	0
258	0
259	0
260	0
261	2
262	0.3
263	0
264	0
265	0
266	2
267	4.2
268	9.3
269	4.3
270	0
271	3.4
272	0.3
273	4.1
274	0
275	0.3
276	0.1
277	1
278	0.3
279	0
280	0.3
281	0.3
282	4
283	1
284	1
285	0
286	0.3
287	9.7
288	1
289	1
290	1
291	8.7
292	1
293	0
294	9.3
295	1
296	3.6
297	4
298	0
299	0.2
300	4
301	1
302	4.1
303	3.6
304	1
305	3.9
306	1
307	4
308	1.1
309	1
310	3.5
311	3.9
312	3.8
313	3.7
314	1
315	1
316	1
317	0
318	1.1
319	0
320	3.8
321	1
322	3.3
323	3.8
324	1
325	0
326	9
327	1
328	1
329	1
330	0
331	1
332	1
333	1
334	1
335	0
336	1
337	0
338	1
339	1
340	1
341	1
342	0
343	1
344	0
345	1
346	0
347	1
348	1
349	1
350	1
351	1
352	1
353	0.9
354	1
355	0
356	1
357	0
358	1
359	0
360	1
361	1
362	1
363	1
364	0
365	0.4
366	5.6
367	0
368	7.1
369	0
370	0.7
371	0
372	5.6
373	5.6
374	0
375	6.8
376	0.5
377	0.6
378	5.6
379	0
380	0.6
381	0
382	0
383	2.5
384	0
385	0
386	0
387	25.8
388	1.7
389	3.2
390	25.7
391	5.6
392	3.4
393	0
394	5.6
395	0
396	0
397	0
398	5.6
399	0
400	5.6
401	1.1
402	0
403	0
404	0
405	0
406	7.2
407	0
408	0
409	0
410	15.3
411	1.4
412	0
413	7.3
414	0
415	0
416	0
417	0
418	0
419	5.8
420	0
421	0
422	0
423	0.9
424	6.9
425	6.6
426	0
427	6.9
428	6.8
429	0.9
430	7
431	0
432	5.6
433	6.2
434	5.6
435	5.6
436	5.6
437	0
438	9.7
439	0
440	0.5
441	6.4
442	4.8
443	6.5
444	5.6
445	23.3
446	5.6
447	24.2
448	14.5
449	5.6
450	5.7
451	0
452	0.9
453	0
454	5.6
455	5.9
456	5.6
457	1.5
458	0.8
459	0.7
460	5.6
461	7.5
462	4.2
463	7.5
464	1
465	4.5
466	0
467	6.3
468	1
469	5.1
470	1
471	1
472	0.7
473	1.5
474	1
475	0
476	0
477	3.7
478	1
479	5.6
480	1.5
481	0
482	0
483	2
484	5.6
485	4.9
486	0
487	5.6
488	0.8
489	0
490	0.5
491	6.1
492	1.7
493	0
494	7.1
495	0
496	0
497	4.6
498	5.6
499	0
500	4.5
501	2.1
502	7
503	5.6
504	5.6
505	3.7
506	4.4
507	4.5
508	3.6
509	4.4
510	2.2
511	6.6
512	6.7
513	0
514	3.6
515	0
516	5.6
517	4.5
518	5.6
519	5.6
520	0.1
521	1.8
522	5.6
523	0
524	1.8
525	1.8
526	5.6
527	1.9
528	5.6
529	0
530	16.2
531	15
532	2.2
533	1.9
534	1.2
535	16.4
536	1.7
537	0
538	0
539	0.7
540	5.6
541	14.8
542	14.8
543	1.6
544	0
545	0
546	15.2
547	0.8
548	0
549	0.1
550	0.6
551	14.6
552	1.1
553	2.1
554	0
555	5.6
556	1.2
557	5.6
558	0
559	6.4
560	14.7
561	2.3
562	15
563	0
564	14
565	6.5
566	14.9
567	5.6
568	14.9
569	5.8
570	0
571	2.4
572	14.3
573	5.6
574	0.8
575	5.6
576	0
577	0
578	6.3
579	6.7
580	14.4
581	0
582	0.4
583	5.6
584	5.6
585	0
586	0.5
587	14.8
588	0.3
589	30.5
590	0
591	0.4
592	6.9
593	14.3
594	5.7
595	0.4
596	5.6
597	0
598	5.6
599	14.9
600	5.6
601	5.6
602	0
603	0.8
604	0.4
605	0
606	0.3
607	5.6
608	5.6
609	0
610	5.6
611	2.2
612	0
613	0
614	1.2
615	0.7
616	0
617	31
618	0.5
619	5.9
620	5.7
621	0.3
622	1.3
623	1.4
624	1.2
625	5.6
626	5.6
627	14.6
628	5.6
629	6.2
630	16.3
631	5.6
632	0.6
633	7
634	0
635	6.1
636	6.2
637	5.9
638	5.6
639	1.6
640	0.8
641	15.3
642	0
643	0.9
644	0
645	0.8
646	7.2
647	5.6
648	1
649	1
650	5.6
651	16.8
652	5.6
653	0
654	5.6
655	0
656	5.6
657	1.1
658	2.5
659	1
660	0
661	2.5
662	6.9
663	1.1
664	5.6
665	5.6
666	5.6
667	2.5
668	31.2
669	2.6
670	5.6
671	5.6
672	5.6
673	7
674	0.8
675	7.5
676	0.7
677	15.4
678	5.8
679	5.6
680	0
681	7.4
682	1.1
683	31.3
684	0.9
685	5.6
686	15.1
687	0
688	7.5
689	5.6
690	7.1
691	2.4
692	14.9
693	5.7
694	0.6
695	2.5
696	7.9
697	5.6
698	0.9
699	5.5
700	7.4
701	0.9
702	7.8
703	7.3
704	4.9
705	0.8
706	5.6
707	15
708	7.5
709	1
710	0.7
711	0.1
712	0.1
713	0.9
714	5.6
715	0.8
716	0
717	1.1
718	7.7
719	0.9
720	7.2
721	5.6
722	0.8
723	7.6
724	6.3
725	5.6
726	0
727	0.7
728	1.2
729	0.9
730	0.7
731	5.7
732	0.5
733	0.8
734	7
735	0.2
736	5.6
737	5.4
738	7.1
739	5.9
740	6.4
741	0.9
742	1
743	0.8
744	0
745	0
746	7
747	7.2
748	0
749	0.9
750	5.6
751	6.9
752	0.8
753	7.3
754	7.6
755	0.9
756	6.6
757	2.8
758	1.2
759	5.6
760	6.8
761	5.6
762	0.8
763	0.9
764	14.8
765	7.1
766	0
767	1.2
768	1.8
769	6.7
770	1.7
771	0.8
772	1.1
773	6.6
774	6.6
775	2.2
776	5.7
777	0.6
778	6.7
779	0
780	7
781	0.9
782	158.5
783	136.3
784	154.9
785	179.4
786	139
787	144.8
788	87.9
789	111.2
790	139
791	105.1
792	118.2
793	87.1
794	161.3
795	175.7
796	87.3
797	179.6
798	89.5
799	100.9
800	122.7
801	91.7
802	104.1
803	110.4
804	82.7
805	98
806	94.3
807	71.3
808	114.1
809	191.4
810	198.1
811	100.4
812	122.6
813	96.3
814	119.9
815	112.4
816	95.8
817	87.4
818	104.8
819	257.2
820	105.8
821	93.6
822	138
823	98.9
824	138.2
825	84.7
826	190.3
827	141.5
828	145.4
829	94.2
830	135.4
831	96.7
832	142.7
833	113.5
834	115.9
835	123.6
836	135.3
837	39
838	109.2
839	127.8
840	120.1
841	111.8
842	126.1
843	12.8
844	105.5
845	98.2
846	127.6
847	126.7
848	103.9
849	122.5
850	119.6
851	101.2
852	69.5
853	65.4
854	76.7
855	70.6
856	90.8
857	105.7
858	103.6
859	80.2
860	105.8
861	82
862	7.1
863	61.1
864	95.6
865	72.3
866	102.8
867	56.1
868	105.7
869	109.4
870	29.8
871	86.4
872	98.6
873	8.1
874	71.5
875	90.9
876	111.8
877	66.9
878	69.9
879	76.7
880	104.9
881	110.4
882	103.1
883	51.3
884	68.2
885	66
886	6.5
887	83.8
888	99.3
889	66.1
890	124.2
891	114.3
892	92.8
893	139.5
894	6.6
895	74.8
896	88.3
897	121.8
898	107.9
899	148.6
900	132.4
901	119.3
902	108.4
903	89.8
904	61.1
905	109.9
906	99.8
907	106.6
908	86.1
909	67.7
910	0
911	63
912	109.3
913	96.3
914	108.4
915	0
916	90.3
917	72.8
918	103
919	97.8
920	120.9
921	49.8
922	98.4
923	13.1
924	100.3
925	83.5
926	119
927	62.8
928	1.1
929	89.5
930	110.9
931	67
932	1.5
933	124.4
934	0
935	116.7
936	120.7
937	104.8
938	82.4
939	72.4
940	89.9
941	72.2
942	106.9
943	0
944	90.8
945	122.9
946	120.6
947	0
948	84.4
949	130.6
950	121.7
951	103.8
952	90.6
953	2.2
954	2.3
955	109.3
956	94.8
957	90.2
958	1.4
959	80.6
960	125.1
961	114.6
962	117.7
963	96.9
964	0
965	135.6
966	116.7
967	0
968	81.3
969	96.2
970	22.6
971	124.3
972	127.2
973	133.1
974	87.8
975	81.9
976	64.6
977	142.6
978	2.3
979	122.3
980	78.6
981	133.6
982	130.6
983	119.7
984	66.8
985	135.4
986	116.7
987	1.6
988	128.5
989	123.1
990	0
991	108.7
992	0
993	120.9
994	107.7
995	83.5
996	100.7
997	115.8
998	1.3
999	106.8
1000	0
1001	1.2
1002	68.5
1003	0
1004	100.4
1005	2.3
1006	175
1007	0
1008	1.8
1009	0
1010	125
1011	119.2
1012	164.6
1013	1.1
1014	110.5
1015	1.7
1016	0
1017	119.8
1018	1.2
1019	1.3
1020	129.3
1021	108
1022	110.3
1023	155.5
1024	124.7
1025	137.1
1026	128.2
1027	142.8
1028	112.4
1029	1.3
1030	0
1031	0
1032	0
1033	0
1034	101.9
1035	0
1036	115.9
1037	118.1
1038	94.5
1039	1.9
1040	1.7
1041	118.3
1042	2.2
1043	0
1044	1.4
1045	3.1
1046	1.5
1047	115.2
1048	176.4
1049	151.9
1050	0
1051	119.1
1052	125.6
1053	1.5
1054	86.9
1055	160.1
1056	106.4
1057	0
1058	111
1059	0
1060	114
1061	0
1062	120.4
1063	113.8
1064	0
1065	1.2
1066	168.4
1067	0
1068	0
1069	0
1070	157.1
1071	110.8
1072	0
1073	0
1074	114
1075	0
1076	111.4
1077	0
1078	113.8
1079	95.7
1080	1.6
1081	0
1082	149.7
1083	0
1084	128.2
1085	126.3
1086	129.6
1087	0
1088	0
1089	1.9
1090	90
1091	121
1092	0
1093	1.5
1094	0
1095	1.1
1096	1.8
1097	120.3
1098	2.1
1099	0
1100	0
1101	0
1102	103.2
1103	0
1104	1.2
1105	2.6
1106	1.8
1107	0
1108	1
1109	88.1
1110	0
1111	0
1112	146.7
1113	117.9
1114	104.1
1115	2.4
1116	1
1117	150.7
1118	2.4
1119	1.2
1120	1.2
1121	0.9
1122	1.8
1123	2.2
1124	83.3
1125	1.1
1126	126
1127	1.3
1128	136.9
1129	129.7
1130	1.2
1131	0
1132	112.4
1133	155
1134	1.2
1135	0
1136	0
1137	1.4
1138	1
1139	1.2
1140	83.4
1141	1.4
1142	0
1143	128.3
1144	2.2
1145	1.6
1146	1.2
1147	1.3
1148	140.8
1149	1.3
1150	1.3
1151	1.6
1152	118.7
1153	111
1154	0
1155	0
1156	102
1157	1.5
1158	0
1159	74.9
1160	1.6
1161	0
1162	2.1
1163	1.3
1164	96.6
1165	0
1166	122.7
1167	122.4
1168	109.8
1169	132
1170	103.6
1171	1.4
1172	76.3
1173	2
1174	99.6
1175	1
1176	48.3
1177	0
1178	1.5
1179	98.3
1180	1.7
1181	2.2
1182	1.5
1183	0
1184	0
1185	128.2
1186	110.1
1187	1.4
1188	1.1
1189	2.1
1190	2.2
1191	109.6
1192	1
1193	110.7
1194	1.3
1195	104.1
1196	2
1197	0
1198	0
1199	63.7
1200	25.8
1201	1.4
1202	1.1
1203	0
1204	1.4
1205	1.6
1206	0
1207	1.3
1208	0
1209	1.6
1210	117.7
1211	119.6
1212	0
1213	69.3
1214	102.5
1215	1.8
1216	110.7
1217	69.7
1218	0
1219	0
1220	80.6
1221	1.1
1222	1.5
1223	1.4
1224	0.8
1225	117.1
1226	100.5
1227	48.9
1228	1
1229	2.6
1230	110.9
1231	0
1232	73
1233	0.5
1234	1
1235	1.5
1236	0
1237	97.5
1238	121.8
1239	0
1240	0.5
1241	102.2
1242	73.1
1243	1.9
1244	0.5
1245	109.3
1246	111.7
1247	55
1248	27.2
1249	121.3
1250	54.6
1251	1.3
1252	0
1253	0.6
1254	1.5
1255	0
1256	55.4
1257	2.2
1258	1.4
1259	0
1260	59.9
1261	52.1
1262	0
1263	1.4
1264	1.4
1265	110.1
1266	95.7
1267	0
1268	69.2
1269	26.8
1270	126.3
1271	1.3
1272	0.4
1273	2.4
1274	103.9
1275	0.5
1276	56.1
1277	79.6
1278	96.5
1279	25.8
1280	0
1281	1.7
1282	0
1283	147.6
1284	27.9
1285	2.2
1286	132.4
1287	2.2
1288	0.8
1289	80.6
1290	0.9
1291	62
1292	1.6
1293	25.4
1294	1.7
1295	114.9
1296	0
1297	28.2
1298	96.8
1299	0.7
1300	2.1
1301	0
1302	0.7
1303	1.3
1304	29.8
1305	151.9
1306	0
1307	111.2
1308	1.3
1309	0
1310	111.7
1311	115
1312	74
1313	1.6
1314	119.2
1315	0
1316	61.3
1317	55.6
1318	1.5
1319	68.3
1320	69.7
1321	0.1
1322	0
1323	0
1324	1.5
1325	73.6
1326	0.2
1327	0.1
1328	95.1
1329	29
1330	64.8
1331	54.7
1332	25.4
1333	49.4
1334	122.4
1335	0.6
1336	84.9
1337	0.1
1338	0.2
1339	1.3
1340	2
1341	123
1342	99.4
1343	0
1344	0
1345	0.7
1346	0
1347	99.8
1348	57.7
1349	1
1350	0
1351	61.4
1352	27.9
1353	92.1
1354	0.1
1355	67.3
1356	26.6
1357	63.2
1358	89.5
1359	1.8
1360	0.1
1361	0.6
1362	70.8
1363	0
1364	0.1
1365	59.2
1366	0.1
1367	0
1368	56.3
1369	0.1
1370	0.5
1371	0.1
1372	0.9
1373	63.6
1374	0.1
1375	102
1376	29
1377	0.7
1378	1.3
1379	1.5
1380	53.8
1381	0
1382	80.4
1383	0.2
1384	0.8
1385	27.2
1386	53.7
1387	0.1
1388	0.1
1389	0
1390	57.5
1391	114.1
1392	59.5
1393	0
1394	0.2
1395	58.7
1396	0
1397	155
1398	0
1399	0
1400	65.8
1401	0
1402	0.1
1403	110.2
1404	1
1405	0.3
1406	0.1
1407	0
1408	0
1409	105.4
1410	0
1411	88.6
1412	0.2
1413	120.3
1414	0.9
1415	115.2
1416	73.1
1417	0
1418	100.8
1419	0
1420	0.7
1421	0
1422	0.2
1423	45
1424	62.4
1425	0
1426	103.4
1427	0.8
1428	0
1429	0
1430	64.5
1431	110.7
1432	0
1433	70.9
1434	0.1
1435	64.6
1436	0
1437	0
1438	0
1439	0.8
1440	70.1
1441	68.3
1442	0
1443	73.4
1444	0
1445	0.1
1446	107.7
1447	0.2
1448	137.2
1449	0
1450	0.1
1451	0
1452	0
1453	116.9
1454	40.3
1455	0.3
1456	0.1
1457	98.3
1458	60
1459	0.9
1460	0
1461	59.6
1462	0
1463	0
1464	0
1465	0
1466	114.9
1467	0
1468	0
1469	60.5
1470	106.6
1471	0
1472	0
1473	113.8
1474	0.2
1475	145.2
1476	0
1477	0.1
1478	109.8
1479	72.3
1480	0
1481	62
1482	61.6
1483	0
1484	0.2
1485	37.2
1486	0
1487	0
1488	94.4
1489	66.4
1490	0.1
1491	57.9
1492	56.8
1493	105.6
1494	143.1
1495	0
1496	69.8
1497	51
1498	0
1499	62.7
1500	0.3
1501	58.3
1502	110.8
1503	0.1
1504	0
1505	58
1506	105.5
1507	0
1508	0.2
1509	36.1
1510	0.2
1511	0.2
1512	0
1513	119.4
1514	0.1
1515	0
1516	0
1517	108.4
1518	0.1
1519	69.5
1520	0.1
1521	0
1522	0
1523	0
1524	0
1525	0
1526	0
1527	61.5
1528	0
1529	65.8
1530	134.1
1531	0.1
1532	0.1
1533	0.3
1534	118.7
1535	27.2
1536	119.6
1537	0
1538	32.4
1539	0
1540	0
1541	0
1542	0
1543	70.6
1544	0.1
1545	0
1546	29.1
1547	72.4
1548	0
1549	0
1550	0
1551	0
1552	57.1
1553	130.3
1554	47.4
1555	105.3
1556	60
1557	0.1
1558	0
1559	67.6
1560	0.2
1561	0.1
1562	0.1
1563	0.2
1564	0
1565	55.3
1566	0.1
1567	0.1
1568	0
1569	113.6
1570	140.2
1571	0
1572	0
1573	162.8
1574	0.1
1575	87.2
1576	70.2
1577	149.6
1578	0
1579	0
1580	124.9
1581	127.8
1582	61.3
1583	61.3
1584	28
1585	144.2
1586	129.8
1587	0
1588	93.5
1589	0.1
1590	1.4
1591	0
1592	84.7
1593	0.1
1594	57.3
1595	63.9
1596	85.2
1597	0
1598	104.7
1599	105.1
1600	73.1
1601	39.7
1602	147.4
1603	68.7
1604	97.7
1605	0.7
1606	0
1607	0
1608	70.1
1609	0
1610	66.4
1611	0.1
1612	129.8
1613	101.5
1614	63.8
1615	70.8
1616	119.5
1617	0
1618	76.1
1619	0.1
1620	63.7
1621	92.1
1622	99.2
1623	0
1624	138.2
1625	80.1
1626	70.4
1627	0.1
1628	73.3
1629	0
1630	97.4
1631	50.7
1632	147.9
1633	0
1634	126.6
1635	153.6
1636	99.8
1637	127
1638	68.7
1639	0.6
1640	0
1641	73.1
1642	141.8
1643	85
1644	0.1
1645	62.6
1646	110.2
1647	0
1648	1.6
1649	0.1
1650	0.4
1651	74.2
1652	76.5
1653	0.3
1654	62.6
1655	97.7
1656	119.5
1657	76.9
1658	130
1659	80.3
1660	70.7
1661	0.5
1662	0.1
1663	100.3
1664	1.3
1665	0.2
1666	103.3
1667	126.4
1668	78.3
1669	73.4
1670	1.7
1671	110.7
1672	70.5
1673	72
1674	100.3
1675	72
1676	1.6
1677	3
1678	0.3
1679	116.2
1680	112
1681	71.3
1682	0.2
1683	72.8
1684	77.9
1685	63.9
1686	45.2
1687	153.1
1688	74.3
1689	1.1
1690	64
1691	0.9
1692	75.1
1693	3.1
1694	61
1695	66.2
1696	0
1697	102.4
1698	0.3
1699	0.7
1700	58.6
1701	84.6
1702	131.5
1703	71.6
1704	0
1705	0.6
1706	84.4
1707	0.1
1708	0.1
1709	76.1
1710	1.1
1711	0.8
1712	76.9
1713	79.6
1714	114.1
1715	65.8
1716	57.3
1717	84.7
1718	0
1719	40.9
1720	71.2
1721	97.2
1722	74.2
1723	56.8
1724	59.7
1725	112.6
1726	59.8
1727	104.9
1728	85.3
1729	3.7
1730	79.3
1731	0.9
1732	57.1
1733	78.8
1734	0.7
1735	78.7
1736	0.1
1737	78.7
1738	57.9
1739	70.7
1740	0
1741	4.9
1742	0.5
1743	63.5
1744	84.9
1745	136.5
1746	60.2
1747	54.1
1748	79.6
1749	49
1750	39.1
1751	72.2
1752	82.5
1753	106.5
1754	99.6
1755	76.5
1756	75.3
1757	89.8
1758	63.7
1759	64.3
1760	70.7
1761	77.9
1762	66.6
1763	81.6
1764	85.7
1765	0.9
1766	101.4
1767	93.3
1768	0
1769	65.8
1770	87.3
1771	73.8
1772	0
1773	98
1774	42.9
1775	0
1776	44.2
1777	94.5
1778	0.5
1779	0.5
1780	0.2
1781	80
1782	102.8
1783	48.7
1784	55.4
1785	72.6
1786	89.7
1787	99.1
1788	95.8
1789	54.3
1790	0.2
1791	51.1
1792	59.1
1793	74.3
1794	37.2
1795	68.2
1796	78.6
1797	120.9
1798	56.1
1799	0
1800	68
1801	104.6
1802	71.2
1803	0
1804	45.3
1805	0.9
1806	85.2
1807	70.7
1808	43.3
1809	75.1
1810	113.7
1811	61
1812	0
1813	79.3
1814	44.4
1815	52.7
1816	91.7
1817	75.4
1818	45
1819	87
1820	119.5
1821	77.2
1822	65.7
1823	77.3
1824	0
1825	147.1
1826	90.2
1827	56.4
1828	62.8
1829	96.6
1830	0
1831	64.4
1832	0
1833	72.5
1834	0
1835	69
1836	77.3
1837	0
1838	0
1839	177.1
1840	68.1
1841	64.8
1842	64.3
1843	146.9
1844	68.1
1845	55.6
1846	0
1847	63.3
1848	111.6
1849	186.1
1850	147.5
1851	60.7
1852	68.3
1853	77.3
1854	99.1
1855	66.9
1856	61.3
1857	0
1858	46.9
1859	58.9
1860	57.7
1861	0
1862	67
1863	0
1864	38.4
1865	74.7
1866	152.1
1867	0
1868	89.3
1869	74.2
1870	29.3
1871	85.5
1872	59.5
1873	82.8
1874	170.8
1875	0
1876	67.4
1877	0
1878	0
1879	164.3
1880	129.1
1881	69.5
1882	0
1883	171.7
1884	80.7
1885	57.5
1886	62
1887	0
1888	60.8
1889	0.1
1890	127
1891	29.1
1892	64.8
1893	40.2
1894	46.1
1895	61
1896	42.3
1897	67.8
1898	131.4
1899	63.5
1900	0
1901	124.6
1902	80.1
1903	63.5
1904	65.8
1905	55.9
1906	0
1907	0
1908	44.8
1909	27.3
1910	26.7
1911	62.1
1912	45.8
1913	0
1914	55.1
1915	0
1916	76.7
1917	77.3
1918	42.6
1919	0
1920	0
1921	65
1922	0
1923	0
1924	0
1925	58.2
1926	69.2
1927	123.2
1928	37.2
1929	0
1930	0
1931	0
1932	47.8
1933	70.5
1934	42.6
1935	0
1936	66.4
1937	0
1938	87
1939	92.4
1940	0
1941	72.1
1942	29.9
1943	0
1944	63.4
1945	0
1946	0
1947	0
1948	0
1949	69.2
1950	50
1951	0
1952	32.9
1953	30.3
1954	0
1955	27
1956	61.6
1957	133.1
1958	0
1959	33.1
1960	45.4
1961	35.5
1962	67.1
1963	0
1964	0
1965	0
1966	40.7
1967	26.1
1968	72.2
1969	0
1970	72.3
1971	0
1972	0
1973	0
1974	58.3
1975	29.7
1976	13.2
1977	28
1978	60.8
1979	53.8
1980	0
1981	54.4
1982	49.9
1983	0
1984	0
1985	31.2
1986	38.9
1987	65.6
1988	31.6
1989	50.8
1990	48.3
1991	0
1992	0
1993	34.9
1994	101.4
1995	51.6
1996	0
1997	15.9
1998	128.6
1999	0
2000	31.4
2001	75.8
2002	26.6
2003	32.2
2004	0
2005	0.1
2006	38.2
2007	0
2008	11.6
2009	0
2010	13
2011	48.1
2012	0
2013	22
2014	47.5
2015	18.9
2016	0
2017	0
2018	15.4
2019	0
2020	0
2021	13.9
2022	14.3
2023	35
2024	45.8
2025	99.5
2026	0
2027	31.4
2028	74.5
2029	62.9
2030	0
2031	36.7
2032	5
2033	0
2034	0
2035	30.7
2036	43.5
2037	64.5
2038	50.3
2039	0
2040	0
2041	66.8
2042	30.2
2043	66.1
2044	64.7
2045	0
2046	0.1
2047	31.8
2048	0
2049	0
2050	67.1
2051	12
2052	0
2053	12.7
2054	31
2055	23.5
2056	61.3
2057	32.8
2058	58.6
2059	0
2060	14.5
2061	4.6
2062	99.5
2063	0
2064	12.6
2065	0
2066	0
2067	31.4
2068	0
2069	66
2070	8.5
2071	15.4
2072	0
2073	32.8
2074	57.7
2075	0
2076	51.4
2077	0
2078	54.4
2079	0
2080	0
2081	65.8
2082	0
2083	11.9
2084	42.1
2085	0
2086	34.8
2087	0
2088	109.7
2089	49.3
2090	79.5
2091	41.7
2092	61.9
2093	47.8
2094	0
2095	12.5
2096	0
2097	13.8
2098	48.9
2099	30.9
2100	61.6
2101	0
2102	37.7
2103	0
2104	0
2105	0
2106	0
2107	0
2108	73.8
2109	0
2110	0
2111	0
2112	105.4
2113	46.1
2114	0
2115	72.7
2116	74.1
2117	38.6
2118	19.2
2119	14.5
2120	82.6
2121	13.9
2122	71.7
2123	0
2124	93.6
2125	43.5
2126	0
2127	12.7
2128	0
2129	0
2130	0
2131	39.8
2132	46.3
2133	0
2134	0
2135	9.5
2136	109.6
2137	13.4
2138	19.6
2139	62.4
2140	0
2141	118.9
2142	33.9
2143	0
2144	0
2145	67.2
2146	13.5
2147	14.3
2148	75.1
2149	0
2150	28.9
2151	0
2152	81
2153	176.7
2154	75.6
2155	0
2156	0
2157	0
2158	14.7
2159	13
2160	188.9
2161	0
2162	0
2163	76.6
2164	0
2165	16.2
2166	0
2167	0
2168	0.1
2169	62.4
2170	0
2171	0
2172	0
2173	36.4
2174	0
2175	1.7
2176	0
2177	120
2178	11.4
2179	0
2180	21.9
2181	217
2182	0
2183	0
2184	0
2185	76.8
2186	1.3
2187	12.7
2188	0
2189	0
2190	13.9
2191	0
2192	0
2193	0
2194	67
2195	13.2
2196	0
2197	154.9
2198	0
2199	193.2
2200	0
2201	1.1
2202	12.5
2203	0
2204	0
2205	0
2206	22.7
2207	12.9
2208	12.6
2209	0
2210	163.5
2211	0
2212	38.4
2213	73.8
2214	0
2215	22.4
2216	12.7
2217	0
2218	0
2219	140
2220	12
2221	0
2222	131.8
2223	0
2224	0
2225	27.3
2226	12.6
2227	163.3
2228	0
2229	0
2230	40.2
2231	0
2232	29.9
2233	0
2234	118.7
2235	0
2236	0
2237	0
2238	0
2239	12.6
2240	0
2241	27.2
2242	0
2243	0
2244	0
2245	149.6
2246	0
2247	0
2248	121.9
2249	27.1
2250	0
2251	11.6
2252	73.9
2253	0
2254	12.7
2255	0
2256	87
2257	12.5
2258	0
2259	85.3
2260	0
2261	0
2262	0
2263	105.2
2264	137.3
2265	90
2266	0
2267	0
2268	36.1
2269	12.9
2270	0
2271	51.5
2272	0
2273	13.5
2274	0
2275	64
2276	14.2
2277	0
2278	0
2279	0
2280	0
2281	0
2282	121.3
2283	16.9
2284	0
2285	91.6
2286	41.8
2287	12.8
2288	56.3
2289	0
2290	0
2291	0
2292	82.5
2293	12.9
2294	13.9
2295	81.9
2296	58.8
2297	120.9
2298	0
2299	12
2300	0
2301	0
2302	0
2303	0
2304	0
2305	0
2306	29.5
2307	71.9
2308	0
2309	22.7
2310	127.7
2311	0.1
2312	0
2313	0
2314	0
2315	0.1
2316	0
2317	114.4
2318	0
2319	0
2320	75.6
2321	64.7
2322	0
2323	0
2324	128.7
2325	71.7
2326	24
2327	0
2328	102.4
2329	0
2330	0.1
2331	0
2332	13.9
2333	0
2334	54.7
2335	0.1
2336	26.4
2337	0
2338	18.5
2339	13.8
2340	42.6
2341	32.7
2342	0
2343	13.7
2344	0
2345	17.6
2346	28.4
2347	0
2348	0
2349	34
2350	0
2351	45.3
2352	0
2353	36.7
2354	0
2355	24
2356	0
2357	0
2358	12.6
2359	27.2
2360	36.5
2361	31.1
2362	15.5
2363	36.5
2364	12.6
2365	34.2
2366	0.1
2367	0.1
2368	30.8
2369	12
2370	33.6
2371	0
2372	31.7
2373	30.1
2374	12.2
2375	0
2376	0.1
2377	34.3
2378	29.7
2379	33.9
2380	30.4
2381	28.9
2382	30.3
2383	0.1
2384	0
2385	2.9
2386	0
2387	0
2388	33.3
2389	36.3
2390	7
2391	32
2392	35.9
2393	0.1
2394	40.4
2395	12.6
2396	30.6
2397	0
2398	2.7
2399	29.7
2400	0
2401	34.6
2402	43
2403	30.1
2404	12.1
2405	37.6
2406	28.8
2407	0.2
2408	34.7
2409	34.7
2410	30.6
2411	34.8
2412	35.7
2413	0
2414	11.8
2415	37.8
2416	28.5
2417	31.9
2418	39.6
2419	32.3
2420	49.6
2421	0.1
2422	15.1
2423	26.3
2424	43.9
2425	12.3
2426	0.2
2427	0.1
2428	51.5
2429	0.1
2430	0
2431	43.8
2432	0
2433	61.2
2434	11.4
2435	0
2436	0
2437	10.8
2438	34.7
2439	89.6
2440	46.8
2441	0.1
2442	25.7
2443	34.1
2444	47.1
2445	37.4
2446	12.3
2447	43.3
2448	164.6
2449	0
2450	0.1
2451	33.8
2452	35.6
2453	92.7
2454	0.1
2455	0.1
2456	124.1
2457	0.1
2458	32.3
2459	43
2460	10.8
2461	172.4
2462	64.4
2463	11.6
2464	114.4
2465	0.1
2466	0.1
2467	38.2
2468	48.2
2469	39.9
2470	158.5
2471	38.2
2472	40.1
2473	11.5
2474	87.4
2475	32.3
2476	0
2477	38.3
2478	29.8
2479	0
2480	40.6
2481	42.6
2482	10.7
2483	0
2484	66.3
2485	48.6
2486	32.7
2487	0.1
2488	40.8
2489	86.4
2490	35.5
2491	11.6
2492	73.7
2493	0.1
2494	27.9
2495	24.9
2496	11.2
2497	38.7
2498	46.6
2499	10.8
2500	60.4
2501	47.6
2502	50.1
2503	18.6
2504	40.8
2505	51.7
2506	26.9
2507	0.1
2508	60.7
2509	0
2510	68.6
2511	269.9
2512	51
2513	25.4
2514	49.2
2515	50.6
2516	0
2517	12
2518	27
2519	25
2520	79.1
2521	48
2522	310.8
2523	12
2524	0.1
2525	24.7
2526	48.8
2527	43.9
2528	45.6
2529	48.8
2530	41.3
2531	41.7
2532	42.8
2533	74.2
2534	27.5
2535	42.9
2536	78.1
2537	32.7
2538	253.9
2539	136.6
2540	71.9
2541	95
2542	53.5
2543	49
2544	26.6
2545	56.7
2546	49.9
2547	23.5
2548	61.5
2549	27.2
2550	0.1
2551	13.5
2552	132.8
2553	42.7
2554	85.6
2555	42.1
2556	45.9
2557	42.1
2558	22.6
2559	45.6
2560	293.2
2561	46.7
2562	143.1
2563	60.5
2564	76.2
2565	72.5
2566	11.7
2567	24.5
2568	341.6
2569	48.3
2570	25.9
2571	12.3
2572	0
2573	0.4
2574	24.7
2575	26.4
2576	20.6
2577	38.8
2578	41.8
2579	46.2
2580	0
2581	67.1
2582	138.6
2583	58.8
2584	0.1
2585	111.5
2586	106.6
2587	43.4
2588	20.7
2589	43
2590	41.3
2591	39.9
2592	39.7
2593	48.6
2594	23.5
2595	0.1
2596	171.3
2597	44.5
2598	138.3
2599	21.2
2600	41.7
2601	39
2602	58.8
2603	39.4
2604	149.9
2605	22.9
2606	1.9
2607	124.2
2608	45.9
2609	60.4
2610	0.2
2611	68.2
2612	41.4
2613	41.9
2614	64.9
2615	13.5
2616	70.4
2617	246.7
2618	22.6
2619	0.1
2620	146.4
2621	22.1
2622	44.4
2623	140.1
2624	37.9
2625	90.7
2626	21.8
2627	21.5
2628	13.8
2629	0.1
2630	37.2
2631	36.9
2632	89.3
2633	43.3
2634	42.5
2635	41.7
2636	60.2
2637	0
2638	30.4
2639	40.6
2640	35.5
2641	34.5
2642	124.6
2643	137.1
2644	2.2
2645	164
2646	34.9
2647	22.6
2648	59.2
2649	1.9
2650	156.5
2651	0
2652	2.8
2653	41.4
2654	2.7
2655	40.8
2656	65.5
2657	23
2658	37.6
2659	53.3
2660	211.8
2661	28.6
2662	123
2663	2.5
2664	37.8
2665	2
2666	37.6
2667	5.9
2668	38.3
2669	42.5
2670	97.2
2671	50.5
2672	55.3
2673	0.1
2674	23.5
2675	2.3
2676	3.8
2677	91.4
2678	55.1
2679	3
2680	41.5
2681	32.7
2682	29.4
2683	41.1
2684	39.3
2685	45.4
2686	50.6
2687	65
2688	30.8
2689	37.3
2690	45.3
2691	31.5
2692	3.2
2693	48.1
2694	38
2695	0
2696	41.1
2697	0.1
2698	84.1
2699	16.1
2700	56.6
2701	4.4
2702	39.1
2703	38.2
2704	2.8
2705	37
2706	36.6
2707	14.9
2708	39.9
2709	15.5
2710	46.3
2711	39.5
2712	0
2713	45.6
2714	53.4
2715	36.7
2716	46.2
2717	31.2
2718	37.2
2719	36
2720	31.3
2721	39.7
2722	37.1
2723	46.9
2724	24
2725	42.1
2726	40.6
2727	44.2
2728	38.1
2729	44.6
2730	33.1
2731	0
2732	34.7
2733	36.6
2734	31.7
2735	37.5
2736	8.8
2737	38.5
2738	40.4
2739	38.6
2740	30.7
2741	43.3
2742	37.5
2743	38.2
2744	36.7
2745	33.9
2746	8.9
2747	36
2748	0
2749	43.4
2750	35.6
2751	80.5
2752	46.8
2753	37.6
2754	38.8
2755	34.9
2756	35.6
2757	41.4
2758	95.8
2759	36.7
2760	37.9
2761	35.9
2762	38.2
2763	24.9
2764	35.3
2765	33.1
2766	40.8
2767	9.1
2768	44
2769	35.3
2770	37.9
2771	65
2772	35.2
2773	27
2774	106.9
2775	35.3
2776	39.2
2777	37.9
2778	33.8
2779	39
2780	25.5
2781	48.3
2782	32.8
2783	39.5
2784	40.8
2785	26.9
2786	24.1
2787	52
2788	37.1
2789	33.2
2790	52.5
2791	41.6
2792	34.1
2793	96
2794	40.6
2795	34.6
2796	32.3
2797	160.2
2798	42.9
2799	44
2800	36.2
2801	38.2
2802	58
2803	33.4
2804	25.6
2805	36.5
2806	42.1
2807	60.7
2808	35.3
2809	49.5
2810	9
2811	35.2
2812	33.4
2813	34.2
2814	44.1
2815	34.1
2816	33.8
2817	37.8
2818	67.4
2819	45.8
2820	57.1
2821	36
2822	38.4
2823	43.1
2824	24.9
2825	41.6
2826	25.7
2827	25.4
2828	36.6
2829	25.8
2830	41
2831	56.7
2832	52
2833	37.2
2834	57.6
2835	60.1
2836	43
2837	46.2
2838	66.5
2839	50.8
2840	55.6
2841	67.6
2842	44.8
2843	39
2844	27
2845	39.2
2846	8.9
2847	36
2848	38.4
2849	47
2850	35.6
2851	42.4
2852	47.3
2853	42.7
2854	49
2855	44
2856	50.7
2857	45.1
2858	50.4
2859	37.7
2860	41.8
2861	46.5
2862	33.2
2863	28.8
2864	33.2
2865	56.9
2866	39.3
2867	41.1
2868	29.8
2869	36
2870	38.4
2871	37.4
2872	37.7
2873	51.7
2874	9
2875	43.5
2876	8.9
2877	43.6
2878	42.5
2879	26.5
2880	46.3
2881	47.7
2882	74.2
2883	41.7
2884	35.7
2885	32.3
2886	44.3
2887	29.9
2888	8.8
2889	25.2
2890	25.8
2891	51.8
2892	42.5
2893	50.4
2894	36.1
2895	40.4
2896	8.8
2897	49
2898	40.8
2899	52.6
2900	34.9
2901	27.2
2902	49.8
2903	53.1
2904	25.5
2905	40.6
2906	39.6
2907	31.6
2908	45.3
2909	44.2
2910	39.2
2911	53.6
2912	44.9
2913	45.1
2914	64.1
2915	29.8
2916	43.8
2917	25.1
2918	47.9
2919	27.2
2920	29.2
2921	46.1
2922	36
2923	40.7
2924	34.2
2925	50.4
2926	30
2927	26.9
2928	41.3
2929	30
2930	52.5
2931	49.6
2932	42.4
2933	47.2
2934	26.1
2935	48.2
2936	26.7
2937	36.7
2938	27.5
2939	49.6
2940	26.6
2941	41.4
2942	27.1
2943	45.4
2944	26.8
2945	49.3
2946	67.7
2947	40.3
2948	58.7
2949	46.8
2950	35.2
2951	47.2
2952	52.3
2953	43.4
2954	63.9
2955	44
2956	40.7
2957	30.7
2958	56.1
2959	27.2
2960	45.6
2961	48.2
2962	44.5
2963	42.2
2964	44.2
2965	36.4
2966	44.2
2967	51.4
2968	48.7
2969	28.7
2970	26.3
2971	45.7
2972	40
2973	26.1
2974	51.2
2975	89
2976	40.8
2977	34
2978	36.8
2979	52
2980	49.8
2981	82.1
2982	39.7
2983	48.7
2984	53.1
2985	65.2
2986	44.5
2987	40.6
2988	48.7
2989	26.1
2990	34
2991	96.9
2992	39
2993	50.7
2994	45.2
2995	49.2
2996	46.6
2997	41
2998	35.3
2999	39.1
3000	39
3001	29.8
3002	54.3
3003	38.9
3004	16.7
3005	33.6
3006	50.2
3007	72.2
3008	49.7
3009	16.1
3010	26.2
3011	56.7
3012	37.7
3013	60.8
3014	34.5
3015	13.9
3016	42.5
3017	79.4
3018	36.6
3019	13.6
3020	36.7
3021	16
3022	28.5
3023	15.5
3024	51.1
3025	35
3026	67.8
3027	57.1
3028	39.5
3029	51.4
3030	27.8
3031	34.3
3032	35.3
3033	13.5
3034	36.8
3035	37.5
3036	27.3
3037	35.3
3038	13.2
3039	36.2
3040	65
3041	45.4
3042	47
3043	55
3044	30.9
3045	62.4
3046	12
3047	12.8
3048	56.2
3049	35.5
3050	86.2
3051	37.1
3052	40
3053	72.6
3054	36.3
3055	39.6
3056	57.6
3057	12.7
3058	57.9
3059	46.5
3060	12.3
3061	27.4
3062	14.1
3063	88.9
3064	78.3
3065	27
3066	40.4
3067	27.2
3068	48.3
3069	14.3
3070	49.3
3071	35.9
3072	42.9
3073	10.3
3074	66.4
3075	33.7
3076	36.2
3077	49.4
3078	39.9
3079	57.7
3080	58
3081	14
3082	27.2
3083	98.4
3084	28.3
3085	41.8
3086	25.9
3087	107.8
3088	50.4
3089	113.4
3090	48.6
3091	14.2
3092	11.8
3093	37.4
3094	10.7
3095	12.1
3096	55.7
3097	12
3098	111.5
3099	12.4
3100	57.5
3101	10.1
3102	32.6
3103	67.6
3104	71.3
3105	28.3
3106	65.8
3107	66
3108	12
3109	31.2
3110	12.4
3111	135.6
3112	10.1
3113	104.9
3114	13.8
3115	27.6
3116	31.8
3117	14.8
3118	59.6
3119	136.4
3120	9.8
3121	110.8
3122	10.7
3123	77.3
3124	16.5
3125	20.6
3126	10.4
3127	9.9
3128	11.9
3129	11.8
3130	11.7
3131	71.7
3132	66.3
3133	84.2
3134	84.3
3135	10.9
3136	90.2
3137	10.4
3138	12.5
3139	90.2
3140	51.1
3141	17.3
3142	58.8
3143	103.4
3144	12.1
3145	10
3146	11
3147	10.1
3148	18.7
3149	10.7
3150	10.2
3151	22.2
3152	54.4
3153	74.9
3154	56
3155	37.1
3156	26.4
3157	20.5
3158	10.2
3159	54.7
3160	10.1
3161	23.1
3162	51.4
3163	12.1
3164	10.8
3165	16.2
3166	62.4
3167	15.9
3168	92.3
3169	10.7
3170	73.4
3171	11.1
3172	94.9
3173	10.8
3174	29.3
3175	61.9
3176	11
3177	11.2
3178	11.3
3179	11.1
3180	10.4
3181	15.8
3182	70.4
3183	70.7
3184	31.6
3185	28.7
3186	19.7
3187	57.5
3188	28.4
3189	18.9
3190	10.5
3191	10.7
3192	32.7
3193	3.9
3194	76.1
3195	58.9
3196	4.2
3197	15.8
3198	15.8
3199	40
3200	10.7
3201	11
3202	65.9
3203	75.7
3204	15.9
3205	23.8
3206	10.8
3207	4.5
3208	10.8
3209	5.8
3210	29.4
3211	32.2
3212	48.6
3213	11
3214	10.8
3215	4.5
3216	10.9
3217	11.4
3218	25.2
3219	26.3
3220	15.8
3221	11.3
3222	30.2
3223	10.2
3224	50.4
3225	11.5
3226	35.5
3227	11.2
3228	3.5
3229	6.7
3230	17.7
3231	3.3
3232	11
3233	10.8
3234	36
3235	45.2
3236	30.5
3237	10.5
3238	26.9
3239	6.4
3240	19.8
3241	16.2
3242	4.1
3243	25
3244	4.5
3245	11.2
3246	11.7
3247	6.4
3248	11.1
3249	10.8
3250	16.9
3251	66.8
3252	69.5
3253	3.9
3254	19.5
3255	10.6
3256	11.2
3257	24.9
3258	5
3259	20.1
3260	10.9
3261	8.6
3262	15.6
3263	10.8
3264	10.7
3265	10.9
3266	4
3267	18.5
3268	17.2
3269	50.3
3270	3.5
3271	10.5
3272	37.5
3273	10.7
3274	62
3275	4.4
3276	7.5
3277	3.6
3278	25.9
3279	10.6
3280	10.6
3281	11.8
3282	10.4
3283	9.5
3284	4
3285	10.1
3286	56.1
3287	10.5
3288	12.1
3289	4
3290	11
3291	39.2
3292	10.5
3293	11.5
3294	11.6
3295	11
3296	10.3
3297	8.2
3298	14.1
3299	5.8
3300	20.3
3301	6.8
3302	11.6
3303	43.4
3304	13.8
3305	13.6
3306	4.3
3307	10.6
3308	38.2
3309	4.2
3310	7.3
3311	10.5
3312	12.2
3313	6
3314	10
3315	4.1
3316	23.2
3317	10.2
3318	7.3
3319	9.9
3320	5.4
3321	4.4
3322	10.1
3323	8.3
3324	4.2
3325	6.3
3326	4.3
3327	9.7
3328	10.5
3329	5.2
3330	13.5
3331	11.3
3332	11.3
3333	5.9
3334	10.1
3335	20.8
3336	4.3
3337	9.7
3338	8.8
3339	10.1
3340	10.3
3341	17.9
3342	4.2
3343	10.7
3344	5.9
3345	9.8
3346	10.8
3347	4.2
3348	9.8
3349	4.1
3350	8.2
3351	10.9
3352	7.3
3353	8.7
3354	4.5
3355	9.2
3356	9.3
3357	4.2
3358	10.6
3359	8.6
3360	7.8
3361	5.5
3362	3.9
3363	11.4
3364	7.7
3365	11.2
3366	8.6
3367	8.9
3368	10.2
3369	10.8
3370	7.8
3371	8.8
3372	10.9
3373	8.8
3374	8.6
3375	4
3376	8.4
3377	3.7
3378	3.8
3379	4.1
3380	8.5
3381	8.9
3382	3.8
3383	8.8
3384	8.6
3385	8.8
3386	8.8
3387	4
3388	3.7
3389	8.9
3390	9
3391	8.8
3392	8.9
3393	4
3394	9.3
3395	8.9
3396	8.9
3397	9.4
3398	8
3399	7.6
3400	114.1
3401	138.5
3402	93.2
3403	121.8
3404	60.8
3405	70
3406	69.9
3407	108.8
3408	74.7
3409	109.8
3410	0
3411	0
3412	128.1
3413	135
3414	104.7
3415	98.3
3416	1.9
3417	149.3
3418	96.5
3419	0
3420	1.2
3421	0
3422	100.2
3423	89.8
3424	61.4
3425	110.5
3426	127.2
3427	1.2
3428	28.9
3429	124
3430	28
3431	101.3
3432	144
3433	82.4
3434	57.3
3435	0
3436	99.1
3437	56.7
3438	0
3439	0
3440	90.5
3441	119.1
3442	0.2
3443	53.8
3444	61.1
3445	0
3446	0
3447	0
3448	0.1
3449	60.4
3450	0
3451	92.4
3452	71.9
3453	63.9
3454	50.8
3455	83.5
3456	0.6
3457	155.4
3458	51.9
3459	0.5
3460	89.3
3461	2.7
3462	107.9
3463	120
3464	0.3
3465	0.5
3466	38.8
3467	58
3468	58.9
3469	38
3470	44.4
3471	93.6
3472	30.8
3473	119.4
3474	67.6
3475	0
3476	0
3477	51.4
3478	39.5
3479	0
3480	43.3
3481	71.4
3482	26.4
3483	17.1
3484	48.7
3485	11.8
3486	0
3487	58.2
3488	31.6
3489	64.1
3490	58.5
3491	0
3492	69.2
3493	16.8
3494	63.6
3495	147.6
3496	13.8
3497	20.8
3498	18.8
3499	124.4
3500	30
3501	13.1
3502	12.6
3503	0
3504	0
3505	45.9
3506	79.2
3507	0
3508	27.9
3509	14.2
3510	0
3511	27.3
3512	37.4
3513	17.5
3514	31.4
3515	38.4
3516	32.5
3517	27.4
3518	35.2
3519	36
3520	0.1
3521	0.1
3522	106.1
3523	33.2
3524	30.9
3525	27.5
3526	12.7
3527	25.1
3528	92.3
3529	45.2
3530	43.5
3531	129.7
3532	25
3533	0.1
3534	0
3535	49
3536	29.5
3537	9.4
3538	0
3539	44.2
3540	134.6
3541	38.5
3542	34
3543	46.1
3544	50.4
3545	182.6
3546	37.6
3547	30.9
3548	34.3
3549	49.4
3550	43.8
3551	48.8
3552	33.1
3553	37.7
3554	49.2
3555	41.8
3556	50.6
3557	26.6
3558	41.1
3559	26
3560	38.6
3561	34.2
3562	12.7
3563	52.8
3564	14
3565	14.7
3566	13.9
3567	52.7
3568	59.1
3569	59.6
3570	61
3571	66.9
3572	13.2
3573	75.5
3574	32.1
3575	15.8
3576	61.8
3577	83.7
3578	18.4
3579	11.2
3580	11
3581	10.4
3582	26.3
3583	10.7
3584	56.5
3585	11.5
3586	60.7
3587	10.9
3588	4.6
3589	10.7
3590	5.1
3591	9.2
3592	6
3593	3.7
3594	8.9
