"COMID"	"Value"
1	3.5
2	7
3	1.5
4	1.3
5	1.9
6	0
7	2.9
8	7.2
9	5.6
10	0
11	1.4
12	5.7
13	0.4
14	7.2
15	7.2
16	4.5
17	8.8
18	2
19	2.4
20	1.5
21	7.6
22	1.3
23	0
24	5.6
25	6.2
26	0.9
27	5.9
28	2.9
29	4.2
30	0
31	2.1
32	2.4
33	7.5
34	5.6
35	1.2
36	5.9
37	6.8
38	0
39	5.6
40	19.9
41	7.1
42	7.5
43	30.8
44	3
45	6.9
46	0.4
47	3.2
48	7.3
49	6
50	7.6
51	5.6
52	1.7
53	5.9
54	5.3
55	5.6
56	7.2
57	22.7
58	5.6
59	7.3
60	5.6
61	5.7
62	5.6
63	2.1
64	5.8
65	5.6
66	1.1
67	6.7
68	3.2
69	1.7
70	1
71	0
72	6.3
73	5.6
74	2.2
75	1
76	1
77	0.1
78	1.5
79	5.2
80	1
81	1
82	0
83	6.1
84	0
85	4.4
86	3.3
87	5.6
88	5.6
89	1.2
90	6
91	7.8
92	6.6
93	4.4
94	5.7
95	2.7
96	7.5
97	5.6
98	0
99	1.3
100	5
101	1.7
102	4.3
103	5.6
104	0.1
105	7.5
106	5.7
107	1.8
108	0
109	7.5
110	7.5
111	0
112	6.6
113	1
114	6.1
115	4.2
116	3.3
117	1.3
118	2.4
119	0
120	4
121	1.7
122	4.3
123	0
124	2.5
125	3.5
126	4.6
127	1.5
128	1.5
129	5.6
130	1.1
131	3
132	1
133	1
134	3.9
135	2.3
136	3.4
137	1
138	1
139	1
140	4.1
141	4.1
142	1
143	0
144	3.8
145	1
146	3.6
147	2.1
148	0.8
149	2.3
150	1
151	0.4
152	2.3
153	1
154	2.2
155	0
156	1.1
157	1
158	1
159	3
160	4.4
161	1
162	1
163	1.7
164	1
165	0
166	1
167	0.5
168	0
169	0.5
170	4.3
171	3.2
172	1
173	1
174	7.5
175	1.7
176	6.5
177	3
178	2.1
179	2.2
180	1
181	0
182	3.7
183	0
184	1
185	1
186	4
187	2.1
188	1
189	1
190	4.3
191	1
192	2.2
193	1
194	6.5
195	0.2
196	1
197	3.1
198	1
199	2.2
200	1
201	1
202	1
203	1
204	1
205	1
206	1.4
207	1.4
208	5.6
209	2.2
210	3.2
211	1.9
212	0.7
213	2.2
214	1
215	0.4
216	2.2
217	3
218	1.9
219	2.1
220	1
221	0.1
222	0.4
223	5
224	0
225	2
226	0.4
227	0
228	2.2
229	1
230	0
231	3.1
232	2.2
233	4.5
234	1.1
235	0
236	2.2
237	1.7
238	1.9
239	0.3
240	3.5
241	0.3
242	0
243	0
244	4.5
245	2.2
246	4.3
247	0
248	0
249	0
250	4.3
251	0.3
252	12.2
253	2.1
254	0
255	0
256	0
257	0
258	0.2
259	0
260	0
261	2.2
262	0.3
263	0
264	0
265	0
266	2
267	4.3
268	9.6
269	4.3
270	0
271	3.3
272	0.3
273	4.2
274	0
275	0.3
276	0.1
277	1
278	0.3
279	0
280	0.3
281	0.3
282	4.1
283	1
284	1.1
285	0
286	0.3
287	12.2
288	1
289	1
290	1
291	9.4
292	1
293	0
294	9.7
295	1
296	3.8
297	4
298	0
299	0.5
300	4.1
301	1
302	4.2
303	3.9
304	1
305	4
306	1.1
307	4.1
308	1.8
309	1
310	3.8
311	4.1
312	3.9
313	3.9
314	1
315	1
316	1
317	0
318	1.3
319	0
320	4
321	1
322	3.8
323	4
324	1
325	0
326	9.5
327	1
328	1
329	1
330	0
331	1
332	1
333	1
334	1
335	0.5
336	1
337	0.2
338	1
339	1
340	1
341	1
342	0
343	1
344	0
345	1
346	0.3
347	1
348	1.1
349	1
350	1
351	1
352	1
353	1.9
354	1
355	0
356	1
357	0
358	1
359	0
360	1
361	1
362	1
363	1
364	0
365	1.7
366	6
367	0
368	8.5
369	0
370	1.9
371	0
372	5.6
373	6.3
374	0
375	7.1
376	2.2
377	1.9
378	6.2
379	0
380	1.9
381	0
382	0
383	2
384	0.1
385	0
386	0
387	28.3
388	1.8
389	3
390	26.7
391	5.6
392	3
393	0
394	5.6
395	0
396	0.4
397	0
398	5.6
399	0.6
400	5.6
401	2.3
402	0
403	0.3
404	0
405	0
406	7
407	0.5
408	0
409	0
410	16.5
411	2.1
412	0
413	7.4
414	0
415	0.3
416	0
417	0.1
418	0.1
419	6.6
420	0.1
421	0.5
422	0.5
423	1.4
424	6.9
425	14.9
426	0.4
427	14.4
428	6.9
429	1.8
430	14.3
431	0.5
432	5.7
433	10.3
434	6.1
435	5.6
436	7.7
437	0.5
438	19.8
439	0.3
440	1.8
441	8.2
442	4.8
443	6.9
444	5.8
445	45.1
446	5.6
447	50.6
448	32.5
449	5.6
450	6.7
451	0.4
452	5.9
453	0.4
454	5.6
455	6.4
456	5.6
457	2.5
458	1.4
459	3.7
460	5.7
461	7.8
462	15.9
463	7.5
464	1
465	5.7
466	0.5
467	7
468	1
469	5.9
470	1
471	1
472	1.8
473	2.1
474	1
475	0
476	0
477	15.7
478	1
479	6.1
480	2
481	0.4
482	0.1
483	2.8
484	5.6
485	5.4
486	0.5
487	6.1
488	1.6
489	0.2
490	1.6
491	6.4
492	2
493	0.3
494	7.3
495	0.5
496	0
497	5.6
498	6.1
499	0
500	4.4
501	26
502	8.2
503	5.6
504	5.6
505	4.1
506	4.5
507	6
508	4.1
509	4.3
510	33.8
511	6.9
512	7.1
513	0
514	4.1
515	0
516	5.6
517	5.2
518	5.8
519	6.3
520	0.3
521	4.7
522	5.6
523	0
524	2.3
525	4.4
526	6.2
527	4.2
528	5.6
529	0
530	23
531	16.3
532	3.7
533	3.4
534	1.7
535	29.4
536	1.9
537	0
538	0
539	1
540	5.6
541	14.8
542	16
543	1.8
544	0
545	0
546	16.4
547	2
548	0
549	0.1
550	0.9
551	14.5
552	4.3
553	2
554	0
555	5.6
556	4.8
557	5.9
558	0
559	6.9
560	14.9
561	2.2
562	17.4
563	0
564	13.9
565	7.1
566	16.8
567	5.6
568	16
569	6.5
570	0
571	2.2
572	14.5
573	5.9
574	4.4
575	5.6
576	0
577	0
578	7
579	7.1
580	15.1
581	0
582	1
583	5.6
584	5.6
585	0
586	3.4
587	16.3
588	0.2
589	30.7
590	0
591	0.8
592	7
593	14.8
594	6.6
595	0.4
596	5.6
597	0
598	5.6
599	16.3
600	6.2
601	5.6
602	0
603	1.2
604	0.2
605	0
606	0.3
607	5.6
608	5.9
609	0
610	5.6
611	1.8
612	0
613	0
614	5.7
615	0.6
616	0
617	30.8
618	0.8
619	6.8
620	6.6
621	0.2
622	9.5
623	8.4
624	10.2
625	5.6
626	5.6
627	15.3
628	5.6
629	6.5
630	19.4
631	5.6
632	1
633	8
634	0
635	6.8
636	6.5
637	6.4
638	5.6
639	1.7
640	0.6
641	17.6
642	0
643	2.8
644	0
645	1.2
646	8.3
647	5.6
648	1.9
649	5.5
650	5.6
651	20.4
652	5.6
653	0
654	5.6
655	0
656	5.6
657	3.4
658	1.9
659	2.8
660	0.1
661	1.8
662	8.3
663	1.9
664	5.6
665	5.6
666	5.6
667	2
668	37
669	2.1
670	5.6
671	5.6
672	5.6
673	8.3
674	0.5
675	8
676	1.8
677	17.6
678	6.2
679	5.6
680	0.2
681	8.9
682	3.9
683	32.2
684	2
685	5.6
686	16.4
687	0
688	7.9
689	5.6
690	8.6
691	1.8
692	17.2
693	6
694	0.5
695	1.8
696	8.5
697	5.6
698	1.4
699	7.7
700	7.8
701	0.6
702	8.2
703	7.9
704	7.2
705	8.3
706	6
707	15.4
708	8
709	6.6
710	1.4
711	0.2
712	0.5
713	1.9
714	5.6
715	1.1
716	0
717	1.9
718	8.2
719	2.5
720	7.8
721	5.6
722	3
723	7.9
724	13.1
725	5.6
726	0
727	0.5
728	3.6
729	0.6
730	1.4
731	6.2
732	0.5
733	1.9
734	7.7
735	0.5
736	6
737	9.8
738	7.7
739	14.3
740	11.9
741	1.8
742	3.2
743	1.5
744	0.1
745	0
746	7.5
747	7.8
748	0
749	1.4
750	5.6
751	7.4
752	3.4
753	7.8
754	7.9
755	1.5
756	7.4
757	2.4
758	1.4
759	5.6
760	7.5
761	5.6
762	3.2
763	3.1
764	15.3
765	7.6
766	0.1
767	1.6
768	2.2
769	7.5
770	2
771	1.2
772	1.5
773	7.1
774	7.2
775	1.8
776	6.1
777	3.5
778	7.4
779	0.1
780	7.5
781	1.7
782	140.7
783	117.8
784	164.9
785	158.2
786	116
787	156.8
788	91.7
789	113.3
790	107.1
791	110.1
792	97.3
793	91.6
794	126.5
795	139
796	96.4
797	139.9
798	92.5
799	92
800	108.5
801	107.4
802	116.2
803	100.2
804	78.8
805	101.1
806	106.2
807	69.3
808	109.4
809	153.9
810	169.1
811	106.3
812	135.1
813	107.3
814	114.8
815	119.3
816	100.9
817	80.8
818	122.2
819	206.2
820	119.7
821	120.2
822	156.9
823	125.6
824	145.5
825	94.1
826	166.7
827	157.3
828	162.5
829	97
830	150.1
831	103.9
832	161.5
833	121.7
834	114
835	146.9
836	165.2
837	43.5
838	131
839	111.6
840	155.3
841	142.4
842	116.5
843	16
844	129.5
845	140.3
846	113.7
847	155.4
848	119.9
849	106.5
850	126.2
851	121.7
852	86
853	81.7
854	92.8
855	88.4
856	126.5
857	131.4
858	134.4
859	116.3
860	112.3
861	116.8
862	8
863	71.5
864	118.1
865	114
866	111.5
867	76.8
868	150.4
869	116.5
870	42
871	118.8
872	121.3
873	10.4
874	82.8
875	133.7
876	119.1
877	79.5
878	87.9
879	109
880	125.4
881	118.6
882	126
883	77.6
884	84.5
885	86.1
886	6.8
887	115.5
888	142.4
889	84.3
890	127.6
891	124.2
892	123.9
893	160.5
894	7
895	86.6
896	124.3
897	124.5
898	125.5
899	201.3
900	184.6
901	166.3
902	181.7
903	113.7
904	80.6
905	148.4
906	157.9
907	138.7
908	115.8
909	103.7
910	0
911	93.4
912	135.5
913	135
914	148.3
915	0
916	110.6
917	79.6
918	132.3
919	160.9
920	137.5
921	74.1
922	155
923	19.6
924	179.1
925	86.2
926	161.5
927	98.4
928	2.4
929	132
930	133.5
931	116.9
932	2.5
933	191.7
934	0
935	152.9
936	141.6
937	145.5
938	111.6
939	75.6
940	177.7
941	102.5
942	132.4
943	0
944	108.5
945	143.1
946	159.2
947	0
948	131.7
949	198.2
950	217.6
951	141.7
952	146
953	4.6
954	3.3
955	143.1
956	118.7
957	161.5
958	2.6
959	128.1
960	164.5
961	135.6
962	142.5
963	149.2
964	0
965	200.8
966	123
967	0
968	117.4
969	125.9
970	38
971	166.1
972	139
973	147.3
974	120.7
975	112
976	89
977	131.8
978	4.9
979	119.9
980	83.2
981	180.3
982	180.7
983	161.1
984	88.3
985	139.7
986	132.3
987	2.8
988	134.1
989	178.5
990	0
991	133.8
992	0
993	139.1
994	170.6
995	136.5
996	124.5
997	132.4
998	2
999	175.7
1000	0
1001	2.3
1002	101.3
1003	0
1004	116.5
1005	4.5
1006	147.8
1007	0
1008	2.3
1009	0
1010	140
1011	115.8
1012	139.9
1013	2.7
1014	128.2
1015	2.4
1016	0
1017	140.8
1018	2.6
1019	2.6
1020	144.7
1021	129.8
1022	126.2
1023	147
1024	146.4
1025	138.7
1026	137.5
1027	130.7
1028	127.6
1029	2.5
1030	0.2
1031	0
1032	0
1033	0.2
1034	139.6
1035	0.1
1036	114.3
1037	124.9
1038	123.5
1039	2.9
1040	2.2
1041	130
1042	2.6
1043	0
1044	1.6
1045	3.7
1046	2.5
1047	144
1048	161.9
1049	164
1050	0
1051	140.8
1052	124.5
1053	2
1054	101.2
1055	169.9
1056	124.6
1057	0.2
1058	149.2
1059	0.2
1060	134.1
1061	0
1062	140.9
1063	140.5
1064	0
1065	1.5
1066	190.7
1067	0.1
1068	0.3
1069	0
1070	200.5
1071	115.5
1072	0.1
1073	0.1
1074	182.7
1075	0
1076	160.7
1077	0.1
1078	134.3
1079	99.7
1080	2.6
1081	0.1
1082	194.4
1083	0
1084	142.1
1085	192.3
1086	181.7
1087	0
1088	0.1
1089	2.3
1090	99.8
1091	173
1092	0.2
1093	3.3
1094	0.1
1095	1.7
1096	2.3
1097	177.5
1098	3
1099	0
1100	0
1101	0.1
1102	144.8
1103	0
1104	3.4
1105	2.9
1106	2.2
1107	0.1
1108	1.9
1109	104.1
1110	0.1
1111	0.1
1112	191.9
1113	166.9
1114	128.7
1115	2.6
1116	2.2
1117	216.4
1118	2.9
1119	3.2
1120	2.9
1121	1.9
1122	3.5
1123	3.2
1124	97.6
1125	3.3
1126	193.2
1127	2
1128	184.6
1129	202.7
1130	2.5
1131	0.1
1132	173.4
1133	209
1134	2
1135	0
1136	0.1
1137	2.7
1138	1.4
1139	2
1140	110.3
1141	2
1142	0
1143	169.1
1144	2.4
1145	4.2
1146	2.6
1147	2.4
1148	237.1
1149	2
1150	1.7
1151	2.3
1152	156.1
1153	142.6
1154	0
1155	0
1156	138.7
1157	2.5
1158	0
1159	127.9
1160	2.6
1161	0
1162	4.1
1163	1.9
1164	148
1165	0
1166	168.7
1167	220.1
1168	155.3
1169	201
1170	147.5
1171	2.8
1172	155
1173	2.9
1174	180.4
1175	1.5
1176	82.6
1177	0
1178	1.7
1179	175.4
1180	2
1181	2.8
1182	1.6
1183	0.1
1184	0
1185	148.3
1186	112.6
1187	1.7
1188	1.2
1189	3.2
1190	3.6
1191	133.6
1192	1.8
1193	118.4
1194	3.3
1195	170
1196	3.7
1197	0
1198	0
1199	92.8
1200	26.7
1201	3
1202	1.6
1203	0
1204	1.5
1205	3.1
1206	0.1
1207	1.9
1208	0.1
1209	3
1210	150.1
1211	188.8
1212	0
1213	142
1214	106.4
1215	2.7
1216	168.9
1217	110.8
1218	0
1219	0
1220	104.9
1221	1.6
1222	2
1223	4.2
1224	1.4
1225	191.2
1226	109.8
1227	76.5
1228	1.6
1229	3.5
1230	144.3
1231	0.1
1232	105.9
1233	1.1
1234	1.5
1235	1.9
1236	0
1237	176.3
1238	168
1239	0.1
1240	1.3
1241	124.9
1242	118.3
1243	3.9
1244	1.6
1245	154.4
1246	146.7
1247	90.8
1248	29.6
1249	198.8
1250	59.5
1251	2
1252	0
1253	1.5
1254	2.5
1255	0
1256	60.6
1257	5
1258	4.1
1259	0
1260	76.8
1261	64.8
1262	0.1
1263	3.6
1264	3
1265	188.3
1266	122.6
1267	0
1268	121.7
1269	28.8
1270	156.1
1271	3.7
1272	0.9
1273	5
1274	147.5
1275	1.5
1276	54.7
1277	111.9
1278	176.2
1279	26.7
1280	0.1
1281	4.7
1282	0
1283	232.2
1284	30.7
1285	4.1
1286	201.4
1287	3.9
1288	2.5
1289	102.8
1290	3.4
1291	76.3
1292	4.7
1293	25.8
1294	2.6
1295	150.3
1296	0.1
1297	32
1298	130.6
1299	3.2
1300	5.4
1301	0.1
1302	2.2
1303	2.5
1304	34.9
1305	247.4
1306	0
1307	143.9
1308	6
1309	0
1310	161.2
1311	150.7
1312	120.2
1313	4.6
1314	162.8
1315	0
1316	61.7
1317	54
1318	3
1319	122.9
1320	117.5
1321	0.1
1322	0
1323	0
1324	2
1325	84.9
1326	0.2
1327	0.2
1328	131.1
1329	33.3
1330	71.8
1331	57.9
1332	25.8
1333	73.9
1334	151
1335	3.6
1336	105.1
1337	0.3
1338	0.3
1339	5.4
1340	2.7
1341	133.4
1342	129.3
1343	0
1344	0
1345	6
1346	0
1347	153.6
1348	72.5
1349	3
1350	0
1351	87.6
1352	31.6
1353	114.1
1354	0.1
1355	98.6
1356	28.6
1357	87.1
1358	142.5
1359	4.2
1360	0.2
1361	2.7
1362	76.1
1363	0
1364	0.8
1365	60.9
1366	0.1
1367	0
1368	64.8
1369	0.2
1370	1.9
1371	0.1
1372	0.8
1373	70.8
1374	0.6
1375	117.2
1376	32.8
1377	0.8
1378	2.9
1379	3.3
1380	59.2
1381	0
1382	109.4
1383	0.2
1384	0.9
1385	29.7
1386	60
1387	0.2
1388	0.1
1389	0.1
1390	66.6
1391	122.3
1392	69.5
1393	0
1394	0.3
1395	66
1396	0.1
1397	169.3
1398	0.1
1399	0
1400	92.1
1401	0.2
1402	0.2
1403	131.1
1404	2.6
1405	0.7
1406	0.1
1407	0
1408	0.1
1409	175.5
1410	0.1
1411	128
1412	0.8
1413	192.6
1414	1.1
1415	212
1416	103.5
1417	0.1
1418	119.1
1419	0.2
1420	0.8
1421	0.1
1422	0.8
1423	61
1424	72.5
1425	0.1
1426	138.1
1427	1.3
1428	0.1
1429	0.1
1430	83.3
1431	132.6
1432	0.2
1433	90.7
1434	0.1
1435	84.1
1436	0.1
1437	0
1438	0
1439	1.2
1440	90.1
1441	98.1
1442	0.1
1443	96.7
1444	0.1
1445	0.2
1446	193.3
1447	0.5
1448	196.3
1449	0.1
1450	0.2
1451	0.1
1452	0
1453	188
1454	52.2
1455	0.8
1456	0.1
1457	147.5
1458	74
1459	1.1
1460	0.1
1461	86.7
1462	0
1463	0.1
1464	0.1
1465	0.1
1466	120
1467	0.1
1468	0.1
1469	78.2
1470	172.3
1471	0
1472	0
1473	114.3
1474	0.7
1475	178.9
1476	0.1
1477	0.2
1478	187.3
1479	89.1
1480	0.1
1481	76.4
1482	89.4
1483	0.1
1484	0.4
1485	47.9
1486	0.1
1487	0.1
1488	132.3
1489	79.4
1490	0.2
1491	76.2
1492	76.6
1493	164.2
1494	184.2
1495	0
1496	87.6
1497	86.8
1498	0.1
1499	83.1
1500	0.9
1501	76.1
1502	139.4
1503	0.3
1504	0
1505	80.2
1506	142.9
1507	0.4
1508	0.4
1509	44.6
1510	0.4
1511	0.8
1512	0.3
1513	152.4
1514	0.2
1515	0.1
1516	0.1
1517	117.1
1518	0.2
1519	85.4
1520	0.4
1521	0.1
1522	0.2
1523	0.1
1524	0
1525	0.1
1526	0.1
1527	75.5
1528	0.1
1529	79.6
1530	176.9
1531	0.4
1532	0.3
1533	1
1534	145.8
1535	29.3
1536	150.4
1537	0.1
1538	38.5
1539	0.2
1540	0.1
1541	0
1542	0
1543	94
1544	0.2
1545	0.1
1546	33.3
1547	104
1548	0.1
1549	0.1
1550	0.1
1551	0
1552	88.7
1553	159.1
1554	64.1
1555	126.9
1556	66.3
1557	0.7
1558	0.3
1559	91.8
1560	1.4
1561	0.2
1562	0.4
1563	0.3
1564	0
1565	77.5
1566	0.4
1567	0.1
1568	0.1
1569	125.7
1570	136.2
1571	0
1572	0.4
1573	198.4
1574	0.4
1575	123.5
1576	115.7
1577	197.2
1578	0
1579	0
1580	140.6
1581	125.3
1582	80.1
1583	113.3
1584	32.8
1585	180.5
1586	128.1
1587	0.1
1588	112.9
1589	0.2
1590	4.4
1591	0
1592	133.2
1593	0.3
1594	88.6
1595	79
1596	106.6
1597	0
1598	115.1
1599	151.6
1600	82
1601	59.7
1602	203
1603	79.7
1604	113.5
1605	4.1
1606	0
1607	0.2
1608	76.6
1609	0
1610	75.8
1611	0.3
1612	132.4
1613	142.2
1614	76.5
1615	98.2
1616	135.8
1617	0.1
1618	111
1619	1.7
1620	80.8
1621	128.7
1622	113.9
1623	0.1
1624	197.5
1625	108.6
1626	98.8
1627	0.1
1628	116.7
1629	0.1
1630	101.2
1631	93
1632	220.6
1633	0
1634	160.7
1635	212.1
1636	140.3
1637	181.3
1638	132
1639	3.1
1640	0.1
1641	98.4
1642	157.7
1643	165.1
1644	0.2
1645	75.7
1646	142.1
1647	0
1648	4.4
1649	0.4
1650	1.1
1651	90.4
1652	111.3
1653	0.8
1654	81.3
1655	140.4
1656	99.9
1657	84.8
1658	187.9
1659	151.5
1660	96.2
1661	1.3
1662	0.1
1663	127.5
1664	3.9
1665	0.6
1666	102.6
1667	159.5
1668	132.4
1669	130.2
1670	1.5
1671	144.1
1672	84.7
1673	115.6
1674	162.9
1675	119.3
1676	5.6
1677	1.2
1678	0.9
1679	143.3
1680	135
1681	153.4
1682	0.6
1683	104
1684	145.5
1685	101.6
1686	87.4
1687	176.7
1688	115.5
1689	6.8
1690	85.2
1691	3
1692	88.3
1693	1.5
1694	105.7
1695	91.5
1696	0
1697	117.3
1698	0.6
1699	2.4
1700	110.6
1701	96.9
1702	141.7
1703	161.3
1704	0.1
1705	2.1
1706	142
1707	0.4
1708	0.3
1709	134.9
1710	7
1711	2.5
1712	95.7
1713	99.7
1714	130.4
1715	91.7
1716	99.8
1717	155.6
1718	0.2
1719	74
1720	81.2
1721	91.9
1722	94.2
1723	112.8
1724	103.8
1725	167.6
1726	128.3
1727	129.6
1728	98
1729	6.1
1730	105
1731	4.7
1732	101
1733	126
1734	3.6
1735	102
1736	0.4
1737	117.2
1738	92
1739	131.9
1740	0.1
1741	3.3
1742	2.3
1743	100.2
1744	116.4
1745	156.7
1746	91.8
1747	125.9
1748	103.2
1749	93.4
1750	64.6
1751	93.6
1752	101.1
1753	126.2
1754	157.1
1755	99.7
1756	136
1757	123
1758	114.2
1759	87.5
1760	108.5
1761	130.9
1762	115.8
1763	71.4
1764	125.4
1765	4.7
1766	120.5
1767	132.1
1768	0.1
1769	143.7
1770	123.3
1771	111.3
1772	0.1
1773	133.7
1774	98.7
1775	0
1776	97.3
1777	109.6
1778	2.7
1779	3.2
1780	1.1
1781	144.9
1782	152.6
1783	111
1784	93.5
1785	103.5
1786	122
1787	162.7
1788	86.4
1789	91.5
1790	1.2
1791	94.8
1792	63.3
1793	98.4
1794	64.6
1795	104.6
1796	121
1797	187.1
1798	81.5
1799	0
1800	106.9
1801	135.3
1802	109.8
1803	0.1
1804	75.6
1805	5.5
1806	85.9
1807	126
1808	75.2
1809	117.1
1810	120.4
1811	75
1812	0
1813	123.6
1814	82
1815	69.9
1816	139
1817	126.1
1818	67.1
1819	91.1
1820	122.8
1821	148.8
1822	104.8
1823	81.6
1824	0
1825	159.9
1826	169.7
1827	74.4
1828	81.5
1829	118.1
1830	0.1
1831	110.1
1832	0
1833	120.9
1834	0
1835	84.3
1836	83.7
1837	0
1838	0
1839	170.1
1840	112
1841	97.2
1842	93.8
1843	133.5
1844	87.3
1845	80.1
1846	0
1847	99.8
1848	136.1
1849	168.3
1850	143.1
1851	97
1852	72
1853	126.8
1854	172.8
1855	122.6
1856	96.3
1857	0
1858	76
1859	69.9
1860	100.3
1861	0
1862	110.9
1863	0
1864	54.5
1865	122
1866	140.9
1867	0
1868	140.3
1869	138.5
1870	42.9
1871	125.2
1872	88.6
1873	135.6
1874	161.4
1875	0
1876	117.9
1877	0
1878	0
1879	168.2
1880	137.8
1881	85.6
1882	0
1883	159
1884	121
1885	82.2
1886	123.2
1887	0
1888	82.4
1889	0.1
1890	134.4
1891	44.1
1892	95.2
1893	56.7
1894	63.9
1895	74.7
1896	59.9
1897	106.9
1898	141.2
1899	99.5
1900	0
1901	162
1902	90.2
1903	87.2
1904	93
1905	62.7
1906	0
1907	0
1908	93.7
1909	33.2
1910	33.4
1911	82.3
1912	65
1913	0.1
1914	73.5
1915	0
1916	98.4
1917	95.6
1918	85.2
1919	0
1920	0
1921	93.3
1922	0.1
1923	0.1
1924	0
1925	71.7
1926	107
1927	140.5
1928	51.2
1929	0
1930	0
1931	0
1932	90.4
1933	112.5
1934	78.2
1935	0
1936	83.4
1937	0.1
1938	150.5
1939	141.8
1940	0
1941	85.6
1942	41.4
1943	0.1
1944	72.3
1945	0
1946	0.1
1947	0
1948	0
1949	104.7
1950	110.5
1951	0
1952	50.4
1953	34.4
1954	0.1
1955	40.5
1956	63.8
1957	164.3
1958	0
1959	58.5
1960	51.3
1961	55.1
1962	90.8
1963	0
1964	0.2
1965	0
1966	71.6
1967	33.8
1968	71.7
1969	0
1970	75.7
1971	0
1972	0
1973	0
1974	53.9
1975	34.5
1976	21.7
1977	46.7
1978	74.7
1979	148.3
1980	0.1
1981	50.7
1982	136.3
1983	0
1984	0.1
1985	37.9
1986	49.6
1987	91.3
1988	39.2
1989	124
1990	105.1
1991	0
1992	0
1993	46
1994	98.8
1995	60.1
1996	0.1
1997	24.7
1998	156.6
1999	0
2000	38.9
2001	102.3
2002	41.4
2003	41.1
2004	0
2005	0.1
2006	44.8
2007	0
2008	16.5
2009	0
2010	18.6
2011	125.5
2012	0
2013	40
2014	131.8
2015	30.3
2016	0
2017	0
2018	30.9
2019	0
2020	0
2021	23.1
2022	23.6
2023	52.2
2024	161.8
2025	101.7
2026	0.1
2027	35.7
2028	106.1
2029	72
2030	0
2031	50.4
2032	9.7
2033	0
2034	0
2035	33.3
2036	163.4
2037	74.8
2038	183.2
2039	0.1
2040	0.2
2041	186
2042	36.2
2043	81.2
2044	90.7
2045	0
2046	0
2047	38.5
2048	0.1
2049	0.1
2050	78.6
2051	21.9
2052	0
2053	21.1
2054	33.5
2055	35.8
2056	67.1
2057	52.9
2058	187.8
2059	0
2060	25.2
2061	9.4
2062	112.5
2063	0.1
2064	28.4
2065	0.1
2066	0.1
2067	41
2068	0
2069	75.5
2070	18.8
2071	37.2
2072	0
2073	51.2
2074	77.9
2075	0
2076	181
2077	0
2078	54.1
2079	0
2080	0.1
2081	61.1
2082	0
2083	27.2
2084	43.8
2085	0
2086	55.3
2087	0.1
2088	101.4
2089	62.6
2090	74.9
2091	60.2
2092	78.9
2093	56.4
2094	0.1
2095	28.2
2096	0
2097	21.8
2098	83
2099	29.1
2100	70.6
2101	0
2102	42.2
2103	0
2104	0
2105	0
2106	0.1
2107	0.1
2108	99.8
2109	0
2110	0.1
2111	0
2112	248.9
2113	42.2
2114	0.1
2115	96.4
2116	111.3
2117	39.6
2118	29.8
2119	13
2120	103
2121	16.3
2122	77.1
2123	0.1
2124	116.8
2125	40.5
2126	0
2127	14.5
2128	0
2129	0
2130	0.1
2131	45.2
2132	52.4
2133	0
2134	0
2135	11.4
2136	127
2137	16.7
2138	19.1
2139	94.2
2140	0
2141	132.4
2142	43.1
2143	0
2144	0
2145	105.4
2146	18.3
2147	23.2
2148	78.9
2149	0
2150	40.4
2151	0
2152	98.2
2153	154.6
2154	79.6
2155	0
2156	0
2157	0.1
2158	20.9
2159	14.7
2160	144.1
2161	0
2162	0
2163	103.4
2164	0
2165	19.5
2166	0
2167	0
2168	0.1
2169	72.1
2170	0
2171	0
2172	0
2173	51.3
2174	0
2175	14.7
2176	0
2177	120.4
2178	16
2179	0
2180	25.4
2181	206.5
2182	0
2183	0.1
2184	0
2185	96
2186	10.5
2187	15.8
2188	0
2189	0
2190	18
2191	0
2192	0
2193	0
2194	81.2
2195	16.3
2196	0
2197	157.8
2198	0
2199	167.1
2200	0
2201	5.6
2202	16.8
2203	0
2204	0
2205	0
2206	26.4
2207	16.1
2208	17
2209	0
2210	190.8
2211	0
2212	48.5
2213	98.2
2214	0
2215	27.2
2216	16.5
2217	0
2218	0
2219	143.1
2220	15.9
2221	0
2222	180.4
2223	0
2224	0
2225	44.1
2226	16.8
2227	208.1
2228	0
2229	0
2230	50.2
2231	0
2232	44.3
2233	0
2234	133.1
2235	0
2236	0
2237	0
2238	0
2239	15.6
2240	0
2241	37.3
2242	0
2243	0
2244	0
2245	174.9
2246	0
2247	0
2248	217.6
2249	35.3
2250	0
2251	13.5
2252	119.6
2253	0
2254	14.3
2255	0
2256	105.8
2257	15.8
2258	0
2259	190.1
2260	0
2261	0
2262	0
2263	241.6
2264	225.9
2265	193.4
2266	0
2267	0
2268	58.8
2269	14
2270	0.1
2271	64.1
2272	0
2273	17.9
2274	0
2275	131.6
2276	25.6
2277	0
2278	0
2279	0
2280	0
2281	0.1
2282	262.6
2283	30.9
2284	0
2285	189.8
2286	76
2287	14.8
2288	70.6
2289	0
2290	0
2291	0
2292	174
2293	13.6
2294	15.5
2295	172.3
2296	111.2
2297	224.9
2298	0
2299	13
2300	0
2301	0
2302	0
2303	0
2304	0
2305	0
2306	76.1
2307	139.7
2308	0
2309	29.7
2310	214.1
2311	0.3
2312	0.1
2313	0
2314	0
2315	0.2
2316	0
2317	192.4
2318	0
2319	0
2320	139.1
2321	87.4
2322	0
2323	0
2324	186.3
2325	137.8
2326	41.1
2327	0
2328	151.1
2329	0
2330	0.3
2331	0.1
2332	15.1
2333	0
2334	78.4
2335	0.2
2336	39.8
2337	0.1
2338	34.5
2339	18.1
2340	67.1
2341	49.1
2342	0.2
2343	19.4
2344	0.1
2345	33
2346	42.7
2347	0
2348	0.1
2349	40.6
2350	0
2351	69.5
2352	0
2353	42.3
2354	0.1
2355	60.4
2356	0.2
2357	0.1
2358	18.5
2359	55.6
2360	40.7
2361	40.4
2362	30
2363	64
2364	27.8
2365	46
2366	0.3
2367	0.2
2368	29.9
2369	15.3
2370	67.9
2371	0
2372	34.1
2373	50.6
2374	15.9
2375	0.1
2376	0.3
2377	50.5
2378	50.3
2379	37
2380	31.7
2381	34.8
2382	62.3
2383	0.3
2384	0.2
2385	7.4
2386	0
2387	0
2388	35.7
2389	76.5
2390	15.7
2391	31.7
2392	69.5
2393	0.2
2394	69.3
2395	17.2
2396	31.6
2397	0.1
2398	6.8
2399	46.2
2400	0.2
2401	41.2
2402	76.4
2403	33.1
2404	13.2
2405	40.2
2406	34
2407	1
2408	52.5
2409	48.5
2410	37.1
2411	43.6
2412	49.7
2413	0.1
2414	12.4
2415	44.4
2416	30.1
2417	39.4
2418	61.5
2419	34.8
2420	98
2421	0.5
2422	32.1
2423	31.4
2424	46.2
2425	13
2426	1
2427	0.2
2428	96
2429	0.5
2430	0.3
2431	55
2432	0.1
2433	106.2
2434	12.1
2435	0.1
2436	0.1
2437	11.7
2438	44.2
2439	159.2
2440	44.3
2441	0.9
2442	31.4
2443	40.7
2444	81.7
2445	44.9
2446	13
2447	51.6
2448	320.9
2449	0.3
2450	0.6
2451	38.4
2452	38.4
2453	186.5
2454	0.5
2455	0.2
2456	189.7
2457	0.3
2458	40.5
2459	52.4
2460	11.2
2461	293.5
2462	93.4
2463	12.2
2464	298.8
2465	0.8
2466	0.4
2467	54.1
2468	58.6
2469	44.2
2470	337.3
2471	50.2
2472	46
2473	11.8
2474	124.1
2475	36.3
2476	0.5
2477	41
2478	39.2
2479	0.3
2480	50.3
2481	55.4
2482	11.2
2483	0.4
2484	99.2
2485	56.5
2486	35.4
2487	0.6
2488	54.8
2489	221.2
2490	67.4
2491	11.7
2492	142.4
2493	0.5
2494	38
2495	34.5
2496	11.4
2497	55.9
2498	59.7
2499	11.2
2500	107.6
2501	60.6
2502	66.2
2503	21.5
2504	62.9
2505	73.1
2506	34.3
2507	0.3
2508	115.7
2509	0.3
2510	108.3
2511	364
2512	75.8
2513	36.9
2514	66.8
2515	68.4
2516	0.1
2517	12.2
2518	28.4
2519	34.3
2520	111.5
2521	67.1
2522	332.1
2523	12.2
2524	0.3
2525	25.1
2526	71
2527	63.4
2528	53.8
2529	65.8
2530	57.4
2531	49.1
2532	52.4
2533	142.8
2534	28.4
2535	60.1
2536	184.5
2537	35.8
2538	310.6
2539	154.8
2540	206.5
2541	208.2
2542	66.5
2543	70.6
2544	27.3
2545	106.5
2546	72.1
2547	34.6
2548	158.5
2549	40
2550	0.4
2551	14.7
2552	167.8
2553	64.7
2554	121.2
2555	60.4
2556	58.9
2557	62
2558	30.8
2559	54
2560	356.1
2561	61.8
2562	176.5
2563	86.9
2564	111.9
2565	226.8
2566	12.3
2567	38
2568	400.2
2569	80
2570	27.8
2571	13.9
2572	0.1
2573	0.6
2574	39.4
2575	28.6
2576	36.7
2577	56.4
2578	57.2
2579	74.7
2580	0.1
2581	105.5
2582	262.7
2583	166.5
2584	0.5
2585	157.5
2586	190.7
2587	61.7
2588	37.3
2589	55.9
2590	52.3
2591	56.5
2592	57.5
2593	57.5
2594	26.9
2595	0.2
2596	232.8
2597	57.8
2598	191.6
2599	40.9
2600	60.1
2601	56.5
2602	105.8
2603	53.6
2604	213.3
2605	39.7
2606	3.5
2607	176.1
2608	49.7
2609	147.4
2610	1.4
2611	201.4
2612	54
2613	59
2614	137.6
2615	23.2
2616	167.9
2617	297.3
2618	39.8
2619	0.1
2620	225.7
2621	27.5
2622	56.7
2623	179.2
2624	52.8
2625	167.6
2626	24.5
2627	39.8
2628	21
2629	0.3
2630	53.9
2631	51.8
2632	110.8
2633	56.9
2634	57.6
2635	52.7
2636	135.6
2637	0.1
2638	39.7
2639	50.7
2640	49.9
2641	53.5
2642	120.6
2643	279.4
2644	5.9
2645	292.6
2646	53.3
2647	28.7
2648	140.7
2649	8.8
2650	203.2
2651	0.1
2652	9.9
2653	59.8
2654	7.1
2655	49.8
2656	129.1
2657	27.5
2658	63.2
2659	81.5
2660	390.7
2661	45.8
2662	232
2663	9.1
2664	57.9
2665	8.5
2666	63.3
2667	8.3
2668	75
2669	68.1
2670	199.6
2671	66.8
2672	122
2673	0.5
2674	26.6
2675	6.4
2676	4.7
2677	174.5
2678	78.7
2679	9
2680	84.3
2681	69.6
2682	63
2683	64.9
2684	77.6
2685	63.8
2686	67.1
2687	130.5
2688	49.4
2689	117
2690	79.9
2691	85
2692	3.8
2693	109.6
2694	63.5
2695	0.4
2696	81.4
2697	0.5
2698	144.8
2699	23.2
2700	116.2
2701	5.8
2702	74.7
2703	70.3
2704	4
2705	57.6
2706	71.4
2707	17.3
2708	70.2
2709	30.9
2710	76.9
2711	86.9
2712	0.2
2713	64.5
2714	86.7
2715	52.6
2716	86.2
2717	57.5
2718	58.9
2719	51.7
2720	51.5
2721	62.5
2722	94.9
2723	59.7
2724	28.7
2725	61.5
2726	63.2
2727	66
2728	65.2
2729	62.9
2730	80.3
2731	0.2
2732	76
2733	72.4
2734	60.1
2735	49.8
2736	9.7
2737	50.9
2738	61
2739	56.1
2740	56.3
2741	89.5
2742	73.7
2743	51.1
2744	48.6
2745	39.4
2746	10.5
2747	61.7
2748	0.3
2749	57.5
2750	61.1
2751	120.1
2752	62.7
2753	58.1
2754	84.5
2755	60.3
2756	46.2
2757	53.8
2758	148.4
2759	50.2
2760	55.5
2761	46.8
2762	73.1
2763	48
2764	81.5
2765	63.4
2766	80.1
2767	13.9
2768	107.6
2769	47.7
2770	49.1
2771	112
2772	56.2
2773	28.7
2774	185.7
2775	94
2776	61.9
2777	57.4
2778	103.1
2779	54.7
2780	26.7
2781	69.1
2782	40.9
2783	57.9
2784	55.6
2785	111
2786	46.8
2787	123.5
2788	47.8
2789	84.1
2790	75.4
2791	81.3
2792	101.4
2793	185.4
2794	77.1
2795	50.1
2796	49.6
2797	282.7
2798	81.1
2799	60.5
2800	82.4
2801	94.9
2802	137.7
2803	41.9
2804	26.2
2805	71.9
2806	57.5
2807	250.5
2808	70.4
2809	99.9
2810	12.7
2811	114.3
2812	54.1
2813	59.2
2814	66.3
2815	136.6
2816	44.6
2817	52.4
2818	137.2
2819	78.6
2820	146.7
2821	62.1
2822	69.1
2823	101.6
2824	36.1
2825	59.3
2826	59.4
2827	26
2828	67.2
2829	59.3
2830	87.3
2831	75.8
2832	73.9
2833	43.7
2834	177
2835	151.8
2836	95.6
2837	68.9
2838	185.9
2839	85
2840	165.2
2841	96.1
2842	85.2
2843	57.5
2844	28.7
2845	50.8
2846	9.7
2847	152.5
2848	67.1
2849	90.8
2850	73.2
2851	79.9
2852	65.6
2853	100.7
2854	208
2855	66.7
2856	122.5
2857	64.3
2858	114.2
2859	62.1
2860	52.6
2861	73.3
2862	63
2863	37.7
2864	66
2865	100.3
2866	67.3
2867	76.7
2868	43.1
2869	94.2
2870	60.2
2871	63.9
2872	80.2
2873	201.6
2874	9.4
2875	60.5
2876	9.4
2877	86.9
2878	64.5
2879	28.2
2880	70.1
2881	75.1
2882	131.6
2883	59.5
2884	87
2885	46.8
2886	89.8
2887	37.5
2888	9.3
2889	34.7
2890	34.1
2891	84.9
2892	86.1
2893	147.6
2894	99
2895	120.7
2896	9.4
2897	148.1
2898	60.9
2899	176.7
2900	79.6
2901	30.2
2902	89.6
2903	120.7
2904	26
2905	55.1
2906	86.5
2907	53.4
2908	85.2
2909	131
2910	53.6
2911	129.1
2912	76.5
2913	109
2914	100.4
2915	36.9
2916	126.9
2917	33.3
2918	163.9
2919	31.3
2920	35.2
2921	74.8
2922	47
2923	58.4
2924	92.8
2925	82.2
2926	52.8
2927	27.9
2928	127.7
2929	43.7
2930	119.8
2931	72
2932	148
2933	78.4
2934	27.3
2935	98.2
2936	29.7
2937	41.7
2938	31.6
2939	90.5
2940	29.1
2941	56.8
2942	29.1
2943	149
2944	29.5
2945	91.9
2946	99.7
2947	133.6
2948	91.7
2949	101.6
2950	42.8
2951	193.3
2952	91.1
2953	149.6
2954	93
2955	121.2
2956	145.4
2957	55.3
2958	81
2959	33.4
2960	84.9
2961	107.9
2962	82.5
2963	116.2
2964	112.4
2965	44.2
2966	196.6
2967	115.5
2968	92.7
2969	33.4
2970	30
2971	88.5
2972	121.9
2973	27.9
2974	96
2975	153.9
2976	140.4
2977	61.8
2978	84
2979	122
2980	82.9
2981	114.6
2982	81.3
2983	72.8
2984	117.7
2985	82.3
2986	93
2987	54.4
2988	72.7
2989	30.7
2990	45.4
2991	181.3
2992	71
2993	100.3
2994	75.9
2995	73.8
2996	237
2997	145.9
2998	43.8
2999	70.8
3000	44.4
3001	38.6
3002	87.6
3003	48.6
3004	32.3
3005	76.9
3006	81.5
3007	97.2
3008	86.8
3009	31.1
3010	29.6
3011	106.2
3012	109.7
3013	133
3014	41.3
3015	23.1
3016	61.9
3017	217.5
3018	42.8
3019	22
3020	48.8
3021	28.8
3022	33.4
3023	41.8
3024	80.7
3025	40.5
3026	133.3
3027	103.6
3028	50.6
3029	95.6
3030	34.3
3031	134.3
3032	72.6
3033	18.6
3034	112.1
3035	44.2
3036	34.3
3037	97.2
3038	21.7
3039	59
3040	142.4
3041	122.4
3042	131.8
3043	100.6
3044	55.4
3045	138.4
3046	16.1
3047	19.5
3048	80.6
3049	52.6
3050	195.8
3051	83.9
3052	66.7
3053	163.6
3054	44
3055	48.2
3056	86.2
3057	17.8
3058	112
3059	67.4
3060	21.1
3061	32.7
3062	25.4
3063	209.6
3064	159.9
3065	32.5
3066	117.5
3067	32.8
3068	126.9
3069	50.8
3070	74.7
3071	152.1
3072	53.6
3073	11.2
3074	141.8
3075	119.6
3076	79.8
3077	70.1
3078	52
3079	129.7
3080	94.7
3081	17.3
3082	36.8
3083	277.9
3084	36.2
3085	58.7
3086	51.7
3087	235.1
3088	126.3
3089	351.5
3090	63.5
3091	24.5
3092	13.9
3093	111.3
3094	12
3095	21.7
3096	84
3097	15.7
3098	321.9
3099	13.9
3100	94.1
3101	10.8
3102	51.9
3103	128.1
3104	115.1
3105	41
3106	108.7
3107	104.7
3108	21.5
3109	69
3110	15.2
3111	226.5
3112	10.7
3113	217.7
3114	51.6
3115	42.3
3116	50.5
3117	22.5
3118	125.6
3119	236.9
3120	10.2
3121	236.2
3122	12.2
3123	105.5
3124	17.7
3125	26.5
3126	11.2
3127	10.1
3128	18.3
3129	14
3130	21.1
3131	129.8
3132	104.2
3133	121.6
3134	129.6
3135	14.5
3136	119
3137	12
3138	15.4
3139	163.2
3140	65
3141	18.5
3142	84.4
3143	202.4
3144	28.8
3145	10.8
3146	16.2
3147	11.1
3148	20.3
3149	12.5
3150	11.4
3151	41.1
3152	94.4
3153	101.3
3154	69.5
3155	62.3
3156	50.3
3157	33.1
3158	11.2
3159	67.5
3160	10.8
3161	34.3
3162	83.9
3163	14.2
3164	13.8
3165	16.6
3166	105.4
3167	16.3
3168	258
3169	13.9
3170	105.2
3171	16.2
3172	202
3173	12.5
3174	47.3
3175	86.1
3176	16.2
3177	14.8
3178	16.1
3179	14.1
3180	12.3
3181	16
3182	111.1
3183	93.1
3184	94.7
3185	59.7
3186	49.3
3187	126.4
3188	54.9
3189	46
3190	12.5
3191	14.4
3192	82.6
3193	4.9
3194	113.9
3195	113.4
3196	4.5
3197	16.2
3198	16.1
3199	100.8
3200	13.1
3201	14.6
3202	127.5
3203	101.5
3204	16.6
3205	90.2
3206	13.4
3207	5.8
3208	13.6
3209	7.7
3210	158.6
3211	174.6
3212	100
3213	12.6
3214	12.5
3215	5
3216	13
3217	14.7
3218	155.3
3219	90.2
3220	16.5
3221	17.3
3222	193.6
3223	11.7
3224	106.8
3225	14.2
3226	92.7
3227	12.9
3228	4.5
3229	8.1
3230	18.8
3231	4.3
3232	13
3233	13
3234	78.5
3235	143.5
3236	213.9
3237	12.9
3238	139.2
3239	7
3240	26.8
3241	21.5
3242	4.9
3243	146.5
3244	6.3
3245	15.8
3246	13.2
3247	7.1
3248	14.5
3249	12.5
3250	22.4
3251	107.5
3252	281
3253	5.5
3254	134.1
3255	14.4
3256	13.2
3257	172.5
3258	6.2
3259	33.3
3260	12.9
3261	10.3
3262	158.1
3263	13.1
3264	12.8
3265	12.1
3266	5.5
3267	34.4
3268	129.6
3269	154.2
3270	4.9
3271	12.5
3272	104.9
3273	12.8
3274	227.5
3275	7.8
3276	11.8
3277	5.4
3278	79.3
3279	14.7
3280	14.5
3281	15.4
3282	11.8
3283	69.4
3284	6.5
3285	11.8
3286	221.9
3287	13.6
3288	18
3289	6
3290	12.2
3291	148.1
3292	11.8
3293	17.7
3294	21.5
3295	14.4
3296	11.5
3297	9.1
3298	25.4
3299	6.8
3300	53.6
3301	9
3302	13.8
3303	160.8
3304	30
3305	39.6
3306	7.5
3307	12.8
3308	119.2
3309	6.8
3310	11.4
3311	11.2
3312	24.1
3313	7.2
3314	11.5
3315	6
3316	65.3
3317	12.3
3318	32.3
3319	10.7
3320	6.9
3321	8.2
3322	10.9
3323	12
3324	7.1
3325	9.5
3326	7.6
3327	10.7
3328	12.6
3329	6.7
3330	27
3331	14.8
3332	15.1
3333	7.7
3334	10.9
3335	50
3336	7.8
3337	10.7
3338	10.8
3339	12.1
3340	12.5
3341	44.1
3342	7.6
3343	12.8
3344	7.4
3345	10.7
3346	12.3
3347	7.2
3348	10.9
3349	6.8
3350	40.1
3351	12.2
3352	28.6
3353	10.7
3354	8.4
3355	12.2
3356	12.6
3357	7.9
3358	12.1
3359	11.5
3360	26.3
3361	7.2
3362	6.5
3363	20.1
3364	9.7
3365	13.3
3366	11.8
3367	11.4
3368	11.8
3369	12.1
3370	10.1
3371	12
3372	12.2
3373	10.3
3374	10.6
3375	6
3376	9.4
3377	5.4
3378	5.3
3379	6.3
3380	10.1
3381	11.4
3382	5
3383	10.2
3384	10.1
3385	11.6
3386	11.3
3387	5.7
3388	4.8
3389	9.9
3390	9.9
3391	10
3392	10.5
3393	5.6
3394	10.9
3395	10.9
3396	11.2
3397	11.3
3398	9.4
3399	8.9
3400	102.9
3401	122.6
3402	100.8
3403	114.9
3404	76.1
3405	90.1
3406	96.5
3407	168.8
3408	103.3
3409	152.1
3410	0
3411	0
3412	136.5
3413	135.2
3414	137.8
3415	102.8
3416	3.9
3417	238.9
3418	145.8
3419	0
3420	1.7
3421	0
3422	146.6
3423	114
3424	71.9
3425	187.7
3426	183.2
3427	3.6
3428	33.3
3429	154.9
3430	32
3431	163.4
3432	195.9
3433	119
3434	64.3
3435	0.1
3436	174.6
3437	90.4
3438	0
3439	0.1
3440	119.1
3441	156.4
3442	0.6
3443	80.5
3444	84
3445	0
3446	0.1
3447	0.1
3448	0.4
3449	97.5
3450	0
3451	118.2
3452	80.5
3453	109.7
3454	93.3
3455	93.1
3456	1.5
3457	171.2
3458	88.4
3459	2.4
3460	155.5
3461	3.1
3462	135.5
3463	178.1
3464	1.3
3465	3.2
3466	67.7
3467	94.7
3468	66
3469	67.2
3470	84
3471	147
3472	46
3473	160.1
3474	108.1
3475	0
3476	0
3477	61
3478	57.6
3479	0
3480	50.2
3481	90.7
3482	33.4
3483	22.9
3484	47.5
3485	17.4
3486	0
3487	151.6
3488	38.2
3489	87.8
3490	69
3491	0
3492	94.9
3493	15.2
3494	70.4
3495	145.3
3496	16
3497	23.4
3498	21.2
3499	151.2
3500	37.3
3501	22.8
3502	17.9
3503	0
3504	0
3505	87.6
3506	161.1
3507	0
3508	60.4
3509	16.2
3510	0
3511	65.5
3512	44.2
3513	43.3
3514	37.8
3515	66.9
3516	45.6
3517	29.9
3518	37.1
3519	46
3520	0.2
3521	0.2
3522	239.4
3523	41.3
3524	49.9
3525	46.9
3526	13.3
3527	38.8
3528	120.4
3529	74.9
3530	70.8
3531	200.5
3532	35.7
3533	0.1
3534	0.2
3535	73.2
3536	53.2
3537	13.2
3538	0.4
3539	69.2
3540	178.6
3541	82.8
3542	92
3543	98
3544	136.2
3545	391
3546	72.9
3547	49.8
3548	98.3
3549	74.8
3550	63.8
3551	70.7
3552	62.8
3553	102.4
3554	84.3
3555	110.1
3556	88.1
3557	29
3558	125.2
3559	28.4
3560	136.9
3561	48.5
3562	17.9
3563	96.3
3564	25.5
3565	33.6
3566	18.8
3567	97.2
3568	93.9
3569	186.8
3570	100
3571	94.2
3572	17.5
3573	111.3
3574	97.8
3575	25.2
3576	105
3577	163.3
3578	31.7
3579	17.3
3580	14.4
3581	12.4
3582	72.9
3583	11.9
3584	115.5
3585	15.2
3586	280.6
3587	14.6
3588	7
3589	12.6
3590	6.6
3591	49.4
3592	7.6
3593	6.9
3594	11.6
