"COMID"	"Value"
1	11.4
2	6.6
3	26.6
4	6.4
5	8.2
6	0
7	3.4
8	7.2
9	5.6
10	0
11	8.5
12	5.6
13	0
14	27.1
15	8.3
16	10.1
17	18.3
18	1.3
19	13.5
20	16
21	18.1
22	22.6
23	0
24	5.6
25	14.2
26	1.8
27	9.8
28	11.7
29	8.7
30	0
31	12.2
32	8.3
33	36.2
34	5.6
35	4.3
36	5.6
37	20.4
38	0
39	5.6
40	40.2
41	28.2
42	14.7
43	34.7
44	10.6
45	7.1
46	0
47	2.3
48	35
49	10.9
50	7.5
51	5.6
52	0.5
53	5.7
54	31.3
55	31.5
56	20.7
57	34.6
58	5.6
59	9.3
60	5.6
61	5.6
62	5.6
63	9.2
64	8
65	5.6
66	1.5
67	26.7
68	3.9
69	2.3
70	1
71	0
72	18.5
73	5.6
74	2.2
75	1
76	1
77	0.1
78	1.5
79	25.4
80	1
81	1.2
82	0
83	11.4
84	0
85	14
86	4.4
87	5.6
88	5.6
89	1
90	7
91	7.8
92	29.2
93	17.1
94	5.6
95	3.7
96	7.5
97	22.5
98	0
99	1.1
100	24
101	5.2
102	10.7
103	5.6
104	0.1
105	7.5
106	22.1
107	1.5
108	0
109	7.5
110	7.5
111	0
112	20
113	1
114	20.5
115	5.6
116	6.2
117	9.9
118	13.7
119	0
120	3.8
121	0.5
122	11.9
123	0
124	13.1
125	8.7
126	21.2
127	1.2
128	10.4
129	5.6
130	1
131	2.3
132	1
133	10.2
134	7.3
135	11.8
136	4.7
137	11.7
138	1
139	1
140	7.8
141	5.9
142	1
143	0
144	3.7
145	1
146	12
147	10.6
148	13.1
149	11.9
150	12.4
151	0.1
152	10.5
153	1
154	9.3
155	0
156	1
157	14.8
158	1
159	2.8
160	12.7
161	1
162	1
163	0.5
164	1
165	0
166	1
167	8.8
168	0
169	10.3
170	9.7
171	1.7
172	1
173	1
174	7.5
175	0.5
176	27.8
177	1.8
178	7
179	9.5
180	1
181	0
182	4.3
183	0
184	1
185	1
186	5
187	5.2
188	1
189	1
190	7.7
191	1
192	8.3
193	1
194	22.1
195	0
196	1
197	1.5
198	1
199	9
200	1
201	1
202	1
203	1
204	1
205	1
206	1.4
207	1.1
208	20.3
209	8.8
210	1.8
211	11.4
212	12.5
213	8.1
214	1
215	7.9
216	4.5
217	1.5
218	1.5
219	2.5
220	1
221	0
222	8.8
223	18.2
224	0
225	2
226	6.5
227	0
228	10.3
229	1
230	0
231	1.6
232	3.1
233	13.6
234	0.4
235	0
236	7.7
237	0.5
238	1.3
239	7.1
240	3.9
241	6.2
242	0
243	0
244	12
245	11.2
246	16
247	0
248	0
249	0
250	13.2
251	6.4
252	24.5
253	3.6
254	0
255	0
256	0
257	0
258	0.1
259	0
260	0
261	11.8
262	6.5
263	0
264	0
265	0
266	8.7
267	12.8
268	17.5
269	13.6
270	0
271	2.3
272	6
273	14.3
274	0
275	5.6
276	0
277	1
278	5.9
279	0
280	4.3
281	5.2
282	11.9
283	1
284	1
285	0
286	4.4
287	27.7
288	1
289	1
290	1
291	11.4
292	1
293	0
294	17.7
295	1
296	7.6
297	11.7
298	0
299	0
300	12.2
301	1
302	12.3
303	6.9
304	1
305	11.4
306	1
307	12.1
308	0.5
309	1
310	6.1
311	11.3
312	9.2
313	7.2
314	1
315	1
316	1
317	0
318	1.4
319	0
320	10.1
321	1
322	5.1
323	9.2
324	1
325	0
326	14
327	1
328	1
329	1
330	0
331	1
332	1
333	1
334	1
335	0
336	1
337	0
338	1
339	1
340	1
341	1
342	0
343	1
344	0
345	1
346	0
347	1
348	1
349	1
350	1
351	1
352	1
353	0.6
354	1
355	0
356	1
357	0
358	1
359	0
360	1
361	1
362	1
363	1
364	0
365	0.4
366	5.7
367	0
368	17.6
369	0
370	0.7
371	0
372	5.6
373	5.9
374	0
375	16.1
376	10.2
377	0.6
378	5.8
379	0
380	0.6
381	0
382	0
383	1
384	0
385	0
386	0
387	37.8
388	0.6
389	1.9
390	36.2
391	5.6
392	3.7
393	0
394	5.6
395	0
396	0
397	0
398	5.6
399	0
400	5.6
401	0.9
402	0
403	0
404	0
405	0
406	21.7
407	0
408	0
409	0
410	23.3
411	0.7
412	0
413	24.3
414	0
415	0
416	0
417	0
418	0
419	7.6
420	0
421	0
422	0
423	3.2
424	18.6
425	6.8
426	0
427	24.7
428	17.8
429	0.6
430	30.5
431	0
432	5.6
433	6.4
434	5.8
435	5.6
436	5.7
437	0
438	11.5
439	0
440	0.6
441	21.8
442	4.8
443	14
444	5.7
445	26
446	5.6
447	30.4
448	22
449	5.6
450	6.6
451	0
452	13.4
453	0
454	5.6
455	9.4
456	5.6
457	2.1
458	13.1
459	9.7
460	5.6
461	20.7
462	10.5
463	7.5
464	1
465	20.6
466	0
467	21
468	1
469	6.3
470	1
471	1
472	0.6
473	4.1
474	1
475	0
476	0
477	13.9
478	1
479	10
480	2.2
481	0
482	0
483	4
484	5.6
485	5.1
486	0
487	11.7
488	0.6
489	0
490	0.6
491	19.9
492	1.5
493	0
494	28
495	0
496	0
497	6
498	11.8
499	0
500	4.6
501	20.7
502	28.8
503	5.6
504	5.6
505	2.9
506	4.6
507	5.1
508	3
509	4.2
510	20.9
511	18.1
512	20.3
513	0
514	2.9
515	0
516	5.6
517	5.3
518	5.6
519	5.9
520	0
521	14.7
522	5.6
523	0
524	1.8
525	11.7
526	5.8
527	12.9
528	5.6
529	0
530	35.6
531	18.5
532	6.4
533	12.3
534	2.7
535	40.1
536	1.9
537	0
538	0
539	0.6
540	5.6
541	18.1
542	17.4
543	5.6
544	0
545	0
546	21.9
547	13.3
548	0
549	0.1
550	0.6
551	16.2
552	17.7
553	0.6
554	0
555	5.6
556	18.3
557	5.9
558	0
559	14.8
560	17.1
561	0.7
562	18.1
563	0
564	14.1
565	19
566	16.4
567	5.6
568	17.8
569	7.6
570	0
571	0.8
572	15.1
573	5.8
574	17.6
575	5.6
576	0
577	0
578	17.5
579	19.5
580	15.5
581	0
582	7.3
583	5.6
584	5.6
585	0
586	11.2
587	16.7
588	2.2
589	31.7
590	0
591	7.1
592	21.2
593	15.5
594	7.3
595	4.5
596	5.6
597	0
598	5.6
599	18.9
600	6.1
601	5.6
602	0
603	0.2
604	3.2
605	0
606	4.2
607	5.6
608	5.7
609	0
610	5.6
611	0.7
612	0
613	0
614	13.7
615	0
616	0
617	33.9
618	0.1
619	10
620	6.1
621	3
622	23.8
623	32.4
624	18.2
625	5.6
626	5.6
627	16.7
628	5.6
629	9.4
630	39
631	5.6
632	0.2
633	15.1
634	0
635	12.1
636	8.6
637	9.2
638	5.6
639	0.2
640	0
641	27.2
642	0
643	18.7
644	0
645	0.2
646	20.5
647	5.6
648	0.8
649	16.4
650	5.6
651	60.6
652	5.6
653	0
654	5.6
655	0
656	5.6
657	24.1
658	1.2
659	21
660	0
661	0.7
662	18.4
663	16.4
664	5.6
665	5.6
666	5.6
667	1.4
668	38.3
669	1.3
670	5.6
671	5.6
672	5.6
673	24.1
674	0
675	26.2
676	13.1
677	40.1
678	6.4
679	5.6
680	0
681	25.1
682	11.9
683	39.2
684	16.2
685	5.6
686	42
687	0
688	21.2
689	5.6
690	29.7
691	0.7
692	38.1
693	6.1
694	0
695	0.6
696	27.2
697	5.6
698	15
699	19.5
700	24.6
701	0.1
702	25.5
703	21.3
704	14.4
705	11.8
706	6.3
707	36.9
708	20.6
709	10.9
710	16.2
711	0
712	0.4
713	12.6
714	5.7
715	12.7
716	0
717	0.5
718	25.9
719	11.7
720	17.2
721	5.6
722	10.6
723	21.6
724	27.1
725	5.6
726	0
727	0
728	12.2
729	0
730	15.6
731	7
732	0
733	11.3
734	16.4
735	0.7
736	6.4
737	20.3
738	12.2
739	25.5
740	28.5
741	11.1
742	2
743	18.5
744	0
745	0
746	14.3
747	15.9
748	0
749	18.5
750	5.6
751	9.2
752	9.9
753	18.4
754	24.1
755	21.2
756	12.1
757	3.1
758	9.8
759	5.6
760	9.6
761	5.6
762	10.5
763	11.8
764	30.7
765	16
766	0
767	11.2
768	12.1
769	30.8
770	9.6
771	6.1
772	11.5
773	7.5
774	7.1
775	0.5
776	6
777	8.2
778	11.8
779	0
780	33.6
781	12.6
782	268.9
783	247.6
784	283.5
785	283.2
786	239.2
787	272.1
788	159.7
789	214
790	235.6
791	250
792	213.1
793	180.4
794	311.1
795	367.1
796	179.4
797	372.2
798	222.6
799	197
800	263.6
801	155.6
802	175
803	241.4
804	147.2
805	216.9
806	224.7
807	114.7
808	192.2
809	363
810	383.1
811	211.4
812	277.5
813	244.4
814	254.1
815	314.9
816	147.2
817	173
818	255.9
819	439.7
820	244
821	151.3
822	287.1
823	184.6
824	327.6
825	122.6
826	358.1
827	358.6
828	305.8
829	123.6
830	293.4
831	131.5
832	356.1
833	164.8
834	217.9
835	239
836	245.6
837	61.1
838	178.9
839	166.2
840	212.4
841	175.4
842	160
843	16.6
844	220.4
845	142.7
846	214.8
847	190.5
848	166.3
849	176.2
850	253.1
851	247
852	126.4
853	116.2
854	146
855	113.1
856	142.2
857	144.8
858	250.9
859	95.3
860	114.2
861	210.1
862	7.5
863	90.9
864	119.1
865	142.7
866	115.1
867	102.4
868	278
869	158.4
870	43
871	108.1
872	111.7
873	8.8
874	134.6
875	248.8
876	168.5
877	111.3
878	117.5
879	235.9
880	140
881	183.2
882	175
883	91.4
884	135.1
885	114.9
886	6.6
887	107.9
888	122.5
889	132.4
890	177.4
891	175
892	128.2
893	152.7
894	6.8
895	198
896	254.7
897	157.1
898	128
899	157.3
900	173.8
901	126.5
902	275.2
903	229.3
904	149
905	122.1
906	257.2
907	142.5
908	131.7
909	135.6
910	0
911	158.9
912	140.7
913	146.8
914	148.5
915	0
916	119
917	179
918	116.9
919	131.5
920	159
921	103.4
922	179.9
923	17.4
924	125.7
925	198.2
926	199.4
927	194.7
928	15.6
929	128.9
930	192.8
931	198.6
932	31.7
933	157.7
934	0
935	157.6
936	149.8
937	273.3
938	246.1
939	188.5
940	129.1
941	238.1
942	156.1
943	0
944	277.2
945	164.7
946	145.8
947	0
948	131
949	250.1
950	319.3
951	254.4
952	123.8
953	27.5
954	34.4
955	225.2
956	137.6
957	124.4
958	20.6
959	114.3
960	182.9
961	233.9
962	128.3
963	126.3
964	0
965	211.2
966	209.6
967	0
968	123.2
969	139
970	45.8
971	305.4
972	145.3
973	179.7
974	116.8
975	283.8
976	219.6
977	358.3
978	27
979	183.4
980	193.8
981	172.2
982	207.8
983	288.5
984	217.1
985	341.7
986	365.1
987	25
988	400.3
989	195.2
990	0
991	220.9
992	0.1
993	353
994	172.5
995	269.3
996	275.5
997	353.8
998	17.6
999	164.8
1000	0
1001	26.2
1002	212.8
1003	0
1004	232.4
1005	17.2
1006	168.8
1007	0
1008	15.1
1009	0
1010	174
1011	138.7
1012	160
1013	14
1014	341.2
1015	12.5
1016	0
1017	323
1018	13.9
1019	15.5
1020	219.8
1021	157.4
1022	222
1023	154
1024	328
1025	192.7
1026	255.5
1027	151
1028	164
1029	11.3
1030	0.5
1031	0
1032	0
1033	0.5
1034	175.1
1035	0.2
1036	116.7
1037	173.5
1038	166.3
1039	10.5
1040	10.7
1041	207.7
1042	11.5
1043	0
1044	5.8
1045	9.6
1046	12.7
1047	260.5
1048	154.1
1049	167.1
1050	0
1051	151.5
1052	122.1
1053	10.7
1054	151.4
1055	149.7
1056	230.8
1057	0.3
1058	209.6
1059	0.4
1060	187.5
1061	0
1062	229.5
1063	231.3
1064	0.2
1065	7.1
1066	169.9
1067	0.3
1068	0.4
1069	0.2
1070	171.6
1071	144.9
1072	0.2
1073	0.2
1074	165.3
1075	0
1076	137.1
1077	0.3
1078	221.4
1079	165
1080	14
1081	0.3
1082	182.2
1083	0.1
1084	214.5
1085	129
1086	184.6
1087	0
1088	0.1
1089	11.4
1090	110.3
1091	223.8
1092	0.2
1093	8.2
1094	0.2
1095	12.1
1096	19.8
1097	235.3
1098	21.5
1099	0
1100	0
1101	0.2
1102	152.1
1103	0.1
1104	8.2
1105	17.7
1106	8.9
1107	0.1
1108	12
1109	115.3
1110	0.2
1111	0.2
1112	197.4
1113	237.3
1114	151.4
1115	6.9
1116	5.9
1117	218.7
1118	7.5
1119	9.5
1120	8.4
1121	14.6
1122	18.2
1123	17.9
1124	103
1125	5.5
1126	179.3
1127	4.6
1128	163.8
1129	148
1130	12.3
1131	0.1
1132	184.2
1133	176.8
1134	10.3
1135	0
1136	0.1
1137	8.7
1138	11.5
1139	9.2
1140	113.6
1141	7.8
1142	0.2
1143	182.3
1144	14.5
1145	15
1146	8.8
1147	10.4
1148	249.8
1149	6.4
1150	5.8
1151	11.1
1152	145.3
1153	169.2
1154	0
1155	0.1
1156	184.8
1157	3.7
1158	0.1
1159	102.7
1160	9.3
1161	0.2
1162	16.2
1163	12
1164	155.5
1165	0
1166	156.6
1167	186.6
1168	185.2
1169	175.5
1170	182.6
1171	17.3
1172	109
1173	10.8
1174	171.1
1175	9.1
1176	62
1177	0
1178	5.3
1179	147.3
1180	7.6
1181	12.9
1182	12.1
1183	0.2
1184	0
1185	188.5
1186	142.3
1187	4.2
1188	12.1
1189	11.4
1190	5.3
1191	160
1192	9.9
1193	124.1
1194	11.3
1195	197
1196	5
1197	0
1198	0.1
1199	109.3
1200	26.6
1201	12
1202	8.5
1203	0
1204	7
1205	12.3
1206	0.2
1207	6.5
1208	0.1
1209	14.5
1210	130.1
1211	136.5
1212	0.1
1213	96.5
1214	160.5
1215	9.9
1216	226
1217	78.1
1218	0.1
1219	0.1
1220	90.5
1221	10.9
1222	12.5
1223	16.9
1224	8.5
1225	194.9
1226	133.4
1227	81.9
1228	10.9
1229	12.4
1230	218.4
1231	0.2
1232	80.5
1233	10
1234	9.7
1235	10.1
1236	0.1
1237	153.9
1238	128.8
1239	0
1240	7.5
1241	185.4
1242	82.8
1243	7.2
1244	5.3
1245	180.4
1246	156.5
1247	80.2
1248	30.2
1249	148.5
1250	89.6
1251	12.8
1252	0.1
1253	10.5
1254	8.6
1255	0.1
1256	82.4
1257	20.9
1258	25.3
1259	0.1
1260	99.1
1261	104.8
1262	0.1
1263	14.8
1264	16.1
1265	121.3
1266	185.1
1267	0.1
1268	98.3
1269	29.8
1270	152.9
1271	15.1
1272	7.7
1273	24.9
1274	181.2
1275	6
1276	75.6
1277	76.8
1278	147
1279	26.7
1280	0
1281	24.8
1282	0.2
1283	280.1
1284	33.1
1285	23
1286	265
1287	13
1288	17.3
1289	89.4
1290	17.2
1291	128.5
1292	14.4
1293	25.8
1294	11.8
1295	159
1296	0.2
1297	32.6
1298	186.5
1299	7.1
1300	25
1301	0
1302	16.9
1303	13.4
1304	39.4
1305	279.9
1306	0.1
1307	151.2
1308	18.1
1309	0.2
1310	203
1311	197.3
1312	146.1
1313	19.2
1314	176.2
1315	0.1
1316	116
1317	94
1318	16.1
1319	117.1
1320	148.6
1321	1.6
1322	0.2
1323	0.2
1324	17.8
1325	100.1
1326	1
1327	1.5
1328	186.8
1329	36
1330	143.4
1331	86.5
1332	25.7
1333	84.5
1334	153.3
1335	2.5
1336	124
1337	1.2
1338	1
1339	21.3
1340	20.2
1341	166.2
1342	178.6
1343	0.2
1344	0.1
1345	22.1
1346	0.4
1347	184.6
1348	122.2
1349	16.9
1350	0.1
1351	137.7
1352	31.9
1353	183.4
1354	1.2
1355	161.4
1356	27.9
1357	102.5
1358	165.8
1359	20.1
1360	2.5
1361	19.4
1362	118.2
1363	0.3
1364	0.7
1365	138.4
1366	1.2
1367	0.2
1368	116.2
1369	1.2
1370	2.8
1371	1.6
1372	17.6
1373	121.9
1374	0.7
1375	217.8
1376	33.6
1377	14.6
1378	19.7
1379	16.7
1380	131.3
1381	0.2
1382	144.4
1383	3.5
1384	17.3
1385	29.7
1386	133.4
1387	1.2
1388	1.3
1389	1.3
1390	144.1
1391	284.4
1392	167.1
1393	0.3
1394	0.4
1395	177.1
1396	0.2
1397	325.5
1398	0.3
1399	0.3
1400	83.8
1401	1.7
1402	2.1
1403	189.9
1404	15.5
1405	0.7
1406	1.1
1407	0.3
1408	1.1
1409	170
1410	0.8
1411	136.6
1412	0.6
1413	214.1
1414	18.7
1415	223.8
1416	160.5
1417	0.9
1418	221.7
1419	2.4
1420	12.3
1421	1.3
1422	0.9
1423	53
1424	181.4
1425	1
1426	124.6
1427	18.6
1428	0.9
1429	1.4
1430	151.5
1431	235.4
1432	2
1433	141.3
1434	1.1
1435	156.1
1436	0.3
1437	0.4
1438	1
1439	21.1
1440	161.2
1441	159
1442	0.9
1443	80.3
1444	0.9
1445	1.5
1446	217.3
1447	0.5
1448	216
1449	0.4
1450	2.4
1451	1.1
1452	0.3
1453	222.9
1454	46.6
1455	0.6
1456	1
1457	249.3
1458	167.7
1459	16.8
1460	0.8
1461	125.3
1462	0.6
1463	1
1464	1.7
1465	1.1
1466	275.3
1467	0.8
1468	0.6
1469	161.1
1470	180.9
1471	0.4
1472	0.7
1473	297.8
1474	0.9
1475	227.6
1476	0.4
1477	1.7
1478	178.5
1479	223.1
1480	0.6
1481	168.3
1482	152.2
1483	0.6
1484	1.5
1485	44.9
1486	0.8
1487	1.2
1488	255.5
1489	188.5
1490	1.2
1491	74.9
1492	129.7
1493	224
1494	184.6
1495	0.6
1496	171.9
1497	130
1498	0.7
1499	162.5
1500	4.6
1501	146.1
1502	218.5
1503	1.2
1504	0.6
1505	116.2
1506	116.7
1507	0.6
1508	1.6
1509	43.5
1510	0.6
1511	2.3
1512	0.4
1513	190.9
1514	1.2
1515	1
1516	1.1
1517	158.7
1518	1
1519	195.1
1520	0.7
1521	0.7
1522	0.6
1523	0.6
1524	0.5
1525	0.7
1526	0.4
1527	130.7
1528	0.5
1529	178.5
1530	157.9
1531	0.8
1532	1.9
1533	1.6
1534	232.8
1535	29.3
1536	252.8
1537	0.5
1538	36.9
1539	0.8
1540	0.6
1541	0.6
1542	0.4
1543	161.8
1544	1.2
1545	0.2
1546	32.6
1547	98.4
1548	0.2
1549	0.4
1550	0.5
1551	0.4
1552	157.5
1553	171.9
1554	59.3
1555	201.7
1556	195.2
1557	0.8
1558	0.4
1559	163.1
1560	6.2
1561	1
1562	0.9
1563	4.3
1564	0.2
1565	73.4
1566	1.8
1567	0.7
1568	0.5
1569	179.4
1570	158.6
1571	0.3
1572	0.8
1573	177.4
1574	1.1
1575	130.4
1576	168.5
1577	168.7
1578	0.9
1579	0.7
1580	199.2
1581	167.4
1582	161.9
1583	115.2
1584	31.6
1585	229.9
1586	163.1
1587	0.5
1588	192.9
1589	1.1
1590	12.3
1591	0.6
1592	225.5
1593	2.7
1594	139.1
1595	181.8
1596	159.5
1597	0.6
1598	202.9
1599	248
1600	250.8
1601	50.3
1602	207.8
1603	220.5
1604	175.9
1605	13.3
1606	0.6
1607	0.5
1608	213.5
1609	0.5
1610	200.9
1611	5.8
1612	192.9
1613	214.4
1614	158.4
1615	132.9
1616	158.5
1617	0.3
1618	141.8
1619	12.6
1620	150.7
1621	222.8
1622	387.5
1623	0.8
1624	213.5
1625	140.2
1626	213.3
1627	0.6
1628	107.3
1629	0.6
1630	346.5
1631	69.5
1632	252.4
1633	0.3
1634	227.8
1635	225.7
1636	170.1
1637	255.6
1638	97.3
1639	9.5
1640	0.4
1641	129.9
1642	191.6
1643	132.2
1644	0.6
1645	155.6
1646	172.9
1647	1
1648	8
1649	0.7
1650	6.2
1651	169.5
1652	129.2
1653	5.7
1654	176.1
1655	276.6
1656	326.7
1657	151.7
1658	218.8
1659	143.5
1660	114.8
1661	20.8
1662	0.6
1663	142.5
1664	8.3
1665	4.9
1666	263
1667	262.5
1668	137.7
1669	134.1
1670	32.8
1671	336
1672	205.3
1673	180.3
1674	170.6
1675	116.9
1676	7.6
1677	30.8
1678	7.2
1679	227
1680	366.6
1681	130.7
1682	5.1
1683	140.7
1684	126.9
1685	145
1686	63.7
1687	237.2
1688	122.1
1689	9.8
1690	186.2
1691	11.3
1692	217.3
1693	30.8
1694	133.3
1695	185.3
1696	0.4
1697	325.7
1698	6.8
1699	8.3
1700	81.1
1701	237
1702	375
1703	171.1
1704	0.3
1705	9.3
1706	155.5
1707	5.3
1708	5.3
1709	139
1710	7.8
1711	7.8
1712	205.6
1713	282.3
1714	235.7
1715	192.7
1716	120.4
1717	164.4
1718	9.9
1719	59.8
1720	214.3
1721	254.7
1722	125.9
1723	138.4
1724	121.1
1725	261.9
1726	197.6
1727	360.5
1728	227.9
1729	33.6
1730	291.8
1731	7.9
1732	134.7
1733	168.7
1734	17.2
1735	287.3
1736	6.3
1737	148
1738	120.7
1739	156.3
1740	0.4
1741	44.4
1742	7.3
1743	109.5
1744	187.8
1745	212.2
1746	216.7
1747	208.7
1748	189.4
1749	78.3
1750	57.1
1751	215.3
1752	212.9
1753	277.9
1754	282.3
1755	208.3
1756	158
1757	295.8
1758	223.8
1759	155.7
1760	186.9
1761	221.9
1762	106.5
1763	250.7
1764	233.6
1765	8.6
1766	369.9
1767	232.5
1768	0.4
1769	207.2
1770	274.3
1771	118.5
1772	0.5
1773	350.1
1774	134.5
1775	0
1776	134.2
1777	280
1778	13.3
1779	11.7
1780	4.8
1781	233.7
1782	238.4
1783	155.7
1784	138.1
1785	231.5
1786	221
1787	301.1
1788	335.6
1789	98.5
1790	4.1
1791	86.2
1792	141.8
1793	201
1794	61
1795	223.1
1796	210.3
1797	349.2
1798	120.1
1799	0.2
1800	138.9
1801	225.6
1802	203.2
1803	0.4
1804	117.2
1805	10.9
1806	275.2
1807	228.8
1808	99.9
1809	239.4
1810	392.1
1811	154.1
1812	0.3
1813	286
1814	132.8
1815	117.7
1816	238.1
1817	215.1
1818	118.8
1819	257.3
1820	244.2
1821	217
1822	222
1823	173.5
1824	0.2
1825	256.7
1826	209
1827	136.8
1828	145.9
1829	274
1830	0.4
1831	190.3
1832	0.2
1833	214.8
1834	0.2
1835	224.2
1836	220.8
1837	0
1838	0.2
1839	263.8
1840	148.8
1841	170.1
1842	162
1843	278.8
1844	140.9
1845	181.2
1846	0
1847	169.2
1848	279.5
1849	291.6
1850	297.1
1851	144.8
1852	154.3
1853	244.4
1854	268.6
1855	205.7
1856	152.1
1857	0.2
1858	148.9
1859	127.6
1860	126.1
1861	0.2
1862	160.2
1863	0.1
1864	104.9
1865	174.1
1866	275.7
1867	0.1
1868	243.7
1869	165.5
1870	39.8
1871	236
1872	157.6
1873	219.7
1874	324.3
1875	0.1
1876	153.4
1877	0.2
1878	0.1
1879	346.9
1880	240.6
1881	148.2
1882	0.2
1883	389.3
1884	216.2
1885	168.7
1886	143.8
1887	0.2
1888	138.5
1889	0.4
1890	187.1
1891	38.5
1892	132.3
1893	106.5
1894	142.4
1895	114.9
1896	112
1897	166.1
1898	314.8
1899	145.6
1900	0.3
1901	212.3
1902	191.1
1903	130.2
1904	152.1
1905	143.6
1906	0.2
1907	0
1908	85.3
1909	31.7
1910	29.8
1911	145.1
1912	118.1
1913	0.1
1914	124
1915	0.2
1916	192
1917	205.8
1918	92.7
1919	0.2
1920	0.1
1921	139
1922	0.5
1923	0.1
1924	0.1
1925	134.4
1926	236.1
1927	256.9
1928	100.6
1929	0
1930	0.3
1931	0
1932	97.1
1933	308.1
1934	109.2
1935	0.3
1936	138.7
1937	0.3
1938	178.4
1939	185.1
1940	0.2
1941	154.7
1942	81.8
1943	0.4
1944	130.7
1945	0
1946	0.5
1947	0.4
1948	0
1949	201.3
1950	124.3
1951	0.2
1952	53.8
1953	53.5
1954	0.5
1955	44.5
1956	180.2
1957	218.9
1958	0.1
1959	93.2
1960	136.7
1961	98.6
1962	180.6
1963	0.2
1964	0.4
1965	0.2
1966	74.8
1967	31.2
1968	66.6
1969	0.1
1970	174.9
1971	0.2
1972	0.4
1973	0.2
1974	180.4
1975	54.2
1976	35.1
1977	46
1978	150.9
1979	166.1
1980	0.5
1981	158.6
1982	124.7
1983	0.1
1984	0.2
1985	68.1
1986	51.1
1987	164.2
1988	60.8
1989	210.3
1990	106.4
1991	0.4
1992	0.1
1993	93.7
1994	217.5
1995	126.9
1996	0.1
1997	32.7
1998	207.6
1999	0.1
2000	94.3
2001	197.7
2002	50.5
2003	57.8
2004	0.1
2005	0.2
2006	95.4
2007	0.1
2008	30.9
2009	0.1
2010	27.8
2011	180.2
2012	0.2
2013	45.5
2014	118.4
2015	47.9
2016	0.4
2017	0.2
2018	109
2019	0.2
2020	0.4
2021	75.9
2022	73.5
2023	54.7
2024	105.7
2025	236.1
2026	0.2
2027	46
2028	144.6
2029	190.2
2030	0.1
2031	54.9
2032	10.7
2033	0.1
2034	0.1
2035	40.9
2036	93.5
2037	203.7
2038	107.7
2039	0.2
2040	0.2
2041	241.5
2042	50.7
2043	170.9
2044	129.6
2045	0.1
2046	0.2
2047	53.5
2048	0.2
2049	0.2
2050	172.8
2051	22.4
2052	0.1
2053	29.8
2054	47.6
2055	65.8
2056	172.4
2057	97.9
2058	191.4
2059	0.2
2060	52.1
2061	8.4
2062	214.4
2063	0.3
2064	25.4
2065	0.3
2066	0.1
2067	63
2068	0.1
2069	177.5
2070	20.3
2071	45.9
2072	0.1
2073	68.5
2074	148.4
2075	0.1
2076	76.9
2077	0.2
2078	142.8
2079	0.1
2080	0.3
2081	165.8
2082	0.1
2083	17.7
2084	115.8
2085	0.2
2086	55.6
2087	0.2
2088	257.7
2089	95.1
2090	206.9
2091	51.9
2092	110.5
2093	117.9
2094	0.2
2095	18.4
2096	0.1
2097	33.8
2098	81.4
2099	69.5
2100	145.7
2101	0
2102	103.5
2103	0.1
2104	0
2105	0.1
2106	0.2
2107	0.3
2108	93
2109	0
2110	0.1
2111	0.1
2112	143.5
2113	85.5
2114	0.2
2115	93.7
2116	100.5
2117	74.9
2118	51.3
2119	28.5
2120	133
2121	24.4
2122	150.5
2123	0.4
2124	103.4
2125	57
2126	0.1
2127	19.1
2128	0.1
2129	0.1
2130	0.4
2131	89.1
2132	100.7
2133	0.1
2134	0.1
2135	24.5
2136	200.3
2137	26.8
2138	38.5
2139	85
2140	0.1
2141	121.6
2142	60.4
2143	0.2
2144	0.1
2145	95.7
2146	26.2
2147	21.5
2148	172.1
2149	0.1
2150	56.7
2151	0.1
2152	153.6
2153	258
2154	163.1
2155	0.1
2156	0.1
2157	0.2
2158	29.1
2159	20.8
2160	338.7
2161	0.1
2162	0.2
2163	110.9
2164	0.3
2165	29.3
2166	0
2167	0.1
2168	0.2
2169	170.4
2170	0.2
2171	0.2
2172	0.2
2173	94.9
2174	0.1
2175	6.3
2176	0.1
2177	308.9
2178	41.1
2179	0.1
2180	45.4
2181	292.9
2182	0.2
2183	0.3
2184	0.1
2185	108.6
2186	5
2187	23.1
2188	0
2189	0.2
2190	25.5
2191	0.1
2192	0
2193	0.1
2194	186.9
2195	25.8
2196	0.1
2197	175.3
2198	0
2199	282
2200	0.1
2201	3.5
2202	21.2
2203	0.1
2204	0.1
2205	0.6
2206	51.7
2207	26.2
2208	28.4
2209	0.2
2210	180.7
2211	0.3
2212	55.2
2213	140.3
2214	0.1
2215	54.2
2216	35.7
2217	0.3
2218	0
2219	152.7
2220	17.2
2221	0
2222	201.1
2223	0
2224	0.2
2225	78.5
2226	24.2
2227	189.7
2228	0.1
2229	0.1
2230	57.6
2231	0
2232	88.3
2233	0.1
2234	143.7
2235	0.1
2236	0.2
2237	0.2
2238	0.2
2239	31.1
2240	0.1
2241	86.1
2242	0.2
2243	0.1
2244	0.1
2245	177.8
2246	0
2247	0.2
2248	263.6
2249	93.2
2250	0
2251	13.8
2252	213.2
2253	0.2
2254	28
2255	0.2
2256	116.4
2257	17.4
2258	0.1
2259	239.6
2260	0.2
2261	0.1
2262	0.1
2263	256.6
2264	232.6
2265	211
2266	0.1
2267	0.2
2268	100.2
2269	32.4
2270	0.4
2271	87.1
2272	0.1
2273	20.8
2274	0.3
2275	177.6
2276	26.9
2277	0.1
2278	0.3
2279	0.1
2280	0.1
2281	1
2282	285.1
2283	43.3
2284	0.3
2285	218.2
2286	127.3
2287	22.6
2288	106.7
2289	0.1
2290	0.1
2291	0.1
2292	220.6
2293	31.2
2294	42.5
2295	165.8
2296	251.6
2297	280
2298	0.1
2299	18.8
2300	0.1
2301	0.3
2302	0.2
2303	0.3
2304	0.3
2305	0.1
2306	87.1
2307	180.1
2308	0.1
2309	72.9
2310	326
2311	1.8
2312	0.2
2313	0.2
2314	0.1
2315	1.4
2316	0.1
2317	272.1
2318	0
2319	0
2320	199
2321	132.6
2322	0.1
2323	0.1
2324	270.6
2325	168.3
2326	75.1
2327	0.1
2328	224.1
2329	0.2
2330	1
2331	0.6
2332	43.7
2333	0.3
2334	122.4
2335	1.2
2336	82.3
2337	0.4
2338	92
2339	28
2340	113.5
2341	83.6
2342	0.9
2343	44.8
2344	0.3
2345	58.2
2346	94.4
2347	0.1
2348	0.3
2349	60.5
2350	0.3
2351	99
2352	0.2
2353	60.3
2354	0.3
2355	92.1
2356	0.9
2357	0.5
2358	15.3
2359	103
2360	81
2361	101
2362	32.3
2363	111.9
2364	41.3
2365	68.9
2366	1.3
2367	1
2368	81.2
2369	25.9
2370	131
2371	0.3
2372	59.6
2373	83.6
2374	16.4
2375	0.4
2376	1.7
2377	98
2378	92.6
2379	81
2380	72.5
2381	56.5
2382	105.9
2383	1.5
2384	1
2385	13.3
2386	0.4
2387	0.2
2388	80.2
2389	117.7
2390	26.5
2391	60
2392	117.7
2393	1.5
2394	110.4
2395	28.8
2396	87.5
2397	0.6
2398	11.4
2399	81.7
2400	0.6
2401	95.9
2402	129.3
2403	82.9
2404	22.8
2405	62.9
2406	54.8
2407	1
2408	83.3
2409	86.1
2410	74.3
2411	76.8
2412	95.7
2413	0.5
2414	23
2415	82.5
2416	86.2
2417	72.2
2418	103.1
2419	91.4
2420	111.1
2421	1.6
2422	58.9
2423	55.3
2424	80.6
2425	19.8
2426	0.9
2427	0.4
2428	131
2429	1.7
2430	0.9
2431	68.8
2432	0.4
2433	136.2
2434	22.5
2435	0.6
2436	0.2
2437	17.2
2438	77.3
2439	207.4
2440	80.1
2441	2
2442	54.6
2443	61.2
2444	107.8
2445	72.2
2446	25.9
2447	86.1
2448	268.5
2449	1
2450	1.1
2451	80.6
2452	80.9
2453	145.2
2454	0.7
2455	0.5
2456	239.3
2457	0.8
2458	73.3
2459	93.2
2460	17.6
2461	277.5
2462	140.4
2463	25.5
2464	151.6
2465	1.8
2466	0.8
2467	119.7
2468	120.3
2469	98.2
2470	215.7
2471	75.6
2472	97.5
2473	27.3
2474	164
2475	80.8
2476	2.2
2477	76.1
2478	79.9
2479	1.5
2480	81.8
2481	91.1
2482	16.1
2483	2.5
2484	162.8
2485	115.5
2486	78.9
2487	0.9
2488	73
2489	158.3
2490	97.2
2491	26.7
2492	164.1
2493	2.1
2494	79.1
2495	75.4
2496	23.1
2497	144.2
2498	102.7
2499	17.8
2500	185.2
2501	106.5
2502	113.5
2503	64.6
2504	91.7
2505	133.3
2506	72
2507	0.8
2508	126.7
2509	1.9
2510	128.8
2511	253.7
2512	134.5
2513	72.9
2514	96
2515	102.5
2516	0.5
2517	28.9
2518	52.6
2519	82.5
2520	199.1
2521	90.1
2522	326.5
2523	25.2
2524	1
2525	49.7
2526	89.8
2527	87.1
2528	92.9
2529	100.1
2530	107
2531	92.4
2532	99.8
2533	162.3
2534	55.3
2535	97.7
2536	171.2
2537	69.1
2538	185.5
2539	335
2540	150.2
2541	204.4
2542	128.9
2543	102.2
2544	61
2545	124.8
2546	116.3
2547	83
2548	132.7
2549	85.4
2550	1.9
2551	42.3
2552	287.5
2553	77.4
2554	212.1
2555	99
2556	117.9
2557	109.7
2558	62.4
2559	97.5
2560	198.2
2561	101.3
2562	296.9
2563	143.1
2564	192.3
2565	163.6
2566	27.7
2567	81.7
2568	262.6
2569	102.8
2570	59.2
2571	38.4
2572	0.9
2573	7.7
2574	83.2
2575	65.2
2576	65.7
2577	93
2578	92.1
2579	96.7
2580	0.5
2581	177.7
2582	315.2
2583	141.8
2584	1.7
2585	106.4
2586	256.4
2587	102.3
2588	65.8
2589	84.3
2590	104.9
2591	94.2
2592	91.9
2593	87.1
2594	46.9
2595	1.4
2596	143
2597	112.4
2598	295.9
2599	72.7
2600	98.5
2601	92
2602	191
2603	88.3
2604	326.6
2605	70.3
2606	30.2
2607	99.7
2608	77.1
2609	162.6
2610	5.7
2611	150.8
2612	85.8
2613	98.9
2614	241.6
2615	54.3
2616	174
2617	165.9
2618	86
2619	0.8
2620	278.5
2621	41
2622	98.1
2623	98.1
2624	80.9
2625	268.9
2626	34.2
2627	68.5
2628	51.9
2629	1.6
2630	89
2631	75.2
2632	88.6
2633	99.5
2634	93.1
2635	85.4
2636	184
2637	0.4
2638	83.6
2639	82.3
2640	72.8
2641	110.3
2642	102.2
2643	343.5
2644	34.1
2645	314.6
2646	70.1
2647	46.4
2648	141.6
2649	20
2650	97.3
2651	0.3
2652	27.3
2653	101.2
2654	39.7
2655	83.6
2656	181.7
2657	45.6
2658	80.2
2659	121.4
2660	149.3
2661	81.4
2662	231.3
2663	24.2
2664	83.5
2665	21.8
2666	102.7
2667	20.4
2668	88
2669	107.4
2670	208.6
2671	128.4
2672	125.8
2673	3.5
2674	42.1
2675	28.3
2676	8.9
2677	258.5
2678	122.3
2679	26.7
2680	98.5
2681	112.5
2682	99.6
2683	97.3
2684	93.8
2685	105.1
2686	109.2
2687	145.3
2688	82.7
2689	124.5
2690	146
2691	118.5
2692	5.9
2693	140.1
2694	83.3
2695	0.5
2696	111.1
2697	0.5
2698	232.4
2699	43.2
2700	120.8
2701	13.5
2702	135.5
2703	72.9
2704	16.3
2705	77.9
2706	105.6
2707	26.7
2708	154.9
2709	57.6
2710	152.3
2711	95.2
2712	0.2
2713	124.1
2714	179.1
2715	55.9
2716	108.8
2717	81.9
2718	60.2
2719	70
2720	80.3
2721	103.7
2722	120.3
2723	94.2
2724	53.9
2725	109
2726	99.1
2727	133.5
2728	63.4
2729	117.6
2730	96.7
2731	0.1
2732	89.2
2733	79.5
2734	86.5
2735	68.4
2736	18.5
2737	76.6
2738	75.6
2739	84.8
2740	85.2
2741	76.2
2742	79.6
2743	73.6
2744	69.1
2745	66.3
2746	23
2747	77.7
2748	0.2
2749	107.1
2750	75.4
2751	144.7
2752	88.6
2753	71.4
2754	96.7
2755	68.2
2756	68
2757	113.5
2758	291.7
2759	66.6
2760	71.7
2761	70.2
2762	90.4
2763	59.3
2764	107.6
2765	96.8
2766	84.2
2767	25.3
2768	75.1
2769	61.9
2770	100.3
2771	236
2772	73.1
2773	40.8
2774	213
2775	100
2776	90.3
2777	65
2778	115.9
2779	102.5
2780	30.8
2781	111
2782	87.3
2783	76.3
2784	72.4
2785	67.6
2786	61.7
2787	127.4
2788	62.2
2789	104.2
2790	103.2
2791	106.6
2792	130.8
2793	215.3
2794	112.6
2795	60
2796	67.2
2797	308.7
2798	95.2
2799	106.7
2800	102.7
2801	142.6
2802	218.2
2803	55.6
2804	34
2805	106.6
2806	108
2807	280.8
2808	93
2809	106.7
2810	18.7
2811	164.8
2812	91.3
2813	86.1
2814	117.6
2815	212.4
2816	56
2817	82.4
2818	151.7
2819	116.1
2820	143
2821	88.9
2822	100.8
2823	108.9
2824	40.5
2825	68.2
2826	54
2827	30.2
2828	120.2
2829	57.8
2830	103.9
2831	135.4
2832	128.3
2833	66.6
2834	219.1
2835	169.8
2836	116.5
2837	105.2
2838	182.3
2839	120.4
2840	168
2841	168.1
2842	113.6
2843	71.4
2844	45.5
2845	65.8
2846	16.6
2847	255
2848	104.5
2849	142.8
2850	143.9
2851	104.8
2852	102.3
2853	127.1
2854	227.9
2855	87.8
2856	172.4
2857	105.8
2858	141.5
2859	87.8
2860	79.1
2861	141.9
2862	116.5
2863	46.4
2864	95.9
2865	180.8
2866	102.2
2867	105.4
2868	58.2
2869	97.9
2870	81.2
2871	107.1
2872	159.7
2873	224.2
2874	19.8
2875	102.3
2876	19.1
2877	119.3
2878	83.8
2879	42.3
2880	117.7
2881	123
2882	212
2883	81.8
2884	105.9
2885	62.9
2886	132.3
2887	52.4
2888	18.5
2889	51.4
2890	52.9
2891	169.7
2892	172.1
2893	182.4
2894	107.1
2895	227.9
2896	19.5
2897	263.1
2898	101.6
2899	159.4
2900	90.1
2901	43
2902	115.8
2903	376.8
2904	33.5
2905	88.3
2906	146.7
2907	69.8
2908	164.4
2909	184.5
2910	77.5
2911	296.2
2912	117
2913	180.5
2914	243.4
2915	50.6
2916	295.5
2917	48.8
2918	148.1
2919	41.6
2920	46.4
2921	157.8
2922	71.5
2923	85
2924	96.3
2925	170.5
2926	71.4
2927	41
2928	100.9
2929	66.8
2930	301.5
2931	148.7
2932	142.9
2933	138.4
2934	36.8
2935	205.9
2936	38.8
2937	72.3
2938	40.5
2939	234.4
2940	37.4
2941	90.5
2942	43.7
2943	199.2
2944	36.1
2945	183
2946	211.5
2947	143.6
2948	153.6
2949	163.8
2950	69.6
2951	198.7
2952	169.3
2953	226.9
2954	158
2955	272.7
2956	206.6
2957	82.1
2958	151.9
2959	49.7
2960	147.5
2961	161.7
2962	122.2
2963	136.8
2964	166.5
2965	74.2
2966	183.9
2967	262.3
2968	192.9
2969	53.8
2970	34.7
2971	182.6
2972	154
2973	32.4
2974	156.9
2975	238
2976	222.9
2977	97.2
2978	133.3
2979	160.4
2980	142.8
2981	216.3
2982	177.5
2983	152.1
2984	266.2
2985	142.1
2986	137
2987	99.8
2988	141.9
2989	34.4
2990	59.3
2991	340
2992	161.7
2993	153.6
2994	134.7
2995	143.6
2996	275.8
2997	196
2998	68
2999	120.8
3000	85
3001	73
3002	152.9
3003	82.7
3004	75.8
3005	133.6
3006	136.8
3007	153.9
3008	171.2
3009	73
3010	37.1
3011	181.8
3012	126.5
3013	233.3
3014	58.7
3015	59.4
3016	115.1
3017	398.2
3018	63.4
3019	66.3
3020	64.6
3021	91.7
3022	62.9
3023	77.6
3024	135.4
3025	56.9
3026	207.6
3027	163.5
3028	76.7
3029	139.9
3030	50.6
3031	142.5
3032	126.4
3033	44.6
3034	128.4
3035	65.1
3036	51.5
3037	115.3
3038	47.4
3039	68.1
3040	189.6
3041	220.6
3042	177.3
3043	197
3044	93.8
3045	190.6
3046	47.5
3047	57.9
3048	196.1
3049	69.2
3050	254
3051	138
3052	79.7
3053	244.7
3054	62.3
3055	71.9
3056	197.5
3057	69.2
3058	174.7
3059	97
3060	33.6
3061	65.1
3062	94
3063	315.8
3064	288.2
3065	49.5
3066	186
3067	53.5
3068	227.6
3069	59.9
3070	129.2
3071	160.5
3072	81.9
3073	18.7
3074	223.7
3075	135.7
3076	201.8
3077	105.1
3078	75.9
3079	139.8
3080	213.3
3081	63.5
3082	71.2
3083	303.1
3084	65.7
3085	82.6
3086	112.3
3087	404.1
3088	227.6
3089	376.8
3090	102.6
3091	90.8
3092	34.1
3093	166.7
3094	25.6
3095	32.7
3096	159.2
3097	33.4
3098	382.5
3099	39.8
3100	181.4
3101	15.6
3102	154.5
3103	172.8
3104	218.3
3105	67.9
3106	266.6
3107	220.2
3108	31
3109	87.4
3110	54.5
3111	476.4
3112	15
3113	345
3114	56.5
3115	70
3116	115.5
3117	108.4
3118	228
3119	311.4
3120	11.5
3121	251.8
3122	24.4
3123	221.8
3124	27.3
3125	64.1
3126	20.6
3127	13.1
3128	28.6
3129	39.2
3130	26.5
3131	217.4
3132	233.6
3133	324.3
3134	272.8
3135	27.5
3136	289.3
3137	20.5
3138	57.9
3139	287.3
3140	126.4
3141	34.5
3142	173.7
3143	235.3
3144	35.4
3145	14.4
3146	21.5
3147	17.4
3148	43.6
3149	18.5
3150	14.6
3151	143.7
3152	193.4
3153	187.2
3154	158.9
3155	171.7
3156	87.8
3157	73.3
3158	15.3
3159	159.4
3160	14.4
3161	128.8
3162	192.2
3163	50
3164	25.6
3165	27.1
3166	181.5
3167	26.4
3168	235.3
3169	18.7
3170	187.8
3171	41.8
3172	283.1
3173	25.7
3174	46.5
3175	186.5
3176	33
3177	30.1
3178	30.1
3179	22.7
3180	21.3
3181	24.2
3182	226.1
3183	211.5
3184	107.4
3185	111.4
3186	66
3187	148.6
3188	47.2
3189	58.1
3190	31.4
3191	31.3
3192	54.3
3193	12.8
3194	214.6
3195	173.2
3196	9.6
3197	24.7
3198	23.6
3199	120.1
3200	20.8
3201	27.6
3202	187.1
3203	205.9
3204	25.4
3205	60.3
3206	26.9
3207	17.1
3208	31.1
3209	11.5
3210	71.2
3211	70.2
3212	140.5
3213	22.7
3214	21.6
3215	12
3216	31.8
3217	38.7
3218	53.7
3219	58.2
3220	24.3
3221	31.8
3222	75.5
3223	27.6
3224	168.2
3225	28.9
3226	136.3
3227	38.2
3228	12.5
3229	15.2
3230	30.4
3231	9.2
3232	32.7
3233	27.6
3234	133.5
3235	136.7
3236	76.3
3237	22.9
3238	53.3
3239	12.6
3240	46.1
3241	49.5
3242	13.5
3243	49.5
3244	18.2
3245	34.3
3246	46.9
3247	11.2
3248	27.6
3249	32.8
3250	32.5
3251	177.5
3252	149.1
3253	15.4
3254	44.4
3255	25.6
3256	36.6
3257	56.1
3258	18
3259	59.3
3260	33.9
3261	21.4
3262	42.2
3263	25.8
3264	24.2
3265	25.8
3266	11.5
3267	64.2
3268	39.6
3269	104.1
3270	8.9
3271	25.7
3272	80.5
3273	24
3274	131.3
3275	16.1
3276	36.8
3277	9.5
3278	81.2
3279	29.2
3280	26.8
3281	40.7
3282	26.3
3283	24.9
3284	13.3
3285	23.4
3286	134.7
3287	29.6
3288	37.5
3289	12.8
3290	32.6
3291	105
3292	26.1
3293	35.6
3294	41.8
3295	35.7
3296	24.1
3297	19.7
3298	46
3299	19.5
3300	56.6
3301	37
3302	33.9
3303	94
3304	54.1
3305	27.3
3306	17.1
3307	28.4
3308	76.4
3309	19.9
3310	31.6
3311	23
3312	42.8
3313	31.9
3314	22.5
3315	14
3316	50.9
3317	24.9
3318	20.3
3319	20.5
3320	23.8
3321	22.1
3322	21.5
3323	19.1
3324	17.2
3325	34
3326	24.2
3327	14.5
3328	26.6
3329	27.4
3330	35.3
3331	34.9
3332	30.9
3333	31.8
3334	18.6
3335	60.6
3336	24.3
3337	13.9
3338	32.1
3339	20.8
3340	25.1
3341	47.9
3342	21.3
3343	27
3344	30.2
3345	14.5
3346	23
3347	21.1
3348	17.3
3349	18.7
3350	24.1
3351	23.9
3352	25.2
3353	32.3
3354	23.2
3355	40.1
3356	38
3357	21.1
3358	24.1
3359	31.8
3360	26.1
3361	28.6
3362	19.8
3363	32.7
3364	18.8
3365	29.8
3366	30.1
3367	32.9
3368	27.7
3369	24.7
3370	19.5
3371	35.6
3372	26.7
3373	32.2
3374	30.2
3375	22.4
3376	28.3
3377	17.6
3378	19.8
3379	21.5
3380	31.8
3381	39.6
3382	18.1
3383	33.7
3384	33.7
3385	39
3386	41.5
3387	24.2
3388	17.6
3389	35.8
3390	37.4
3391	36.5
3392	40.7
3393	24.1
3394	42.4
3395	44.4
3396	37.1
3397	46.6
3398	25.6
3399	17.7
3400	228.2
3401	272.6
3402	239.4
3403	147.9
3404	110.4
3405	103.2
3406	182
3407	139.1
3408	239.5
3409	173
3410	0
3411	0
3412	370.1
3413	151.8
3414	331.3
3415	135
3416	7.3
3417	296.9
3418	163.1
3419	0
3420	8
3421	0
3422	193.2
3423	169
3424	107.2
3425	192.3
3426	184.8
3427	22.8
3428	35.5
3429	264.3
3430	31.8
3431	145.5
3432	287.2
3433	179.3
3434	182.6
3435	1
3436	175.1
3437	132.2
3438	0.3
3439	0.3
3440	96.5
3441	310.5
3442	1.6
3443	152.5
3444	73.7
3445	0.1
3446	0.6
3447	0.7
3448	2.7
3449	159.4
3450	0.6
3451	188.7
3452	185.6
3453	83.5
3454	130.4
3455	158.4
3456	12.5
3457	210.3
3458	93.1
3459	9.9
3460	158
3461	30.6
3462	283.9
3463	247.3
3464	8.4
3465	9
3466	60.4
3467	110.9
3468	147.2
3469	63.6
3470	131
3471	251.5
3472	41.9
3473	233.2
3474	143.8
3475	0.1
3476	0.1
3477	128.7
3478	117.6
3479	0.1
3480	105
3481	184.5
3482	29.6
3483	27.4
3484	151.7
3485	35.2
3486	0.1
3487	262
3488	53.2
3489	156.4
3490	148.2
3491	0.2
3492	83.2
3493	49.8
3494	138.1
3495	176.9
3496	20.3
3497	34.5
3498	31.1
3499	157.9
3500	69.3
3501	33.5
3502	19.3
3503	0
3504	0
3505	127
3506	197.4
3507	0
3508	86.4
3509	39.1
3510	0.1
3511	85.3
3512	60.8
3513	53.9
3514	56.3
3515	109.4
3516	62.1
3517	49.4
3518	88.5
3519	86.6
3520	1.1
3521	0.6
3522	155.7
3523	78.7
3524	68.8
3525	86.6
3526	35.3
3527	79.1
3528	216.4
3529	84.5
3530	80.8
3531	290.3
3532	56.8
3533	1
3534	0.7
3535	142.9
3536	88.5
3537	35.5
3538	0.3
3539	170.9
3540	259.3
3541	107.4
3542	111
3543	105.1
3544	86.6
3545	335.7
3546	89.3
3547	84.3
3548	207.6
3549	125.9
3550	112.5
3551	118.7
3552	78.4
3553	90.5
3554	144.5
3555	217.1
3556	151.3
3557	37.1
3558	236.1
3559	33
3560	169.4
3561	62.2
3562	50.8
3563	125.7
3564	50.3
3565	89
3566	65.2
3567	135.1
3568	211.2
3569	246
3570	214.7
3571	226.6
3572	92
3573	255.2
3574	110.5
3575	138.4
3576	215.3
3577	238.9
3578	79.1
3579	28.1
3580	26.9
3581	29.4
3582	90.3
3583	25.5
3584	176.9
3585	31.7
3586	132.3
3587	29.6
3588	19.2
3589	30.5
3590	15.5
3591	27.9
3592	28.3
3593	17.7
3594	43.4
