"COMID"	"Value"
1	11.7
2	6.9
3	39
4	4.9
5	14.1
6	0
7	92.4
8	8.8
9	5.6
10	0
11	8.4
12	5.6
13	0.2
14	129.3
15	11.8
16	36.8
17	8.9
18	58.2
19	58.7
20	17.3
21	48.8
22	72
23	0
24	5.6
25	25.3
26	0.5
27	10.3
28	12.7
29	9.4
30	0
31	19.3
32	6.6
33	91.7
34	5.6
35	1.6
36	5.7
37	63.4
38	0
39	5.6
40	152.5
41	94
42	14.5
43	157.4
44	14.3
45	8.5
46	0.3
47	49.3
48	70.3
49	23.7
50	7.5
51	5.6
52	2.7
53	5.7
54	103.3
55	62.8
56	33.7
57	132
58	5.6
59	14.2
60	5.6
61	5.6
62	5.6
63	31.3
64	10.7
65	5.6
66	1
67	43.3
68	59.3
69	1.3
70	1
71	0
72	60.4
73	5.6
74	99.6
75	1
76	1
77	0.1
78	1.2
79	55.9
80	1
81	0.6
82	0
83	35.6
84	0
85	29.2
86	88
87	5.6
88	5.6
89	1.1
90	10.8
91	8
92	51.3
93	25
94	5.6
95	93.1
96	7.5
97	43.9
98	0
99	1.2
100	60.7
101	9.3
102	19.4
103	5.6
104	0.1
105	7.5
106	40.7
107	1.5
108	0
109	7.5
110	7.5
111	0
112	35.7
113	1
114	32.9
115	7.9
116	135.1
117	31.3
118	45.2
119	0
120	3.9
121	1.3
122	20.4
123	0
124	41.3
125	278.1
126	62.3
127	1.3
128	45.2
129	5.6
130	1
131	15
132	1
133	30
134	10.3
135	49.7
136	116.3
137	56
138	1
139	1
140	9.7
141	7.6
142	1
143	0
144	4.3
145	1
146	28.2
147	25.8
148	66.9
149	59.1
150	40.9
151	0.3
152	37.1
153	1
154	40.9
155	0
156	1
157	51.9
158	1
159	22.3
160	32.4
161	1
162	1
163	1.6
164	1
165	0
166	1
167	27.6
168	0
169	41.3
170	14.6
171	25.9
172	1
173	1
174	7.5
175	3
176	50.8
177	28.8
178	11
179	22.4
180	1
181	0
182	4.9
183	0
184	1
185	1
186	6.4
187	5.3
188	1
189	1
190	7.1
191	1
192	19
193	1
194	49.5
195	0
196	1
197	24.8
198	1
199	15.8
200	1
201	1
202	1
203	1
204	1
205	1
206	2.8
207	1.1
208	35.1
209	12.6
210	41.1
211	41.1
212	22.3
213	11.9
214	1
215	23.9
216	4.4
217	12.1
218	1.2
219	1.7
220	1
221	0.1
222	26.3
223	27.2
224	0
225	1.8
226	17.2
227	0
228	11.4
229	1
230	0
231	27.7
232	3.8
233	31.1
234	0.8
235	0
236	6.4
237	3.9
238	1.8
239	15.3
240	104
241	11
242	0
243	0
244	19
245	15.9
246	16.4
247	0
248	0
249	0
250	20.2
251	17.4
252	140.5
253	2.5
254	0
255	0
256	0
257	0
258	0.2
259	0
260	0
261	21.4
262	10.5
263	0
264	0
265	0
266	10.6
267	17
268	77.5
269	30.5
270	0
271	49.6
272	13.4
273	12.1
274	0
275	5.6
276	0.2
277	1
278	5
279	0
280	3.4
281	11.7
282	8
283	1
284	1
285	0
286	2.3
287	209.6
288	1
289	1
290	1
291	46
292	1
293	0
294	121.1
295	1
296	4.6
297	7.9
298	0
299	1.4
300	9.5
301	1
302	14
303	6.7
304	1
305	6.9
306	1
307	10.2
308	6.4
309	1
310	5.9
311	12.9
312	5.4
313	6.6
314	1
315	1
316	1
317	0
318	1.1
319	0.1
320	7.2
321	1
322	4.5
323	6.8
324	1
325	0.1
326	90.5
327	1
328	1
329	1
330	0
331	1
332	1
333	1
334	1
335	0.2
336	1
337	0.2
338	1
339	1
340	1
341	1
342	0
343	1
344	0
345	1
346	0.1
347	1
348	1
349	1
350	1
351	1
352	1
353	8
354	1
355	0
356	1
357	0
358	1
359	0
360	1
361	1
362	1
363	1
364	0
365	1.1
366	7.6
367	0
368	62.3
369	0
370	5.7
371	0
372	5.6
373	9.1
374	0
375	119.4
376	96.4
377	6.6
378	8.2
379	0
380	5.2
381	0
382	0
383	24.5
384	0
385	0
386	0
387	77.8
388	2.5
389	9.2
390	59.7
391	5.6
392	28.4
393	0
394	5.6
395	0
396	0
397	0
398	5.6
399	0.2
400	5.6
401	11.6
402	0
403	0
404	0
405	0
406	279.5
407	0.1
408	0
409	0
410	121.6
411	19
412	0
413	299.9
414	0
415	0
416	0
417	0
418	0
419	14.3
420	0
421	0.1
422	0
423	3.6
424	182.4
425	45.9
426	0
427	218.5
428	232.7
429	10.8
430	126.9
431	0
432	5.7
433	19.6
434	6.9
435	5.6
436	7.8
437	0.4
438	41.3
439	0
440	2.5
441	183
442	4.8
443	137.1
444	6
445	90.7
446	5.6
447	104.1
448	73.1
449	5.6
450	19.5
451	0
452	28.1
453	0
454	5.6
455	9.7
456	5.6
457	27.3
458	23.7
459	18.4
460	6.1
461	98.8
462	73.5
463	7.5
464	1
465	36.7
466	0
467	129.4
468	1
469	23.5
470	1
471	1
472	7.3
473	2.7
474	1
475	0
476	0
477	81.8
478	1
479	37
480	28.7
481	0
482	0
483	52.1
484	5.6
485	7.8
486	0.3
487	43.8
488	3
489	0
490	1.8
491	112.5
492	25.4
493	0
494	177.4
495	0.7
496	0
497	172.5
498	48.2
499	0
500	104.7
501	148.9
502	173.7
503	5.6
504	5.6
505	22.6
506	103.1
507	58
508	15.6
509	74.1
510	135.5
511	73
512	120.8
513	0
514	19.2
515	0
516	5.6
517	68.9
518	5.6
519	6.6
520	0.8
521	115.4
522	5.6
523	0
524	46.5
525	143.9
526	6.8
527	199.8
528	5.6
529	0
530	156.5
531	46.4
532	101.7
533	205.3
534	28.4
535	204.1
536	42.1
537	0.3
538	0
539	1
540	5.6
541	103.3
542	56
543	73.9
544	0
545	1.3
546	137.9
547	88.6
548	1.9
549	5.4
550	1.4
551	82
552	79.3
553	54.6
554	0
555	5.6
556	93.1
557	7.8
558	1.7
559	78.6
560	73.7
561	121.5
562	71.6
563	0
564	28.4
565	99.9
566	44.9
567	5.6
568	47
569	18.6
570	0
571	138.3
572	30.4
573	6.9
574	112.8
575	5.6
576	0
577	0
578	82.1
579	177.8
580	22.6
581	0
582	139.9
583	5.6
584	5.6
585	0
586	118
587	31.2
588	136.4
589	67.4
590	0
591	151.9
592	331.2
593	19.9
594	17.1
595	159.1
596	5.6
597	0
598	5.6
599	28.3
600	10
601	5.7
602	0
603	11.7
604	223.9
605	0
606	157.2
607	5.6
608	6.4
609	0
610	5.6
611	32.8
612	0
613	0
614	27.7
615	1.7
616	0
617	154.7
618	7.5
619	28.5
620	12
621	223.8
622	51.5
623	61.9
624	39.2
625	5.6
626	5.6
627	31.3
628	5.6
629	23.9
630	98.1
631	5.6
632	9.8
633	30.4
634	0
635	35.2
636	19.6
637	16.1
638	5.6
639	17.4
640	1.9
641	87.1
642	0
643	45.3
644	0
645	19.9
646	43.8
647	5.6
648	35.8
649	37.2
650	5.6
651	157.1
652	5.6
653	0
654	5.6
655	0
656	5.8
657	51.9
658	164.1
659	36.4
660	0.2
661	87.7
662	16.6
663	36.3
664	5.6
665	5.6
666	5.6
667	32.6
668	177.2
669	68.1
670	5.6
671	5.6
672	5.6
673	17
674	1.5
675	138.5
676	22
677	94.2
678	8.6
679	5.6
680	0
681	39.2
682	22.8
683	267
684	26.2
685	5.6
686	177.5
687	0
688	66.9
689	5.6
690	25.8
691	9
692	128.2
693	7.1
694	0.4
695	6.5
696	116.8
697	5.6
698	30.1
699	21.1
700	83.5
701	7
702	116.2
703	46.8
704	15.2
705	33.4
706	7
707	194.1
708	42.5
709	41.4
710	22.5
711	0.1
712	4
713	22.1
714	5.8
715	18.2
716	0
717	25.8
718	95.7
719	16.1
720	28.1
721	5.6
722	26.1
723	104.8
724	37.5
725	5.6
726	0
727	0.7
728	41.1
729	1.1
730	18.1
731	7.8
732	0.3
733	13.5
734	25.1
735	5.9
736	6.9
737	19
738	20.6
739	23.5
740	43.7
741	25.5
742	28.8
743	21.2
744	0.1
745	0
746	23.7
747	26.5
748	0
749	43.9
750	5.6
751	13.2
752	11.7
753	44.2
754	90.9
755	15.3
756	11.1
757	144.3
758	15.4
759	5.6
760	15.2
761	5.6
762	12.6
763	15.4
764	110.6
765	50.9
766	0.1
767	18.7
768	34.3
769	145.2
770	28.9
771	3.4
772	23.6
773	9.2
774	8.3
775	3.6
776	6.2
777	14
778	12.1
779	0
780	200.8
781	14.6
782	629.3
783	466.9
784	590.1
785	647.2
786	471.5
787	508.9
788	256.7
789	338.4
790	436
791	422.4
792	361.7
793	469.1
794	396.5
795	530.9
796	320.1
797	479.1
798	275.9
799	301.5
800	279.2
801	377
802	236.3
803	251.2
804	192.1
805	187.2
806	238.3
807	111.6
808	272
809	427.3
810	532.4
811	168.2
812	453.6
813	261
814	223.6
815	279.2
816	238.7
817	181
818	441.8
819	705.6
820	170.5
821	185.4
822	208.4
823	193.9
824	526.1
825	195.1
826	628.2
827	352.8
828	267.9
829	255.6
830	431.3
831	162.7
832	359.5
833	158.9
834	392.1
835	179
836	337.9
837	69.9
838	210.5
839	166.1
840	255.2
841	169.2
842	92.7
843	18.2
844	375.1
845	167.5
846	169.4
847	266.9
848	242.6
849	121.8
850	400.4
851	337.5
852	143.4
853	248.2
854	267.9
855	199.6
856	202.7
857	186.8
858	429.9
859	154.2
860	114.1
861	315.9
862	7.6
863	260.1
864	159
865	275.5
866	111.2
867	102.8
868	435.6
869	155.9
870	43
871	156.1
872	148.4
873	9.2
874	181.8
875	276.8
876	142.9
877	284.9
878	255.6
879	375.3
880	149.9
881	163.7
882	192.3
883	96.3
884	300.1
885	260
886	6.7
887	118.9
888	101.9
889	205.2
890	174
891	181.4
892	152.4
893	209.1
894	7
895	232.3
896	290.9
897	164.4
898	139.2
899	195.5
900	152.6
901	161.4
902	360.1
903	291.4
904	245.2
905	150.5
906	299.3
907	253.8
908	127.8
909	180.3
910	0
911	221.4
912	139.3
913	259
914	123.1
915	0
916	147.8
917	235.9
918	151.5
919	221.8
920	192
921	148.4
922	179.9
923	25.9
924	147.3
925	249.2
926	224.1
927	176.6
928	5.9
929	163
930	226.4
931	166.4
932	11
933	162.6
934	0
935	177.6
936	221.7
937	423.4
938	399.3
939	191.7
940	229
941	331
942	324.1
943	0
944	430.9
945	212.5
946	269.7
947	0
948	149.2
949	232
950	244.6
951	182.9
952	219.6
953	8.2
954	8.8
955	164
956	160.5
957	252.3
958	10.7
959	222.7
960	176.3
961	243
962	266.7
963	166.4
964	0
965	232.4
966	289.2
967	0
968	191.5
969	272.5
970	53.1
971	248.2
972	256.1
973	196.2
974	197.6
975	388.2
976	296.8
977	373.6
978	6.3
979	291.7
980	245.9
981	235.7
982	210.6
983	224.4
984	290.3
985	365.6
986	313.9
987	7
988	354
989	188.4
990	0
991	214
992	0.1
993	395.3
994	202.3
995	435.7
996	241.3
997	346.4
998	8.7
999	207
1000	0
1001	13.7
1002	357.8
1003	0
1004	221.8
1005	10.9
1006	346.5
1007	0
1008	6.2
1009	0
1010	267.6
1011	165.8
1012	324.5
1013	20.4
1014	306.2
1015	6.3
1016	0
1017	383.1
1018	13.5
1019	21.9
1020	290.1
1021	192.2
1022	278.3
1023	288.4
1024	358.8
1025	328.8
1026	243.2
1027	259.1
1028	223.5
1029	23.9
1030	1.2
1031	0
1032	0
1033	2.6
1034	250.1
1035	0.9
1036	157.8
1037	256.9
1038	211.5
1039	16.5
1040	30.6
1041	351.3
1042	22.5
1043	0
1044	13.4
1045	25.9
1046	12.6
1047	353.8
1048	286.3
1049	214
1050	0
1051	138.6
1052	218.4
1053	25.7
1054	218
1055	250.5
1056	217.1
1057	1.4
1058	201.9
1059	2.3
1060	258.7
1061	0
1062	330.1
1063	343.3
1064	0.7
1065	7.3
1066	294.9
1067	2.1
1068	1.6
1069	0.9
1070	247
1071	242.4
1072	1.5
1073	0.8
1074	245.9
1075	0
1076	257.7
1077	1.7
1078	337.2
1079	272
1080	17.3
1081	1.4
1082	261.7
1083	1.8
1084	216.5
1085	223.5
1086	227.9
1087	0
1088	1.6
1089	6.2
1090	263.5
1091	263.9
1092	0.9
1093	28.4
1094	1
1095	26.3
1096	34.7
1097	317.9
1098	31.8
1099	0
1100	0
1101	1.1
1102	276.1
1103	1.2
1104	15
1105	24.1
1106	17
1107	1.4
1108	7.6
1109	250.7
1110	0.7
1111	1.3
1112	239.5
1113	335
1114	205.6
1115	22.1
1116	30.3
1117	275.2
1118	26.8
1119	15.4
1120	24.8
1121	9.2
1122	20.3
1123	28.4
1124	258.1
1125	32.4
1126	382.1
1127	25.6
1128	304
1129	242.2
1130	8.6
1131	1.1
1132	311.7
1133	326.1
1134	5.8
1135	0.1
1136	1.4
1137	10.6
1138	11.5
1139	21.5
1140	281.5
1141	33.8
1142	0.4
1143	245.9
1144	30.4
1145	21.8
1146	14.2
1147	13.6
1148	287
1149	21.4
1150	28
1151	19.7
1152	289.7
1153	226.7
1154	0
1155	0.1
1156	332
1157	26.5
1158	0.3
1159	135.5
1160	37.5
1161	0.4
1162	25
1163	16.3
1164	352.9
1165	0.1
1166	279.4
1167	252.3
1168	347.2
1169	338.5
1170	379.1
1171	27
1172	170.9
1173	19.9
1174	333.3
1175	15.7
1176	83.7
1177	0.2
1178	21.7
1179	380.3
1180	15.2
1181	29.1
1182	29.4
1183	0.5
1184	0.1
1185	239.2
1186	221.6
1187	22.2
1188	19.2
1189	28
1190	30.3
1191	246.1
1192	17.1
1193	299.3
1194	22
1195	359.5
1196	29.3
1197	0.3
1198	0.6
1199	214.2
1200	26.8
1201	24.1
1202	16.8
1203	0.2
1204	14.7
1205	31.5
1206	1.2
1207	13.3
1208	1
1209	25.7
1210	326.2
1211	292.8
1212	0.1
1213	156.9
1214	189.3
1215	16.8
1216	241.6
1217	164.2
1218	0.7
1219	1.1
1220	153
1221	23.7
1222	31.7
1223	21.3
1224	17.6
1225	293.2
1226	199.8
1227	217.6
1228	16.1
1229	36.3
1230	148.9
1231	1
1232	141.8
1233	17
1234	22.7
1235	15.5
1236	0.6
1237	298.6
1238	259.3
1239	0.7
1240	16.4
1241	315.9
1242	127.8
1243	27.7
1244	18.7
1245	353.6
1246	220.6
1247	99.5
1248	29.3
1249	469.3
1250	158.5
1251	23.8
1252	0.3
1253	20.6
1254	24.6
1255	0.2
1256	166.4
1257	29.8
1258	25.3
1259	1.1
1260	220.7
1261	183
1262	1.1
1263	41.7
1264	35.6
1265	472.2
1266	180
1267	0.3
1268	172.6
1269	31.5
1270	296.3
1271	52.8
1272	9.8
1273	41.9
1274	206.6
1275	13.8
1276	181.5
1277	143.4
1278	268.6
1279	28.5
1280	0.7
1281	19.4
1282	0.7
1283	516.9
1284	33.9
1285	46.8
1286	487.4
1287	32.3
1288	24
1289	134.8
1290	26.2
1291	210.9
1292	21.5
1293	27
1294	23
1295	256
1296	1.1
1297	36
1298	234.6
1299	15.8
1300	28.5
1301	0.3
1302	27.2
1303	23.2
1304	37.9
1305	584.9
1306	0.3
1307	320.7
1308	27.4
1309	0.2
1310	247.7
1311	274.4
1312	226.5
1313	18.9
1314	252.1
1315	0.5
1316	200.4
1317	191.4
1318	13.7
1319	244.2
1320	261
1321	1.5
1322	0.3
1323	0.3
1324	24.1
1325	175.5
1326	1.6
1327	1.2
1328	229.5
1329	34.4
1330	243.5
1331	180.6
1332	26.7
1333	94.1
1334	270.8
1335	20.8
1336	194
1337	3.2
1338	2.8
1339	22.6
1340	42.4
1341	261.9
1342	206
1343	0.3
1344	0.9
1345	20.8
1346	0.5
1347	335.4
1348	236.7
1349	24
1350	0.2
1351	259.5
1352	32.5
1353	212
1354	1.6
1355	253.9
1356	30.2
1357	149.2
1358	252.5
1359	37.1
1360	2
1361	22
1362	189.4
1363	0.4
1364	2
1365	220.2
1366	2.7
1367	0.7
1368	199.7
1369	1.3
1370	25.2
1371	1.2
1372	10.9
1373	201.4
1374	2.5
1375	237.5
1376	32.8
1377	28.2
1378	39.2
1379	43.6
1380	205.7
1381	0.4
1382	227
1383	1.7
1384	18.4
1385	30.6
1386	180.6
1387	3.2
1388	3.5
1389	2.5
1390	186.1
1391	508.7
1392	195.3
1393	0.7
1394	1.4
1395	205.1
1396	0.3
1397	460
1398	0.4
1399	0.3
1400	149.1
1401	1.3
1402	1.3
1403	164.1
1404	20.3
1405	1.2
1406	4.7
1407	0.4
1408	1.3
1409	245
1410	0.9
1411	246.7
1412	1.4
1413	192.3
1414	8.9
1415	341.5
1416	225
1417	2
1418	177.5
1419	2.2
1420	40.7
1421	3.7
1422	2.5
1423	70.9
1424	208.7
1425	1.1
1426	290.3
1427	10.7
1428	3.5
1429	2.2
1430	229.8
1431	175.7
1432	1.5
1433	229.3
1434	1.9
1435	235.2
1436	0.3
1437	0.7
1438	3.3
1439	13.3
1440	226.1
1441	217
1442	2.8
1443	170.7
1444	1.6
1445	1.6
1446	386.4
1447	2.1
1448	328
1449	0.5
1450	2.7
1451	3.4
1452	0.3
1453	225.1
1454	59.6
1455	1.6
1456	1.8
1457	175.2
1458	203.1
1459	29
1460	1.6
1461	195.4
1462	0.8
1463	0.9
1464	1.1
1465	1.5
1466	324.8
1467	1.4
1468	0.9
1469	220.4
1470	198.4
1471	0.8
1472	2.3
1473	351.9
1474	3
1475	357.4
1476	0.8
1477	4.6
1478	293.4
1479	223.1
1480	0.8
1481	191.4
1482	186.2
1483	1
1484	2.7
1485	62.2
1486	1.5
1487	0.9
1488	200.1
1489	249.4
1490	2.7
1491	119.7
1492	245.2
1493	441.8
1494	306.8
1495	0.6
1496	219
1497	180.2
1498	1.3
1499	243.9
1500	66.9
1501	252.3
1502	240.8
1503	2.3
1504	1.1
1505	215.7
1506	316.4
1507	0.9
1508	3.2
1509	78.4
1510	2.7
1511	3.1
1512	0.7
1513	266.3
1514	2.7
1515	3
1516	2.3
1517	463.2
1518	0.9
1519	358.6
1520	1.8
1521	1
1522	3.6
1523	1.4
1524	2.2
1525	1.4
1526	1.4
1527	240.4
1528	1.1
1529	383.8
1530	321.5
1531	2.4
1532	3.8
1533	4.2
1534	206.5
1535	39.8
1536	207.9
1537	1.4
1538	58.7
1539	3.3
1540	2.4
1541	1.2
1542	2.2
1543	140.9
1544	0.7
1545	0.7
1546	50.8
1547	225.1
1548	0.4
1549	0.8
1550	1.3
1551	1.7
1552	193.5
1553	277.1
1554	146.3
1555	237.5
1556	430.3
1557	5.2
1558	1
1559	189
1560	38.9
1561	0.5
1562	3.6
1563	7.7
1564	0.3
1565	176.9
1566	6
1567	1.2
1568	1.3
1569	310
1570	243.4
1571	0.3
1572	1.1
1573	172.4
1574	7.1
1575	308.4
1576	372.1
1577	197.5
1578	0.9
1579	1.1
1580	235.4
1581	394.8
1582	270.3
1583	193
1584	48.9
1585	195.4
1586	213.1
1587	1.4
1588	344.3
1589	4.5
1590	9.6
1591	1
1592	320.4
1593	8.8
1594	215.5
1595	298
1596	282.1
1597	0.4
1598	273.8
1599	367.5
1600	371.9
1601	119.9
1602	164.5
1603	390.1
1604	314.9
1605	61.8
1606	1.1
1607	1.8
1608	364.8
1609	1.1
1610	270.5
1611	9.9
1612	298.6
1613	356.9
1614	293.3
1615	499.6
1616	336.8
1617	1.7
1618	301.9
1619	23.3
1620	512.3
1621	269.1
1622	593
1623	1.1
1624	187.6
1625	267.6
1626	595.4
1627	0.8
1628	294.2
1629	1.2
1630	522.8
1631	218.6
1632	184.1
1633	1.4
1634	208.2
1635	171.5
1636	320
1637	403.3
1638	332.7
1639	12.3
1640	1.7
1641	242.6
1642	235
1643	472.1
1644	3.5
1645	203.5
1646	343.5
1647	0.8
1648	19.7
1649	5.3
1650	22.7
1651	558.8
1652	344.2
1653	26.8
1654	468.9
1655	284.6
1656	384.3
1657	184.7
1658	360.5
1659	480.2
1660	209.8
1661	62.6
1662	1.5
1663	312.7
1664	26.4
1665	18.1
1666	435.5
1667	248.5
1668	404.6
1669	148.8
1670	46.5
1671	232.5
1672	261.3
1673	464.7
1674	288.8
1675	219.7
1676	62
1677	36.3
1678	13.8
1679	189.8
1680	297.5
1681	187.1
1682	10.8
1683	109.2
1684	441.7
1685	95.4
1686	196.9
1687	188.7
1688	236.9
1689	44.7
1690	433
1691	39
1692	243.9
1693	32.7
1694	190.5
1695	397.9
1696	1.7
1697	395.3
1698	9.1
1699	55.5
1700	276.2
1701	234.5
1702	347
1703	250.4
1704	1.1
1705	30.1
1706	221.9
1707	12.7
1708	12.2
1709	413.9
1710	57.2
1711	38.9
1712	218.1
1713	183
1714	193
1715	332.1
1716	112.8
1717	272.2
1718	59.5
1719	180.7
1720	209.9
1721	261.2
1722	106.9
1723	221
1724	101.3
1725	276.6
1726	139
1727	435.5
1728	187.4
1729	28.2
1730	188.1
1731	59.8
1732	137.5
1733	351.3
1734	28.9
1735	217.1
1736	19.7
1737	382.3
1738	104.8
1739	183.2
1740	0.7
1741	31.2
1742	46.4
1743	99.4
1744	154.7
1745	208.5
1746	299.7
1747	139.7
1748	178.9
1749	239.4
1750	160.7
1751	220.8
1752	175
1753	255.3
1754	220
1755	198.1
1756	167.7
1757	365.8
1758	293.4
1759	172.4
1760	213.7
1761	176.4
1762	329.7
1763	178.1
1764	413
1765	30
1766	175.7
1767	174.3
1768	0.8
1769	202.8
1770	393.3
1771	359
1772	0.8
1773	220.4
1774	182.3
1775	0.8
1776	126
1777	213.7
1778	24.3
1779	34.3
1780	16.9
1781	146.3
1782	171
1783	205.9
1784	98.4
1785	203.2
1786	230.1
1787	387.6
1788	286.4
1789	131
1790	13.6
1791	262.5
1792	180.3
1793	410.6
1794	142.4
1795	240.5
1796	254.6
1797	357.6
1798	157.9
1799	0.2
1800	423.3
1801	242
1802	237.3
1803	0.9
1804	109.7
1805	17.7
1806	280.4
1807	190.1
1808	103.5
1809	250.6
1810	352.8
1811	203.2
1812	0
1813	379.8
1814	218.4
1815	130.3
1816	153.7
1817	250.1
1818	127.6
1819	335.1
1820	343.1
1821	298.9
1822	273.4
1823	228.8
1824	0.1
1825	287.8
1826	343.1
1827	145.5
1828	167.3
1829	242
1830	1.2
1831	365.1
1832	0.3
1833	218.3
1834	0.1
1835	293.9
1836	269.4
1837	0.5
1838	0.2
1839	302.2
1840	297.7
1841	180.3
1842	334.6
1843	406.2
1844	168.1
1845	229.9
1846	0.2
1847	241.4
1848	451.9
1849	317.9
1850	276.7
1851	309.8
1852	193.4
1853	259.8
1854	327.4
1855	286.3
1856	181.5
1857	0.3
1858	261.1
1859	137
1860	277
1861	0.3
1862	321.6
1863	0.1
1864	185.2
1865	385.3
1866	465.3
1867	0.3
1868	295
1869	432.5
1870	63.7
1871	290.5
1872	220
1873	265.1
1874	426
1875	0.4
1876	328.8
1877	0.4
1878	0
1879	442.1
1880	473.3
1881	192.7
1882	0.1
1883	423.4
1884	330.8
1885	211.2
1886	256.3
1887	0.3
1888	177.2
1889	1.5
1890	451.9
1891	56.3
1892	170.7
1893	146.1
1894	205.4
1895	134.1
1896	168.8
1897	312.9
1898	325.6
1899	240.4
1900	0.3
1901	390.8
1902	202.9
1903	168.4
1904	339.5
1905	151
1906	0.1
1907	0
1908	155.6
1909	44.2
1910	36.2
1911	169
1912	157.1
1913	0.4
1914	129.9
1915	0.1
1916	225.8
1917	172
1918	140
1919	0.1
1920	0.1
1921	194.6
1922	0.8
1923	0.6
1924	0.1
1925	217.3
1926	219.8
1927	238
1928	128.4
1929	0
1930	0.4
1931	0
1932	151.2
1933	276.6
1934	271.2
1935	0.3
1936	216.2
1937	0.5
1938	353
1939	242.7
1940	0.4
1941	296.1
1942	147.6
1943	0.5
1944	188.1
1945	0
1946	1.4
1947	1
1948	0
1949	187.5
1950	241.5
1951	0.5
1952	62.5
1953	74.1
1954	0.9
1955	106.3
1956	212.1
1957	272.6
1958	0.1
1959	113.9
1960	164.4
1961	150.1
1962	189.6
1963	0.5
1964	1.2
1965	0.6
1966	224.6
1967	36.4
1968	191.9
1969	0.3
1970	258
1971	1
1972	0.9
1973	0.5
1974	247.6
1975	78.5
1976	90.4
1977	52.3
1978	266.2
1979	265.2
1980	1
1981	221.7
1982	247
1983	1.2
1984	0.7
1985	74
1986	156.1
1987	230.2
1988	44.8
1989	178.6
1990	221.3
1991	0.7
1992	0.5
1993	69.8
1994	279.3
1995	227.6
1996	0.4
1997	82.4
1998	296.3
1999	0.4
2000	128.1
2001	242.6
2002	61.7
2003	50.5
2004	0.2
2005	0.6
2006	77.5
2007	1.1
2008	33.9
2009	0.3
2010	64.2
2011	294.1
2012	0.5
2013	110.7
2014	240.9
2015	91
2016	0.5
2017	0.3
2018	100.5
2019	0.5
2020	0.5
2021	71.7
2022	82.2
2023	52.4
2024	229.6
2025	253.7
2026	0.3
2027	49.6
2028	270.1
2029	222
2030	0.9
2031	80.3
2032	9.8
2033	0.6
2034	0.3
2035	44.9
2036	223.6
2037	264.1
2038	255.5
2039	0.4
2040	0.7
2041	226.5
2042	60.1
2043	217.1
2044	243.8
2045	0.5
2046	0.7
2047	59.8
2048	0.9
2049	0.2
2050	176.6
2051	51.4
2052	0.5
2053	63.2
2054	57.9
2055	63.2
2056	261.3
2057	106.4
2058	234.3
2059	0.6
2060	74.6
2061	9.8
2062	287.4
2063	0.4
2064	60.4
2065	0.5
2066	0.1
2067	93.6
2068	0.1
2069	345.8
2070	32
2071	70.7
2072	0.2
2073	84.3
2074	183.8
2075	0.3
2076	289.3
2077	0.2
2078	110.1
2079	1.1
2080	0.2
2081	141.7
2082	0.4
2083	64.7
2084	102.9
2085	0.3
2086	81.5
2087	0.2
2088	304.2
2089	56.7
2090	211.2
2091	65.5
2092	77.3
2093	154.5
2094	0.4
2095	54.3
2096	0.5
2097	59.1
2098	149.7
2099	127.7
2100	224.6
2101	0.2
2102	129.2
2103	0.3
2104	0.1
2105	0.3
2106	0.3
2107	0.6
2108	111.7
2109	0.1
2110	0.2
2111	0.1
2112	266.3
2113	77.8
2114	0.1
2115	162.2
2116	199.7
2117	96.8
2118	58.2
2119	22.6
2120	225.4
2121	35.7
2122	170.1
2123	0.8
2124	195.3
2125	52.5
2126	0.1
2127	31.2
2128	0.3
2129	0.1
2130	0.7
2131	127
2132	217.3
2133	0.5
2134	0.1
2135	24.1
2136	365.3
2137	51.9
2138	28.6
2139	170.3
2140	0.1
2141	213.3
2142	97
2143	0.1
2144	0.1
2145	161.3
2146	53
2147	48.4
2148	173
2149	0.5
2150	54.9
2151	0.3
2152	185.4
2153	538.2
2154	206.5
2155	0.1
2156	0.1
2157	0.1
2158	54.5
2159	37
2160	546
2161	0.1
2162	0.2
2163	157
2164	0.3
2165	65.3
2166	0.1
2167	0.1
2168	0.9
2169	171.6
2170	0
2171	1.1
2172	0.1
2173	103
2174	0
2175	26.8
2176	0.3
2177	368.3
2178	46.5
2179	0.2
2180	33.5
2181	501
2182	0.6
2183	0.1
2184	0.1
2185	161.3
2186	40.1
2187	46.5
2188	0
2189	0.1
2190	71.4
2191	0.3
2192	0
2193	0.1
2194	168.6
2195	53.9
2196	0.1
2197	329.1
2198	0
2199	452.6
2200	0
2201	30.8
2202	61.5
2203	0.4
2204	0
2205	0.6
2206	34.2
2207	49.5
2208	46.3
2209	0.3
2210	290.9
2211	0.3
2212	86.1
2213	137.2
2214	0
2215	36.6
2216	38.2
2217	0.1
2218	0
2219	311.2
2220	39.4
2221	0
2222	326.3
2223	0
2224	0.2
2225	44.4
2226	50.9
2227	350
2228	0.1
2229	0.1
2230	82.1
2231	0
2232	51.4
2233	0.1
2234	250.3
2235	0.1
2236	0.1
2237	0.3
2238	0.3
2239	33.8
2240	0.2
2241	47.3
2242	0.1
2243	0.2
2244	0.1
2245	302
2246	0
2247	0.3
2248	436.6
2249	54.2
2250	0
2251	26.7
2252	189.1
2253	0.1
2254	33.5
2255	0.2
2256	173.5
2257	60.3
2258	0
2259	331.5
2260	0.1
2261	0.1
2262	0
2263	449.3
2264	396.8
2265	302.7
2266	0.1
2267	0.1
2268	109.5
2269	55
2270	0.2
2271	127.2
2272	0.1
2273	66.8
2274	0.3
2275	138
2276	139.9
2277	0.2
2278	0.2
2279	0.1
2280	0.2
2281	0.4
2282	541.9
2283	155.3
2284	0.2
2285	318.1
2286	146.9
2287	43.4
2288	175.2
2289	0.1
2290	0.1
2291	0.1
2292	344.6
2293	56.9
2294	107.1
2295	185.6
2296	208.7
2297	567.6
2298	0.1
2299	41.8
2300	0.2
2301	0.4
2302	0.6
2303	0.2
2304	0.3
2305	0.2
2306	106.6
2307	253.6
2308	0.2
2309	127.1
2310	566.2
2311	1.2
2312	0.5
2313	0.4
2314	0.3
2315	1.9
2316	0.1
2317	450.3
2318	0
2319	0.1
2320	210.1
2321	277.4
2322	0.4
2323	0.1
2324	448.6
2325	183.4
2326	107.4
2327	0.2
2328	387.7
2329	0.3
2330	1.9
2331	0.9
2332	112.3
2333	0.3
2334	214.3
2335	2
2336	95.4
2337	0.7
2338	290.6
2339	146.4
2340	204.3
2341	105.8
2342	1.3
2343	135.1
2344	0.6
2345	360.1
2346	85.6
2347	0.1
2348	0.4
2349	82.6
2350	0.3
2351	170.5
2352	0.3
2353	89.8
2354	0.7
2355	124.6
2356	1.3
2357	0.9
2358	111.6
2359	162.2
2360	97.8
2361	79
2362	218
2363	224.7
2364	94.6
2365	96.5
2366	2.3
2367	0.9
2368	127.9
2369	54.2
2370	212.4
2371	0.6
2372	86.2
2373	81.3
2374	61.3
2375	1.3
2376	2.1
2377	83.3
2378	77.1
2379	122.3
2380	101
2381	81.1
2382	207.3
2383	2.9
2384	1.2
2385	22
2386	0.8
2387	0.5
2388	104.9
2389	171.1
2390	55.2
2391	97.9
2392	223.4
2393	2.5
2394	220.1
2395	70
2396	124.2
2397	1.5
2398	20.1
2399	101.9
2400	1.2
2401	110.6
2402	235.6
2403	101.8
2404	39.1
2405	122.8
2406	85.4
2407	3.6
2408	81.8
2409	87.4
2410	119.2
2411	132.4
2412	118.1
2413	1.1
2414	52.4
2415	151.6
2416	98.8
2417	88.5
2418	117
2419	95.7
2420	179
2421	6.3
2422	108.4
2423	68
2424	157.5
2425	36
2426	3.7
2427	1.1
2428	244.4
2429	3
2430	1.2
2431	149.1
2432	1.3
2433	249.9
2434	43.3
2435	0.8
2436	1.7
2437	28.9
2438	97.7
2439	481
2440	148.1
2441	6.6
2442	71.5
2443	126.1
2444	208.7
2445	114.5
2446	41.7
2447	149.9
2448	630
2449	2.7
2450	5.3
2451	108.5
2452	126.6
2453	636.7
2454	4.3
2455	3.1
2456	584.6
2457	2.7
2458	100.9
2459	134.3
2460	25.1
2461	632.8
2462	347.2
2463	35.2
2464	605.3
2465	8.1
2466	3.1
2467	97.1
2468	134.5
2469	123
2470	612.2
2471	109.4
2472	132.3
2473	39.4
2474	378.7
2475	96.5
2476	9.3
2477	123.9
2478	115.7
2479	6.5
2480	114.5
2481	184.8
2482	21.3
2483	8.1
2484	369.1
2485	144.9
2486	136.1
2487	6.9
2488	105.7
2489	576.5
2490	230.7
2491	31.4
2492	328.1
2493	6.5
2494	95.6
2495	114.5
2496	26.9
2497	112.5
2498	135
2499	19.7
2500	456.1
2501	154.3
2502	147.8
2503	111.2
2504	218.3
2505	249.7
2506	123.2
2507	6.5
2508	349.9
2509	8.1
2510	343.8
2511	753.8
2512	238.6
2513	99.5
2514	138.4
2515	138.1
2516	1
2517	55.3
2518	100
2519	117.9
2520	423.3
2521	134.3
2522	928.4
2523	58.9
2524	5.9
2525	105
2526	137.5
2527	125.6
2528	141.4
2529	160.9
2530	121.7
2531	124.9
2532	131.1
2533	346.4
2534	135.8
2535	118.7
2536	365.7
2537	129
2538	630.1
2539	755.9
2540	455.3
2541	518.2
2542	237.7
2543	162.2
2544	179.5
2545	297.9
2546	301.9
2547	111.4
2548	363.8
2549	124.3
2550	5.6
2551	78.8
2552	757.7
2553	125.4
2554	338.6
2555	161.3
2556	152.6
2557	173.6
2558	99.9
2559	98.7
2560	757.3
2561	117.6
2562	838.3
2563	270.1
2564	313.5
2565	488.2
2566	67.8
2567	151.6
2568	929.8
2569	171.4
2570	89.1
2571	100.4
2572	1.9
2573	19.6
2574	133.8
2575	155.2
2576	105.2
2577	119.7
2578	151.9
2579	148.7
2580	2.2
2581	364.2
2582	680.2
2583	459.9
2584	5.4
2585	399.1
2586	539.1
2587	150.3
2588	113.4
2589	133.8
2590	148.5
2591	148.1
2592	128.8
2593	100.1
2594	65.7
2595	5
2596	671.4
2597	150.4
2598	821.3
2599	117.2
2600	134.6
2601	126.2
2602	445
2603	102.9
2604	949.7
2605	165.4
2606	50.2
2607	611.4
2608	98.8
2609	478.4
2610	17.6
2611	404
2612	113.2
2613	145.4
2614	640.8
2615	158.9
2616	354.4
2617	906.2
2618	130.2
2619	4
2620	999.6
2621	45.6
2622	164.1
2623	577.1
2624	113.1
2625	797.7
2626	36.9
2627	152.8
2628	176.3
2629	4.8
2630	145.2
2631	114.6
2632	296.4
2633	153.2
2634	167
2635	116.6
2636	413.9
2637	3.7
2638	204.1
2639	120.1
2640	93.2
2641	223.2
2642	320.4
2643	1105.6
2644	45.8
2645	1130.5
2646	97.7
2647	55.6
2648	247.4
2649	74.5
2650	580.7
2651	3
2652	63
2653	162.2
2654	32.6
2655	106.7
2656	378.5
2657	49.9
2658	131.8
2659	282.6
2660	1009.9
2661	354.1
2662	921.8
2663	69.1
2664	124
2665	90.6
2666	227.3
2667	28.4
2668	291.1
2669	148.1
2670	900.8
2671	179
2672	263.5
2673	4.1
2674	44.8
2675	46.5
2676	8.3
2677	1040.5
2678	300.3
2679	65.3
2680	283.4
2681	366.1
2682	380.4
2683	140.2
2684	111.2
2685	136.1
2686	239.2
2687	285.6
2688	210
2689	315.8
2690	373.6
2691	351
2692	5.2
2693	603.3
2694	228.7
2695	2.5
2696	140.4
2697	2.6
2698	653.1
2699	98.8
2700	218.6
2701	13.1
2702	375.4
2703	102.8
2704	15.6
2705	130
2706	263.3
2707	59.1
2708	321.7
2709	248
2710	495.5
2711	259.3
2712	0.9
2713	139.2
2714	345.9
2715	91.9
2716	416
2717	240.3
2718	84.3
2719	245.6
2720	269
2721	102.4
2722	343.4
2723	184.5
2724	166.8
2725	359.4
2726	123.4
2727	169.4
2728	86.9
2729	144.3
2730	365.6
2731	0.9
2732	222.2
2733	252.9
2734	343.3
2735	113.5
2736	24
2737	109.7
2738	231.1
2739	106.9
2740	289.1
2741	226.1
2742	231.5
2743	106.7
2744	107.4
2745	111
2746	32.7
2747	85.1
2748	1.4
2749	115.7
2750	298
2751	505.7
2752	132.6
2753	103.4
2754	316.1
2755	192
2756	88.2
2757	124.1
2758	508.8
2759	91.4
2760	99.4
2761	89
2762	105.9
2763	121.1
2764	322.3
2765	243.9
2766	293.5
2767	36.8
2768	210
2769	100.8
2770	112.2
2771	403.4
2772	229.6
2773	44.2
2774	737.5
2775	412.2
2776	124.4
2777	299.2
2778	488.8
2779	123.5
2780	30.3
2781	135.5
2782	152.3
2783	177
2784	194
2785	163.2
2786	188.1
2787	287.1
2788	95.6
2789	409.7
2790	178.9
2791	300.8
2792	449.1
2793	489.6
2794	134.6
2795	88.4
2796	193.8
2797	837.2
2798	250
2799	133.3
2800	419.5
2801	365.2
2802	515.7
2803	84.7
2804	35.3
2805	445.1
2806	136.8
2807	828.4
2808	364
2809	329
2810	25.6
2811	475.4
2812	178.3
2813	258
2814	171.5
2815	540.3
2816	82.2
2817	124.3
2818	397.9
2819	224.4
2820	378.6
2821	287.9
2822	133
2823	271.1
2824	68.7
2825	128
2826	114.7
2827	30
2828	192.1
2829	213.6
2830	163.8
2831	286.2
2832	271.2
2833	88
2834	552.9
2835	354.4
2836	215.1
2837	226.5
2838	411.1
2839	236.5
2840	431.9
2841	299.7
2842	241.1
2843	148.3
2844	50.7
2845	102.1
2846	25.1
2847	563.9
2848	482.9
2849	281.8
2850	483.1
2851	207.2
2852	186.2
2853	163.7
2854	492.6
2855	195.7
2856	277.5
2857	166.6
2858	350.3
2859	122.1
2860	135.6
2861	280.8
2862	166.8
2863	58.6
2864	172.3
2865	415.6
2866	469.4
2867	134.4
2868	99.2
2869	246.9
2870	106.8
2871	385.7
2872	429.3
2873	451.4
2874	52.5
2875	183
2876	35.4
2877	169
2878	230
2879	49.4
2880	237
2881	179.9
2882	535.9
2883	154.6
2884	240.4
2885	97.1
2886	330.5
2887	60.6
2888	40
2889	152.6
2890	189.2
2891	407.9
2892	435.1
2893	336.5
2894	287.1
2895	428.6
2896	36.4
2897	477.6
2898	123.9
2899	427.7
2900	213.6
2901	52.8
2902	190.3
2903	433.2
2904	35.1
2905	162.1
2906	423.2
2907	136.2
2908	147.3
2909	719.5
2910	130.8
2911	399.9
2912	189.9
2913	724.6
2914	637.3
2915	63.8
2916	520.7
2917	214.4
2918	504.8
2919	51.4
2920	60.3
2921	349.2
2922	138.1
2923	145.8
2924	310.4
2925	407.9
2926	165.8
2927	44.6
2928	305.6
2929	121.9
2930	517.4
2931	253.6
2932	466.5
2933	239.1
2934	36.5
2935	153.8
2936	44
2937	104.2
2938	45.4
2939	175.2
2940	39.5
2941	134.8
2942	45.6
2943	1169.4
2944	39.3
2945	201.3
2946	295.4
2947	576.7
2948	204.5
2949	163.2
2950	137.6
2951	742.9
2952	188.1
2953	1246.4
2954	306.4
2955	980.9
2956	524
2957	236.9
2958	228.3
2959	74.9
2960	172.9
2961	152.1
2962	142.1
2963	301.7
2964	1096.4
2965	119.8
2966	875
2967	800
2968	167.4
2969	59.7
2970	36.4
2971	168.8
2972	304.6
2973	33.6
2974	192.3
2975	293.7
2976	515.4
2977	356.1
2978	289.6
2979	214.6
2980	223.8
2981	284.8
2982	805.3
2983	230
2984	189.2
2985	205.2
2986	195
2987	162.7
2988	222.6
2989	35.3
2990	120.5
2991	376.7
2992	373.4
2993	176.5
2994	195
2995	264
2996	901.4
2997	521
2998	108.1
2999	550.8
3000	124.4
3001	105.8
3002	199.9
3003	155.2
3004	276.9
3005	268.8
3006	259.8
3007	246.1
3008	235.1
3009	268
3010	32.8
3011	203.9
3012	655.8
3013	220.6
3014	109.2
3015	169.9
3016	198.3
3017	321.1
3018	139.1
3019	154.4
3020	146.1
3021	303
3022	81.9
3023	239.3
3024	230.7
3025	115
3026	228.6
3027	300.4
3028	168.5
3029	300.9
3030	40.6
3031	393.8
3032	437.1
3033	118.3
3034	593.6
3035	143.1
3036	43
3037	404.1
3038	112.2
3039	162.7
3040	462.6
3041	257.7
3042	335.3
3043	385.4
3044	198.3
3045	429.7
3046	81.7
3047	92
3048	336.8
3049	140.7
3050	259.8
3051	352.2
3052	226.9
3053	453.1
3054	132.2
3055	187.8
3056	415.5
3057	89.3
3058	517.3
3059	243.1
3060	82.9
3061	107.4
3062	217
3063	267.5
3064	470.6
3065	95.3
3066	358.3
3067	101.5
3068	308.6
3069	172
3070	242.6
3071	475.8
3072	201.8
3073	31.4
3074	427.3
3075	369.7
3076	568.4
3077	322.1
3078	152.8
3079	405.4
3080	388
3081	113.1
3082	100.8
3083	351.6
3084	115.4
3085	186.2
3086	305.8
3087	459.9
3088	400.1
3089	440.2
3090	260.2
3091	138.9
3092	63.1
3093	555.8
3094	48.1
3095	86.4
3096	369.2
3097	52.2
3098	457.3
3099	83.4
3100	323
3101	19.6
3102	294.9
3103	490
3104	456.8
3105	111.7
3106	425
3107	384.5
3108	91.7
3109	327.8
3110	69.6
3111	715.1
3112	18.9
3113	733.7
3114	271.2
3115	119.3
3116	306
3117	139.3
3118	418.2
3119	358.3
3120	14.2
3121	472.3
3122	35
3123	454.3
3124	33.7
3125	146.6
3126	31.5
3127	16.2
3128	82
3129	60
3130	100.7
3131	340.7
3132	358.3
3133	648.7
3134	676.5
3135	34.9
3136	673.7
3137	26.9
3138	67.2
3139	871.8
3140	238.9
3141	51.3
3142	326.8
3143	497.1
3144	133.6
3145	19.8
3146	48.3
3147	25.6
3148	89.2
3149	55.8
3150	17.8
3151	673.9
3152	951.6
3153	464.6
3154	285.5
3155	257.9
3156	149.7
3157	123.1
3158	17.7
3159	275.8
3160	19.2
3161	602.1
3162	950.6
3163	57.5
3164	33.7
3165	86.2
3166	1057.4
3167	75.5
3168	773.7
3169	52.7
3170	524.7
3171	101.5
3172	643.2
3173	42.4
3174	216.9
3175	366.8
3176	61.6
3177	96.3
3178	156.2
3179	64.3
3180	27.6
3181	52.9
3182	447.7
3183	474.2
3184	949
3185	724.6
3186	243
3187	252.1
3188	263.4
3189	161.9
3190	91
3191	71.8
3192	355.6
3193	42
3194	502.9
3195	1162.8
3196	15.9
3197	59.5
3198	58.3
3199	526.7
3200	43
3201	62.4
3202	996.4
3203	514.1
3204	54.2
3205	871.3
3206	65.2
3207	88.5
3208	46.7
3209	14.4
3210	712.6
3211	920.7
3212	668.6
3213	58.2
3214	39
3215	23.9
3216	71.7
3217	173.8
3218	772.1
3219	729.2
3220	66.2
3221	88.1
3222	677.4
3223	48.5
3224	1158.8
3225	77
3226	1217.1
3227	123.7
3228	32.7
3229	23.7
3230	74.5
3231	29.4
3232	76
3233	66.7
3234	1081.6
3235	1173.2
3236	705
3237	35.6
3238	669.3
3239	17
3240	149.2
3241	161.6
3242	50.6
3243	664.7
3244	54.7
3245	96
3246	215.2
3247	12.9
3248	46.2
3249	104.4
3250	118.8
3251	502.2
3252	741.7
3253	35.6
3254	679.7
3255	40.2
3256	150.8
3257	794.1
3258	78
3259	213
3260	73.9
3261	21.3
3262	518.3
3263	64.4
3264	41.9
3265	87
3266	32.2
3267	252.6
3268	538
3269	836.6
3270	29.2
3271	28.8
3272	558.1
3273	29.9
3274	862
3275	43.5
3276	47.9
3277	30.1
3278	484.9
3279	49.8
3280	54.8
3281	162.7
3282	31.2
3283	291.3
3284	36.1
3285	24.5
3286	667.4
3287	60.7
3288	42.9
3289	46.8
3290	268.9
3291	570.6
3292	59.9
3293	36.1
3294	39.9
3295	80.5
3296	36.1
3297	39.9
3298	125.3
3299	30.3
3300	209.3
3301	64.7
3302	151.2
3303	665.9
3304	60.1
3305	277
3306	53.7
3307	86.3
3308	464.6
3309	27.9
3310	49.8
3311	105
3312	51.5
3313	53.2
3314	26.2
3315	49.9
3316	235.9
3317	36
3318	102.6
3319	22.1
3320	28
3321	38
3322	29.8
3323	34.2
3324	48.2
3325	60.2
3326	24.7
3327	21.8
3328	71.2
3329	25.6
3330	107.3
3331	117.7
3332	92.7
3333	50.5
3334	37
3335	267.8
3336	29.9
3337	19
3338	42.3
3339	34
3340	43.3
3341	187.3
3342	26.2
3343	88.8
3344	50.7
3345	20.1
3346	31.3
3347	27.4
3348	17.2
3349	27
3350	137.7
3351	38.5
3352	101.2
3353	41
3354	42.4
3355	54.5
3356	60.5
3357	28.2
3358	39.2
3359	50.2
3360	172.1
3361	34.8
3362	23
3363	88.9
3364	32
3365	68.2
3366	54.5
3367	61
3368	51.8
3369	35.3
3370	30.9
3371	58.8
3372	57.6
3373	58.9
3374	60.2
3375	28.1
3376	76.1
3377	22.5
3378	24.4
3379	34.9
3380	74.8
3381	59.9
3382	22.1
3383	68.5
3384	73.8
3385	68.6
3386	63.8
3387	23.9
3388	20.5
3389	91.6
3390	88.5
3391	71.1
3392	85.1
3393	28.3
3394	112.1
3395	74
3396	73
3397	95.7
3398	36
3399	23.3
3400	491.3
3401	354.7
3402	259.8
3403	163.4
3404	261.9
3405	235.2
3406	349.9
3407	156.3
3408	364.7
3409	183.9
3410	0
3411	0
3412	286.9
3413	284.2
3414	281.2
3415	229.8
3416	30.4
3417	303.9
3418	329.5
3419	0.1
3420	22.6
3421	0.3
3422	322
3423	160.5
3424	213.6
3425	392.2
3426	277.1
3427	20.6
3428	38.3
3429	611.2
3430	32.9
3431	273.6
3432	521.4
3433	244.3
3434	226.8
3435	1
3436	304.5
3437	195.7
3438	0.8
3439	0.7
3440	244.7
3441	277.9
3442	3.4
3443	179.1
3444	167.3
3445	0.4
3446	2.1
3447	0.8
3448	5.2
3449	240.5
3450	0.7
3451	271.8
3452	223.4
3453	287.5
3454	205.1
3455	168.2
3456	45.1
3457	224.2
3458	158
3459	14.9
3460	293.9
3461	36.5
3462	248.9
3463	390.4
3464	12
3465	32.4
3466	155.5
3467	122.2
3468	180.1
3469	148.1
3470	199.8
3471	266.4
3472	83
3473	177
3474	312.9
3475	0.3
3476	0.3
3477	171.1
3478	221.8
3479	0.1
3480	178.4
3481	190.3
3482	36.6
3483	75.2
3484	174
3485	81.9
3486	0.1
3487	216.3
3488	46.4
3489	220.9
3490	136.8
3491	1.2
3492	152.7
3493	61
3494	189.3
3495	389.2
3496	35.1
3497	30.6
3498	28
3499	211.4
3500	49.9
3501	87.5
3502	45
3503	0
3504	0.1
3505	110.7
3506	281.1
3507	0.1
3508	122.7
3509	131.9
3510	0.1
3511	122.6
3512	95.6
3513	286.6
3514	67.3
3515	225.7
3516	88.7
3517	86.2
3518	128.1
3519	122
3520	4.6
3521	1.6
3522	656.2
3523	112.5
3524	90
3525	95.3
3526	86.7
3527	92.3
3528	409.4
3529	136.5
3530	130.9
3531	676.8
3532	120.1
3533	3.5
3534	5
3535	198.2
3536	329.3
3537	60.4
3538	1.8
3539	279.9
3540	728.6
3541	303
3542	453.1
3543	237.7
3544	234.5
3545	812.2
3546	243.9
3547	145.3
3548	514.2
3549	233.3
3550	186.4
3551	183.9
3552	175.2
3553	232
3554	211.2
3555	512.4
3556	201.9
3557	35.1
3558	1053.8
3559	29.7
3560	421.9
3561	116.2
3562	98.3
3563	376.6
3564	138.8
3565	251
3566	141.4
3567	312.6
3568	442
3569	281.8
3570	347.8
3571	351.5
3572	108.2
3573	497
3574	396.5
3575	224.4
3576	829.5
3577	728.2
3578	478.6
3579	124.2
3580	119.4
3581	59.8
3582	814.7
3583	57.3
3584	1454.2
3585	86.9
3586	969.5
3587	57
3588	55.9
3589	44.9
3590	26
3591	261.6
3592	29.7
3593	19.9
3594	78.5
