"COMID"	"Value"
1	1
2	12.5
3	0.1
4	0.1
5	0.3
6	0
7	1
8	1.2
9	9.1
10	0
11	0.2
12	6.5
13	0
14	6.3
15	0.6
16	1.6
17	3.7
18	1
19	0.2
20	1.6
21	0.8
22	0.2
23	0
24	0.5
25	0.7
26	0.4
27	0.4
28	0.2
29	0.4
30	0
31	4.4
32	0.1
33	0.6
34	7.9
35	0.1
36	1.4
37	8.3
38	0
39	3.2
40	7
41	5.3
42	0.6
43	9.6
44	0
45	11.9
46	52.7
47	1.1
48	0.9
49	1.9
50	17.7
51	1.2
52	6.1
53	0.7
54	0.6
55	0.8
56	15.3
57	8.6
58	10.9
59	4
60	10.1
61	0.6
62	0.6
63	0.4
64	15.8
65	1.4
66	1.3
67	3.9
68	0.3
69	0.9
70	0.1
71	2
72	1.2
73	0.7
74	0.2
75	0.3
76	0.1
77	0
78	0.1
79	1.8
80	0.1
81	0
82	0
83	13
84	0
85	0.5
86	0.2
87	0.7
88	2.8
89	0.1
90	0.7
91	1.3
92	2
93	1.4
94	2.8
95	0.7
96	2
97	4.9
98	2
99	0.1
100	1.8
101	0.2
102	0.4
103	0.9
104	1.5
105	0.6
106	0.4
107	0.2
108	0
109	0.7
110	3.1
111	0
112	0.3
113	17.9
114	0.4
115	0.6
116	0.3
117	0
118	0.5
119	0
120	0.3
121	0.1
122	3.7
123	1.5
124	0.3
125	0.2
126	1.3
127	0.2
128	0
129	1
130	0.9
131	3.6
132	0.1
133	0
134	3.9
135	0.9
136	0.4
137	0.1
138	0.5
139	0.2
140	0.5
141	1
142	0.2
143	0
144	0.3
145	18.6
146	0.4
147	0.6
148	0.1
149	0.2
150	0.5
151	0
152	0.9
153	0.1
154	1.9
155	0
156	1.6
157	0.3
158	0.8
159	2.3
160	1.8
161	1.4
162	0.1
163	0.1
164	0.1
165	0
166	0.1
167	0.1
168	0
169	0
170	0.6
171	0.7
172	0.2
173	0.1
174	42.5
175	0.1
176	0.8
177	1.9
178	2.3
179	0.3
180	0.2
181	0
182	6.4
183	0
184	0.2
185	0.3
186	1.4
187	0.1
188	0.1
189	0.1
190	0.3
191	0.2
192	0.2
193	8.3
194	0.5
195	0
196	0.4
197	1.1
198	0.3
199	0.2
200	19.1
201	19.4
202	0.1
203	0.1
204	10.3
205	1.4
206	1.2
207	1.6
208	0.4
209	0.3
210	0.3
211	0.5
212	0.2
213	1.2
214	0.1
215	0.2
216	1.7
217	0.2
218	0.1
219	0.1
220	12.4
221	0
222	0.1
223	3.1
224	0
225	4.5
226	0
227	1.2
228	0.9
229	0.4
230	4.8
231	0.7
232	0.1
233	1.4
234	6.5
235	4.8
236	0.2
237	0.4
238	0.3
239	0
240	0.3
241	0
242	1.2
243	0
244	0.4
245	0.5
246	0.3
247	0
248	0
249	1.2
250	0.5
251	0
252	1.4
253	0.2
254	0
255	0
256	0
257	0
258	0
259	0
260	0
261	0.2
262	0
263	0
264	0
265	0
266	0.2
267	0.8
268	1
269	1.4
270	0
271	0.3
272	0
273	0.3
274	6.5
275	0
276	0
277	0.2
278	0
279	5
280	0
281	0
282	0.5
283	0.2
284	0.2
285	0
286	0
287	1.3
288	0.1
289	0.3
290	0.4
291	5.2
292	0.3
293	6.5
294	4.7
295	0.1
296	1.3
297	0.4
298	0
299	0
300	1.7
301	0.2
302	1.6
303	0.5
304	0.1
305	0.7
306	0.3
307	2.4
308	0.1
309	0.4
310	0.5
311	0.4
312	3.2
313	0.6
314	1.9
315	0.4
316	0.8
317	0
318	0.9
319	0
320	0.5
321	1.3
322	0.3
323	0.5
324	0.1
325	0
326	0.7
327	0.1
328	0.3
329	1.3
330	0
331	2.5
332	0.1
333	2.6
334	0.3
335	0.1
336	0.4
337	0
338	2.7
339	1.8
340	0.1
341	3.2
342	6.5
343	1.8
344	5.9
345	0.3
346	0
347	0.1
348	0.3
349	0.3
350	0.3
351	0.3
352	0.4
353	0.2
354	0.4
355	0
356	0.3
357	0.5
358	0.7
359	0
360	0.2
361	0.7
362	0.2
363	0.2
364	0.5
365	0.4
366	1.2
367	6.5
368	2.1
369	0
370	0.1
371	0.5
372	7.7
373	0.4
374	7
375	0.8
376	10.5
377	0.2
378	3.5
379	0
380	0.3
381	0
382	0
383	2.1
384	52.7
385	0
386	7
387	11.1
388	4.8
389	4.4
390	12.5
391	5.3
392	3.5
393	0
394	1
395	0
396	0
397	7
398	25.7
399	0.3
400	24.2
401	0.2
402	0
403	0
404	0
405	5.5
406	0.8
407	0.3
408	0
409	0
410	10.4
411	0.2
412	0
413	1
414	0
415	0
416	0.3
417	0
418	0
419	3.6
420	0
421	0.7
422	0
423	0.9
424	2.8
425	1.2
426	0.7
427	6
428	0.6
429	0.1
430	2.5
431	0
432	0.6
433	15.9
434	5.9
435	0.6
436	17.4
437	17.5
438	13.5
439	0
440	0.1
441	9.4
442	18
443	0.7
444	0.5
445	10.5
446	7.2
447	2.7
448	1.6
449	1.6
450	0.6
451	0
452	1.3
453	17.6
454	8.1
455	7.4
456	5.5
457	0.4
458	0.6
459	0.4
460	0.4
461	3.9
462	0.6
463	36.7
464	17.7
465	2
466	0.5
467	1
468	18.7
469	0.6
470	10.3
471	8.1
472	0.1
473	4.2
474	10.9
475	5
476	5
477	1.7
478	2.8
479	12.2
480	0.1
481	0
482	0.5
483	2.6
484	2.4
485	12.9
486	0
487	0.5
488	3.4
489	0
490	3.5
491	1.3
492	0.8
493	3.5
494	0.6
495	0
496	0
497	0.4
498	1.3
499	0
500	0.3
501	0.7
502	0.8
503	0.9
504	1.3
505	0.8
506	1.6
507	1
508	4.3
509	3.8
510	1.5
511	2.3
512	1.1
513	0
514	0.4
515	0
516	1.4
517	1.9
518	0.5
519	0.8
520	0
521	2.6
522	0.8
523	0
524	0.7
525	0.3
526	6.7
527	0.1
528	7.2
529	0.7
530	2.9
531	2.1
532	0.2
533	0.1
534	3
535	5.2
536	0.1
537	0
538	0
539	0.1
540	0.6
541	16.3
542	2.7
543	0.4
544	0.3
545	0.3
546	1.7
547	2
548	0
549	0
550	3.5
551	19
552	3.1
553	0.5
554	0.3
555	5
556	2.4
557	0.5
558	0
559	1.2
560	1.3
561	0.1
562	2
563	0
564	21.9
565	0.8
566	1.6
567	1.1
568	5.4
569	2
570	0
571	0.2
572	57.5
573	3.6
574	2
575	1.1
576	57.5
577	0
578	0.8
579	1.2
580	50.4
581	79.4
582	14.5
583	4.9
584	3.7
585	0
586	1.8
587	2.7
588	15.8
589	5.9
590	0
591	0.4
592	0.6
593	49.1
594	0.9
595	15.6
596	0.6
597	79.4
598	6.9
599	1.7
600	0.5
601	2
602	0
603	0
604	15.8
605	0
606	0.2
607	8.9
608	1.1
609	0
610	1.6
611	0.4
612	0
613	0
614	0.1
615	0
616	0
617	37.1
618	37.2
619	4.3
620	4.3
621	0
622	0.1
623	0.2
624	0.2
625	11
626	0.5
627	42.2
628	0.9
629	0.9
630	4.8
631	1.5
632	37.2
633	1.1
634	0
635	1.3
636	0.8
637	1.9
638	7.7
639	48.8
640	0
641	27.6
642	0
643	0.3
644	0
645	0
646	0.7
647	13.2
648	0.1
649	0.1
650	0.8
651	5.1
652	0.6
653	0
654	1.4
655	0
656	3
657	0.4
658	0.2
659	0.1
660	0
661	0.4
662	0.8
663	0.2
664	12.2
665	3.9
666	13.7
667	49
668	24
669	0.7
670	2.5
671	14.5
672	9.8
673	0.9
674	0
675	1.3
676	1.5
677	23
678	1.1
679	0.8
680	0
681	3.1
682	0.8
683	11.2
684	0.3
685	9.6
686	2.8
687	0
688	0.9
689	17.7
690	0.8
691	51.2
692	6.7
693	1
694	0
695	51.9
696	1.5
697	3.8
698	0.2
699	0.6
700	0.8
701	0.5
702	0.9
703	2.4
704	0.3
705	0.2
706	1
707	1.9
708	2.7
709	0.2
710	0.9
711	0
712	0
713	0.1
714	1
715	2.4
716	0
717	11.6
718	0.6
719	0.1
720	4.3
721	4.5
722	0
723	0.6
724	1.1
725	24.5
726	0
727	0
728	0.1
729	52.4
730	1.2
731	0.4
732	0
733	0.2
734	1.2
735	0
736	2.8
737	0.7
738	1.6
739	1.7
740	1.6
741	0
742	0.2
743	0.1
744	0
745	0
746	0.5
747	1
748	0
749	0.4
750	1.5
751	8.8
752	0.1
753	1.9
754	2.2
755	0.1
756	1.4
757	1.2
758	0.2
759	1.2
760	1.8
761	0.7
762	0.1
763	0.1
764	3.9
765	7.4
766	0
767	0.1
768	0.2
769	1.1
770	0.3
771	0.3
772	0.1
773	2.7
774	3.7
775	0.3
776	1
777	0.8
778	4.8
779	0
780	0.8
781	4.3
782	123.5
783	32.2
784	32.9
785	69.3
786	163.3
787	39
788	36.2
789	36.7
790	100.5
791	34.8
792	29.3
793	436
794	29.1
795	65.1
796	8.6
797	32.4
798	9.4
799	42.8
800	22.3
801	450.4
802	496.9
803	102.6
804	47.1
805	516.1
806	385
807	21.9
808	433
809	61.4
810	63.4
811	547.3
812	242.8
813	408.5
814	13.3
815	13.8
816	1048
817	18.9
818	29.7
819	202.3
820	473.6
821	10.4
822	27.4
823	1038.3
824	297.8
825	9.3
826	53.8
827	23.1
828	38.8
829	1073.3
830	36.8
831	1166.4
832	338
833	68.7
834	80.7
835	107.5
836	83.5
837	17
838	70.7
839	9.5
840	54.3
841	164.8
842	1262.1
843	4.2
844	24.7
845	635.6
846	18.4
847	454.7
848	14.4
849	34.9
850	167.7
851	42.4
852	41.4
853	9
854	29.5
855	31.5
856	18.7
857	15.8
858	24.2
859	654.1
860	17
861	83.6
862	2.5
863	828.9
864	10.4
865	128.6
866	1313
867	26.2
868	39.4
869	938.1
870	3.7
871	666.2
872	13.6
873	1
874	902.4
875	30.1
876	10.6
877	10.6
878	12.2
879	48.1
880	700.6
881	66.9
882	12.6
883	13.2
884	11.1
885	55.8
886	0.8
887	1351.1
888	21.1
889	88.2
890	66.7
891	150.2
892	28
893	48.7
894	1
895	96.8
896	31.4
897	9.2
898	977.6
899	19.3
900	72.5
901	779.9
902	18.1
903	29
904	42.9
905	14.8
906	43.8
907	51.5
908	1383.7
909	32.6
910	0
911	10.6
912	182.2
913	13.5
914	180.5
915	0
916	1165.3
917	20.4
918	24.5
919	10.6
920	18.9
921	16.6
922	31.3
923	3.4
924	796.7
925	11.7
926	24
927	8.6
928	0.1
929	1570
930	48.2
931	8.6
932	0.2
933	12
934	0
935	25
936	68.2
937	26.2
938	73.9
939	17
940	1649.3
941	44.7
942	76.7
943	0
944	116.6
945	14.2
946	99.7
947	0
948	1342.2
949	13.6
950	21.8
951	12.4
952	1639.5
953	12.9
954	0.1
955	27.8
956	167.1
957	8
958	12.6
959	1661.4
960	56.6
961	15.5
962	24.1
963	10.1
964	0
965	41.2
966	138.7
967	0
968	1670.9
969	7.5
970	13.7
971	65.2
972	27.7
973	14.5
974	1686.7
975	62
976	52.3
977	18.6
978	13.3
979	8.8
980	361.6
981	111.4
982	44.1
983	63.2
984	12.7
985	50.4
986	18.1
987	14.3
988	20.5
989	66.4
990	0
991	29.4
992	0
993	63.8
994	10.7
995	65.3
996	317.6
997	30.8
998	14.6
999	26.1
1000	0
1001	0.2
1002	36.5
1003	0
1004	372.3
1005	43.3
1006	17.4
1007	0
1008	0.2
1009	0
1010	113
1011	44.9
1012	14.7
1013	15.2
1014	17.5
1015	0.2
1016	0
1017	97.7
1018	15
1019	0.2
1020	33.5
1021	153
1022	11.1
1023	56.6
1024	32.2
1025	159.3
1026	40.2
1027	29.4
1028	443.4
1029	15.5
1030	0.1
1031	0
1032	0
1033	0.1
1034	53.3
1035	0.1
1036	936.1
1037	1728.2
1038	25.4
1039	191.3
1040	17.5
1041	11.4
1042	0.1
1043	0
1044	170.7
1045	0.1
1046	0.6
1047	88.7
1048	475
1049	15.4
1050	0
1051	1025.6
1052	621.5
1053	16.3
1054	2310.1
1055	551.2
1056	73.8
1057	0
1058	1197.6
1059	0.2
1060	25.1
1061	0
1062	19
1063	34
1064	0
1065	1899.1
1066	14.2
1067	0.3
1068	0.1
1069	0
1070	14.4
1071	7.1
1072	0.1
1073	0.1
1074	37.5
1075	0
1076	17.6
1077	0.4
1078	106.9
1079	2470.3
1080	1.1
1081	0.1
1082	34.4
1083	0
1084	38.7
1085	25
1086	201.6
1087	0
1088	0
1089	0.1
1090	2436.9
1091	33.1
1092	0
1093	0.2
1094	0.1
1095	0.2
1096	0.1
1097	15.6
1098	0.1
1099	0
1100	0
1101	0.1
1102	1267.2
1103	0
1104	18.4
1105	0.1
1106	0.2
1107	0.4
1108	0.2
1109	2475.5
1110	0
1111	0
1112	260.1
1113	27.3
1114	28.8
1115	0.1
1116	0.2
1117	132.3
1118	0.1
1119	18.4
1120	0.3
1121	0.1
1122	0.7
1123	0.8
1124	13.7
1125	19.7
1126	20
1127	19.3
1128	442.3
1129	87
1130	0.3
1131	0
1132	97.2
1133	176.9
1134	2090.8
1135	2489.2
1136	0
1137	0.1
1138	0.3
1139	19.2
1140	1429
1141	0.2
1142	0
1143	15.6
1144	1
1145	0.2
1146	0.1
1147	2120.9
1148	20.4
1149	2117.7
1150	19.3
1151	2121
1152	505
1153	523.3
1154	0
1155	0
1156	11.9
1157	19.5
1158	145.6
1159	53.6
1160	0.5
1161	0.1
1162	0.2
1163	0.5
1164	17
1165	2518
1166	40.6
1167	13.6
1168	114.4
1169	25.8
1170	13.3
1171	2092.5
1172	80.7
1173	0.7
1174	37.5
1175	0.1
1176	19.7
1177	0
1178	0.2
1179	16
1180	0.6
1181	2092.1
1182	2122.2
1183	0
1184	3980
1185	26.9
1186	537.4
1187	2097.4
1188	2122.8
1189	2092.6
1190	2097.8
1191	19.8
1192	2123
1193	15.9
1194	2120.7
1195	11.2
1196	2097.5
1197	4125.6
1198	0
1199	23.4
1200	6.3
1201	2119.9
1202	0.8
1203	4125.6
1204	2094.3
1205	0.1
1206	0
1207	2091.5
1208	0.1
1209	2119.1
1210	38.7
1211	36.5
1212	0
1213	29.3
1214	574.1
1215	2093.2
1216	11
1217	3
1218	0.4
1219	0.1
1220	13.8
1221	2122.7
1222	2122.2
1223	0.4
1224	2122.9
1225	12.7
1226	18.2
1227	7
1228	0.1
1229	2093
1230	13.3
1231	0
1232	32.8
1233	0.1
1234	0.9
1235	0.2
1236	0
1237	138.4
1238	10.7
1239	0
1240	2123.2
1241	218.2
1242	55
1243	0.6
1244	2123.4
1245	33.2
1246	11.7
1247	88.9
1248	53.7
1249	52.3
1250	7.6
1251	0.1
1252	4125.6
1253	2130.4
1254	1.4
1255	0
1256	24.9
1257	4.8
1258	0.2
1259	0
1260	9.9
1261	15.2
1262	0.1
1263	0.7
1264	5.3
1265	11.2
1266	636.5
1267	4125.6
1268	20.5
1269	5.2
1270	67.7
1271	0.3
1272	2130.4
1273	4.3
1274	16.3
1275	2130.2
1276	24.9
1277	11.1
1278	223.6
1279	3.5
1280	63.5
1281	3.6
1282	0
1283	19.4
1284	43.6
1285	4.9
1286	25.3
1287	0.4
1288	2.3
1289	84.2
1290	1.6
1291	45
1292	0.8
1293	3.3
1294	3
1295	8.1
1296	0.1
1297	18.2
1298	645.9
1299	6.7
1300	3.9
1301	0
1302	2
1303	6.3
1304	3.9
1305	32.1
1306	0
1307	266.4
1308	1.3
1309	0
1310	99.2
1311	8.9
1312	20.4
1313	0.4
1314	21.6
1315	63.5
1316	6.5
1317	4.8
1318	0.3
1319	41.9
1320	9.8
1321	0
1322	4125.6
1323	0
1324	0.3
1325	99.5
1326	0
1327	0
1328	181.6
1329	12.7
1330	60.8
1331	13.8
1332	9.2
1333	29.8
1334	70
1335	0.4
1336	12.6
1337	0
1338	0
1339	0.3
1340	5.1
1341	15.9
1342	185.2
1343	0
1344	0
1345	0.2
1346	63.5
1347	378.4
1348	12.1
1349	0.1
1350	4125.6
1351	7.5
1352	3.4
1353	173.6
1354	0
1355	14.8
1356	5.1
1357	13.6
1358	8.4
1359	0.3
1360	0
1361	0.2
1362	8.1
1363	63.5
1364	0
1365	80.8
1366	0
1367	63.5
1368	5.9
1369	0
1370	0.1
1371	0
1372	0.9
1373	115
1374	0.5
1375	36.6
1376	3.4
1377	1.1
1378	0.1
1379	0.1
1380	27.3
1381	63.5
1382	12.5
1383	0
1384	1
1385	4.3
1386	8.2
1387	0
1388	0
1389	0
1390	8.8
1391	1014.7
1392	16.4
1393	0
1394	0
1395	30.5
1396	0
1397	19.8
1398	0
1399	63.5
1400	7.7
1401	0
1402	0
1403	232.1
1404	0.5
1405	0.5
1406	0
1407	63.5
1408	0
1409	750.1
1410	0
1411	347.7
1412	0.1
1413	31.4
1414	0.8
1415	10.4
1416	85.3
1417	0
1418	6.6
1419	0
1420	1
1421	0
1422	0
1423	17.1
1424	149.8
1425	0
1426	317
1427	0.1
1428	0
1429	0
1430	9.1
1431	247.4
1432	0
1433	7.8
1434	4189.1
1435	29.4
1436	4125.6
1437	149.8
1438	0
1439	0.1
1440	4.8
1441	5.9
1442	21227.5
1443	44.2
1444	0
1445	0
1446	1108.2
1447	0.1
1448	59.6
1449	63.5
1450	0
1451	21227.5
1452	4189.1
1453	38.9
1454	19.6
1455	0
1456	17038.4
1457	288.4
1458	6
1459	0.1
1460	0
1461	96.1
1462	21227.5
1463	0
1464	0
1465	0
1466	19.7
1467	0
1468	21227.5
1469	9.2
1470	1082.2
1471	0
1472	21227.5
1473	1155
1474	0.5
1475	26.3
1476	21227.5
1477	0
1478	12.8
1479	155.8
1480	0
1481	33.9
1482	4.7
1483	0
1484	17038.3
1485	11.9
1486	0
1487	0
1488	30.6
1489	23.3
1490	0.1
1491	13.7
1492	4.4
1493	1137.6
1494	15.9
1495	165.8
1496	141.7
1497	115.8
1498	0
1499	17.6
1500	1178.8
1501	8.3
1502	57.4
1503	0.1
1504	192.6
1505	11.7
1506	25.8
1507	0
1508	0.1
1509	7.1
1510	0.2
1511	17036.5
1512	0
1513	41.2
1514	0
1515	0
1516	0
1517	1186.1
1518	0
1519	9.2
1520	0.5
1521	0
1522	0
1523	0
1524	192.6
1525	0
1526	0
1527	18.9
1528	0
1529	11.6
1530	49
1531	0
1532	0.4
1533	0
1534	10.2
1535	3.3
1536	8.5
1537	0
1538	4.8
1539	0.5
1540	0
1541	21227.5
1542	0
1543	16.3
1544	0
1545	0
1546	8.4
1547	17.4
1548	21227.5
1549	0
1550	0
1551	201.8
1552	294.1
1553	31.6
1554	44.9
1555	8.8
1556	16.7
1557	0
1558	0
1559	24.5
1560	1186.2
1561	0
1562	0
1563	0.9
1564	0
1565	141.4
1566	0.7
1567	21227.5
1568	0
1569	12
1570	5.9
1571	0
1572	0
1573	44.8
1574	0.1
1575	30.1
1576	17036.5
1577	8.7
1578	0
1579	0
1580	356.1
1581	370.3
1582	9.4
1583	4.2
1584	3.7
1585	27.4
1586	11
1587	0
1588	1217.8
1589	0.1
1590	0.1
1591	21227.5
1592	1195.9
1593	0.1
1594	14.1
1595	25.8
1596	1271.8
1597	21227.5
1598	25.9
1599	1262.7
1600	8.6
1601	27.6
1602	8.5
1603	26
1604	6.7
1605	0.2
1606	0
1607	0
1608	12.6
1609	0
1610	4.9
1611	1
1612	23.6
1613	1271.8
1614	55.4
1615	16963.8
1616	25
1617	0
1618	29.3
1619	1217.8
1620	16882.7
1621	415.2
1622	13.4
1623	0
1624	12.1
1625	29.3
1626	121.7
1627	0
1628	45.6
1629	21227.5
1630	22.5
1631	9.8
1632	40.3
1633	0
1634	75.2
1635	72.7
1636	1334.9
1637	34.3
1638	14.8
1639	0.6
1640	0
1641	44
1642	21.2
1643	33.8
1644	0
1645	16.2
1646	41.6
1647	21227.5
1648	0.3
1649	0.1
1650	0
1651	76
1652	10.7
1653	0
1654	16755.5
1655	29.8
1656	17.5
1657	31.1
1658	1384.2
1659	68.1
1660	57
1661	0.3
1662	0
1663	123.8
1664	0.2
1665	0
1666	81.8
1667	12.6
1668	120.2
1669	18.3
1670	1664
1671	8.3
1672	16741.1
1673	58.3
1674	28.2
1675	257.3
1676	0.3
1677	1.2
1678	4.5
1679	239.8
1680	15.3
1681	304.1
1682	639.2
1683	25
1684	37.4
1685	19.1
1686	11.5
1687	239.8
1688	194.6
1689	0.4
1690	40.5
1691	1
1692	5954.8
1693	10726.9
1694	24.9
1695	21
1696	3404.9
1697	8976.7
1698	639.2
1699	3.2
1700	10
1701	5917.8
1702	8949.4
1703	310.4
1704	3404.9
1705	0
1706	25.2
1707	639.2
1708	639.2
1709	30.7
1710	2.7
1711	3.6
1712	263.1
1713	5907.9
1714	59.4
1715	27.6
1716	27.8
1717	9.9
1718	58.8
1719	26.5
1720	12.8
1721	10783.7
1722	18.6
1723	294.1
1724	27.8
1725	1925.2
1726	6
1727	17.4
1728	277.2
1729	1
1730	42.1
1731	3.1
1732	202.2
1733	65.6
1734	9058.3
1735	7.7
1736	639.2
1737	11.8
1738	4
1739	1300.1
1740	0
1741	0.7
1742	0.1
1743	89.9
1744	13.8
1745	55.8
1746	3419.2
1747	315.1
1748	36.4
1749	14.5
1750	15.8
1751	3429.6
1752	3443.6
1753	14.3
1754	195
1755	11.6
1756	1730.2
1757	35
1758	8.3
1759	112.1
1760	1285.1
1761	55.7
1762	12.7
1763	13.5
1764	12.2
1765	1
1766	26.2
1767	3730.2
1768	0
1769	4057.5
1770	58.8
1771	12.3
1772	0
1773	8.7
1774	237.8
1775	0
1776	8.3
1777	8616.7
1778	0.1
1779	0.2
1780	0
1781	3997.5
1782	263.7
1783	4138.2
1784	330.4
1785	5861.5
1786	10.2
1787	80.3
1788	7.9
1789	4.4
1790	0
1791	9.6
1792	115.6
1793	1269.2
1794	68.9
1795	5832.1
1796	5951.4
1797	31.4
1798	10.7
1799	0
1800	23.6
1801	11.8
1802	11.5
1803	0.1
1804	342.7
1805	0.6
1806	37.3
1807	66.8
1808	342.7
1809	19.9
1810	26
1811	8276.3
1812	0
1813	7.3
1814	38.2
1815	4779.2
1816	15.6
1817	13.5
1818	4775.8
1819	27.6
1820	25.3
1821	12.9
1822	22.2
1823	4.2
1824	0
1825	116.8
1826	109.8
1827	3487.5
1828	8267.5
1829	111.9
1830	0.1
1831	561
1832	0
1833	16
1834	0
1835	5811.5
1836	5798
1837	0
1838	0
1839	15.5
1840	105.7
1841	502.2
1842	612.2
1843	81.8
1844	8271.1
1845	14.7
1846	0
1847	552.9
1848	14.3
1849	90.8
1850	20.7
1851	22.4
1852	91.2
1853	22
1854	148.3
1855	7.9
1856	228.8
1857	0
1858	19.9
1859	38.7
1860	1255.4
1861	0
1862	10.4
1863	5750.3
1864	8
1865	12.7
1866	16.4
1867	5757.6
1868	60.8
1869	25.6
1870	138.9
1871	21.3
1872	271
1873	196.5
1874	64.8
1875	5750.3
1876	84.7
1877	0
1878	5750.3
1879	47.2
1880	45.2
1881	13.7
1882	0
1883	11.8
1884	10.9
1885	11.5
1886	24.6
1887	0
1888	5.9
1889	0.1
1890	45.2
1891	148
1892	14.5
1893	4.3
1894	7.1
1895	38.7
1896	6.5
1897	18.8
1898	40.3
1899	255.9
1900	0
1901	13.4
1902	8
1903	7
1904	6.6
1905	3486.7
1906	0
1907	0
1908	1074.9
1909	5.9
1910	150.4
1911	9.9
1912	8.7
1913	0
1914	18.7
1915	0
1916	87.5
1917	8.2
1918	16.3
1919	0
1920	5750.3
1921	7
1922	0
1923	0
1924	5750.3
1925	7.5
1926	52.2
1927	25.4
1928	3376.2
1929	0
1930	0
1931	0
1932	45.9
1933	8.7
1934	26.1
1935	0
1936	7.4
1937	5750.3
1938	76.4
1939	30.4
1940	0
1941	218
1942	56.4
1943	5750.3
1944	11.9
1945	0
1946	0
1947	0
1948	744.3
1949	8.5
1950	81.4
1951	0
1952	4.5
1953	115
1954	5750.3
1955	7
1956	9.9
1957	29.8
1958	0
1959	9.6
1960	3334.1
1961	43.5
1962	30.6
1963	0
1964	0
1965	0
1966	7.3
1967	741.8
1968	12.6
1969	0
1970	140.2
1971	0
1972	0
1973	5750.3
1974	150.7
1975	129.9
1976	4.3
1977	744.3
1978	28.1
1979	52.4
1980	0
1981	3314.7
1982	8.9
1983	0
1984	0
1985	75.3
1986	8.9
1987	13
1988	66.2
1989	377.8
1990	106.2
1991	0
1992	0
1993	8.4
1994	9
1995	3076.8
1996	0
1997	12.6
1998	55.8
1999	0
2000	108.6
2001	37
2002	7.4
2003	8.1
2004	5750.3
2005	0
2006	9.2
2007	0
2008	741.8
2009	0
2010	134.1
2011	274.4
2012	0
2013	172.7
2014	150.2
2015	17.2
2016	0
2017	0
2018	2.8
2019	5750.3
2020	0
2021	358.1
2022	337.2
2023	18
2024	129.9
2025	22.4
2026	0
2027	3.5
2028	23.8
2029	190.2
2030	0
2031	15.5
2032	1.4
2033	0
2034	0
2035	42.6
2036	14.8
2037	16.2
2038	114.8
2039	0
2040	0
2041	13.5
2042	4.3
2043	31.1
2044	12.3
2045	0
2046	5750.3
2047	2.8
2048	0
2049	0
2050	63.5
2051	2.3
2052	0
2053	19.5
2054	10.4
2055	6.3
2056	160.9
2057	16.2
2058	20.2
2059	0
2060	334
2061	1.2
2062	3136.9
2063	0
2064	5.6
2065	0
2066	0
2067	3.7
2068	0
2069	9.8
2070	9.7
2071	4.9
2072	0
2073	17.2
2074	8.6
2075	0
2076	29.8
2077	0
2078	5.2
2079	0
2080	0
2081	6.3
2082	0
2083	2.4
2084	2888.8
2085	0
2086	9.6
2087	0
2088	33.1
2089	5.3
2090	11.5
2091	7.9
2092	14.3
2093	5.3
2094	0
2095	2.5
2096	0
2097	326.3
2098	21.7
2099	13.7
2100	22
2101	0
2102	29.4
2103	5750.3
2104	5750.3
2105	0
2106	0
2107	0
2108	29.3
2109	0
2110	0
2111	0
2112	67.9
2113	2877.6
2114	0
2115	15.3
2116	8.6
2117	5.2
2118	205.1
2119	2643.3
2120	13.3
2121	2.1
2122	34.2
2123	0
2124	34.4
2125	4
2126	0
2127	306.2
2128	0
2129	5750.3
2130	0
2131	14.5
2132	7.4
2133	0
2134	0
2135	2642.2
2136	21.3
2137	10.5
2138	7.1
2139	20.1
2140	5750.3
2141	55.2
2142	39.3
2143	0
2144	0
2145	31.6
2146	2
2147	12.5
2148	17.4
2149	0
2150	41.8
2151	0
2152	24.2
2153	175.4
2154	13.9
2155	0
2156	0
2157	0
2158	4
2159	3.3
2160	215.2
2161	0
2162	0
2163	35.8
2164	0
2165	3.9
2166	5750.3
2167	0
2168	0
2169	36.2
2170	0
2171	0
2172	0
2173	63.2
2174	0
2175	1.7
2176	0
2177	336.2
2178	10.9
2179	0
2180	3.7
2181	73.5
2182	0
2183	0
2184	0
2185	18.4
2186	1.7
2187	2.2
2188	5750.3
2189	0
2190	290.6
2191	0
2192	0
2193	0
2194	30.8
2195	3.8
2196	0
2197	13.5
2198	5750.3
2199	336.2
2200	0
2201	2.9
2202	7.3
2203	0
2204	5750.3
2205	0
2206	275.7
2207	2.4
2208	1.5
2209	0
2210	86
2211	0
2212	5.8
2213	623.4
2214	0
2215	5.2
2216	249.8
2217	0
2218	0
2219	40.2
2220	11.2
2221	0
2222	170.5
2223	0
2224	0
2225	257.5
2226	28.6
2227	117.1
2228	0
2229	0
2230	6.5
2231	0
2232	2229.4
2233	0
2234	24.8
2235	0
2236	0
2237	0
2238	0
2239	239.9
2240	0
2241	4.8
2242	0
2243	0
2244	0
2245	18.4
2246	0.1
2247	0
2248	44.3
2249	64.1
2250	5750.3
2251	1.8
2252	1557.1
2253	0
2254	1.6
2255	0
2256	27
2257	10.1
2258	0
2259	1448.1
2260	0
2261	0
2262	0
2263	38.9
2264	84.8
2265	1337.8
2266	0
2267	0
2268	66.9
2269	237.1
2270	0
2271	18.9
2272	0
2273	9.1
2274	0
2275	54
2276	1.9
2277	0
2278	0.1
2279	5750.2
2280	0
2281	0
2282	1314.2
2283	3.2
2284	0.1
2285	1197.2
2286	56
2287	8.6
2288	33.9
2289	0
2290	0
2291	5750.2
2292	1164.3
2293	225.6
2294	225.6
2295	23.5
2296	10.4
2297	67.5
2298	0
2299	1.5
2300	0
2301	0
2302	0
2303	0.1
2304	0
2305	5750.2
2306	806.4
2307	138.1
2308	0
2309	6.6
2310	130.9
2311	0.1
2312	0
2313	1
2314	0
2315	0
2316	5749.2
2317	40.4
2318	5749.2
2319	1
2320	24.3
2321	53.5
2322	0
2323	0
2324	88.2
2325	73.5
2326	3.4
2327	1
2328	24.5
2329	1
2330	0
2331	0
2332	201.9
2333	1
2334	25.4
2335	0
2336	12.8
2337	0
2338	28.4
2339	184.6
2340	33.3
2341	6.6
2342	0
2343	10.2
2344	0.9
2345	174.2
2346	26.9
2347	0
2348	1
2349	66.1
2350	0
2351	35.1
2352	1
2353	8.5
2354	0.1
2355	18.8
2356	0
2357	0.9
2358	2.7
2359	646.4
2360	5
2361	6.3
2362	16.3
2363	36.7
2364	8.4
2365	5
2366	0
2367	0.1
2368	8.4
2369	5.5
2370	13.1
2371	0
2372	2.6
2373	17
2374	1.4
2375	0.1
2376	0.1
2377	3.5
2378	7.6
2379	1630.9
2380	8.4
2381	5.8
2382	12.5
2383	0
2384	0.8
2385	2.5
2386	0
2387	0
2388	142.5
2389	26.6
2390	2.9
2391	151.8
2392	616
2393	0.2
2394	509.3
2395	97.5
2396	1626.1
2397	0
2398	0.9
2399	8.6
2400	0
2401	4.2
2402	51.6
2403	2.1
2404	4.5
2405	21.3
2406	189
2407	0.1
2408	7.7
2409	25.8
2410	130.7
2411	117.9
2412	37.6
2413	0.1
2414	8.3
2415	73.5
2416	1617.3
2417	192.1
2418	13.1
2419	3833.8
2420	11.4
2421	0.1
2422	20
2423	6
2424	67.1
2425	2.2
2426	0.1
2427	0
2428	35.6
2429	0.6
2430	0
2431	4.4
2432	1600.5
2433	10
2434	15.4
2435	0
2436	1600.4
2437	69.8
2438	36.5
2439	58.8
2440	4.1
2441	0.3
2442	4
2443	4.9
2444	495.6
2445	7.2
2446	5.8
2447	7.1
2448	179.4
2449	0.1
2450	0.1
2451	3
2452	9.6
2453	432.8
2454	0.1
2455	1600.3
2456	42.7
2457	0.1
2458	3828.2
2459	5.3
2460	16.1
2461	88.6
2462	22.3
2463	2.3
2464	244.9
2465	0.2
2466	0.1
2467	481.8
2468	177.5
2469	4.3
2470	54.9
2471	3828.2
2472	5.3
2473	12.7
2474	18.7
2475	3809.4
2476	0.4
2477	16.9
2478	2.8
2479	0.3
2480	3.6
2481	11.2
2482	49.5
2483	0
2484	1599.8
2485	161.4
2486	11.4
2487	0.1
2488	3.5
2489	86
2490	38
2491	1.7
2492	19.7
2493	0.2
2494	9.5
2495	4.8
2496	1.1
2497	452.9
2498	148.9
2499	42.9
2500	1552.7
2501	16.1
2502	9.5
2503	18.5
2504	32.2
2505	1552.7
2506	7.9
2507	0.1
2508	19.5
2509	0.3
2510	8.9
2511	51.3
2512	1524.7
2513	15.6
2514	125.8
2515	129.7
2516	3758
2517	7.6
2518	2.4
2519	7.4
2520	1492.8
2521	73.3
2522	617.4
2523	1.9
2524	0
2525	4.6
2526	74.6
2527	8.2
2528	7.6
2529	5.2
2530	481.8
2531	443.1
2532	6.1
2533	35.1
2534	34.5
2535	6.9
2536	10.9
2537	41
2538	598.5
2539	707.5
2540	81.7
2541	29
2542	1492.8
2543	11.6
2544	29.2
2545	148.5
2546	71.5
2547	7.4
2548	97.8
2549	3.4
2550	0
2551	30.2
2552	289.6
2553	17.5
2554	445.4
2555	4.8
2556	6.8
2557	14.5
2558	14.7
2559	414.1
2560	226.8
2561	93.3
2562	24.3
2563	158.3
2564	429.5
2565	50.8
2566	2.1
2567	4.2
2568	558
2569	42.4
2570	5
2571	1.3
2572	3755.8
2573	0.3
2574	3743.3
2575	27.5
2576	8.7
2577	5.5
2578	7
2579	7.9
2580	3708.4
2581	248.6
2582	176.2
2583	12.1
2584	0.1
2585	64.5
2586	20.4
2587	19.8
2588	2.5
2589	46.4
2590	7.6
2591	6.5
2592	84.1
2593	310.9
2594	14.8
2595	0
2596	135.5
2597	18.3
2598	281.6
2599	3.8
2600	5.7
2601	6.4
2602	50.7
2603	70.7
2604	19
2605	23.6
2606	0.8
2607	55.9
2608	13.5
2609	20.9
2610	0.1
2611	12.2
2612	4.1
2613	8.8
2614	161.5
2615	8.8
2616	29
2617	284
2618	8.2
2619	3679.8
2620	33.5
2621	10.6
2622	11.4
2623	36.5
2624	63.2
2625	188.3
2626	2.3
2627	28.6
2628	12.8
2629	0
2630	9.9
2631	5.1
2632	27.6
2633	26.9
2634	39
2635	4.6
2636	27.3
2637	0
2638	18.7
2639	299.4
2640	263.9
2641	8.5
2642	20.9
2643	96.9
2644	24.1
2645	74.4
2646	255.6
2647	2.5
2648	12.3
2649	2.1
2650	73
2651	0
2652	3
2653	33.2
2654	35.4
2655	33.5
2656	69.8
2657	3
2658	221.2
2659	34
2660	112.3
2661	85.4
2662	33.9
2663	67.4
2664	14.4
2665	71.9
2666	26.5
2667	1.9
2668	11.8
2669	4.4
2670	15.4
2671	50.7
2672	29.5
2673	0.2
2674	5.9
2675	40.8
2676	0.7
2677	46.7
2678	13.1
2679	2.4
2680	6.2
2681	3679.8
2682	1754.9
2683	38.1
2684	4.9
2685	68.6
2686	8.2
2687	11
2688	15.2
2689	1871.5
2690	9.7
2691	1793.8
2692	0.3
2693	12.4
2694	12.7
2695	0
2696	32.8
2697	0
2698	43.4
2699	11.2
2700	10.7
2701	0.9
2702	8.8
2703	17.5
2704	0.5
2705	16.3
2706	10.9
2707	1.3
2708	353.3
2709	28.3
2710	374.7
2711	15.2
2712	0
2713	5.3
2714	46.2
2715	17.6
2716	8.4
2717	1580.9
2718	18.6
2719	6.7
2720	26.5
2721	9.1
2722	9
2723	62.3
2724	3.6
2725	404.1
2726	39.2
2727	32
2728	31.2
2729	15.3
2730	16.9
2731	0
2732	33.6
2733	12.9
2734	11.4
2735	9.8
2736	3
2737	65.5
2738	443.8
2739	51.9
2740	1542.6
2741	460.2
2742	6.3
2743	12.8
2744	10.5
2745	19.5
2746	3
2747	15.5
2748	0
2749	55.4
2750	53.8
2751	15.4
2752	28.6
2753	7
2754	83.7
2755	576
2756	28.5
2757	77.9
2758	25.6
2759	7
2760	4.3
2761	3.3
2762	66.6
2763	46.8
2764	5.1
2765	145.6
2766	14
2767	1
2768	115
2769	5.2
2770	92.9
2771	24
2772	1725.9
2773	4.8
2774	52
2775	1140.4
2776	130.9
2777	21.1
2778	9.9
2779	108.6
2780	3
2781	9.6
2782	17.2
2783	8.6
2784	12.5
2785	52.3
2786	13
2787	56.1
2788	3.9
2789	40.7
2790	19.8
2791	29.1
2792	11.7
2793	38.3
2794	21.8
2795	4.2
2796	1142
2797	140.4
2798	23
2799	9
2800	1138.2
2801	13.4
2802	36.7
2803	6.1
2804	9.5
2805	1122.9
2806	8.9
2807	14.6
2808	207.7
2809	1755.9
2810	1.2
2811	18.2
2812	3.4
2813	1131.7
2814	17.8
2815	13.4
2816	143.8
2817	119.7
2818	18.8
2819	18
2820	13.8
2821	162.4
2822	5.5
2823	11
2824	72.2
2825	136.6
2826	69.6
2827	5.4
2828	7.8
2829	10.4
2830	193.2
2831	11.3
2832	103.3
2833	154.9
2834	20.1
2835	7.8
2836	27.1
2837	13.2
2838	15
2839	28.5
2840	42.4
2841	15.7
2842	26
2843	6.5
2844	5.7
2845	169.1
2846	82
2847	60.2
2848	58.2
2849	16.3
2850	1043.1
2851	14.6
2852	14.2
2853	6.2
2854	31.1
2855	15.1
2856	29.6
2857	13.6
2858	8.3
2859	199.1
2860	6
2861	95.1
2862	5
2863	3
2864	1114.6
2865	56.5
2866	11.9
2867	34.6
2868	3.9
2869	17.7
2870	234.6
2871	35.2
2872	754.1
2873	23.8
2874	91.5
2875	170.3
2876	1.4
2877	38.5
2878	7.1
2879	4.1
2880	147.9
2881	9.4
2882	25
2883	42.7
2884	39.9
2885	3.4
2886	8
2887	11.3
2888	109.6
2889	8.9
2890	8.3
2891	80.7
2892	57
2893	21.6
2894	21.8
2895	140.5
2896	111
2897	51.5
2898	284.3
2899	15.9
2900	61.5
2901	124.3
2902	7.5
2903	76
2904	116.6
2905	39.2
2906	140.1
2907	17.6
2908	27.2
2909	42.5
2910	67.7
2911	14.5
2912	32.3
2913	71.8
2914	53.4
2915	6.4
2916	42.5
2917	17.3
2918	17
2919	126.2
2920	2.4
2921	21.2
2922	55.8
2923	21
2924	353.7
2925	24.6
2926	320.3
2927	7.7
2928	74.8
2929	12
2930	58.2
2931	285.8
2932	875.5
2933	7.3
2934	18.7
2935	10
2936	149.8
2937	7.6
2938	3.4
2939	50.5
2940	152.6
2941	334.6
2942	8.5
2943	29.1
2944	2.4
2945	9.9
2946	26.2
2947	373.7
2948	36.8
2949	64.3
2950	10.8
2951	17.3
2952	13.9
2953	65.7
2954	8.6
2955	471.4
2956	840.8
2957	362.4
2958	308.2
2959	305.6
2960	108.3
2961	19.1
2962	13.3
2963	24.4
2964	32
2965	6.3
2966	396.3
2967	28.3
2968	8.5
2969	8.5
2970	7.1
2971	98.8
2972	28.7
2973	190.1
2974	6.8
2975	29.1
2976	379.4
2977	6.9
2978	33.5
2979	12.5
2980	22.1
2981	24.9
2982	23.1
2983	7.3
2984	60.2
2985	9
2986	36.6
2987	12.3
2988	822.3
2989	2.6
2990	20.6
2991	22.9
2992	37.9
2993	85.4
2994	65.9
2995	42.2
2996	454.8
2997	367
2998	6
2999	64.7
3000	371.8
3001	4.8
3002	33.2
3003	101.5
3004	5.8
3005	11.9
3006	10.6
3007	20
3008	10.5
3009	240
3010	196.4
3011	6.2
3012	25.4
3013	12.1
3014	7
3015	5
3016	84.6
3017	37.4
3018	474.6
3019	3.9
3020	2868.2
3021	61.6
3022	7.2
3023	4.8
3024	22.7
3025	2373.8
3026	10.3
3027	875.2
3028	1895.3
3029	1450.1
3030	19.7
3031	297.3
3032	54.2
3033	2.2
3034	25
3035	1897.4
3036	196
3037	12.9
3038	149.5
3039	17.5
3040	92.9
3041	28.4
3042	56.5
3043	1470.8
3044	8.5
3045	978
3046	124.4
3047	140.1
3048	12.7
3049	2823.6
3050	33.7
3051	5.7
3052	43
3053	22.3
3054	2782.9
3055	397.4
3056	1483.4
3057	3.4
3058	1459.4
3059	3.7
3060	7.1
3061	8
3062	25.8
3063	293.7
3064	123.3
3065	291.9
3066	17
3067	229.5
3068	63.3
3069	5.2
3070	1891.2
3071	273.5
3072	10.5
3073	37.3
3074	177.5
3075	7.8
3076	9.4
3077	391.6
3078	4.2
3079	14.4
3080	1863.3
3081	2.8
3082	6.7
3083	80.9
3084	5
3085	35.5
3086	8.2
3087	81.4
3088	14.2
3089	41.2
3090	8.6
3091	6.3
3092	20.8
3093	28.2
3094	22.9
3095	2.3
3096	35.9
3097	14.1
3098	39
3099	9.5
3100	350.7
3101	37
3102	9.6
3103	15.1
3104	16.9
3105	17.5
3106	37.5
3107	150.8
3108	4.6
3109	5.8
3110	7
3111	46
3112	5
3113	57.3
3114	9.5
3115	10.7
3116	12
3117	83.7
3118	22.6
3119	23.8
3120	4
3121	33.7
3122	1.5
3123	9.2
3124	1.6
3125	35
3126	7.5
3127	1.9
3128	2.8
3129	5.3
3130	1.6
3131	13
3132	6.7
3133	18.4
3134	45
3135	2.6
3136	34.4
3137	1
3138	1.6
3139	40.3
3140	7.7
3141	1.6
3142	8.6
3143	29.4
3144	206.3
3145	1.6
3146	1.2
3147	4.9
3148	19.1
3149	85.2
3150	1
3151	12.5
3152	170.4
3153	22.2
3154	15.5
3155	70.7
3156	4.3
3157	4.1
3158	1.1
3159	13
3160	2.7
3161	8.3
3162	7.1
3163	2.3
3164	1.7
3165	2
3166	158.6
3167	16
3168	29.3
3169	87.5
3170	15.1
3171	3.4
3172	50.8
3173	66.1
3174	22.3
3175	7.7
3176	1.4
3177	68.8
3178	104.3
3179	1
3180	2.4
3181	12.9
3182	17.6
3183	6.7
3184	13.5
3185	7.2
3186	5.1
3187	48.4
3188	11
3189	5.2
3190	1.1
3191	5.8
3192	7.3
3193	1.1
3194	15.7
3195	9
3196	40.5
3197	9.8
3198	1.7
3199	8.6
3200	1
3201	32.4
3202	0
3203	14.5
3204	11.7
3205	4.9
3206	1
3207	58.6
3208	31.6
3209	0.5
3210	35.3
3211	10.4
3212	26.9
3213	79
3214	2.9
3215	1
3216	32
3217	35
3218	22.9
3219	56
3220	1.5
3221	32.4
3222	73.5
3223	2
3224	31.2
3225	36
3226	12.2
3227	31
3228	42
3229	0.8
3230	2.8
3231	0.5
3232	1
3233	2.3
3234	4.6
3235	100.9
3236	8.1
3237	2.2
3238	39.6
3239	1.7
3240	2.1
3241	2
3242	6
3243	5.4
3244	42.4
3245	68.9
3246	28.6
3247	0.7
3248	1.1
3249	1.7
3250	8.3
3251	67.6
3252	8.6
3253	41
3254	6.7
3255	3.2
3256	0.8
3257	10.4
3258	52.1
3259	11
3260	2.7
3261	0.9
3262	28.8
3263	56.6
3264	40.7
3265	2.1
3266	5
3267	3.9
3268	34.7
3269	30.4
3270	0.6
3271	1.5
3272	21.1
3273	1
3274	43.9
3275	0.6
3276	2.1
3277	4.3
3278	5.1
3279	1.4
3280	11.6
3281	25.1
3282	0.8
3283	2.7
3284	0.4
3285	14.4
3286	61.4
3287	8.4
3288	5.4
3289	3.5
3290	2.8
3291	9
3292	5.5
3293	3.4
3294	1.3
3295	1.5
3296	4.1
3297	32.5
3298	3.2
3299	0.7
3300	6.8
3301	0.6
3302	2.6
3303	6.1
3304	1.1
3305	4.3
3306	0.5
3307	6.6
3308	4.2
3309	5
3310	3
3311	1.7
3312	2.6
3313	3.8
3314	12.1
3315	0.9
3316	13.7
3317	0.9
3318	7.6
3319	2
3320	9.6
3321	1.6
3322	1.1
3323	2.5
3324	2.5
3325	0.6
3326	3.6
3327	8.4
3328	2.1
3329	3.5
3330	2
3331	10
3332	10.6
3333	0.4
3334	2.8
3335	3.5
3336	0.6
3337	2.6
3338	8.4
3339	4.9
3340	1.1
3341	7.2
3342	0.4
3343	3.6
3344	1.1
3345	1.4
3346	4.9
3347	3.8
3348	0.9
3349	0.3
3350	2.9
3351	1.2
3352	5.8
3353	26.5
3354	0.9
3355	2.9
3356	1.2
3357	0.8
3358	1.6
3359	0.9
3360	3.2
3361	1.3
3362	0.4
3363	3.7
3364	1
3365	4
3366	22.1
3367	0.8
3368	2.8
3369	2.2
3370	1.9
3371	0.8
3372	2.6
3373	0.8
3374	21.3
3375	0.4
3376	3
3377	0.4
3378	0.4
3379	2.3
3380	16.7
3381	0.9
3382	0.3
3383	1.9
3384	10.4
3385	5.5
3386	1.2
3387	1.3
3388	0.3
3389	8
3390	5.8
3391	2
3392	0.7
3393	0.6
3394	1.9
3395	1.8
3396	4.8
3397	1.3
3398	2
3399	1.7
3400	350.9
3401	134
3402	280.1
3403	1183.9
3404	874.6
3405	812.8
3406	497.5
3407	2168
3408	270.5
3409	2230.9
3410	0
3411	0
3412	108.8
3413	303.4
3414	213.8
3415	105.1
3416	18.2
3417	87.9
3418	130.2
3419	1462
3420	2118.3
3421	4125.6
3422	83.6
3423	611.4
3424	43.6
3425	395.1
3426	709.8
3427	3.1
3428	27.6
3429	100.6
3430	13.5
3431	315.4
3432	884.5
3433	69.7
3434	112.2
3435	21227.5
3436	1088
3437	108.6
3438	21227.5
3439	21227.5
3440	265.3
3441	1196.2
3442	17038.3
3443	270.5
3444	216.6
3445	21227.5
3446	21227.5
3447	21227.5
3448	1.6
3449	18.9
3450	21227.5
3451	1250.7
3452	233.6
3453	75.3
3454	294.1
3455	56.4
3456	1663.1
3457	209.7
3458	97.9
3459	3.9
3460	410.9
3461	10724.9
3462	324.3
3463	3404.9
3464	634.7
3465	2.2
3466	61.5
3467	10.8
3468	8573.1
3469	47
3470	4414.2
3471	155.2
3472	85.4
3473	243.7
3474	1224.4
3475	5750.3
3476	0
3477	67.7
3478	19.9
3479	5750.3
3480	3382.3
3481	73.2
3482	882.1
3483	30.8
3484	3316.3
3485	97.2
3486	0
3487	311.8
3488	62.1
3489	3061.4
3490	3020.7
3491	0
3492	49.8
3493	2866.9
3494	134.2
3495	140.4
3496	302.6
3497	2619.9
3498	2294.9
3499	444.2
3500	2218.3
3501	282.3
3502	12.5
3503	5750.3
3504	5750.2
3505	201.5
3506	960.6
3507	5750.2
3508	2.8
3509	220
3510	5749.2
3511	755
3512	55.9
3513	133.1
3514	5749.2
3515	551.1
3516	5664.8
3517	28.4
3518	1615.6
3519	54.8
3520	0.4
3521	3831.1
3522	171.8
3523	3803.8
3524	24.7
3525	3797.4
3526	10.4
3527	3755.8
3528	1037.9
3529	69.1
3530	36
3531	247.4
3532	6.9
3533	3708.4
3534	3679.8
3535	218.2
3536	1659.7
3537	18.8
3538	0
3539	342.4
3540	264.8
3541	1856.5
3542	1512.8
3543	1831.2
3544	56.4
3545	63.4
3546	75
3547	1116.9
3548	1012.7
3549	120
3550	213.9
3551	345
3552	1076
3553	972.7
3554	379.4
3555	605
3556	520.6
3557	14.9
3558	386.3
3559	193.3
3560	325.1
3561	2796.2
3562	134.5
3563	1308.3
3564	226.1
3565	222.9
3566	23
3567	1249.5
3568	1857.5
3569	215.2
3570	336.7
3571	169.9
3572	99.9
3573	109.2
3574	240.4
3575	76.8
3576	298.4
3577	353.5
3578	145.8
3579	200.8
3580	92.9
3581	9.7
3582	78.1
3583	64.8
3584	123.8
3585	34.8
3586	85.6
3587	16.5
3588	7.5
3589	11
3590	14.6
3591	17.6
3592	5.6
3593	2.5
3594	4.6
