"COMID"	"Value"
1	2
2	13.7
3	0.2
4	0.1
5	0.6
6	0
7	1.2
8	1.2
9	9.8
10	0
11	0.3
12	6.5
13	0
14	7.8
15	0.6
16	1.9
17	4.5
18	1.2
19	0.3
20	3.3
21	0.8
22	0.3
23	0
24	0.5
25	0.9
26	0.6
27	0.4
28	0.3
29	0.4
30	0
31	8.2
32	0.1
33	0.7
34	7.9
35	0.1
36	1.4
37	10.2
38	0
39	3.1
40	4.7
41	6.4
42	0.6
43	6.3
44	0.1
45	13.7
46	39.3
47	0.7
48	1.1
49	2.1
50	18.9
51	1.1
52	4.1
53	0.7
54	0.8
55	1
56	13.9
57	5.7
58	11.6
59	4
60	10
61	0.5
62	0.5
63	0.7
64	18
65	1.3
66	2
67	4.8
68	0.2
69	1
70	0.1
71	2.3
72	1.4
73	0.7
74	0.2
75	0.3
76	0.1
77	0
78	0.1
79	2.4
80	0.1
81	0
82	0
83	15
84	0
85	0.5
86	0.2
87	0.6
88	2.6
89	0.1
90	0.7
91	1.3
92	2.5
93	1.5
94	2.7
95	0.9
96	2
97	6.5
98	2.3
99	0.1
100	2.4
101	0.3
102	0.4
103	0.8
104	2.3
105	0.6
106	0.6
107	0.2
108	0
109	0.7
110	3
111	0
112	0.4
113	20.2
114	0.5
115	0.5
116	0.2
117	0.1
118	0.8
119	0
120	0.3
121	0
122	4.2
123	2.3
124	0.5
125	0.2
126	1.7
127	0.2
128	0.3
129	1
130	0.8
131	2.5
132	0.1
133	0.1
134	4.4
135	1.5
136	0.3
137	0.5
138	0.5
139	0.2
140	0.5
141	1
142	0.2
143	0
144	0.3
145	20.9
146	0.5
147	0.8
148	0.6
149	0.3
150	1.9
151	0
152	1.2
153	0.1
154	2.9
155	0
156	1.4
157	1.2
158	0.8
159	1.6
160	2.2
161	1.3
162	0.1
163	0.1
164	0.1
165	0
166	0.1
167	0.2
168	0
169	0.1
170	0.6
171	0.5
172	0.2
173	0.1
174	45.2
175	0
176	1
177	1.4
178	3.4
179	0.4
180	0.2
181	0
182	7.3
183	0
184	0.2
185	0.3
186	1.4
187	0.1
188	0.1
189	0.1
190	0.3
191	0.2
192	0.3
193	9.2
194	0.6
195	0
196	0.4
197	0.9
198	0.3
199	0.4
200	21.4
201	21.7
202	0.1
203	0.1
204	11
205	1.3
206	1.7
207	1.6
208	0.5
209	0.5
210	0.2
211	0.8
212	0.6
213	1.7
214	0.1
215	0.5
216	2.5
217	0.1
218	0.1
219	0.1
220	12.9
221	0
222	0.2
223	3.8
224	0
225	6.5
226	0.2
227	1.7
228	1.3
229	0.4
230	6.8
231	0.6
232	0.1
233	1.7
234	4.3
235	6.8
236	0.3
237	0.2
238	0.3
239	0.1
240	0.3
241	0.1
242	1.7
243	0
244	0.5
245	0.7
246	0.4
247	0
248	0
249	1.7
250	0.6
251	0.1
252	1.4
253	0.2
254	0
255	0
256	0
257	0
258	0
259	0
260	0
261	0.2
262	0
263	0
264	0
265	0
266	0.2
267	0.9
268	1.1
269	1.7
270	0
271	0.2
272	0
273	0.4
274	4.3
275	0
276	0
277	0.2
278	0
279	7
280	0
281	0
282	0.5
283	0.2
284	0.2
285	0
286	0
287	1.1
288	0.1
289	0.3
290	0.4
291	5.1
292	0.2
293	4.3
294	4.6
295	0.1
296	1.4
297	0.4
298	0
299	0
300	1.7
301	0.2
302	1.6
303	0.5
304	0.1
305	0.7
306	0.3
307	2.4
308	0.1
309	0.4
310	0.5
311	0.4
312	3.2
313	0.6
314	2
315	0.4
316	0.7
317	0
318	0.9
319	0
320	0.5
321	1.2
322	0.3
323	0.5
324	0.1
325	0
326	0.7
327	0.1
328	0.3
329	1.2
330	0
331	2.5
332	0.1
333	2.6
334	0.3
335	0.1
336	0.4
337	0
338	2.7
339	1.8
340	0.1
341	3.2
342	4.3
343	1.8
344	5.8
345	0.3
346	0
347	0.1
348	0.3
349	0.3
350	0.3
351	0.3
352	0.4
353	0.1
354	0.4
355	0
356	0.3
357	0.3
358	0.7
359	0
360	0.2
361	0.7
362	0.2
363	0.2
364	0.3
365	0.2
366	1.2
367	4.3
368	2.3
369	0
370	0.1
371	0.3
372	7.6
373	0.4
374	4.6
375	0.9
376	0.4
377	0.1
378	3.8
379	0
380	0.2
381	0
382	0
383	2
384	39.3
385	0
386	4.6
387	10.8
388	3.3
389	3.1
390	12.2
391	5.6
392	2.4
393	0
394	1
395	0
396	0
397	4.6
398	25
399	0.2
400	23.5
401	0.1
402	0
403	0
404	0
405	4.9
406	0.9
407	0.2
408	0
409	0
410	8
411	0.1
412	0
413	0.8
414	0
415	0
416	0.2
417	0
418	0
419	3.6
420	0
421	0.4
422	0
423	1.3
424	2.9
425	0.9
426	0.4
427	2.7
428	0.7
429	0.1
430	1.3
431	0
432	0.6
433	10.7
434	6.2
435	0.6
436	11.9
437	12
438	8.8
439	0
440	0.1
441	5
442	14.9
443	0.8
444	0.5
445	6.9
446	7.9
447	1.7
448	1.2
449	1.6
450	0.6
451	0
452	1.9
453	12.1
454	9.1
455	8.1
456	5.5
457	0.4
458	1.2
459	0.9
460	0.4
461	4.9
462	0.3
463	39.6
464	20
465	2.7
466	0.5
467	1.2
468	21
469	0.7
470	11
471	9
472	0.1
473	6.2
474	11.5
475	7
476	7
477	0.7
478	2.8
479	8.3
480	0.1
481	0
482	0.5
483	1.3
484	2.3
485	9
486	0
487	0.6
488	2
489	0
490	2.1
491	1.7
492	0.7
493	2.1
494	0.7
495	0
496	0
497	0.4
498	1.7
499	0
500	0.3
501	0.3
502	1
503	0.9
504	1.2
505	0.6
506	1.5
507	0.9
508	4
509	3.5
510	0.4
511	2.8
512	1.4
513	0
514	0.3
515	0
516	1.3
517	1.8
518	0.4
519	0.8
520	0
521	1.3
522	0.8
523	0
524	0.6
525	0.5
526	7.4
527	0.2
528	7.9
529	0.6
530	2.1
531	1.7
532	0.3
533	0.2
534	2
535	4.6
536	0.1
537	0
538	0
539	0.1
540	0.6
541	13.3
542	2
543	0.8
544	0.4
545	0.4
546	1.4
547	0.1
548	0
549	0
550	2.9
551	15.7
552	0.1
553	0.2
554	0.4
555	4.4
556	0.1
557	0.5
558	0
559	1.3
560	1.2
561	0
562	1.5
563	0
564	18.4
565	0.9
566	1.3
567	1
568	4.4
569	2.4
570	0
571	0.1
572	38.9
573	4.1
574	0.1
575	1
576	38.9
577	0
578	1
579	1.4
580	32.9
581	57.3
582	0.6
583	4.7
584	3.5
585	0
586	0.1
587	2.1
588	0.7
589	5.5
590	0
591	0
592	0.7
593	31.7
594	1
595	0.7
596	0.6
597	57.3
598	7.3
599	1.3
600	0.5
601	2
602	0
603	0
604	0.7
605	0
606	0
607	9.3
608	1.1
609	0
610	1.6
611	0.1
612	0
613	0
614	0.2
615	0
616	0
617	27.1
618	27.1
619	5
620	5
621	0
622	0.2
623	0.4
624	0.2
625	11.4
626	0.5
627	26.1
628	0.8
629	1
630	1.6
631	1.5
632	27.1
633	1.3
634	0
635	1.5
636	0.9
637	2.1
638	8.8
639	36.8
640	0
641	16.1
642	0
643	0.5
644	0
645	0
646	0.8
647	13.6
648	0
649	0.1
650	0.7
651	1.5
652	0.6
653	0
654	1.5
655	0
656	3.1
657	0.8
658	0.1
659	0.2
660	0
661	0.1
662	0.9
663	0.5
664	13.3
665	4
666	14.9
667	36.9
668	15
669	0.2
670	2.4
671	14.8
672	9.8
673	0.9
674	0
675	1.5
676	2.2
677	13.7
678	1.1
679	0.8
680	0
681	3.6
682	1.3
683	9.6
684	0.6
685	9.6
686	1.7
687	0
688	1
689	17.9
690	0.9
691	38.9
692	5.5
693	1
694	0
695	39.1
696	1.9
697	3.8
698	0.4
699	0.7
700	0.9
701	0.1
702	1.1
703	2.7
704	0.4
705	0.3
706	1
707	1.2
708	3.2
709	0.4
710	1.7
711	0
712	0
713	0.2
714	1
715	4
716	0
717	9.7
718	0.8
719	0.2
720	4.8
721	4.5
722	0.1
723	0.7
724	1.3
725	25.6
726	0
727	0
728	0.3
729	39.2
730	2.4
731	0.4
732	0
733	0.5
734	1.2
735	0.1
736	2.8
737	0.9
738	1.7
739	2
740	1.9
741	0.1
742	0.1
743	0.2
744	0
745	0.1
746	0.5
747	1.1
748	0.1
749	0.8
750	1.5
751	9.9
752	0.1
753	2.2
754	2.7
755	0.3
756	1.4
757	1.4
758	0.3
759	1.2
760	1.9
761	0.7
762	0.2
763	0.1
764	3.7
765	9
766	0
767	0.2
768	0.3
769	1.4
770	0.4
771	0.5
772	0.2
773	2.8
774	3.8
775	0.1
776	1
777	1.7
778	4.8
779	0
780	1.1
781	8
782	41.6
783	10.3
784	12.6
785	24.5
786	55.2
787	16.7
788	20.2
789	20.2
790	42.2
791	18.9
792	15.5
793	185.2
794	11.1
795	27.8
796	6
797	15.1
798	7.1
799	29
800	10.6
801	195.1
802	222.2
803	56.3
804	25.6
805	236.4
806	183.8
807	13.8
808	216.4
809	36.6
810	29.6
811	259.3
812	108.6
813	200.2
814	7.6
815	8.9
816	520.3
817	13.1
818	13.2
819	105.8
820	242.7
821	9.9
822	13.9
823	512.8
824	143.3
825	9.5
826	26.3
827	15.3
828	18.7
829	543.8
830	20.3
831	615.5
832	170.4
833	70.9
834	47.1
835	55.1
836	50.1
837	10.5
838	49.9
839	10.7
840	29.1
841	86.1
842	717.3
843	3.1
844	14.4
845	337.3
846	17.7
847	241.1
848	12.8
849	36.4
850	83.7
851	15.1
852	24.6
853	4.7
854	14.8
855	18.2
856	14.6
857	11.5
858	10.4
859	351
860	20
861	41.3
862	2.1
863	395.7
864	8.4
865	57.3
866	771.9
867	15.4
868	22.3
869	458.4
870	2.9
871	361
872	11.6
873	0.8
874	436.7
875	17.1
876	9.2
877	5.8
878	7.2
879	26.9
880	390.4
881	55.2
882	16.2
883	7.3
884	6.8
885	32.2
886	0.8
887	811.3
888	18.8
889	53.3
890	62.2
891	97.1
892	31.9
893	44.3
894	1
895	54
896	17.9
897	7.7
898	490.2
899	18.8
900	67.1
901	455.8
902	8.1
903	15.3
904	25.8
905	12.1
906	20.8
907	60.5
908	842.6
909	18.9
910	0
911	5.1
912	119.2
913	14
914	167.3
915	0
916	613.6
917	11.9
918	19.5
919	11.1
920	14.6
921	9.3
922	29.1
923	2.3
924	469.7
925	6.6
926	18.9
927	4.3
928	0.3
929	1015.8
930	47.6
931	4.5
932	0.5
933	11
934	0
935	17.5
936	52.8
937	10.5
938	33.8
939	11.1
940	1093.8
941	23.8
942	90.9
943	0
944	51.1
945	12.1
946	75.2
947	0
948	744.4
949	9.5
950	12.4
951	16.7
952	1085.2
953	17.9
954	0.3
955	34.3
956	121.8
957	7.6
958	17.3
959	1105.1
960	58.4
961	22
962	14.7
963	9.5
964	0
965	26.3
966	159.5
967	0
968	1116.6
969	9.4
970	7.3
971	41.4
972	20.7
973	12.3
974	1131.4
975	30.9
976	20.3
977	10.9
978	18.8
979	15.2
980	160.6
981	71.9
982	42.2
983	38.1
984	5.6
985	28
986	7.7
987	20.6
988	9.6
989	58.4
990	0
991	20
992	0
993	30.5
994	8.8
995	23.5
996	152.4
997	13.5
998	21.1
999	21.7
1000	0
1001	0.4
1002	13.1
1003	0
1004	180.2
1005	56.3
1006	14.9
1007	0
1008	0.3
1009	0
1010	124.4
1011	31.9
1012	14.3
1013	21.9
1014	8.7
1015	0.2
1016	0
1017	44
1018	21.5
1019	0.3
1020	40.1
1021	113.2
1022	11.5
1023	48.1
1024	15.9
1025	182.6
1026	37
1027	29
1028	231.4
1029	22.3
1030	0
1031	0
1032	0
1033	0
1034	46.2
1035	0
1036	611.6
1037	1194.3
1038	22.2
1039	232.5
1040	24.5
1041	15.6
1042	0.3
1043	0
1044	198.2
1045	0.4
1046	0.6
1047	44.9
1048	259.4
1049	12.1
1050	0
1051	677.5
1052	388.3
1053	23.1
1054	1360.3
1055	329
1056	71.8
1057	0
1058	807.9
1059	0
1060	25.7
1061	0
1062	25.7
1063	18.4
1064	0
1065	1392.9
1066	12
1067	0
1068	0
1069	0
1070	9.9
1071	7.6
1072	0
1073	0
1074	28.9
1075	0
1076	14.1
1077	0
1078	113.4
1079	1505.7
1080	1.2
1081	0
1082	26.3
1083	0
1084	34.1
1085	23
1086	109.8
1087	0
1088	0
1089	0.2
1090	1477.3
1091	17.6
1092	0
1093	0.3
1094	0
1095	0.3
1096	0.2
1097	10.1
1098	0.2
1099	0
1100	0
1101	0
1102	864
1103	0
1104	26.5
1105	0.4
1106	0.8
1107	0
1108	0.2
1109	1510.3
1110	0
1111	0
1112	153.3
1113	20.2
1114	24.6
1115	0.3
1116	0.2
1117	86.9
1118	0.5
1119	26.5
1120	0.2
1121	0.1
1122	0.8
1123	1.1
1124	12.2
1125	28
1126	13.7
1127	27.6
1128	271.5
1129	67.4
1130	0.4
1131	0
1132	78.5
1133	114.9
1134	1625.9
1135	1522.5
1136	0
1137	0.3
1138	1.2
1139	27.5
1140	1000
1141	0.1
1142	0
1143	10.3
1144	1.8
1145	0.3
1146	0.1
1147	1668.7
1148	14.7
1149	1666.7
1150	27.6
1151	1668.9
1152	311.7
1153	323.9
1154	0
1155	0
1156	11.3
1157	27.8
1158	147.5
1159	28
1160	0.1
1161	0
1162	0.2
1163	0.9
1164	15.9
1165	1547.1
1166	27.7
1167	8.4
1168	85.3
1169	16.4
1170	12.4
1171	1629.7
1172	42.5
1173	0.9
1174	20
1175	0.4
1176	10.7
1177	0
1178	0.2
1179	14.7
1180	1.6
1181	1629.2
1182	1670.9
1183	0
1184	2577.7
1185	16.5
1186	334.3
1187	1638
1188	1671.5
1189	1629.8
1190	1638.5
1191	15.8
1192	1671.8
1193	10.6
1194	1668.5
1195	11.8
1196	1638.1
1197	2725.2
1198	0
1199	14.2
1200	5.7
1201	1668.1
1202	2.1
1203	2725.2
1204	1631.7
1205	0.1
1206	0
1207	1628.2
1208	0
1209	1667.8
1210	24.9
1211	21.8
1212	0
1213	11.1
1214	363.2
1215	1630.5
1216	7.6
1217	1.2
1218	0
1219	0
1220	9.6
1221	1671.3
1222	1670.9
1223	0.2
1224	1671.6
1225	13
1226	14.3
1227	3.8
1228	0.1
1229	1630.3
1230	10.6
1231	0
1232	19.2
1233	0.1
1234	2.3
1235	0.2
1236	0
1237	72.2
1238	8.3
1239	0
1240	1672
1241	158.6
1242	34
1243	0.6
1244	1672.1
1245	33
1246	9.3
1247	60.8
1248	44
1249	50.6
1250	4.3
1251	0.2
1252	2725.2
1253	1678.1
1254	3.5
1255	0
1256	13.9
1257	3.6
1258	0.2
1259	0
1260	5.2
1261	8.3
1262	0
1263	0.5
1264	4.2
1265	7.9
1266	414.7
1267	2725.2
1268	11.9
1269	4.5
1270	48.5
1271	0.2
1272	1678.2
1273	3.3
1274	13.8
1275	1677.7
1276	13.9
1277	8.5
1278	107.1
1279	3.2
1280	58.5
1281	2.5
1282	0
1283	10
1284	36.4
1285	3.7
1286	12.8
1287	0.7
1288	1.3
1289	53.7
1290	0.8
1291	25
1292	0.5
1293	3.1
1294	6.2
1295	7.4
1296	0
1297	16.4
1298	423.8
1299	5.5
1300	2.8
1301	0
1302	1
1303	5.1
1304	2.6
1305	15
1306	0
1307	206.2
1308	0.7
1309	0
1310	74.8
1311	8.5
1312	9.1
1313	0.5
1314	19.2
1315	58.5
1316	4.3
1317	3.4
1318	0.3
1319	25.3
1320	7.2
1321	0
1322	2725.2
1323	0
1324	0.5
1325	66.5
1326	0
1327	0
1328	150.9
1329	9.6
1330	33.5
1331	9.9
1332	8.3
1333	13.4
1334	62.5
1335	0.1
1336	13.5
1337	0
1338	0
1339	0.1
1340	4
1341	16.4
1342	154.7
1343	0
1344	0
1345	0.1
1346	58.5
1347	160.9
1348	9
1349	0.1
1350	2725.2
1351	5.2
1352	2.7
1353	142.7
1354	0
1355	12.8
1356	4.4
1357	6.3
1358	7.9
1359	0.4
1360	0
1361	0.2
1362	8.2
1363	58.5
1364	0
1365	46.1
1366	0
1367	58.5
1368	4.4
1369	0
1370	0.1
1371	0
1372	1.3
1373	82.8
1374	0.2
1375	39.8
1376	2.5
1377	1.7
1378	0.2
1379	0.2
1380	19.3
1381	58.5
1382	12.4
1383	0
1384	1.6
1385	3.4
1386	6
1387	0
1388	0
1389	0
1390	7.1
1391	481.3
1392	12.7
1393	0
1394	0
1395	22.7
1396	0
1397	8.5
1398	0
1399	58.5
1400	3.7
1401	0
1402	0
1403	207.6
1404	0.6
1405	0.2
1406	0
1407	58.5
1408	0
1409	523.9
1410	0
1411	147
1412	0
1413	32
1414	1
1415	11.3
1416	63
1417	0
1418	8.8
1419	0
1420	1.6
1421	0
1422	0
1423	8.1
1424	95.3
1425	0
1426	131.8
1427	0.1
1428	0
1429	0
1430	8.9
1431	227.6
1432	0
1433	7.6
1434	2783.7
1435	23.5
1436	2725.2
1437	95.3
1438	0
1439	0.2
1440	4.4
1441	5.2
1442	12638.5
1443	20.2
1444	0
1445	0
1446	820.8
1447	0
1448	29.5
1449	58.5
1450	0
1451	12638.5
1452	2783.7
1453	38.6
1454	8.8
1455	0
1456	9854.8
1457	269.4
1458	4.1
1459	0.2
1460	0
1461	73.2
1462	12638.5
1463	0
1464	0
1465	0
1466	10.9
1467	0
1468	12638.5
1469	6.4
1470	792.9
1471	0
1472	12638.5
1473	559.9
1474	0.2
1475	14
1476	12638.5
1477	0
1478	11.9
1479	99.4
1480	0
1481	43.4
1482	4.1
1483	0
1484	9854.7
1485	5.2
1486	0
1487	0
1488	33.8
1489	29.2
1490	0
1491	5.6
1492	4
1493	850
1494	9.6
1495	107
1496	108.3
1497	90.3
1498	0
1499	13.7
1500	893.2
1501	6.9
1502	33.9
1503	0.1
1504	127.1
1505	11.1
1506	10.1
1507	0
1508	0
1509	3.2
1510	0
1511	9854.4
1512	0
1513	43.2
1514	0
1515	0
1516	0
1517	901.7
1518	0
1519	6.5
1520	0.2
1521	0
1522	0
1523	0
1524	127.1
1525	0
1526	0
1527	20.5
1528	0
1529	8
1530	22.2
1531	0
1532	0
1533	0
1534	11.3
1535	2.7
1536	9
1537	0
1538	2.7
1539	0.2
1540	0
1541	12638.5
1542	0
1543	16.6
1544	0
1545	0
1546	6.5
1547	7.7
1548	12638.5
1549	0
1550	0
1551	133.6
1552	235.4
1553	18.2
1554	18.2
1555	6.2
1556	11.5
1557	0
1558	0
1559	22.3
1560	901.8
1561	0
1562	0
1563	0.2
1564	0
1565	58.4
1566	0.2
1567	12638.5
1568	0
1569	6.7
1570	7.7
1571	0
1572	0
1573	43
1574	0
1575	12.3
1576	9854.4
1577	8.8
1578	0
1579	0
1580	345.4
1581	362.5
1582	9.6
1583	4.1
1584	2.9
1585	30.7
1586	13.2
1587	0
1588	936.4
1589	0
1590	0.1
1591	12638.5
1592	912.1
1593	0
1594	13.3
1595	20.8
1596	635.4
1597	12638.5
1598	31
1599	629.4
1600	6.7
1601	15.9
1602	9.7
1603	22.2
1604	3.7
1605	0.1
1606	0
1607	0
1608	11.7
1609	0
1610	4
1611	0.2
1612	28.6
1613	635.4
1614	49.6
1615	9797.5
1616	11.9
1617	0
1618	15.6
1619	936.4
1620	9734.2
1621	411.6
1622	6.6
1623	0
1624	15.2
1625	15.6
1626	79
1627	0
1628	16.8
1629	12638.5
1630	18.6
1631	3.6
1632	46.3
1633	0
1634	90.1
1635	74.9
1636	668.9
1637	20.7
1638	4.6
1639	0.6
1640	0
1641	22.8
1642	25.9
1643	9.5
1644	0
1645	15.1
1646	20.7
1647	12638.5
1648	0.3
1649	0.1
1650	0.1
1651	59.3
1652	4.9
1653	0.1
1654	9651.8
1655	27.6
1656	13.7
1657	26.9
1658	698.3
1659	26.9
1660	29.1
1661	0.1
1662	0
1663	57.9
1664	0.3
1665	0.2
1666	59.2
1667	15.8
1668	43.5
1669	17.4
1670	1375.8
1671	9.7
1672	9642.2
1673	47
1674	16.8
1675	120.4
1676	0.3
1677	0.1
1678	4.2
1679	280.1
1680	13.9
1681	246.9
1682	629.6
1683	24.9
1684	13.9
1685	21.2
1686	4.8
1687	280.1
1688	87.4
1689	0.3
1690	29.9
1691	0.1
1692	3157.4
1693	6440.9
1694	25.3
1695	15.9
1696	1682
1697	4985.6
1698	629.6
1699	2.4
1700	4
1701	3124.5
1702	4961.3
1703	254.1
1704	1682
1705	0.1
1706	17
1707	629.7
1708	629.8
1709	13
1710	1.8
1711	3
1712	174.8
1713	3113.9
1714	75.8
1715	20.9
1716	28.8
1717	7
1718	55.5
1719	11.5
1720	10.5
1721	6482.9
1722	22.2
1723	235.4
1724	28.8
1725	924.7
1726	6.9
1727	15
1728	186.2
1729	0
1730	42
1731	2.3
1732	177.5
1733	38.5
1734	5064.8
1735	8.7
1736	629.7
1737	6.4
1738	5.1
1739	610.2
1740	0
1741	0.1
1742	0.1
1743	96.3
1744	9.7
1745	66.3
1746	1692
1747	259.2
1748	24.9
1749	6.9
1750	10.3
1751	1698.1
1752	1707.1
1753	16.4
1754	102.4
1755	7.2
1756	822.3
1757	33.5
1758	4.4
1759	122.4
1760	600.6
1761	38.5
1762	5.7
1763	13.9
1764	8.3
1765	0.5
1766	24.3
1767	1899.1
1768	0
1769	2079.3
1770	55.5
1771	6.2
1772	0
1773	7.9
1774	215.1
1775	0
1776	8.3
1777	4567.3
1778	0.1
1779	0.3
1780	0.1
1781	2037.7
1782	136.5
1783	2129.5
1784	277.4
1785	3067.1
1786	6.2
1787	79.1
1788	8.2
1789	5.3
1790	0.1
1791	4.9
1792	123.6
1793	589.8
1794	36
1795	3036.9
1796	3154.6
1797	17.3
1798	11.9
1799	0
1800	14.2
1801	6.2
1802	7.1
1803	0
1804	292.6
1805	0.4
1806	32.8
1807	37.3
1808	292.6
1809	21.3
1810	20.2
1811	4193.5
1812	0
1813	7.9
1814	27
1815	2687.5
1816	8.4
1817	7.6
1818	2683.4
1819	22.3
1820	11.4
1821	6.5
1822	20.7
1823	5.2
1824	0
1825	55.2
1826	54.1
1827	1494.9
1828	4183.3
1829	119
1830	0
1831	536.5
1832	0
1833	15.8
1834	0
1835	3015
1836	2999.9
1837	0
1838	0
1839	7.9
1840	55.5
1841	469.5
1842	599.8
1843	38.7
1844	4187.3
1845	16.2
1846	0
1847	526.5
1848	6.3
1849	51.5
1850	9.1
1851	25
1852	95.5
1853	13.9
1854	130.9
1855	6.1
1856	206.8
1857	0
1858	16.1
1859	34.2
1860	581.3
1861	0
1862	11.5
1863	2955.5
1864	7.8
1865	6
1866	9.5
1867	2963.4
1868	50.2
1869	12.2
1870	79.9
1871	18.2
1872	260.1
1873	173.5
1874	37
1875	2955.5
1876	46.1
1877	0
1878	2955.5
1879	25.2
1880	21.5
1881	15.5
1882	0
1883	7.9
1884	9.2
1885	10.4
1886	9.8
1887	0
1888	6.3
1889	0
1890	21.5
1891	88.1
1892	13.3
1893	5.2
1894	6.4
1895	34.2
1896	6.4
1897	21.8
1898	24.6
1899	241.6
1900	0
1901	7.2
1902	7.8
1903	5.8
1904	8
1905	1493.9
1906	0
1907	0
1908	491.5
1909	5.6
1910	90.4
1911	10.4
1912	9.6
1913	0
1914	20.8
1915	0
1916	80.7
1917	6.5
1918	7.9
1919	0
1920	2955.5
1921	5.8
1922	0
1923	0
1924	2955.5
1925	8.5
1926	45.7
1927	14
1928	1380
1929	0
1930	0
1931	0
1932	28.9
1933	8.7
1934	5.8
1935	0
1936	5.3
1937	2955.5
1938	38.4
1939	15.6
1940	0
1941	201
1942	16.9
1943	2955.5
1944	10
1945	0
1946	0
1947	0
1948	296.4
1949	8.7
1950	23.3
1951	0
1952	3
1953	66.7
1954	2955.5
1955	1
1956	9.1
1957	12.5
1958	0
1959	2.8
1960	1338
1961	11.1
1962	31.4
1963	0
1964	0
1965	0
1966	3.3
1967	293.9
1968	1.4
1969	0
1970	74
1971	0
1972	0
1973	2955.5
1974	82.4
1975	75.4
1976	0.8
1977	296.4
1978	25.5
1979	16.6
1980	0
1981	1317.4
1982	3.5
1983	0
1984	0
1985	46.4
1986	1.3
1987	10.3
1988	42.1
1989	112.2
1990	33.1
1991	0
1992	0
1993	3.6
1994	7.2
1995	1159.1
1996	0
1997	1.1
1998	24.8
1999	0
2000	63.8
2001	30.2
2002	1
2003	1.5
2004	2955.5
2005	0
2006	4.3
2007	0
2008	293.9
2009	0
2010	32.1
2011	80.2
2012	0
2013	36.9
2014	47.1
2015	1.9
2016	0
2017	0
2018	1.6
2019	2955.5
2020	0
2021	175.4
2022	160.2
2023	13.6
2024	39.2
2025	21
2026	0
2027	2.8
2028	14.2
2029	168.7
2030	0
2031	2.5
2032	0.1
2033	0
2034	0
2035	24.4
2036	3.5
2037	19.1
2038	28.9
2039	0
2040	0
2041	4
2042	3.2
2043	33
2044	7.6
2045	0
2046	2955.5
2047	2.5
2048	0
2049	0
2050	44.4
2051	2.1
2052	0
2053	14
2054	7.9
2055	1
2056	137
2057	9.7
2058	5.3
2059	0
2060	158.3
2061	0.1
2062	1209.2
2063	0
2064	4.2
2065	0
2066	0
2067	2.5
2068	0
2069	8.1
2070	0.6
2071	2.9
2072	0
2073	1.9
2074	6.8
2075	0
2076	6.5
2077	0
2078	4.5
2079	0
2080	0
2081	4.6
2082	0
2083	1.9
2084	1021.7
2085	0
2086	6.6
2087	0
2088	20.8
2089	2.9
2090	9.1
2091	5.1
2092	6.3
2093	5
2094	0
2095	1.8
2096	0
2097	153.2
2098	11.9
2099	4
2100	16.5
2101	0
2102	22.7
2103	2955.5
2104	2955.5
2105	0
2106	0
2107	0
2108	14.2
2109	0
2110	0
2111	0
2112	18.2
2113	1012.5
2114	0
2115	9.1
2116	4.6
2117	4.2
2118	45.8
2119	953.3
2120	7.4
2121	1.1
2122	31.2
2123	0
2124	16.8
2125	3.1
2126	0
2127	139.6
2128	0
2129	2955.5
2130	0
2131	10.8
2132	5.7
2133	0
2134	0
2135	953
2136	12
2137	6.8
2138	2
2139	9.4
2140	2955.5
2141	28
2142	21.5
2143	0
2144	0
2145	15.3
2146	1.4
2147	8.6
2148	17.4
2149	0
2150	23.8
2151	0
2152	16.1
2153	97.5
2154	11.5
2155	0
2156	0
2157	0
2158	2.2
2159	2
2160	119.1
2161	0
2162	0
2163	19.6
2164	0
2165	1.9
2166	2955.5
2167	0
2168	0
2169	33.5
2170	0
2171	0
2172	0
2173	36.9
2174	0
2175	0.2
2176	0
2177	177.2
2178	2.7
2179	0
2180	3.1
2181	33.9
2182	0
2183	0
2184	0
2185	10
2186	0.2
2187	1.5
2188	2955.5
2189	0
2190	131
2191	0
2192	0
2193	0
2194	21.2
2195	2.3
2196	0
2197	6.1
2198	2955.5
2199	177.2
2200	0
2201	0.5
2202	3.3
2203	0
2204	2955.5
2205	0
2206	110.6
2207	1.8
2208	1
2209	0
2210	37.8
2211	0
2212	3.5
2213	284.6
2214	0
2215	4.5
2216	103.5
2217	0
2218	0
2219	19.8
2220	6.5
2221	0
2222	58.2
2223	0
2224	0
2225	96.1
2226	20.3
2227	39.3
2228	0
2229	0
2230	3.9
2231	0
2232	767.3
2233	0
2234	10.6
2235	0
2236	0
2237	0
2238	0
2239	96.4
2240	0
2241	3.6
2242	0
2243	0
2244	0
2245	5.9
2246	0
2247	0
2248	10.5
2249	33.6
2250	2955.5
2251	1.8
2252	452.7
2253	0
2254	1.1
2255	0
2256	12.2
2257	7.2
2258	0
2259	425.8
2260	0
2261	0
2262	0
2263	7.1
2264	29.7
2265	405.7
2266	0
2267	0
2268	35.2
2269	94.5
2270	0
2271	9.6
2272	0
2273	6.2
2274	0
2275	15.4
2276	1.6
2277	0
2278	0
2279	2955.5
2280	0
2281	0
2282	401.6
2283	1.6
2284	0
2285	382.5
2286	27.2
2287	6.2
2288	12.5
2289	0
2290	0
2291	2955.5
2292	376.6
2293	87.6
2294	87.6
2295	6.2
2296	5.1
2297	12.1
2298	0
2299	1.2
2300	0
2301	0
2302	0
2303	0
2304	0
2305	2955.5
2306	283.1
2307	39.7
2308	0
2309	5.8
2310	37
2311	0
2312	0
2313	0
2314	0
2315	0
2316	2955.5
2317	9.9
2318	2955.5
2319	0
2320	9.8
2321	16.2
2322	0
2323	0
2324	27.4
2325	22.4
2326	3.6
2327	0
2328	6.5
2329	0
2330	0
2331	0
2332	80.4
2333	0
2334	9.6
2335	0
2336	11.9
2337	0
2338	1.7
2339	76.6
2340	7.8
2341	6.2
2342	0
2343	1.1
2344	0
2345	74.3
2346	24.8
2347	0
2348	0
2349	64
2350	0
2351	13.3
2352	0
2353	8.6
2354	0
2355	3.8
2356	0
2357	0
2358	1.2
2359	246.9
2360	4.8
2361	6.7
2362	4.7
2363	11.6
2364	3.5
2365	4.4
2366	0
2367	0
2368	9.2
2369	2
2370	4.3
2371	0
2372	3
2373	16.7
2374	1
2375	0
2376	0
2377	3.4
2378	7.1
2379	706.7
2380	9.2
2381	6.8
2382	4
2383	0
2384	0
2385	1.2
2386	0
2387	0
2388	127.6
2389	9.8
2390	1.4
2391	138.6
2392	236.6
2393	0
2394	197.4
2395	63.3
2396	701.3
2397	0
2398	0.5
2399	6.9
2400	0
2401	4.1
2402	19.5
2403	2.9
2404	2.9
2405	22.4
2406	180.2
2407	0
2408	6.8
2409	24
2410	115.6
2411	104.6
2412	34.4
2413	0
2414	5.6
2415	65.4
2416	691.2
2417	183.7
2418	9.1
2419	1973.9
2420	5.3
2421	0
2422	8.2
2423	6.7
2424	60.4
2425	1.6
2426	0
2427	0
2428	12.7
2429	0
2430	0
2431	5
2432	678.5
2433	4
2434	10.6
2435	0
2436	678.5
2437	47.4
2438	33.3
2439	15.2
2440	3.5
2441	0
2442	4.4
2443	5.6
2444	191.2
2445	6.8
2446	3.8
2447	7.4
2448	47.1
2449	0
2450	0
2451	2.6
2452	9.4
2453	165.6
2454	0
2455	678.5
2456	13
2457	0
2458	1967.9
2459	4.9
2460	12.6
2461	23.9
2462	6.5
2463	1.6
2464	61.8
2465	0
2466	0
2467	310.2
2468	153.3
2469	4.5
2470	12.5
2471	1967.9
2472	4.9
2473	9.4
2474	5
2475	1949.9
2476	0
2477	17.4
2478	2.7
2479	0
2480	3.1
2481	4.7
2482	31.2
2483	0
2484	678.5
2485	135.3
2486	10.3
2487	0
2488	3.2
2489	65.9
2490	15.1
2491	1.4
2492	10.9
2493	0
2494	9.2
2495	5.1
2496	1.1
2497	283.6
2498	122.1
2499	25
2500	650.3
2501	18
2502	10.2
2503	18.1
2504	17.5
2505	650.3
2506	7.3
2507	0
2508	9
2509	0
2510	4.9
2511	11.8
2512	633.4
2513	15.8
2514	99.7
2515	103.5
2516	1899.6
2517	5.7
2518	2.3
2519	7.6
2520	611.6
2521	60.3
2522	136.2
2523	1.4
2524	0
2525	4.6
2526	61.4
2527	8
2528	7.3
2529	5
2530	310.2
2531	276.1
2532	4.5
2533	21.7
2534	33.6
2535	5.8
2536	7.6
2537	39.5
2538	131.3
2539	169.2
2540	50.1
2541	19.2
2542	611.6
2543	10.9
2544	28.4
2545	93.2
2546	59.2
2547	7.6
2548	61
2549	3.3
2550	0
2551	15
2552	127.1
2553	14
2554	286.8
2555	3.8
2556	5
2557	11.3
2558	14.6
2559	252.4
2560	47.8
2561	69.8
2562	11.5
2563	99.9
2564	278.1
2565	29.8
2566	1.9
2567	3.7
2568	122.1
2569	31
2570	4.4
2571	1.2
2572	1897.5
2573	0.2
2574	1885.9
2575	26.8
2576	7.8
2577	4.9
2578	5.4
2579	6.5
2580	1856.4
2581	167.2
2582	75.9
2583	8.3
2584	0
2585	15.2
2586	9.7
2587	14.2
2588	2.7
2589	33.3
2590	5.3
2591	5.1
2592	62.5
2593	173.4
2594	14.4
2595	0
2596	27.7
2597	12.9
2598	123
2599	2.9
2600	4.8
2601	5.7
2602	40.8
2603	50.8
2604	9.1
2605	21
2606	0.4
2607	13.5
2608	11.4
2609	16.6
2610	0.1
2611	7.3
2612	3.6
2613	7.2
2614	105.1
2615	4.5
2616	17
2617	63.7
2618	7.1
2619	1835.9
2620	14.4
2621	10.3
2622	8.3
2623	5.6
2624	44
2625	119.5
2626	2.3
2627	20.5
2628	5.5
2629	0
2630	5.4
2631	3.8
2632	7
2633	19.2
2634	26.9
2635	4.4
2636	22.2
2637	0
2638	14.5
2639	163.7
2640	137.1
2641	6.4
2642	5.2
2643	43.9
2644	16.2
2645	29.8
2646	130.4
2647	2.6
2648	9.5
2649	0.4
2650	13.1
2651	0
2652	0.9
2653	17.2
2654	24
2655	29.1
2656	52.4
2657	2.9
2658	112.3
2659	18.1
2660	29.7
2661	47.5
2662	14.9
2663	41.9
2664	11.4
2665	43.1
2666	17.5
2667	1.9
2668	7.8
2669	3.4
2670	7.3
2671	26.3
2672	21
2673	0.1
2674	5.7
2675	25.3
2676	0.9
2677	25.3
2678	6.3
2679	0.7
2680	3.6
2681	1835.9
2682	645.9
2683	24.6
2684	3.1
2685	35.6
2686	4.4
2687	7.7
2688	5
2689	1171.5
2690	3.5
2691	657.1
2692	0.3
2693	3.8
2694	5.9
2695	0
2696	20.5
2697	0
2698	26.3
2699	4.2
2700	7.8
2701	0.9
2702	3
2703	10.3
2704	0.5
2705	10.1
2706	4.2
2707	1.1
2708	159
2709	8
2710	167
2711	5.3
2712	0
2713	4.7
2714	14.8
2715	10.6
2716	4.7
2717	568.3
2718	11.1
2719	3.1
2720	8.1
2721	6.6
2722	3.3
2723	33.7
2724	2.3
2725	182.3
2726	30
2727	15.7
2728	18.8
2729	8.1
2730	5.5
2731	0
2732	11.7
2733	4.5
2734	4.2
2735	5.8
2736	2.8
2737	52.9
2738	202.6
2739	41.2
2740	557
2741	213.8
2742	4.8
2743	11
2744	6.6
2745	15.8
2746	2.8
2747	11.2
2748	0
2749	36.1
2750	18
2751	5.7
2752	18.1
2753	4
2754	28.4
2755	296.7
2756	22
2757	50.7
2758	11.7
2759	6.1
2760	3.6
2761	2.8
2762	40.8
2763	25.6
2764	3.1
2765	51
2766	4
2767	0.9
2768	82.1
2769	4.4
2770	61.1
2771	11.9
2772	1096.8
2773	4.5
2774	27.6
2775	434
2776	86.9
2777	7.9
2778	3.2
2779	72.2
2780	2.9
2781	6.6
2782	15.4
2783	5.5
2784	7.4
2785	27.7
2786	6.6
2787	29.8
2788	3.3
2789	14.9
2790	13.4
2791	8.7
2792	3.4
2793	26.1
2794	12.9
2795	3.4
2796	793.3
2797	60.1
2798	6.2
2799	6.2
2800	433.4
2801	7.3
2802	17.9
2803	5.4
2804	9.1
2805	428.9
2806	5.9
2807	5.1
2808	57.2
2809	1115.9
2810	1.1
2811	5.6
2812	3.4
2813	783
2814	11.5
2815	3.6
2816	97.4
2817	78.6
2818	5.7
2819	11.8
2820	6.3
2821	43.1
2822	3.9
2823	6.6
2824	40.1
2825	91.5
2826	37.9
2827	5.2
2828	7.4
2829	5.6
2830	125.2
2831	6.7
2832	58.2
2833	106.8
2834	10.4
2835	8.2
2836	17.2
2837	9.5
2838	12.1
2839	8.2
2840	16.7
2841	7.6
2842	20.6
2843	5.3
2844	5
2845	118.9
2846	47.3
2847	20.7
2848	16.5
2849	3.9
2850	405.8
2851	7.1
2852	10.8
2853	3.8
2854	10.7
2855	11
2856	25.5
2857	9.8
2858	7.1
2859	129.8
2860	5.2
2861	52.9
2862	3.5
2863	3
2864	771.5
2865	31.5
2866	3.5
2867	22.4
2868	3.6
2869	7.3
2870	152.9
2871	9.6
2872	297
2873	8.5
2874	52.7
2875	111.3
2876	1.1
2877	27
2878	5.8
2879	3.7
2880	93.5
2881	7.2
2882	11.5
2883	34.4
2884	22.4
2885	3.2
2886	5.8
2887	10.3
2888	60.9
2889	6.4
2890	4.6
2891	44.2
2892	14.9
2893	13.1
2894	8.8
2895	59
2896	62
2897	18.7
2898	189.3
2899	8
2900	33.5
2901	73.9
2902	6
2903	36.1
2904	66.9
2905	35.8
2906	31.2
2907	15.5
2908	20.1
2909	7.5
2910	63.6
2911	5.8
2912	24.9
2913	16.3
2914	29.9
2915	6
2916	14.9
2917	7.6
2918	8.3
2919	75.7
2920	2.2
2921	20.2
2922	52
2923	18.2
2924	290.2
2925	20.1
2926	266.6
2927	7.4
2928	31.8
2929	11.4
2930	28.8
2931	208.6
2932	652.1
2933	5.6
2934	18
2935	7.3
2936	98.3
2937	7.7
2938	3.4
2939	39.2
2940	101.1
2941	230.4
2942	8.2
2943	5.1
2944	2.4
2945	7.6
2946	23.5
2947	300.2
2948	26.2
2949	49.5
2950	10.6
2951	7.4
2952	14.9
2953	18.6
2954	8.2
2955	217.8
2956	635.9
2957	295.5
2958	227.4
2959	253.2
2960	91.2
2961	14.1
2962	10.5
2963	9.9
2964	8.4
2965	6.4
2966	309.8
2967	10.3
2968	9.7
2969	8.2
2970	7.1
2971	80.4
2972	14.3
2973	139.2
2974	5.3
2975	22.1
2976	300.7
2977	4.2
2978	14.3
2979	9.5
2980	18.7
2981	18.7
2982	8.4
2983	7
2984	48.6
2985	8.4
2986	27
2987	11.7
2988	601
2989	2.7
2990	20.3
2991	18.4
2992	19.4
2993	66
2994	50.6
2995	34.7
2996	331.6
2997	295.5
2998	6
2999	26.5
3000	265.1
3001	4.7
3002	27.3
3003	81.8
3004	1.7
3005	5
3006	9.3
3007	15.4
3008	7.5
3009	127.7
3010	145.6
3011	6
3012	10.7
3013	11.1
3014	6.7
3015	1.5
3016	65.7
3017	30.4
3018	348.1
3019	1.6
3020	2184.2
3021	38.5
3022	7.6
3023	1.3
3024	17.9
3025	1795.3
3026	9
3027	644.6
3028	1443.1
3029	1108.7
3030	20.1
3031	268.6
3032	22.1
3033	1.1
3034	9
3035	1445.4
3036	145.2
3037	4.8
3038	90.1
3039	20.5
3040	61.8
3041	18.4
3042	36.7
3043	1122.5
3044	4.8
3045	713.3
3046	79.5
3047	85.7
3048	12
3049	2136.1
3050	26.6
3051	3.3
3052	46.6
3053	16.9
3054	2091.4
3055	284.4
3056	1133.2
3057	1.6
3058	1115.2
3059	4.4
3060	4.1
3061	8.6
3062	15.3
3063	183.6
3064	104.3
3065	239.7
3066	10.6
3067	177.2
3068	41
3069	1.8
3070	1438.9
3071	261.3
3072	12.5
3073	41.5
3074	165.2
3075	4.3
3076	4.2
3077	277.6
3078	4.7
3079	8.9
3080	1410.8
3081	1.5
3082	6.6
3083	53.6
3084	5.4
3085	39.9
3086	5.3
3087	64.4
3088	8.6
3089	28.6
3090	10.1
3091	3.2
3092	23.4
3093	10.3
3094	25.7
3095	1.5
3096	43.4
3097	16
3098	37.6
3099	7.6
3100	228.4
3101	41.2
3102	5.7
3103	10.8
3104	13.8
3105	17.1
3106	31.2
3107	108.9
3108	3
3109	3.1
3110	4.7
3111	55.2
3112	5.1
3113	54.4
3114	5.6
3115	11.8
3116	7.8
3117	52.6
3118	12.2
3119	15.2
3120	4
3121	19.2
3122	1.7
3123	9.6
3124	1.6
3125	29.1
3126	8.7
3127	1.9
3128	2.2
3129	4.7
3130	1.1
3131	7.5
3132	7.4
3133	12.8
3134	34.4
3135	3.2
3136	17.2
3137	1.2
3138	1.4
3139	25.6
3140	9.3
3141	1.6
3142	10.1
3143	18
3144	232
3145	1.6
3146	1.1
3147	5.7
3148	16.7
3149	93.6
3150	1
3151	3.6
3152	118.6
3153	28.8
3154	18.4
3155	43.9
3156	3.3
3157	3.7
3158	1.1
3159	14
3160	2.8
3161	2.9
3162	5.2
3163	2.3
3164	2.1
3165	1.7
3166	109.5
3167	13.8
3168	18.1
3169	95.9
3170	19.8
3171	4.1
3172	37.4
3173	81.2
3174	8.1
3175	9.3
3176	1.8
3177	83.9
3178	123.1
3179	1
3180	2.7
3181	10.9
3182	21.5
3183	7
3184	5
3185	2.3
3186	4.1
3187	30.3
3188	3.8
3189	3.4
3190	1.3
3191	7.1
3192	2.3
3193	1.2
3194	19.1
3195	6.5
3196	28.4
3197	8
3198	1.6
3199	5.4
3200	1.1
3201	37.6
3202	0
3203	15.5
3204	9.8
3205	1.7
3206	1
3207	73.2
3208	36.8
3209	0.5
3210	10.6
3211	2.8
3212	19.9
3213	87.5
3214	3.1
3215	1.2
3216	35.6
3217	38.7
3218	5.5
3219	28.3
3220	1.4
3221	37.6
3222	20.3
3223	2.3
3224	21.8
3225	41.6
3226	8.9
3227	34.5
3228	49.9
3229	0.8
3230	2.4
3231	0.7
3232	1.1
3233	2.5
3234	2.4
3235	70.2
3236	1.9
3237	2.3
3238	21.6
3239	1.7
3240	1.5
3241	1.9
3242	8.9
3243	2
3244	50.3
3245	77.2
3246	31.8
3247	0.7
3248	1.2
3249	2
3250	6.6
3251	78.2
3252	4.4
3253	48.9
3254	1.9
3255	3.3
3256	1
3257	2.4
3258	63.7
3259	10.6
3260	3.2
3261	0.9
3262	16.6
3263	63.8
3264	46.7
3265	2.3
3266	7.5
3267	3.3
3268	19.1
3269	29.7
3270	0.8
3271	1.6
3272	21.7
3273	1.1
3274	35.9
3275	0.9
3276	2.2
3277	6.4
3278	3.6
3279	1.5
3280	12.7
3281	27.8
3282	0.9
3283	1.5
3284	0.6
3285	15.5
3286	47.6
3287	9.3
3288	5.3
3289	5.2
3290	3.3
3291	7.4
3292	6.4
3293	3.4
3294	1.3
3295	1.7
3296	4.6
3297	37.9
3298	2.9
3299	0.8
3300	5.4
3301	0.7
3302	2.9
3303	2.9
3304	1.1
3305	3.6
3306	0.7
3307	7.3
3308	2.8
3309	7.1
3310	3.3
3311	2
3312	2.5
3313	4.2
3314	13
3315	1.3
3316	16.2
3317	1
3318	4.2
3319	2.2
3320	10.7
3321	2.3
3322	1.2
3323	2.9
3324	3.7
3325	0.7
3326	5.1
3327	9
3328	2.3
3329	3.9
3330	2.1
3331	11
3332	12
3333	0.5
3334	3.1
3335	4
3336	0.9
3337	2.7
3338	10.8
3339	5.4
3340	1.2
3341	6.7
3342	0.6
3343	4
3344	1.2
3345	1.4
3346	5.3
3347	5.4
3348	0.9
3349	0.4
3350	1.2
3351	1.4
3352	3.3
3353	31
3354	1.3
3355	3.3
3356	1.4
3357	1.2
3358	1.7
3359	0.9
3360	2
3361	1.5
3362	0.5
3363	4.6
3364	1.3
3365	4.6
3366	26.3
3367	1
3368	3.1
3369	2.4
3370	2.4
3371	0.9
3372	2.9
3373	0.9
3374	25.5
3375	0.6
3376	3.5
3377	0.6
3378	0.6
3379	3.4
3380	20.1
3381	1
3382	0.4
3383	2.3
3384	12.7
3385	6.5
3386	1.4
3387	1.9
3388	0.4
3389	9.6
3390	6.8
3391	2.5
3392	0.9
3393	0.9
3394	2.5
3395	2.1
3396	5.6
3397	1.6
3398	2.3
3399	1.8
3400	131.2
3401	57.8
3402	126
3403	635.6
3404	418.6
3405	386.6
3406	236.4
3407	1237.7
3408	117.4
3409	1291.2
3410	0
3411	0
3412	53.5
3413	214.4
3414	105.1
3415	95.6
3416	26.2
3417	56.4
3418	108.8
3419	1030.6
3420	1667.1
3421	2725.2
3422	54.7
3423	393.7
3424	24.2
3425	204.5
3426	484
3427	1.9
3428	24.2
3429	48.7
3430	12.2
3431	253.9
3432	418.2
3433	48.4
3434	67.9
3435	12638.5
3436	798.5
3437	84.2
3438	12638.5
3439	12638.5
3440	107.9
3441	589.3
3442	9854.7
3443	210.8
3444	88.4
3445	12638.5
3446	12638.5
3447	12638.5
3448	0.3
3449	20.5
3450	12638.5
3451	622.7
3452	154.9
3453	31.3
3454	235.4
3455	46.7
3456	1375.6
3457	240.4
3458	90.3
3459	3.5
3460	198.7
3461	6440.7
3462	386.3
3463	1682
3464	625.1
3465	1.4
3466	31.4
3467	13.5
3468	4521
3469	25.2
3470	2371.6
3471	79.3
3472	49.2
3473	125.7
3474	565
3475	2955.5
3476	0
3477	63.4
3478	16.8
3479	2955.5
3480	1388.2
3481	41
3482	379
3483	4.3
3484	1319.2
3485	26.5
3486	0
3487	90.9
3488	39.5
3489	1146.1
3490	1118.1
3491	0
3492	30.2
3493	1004.6
3494	115.3
3495	78.4
3496	137.6
3497	946.8
3498	806.1
3499	223.2
3500	762.2
3501	126.1
3502	9.5
3503	2955.5
3504	2955.5
3505	79.4
3506	326.4
3507	2955.5
3508	0.5
3509	84.8
3510	2955.5
3511	272.3
3512	52.5
3513	71.5
3514	2955.5
3515	212.3
3516	2872.8
3517	31
3518	689.2
3519	49.4
3520	0
3521	1970.5
3522	100.1
3523	1944.7
3524	24.3
3525	1938.5
3526	7.9
3527	1897.5
3528	318.3
3529	56.3
3530	27.7
3531	108.2
3532	6.6
3533	1856.4
3534	1835.9
3535	110.6
3536	595.9
3537	11
3538	0
3539	155
3540	125.3
3541	1166.3
3542	547.7
3543	1150.3
3544	49.9
3545	36.6
3546	19.9
3547	773.3
3548	397.2
3549	70.5
3550	149.9
3551	253.6
3552	748.7
3553	703.7
3554	285.5
3555	262.3
3556	409.6
3557	15.1
3558	194.5
3559	142.5
3560	280.4
3561	2106.5
3562	83.1
3563	1000.4
3564	124
3565	122.9
3566	15.6
3567	959.5
3568	1405.2
3569	131.2
3570	213.1
3571	87.7
3572	63.2
3573	73.6
3574	248.6
3575	48.9
3576	209.8
3577	255.9
3578	56.8
3579	228.3
3580	101.5
3581	11.6
3582	21.9
3583	79.8
3584	84.8
3585	40.2
3586	61.2
3587	18.8
3588	10.7
3589	12.6
3590	16.1
3591	10
3592	6.3
3593	3.5
3594	5.5
