"COMID"	"Value"
1	3.8
2	18
3	0.4
4	0.4
5	1.2
6	0
7	2.2
8	1.4
9	10.8
10	0
11	0.7
12	7.5
13	0
14	9.8
15	0.7
16	2.8
17	5.5
18	2.3
19	0.5
20	6.3
21	1.1
22	0.6
23	0
24	0.5
25	1.7
26	1.6
27	0.6
28	0.6
29	0.6
30	0
31	16.1
32	0.2
33	0.9
34	8.9
35	0.2
36	1.4
37	13
38	0
39	3.1
40	5.8
41	8.1
42	0.7
43	7.7
44	0.2
45	17.4
46	49.5
47	1.1
48	1.4
49	3.5
50	24.2
51	1.1
52	7
53	0.7
54	1.1
55	1.4
56	18.3
57	7
58	12.6
59	4.6
60	11
61	0.5
62	0.5
63	1.2
64	24.4
65	1.3
66	3.4
67	6
68	0.3
69	2.3
70	0.1
71	3.4
72	1.7
73	0.7
74	0.5
75	0.3
76	0.1
77	0.1
78	0.1
79	3.3
80	0.1
81	0
82	0
83	19.7
84	0
85	0.7
86	0.3
87	0.6
88	2.6
89	0.1
90	0.9
91	1.3
92	3.1
93	2.1
94	2.7
95	1.5
96	2
97	9.1
98	3.4
99	0.1
100	3.3
101	0.7
102	0.6
103	0.8
104	4.1
105	0.6
106	0.8
107	0.2
108	0
109	0.7
110	3
111	0
112	0.6
113	28.1
114	0.7
115	0.8
116	0.5
117	0.2
118	1.1
119	0
120	0.3
121	0
122	5.7
123	4.2
124	0.8
125	0.5
126	2.3
127	0.3
128	0.6
129	1
130	1.1
131	4.6
132	0.1
133	0.2
134	6
135	2.2
136	0.8
137	1
138	0.5
139	0.2
140	0.6
141	1.2
142	0.2
143	0
144	0.3
145	28.8
146	0.8
147	1.5
148	1.1
149	0.5
150	4.4
151	0
152	2
153	0.1
154	4.5
155	0
156	1.6
157	2.2
158	0.8
159	2.9
160	3.1
161	1.5
162	0.1
163	0
164	0.1
165	0
166	0.1
167	0.3
168	0
169	0.1
170	0.9
171	0.8
172	0.2
173	0.1
174	54.8
175	0
176	1.4
177	2.5
178	5.4
179	0.7
180	0.2
181	0
182	9.8
183	0
184	0.2
185	0.3
186	1.9
187	0.3
188	0.1
189	0.1
190	0.4
191	0.2
192	0.5
193	12.2
194	1
195	0
196	0.4
197	1.6
198	0.3
199	0.6
200	29.3
201	29.6
202	0.1
203	0.1
204	14.2
205	1.7
206	3.2
207	2.1
208	0.8
209	0.7
210	0.4
211	1.3
212	2
213	2.9
214	0.1
215	1
216	4.1
217	0.2
218	0.1
219	0.1
220	16.5
221	0
222	0.4
223	4.8
224	0
225	10.8
226	1.1
227	3.2
228	2.3
229	0.4
230	11.5
231	1.1
232	0.2
233	2.1
234	7.2
235	11.5
236	0.5
237	0.2
238	0.7
239	0.2
240	0.6
241	0.2
242	3.2
243	0
244	0.5
245	1.2
246	0.5
247	0
248	0
249	3.2
250	0.7
251	0.9
252	1.7
253	0.5
254	0
255	0
256	0
257	0
258	0
259	0
260	0
261	0.4
262	0.6
263	0
264	0
265	0
266	0.4
267	1.2
268	1.4
269	2.1
270	0
271	0.4
272	0.1
273	0.5
274	7.2
275	0.5
276	0
277	0.2
278	0.3
279	11.7
280	0.1
281	0.2
282	0.7
283	0.2
284	0.2
285	0
286	0.1
287	1.4
288	0.1
289	0.3
290	0.4
291	6.5
292	0.2
293	7.2
294	5.8
295	0.1
296	1.7
297	0.6
298	0
299	0
300	2.6
301	0.2
302	2.5
303	0.5
304	0.1
305	1.1
306	0.3
307	3.7
308	0.1
309	0.4
310	0.5
311	0.6
312	5
313	0.7
314	2.3
315	0.4
316	0.7
317	0
318	1.1
319	0
320	0.7
321	1.2
322	0.4
323	0.7
324	0.1
325	0
326	0.9
327	0.1
328	0.3
329	1.2
330	0
331	2.8
332	0.1
333	2.9
334	0.3
335	0.1
336	0.4
337	0
338	3
339	2
340	0.1
341	3.5
342	7.2
343	2
344	7.4
345	0.3
346	0
347	0.1
348	0.3
349	0.3
350	0.3
351	0.3
352	0.4
353	0.3
354	0.4
355	0
356	0.3
357	0.6
358	0.7
359	0
360	0.2
361	0.7
362	0.2
363	0.2
364	0.6
365	0.5
366	1.2
367	7.2
368	3.2
369	0
370	0.2
371	0.6
372	9.2
373	0.4
374	7.8
375	1.2
376	1
377	0.3
378	5
379	0
380	0.4
381	0
382	0
383	4.6
384	49.5
385	0
386	7.8
387	12.2
388	5.8
389	5.5
390	13.3
391	6.8
392	4.5
393	0
394	1
395	0
396	0
397	7.8
398	27.5
399	0.4
400	26
401	0.2
402	0
403	0
404	0
405	10
406	1.2
407	0.4
408	0
409	0
410	9.6
411	0.2
412	0.1
413	1.1
414	0
415	0
416	0.4
417	0
418	0
419	4.4
420	0
421	0.8
422	0
423	2.2
424	3.9
425	1.1
426	0.8
427	3.7
428	0.8
429	0.1
430	1.7
431	0
432	0.6
433	17.2
434	7.4
435	0.6
436	18.6
437	18.7
438	14.2
439	0
440	0.1
441	6.8
442	17.9
443	0.9
444	0.5
445	10.8
446	8.9
447	3.1
448	2.1
449	1.6
450	0.6
451	0
452	3.6
453	18.8
454	9.4
455	9.1
456	5.5
457	1.2
458	2.3
459	1.7
460	0.4
461	6.4
462	0.5
463	49.2
464	27.9
465	3.8
466	1.4
467	1.5
468	28.9
469	0.7
470	14.2
471	12
472	0.2
473	10.1
474	14.7
475	11.7
476	11.7
477	1.1
478	3
479	10.6
480	0.3
481	0
482	1.4
483	2.4
484	2.3
485	11.3
486	0
487	0.7
488	4.7
489	0
490	5
491	2.1
492	2.2
493	5
494	0.9
495	0
496	0
497	0.7
498	1.9
499	0
500	0.6
501	0.4
502	1.3
503	0.9
504	1.2
505	1.2
506	3
507	1.8
508	8.1
509	7.1
510	0.5
511	3.5
512	1.7
513	0
514	0.7
515	0
516	1.3
517	3.6
518	0.4
519	0.8
520	0
521	1.9
522	0.8
523	0
524	2
525	0.8
526	8.4
527	0.4
528	8.9
529	2
530	2.6
531	2
532	0.6
533	0.4
534	2.8
535	5.9
536	0.4
537	0
538	0
539	0.1
540	0.6
541	16.4
542	2.3
543	1.3
544	1
545	1
546	1.7
547	0.2
548	0
549	0.1
550	4.2
551	19.3
552	0.3
553	1.1
554	1
555	5.7
556	0.2
557	0.5
558	0.1
559	1.5
560	1.4
561	0.3
562	1.9
563	0.1
564	22.3
565	1.1
566	1.6
567	1
568	5.4
569	2.6
570	0
571	0.5
572	46
573	4.5
574	0.2
575	1
576	46
577	0
578	1.1
579	1.8
580	38.7
581	68.3
582	1.7
583	4.7
584	3.5
585	0
586	0.3
587	2.4
588	2.8
589	5.8
590	0
591	0.1
592	0.9
593	37.3
594	0.9
595	2.1
596	0.6
597	68.3
598	7.7
599	1.5
600	0.5
601	1.9
602	0
603	0.1
604	2.3
605	0
606	0.1
607	9.6
608	1.1
609	0
610	1.6
611	0.5
612	0
613	0
614	0.3
615	0
616	0
617	30.2
618	30.6
619	5.3
620	5.3
621	0.2
622	0.4
623	0.9
624	0.4
625	11.7
626	0.5
627	30.9
628	0.8
629	1.1
630	1.9
631	1.5
632	30.5
633	1.2
634	0
635	1.5
636	0.9
637	2.1
638	9.1
639	42.7
640	0
641	19.6
642	0
643	1.2
644	0
645	0
646	0.8
647	13.9
648	0.2
649	0.3
650	0.7
651	1.9
652	0.6
653	0
654	1.4
655	0
656	3.2
657	1.6
658	0.4
659	0.3
660	0
661	0.6
662	1
663	0.8
664	13.7
665	4.1
666	15.2
667	42.9
668	17
669	1.2
670	2.4
671	15.1
672	9.8
673	1.2
674	0
675	1.9
676	4.3
677	16.8
678	1.1
679	0.8
680	0
681	3.8
682	2.5
683	11.1
684	1.1
685	9.6
686	2.1
687	0
688	1.4
689	18.2
690	1.2
691	47.6
692	6.5
693	1
694	0
695	48.8
696	2.5
697	3.8
698	0.6
699	0.8
700	1.2
701	0.6
702	1.4
703	3.5
704	0.5
705	0.6
706	1
707	1.4
708	4.3
709	0.7
710	3.5
711	0
712	0.2
713	0.3
714	1
715	8
716	0
717	12.1
718	1
719	0.5
720	6.4
721	4.5
722	0.2
723	1
724	1.6
725	25.9
726	0
727	0
728	0.5
729	49.4
730	4.4
731	0.4
732	0
733	0.9
734	1.7
735	0.3
736	2.8
737	1
738	2.5
739	2.5
740	2.4
741	0.2
742	0.4
743	0.3
744	0
745	0.5
746	0.7
747	1.6
748	0.5
749	1.6
750	1.5
751	13.2
752	0.2
753	3
754	3.5
755	0.5
756	1.6
757	2.8
758	0.6
759	1.2
760	2.6
761	0.7
762	0.4
763	0.3
764	4.3
765	11.7
766	0
767	0.4
768	0.4
769	1.8
770	0.7
771	1.1
772	0.5
773	3.8
774	4.8
775	0.1
776	1
777	3.2
778	5.6
779	0
780	1.4
781	15.7
782	87.5
783	22.3
784	24.1
785	47.7
786	115.7
787	31.6
788	38.2
789	39.5
790	77.2
791	33.7
792	27.2
793	351.5
794	22.7
795	59.3
796	9.4
797	28.5
798	10.9
799	52.1
800	19.8
801	367.8
802	414.8
803	106.4
804	44.7
805	436.4
806	337.5
807	21.4
808	391.6
809	57.7
810	48
811	470.3
812	201.8
813	364.3
814	13.2
815	15
816	930.5
817	20.4
818	20.5
819	171
820	431.7
821	10
822	20.3
823	918.6
824	232.9
825	10.7
826	42.2
827	23.8
828	26.4
829	961.5
830	29.2
831	1047.9
832	272.5
833	76.5
834	70.2
835	77.6
836	73.4
837	15.7
838	63.2
839	11.8
840	40.1
841	120
842	1159.5
843	4
844	21.4
845	506.1
846	21.7
847	374.3
848	16.1
849	44.6
850	127
851	24.1
852	36.5
853	7.1
854	22.9
855	26.9
856	18
857	13.6
858	14.8
859	522.3
860	23.8
861	59.2
862	2.3
863	603.7
864	10.3
865	84.9
866	1226.7
867	23.2
868	31.9
869	695
870	3.5
871	534.4
872	14.6
873	0.9
874	663.8
875	24.1
876	12.3
877	7.7
878	10.6
879	38
880	568.8
881	66.2
882	21.3
883	11.8
884	9.5
885	44.6
886	0.8
887	1273.3
888	20.2
889	74
890	78.1
891	134.4
892	40.1
893	44
894	1
895	73.4
896	24.1
897	10.8
898	737.5
899	17.6
900	65.9
901	645.3
902	13.3
903	21.4
904	35.9
905	13.3
906	32.2
907	79
908	1307.5
909	26.1
910	0
911	7
912	166
913	19.2
914	182.3
915	0
916	909.3
917	16.6
918	23.7
919	15.1
920	22.5
921	15.1
922	38.4
923	3.3
924	660.6
925	9.3
926	25.2
927	6
928	0.6
929	1496.5
930	62.9
931	6.1
932	1.3
933	12.3
934	0
935	25.1
936	75.8
937	18.7
938	53.5
939	15.5
940	1582.8
941	40.2
942	118.9
943	0
944	84.9
945	16.5
946	111.2
947	0
948	1097.9
949	12.4
950	15.7
951	21.4
952	1571.5
953	24.4
954	0.7
955	39
956	177.2
957	10.4
958	22.8
959	1598.2
960	60.1
961	25
962	22.6
963	10.7
964	0
965	33.5
966	204.8
967	0
968	1613.1
969	12.1
970	12.6
971	54.7
972	29.1
973	15.4
974	1633.4
975	53.1
976	32.1
977	16.4
978	26.5
979	16.1
980	259.7
981	93
982	45.8
983	48.9
984	8.7
985	40.1
986	10.7
987	30.2
988	14.6
989	63.1
990	0
991	24.6
992	0
993	45.1
994	9.8
995	39.4
996	223.6
997	19.8
998	31.1
999	23.8
1000	0
1001	0.8
1002	21
1003	0
1004	261.9
1005	64
1006	19.6
1007	0
1008	0.6
1009	0
1010	155.6
1011	41.6
1012	18.2
1013	32.9
1014	11.6
1015	0.5
1016	0
1017	66
1018	32
1019	0.9
1020	51.7
1021	152.2
1022	15.8
1023	61.9
1024	22.4
1025	235.5
1026	47
1027	35.6
1028	328
1029	34.1
1030	0
1031	0
1032	0
1033	0
1034	52.1
1035	0
1036	812.2
1037	1714.6
1038	28.1
1039	287.5
1040	40.2
1041	22.7
1042	1
1043	0
1044	258.3
1045	1
1046	1.8
1047	60.2
1048	365.1
1049	16.4
1050	0
1051	896.8
1052	525
1053	36.5
1054	1925.4
1055	449.4
1056	93.5
1057	0
1058	1071.6
1059	0
1060	31.6
1061	0
1062	33.1
1063	23.5
1064	0
1065	1974.1
1066	14.8
1067	0
1068	0
1069	0
1070	13.4
1071	8.9
1072	0
1073	0
1074	36.1
1075	0
1076	17.1
1077	0
1078	147.3
1079	2102.5
1080	3.2
1081	0
1082	33.1
1083	0
1084	48.5
1085	25.7
1086	145.8
1087	0
1088	0
1089	0.5
1090	2064
1091	24
1092	0
1093	0.7
1094	0
1095	0.7
1096	0.6
1097	14.9
1098	0.5
1099	0
1100	0
1101	0
1102	1139.2
1103	0
1104	44.9
1105	0.7
1106	1.7
1107	0
1108	0.4
1109	2108.6
1110	0
1111	0
1112	200.4
1113	30.5
1114	33.9
1115	0.7
1116	0.5
1117	131.3
1118	1.1
1119	44.9
1120	0.5
1121	0.2
1122	2.1
1123	2.8
1124	14.5
1125	48.4
1126	19.8
1127	47.4
1128	380.5
1129	85.6
1130	0.8
1131	0
1132	95.4
1133	175.1
1134	2262.7
1135	2123.1
1136	0
1137	0.4
1138	2.6
1139	46.9
1140	1298.4
1141	0.5
1142	0
1143	15.4
1144	4.4
1145	0.4
1146	0.2
1147	2348.2
1148	23.3
1149	2341
1150	47.3
1151	2348.7
1152	442.8
1153	461.2
1154	0
1155	0
1156	12.8
1157	47.9
1158	195.8
1159	39.6
1160	0.6
1161	0
1162	0.4
1163	1.5
1164	16.2
1165	2157
1166	36.7
1167	12.9
1168	107.9
1169	27
1170	14.3
1171	2269.6
1172	59.8
1173	1.8
1174	27.9
1175	0.9
1176	14.5
1177	0
1178	0.8
1179	13.6
1180	3.9
1181	2268.9
1182	2353.8
1183	0
1184	3485.2
1185	22.5
1186	477
1187	2289.7
1188	2356.3
1189	2269.8
1190	2291.9
1191	22.9
1192	2357.5
1193	15.7
1194	2347.8
1195	13
1196	2290.3
1197	3681
1198	0
1199	20.1
1200	5.9
1201	2346.4
1202	5.3
1203	3681
1204	2274.1
1205	0.3
1206	0
1207	2267.2
1208	0
1209	2345.3
1210	39.4
1211	35.3
1212	0
1213	16.4
1214	517.2
1215	2271.1
1216	9.7
1217	1.7
1218	0
1219	0
1220	12.4
1221	2355.7
1222	2353.8
1223	0.6
1224	2356.8
1225	15.7
1226	20.4
1227	5.3
1228	0.4
1229	2270.7
1230	14
1231	0
1232	26.5
1233	0.4
1234	5.9
1235	0.6
1236	0
1237	101.8
1238	13.3
1239	0
1240	2358.3
1241	204.2
1242	45.8
1243	2.1
1244	2358.8
1245	42.1
1246	14.2
1247	72.1
1248	48.9
1249	53.5
1250	6.3
1251	0.4
1252	3681
1253	2378.4
1254	8.3
1255	0
1256	20.5
1257	10.2
1258	0.4
1259	0
1260	9.2
1261	11.8
1262	0
1263	1.3
1264	12.4
1265	7.8
1266	585.4
1267	3681
1268	17.4
1269	4.9
1270	77.6
1271	0.5
1272	2378.7
1273	9.2
1274	17.7
1275	2377.1
1276	20.5
1277	12
1278	156.3
1279	3.3
1280	61.3
1281	7.1
1282	0
1283	16
1284	40
1285	10.4
1286	21.4
1287	1.3
1288	4.1
1289	75.1
1290	2.8
1291	40.3
1292	1.7
1293	3.2
1294	15
1295	9.2
1296	0
1297	17.1
1298	595.9
1299	18
1300	7.8
1301	0
1302	3.4
1303	16.9
1304	3.3
1305	24.9
1306	0
1307	263.9
1308	2.4
1309	0
1310	115.3
1311	9.8
1312	15.3
1313	1.2
1314	24.6
1315	61.3
1316	8.7
1317	6.2
1318	0.9
1319	35.9
1320	10.5
1321	0
1322	3681
1323	0
1324	2.5
1325	93.1
1326	0
1327	0
1328	220.5
1329	11.3
1330	57.5
1331	15.8
1332	8.6
1333	21.8
1334	89.3
1335	0.4
1336	21.3
1337	0
1338	0
1339	0.5
1340	11.7
1341	22.6
1342	224.9
1343	0
1344	0
1345	0.3
1346	61.3
1347	275.7
1348	12.7
1349	0.3
1350	3681
1351	7.6
1352	3
1353	211.1
1354	0
1355	20.2
1356	4.7
1357	11
1358	13.8
1359	1.2
1360	0
1361	0.6
1362	11.6
1363	61.3
1364	0
1365	81.8
1366	0
1367	61.3
1368	6.5
1369	0
1370	0.5
1371	0.1
1372	5.5
1373	118.6
1374	0.9
1375	54
1376	3
1377	7.1
1378	0.5
1379	0.4
1380	32.7
1381	61.3
1382	20.2
1383	0.1
1384	6.5
1385	3.8
1386	9.5
1387	0.1
1388	0
1389	0
1390	10.3
1391	774.3
1392	18.8
1393	0
1394	0
1395	35.5
1396	0
1397	17
1398	0
1399	61.3
1400	6.3
1401	0
1402	0.1
1403	295.1
1404	3.3
1405	1
1406	0
1407	61.3
1408	0.1
1409	713.5
1410	0.1
1411	251.4
1412	0.1
1413	36.4
1414	4.8
1415	13.8
1416	97.5
1417	0
1418	10.9
1419	0
1420	6.5
1421	0
1422	0
1423	12.2
1424	162.3
1425	0.1
1426	224.1
1427	0.5
1428	0
1429	0
1430	14.7
1431	319.2
1432	0
1433	12.8
1434	3742.4
1435	35.1
1436	3681
1437	162.3
1438	0.1
1439	0.5
1440	6.9
1441	8.2
1442	16980.1
1443	31.4
1444	0
1445	0
1446	1089.4
1447	0.1
1448	56.3
1449	61.3
1450	0
1451	16980.1
1452	3742.3
1453	43.7
1454	13.1
1455	0
1456	13237.7
1457	367.3
1458	6.5
1459	0.8
1460	0
1461	114.3
1462	16980.5
1463	0
1464	0
1465	0
1466	20.6
1467	0
1468	16980.3
1469	10.3
1470	1054.8
1471	0
1472	16980.1
1473	925.3
1474	1.1
1475	27.6
1476	16980.3
1477	0
1478	15.4
1479	168.8
1480	0
1481	59.4
1482	7
1483	0
1484	13237.6
1485	7.5
1486	0
1487	0
1488	41
1489	41
1490	0.1
1491	10.2
1492	6.8
1493	1127
1494	19.6
1495	180.8
1496	160.4
1497	142.1
1498	0
1499	22.2
1500	1180.3
1501	11.2
1502	67.3
1503	0.1
1504	213.3
1505	17.9
1506	20.9
1507	0
1508	0.1
1509	4.6
1510	0.2
1511	13235.8
1512	0
1513	53.3
1514	0
1515	0.1
1516	0
1517	1189.7
1518	0
1519	10.7
1520	1.2
1521	0
1522	0
1523	0
1524	213.3
1525	0
1526	0
1527	33.5
1528	0
1529	12.7
1530	47.2
1531	0
1532	0.4
1533	0
1534	13.7
1535	3
1536	11.5
1537	0
1538	3.5
1539	1.2
1540	0
1541	16980.5
1542	0
1543	22.3
1544	0
1545	0
1546	7.4
1547	13.9
1548	16980.5
1549	0
1550	0
1551	224
1552	363.2
1553	38.7
1554	28.1
1555	11.8
1556	18.1
1557	0
1558	0
1559	33.3
1560	1190.4
1561	0
1562	0
1563	1.2
1564	0
1565	92.8
1566	1.2
1567	16980.5
1568	0
1569	14.1
1570	9.3
1571	0
1572	0
1573	61
1574	0
1575	23
1576	13235.8
1577	11
1578	0
1579	0
1580	462.1
1581	482
1582	15.7
1583	5.8
1584	3.3
1585	38.6
1586	16
1587	0
1588	1233.3
1589	0
1590	0.2
1591	16980.5
1592	1203.7
1593	0
1594	21.3
1595	32.5
1596	1068.7
1597	16980.5
1598	40
1599	1057.2
1600	11.5
1601	20.9
1602	11.8
1603	37.7
1604	7.4
1605	0.2
1606	0
1607	0
1608	20.8
1609	0
1610	6.5
1611	1.2
1612	36.7
1613	1068.7
1614	78.1
1615	13174
1616	23.6
1617	0
1618	27.5
1619	1233.3
1620	13105.6
1621	543
1622	7.3
1623	0
1624	16.3
1625	27.5
1626	97
1627	0
1628	30.3
1629	16980.6
1630	22.4
1631	6.3
1632	56.7
1633	0
1634	118.3
1635	99
1636	1131.8
1637	35.2
1638	8.8
1639	1.2
1640	0
1641	40.6
1642	31.3
1643	18.6
1644	0.1
1645	26.1
1646	39.4
1647	16980.6
1648	0.6
1649	0.1
1650	0.1
1651	64.2
1652	9.3
1653	0.1
1654	13004.9
1655	37.8
1656	17.4
1657	45.1
1658	1181
1659	53.2
1660	52.5
1661	0.2
1662	0
1663	114.1
1664	0.5
1665	0.2
1666	74.8
1667	23.3
1668	85.3
1669	27.1
1670	1814.6
1671	13.6
1672	12994.8
1673	49.9
1674	25.9
1675	226.2
1676	0.3
1677	0.5
1678	5.3
1679	352.3
1680	18.4
1681	378.1
1682	681.7
1683	37.3
1684	28.2
1685	27.1
1686	7.8
1687	352.3
1688	166.8
1689	0.3
1690	32.8
1691	0.3
1692	3983.3
1693	8949.8
1694	36.8
1695	17.5
1696	2636
1697	7046.4
1698	681.7
1699	2.6
1700	7.3
1701	3945.4
1702	7015.3
1703	388.5
1704	2636
1705	0.1
1706	27.2
1707	681.8
1708	682
1709	25
1710	2
1711	3.2
1712	284.6
1713	3932.2
1714	90.1
1715	22.8
1716	41.2
1717	13.9
1718	62.7
1719	19.3
1720	11.5
1721	9009.3
1722	30.6
1723	363.2
1724	41.2
1725	1361.8
1726	10.5
1727	16.7
1728	297.1
1729	0.4
1730	58.2
1731	2.5
1732	275.6
1733	71.6
1734	7133.2
1735	10.8
1736	681.8
1737	12.3
1738	6.5
1739	806.1
1740	0
1741	0.5
1742	0.1
1743	133.3
1744	11.4
1745	83.7
1746	2647.7
1747	396.5
1748	30.2
1749	11.5
1750	15
1751	2655.5
1752	2666.4
1753	22
1754	153.4
1755	8.9
1756	1208.4
1757	38.8
1758	5.8
1759	168.4
1760	788.8
1761	45.9
1762	9.8
1763	23.7
1764	16.8
1765	0.6
1766	29.6
1767	2970.1
1768	0
1769	3220.7
1770	62.7
1771	11.1
1772	0
1773	8.7
1774	324.6
1775	0
1776	11.7
1777	6520.3
1778	0.1
1779	0.3
1780	0.1
1781	3171.2
1782	198.5
1783	3290.9
1784	422.5
1785	3867.8
1786	7.7
1787	86.5
1788	12.7
1789	6.1
1790	0.1
1791	7.4
1792	144.4
1793	767.3
1794	56
1795	3821.4
1796	3980
1797	29.8
1798	14.3
1799	0
1800	24.6
1801	7.9
1802	12.8
1803	0
1804	441.1
1805	0.5
1806	46.6
1807	54.6
1808	441.1
1809	27.6
1810	27.6
1811	6047.2
1812	0
1813	8.7
1814	38.3
1815	4129
1816	11
1817	12.9
1818	4123.3
1819	30.6
1820	17.2
1821	10
1822	30.6
1823	7.2
1824	0
1825	84.7
1826	73.2
1827	1903.7
1828	6034
1829	138.7
1830	0
1831	584.7
1832	0
1833	18
1834	0
1835	3793.2
1836	3772.8
1837	0
1838	0
1839	11.4
1840	70.7
1841	516.8
1842	649
1843	60.4
1844	6039.2
1845	19.6
1846	0
1847	575.1
1848	10.1
1849	74.5
1850	12.5
1851	26.7
1852	111.1
1853	20.1
1854	148.2
1855	8.4
1856	227.1
1857	0
1858	25.1
1859	37.2
1860	751.3
1861	0
1862	11.4
1863	3712.3
1864	11.2
1865	8.6
1866	15.5
1867	3721
1868	54.3
1869	16.8
1870	118.6
1871	21.2
1872	287
1873	191.4
1874	52.2
1875	3712.3
1876	57
1877	0
1878	3712.3
1879	34.6
1880	32.9
1881	18
1882	0
1883	11.8
1884	10.3
1885	15.1
1886	16
1887	0
1888	6.8
1889	0
1890	32.9
1891	128
1892	14.3
1893	6.9
1894	9.4
1895	37.2
1896	9
1897	21.2
1898	37.2
1899	269.3
1900	0
1901	10.4
1902	9
1903	6.1
1904	8
1905	1902.3
1906	0
1907	0
1908	624.7
1909	6.3
1910	130.4
1911	10.8
1912	12.3
1913	0
1914	23.3
1915	0
1916	93.9
1917	9
1918	9.8
1919	0
1920	3712.3
1921	6.1
1922	0
1923	0
1924	3712.3
1925	8.5
1926	56.6
1927	20.2
1928	1750.9
1929	0
1930	0
1931	0
1932	33.5
1933	10.1
1934	8.8
1935	0
1936	5.9
1937	3712.3
1938	51.2
1939	20.6
1940	0
1941	224.6
1942	23.9
1943	3712.3
1944	10.8
1945	0
1946	0
1947	0
1948	369.4
1949	9.6
1950	33
1951	0
1952	3.4
1953	73
1954	3712.3
1955	1.5
1956	12.4
1957	17.8
1958	0
1959	4.2
1960	1704
1961	16.4
1962	33.9
1963	0
1964	0
1965	0
1966	3.9
1967	366.9
1968	2.2
1969	0
1970	104.8
1971	0
1972	0
1973	3712.3
1974	116.5
1975	82.8
1976	1.1
1977	369.4
1978	27
1979	22.6
1980	0
1981	1679.1
1982	4.5
1983	0
1984	0
1985	50.6
1986	1.8
1987	13.1
1988	46
1989	149.7
1990	45.6
1991	0
1992	0
1993	4.8
1994	10
1995	1458.6
1996	0
1997	1.8
1998	35.8
1999	0
2000	69.9
2001	38.8
2002	1.3
2003	2.1
2004	3712.3
2005	0
2006	5.6
2007	0
2008	366.9
2009	0
2010	44.6
2011	105.8
2012	0
2013	51.5
2014	63
2015	2.6
2016	0
2017	0
2018	2.1
2019	3712.3
2020	0
2021	210.3
2022	193.1
2023	15
2024	52.9
2025	28.1
2026	0
2027	2.9
2028	17.9
2029	190
2030	0
2031	3.4
2032	0.2
2033	0
2034	0
2035	27
2036	4.1
2037	20.9
2038	37.5
2039	0
2040	0
2041	5.6
2042	3.6
2043	37.5
2044	8.2
2045	0
2046	3712.3
2047	2.6
2048	0
2049	0
2050	65.3
2051	2.2
2052	0
2053	15.6
2054	8.8
2055	1.3
2056	154.5
2057	10.6
2058	7.2
2059	0
2060	190.6
2061	0.2
2062	1528
2063	0
2064	4.4
2065	0
2066	0
2067	2.9
2068	0
2069	8.6
2070	1.1
2071	3.3
2072	0
2073	2.6
2074	7.5
2075	0
2076	7.6
2077	0
2078	5.8
2079	0
2080	0
2081	6.2
2082	0
2083	2
2084	1279
2085	0
2086	7
2087	0
2088	31.1
2089	3.1
2090	12
2091	5.3
2092	6.7
2093	5.4
2094	0
2095	1.9
2096	0
2097	184.7
2098	13.7
2099	5.9
2100	17.4
2101	0
2102	24.1
2103	3712.3
2104	3712.3
2105	0
2106	0
2107	0
2108	13.1
2109	0
2110	0
2111	0
2112	24.6
2113	1268.9
2114	0
2115	9.5
2116	5
2117	4.5
2118	63.3
2119	1188.9
2120	6.5
2121	1.2
2122	40.4
2123	0
2124	20.3
2125	3.2
2126	0
2127	168.7
2128	0
2129	3712.3
2130	0
2131	11.5
2132	5.9
2133	0
2134	0
2135	1188.4
2136	12.7
2137	8.2
2138	2.7
2139	11.4
2140	3712.3
2141	33.1
2142	23.9
2143	0
2144	0
2145	18.5
2146	1.6
2147	9.8
2148	23.4
2149	0
2150	24.3
2151	0
2152	15.9
2153	110
2154	14.3
2155	0
2156	0
2157	0
2158	2.7
2159	2.4
2160	136
2161	0
2162	0
2163	23.4
2164	0
2165	2.3
2166	3712.3
2167	0
2168	0
2169	41
2170	0
2171	0
2172	0
2173	33.3
2174	0
2175	0.4
2176	0
2177	208.9
2178	3.4
2179	0
2180	2.9
2181	43.7
2182	0
2183	0
2184	0
2185	12.6
2186	0.4
2187	1.8
2188	3712.3
2189	0
2190	158.5
2191	0
2192	0
2193	0
2194	20.3
2195	3
2196	0
2197	8
2198	3712.3
2199	208.9
2200	0
2201	1.1
2202	4.8
2203	0
2204	3712.3
2205	0
2206	136.5
2207	2.3
2208	1.2
2209	0
2210	49.8
2211	0
2212	4.6
2213	348.6
2214	0
2215	4.6
2216	122.1
2217	0
2218	0
2219	26.4
2220	9
2221	0
2222	77.1
2223	0
2224	0
2225	119.9
2226	27.7
2227	52
2228	0
2229	0
2230	5.3
2231	0
2232	978.6
2233	0
2234	14.2
2235	0
2236	0
2237	0
2238	0
2239	113
2240	0
2241	4.7
2242	0
2243	0
2244	0
2245	8.2
2246	0
2247	0
2248	14
2249	40
2250	3712.3
2251	2.5
2252	599.9
2253	0
2254	1.4
2255	0
2256	16.5
2257	10
2258	0
2259	565.5
2260	0
2261	0
2262	0
2263	9.5
2264	38.9
2265	539.2
2266	0
2267	0
2268	41.8
2269	110.7
2270	0
2271	12.6
2272	0
2273	8.7
2274	0
2275	19.7
2276	2.3
2277	0
2278	0
2279	3712.3
2280	0
2281	0
2282	533.9
2283	2.3
2284	0
2285	508
2286	32.2
2287	7.9
2288	16
2289	0
2290	0
2291	3712.3
2292	500.5
2293	102.2
2294	102.2
2295	8.1
2296	5.8
2297	16
2298	0
2299	1.4
2300	0
2301	0
2302	0
2303	0
2304	0
2305	3712.3
2306	388.2
2307	46.1
2308	0
2309	7.9
2310	44.5
2311	0
2312	0
2313	1.1
2314	0
2315	0
2316	3711.2
2317	11.5
2318	3711.2
2319	1.1
2320	12.4
2321	19.5
2322	0
2323	0
2324	31.7
2325	28.9
2326	3.8
2327	1.1
2328	7.4
2329	1.1
2330	0
2331	0
2332	93.4
2333	1.1
2334	10.8
2335	0
2336	13.4
2337	0
2338	2.2
2339	88.8
2340	10.5
2341	6.3
2342	0
2343	1.3
2344	1
2345	85.9
2346	31.6
2347	0
2348	1.1
2349	71.5
2350	0
2351	15.3
2352	1.1
2353	9.5
2354	0.1
2355	5.1
2356	0
2357	1
2358	1.6
2359	338.2
2360	5.7
2361	9
2362	6
2363	15.7
2364	4.3
2365	4.4
2366	0
2367	0.1
2368	9.1
2369	2.2
2370	6.4
2371	0
2372	3
2373	17.4
2374	1.3
2375	0.1
2376	0.1
2377	3.9
2378	8.6
2379	1023.6
2380	9.1
2381	6.1
2382	5.7
2383	0
2384	0.9
2385	1.4
2386	0
2387	0
2388	158.3
2389	14.3
2390	1.7
2391	171.6
2392	324.3
2393	0.2
2394	272.8
2395	72.4
2396	1017.6
2397	0
2398	0.6
2399	8.7
2400	0
2401	4.5
2402	23.3
2403	2.5
2404	3.3
2405	25
2406	214.5
2407	0.1
2408	8.6
2409	30.7
2410	143.7
2411	129.9
2412	40.3
2413	0.1
2414	6.4
2415	82.8
2416	1006.8
2417	217.5
2418	10.2
2419	2373.4
2420	8.2
2421	0.1
2422	10.7
2423	6.3
2424	76.8
2425	1.8
2426	0.1
2427	0
2428	14.4
2429	0.7
2430	0
2431	5.4
2432	992.9
2433	5.4
2434	12
2435	0
2436	992.9
2437	54.5
2438	43.1
2439	17.6
2440	3.9
2441	0.3
2442	4.3
2443	5.7
2444	263.2
2445	8.6
2446	4.4
2447	8.9
2448	59.3
2449	0.1
2450	0.1
2451	3.5
2452	11.4
2453	213.1
2454	0
2455	992.8
2456	15.3
2457	0.1
2458	2366.8
2459	5.6
2460	14.6
2461	29.2
2462	7.6
2463	1.8
2464	80.8
2465	0.3
2466	0
2467	363.6
2468	168
2469	5.4
2470	17.4
2471	2366.8
2472	5.6
2473	11.2
2474	6.2
2475	2345.6
2476	0.4
2477	19.6
2478	3.3
2479	0.3
2480	3.3
2481	5.4
2482	36.1
2483	0
2484	992.4
2485	148.7
2486	12.6
2487	0
2488	3
2489	77.9
2490	32.3
2491	1.6
2492	14.9
2493	0.2
2494	12.5
2495	6
2496	1.2
2497	334.4
2498	133.7
2499	29.4
2500	948.4
2501	19.3
2502	11.2
2503	23.2
2504	20.3
2505	948.4
2506	8.1
2507	0.1
2508	11.4
2509	0.3
2510	6.2
2511	35.4
2512	925.4
2513	18.5
2514	107.2
2515	111.5
2516	2287.1
2517	7
2518	2.3
2519	9.1
2520	887.1
2521	64.6
2522	194.6
2523	1.6
2524	0
2525	4.5
2526	65.9
2527	8.1
2528	9
2529	5.9
2530	363.6
2531	325.2
2532	5.5
2533	26.9
2534	34.7
2535	6.3
2536	8.6
2537	41
2538	179.9
2539	281.3
2540	56.2
2541	23.6
2542	887.1
2543	12.9
2544	29.6
2545	105.8
2546	68.5
2547	9.1
2548	68.4
2549	3.6
2550	0
2551	18
2552	194.4
2553	15.3
2554	356.1
2555	4.7
2556	5.9
2557	13.5
2558	18.5
2559	297.6
2560	62.9
2561	81.1
2562	24.6
2563	113.9
2564	340.6
2565	31.4
2566	2.2
2567	4.3
2568	158.6
2569	34
2570	4.8
2571	1.4
2572	2284.8
2573	0.3
2574	2271.7
2575	27.9
2576	9.8
2577	5.9
2578	6.5
2579	6.4
2580	2236.3
2581	208.1
2582	108
2583	8.1
2584	0
2585	18.4
2586	16.6
2587	16.2
2588	3.4
2589	39.8
2590	5.7
2591	6
2592	72
2593	205.6
2594	14.9
2595	0
2596	33.7
2597	15.2
2598	184.8
2599	3.6
2600	4.9
2601	6.5
2602	43.5
2603	58.1
2604	14.4
2605	25
2606	0.6
2607	14
2608	13
2609	16.6
2610	0.1
2611	7.2
2612	4.1
2613	8.2
2614	132.2
2615	5.5
2616	18.7
2617	70.2
2618	7.8
2619	2212.9
2620	20.3
2621	10.8
2622	9.7
2623	6.7
2624	50.4
2625	155.4
2626	2.3
2627	23.4
2628	6.7
2629	0
2630	6.6
2631	4.5
2632	7.3
2633	23.1
2634	30.4
2635	4.4
2636	24.4
2637	0
2638	17
2639	194.5
2640	165.7
2641	7.1
2642	5.2
2643	61.5
2644	19.7
2645	42.9
2646	158.1
2647	2.7
2648	9.8
2649	0.6
2650	13.6
2651	0
2652	1.2
2653	21.9
2654	25.9
2655	32.1
2656	59.7
2657	3.1
2658	135.2
2659	19.8
2660	29.4
2661	56.1
2662	19.1
2663	48.9
2664	12.8
2665	50.7
2666	18.5
2667	2.1
2668	8.2
2669	4.3
2670	9.2
2671	29.4
2672	24.5
2673	0.3
2674	5.9
2675	28.3
2676	0.9
2677	36
2678	7.2
2679	1.1
2680	3.8
2681	2212.9
2682	885
2683	30.1
2684	3.8
2685	40.7
2686	5.1
2687	9.1
2688	7
2689	1303.4
2690	4.3
2691	900.2
2692	0.3
2693	4.8
2694	6.4
2695	0
2696	25
2697	0
2698	34.8
2699	4.9
2700	9.4
2701	1.1
2702	3.6
2703	12
2704	0.7
2705	11.6
2706	4.9
2707	1.2
2708	161.1
2709	10.1
2710	171.1
2711	5.8
2712	0
2713	6.6
2714	18
2715	11.9
2716	5.6
2717	789.3
2718	12.5
2719	3.1
2720	10.6
2721	8.9
2722	4.6
2723	36.7
2724	2.5
2725	188.4
2726	36.5
2727	21.1
2728	21
2729	10.1
2730	7.3
2731	0
2732	13.3
2733	4.7
2734	5.2
2735	6.6
2736	3
2737	67.5
2738	212.3
2739	51.9
2740	774.6
2741	225.6
2742	5.1
2743	14.7
2744	7.2
2745	16.2
2746	3
2747	12.5
2748	0
2749	36.2
2750	17.2
2751	5.3
2752	17.2
2753	4.3
2754	28
2755	299.6
2756	25.6
2757	53.4
2758	11.6
2759	8
2760	4.9
2761	3.1
2762	45.5
2763	28.7
2764	4.1
2765	55.2
2766	3.7
2767	1
2768	73.1
2769	5.5
2770	65
2771	13.3
2772	1212.9
2773	4.6
2774	28.2
2775	627.9
2776	92.4
2777	7.3
2778	4.2
2779	76.8
2780	2.9
2781	7.5
2782	15.9
2783	4.9
2784	6.7
2785	31
2786	7.4
2787	32.1
2788	4.3
2789	19.4
2790	13.5
2791	9.7
2792	5.4
2793	26.9
2794	14.1
2795	4.3
2796	905.9
2797	61.4
2798	6.8
2799	6.9
2800	626.9
2801	9.7
2802	21.2
2803	6.3
2804	9.2
2805	619.7
2806	6.3
2807	5.7
2808	71.6
2809	1234.6
2810	1.2
2811	9.5
2812	3.5
2813	895.4
2814	12.1
2815	6.3
2816	113
2817	88.3
2818	5.8
2819	12.7
2820	6.2
2821	54
2822	4.3
2823	6.7
2824	44.6
2825	105.6
2826	42.2
2827	5.3
2828	7.3
2829	6.2
2830	134.4
2831	7.2
2832	68.6
2833	125.5
2834	10.3
2835	5.6
2836	19
2837	9.3
2838	9
2839	8.9
2840	19.4
2841	8.6
2842	21.4
2843	7.2
2844	5.2
2845	141.7
2846	52.5
2847	30.4
2848	24
2849	4.7
2850	584.5
2851	7.4
2852	10.7
2853	4.3
2854	16.2
2855	15.1
2856	20.6
2857	9.9
2858	5.5
2859	139.7
2860	7.2
2861	63.1
2862	4
2863	3
2864	883.4
2865	39.3
2866	5.2
2867	25.2
2868	3.7
2869	7.6
2870	165.7
2871	13.3
2872	418.7
2873	11.4
2874	58.3
2875	122
2876	1.3
2877	29.1
2878	8.2
2879	3.8
2880	104.3
2881	7.3
2882	15.3
2883	48.3
2884	20.6
2885	3
2886	5.5
2887	10.5
2888	67.4
2889	7
2890	5
2891	53.7
2892	21.1
2893	11.7
2894	11
2895	88.2
2896	68.7
2897	28.7
2898	205.7
2899	7.2
2900	32.4
2901	81.3
2902	5.5
2903	43.8
2904	73.9
2905	48
2906	55.2
2907	15.6
2908	23.7
2909	14.8
2910	82.3
2911	7.6
2912	25.3
2913	27.8
2914	37.5
2915	6
2916	26.9
2917	8.4
2918	8.3
2919	83.2
2920	2.3
2921	19
2922	68.2
2923	23.2
2924	303.7
2925	20.8
2926	279.6
2927	7.6
2928	44.1
2929	11.5
2930	33.6
2931	226.9
2932	740.1
2933	6.3
2934	18.8
2935	8.6
2936	106.8
2937	9.2
2938	3.5
2939	41.6
2940	109.7
2941	254.7
2942	8.7
2943	10.9
2944	2.5
2945	8.4
2946	26.9
2947	314.4
2948	27.7
2949	53.1
2950	12.8
2951	8.8
2952	12
2953	29.3
2954	8.7
2955	284.2
2956	719.7
2957	309.5
2958	245.1
2959	266
2960	99.8
2961	16.6
2962	12.5
2963	14.3
2964	12.6
2965	7.4
2966	324.1
2967	17.1
2968	7.7
2969	8.7
2970	7.2
2971	91.1
2972	21.5
2973	149
2974	6
2975	27
2976	366.6
2977	4.4
2978	18.1
2979	10.4
2980	20.5
2981	25
2982	12.6
2983	7
2984	57.1
2985	10.3
2986	31
2987	13.1
2988	693.9
2989	2.7
2990	23.1
2991	22.7
2992	22.9
2993	71.9
2994	59.6
2995	37.6
2996	347.8
2997	358.6
2998	6.7
2999	36.8
3000	296.9
3001	5.1
3002	30.4
3003	95.8
3004	2.6
3005	6.3
3006	9.5
3007	20.1
3008	9.6
3009	154.6
3010	155.1
3011	5.9
3012	11
3013	10.8
3014	7.2
3015	2.3
3016	77.9
3017	32.8
3018	394
3019	2.4
3020	2814.1
3021	49.1
3022	7.9
3023	1.8
3024	19.2
3025	2182.8
3026	9.3
3027	741.5
3028	1784.6
3029	1259.7
3030	20.6
3031	326.7
3032	28.3
3033	1.5
3034	9.8
3035	1787
3036	154.7
3037	5.5
3038	106.6
3039	30
3040	74.4
3041	25.8
3042	50.4
3043	1278.7
3044	6.6
3045	824
3046	92.4
3047	101.2
3048	14.2
3049	2750.2
3050	29.4
3051	4.4
3052	62.2
3053	18.7
3054	2690.7
3055	495.4
3056	1292.4
3057	2.1
3058	1269.3
3059	4.9
3060	5
3061	9.2
3062	17.9
3063	255
3064	109.2
3065	252.1
3066	15.1
3067	186.8
3068	58.8
3069	2.2
3070	1780.2
3071	317.8
3072	16.5
3073	43.1
3074	178.5
3075	5.1
3076	5.6
3077	487.9
3078	5
3079	10.9
3080	1747.8
3081	2.2
3082	6.8
3083	64.1
3084	5.5
3085	54.5
3086	7.6
3087	72.1
3088	14.3
3089	32.2
3090	15.1
3091	3.8
3092	23.7
3093	12.6
3094	26.3
3095	1.8
3096	62.6
3097	15.9
3098	34.6
3099	9
3100	418.4
3101	42.8
3102	6.5
3103	17.7
3104	24.8
3105	16.5
3106	52.5
3107	189.9
3108	3.7
3109	3.3
3110	5.9
3111	62.6
3112	5.4
3113	59.2
3114	6.1
3115	11.4
3116	9
3117	58.8
3118	18.8
3119	19.6
3120	4.2
3121	24.9
3122	1.9
3123	15.4
3124	1.6
3125	34
3126	9.3
3127	1.9
3128	2.4
3129	5.1
3130	1.3
3131	10.7
3132	10.6
3133	20.8
3134	54.7
3135	3.4
3136	41.5
3137	1.2
3138	1.6
3139	45.9
3140	13.7
3141	1.8
3142	15.1
3143	24.7
3144	284.5
3145	1.7
3146	1.2
3147	6.2
3148	18.4
3149	110.7
3150	1
3151	13.6
3152	200.1
3153	43.2
3154	25.9
3155	49.2
3156	3.8
3157	4.2
3158	1.2
3159	20.5
3160	3
3161	10.2
3162	10.9
3163	2.4
3164	2.3
3165	1.9
3166	180.2
3167	15.2
3168	31.2
3169	113.4
3170	29.2
3171	4.8
3172	58.1
3173	104.7
3174	8.7
3175	13.7
3176	2
3177	107.5
3178	156.3
3179	1.2
3180	3
3181	12.1
3182	30.7
3183	10.8
3184	22
3185	10
3186	6.1
3187	37.1
3188	4.1
3189	5.2
3190	1.5
3191	8.2
3192	2.5
3193	1.2
3194	28.3
3195	15
3196	36.2
3197	9
3198	1.7
3199	10.6
3200	1.3
3201	43.9
3202	0
3203	24.6
3204	10.9
3205	4.9
3206	1.2
3207	96.2
3208	42.9
3209	0.7
3210	38.1
3211	8.6
3212	42.2
3213	104
3214	3.8
3215	1.4
3216	44.9
3217	48.3
3218	11.2
3219	50.9
3220	1.5
3221	43.9
3222	63.6
3223	2.7
3224	39.3
3225	48.7
3226	15.6
3227	43.7
3228	66
3229	1.1
3230	2.7
3231	0.8
3232	1.4
3233	2.8
3234	4.9
3235	105.6
3236	4.3
3237	2.7
3238	33.3
3239	2.3
3240	1.7
3241	3
3242	12.2
3243	4.3
3244	66.5
3245	91.3
3246	40.6
3247	0.9
3248	1.5
3249	2.4
3250	7.5
3251	118.3
3252	8.4
3253	64.9
3254	3.4
3255	4.1
3256	1.3
3257	4.7
3258	83.4
3259	15
3260	4.1
3261	1.3
3262	24.8
3263	74.5
3264	54.9
3265	2.7
3266	10.6
3267	5.5
3268	28.3
3269	36.4
3270	0.9
3271	1.9
3272	25.6
3273	1.3
3274	46.1
3275	0.9
3276	3.2
3277	9.3
3278	6.1
3279	1.9
3280	15.9
3281	35.7
3282	1
3283	1.4
3284	0.7
3285	17.6
3286	64.6
3287	11.7
3288	7
3289	7.8
3290	4
3291	10.5
3292	7.4
3293	4.9
3294	1.9
3295	2.2
3296	4.6
3297	50.1
3298	4.4
3299	1.1
3300	8.7
3301	1.1
3302	3.6
3303	4
3304	1.5
3305	8.3
3306	0.9
3307	9.2
3308	3.8
3309	9.9
3310	4.8
3311	2.1
3312	3.2
3313	6.1
3314	14.6
3315	1.9
3316	18.1
3317	1.2
3318	5.5
3319	2.2
3320	15.3
3321	2.7
3322	1.2
3323	3.9
3324	5.6
3325	1
3326	7.4
3327	10.3
3328	2.8
3329	5.5
3330	2.9
3331	14.3
3332	15.4
3333	0.7
3334	3.1
3335	4.5
3336	1.2
3337	2.8
3338	14.6
3339	6.5
3340	1.5
3341	8.8
3342	0.8
3343	5.1
3344	1.7
3345	1.4
3346	6.9
3347	8
3348	1
3349	0.6
3350	1.6
3351	1.7
3352	5.1
3353	41.7
3354	1.9
3355	4.2
3356	1.7
3357	1.9
3358	2.2
3359	1.2
3360	2.6
3361	2.2
3362	0.9
3363	5.3
3364	1.4
3365	5.9
3366	35.6
3367	1.2
3368	3.7
3369	3.2
3370	2.6
3371	1.2
3372	3.8
3373	1.1
3374	34.6
3375	1
3376	4.5
3377	0.9
3378	1
3379	5.5
3380	27.6
3381	1.4
3382	0.6
3383	3
3384	17.2
3385	9.2
3386	1.9
3387	3.3
3388	0.7
3389	13.1
3390	9.4
3391	3.3
3392	1.3
3393	1.7
3394	3.4
3395	3
3396	7.7
3397	2.4
3398	3.2
3399	2.6
3400	256.3
3401	117.1
3402	228.8
3403	1069.3
3404	638.5
3405	590.4
3406	363.3
3407	1786.9
3408	195.2
3409	1848.2
3410	0
3411	0
3412	79.5
3413	276.5
3414	153.3
3415	113.6
3416	44.2
3417	83.2
3418	129.5
3419	1328.2
3420	2342.9
3421	3681
3422	72.4
3423	558.2
3424	38.7
3425	288.9
3426	668.2
3427	5.8
3428	25.7
3429	82.3
3430	12.7
3431	322.7
3432	665.2
3433	72.4
3434	119
3435	16980.5
3436	1061.7
3437	131.7
3438	16980.3
3439	16980.5
3440	185.9
3441	976
3442	13237.6
3443	322.4
3444	147.2
3445	16980.5
3446	16980.6
3447	16980.2
3448	1.7
3449	33.5
3450	16980.5
3451	1043.1
3452	257.1
3453	48.9
3454	363.2
3455	72.6
3456	1814.2
3457	304.9
3458	142.8
3459	4
3460	379.1
3461	8948.7
3462	485.5
3463	2636
3464	676.1
3465	1.6
3466	49.8
3467	16.3
3468	6462
3469	39.7
3470	3653.8
3471	113.7
3472	72.2
3473	185.1
3474	724.4
3475	3712.3
3476	0
3477	95.2
3478	25.1
3479	3712.3
3480	1758.8
3481	57.7
3482	459.9
3483	6.3
3484	1681.3
3485	36.6
3486	0
3487	120.6
3488	43.3
3489	1442.2
3490	1402.8
3491	0
3492	32.9
3493	1260.2
3494	131.8
3495	88.5
3496	166.4
3497	1180.4
3498	1013.7
3499	268
3500	972.7
3501	152.6
3502	13.2
3503	3712.3
3504	3712.3
3505	98.6
3506	438.6
3507	3712.3
3508	0.7
3509	98.8
3510	3711.2
3511	373.5
3512	61.7
3513	82.4
3514	3711.2
3515	294.6
3516	3622.2
3517	33.6
3518	1004.9
3519	63.4
3520	0.4
3521	2370.4
3522	124.4
3523	2339.6
3524	27.7
3525	2333.3
3526	9.1
3527	2284.8
3528	522.2
3529	60.4
3530	30.9
3531	159.9
3532	7
3533	2236.3
3534	2212.9
3535	133.1
3536	825.6
3537	12.6
3538	0
3539	156.3
3540	123.6
3541	1296.2
3542	762.5
3543	1275.1
3544	38.6
3545	37.3
3546	22.3
3547	885.3
3548	569.3
3549	80.7
3550	158.9
3551	272.8
3552	859.6
3553	799.4
3554	300.9
3555	357.4
3556	430.5
3557	15.8
3558	244.9
3559	152.2
3560	341.6
3561	2710
3562	97.8
3563	1139.2
3564	148.5
3565	147
3566	19.8
3567	1091.4
3568	1740.7
3569	187.8
3570	397.6
3571	182.5
3572	71.6
3573	131.2
3574	303.2
3575	54.6
3576	361.3
3577	423.2
3578	136.1
3579	280.3
3580	119.9
3581	13.5
3582	68.7
3583	103.2
3584	133.7
3585	47.1
3586	88.6
3587	21.7
3588	14
3589	13.9
3590	22.8
3591	13.2
3592	9.1
3593	5.4
3594	7.8
