"COMID"	"Value"
1	35.6
2	12.8
3	1.1
4	0.1
5	5.4
6	0
7	0.8
8	1.2
9	9.2
10	0
11	0.2
12	6.6
13	0
14	20.6
15	0.6
16	2.2
17	11.7
18	0.8
19	0.6
20	31.1
21	0.7
22	3.1
23	0
24	0.5
25	0.8
26	0.4
27	0.4
28	2.1
29	0.4
30	0
31	103.2
32	0.4
33	2.8
34	8
35	0.1
36	1.4
37	25.9
38	0
39	3.1
40	61.3
41	16.3
42	0.6
43	80.7
44	1
45	13.4
46	43.2
47	0.8
48	3.7
49	2
50	17.8
51	1.1
52	4.8
53	0.7
54	2.2
55	2.7
56	98.1
57	70.6
58	11
59	3.9
60	10.1
61	0.5
62	0.5
63	0.5
64	34.3
65	1.3
66	2.2
67	11.1
68	0.2
69	0.8
70	0.1
71	2.6
72	1.9
73	0.7
74	0.1
75	0.3
76	0.1
77	0
78	0.1
79	6
80	0.1
81	0.1
82	0
83	31.4
84	0
85	0.6
86	0.2
87	0.6
88	2.6
89	0.2
90	0.7
91	1.3
92	4.8
93	1.7
94	2.7
95	0.5
96	2
97	14.8
98	2.6
99	0.1
100	5
101	0.2
102	0.4
103	0.8
104	2.4
105	0.6
106	1.4
107	0.2
108	0
109	0.7
110	3
111	0
112	0.9
113	36.4
114	0.9
115	0.6
116	0.3
117	1
118	6.3
119	0
120	0.3
121	0.1
122	6.4
123	2.4
124	1.9
125	0.2
126	3.7
127	0.3
128	3.5
129	1
130	0.9
131	2.8
132	0.1
133	0.8
134	6.6
135	8.8
136	0.3
137	5.6
138	0.5
139	0.2
140	0.5
141	1
142	0.2
143	0
144	0.4
145	37.1
146	1.5
147	0.6
148	6.2
149	0.8
150	9.9
151	0
152	3.3
153	0.1
154	12.3
155	0
156	1.5
157	8.2
158	0.8
159	1.8
160	2.8
161	1.4
162	0.1
163	0.1
164	0.1
165	0
166	0.1
167	1.5
168	0
169	0.5
170	0.7
171	0.5
172	0.2
173	0.1
174	43.7
175	0.1
176	2
177	1.4
178	13.3
179	1.1
180	0.2
181	0
182	10.1
183	0
184	0.2
185	0.3
186	1.6
187	0.2
188	0.1
189	0.1
190	0.3
191	0.2
192	0.4
193	12.3
194	1.1
195	0
196	0.4
197	0.8
198	0.3
199	0.9
200	37.6
201	37.9
202	0.1
203	0.1
204	14.2
205	1.5
206	1.4
207	1.9
208	1
209	1.1
210	0.2
211	0.6
212	1.2
213	1.5
214	0.1
215	1.8
216	2.9
217	0.2
218	0.1
219	0.1
220	16.3
221	0
222	0.4
223	4.5
224	0
225	17.1
226	0.2
227	1.4
228	1.1
229	0.4
230	17.5
231	0.5
232	0.1
233	1.4
234	5.1
235	17.5
236	0.3
237	0.3
238	0.4
239	0.1
240	0.2
241	0.1
242	1.4
243	0
244	0.5
245	0.6
246	0.3
247	0
248	0
249	1.4
250	0.6
251	0.1
252	1.6
253	0.3
254	0
255	0
256	0
257	0
258	0
259	0
260	0
261	0.2
262	0
263	0
264	0
265	0
266	0.2
267	0.7
268	1.1
269	1.4
270	0
271	0.2
272	0
273	0.3
274	5.1
275	0
276	0
277	0.2
278	0
279	17.7
280	0
281	0
282	0.4
283	0.2
284	0.2
285	0
286	0
287	1.3
288	0.1
289	0.3
290	0.4
291	5.4
292	0.2
293	5.1
294	4.9
295	0.1
296	1.3
297	0.3
298	0
299	0
300	1.6
301	0.2
302	1.5
303	0.5
304	0.1
305	0.6
306	0.3
307	2.2
308	0.1
309	0.4
310	0.5
311	0.4
312	2.9
313	0.6
314	1.9
315	0.4
316	0.7
317	0
318	0.9
319	0
320	0.4
321	1.2
322	0.3
323	0.5
324	0.1
325	0
326	0.7
327	0.1
328	0.3
329	1.2
330	0
331	2.4
332	0.1
333	2.5
334	0.3
335	0.1
336	0.4
337	0
338	2.6
339	1.8
340	0.1
341	3.1
342	5.1
343	1.8
344	6.1
345	0.3
346	0
347	0.1
348	0.3
349	0.3
350	0.3
351	0.3
352	0.4
353	0.1
354	0.4
355	0
356	0.3
357	0.3
358	0.7
359	0
360	0.2
361	0.7
362	0.2
363	0.2
364	0.3
365	0.2
366	1.2
367	5.1
368	2.1
369	0
370	0.1
371	0.3
372	7.9
373	0.4
374	5.4
375	0.8
376	5.4
377	0.1
378	3.5
379	0
380	0.2
381	0
382	0
383	1.6
384	43.2
385	0
386	5.4
387	10.8
388	3.9
389	3.6
390	12.4
391	5.3
392	2.7
393	0
394	1
395	0
396	0
397	5.4
398	25.2
399	0.2
400	23.7
401	0.1
402	0
403	0
404	0
405	4.8
406	2.1
407	0.2
408	0
409	0
410	10.7
411	0.2
412	0
413	2.4
414	0
415	0
416	0.2
417	0
418	0
419	3.6
420	0
421	0.5
422	0
423	1.7
424	5.9
425	0.9
426	0.5
427	20.8
428	0.7
429	0.1
430	7.9
431	0
432	0.6
433	13.7
434	9.2
435	0.6
436	14.9
437	15
438	11.7
439	0
440	0.1
441	33.1
442	48.7
443	0.8
444	0.5
445	9.4
446	11.8
447	2.1
448	1.3
449	1.6
450	0.6
451	0
452	20.5
453	15.1
454	7.8
455	7.4
456	5.5
457	0.3
458	10.9
459	24.6
460	0.4
461	5.1
462	0.8
463	38.1
464	36.1
465	5.7
466	0.4
467	4
468	37.2
469	0.7
470	14.2
471	12.1
472	0.1
473	16.6
474	14.7
475	17.7
476	17.7
477	2.1
478	2.8
479	39.3
480	0.1
481	0
482	0.4
483	3.2
484	2.3
485	40
486	0
487	0.6
488	3.9
489	0
490	4
491	4.8
492	0.7
493	4
494	2.2
495	0
496	0
497	0.4
498	1.4
499	0
500	0.3
501	6.1
502	3.5
503	0.9
504	1.2
505	0.7
506	1.4
507	0.8
508	3.7
509	3.2
510	12
511	6.6
512	1.5
513	0
514	0.4
515	0
516	1.3
517	1.6
518	0.4
519	0.8
520	0
521	24.6
522	0.8
523	0
524	0.5
525	4.5
526	11.3
527	2.5
528	11.8
529	0.5
530	3.5
531	1.9
532	0.2
533	2.5
534	29.3
535	9.8
536	0.1
537	0
538	0
539	0.1
540	0.6
541	21.4
542	2.2
543	5.4
544	0.3
545	0.3
546	1.7
547	0.9
548	0
549	0
550	34.8
551	24.2
552	1.2
553	0.3
554	0.3
555	36.3
556	1.3
557	0.5
558	0
559	1.2
560	1.3
561	0.1
562	1.7
563	0
564	27
565	0.7
566	1.5
567	1
568	4.9
569	1.9
570	0
571	0.1
572	53.6
573	3.5
574	1.5
575	1
576	53.6
577	0
578	0.8
579	1.1
580	47.1
581	80.6
582	8.3
583	4.7
584	3.5
585	0
586	1.1
587	2.5
588	10.5
589	5.5
590	0
591	0.4
592	0.5
593	45.9
594	0.9
595	9.6
596	0.6
597	80.6
598	6.7
599	1.6
600	0.5
601	1.9
602	0
603	0
604	10.1
605	0
606	0.3
607	8.6
608	1.1
609	0
610	1.6
611	0.3
612	0
613	0
614	2.3
615	0
616	0
617	29.7
618	29.7
619	4.1
620	4.1
621	0.2
622	6.3
623	14.4
624	3.9
625	10.7
626	0.5
627	39.5
628	0.8
629	0.9
630	3.3
631	1.5
632	29.7
633	1.1
634	0
635	1.3
636	0.8
637	1.9
638	7.5
639	40.5
640	0
641	26.6
642	0
643	17.1
644	0
645	0
646	0.6
647	12.9
648	0
649	1.6
650	0.7
651	3.6
652	0.6
653	0
654	1.4
655	0
656	2.9
657	21.4
658	0.1
659	4.5
660	0
661	0.2
662	0.8
663	8.7
664	11.8
665	3.8
666	13.3
667	40.6
668	17.6
669	0.5
670	2.4
671	14.1
672	9.8
673	0.9
674	0
675	1.3
676	23.8
677	22.7
678	1.1
679	0.8
680	0
681	3
682	11.6
683	10.5
684	10.6
685	9.6
686	3.1
687	0
688	1
689	17.2
690	0.8
691	42.3
692	8.4
693	1
694	0
695	42.8
696	2
697	3.8
698	3.4
699	1.7
700	0.8
701	0.2
702	1.2
703	2.4
704	0.7
705	6.8
706	1
707	2.1
708	2.9
709	13.4
710	42.5
711	0
712	0
713	1.3
714	1
715	66.8
716	0
717	10.8
718	0.8
719	1.3
720	4.4
721	4.5
722	2.6
723	0.7
724	3.7
725	24
726	0
727	0
728	8.9
729	43
730	25.5
731	0.5
732	0
733	2.9
734	1.2
735	0
736	2.8
737	1.9
738	1.6
739	7.9
740	7.5
741	1.9
742	0.1
743	0.8
744	0
745	0
746	0.5
747	1
748	0
749	7
750	1.5
751	9.1
752	0.9
753	1.9
754	2.7
755	1.3
756	1.4
757	0.9
758	0.2
759	1.2
760	1.8
761	0.7
762	1.9
763	0.5
764	5.4
765	9
766	0
767	0.2
768	0.4
769	3.8
770	0.5
771	0.3
772	0.1
773	2.6
774	3.7
775	0.2
776	1
777	33.6
778	4.9
779	0
780	3.7
781	102.2
782	104.2
783	20.6
784	44.5
785	64.4
786	131
787	48.4
788	30.6
789	40.5
790	117.4
791	34.2
792	33.3
793	440.2
794	24.1
795	53.6
796	9
797	28.9
798	8
799	52.8
800	18.3
801	459.3
802	504.8
803	97.4
804	34.4
805	522.6
806	354.2
807	16.1
808	402.9
809	50.5
810	69.4
811	546.9
812	224
813	379.7
814	9.4
815	13.8
816	1002.7
817	17.7
818	24.5
819	184.9
820	432
821	10
822	17.5
823	992.4
824	280.1
825	8.6
826	60
827	24.7
828	29.2
829	1027.5
830	35.5
831	1101.4
832	324.6
833	61.8
834	86.2
835	78.9
836	87
837	15.5
838	53.1
839	7.2
840	49.7
841	131.3
842	1187
843	4
844	36.3
845	589.2
846	10.9
847	443.2
848	11.3
849	23.2
850	185.8
851	35
852	42.5
853	10.3
854	26.2
855	34.2
856	16.3
857	17.8
858	25.1
859	610.1
860	15.1
861	97.9
862	2.3
863	814.5
864	13
865	134.9
866	1224.5
867	25.7
868	57
869	925.8
870	3.5
871	625
872	16.6
873	0.9
874	887.2
875	37.1
876	10.8
877	10.3
878	12.4
879	64.8
880	659.7
881	50.4
882	12.9
883	12.5
884	11.8
885	57.3
886	0.8
887	1257.7
888	16.3
889	89.9
890	45.5
891	153.8
892	26
893	34.7
894	1
895	105.9
896	37.1
897	9.1
898	965.4
899	16
900	55.1
901	721
902	17.4
903	29.7
904	44.5
905	13.1
906	45.1
907	52.4
908	1284.6
909	33.1
910	0
911	10.5
912	182.7
913	14.2
914	135.7
915	0
916	1153
917	19.7
918	21.1
919	13.6
920	18.9
921	13.7
922	26.4
923	2.8
924	736
925	11.2
926	24
927	8.9
928	0.3
929	1426.8
930	43.6
931	8.6
932	1.1
933	11
934	0
935	25.2
936	66.9
937	21.3
938	74.2
939	19.3
940	1513.3
941	34.7
942	81.6
943	0
944	108.1
945	14.7
946	98.4
947	0
948	1328.9
949	12.3
950	18.6
951	16.3
952	1499.5
953	18.4
954	0.4
955	25.6
956	165.4
957	11.8
958	17.1
959	1530.7
960	55.4
961	14.6
962	22.4
963	10
964	0
965	36.1
966	138
967	0
968	1541.4
969	8.5
970	9.8
971	68.2
972	28.9
973	13.3
974	1558.4
975	47.5
976	40.7
977	23.1
978	19.3
979	8.7
980	317.4
981	109
982	36.4
983	62.2
984	10
985	55.9
986	16.7
987	21
988	20.2
989	50.8
990	0
991	26
992	0
993	52.8
994	9.3
995	51.3
996	290.4
997	26.4
998	21.3
999	24.1
1000	0
1001	0.2
1002	27.1
1003	0
1004	335.7
1005	40.2
1006	16.3
1007	0
1008	0.2
1009	0
1010	115.7
1011	43
1012	15
1013	21.9
1014	13.7
1015	0.2
1016	0
1017	81.1
1018	21.7
1019	0.3
1020	39.2
1021	153.2
1022	13.3
1023	63.7
1024	27.3
1025	175.3
1026	38.3
1027	29.7
1028	400.9
1029	22.3
1030	0.1
1031	0
1032	0
1033	0.1
1034	54.1
1035	0
1036	920.9
1037	1610.3
1038	26.3
1039	188.6
1040	25.3
1041	18.5
1042	0.3
1043	0
1044	193.9
1045	0.4
1046	0.9
1047	79.3
1048	433.8
1049	14.7
1050	0
1051	999.7
1052	600.4
1053	23.5
1054	2209.3
1055	519.3
1056	74.6
1057	0
1058	1174.1
1059	0.1
1060	34.5
1061	0
1062	26.6
1063	35.1
1064	0
1065	1804.5
1066	16.4
1067	0.2
1068	0
1069	0
1070	14.5
1071	9.5
1072	0.1
1073	0.1
1074	37.6
1075	0
1076	23.2
1077	0.2
1078	116.4
1079	2394.2
1080	1.6
1081	0
1082	38
1083	0.1
1084	38.6
1085	29.1
1086	189.3
1087	0
1088	0
1089	0.1
1090	2355.3
1091	35.2
1092	0
1093	0.4
1094	0.1
1095	1.4
1096	0.7
1097	21.3
1098	0.5
1099	0
1100	0
1101	0.1
1102	1248.2
1103	0.1
1104	27.4
1105	0.6
1106	0.4
1107	0.2
1108	0.1
1109	2400.8
1110	0
1111	0
1112	260.5
1113	38.5
1114	31.8
1115	0.2
1116	0.3
1117	154
1118	0.3
1119	27.4
1120	0.5
1121	0.1
1122	2.9
1123	3.5
1124	17.2
1125	28.7
1126	19.8
1127	28.1
1128	482.8
1129	93.1
1130	0.3
1131	0
1132	105.6
1133	213.5
1134	1993.5
1135	2418
1136	0.1
1137	0.2
1138	0.7
1139	28
1140	1428.9
1141	0.5
1142	0
1143	21.6
1144	5
1145	0.2
1146	0.2
1147	2044.6
1148	21.8
1149	2037.6
1150	28.1
1151	2045.4
1152	577.1
1153	602.3
1154	0
1155	0
1156	12.8
1157	28.4
1158	155
1159	41.9
1160	1
1161	0.1
1162	0.2
1163	0.8
1164	18.5
1165	2449.8
1166	44.6
1167	12.9
1168	116.6
1169	31.5
1170	14.7
1171	1997.1
1172	62.6
1173	0.7
1174	32.2
1175	0.3
1176	15.2
1177	0
1178	0.4
1179	16.5
1180	0.8
1181	1996.5
1182	2051.4
1183	0
1184	3913.7
1185	26.4
1186	621.4
1187	2008
1188	2054
1189	1997.3
1190	2008.5
1191	24.3
1192	2055
1193	25.4
1194	2044.2
1195	11.2
1196	2008.1
1197	4068.7
1198	0.2
1199	38.3
1200	5.8
1201	2042.6
1202	1.4
1203	4068.7
1204	1999.7
1205	0.6
1206	0
1207	1995.6
1208	0.1
1209	2040.8
1210	56.8
1211	37.8
1212	0
1213	18.1
1214	664.7
1215	1998.5
1216	11.4
1217	4.2
1218	0.4
1219	0.1
1220	17.4
1221	2053.4
1222	2051.4
1223	0.5
1224	2054.4
1225	12.4
1226	27.1
1227	10.2
1228	0.2
1229	1998.2
1230	14.5
1231	0
1232	50.9
1233	0.5
1234	1.8
1235	0.3
1236	0
1237	108.6
1238	17.1
1239	0
1240	2055.9
1241	224.9
1242	78.6
1243	1.4
1244	2056.6
1245	34.9
1246	18.6
1247	67.7
1248	45.6
1249	54.6
1250	7.4
1251	0.6
1252	4068.7
1253	2074
1254	4
1255	0
1256	26.2
1257	9.8
1258	0.2
1259	0
1260	9.6
1261	16.5
1262	0
1263	1.1
1264	10.7
1265	11.8
1266	753.2
1267	4068.7
1268	25.9
1269	4.7
1270	97.5
1271	0.8
1272	2074.3
1273	9.1
1274	25.2
1275	2072.4
1276	26.2
1277	17.9
1278	163.1
1279	3.3
1280	66.4
1281	8
1282	0
1283	15
1284	37.5
1285	9.9
1286	19.2
1287	1.6
1288	4.7
1289	120.1
1290	2.8
1291	45.7
1292	1.3
1293	3.1
1294	8.2
1295	12.7
1296	0
1297	16.7
1298	770.6
1299	15.3
1300	8.3
1301	0
1302	3.8
1303	13.9
1304	2.8
1305	24.4
1306	0
1307	284.5
1308	2.2
1309	0
1310	146.8
1311	17.4
1312	12.5
1313	1.8
1314	35
1315	66.4
1316	6.1
1317	4.9
1318	0.9
1319	49.7
1320	9.8
1321	0
1322	4068.7
1323	0
1324	1.1
1325	147.5
1326	0
1327	0
1328	294.5
1329	10
1330	57
1331	14.4
1332	8.4
1333	17.2
1334	124.7
1335	0.5
1336	28.3
1337	0.1
1338	0
1339	0.6
1340	10.3
1341	30.5
1342	300.9
1343	0
1344	0
1345	0.5
1346	66.4
1347	223.9
1348	11.7
1349	0.3
1350	4068.7
1351	6.7
1352	2.8
1353	279.9
1354	0
1355	15.1
1356	4.5
1357	8
1358	14.3
1359	0.7
1360	0.1
1361	0.8
1362	16.3
1363	66.4
1364	0.1
1365	72.8
1366	0
1367	66.4
1368	5.6
1369	0
1370	0.4
1371	0
1372	3.7
1373	181.6
1374	0.9
1375	70.4
1376	2.6
1377	5.4
1378	0.8
1379	0.8
1380	26.7
1381	66.4
1382	25.1
1383	0.1
1384	4.9
1385	3.5
1386	7
1387	0.3
1388	0
1389	0
1390	8.2
1391	681.8
1392	15.3
1393	0
1394	0
1395	26.8
1396	0
1397	12.8
1398	0
1399	66.4
1400	4.9
1401	0.1
1402	0.1
1403	390
1404	2.5
1405	1
1406	0
1407	66.4
1408	0
1409	977
1410	0
1411	204.4
1412	0.2
1413	53.3
1414	3.2
1415	18
1416	106.2
1417	0
1418	12.6
1419	0
1420	4.9
1421	0.1
1422	0
1423	9.8
1424	134.6
1425	0.2
1426	183.2
1427	0.2
1428	0.1
1429	0
1430	10.5
1431	418.2
1432	0
1433	13.4
1434	4135.4
1435	29.5
1436	4068.7
1437	134.6
1438	0.4
1439	0.4
1440	8.5
1441	10.1
1442	29440.1
1443	25.1
1444	0.1
1445	0
1446	1417.8
1447	0.1
1448	44.9
1449	66.4
1450	0.1
1451	29440.2
1452	4135.1
1453	70.1
1454	10.6
1455	0
1456	25304.7
1457	486.4
1458	5.6
1459	1
1460	0.4
1461	124.9
1462	29441.9
1463	0
1464	0
1465	0.1
1466	11
1467	0
1468	29441.7
1469	8.5
1470	1370.5
1471	0.2
1472	29440.3
1473	774
1474	1.1
1475	17.4
1476	29441.7
1477	0.1
1478	18.3
1479	140.2
1480	0
1481	62.3
1482	8.1
1483	0
1484	25303.5
1485	6.3
1486	0.5
1487	0
1488	49.6
1489	42.3
1490	0.2
1491	7.6
1492	6.3
1493	1461.3
1494	12
1495	150.4
1496	230.8
1497	159.4
1498	0
1499	18.1
1500	1514
1501	10.1
1502	39.6
1503	1.2
1504	177
1505	24.2
1506	17.1
1507	0
1508	0.4
1509	3.6
1510	0.5
1511	25299.6
1512	0
1513	52.6
1514	0.1
1515	0.3
1516	0.1
1517	1522.6
1518	0.2
1519	9.3
1520	1.3
1521	0.1
1522	0.1
1523	0.1
1524	177
1525	0
1526	0.2
1527	38.5
1528	0
1529	13
1530	33.9
1531	0.1
1532	0.8
1533	0.1
1534	15.9
1535	2.8
1536	13.2
1537	0.6
1538	2.8
1539	1.5
1540	0
1541	29443.9
1542	0
1543	26.9
1544	0.1
1545	0.4
1546	6.8
1547	11.5
1548	29442.6
1549	0
1550	0.1
1551	186.3
1552	465.8
1553	24.3
1554	21.7
1555	6
1556	18.7
1557	0.2
1558	0.3
1559	41.2
1560	1524.4
1561	0
1562	0.1
1563	1.8
1564	0.2
1565	77.2
1566	1.7
1567	29443.1
1568	0.1
1569	8.8
1570	8.5
1571	0.3
1572	0.1
1573	75.5
1574	0.1
1575	17.8
1576	25299.4
1577	20.1
1578	0.1
1579	0.1
1580	593.1
1581	612.1
1582	22.8
1583	11.1
1584	3
1585	44.7
1586	16.8
1587	0
1588	1569.7
1589	0.2
1590	0.6
1591	29442.9
1592	1541.5
1593	0.1
1594	27.4
1595	31
1596	861.7
1597	29442.9
1598	38.4
1599	853.8
1600	13.6
1601	17.7
1602	16.1
1603	37.9
1604	5.5
1605	1.7
1606	0.1
1607	0.1
1608	22.3
1609	0.1
1610	6
1611	1.9
1612	35.4
1613	861.7
1614	71.8
1615	25175.5
1616	18.9
1617	0.1
1618	20.9
1619	1569.9
1620	25025.2
1621	676.8
1622	11.4
1623	0
1624	22.6
1625	20.9
1626	134.7
1627	0
1628	24.7
1629	29444.7
1630	27.4
1631	5.9
1632	69.8
1633	0.1
1634	137.2
1635	132.3
1636	912.5
1637	31.5
1638	9.5
1639	5.3
1640	0.1
1641	30.4
1642	42.2
1643	19.8
1644	0.7
1645	27.1
1646	32.1
1647	29444.7
1648	2.8
1649	1
1650	0.3
1651	139.2
1652	6.3
1653	0.3
1654	24882.1
1655	45.7
1656	19
1657	44.3
1658	958.7
1659	43.7
1660	38.4
1661	1.7
1662	0
1663	85.7
1664	2.5
1665	0.6
1666	91.3
1667	28.1
1668	73.6
1669	38.5
1670	2298.9
1671	16.2
1672	24856
1673	97.8
1674	25.2
1675	168.7
1676	3
1677	1.6
1678	27
1679	443.7
1680	23.1
1681	485
1682	1159.7
1683	51.8
1684	24.1
1685	38.5
1686	7
1687	443.7
1688	125.6
1689	1.7
1690	66.9
1691	3.6
1692	12325.8
1693	12467.4
1694	46.9
1695	38.9
1696	2645.1
1697	10021.9
1698	1159.7
1699	13
1700	6
1701	12273.2
1702	9982.1
1703	496.8
1704	2645.1
1705	0.5
1706	20.9
1707	1159.9
1708	1160.3
1709	19.6
1710	9.8
1711	17.6
1712	248.3
1713	12257.5
1714	105.5
1715	40.7
1716	52
1717	7.9
1718	92.4
1719	16.2
1720	13.3
1721	12526.3
1722	35.3
1723	465.8
1724	52
1725	1606.2
1726	10.5
1727	29
1728	262.8
1729	1.6
1730	64.3
1731	12.4
1732	290
1733	45.9
1734	10159.1
1735	12.5
1736	1159.9
1737	8.3
1738	6.8
1739	1166.7
1740	0
1741	1.2
1742	0.6
1743	176.6
1744	17.2
1745	94.1
1746	2660.2
1747	505.2
1748	36.3
1749	8.7
1750	11
1751	2669.8
1752	2682.6
1753	23.7
1754	146.4
1755	10.3
1756	1459.8
1757	52
1758	7.3
1759	217.7
1760	1156.5
1761	61
1762	8.3
1763	13.3
1764	9
1765	3
1766	37
1767	2954.1
1768	0
1769	3333.6
1770	92.4
1771	8.5
1772	0
1773	11.8
1774	358.9
1775	0
1776	14
1777	9364.7
1778	0.5
1779	1.4
1780	0.5
1781	3267.1
1782	309.5
1783	3424.4
1784	532.2
1785	12188.3
1786	8.9
1787	135
1788	10.8
1789	7.7
1790	0.6
1791	6.2
1792	206.6
1793	1144.9
1794	43.5
1795	12161.3
1796	12320.6
1797	24.1
1798	18
1799	0
1800	17
1801	9.7
1802	7.7
1803	0
1804	553.8
1805	1.9
1806	52.9
1807	70.4
1808	553.8
1809	33.9
1810	36.2
1811	8752.4
1812	0
1813	17.8
1814	37.8
1815	4411.2
1816	13.3
1817	8.8
1818	4405.8
1819	39.3
1820	20.3
1821	8.2
1822	30.4
1823	8.9
1824	0
1825	113.1
1826	86.1
1827	4322.3
1828	8734.9
1829	200.9
1830	0
1831	958.7
1832	0
1833	28
1834	0
1835	12133.4
1836	12114.2
1837	0
1838	0
1839	16.6
1840	75
1841	818.2
1842	1076.7
1843	83.1
1844	8742.2
1845	22.4
1846	0
1847	935.5
1848	11.2
1849	145.9
1850	15.3
1851	53.5
1852	170.5
1853	19.4
1854	194.6
1855	8
1856	334.2
1857	0
1858	22.5
1859	72.1
1860	1135.1
1861	0
1862	24.7
1863	12038.1
1864	9.2
1865	8
1866	21.3
1867	12055.9
1868	65.6
1869	17.5
1870	95.2
1871	23.1
1872	479.6
1873	268.1
1874	114.5
1875	12038.1
1876	62.4
1877	0
1878	12038.1
1879	84.4
1880	50
1881	28.8
1882	0
1883	21
1884	10.7
1885	11.7
1886	16
1887	0
1888	11.8
1889	0
1890	50
1891	103.4
1892	27.2
1893	7
1894	7.2
1895	72.1
1896	7.4
1897	47.1
1898	49.5
1899	437.5
1900	0
1901	21.3
1902	16.4
1903	12.1
1904	19.7
1905	4320.9
1906	0
1907	0
1908	1012.7
1909	5.5
1910	105.6
1911	16
1912	11.6
1913	0
1914	32.8
1915	0
1916	129
1917	8.7
1918	10.7
1919	0
1920	12038.1
1921	12.1
1922	0
1923	0
1924	12038.1
1925	12.8
1926	76
1927	44.9
1928	4165.6
1929	0
1930	0
1931	0
1932	37.5
1933	13.4
1934	16.8
1935	0
1936	12.8
1937	12038.1
1938	63.6
1939	56.7
1940	0
1941	358.8
1942	39.6
1943	12038.1
1944	23.7
1945	0
1946	0
1947	0
1948	743.8
1949	12.7
1950	51.5
1951	0
1952	3.3
1953	114.3
1954	12038.1
1955	8.9
1956	11.1
1957	41.9
1958	0
1959	5.2
1960	4091.9
1961	28.2
1962	62.5
1963	0
1964	0
1965	0
1966	8.8
1967	741.4
1968	13.5
1969	0
1970	192.1
1971	0
1972	0
1973	12038.1
1974	208
1975	124.4
1976	4.1
1977	743.8
1978	53.6
1979	60.5
1980	0
1981	4064.5
1982	11.6
1983	0
1984	0
1985	75.6
1986	9.5
1987	23.4
1988	70.1
1989	324.5
1990	77.8
1991	0
1992	0
1993	5.7
1994	14.5
1995	3695.2
1996	0
1997	9.9
1998	74
1999	0
2000	111.1
2001	53.7
2002	5.2
2003	6.2
2004	12038.1
2005	0
2006	8.9
2007	0
2008	741.4
2009	0
2010	114.4
2011	213.8
2012	0
2013	145.9
2014	117.6
2015	12.2
2016	0
2017	0
2018	4.2
2019	12038.1
2020	0
2021	411.1
2022	389.9
2023	16.2
2024	93.1
2025	42.8
2026	0
2027	3.5
2028	39.3
2029	289.2
2030	0
2031	11.4
2032	0.6
2033	0
2034	0
2035	45.2
2036	8.1
2037	37.8
2038	85.5
2039	0
2040	0
2041	10
2042	5.3
2043	60.9
2044	24.2
2045	0
2046	12038.1
2047	3.6
2048	0
2049	0
2050	95.8
2051	2.2
2052	0
2053	19.4
2054	13.3
2055	3.7
2056	227
2057	22.3
2058	15.9
2059	0
2060	385.1
2061	0.5
2062	3808.5
2063	0
2064	5.7
2065	0
2066	0
2067	5
2068	0
2069	17.1
2070	7.6
2071	8.2
2072	0
2073	12.2
2074	16.7
2075	0
2076	17.8
2077	0
2078	7.3
2079	0
2080	0
2081	8.8
2082	0
2083	2.4
2084	3390.3
2085	0
2086	12.7
2087	0
2088	51.7
2089	4.9
2090	16.1
2091	9
2092	10.8
2093	9.5
2094	0
2095	2.6
2096	0
2097	372.4
2098	27
2099	15.2
2100	30
2101	0
2102	41.8
2103	12038.1
2104	12038.1
2105	0
2106	0
2107	0
2108	25.2
2109	0
2110	0
2111	0
2112	55.9
2113	3378.7
2114	0
2115	25.7
2116	11.9
2117	5.2
2118	178.6
2119	3172.8
2120	14.5
2121	1.7
2122	42.4
2123	0
2124	41.7
2125	3.2
2126	0
2127	345.1
2128	0
2129	12038.1
2130	0
2131	17.1
2132	14.8
2133	0
2134	0
2135	3172.5
2136	35.9
2137	11
2138	2.4
2139	24.1
2140	12038.1
2141	66.8
2142	41.1
2143	0
2144	0
2145	38.2
2146	2.1
2147	12.2
2148	20.7
2149	0
2150	36.5
2151	0
2152	34.4
2153	250.9
2154	18.3
2155	0
2156	0
2157	0
2158	3.4
2159	3.3
2160	296.1
2161	0
2162	0
2163	38.7
2164	0
2165	3.2
2166	12038.1
2167	0
2168	0
2169	46.2
2170	0
2171	0
2172	0
2173	58.9
2174	0
2175	1.3
2176	0
2177	469.6
2178	7.5
2179	0
2180	4.3
2181	108.8
2182	0
2183	0
2184	0
2185	22.8
2186	1.3
2187	2.9
2188	12038.1
2189	0
2190	331.5
2191	0
2192	0
2193	0
2194	33.1
2195	3.2
2196	0
2197	21.5
2198	12038.1
2199	469.6
2200	0
2201	3.2
2202	7
2203	0
2204	12038.1
2205	0
2206	293.6
2207	2.3
2208	1.6
2209	0
2210	112.1
2211	0
2212	6.3
2213	775.1
2214	0
2215	7.8
2216	284.7
2217	0
2218	0
2219	57.9
2220	10.8
2221	0
2222	163.4
2223	0
2224	0
2225	267.3
2226	30.8
2227	109.2
2228	0
2229	0
2230	6.4
2231	0
2232	2762.4
2233	0
2234	34.1
2235	0
2236	0
2237	0
2238	0
2239	274.9
2240	0
2241	7.2
2242	0
2243	0
2244	0
2245	21.1
2246	1.8
2247	0
2248	44.9
2249	86.4
2250	12038.1
2251	1.7
2252	1938.8
2253	0
2254	1.5
2255	0
2256	30.6
2257	11
2258	0
2259	1845.8
2260	0
2261	0
2262	0
2263	33.6
2264	74.3
2265	1756.5
2266	0
2267	0
2268	90
2269	272.2
2270	0
2271	17.8
2272	0
2273	10
2274	0
2275	43.6
2276	2.1
2277	0
2278	1.5
2279	12036.2
2280	0
2281	0.1
2282	1740
2283	2.5
2284	1.4
2285	1647.2
2286	74.6
2287	8.5
2288	25.7
2289	0
2290	0
2291	12036.3
2292	1624
2293	260.3
2294	260.3
2295	22.2
2296	14.3
2297	55.4
2298	0
2299	1.4
2300	0
2301	1.2
2302	0.1
2303	1.7
2304	0.1
2305	12036.2
2306	1310.1
2307	123.8
2308	0
2309	9.9
2310	117.1
2311	0.2
2312	0.1
2313	18.1
2314	0
2315	1
2316	12018.1
2317	39.4
2318	12018.1
2319	18.1
2320	27
2321	45.7
2322	0
2323	0
2324	76.2
2325	70.7
2326	5
2327	18
2328	19.9
2329	18
2330	0.1
2331	0.2
2332	238.9
2333	17.7
2334	21
2335	0.6
2336	20.5
2337	0.2
2338	28.4
2339	220.4
2340	34
2341	11.5
2342	0.4
2343	7.4
2344	12.9
2345	209.9
2346	36.3
2347	0
2348	17.4
2349	99.7
2350	0.3
2351	27.9
2352	18
2353	12.9
2354	4.4
2355	14.3
2356	0.1
2357	12.6
2358	3.4
2359	1164
2360	7.2
2361	8.4
2362	23.1
2363	43.1
2364	8.8
2365	6.5
2366	0.2
2367	1.5
2368	16.3
2369	5.3
2370	20.6
2371	0.2
2372	4.3
2373	27
2374	2
2375	3.7
2376	0.9
2377	6.4
2378	9.6
2379	4774.5
2380	16.3
2381	10.1
2382	16.5
2383	0.4
2384	10.9
2385	2.1
2386	0.2
2387	0.1
2388	276.6
2389	48
2390	3.1
2391	289.7
2392	1129.8
2393	2.6
2394	959.3
2395	122.8
2396	4763.9
2397	0.2
2398	0.8
2399	12
2400	0.5
2401	13.5
2402	77
2403	5.3
2404	5.4
2405	43.6
2406	366.7
2407	1
2408	24.5
2409	72.6
2410	260.6
2411	241.9
2412	58.6
2413	3.3
2414	9.2
2415	174.3
2416	4736
2417	372.2
2418	37.1
2419	6730.4
2420	30.8
2421	1.4
2422	25.5
2423	12.4
2424	164.8
2425	2.5
2426	0.8
2427	0.2
2428	48.2
2429	8.1
2430	0.6
2431	9.3
2432	4688.4
2433	17.1
2434	18.1
2435	0.1
2436	4688.1
2437	88.8
2438	93.7
2439	88.4
2440	6.7
2441	2.6
2442	8.4
2443	12.2
2444	924
2445	24.5
2446	6.2
2447	18.6
2448	296
2449	2.2
2450	0.6
2451	6.6
2452	26.4
2453	756.2
2454	0.3
2455	4686.4
2456	75.9
2457	1.7
2458	6716.2
2459	14.1
2460	17.1
2461	151.6
2462	39
2463	2.2
2464	389.1
2465	4.2
2466	0.4
2467	812.1
2468	464.7
2469	10.7
2470	78.4
2471	6716.2
2472	14.1
2473	13.3
2474	33.6
2475	6668.6
2476	13.4
2477	34.3
2478	7.8
2479	6
2480	8.8
2481	20.7
2482	66.7
2483	1.7
2484	4671.2
2485	395.6
2486	29.2
2487	0.6
2488	7.5
2489	170.3
2490	112.3
2491	1.9
2492	58.3
2493	3.6
2494	30.4
2495	14.7
2496	1.3
2497	765.2
2498	346.2
2499	59.3
2500	4438.5
2501	69.1
2502	40
2503	68.4
2504	57.3
2505	4438.5
2506	17.5
2507	1.1
2508	40.5
2509	5.6
2510	18.3
2511	97.6
2512	4341
2513	47.3
2514	268.8
2515	284.7
2516	6536.3
2517	8.2
2518	4.1
2519	25.1
2520	4152.1
2521	163.4
2522	848.8
2523	2.6
2524	0.7
2525	8.3
2526	168
2527	25.8
2528	19
2529	14.6
2530	812.1
2531	752
2532	9.4
2533	142.1
2534	57.6
2535	17.9
2536	45.2
2537	69.3
2538	806.7
2539	1113.9
2540	351.6
2541	133.2
2542	4152.1
2543	34.5
2544	47.9
2545	633
2546	138.7
2547	25.1
2548	420.5
2549	13.8
2550	1.3
2551	41.2
2552	999.5
2553	41
2554	1812.2
2555	9.9
2556	15.9
2557	32.1
2558	37.4
2559	701.2
2560	297.8
2561	185.7
2562	95.4
2563	675
2564	1759.8
2565	209.1
2566	3.1
2567	17.6
2568	735.1
2569	79.5
2570	8
2571	2.7
2572	6529.2
2573	1.1
2574	6484.7
2575	43
2576	22.4
2577	11.7
2578	16.5
2579	17.6
2580	6376.4
2581	1023.1
2582	641.5
2583	55.1
2584	1.5
2585	87.4
2586	54.8
2587	31.6
2588	9
2589	85.3
2590	10.5
2591	13.6
2592	167.1
2593	494.2
2594	19.3
2595	0.8
2596	172.4
2597	32.6
2598	966.2
2599	8.9
2600	10.4
2601	13.9
2602	232.3
2603	137.7
2604	64.4
2605	76.8
2606	2.1
2607	81.6
2608	25.2
2609	100.6
2610	0.3
2611	47.3
2612	8.6
2613	16
2614	641.1
2615	14
2616	119
2617	346.7
2618	20.7
2619	6306
2620	93.7
2621	13
2622	20.5
2623	38.3
2624	121.4
2625	752.7
2626	3
2627	68.7
2628	17.5
2629	0.7
2630	20.2
2631	10.1
2632	43.7
2633	45.6
2634	70
2635	7.5
2636	120.7
2637	0.6
2638	51.4
2639	470.3
2640	410.9
2641	17.9
2642	29.1
2643	396.2
2644	62.2
2645	231.7
2646	395.7
2647	3
2648	42.5
2649	5.1
2650	75
2651	0.1
2652	8.5
2653	56.4
2654	86.2
2655	56.1
2656	253.5
2657	3.6
2658	337.5
2659	44.5
2660	158
2661	203.1
2662	129.8
2663	164
2664	25.9
2665	176.4
2666	67.5
2667	2.3
2668	35.1
2669	8.8
2670	64.1
2671	67
2672	96.7
2673	0.2
2674	6.8
2675	96.7
2676	0.8
2677	219.1
2678	17.8
2679	4.6
2680	16.4
2681	6302.4
2682	2698.6
2683	69
2684	9.1
2685	93.9
2686	13.4
2687	39.2
2688	25.2
2689	3448.6
2690	27.4
2691	2783.3
2692	0.3
2693	44.7
2694	20.9
2695	1.4
2696	58.5
2697	0.5
2698	161.1
2699	12.5
2700	32.6
2701	1
2702	25.3
2703	27.4
2704	0.7
2705	24.5
2706	15.2
2707	3
2708	598.6
2709	61.9
2710	678.3
2711	20.8
2712	0.2
2713	11
2714	107.7
2715	27.9
2716	28.6
2717	2333.2
2718	29.1
2719	10.3
2720	32.2
2721	12.1
2722	25.7
2723	102.3
2724	4.6
2725	762.5
2726	55.5
2727	50.6
2728	49.5
2729	26.2
2730	39.6
2731	0
2732	42.9
2733	15.4
2734	21.7
2735	16.1
2736	5.2
2737	95.8
2738	878.2
2739	77.7
2740	2285.4
2741	935.8
2742	16.5
2743	17
2744	17.7
2745	23.9
2746	5.2
2747	21.2
2748	0.1
2749	98.4
2750	67.3
2751	23.2
2752	52.8
2753	9.5
2754	105.1
2755	1243.1
2756	40.3
2757	135.7
2758	46.5
2759	9.5
2760	5.5
2761	5.4
2762	101.1
2763	48.8
2764	13.4
2765	188.7
2766	13.1
2767	1.2
2768	305.2
2769	6.6
2770	161.7
2771	63.8
2772	3146.8
2773	5.1
2774	64
2775	1759.9
2776	222
2777	30.2
2778	17.1
2779	188.3
2780	3
2781	16.6
2782	18.8
2783	16.3
2784	22.3
2785	52.8
2786	9.4
2787	146.7
2788	5.2
2789	72.2
2790	33.9
2791	40.7
2792	20.2
2793	81.6
2794	27.6
2795	5.2
2796	1883.6
2797	222
2798	24.3
2799	15.8
2800	1757.3
2801	27.3
2802	104.3
2803	8.3
2804	9.6
2805	1732.3
2806	14
2807	36.1
2808	267.2
2809	3209.3
2810	1.9
2811	32.2
2812	9
2813	1858.2
2814	26.4
2815	18.9
2816	211.1
2817	178.2
2818	24.7
2819	24.7
2820	18.3
2821	204.5
2822	8.2
2823	22.4
2824	75.9
2825	202.2
2826	71.8
2827	5.5
2828	21.7
2829	10.9
2830	298
2831	19.3
2832	195.2
2833	226.8
2834	51.4
2835	22.4
2836	33.3
2837	27.8
2838	36.8
2839	35.6
2840	51.3
2841	26.6
2842	56.6
2843	9
2844	6.5
2845	248.7
2846	90
2847	59.7
2848	67.9
2849	17.8
2850	1627.7
2851	26.3
2852	23.9
2853	7.8
2854	34.5
2855	21.2
2856	78.3
2857	18.4
2858	20.8
2859	306.6
2860	9
2861	180
2862	10
2863	4.9
2864	1821.7
2865	108
2866	13.1
2867	43.7
2868	7.6
2869	21.9
2870	351.4
2871	40.5
2872	1296.1
2873	19.7
2874	109.8
2875	319.3
2876	2.6
2877	54.9
2878	10.1
2879	5.7
2880	284.4
2881	12.1
2882	47.6
2883	61.4
2884	81.4
2885	8.2
2886	18.3
2887	18.1
2888	145.9
2889	12.6
2890	16.8
2891	154
2892	82.4
2893	47.3
2894	20.3
2895	179.3
2896	148.5
2897	42.9
2898	423.1
2899	29.3
2900	127.8
2901	167.8
2902	11.4
2903	79.5
2904	157.1
2905	56.5
2906	215.5
2907	37.3
2908	42.3
2909	63
2910	94
2911	11.5
2912	51.8
2913	115
2914	101.3
2915	11.2
2916	75.1
2917	34.3
2918	37.9
2919	170.6
2920	4
2921	38.5
2922	79.1
2923	30.7
2924	512.6
2925	49.9
2926	438.4
2927	9.2
2928	65.6
2929	20.6
2930	64.8
2931	496.5
2932	1484.4
2933	10.6
2934	24.2
2935	15.6
2936	202.2
2937	10
2938	5
2939	79.8
2940	205.9
2941	500.7
2942	12.1
2943	42.3
2944	3.2
2945	14.9
2946	37.7
2947	570.3
2948	49.6
2949	99.8
2950	13.5
2951	51.1
2952	20.4
2953	93.5
2954	12.2
2955	856.3
2956	1392.3
2957	532.8
2958	525.7
2959	412
2960	207.7
2961	28.5
2962	20.7
2963	20.5
2964	43.2
2965	8.3
2966	635.6
2967	56.8
2968	12.4
2969	12.1
2970	8.7
2971	193.9
2972	37
2973	256.5
2974	8.6
2975	50.3
2976	590.1
2977	17.5
2978	28.4
2979	17.7
2980	34.6
2981	42.9
2982	35.7
2983	13.9
2984	115.2
2985	13.6
2986	53.6
2987	21.7
2988	1474
2989	3
2990	25.8
2991	49.9
2992	44.1
2993	129.9
2994	101.4
2995	73.9
2996	786.9
2997	571.7
2998	7.7
2999	101.3
3000	556.1
3001	7.9
3002	48.9
3003	170.3
3004	7.5
3005	13.1
3006	17.5
3007	43
3008	18.3
3009	494.5
3010	263.2
3011	11.5
3012	67.1
3013	20.7
3014	9.6
3015	6.8
3016	138.4
3017	77
3018	728.7
3019	5.8
3020	6440.5
3021	130
3022	10.9
3023	4.9
3024	35.1
3025	4851.2
3026	19.3
3027	1570.7
3028	4116.1
3029	2658.9
3030	25
3031	478.9
3032	62.1
3033	4
3034	39.1
3035	4119.7
3036	262.8
3037	15.6
3038	370
3039	49.5
3040	152.9
3041	65
3042	131.6
3043	2696.6
3044	17.6
3045	1743
3046	333.1
3047	356.1
3048	29.3
3049	6315
3050	57.1
3051	13.9
3052	123.1
3053	53.2
3054	6228.4
3055	1360.4
3056	2722.7
3057	5.4
3058	2676.7
3059	6.7
3060	8.4
3061	11.6
3062	38.6
3063	570.5
3064	235.2
3065	394.1
3066	42
3067	309.6
3068	146.5
3069	6.9
3070	4107.4
3071	448
3072	19.5
3073	51.1
3074	374.3
3075	9.9
3076	15.5
3077	1350.1
3078	7.1
3079	25.8
3080	4047.5
3081	5.7
3082	8
3083	128.2
3084	8
3085	107.8
3086	20.5
3087	150.7
3088	32.7
3089	64.8
3090	22.8
3091	9.9
3092	32.2
3093	36
3094	34.8
3095	2.9
3096	108.6
3097	21.4
3098	76.8
3099	13.7
3100	1232.1
3101	50.8
3102	14.4
3103	34.5
3104	39.9
3105	23
3106	95.6
3107	442.1
3108	5.9
3109	7.2
3110	12.3
3111	119.7
3112	5.4
3113	151.3
3114	11.7
3115	16.3
3116	16.9
3117	261.5
3118	51.6
3119	43
3120	4.1
3121	50.7
3122	1.8
3123	31.2
3124	1.8
3125	84
3126	8.8
3127	2
3128	3.2
3129	9.2
3130	2.5
3131	27.4
3132	18.3
3133	43.8
3134	146.3
3135	3.8
3136	107.8
3137	1.2
3138	4.4
3139	117
3140	25
3141	2.6
3142	22.8
3143	51.1
3144	363.7
3145	1.7
3146	1.4
3147	5.6
3148	54.1
3149	99.5
3150	1.1
3151	39.1
3152	675.9
3153	71.6
3154	45.9
3155	227.4
3156	9.3
3157	9.9
3158	1.4
3159	49.1
3160	3
3161	32.8
3162	39.7
3163	5.6
3164	2.2
3165	6.5
3166	606.2
3167	45.3
3168	74.3
3169	103.1
3170	48.3
3171	6.5
3172	124.4
3173	174.6
3174	82.1
3175	25
3176	2.5
3177	178.9
3178	239.7
3179	1.8
3180	2.6
3181	36.7
3182	51.9
3183	26.5
3184	72.6
3185	27.3
3186	8.7
3187	79.1
3188	39.8
3189	9.6
3190	1.3
3191	10.2
3192	27.9
3193	3.7
3194	51.1
3195	53.6
3196	138.3
3197	29.8
3198	4.8
3199	32.7
3200	1.3
3201	37.7
3202	0
3203	54.7
3204	33.9
3205	29.5
3206	1.4
3207	156.2
3208	36.6
3209	0.6
3210	150
3211	42.6
3212	129.3
3213	91.9
3214	3.7
3215	2.3
3216	52.1
3217	59.6
3218	74.9
3219	237.3
3220	4.5
3221	37.7
3222	276.7
3223	2
3224	153.8
3225	42.5
3226	52
3227	49.6
3228	100.4
3229	1.1
3230	5.5
3231	1.4
3232	1
3233	3.5
3234	31.3
3235	312.3
3236	24.5
3237	2.6
3238	149.5
3239	2.1
3240	6.9
3241	6.3
3242	15.6
3243	20.1
3244	102.4
3245	77.5
3246	44.6
3247	0.9
3248	1.3
3249	1.7
3250	25.3
3251	232.3
3252	24.8
3253	97.3
3254	21.3
3255	3.5
3256	0.9
3257	35.4
3258	138.2
3259	35.9
3260	2.8
3261	1.7
3262	98.8
3263	64.3
3264	48.1
3265	4
3266	12.9
3267	13.4
3268	121.1
3269	90.8
3270	1.2
3271	1.5
3272	64.7
3273	1.2
3274	131.7
3275	2.6
3276	7.3
3277	10.3
3278	14.8
3279	1.4
3280	12.4
3281	35.8
3282	0.8
3283	10
3284	1.5
3285	14.6
3286	187.6
3287	9.2
3288	17.7
3289	7.7
3290	2.8
3291	25.9
3292	5.5
3293	9.1
3294	4.1
3295	1.5
3296	4.1
3297	74.1
3298	7.3
3299	2.6
3300	16.9
3301	3
3302	5.2
3303	16.7
3304	4.4
3305	14.9
3306	1.7
3307	7.5
3308	14.1
3309	13.6
3310	12.2
3311	1.7
3312	8.3
3313	15.1
3314	12.2
3315	1.6
3316	41
3317	1
3318	30
3319	2
3320	33.7
3321	5.5
3322	1.1
3323	4.7
3324	5.7
3325	2.2
3326	8.2
3327	8.5
3328	2.2
3329	10.6
3330	5.1
3331	12.6
3332	15.5
3333	1.7
3334	2.8
3335	10.5
3336	2
3337	2.6
3338	22.6
3339	5
3340	1.2
3341	19.6
3342	1.2
3343	4.3
3344	4.3
3345	1.4
3346	5.9
3347	7.9
3348	0.9
3349	0.7
3350	9.5
3351	1.8
3352	17.6
3353	55.2
3354	2.2
3355	9.1
3356	3.7
3357	1.4
3358	1.9
3359	2
3360	16.3
3361	3.7
3362	0.6
3363	10.4
3364	2
3365	5.9
3366	45
3367	1.7
3368	2.8
3369	2.5
3370	3.5
3371	2
3372	3.6
3373	1.9
3374	43.3
3375	0.6
3376	6.1
3377	0.8
3378	0.6
3379	4.2
3380	33.2
3381	2.4
3382	0.4
3383	3.6
3384	17.5
3385	13.9
3386	3.2
3387	2
3388	0.4
3389	12.6
3390	8.7
3391	3.2
3392	1.2
3393	1
3394	3.9
3395	4.4
3396	6.8
3397	3.2
3398	2.5
3399	1.8
3400	332.5
3401	114.4
3402	254.6
3403	1117.3
3404	859.1
3405	797.8
3406	459
3407	2090.4
3408	235.7
3409	2144.3
3410	0
3411	0
3412	101.4
3413	309.2
3414	204.5
3415	116.8
3416	27
3417	108
3418	142.9
3419	1463.9
3420	2039.1
3421	4068.7
3422	86.8
3423	720.8
3424	44.6
3425	283.3
3426	904.4
3427	6.1
3428	24.8
3429	74.6
3430	12.3
3431	368.5
3432	589.5
3433	79.4
3434	102.1
3435	29441.9
3436	1381.1
3437	146.7
3438	29441.7
3439	29442.3
3440	152.4
3441	803.9
3442	25303.3
3443	417
3444	121.6
3445	29442.4
3446	29444.6
3447	29441.1
3448	3.1
3449	38.5
3450	29443.8
3451	845
3452	218.3
3453	44.2
3454	465.8
3455	70.7
3456	2295.2
3457	379.7
3458	156.5
3459	21.3
3460	279.7
3461	12464.4
3462	603
3463	2645.1
3464	1131.6
3465	7.4
3466	38.7
3467	18.9
3468	9293
3469	32.4
3470	3821.1
3471	116.6
3472	57.1
3473	293
3474	1114.1
3475	12038.1
3476	0
3477	81.2
3478	22.5
3479	12038.1
3480	4179
3481	105.6
3482	875
3483	34.9
3484	4066.6
3485	73.6
3486	0
3487	243
3488	67.2
3489	3667
3490	3596.9
3491	0
3492	65.3
3493	3369.3
3494	186.2
3495	189
3496	342
3497	3161.1
3498	2823.4
3499	603.2
3500	2752.6
3501	320.7
3502	13.4
3503	12038.1
3504	12036.2
3505	221
3506	1447.2
3507	12036.2
3508	2.3
3509	254.3
3510	12018.1
3511	1262.2
3512	83.1
3513	163.2
3514	12018.1
3515	1031.8
3516	11890.3
3517	59.6
3518	4730.6
3519	134.4
3520	14.5
3521	6723.7
3522	333
3523	6655.3
3524	67.1
3525	6640.8
3526	15.8
3527	6527.9
3528	2291.4
3529	147.9
3530	64.8
3531	860.6
3532	11.3
3533	6376.3
3534	6305.1
3535	333.3
3536	2476.4
3537	23.9
3538	1
3539	566.9
3540	398.6
3541	3407.1
3542	2242.4
3543	3318.9
3544	150.7
3545	125.8
3546	84.7
3547	1826.6
3548	1585.6
3549	229.4
3550	388.1
3551	575.3
3552	1755.3
3553	1659.9
3554	627.7
3555	1068.3
3556	887.5
3557	22.1
3558	728.4
3559	259.9
3560	511.7
3561	6251.5
3562	347.6
3563	2445.6
3564	476.5
3565	472.5
3566	39.2
3567	2346.7
3568	4033.2
3569	431.9
3570	1197.1
3571	704.7
3572	291.6
3573	332.1
3574	410
3575	247.1
3576	1099.8
3577	1263.3
3578	627.1
3579	356.5
3580	110.7
3581	14.3
3582	301.9
3583	172.8
3584	430.8
3585	40.9
3586	254.4
3587	16.6
3588	23.4
3589	11
3590	49.6
3591	63.6
3592	21.8
3593	4.5
3594	11.5
