"COMID"	"Value"
1	4.1
2	12.9
3	0.3
4	0.1
5	0.9
6	0
7	1.9
8	1.2
9	8.7
10	0
11	0.2
12	6.3
13	0
14	8.3
15	0.6
16	1.7
17	5.2
18	2
19	0.3
20	4.7
21	0.7
22	0.4
23	0
24	0.5
25	0.6
26	0.4
27	0.4
28	0.4
29	0.4
30	0
31	16.4
32	0.1
33	0.8
34	7.7
35	0
36	1.4
37	11
38	0
39	3.1
40	5.4
41	6.7
42	0.6
43	7.6
44	0.1
45	13.3
46	46
47	0.8
48	1.2
49	1.7
50	18
51	1.1
52	5.1
53	0.7
54	0.8
55	1
56	15.1
57	6.7
58	10.5
59	3.8
60	9.8
61	0.5
62	0.5
63	0.5
64	18.2
65	1.3
66	1.6
67	4.9
68	0.3
69	0.7
70	0.1
71	2.1
72	1.3
73	0.7
74	0.3
75	0.3
76	0.1
77	0
78	0.1
79	2.4
80	0.1
81	0
82	0
83	15.6
84	0
85	0.4
86	0.2
87	0.6
88	2.6
89	0.1
90	0.7
91	1.3
92	2.5
93	1.3
94	2.7
95	1.2
96	2
97	6.4
98	2.1
99	0.1
100	2.4
101	0.2
102	0.4
103	0.8
104	1.8
105	0.6
106	0.6
107	0.2
108	0
109	0.7
110	3
111	0
112	0.4
113	20.1
114	0.5
115	0.5
116	0.3
117	0.1
118	0.8
119	0
120	0.3
121	0
122	3.8
123	1.8
124	0.5
125	0.4
126	1.7
127	0.2
128	0.3
129	1
130	0.8
131	3.3
132	0.1
133	0.1
134	4
135	1.5
136	0.5
137	0.5
138	0.5
139	0.2
140	0.4
141	0.9
142	0.2
143	0
144	0.3
145	20.8
146	0.5
147	0.6
148	0.6
149	0.3
150	1.3
151	0
152	1.2
153	0.1
154	2.8
155	0
156	1.3
157	0.9
158	0.8
159	2
160	2
161	1.2
162	0.1
163	0
164	0.1
165	0
166	0.1
167	0.2
168	0
169	0.1
170	0.6
171	0.5
172	0.2
173	0.1
174	43.7
175	0
176	1.1
177	1.8
178	3.3
179	0.4
180	0.2
181	0
182	6.6
183	0
184	0.2
185	0.3
186	1.4
187	0.1
188	0.1
189	0.1
190	0.3
191	0.2
192	0.2
193	8.5
194	0.9
195	0
196	0.4
197	1.2
198	0.3
199	0.3
200	21.3
201	21.6
202	0.1
203	0.1
204	10.2
205	1.3
206	1.2
207	1.6
208	0.6
209	0.4
210	0.3
211	0.5
212	0.3
213	1
214	0.1
215	0.3
216	1.6
217	0.1
218	0.1
219	0.1
220	12.1
221	0
222	0.1
223	3.8
224	0
225	5.5
226	0
227	1.2
228	0.7
229	0.4
230	5.8
231	0.8
232	0.1
233	1.3
234	5.3
235	5.8
236	0.2
237	0.2
238	0.3
239	0
240	0.4
241	0
242	1.2
243	0
244	0.5
245	0.4
246	0.3
247	0
248	0
249	1.2
250	0.5
251	0
252	1.2
253	0.2
254	0
255	0
256	0
257	0
258	0
259	0
260	0
261	0.1
262	0
263	0
264	0
265	0
266	0.1
267	0.7
268	1
269	1.3
270	0
271	0.3
272	0
273	0.3
274	5.3
275	0
276	0
277	0.2
278	0
279	6
280	0
281	0
282	0.4
283	0.2
284	0.2
285	0
286	0
287	1
288	0.1
289	0.3
290	0.4
291	4.6
292	0.2
293	5.3
294	4.1
295	0.1
296	1.2
297	0.3
298	0
299	0
300	1.4
301	0.2
302	1.3
303	0.5
304	0.1
305	0.6
306	0.3
307	2
308	0.1
309	0.4
310	0.5
311	0.3
312	2.7
313	0.5
314	1.8
315	0.4
316	0.7
317	0
318	0.8
319	0
320	0.4
321	1.2
322	0.3
323	0.4
324	0.1
325	0
326	0.7
327	0.1
328	0.3
329	1.2
330	0
331	2.3
332	0.1
333	2.4
334	0.3
335	0.1
336	0.4
337	0
338	2.5
339	1.7
340	0.1
341	3
342	5.3
343	1.7
344	5.3
345	0.3
346	0
347	0.1
348	0.3
349	0.3
350	0.3
351	0.3
352	0.4
353	0.1
354	0.4
355	0
356	0.3
357	0.3
358	0.7
359	0
360	0.2
361	0.7
362	0.2
363	0.2
364	0.3
365	0.2
366	1.2
367	5.3
368	1.8
369	0
370	0.1
371	0.3
372	7.1
373	0.4
374	5.6
375	0.7
376	1
377	0.1
378	3.1
379	0
380	0.1
381	0
382	0
383	3.8
384	46
385	0
386	5.6
387	10.2
388	4.2
389	3.9
390	11.8
391	4.9
392	3.2
393	0
394	1
395	0
396	0
397	5.6
398	24
399	0.1
400	22.5
401	0.1
402	0
403	0
404	0
405	5.5
406	0.9
407	0.1
408	0
409	0
410	9.2
411	0.1
412	0
413	0.9
414	0
415	0
416	0.1
417	0
418	0
419	3.5
420	0
421	0.3
422	0
423	1.1
424	2.9
425	0.8
426	0.3
427	3.1
428	0.6
429	0.1
430	1.6
431	0
432	0.6
433	10.9
434	5.9
435	0.6
436	12
437	12.1
438	9
439	0
440	0.1
441	5.9
442	15.6
443	0.7
444	0.5
445	7
446	7.8
447	1.8
448	1.2
449	1.6
450	0.6
451	0
452	5.6
453	12.2
454	7.4
455	7
456	5.5
457	0.4
458	1.8
459	2.4
460	0.4
461	4.9
462	0.5
463	38.1
464	19.9
465	2.6
466	0.5
467	1.3
468	20.9
469	0.6
470	10.2
471	8.3
472	0.1
473	5.1
474	10.7
475	6
476	6
477	1
478	2.7
479	9.1
480	0.1
481	0
482	0.5
483	1.9
484	2.3
485	9.8
486	0
487	0.5
488	2.8
489	0
490	2.9
491	1.8
492	0.9
493	2.9
494	0.8
495	0
496	0
497	0.5
498	1.6
499	0
500	0.3
501	0.3
502	1.1
503	0.9
504	1.2
505	0.6
506	1.7
507	1
508	4.6
509	4.1
510	0.4
511	2.9
512	1.2
513	0
514	0.3
515	0
516	1.3
517	2.1
518	0.4
519	0.8
520	0
521	1.4
522	0.8
523	0
524	0.7
525	0.5
526	7.3
527	0.3
528	7.8
529	0.7
530	2.5
531	1.9
532	0.4
533	0.3
534	2
535	5.7
536	0.1
537	0
538	0
539	0.1
540	0.6
541	15.7
542	2.2
543	1
544	0.5
545	0.5
546	1.5
547	0.2
548	0
549	0
550	3.1
551	18.2
552	0.3
553	0.3
554	0.5
555	4.6
556	0.2
557	0.5
558	0
559	1.2
560	1.3
561	0.1
562	1.7
563	0
564	21
565	0.8
566	1.4
567	1
568	4.8
569	2
570	0
571	0.1
572	40.5
573	3.6
574	0.2
575	1
576	40.5
577	0
578	0.8
579	1.1
580	34.1
581	61.5
582	1.7
583	4.7
584	3.5
585	0
586	0.3
587	2.2
588	2.3
589	5.6
590	0
591	0.1
592	0.5
593	32.9
594	0.9
595	2
596	0.6
597	61.5
598	6.8
599	1.4
600	0.4
601	1.8
602	0
603	0
604	2.1
605	0
606	0.1
607	8.6
608	1.1
609	0
610	1.6
611	0.2
612	0
613	0
614	0.7
615	0
616	0
617	29.7
618	29.7
619	3.9
620	3.9
621	0.1
622	0.9
623	1.8
624	0.9
625	10.7
626	0.5
627	27
628	0.8
629	0.9
630	1.8
631	1.5
632	29.7
633	1
634	0
635	1.2
636	0.8
637	1.8
638	7.1
639	41.4
640	0
641	16.6
642	0
643	2.1
644	0
645	0
646	0.6
647	12.9
648	0
649	0.3
650	0.7
651	1.8
652	0.6
653	0
654	1.4
655	0
656	2.9
657	1.9
658	0.1
659	0.3
660	0
661	0.2
662	0.8
663	0.8
664	11.4
665	3.8
666	12.9
667	41.5
668	16.9
669	0.3
670	2.4
671	14.1
672	9.7
673	0.8
674	0
675	1.3
676	6.1
677	14.1
678	1
679	0.8
680	0
681	2.8
682	3.5
683	11.2
684	1.1
685	9.5
686	1.7
687	0
688	0.9
689	17.2
690	0.8
691	45.4
692	5.4
693	1
694	0
695	45.7
696	1.9
697	3.7
698	0.6
699	0.8
700	0.8
701	0.2
702	1.1
703	2.4
704	0.4
705	0.7
706	1
707	1.2
708	3.1
709	1.2
710	4.4
711	0
712	0
713	0.2
714	1
715	10.6
716	0
717	11.7
718	0.8
719	0.3
720	4.3
721	4.5
722	0.4
723	0.7
724	1.5
725	23.5
726	0
727	0
728	0.8
729	45.9
730	3.6
731	0.4
732	0
733	0.6
734	1.2
735	0
736	2.8
737	0.9
738	1.7
739	2.5
740	2.4
741	0.3
742	0.2
743	0.2
744	0
745	0
746	0.5
747	1.1
748	0
749	1.1
750	1.5
751	9.2
752	0.2
753	2.1
754	2.6
755	0.3
756	1.3
757	2.3
758	0.2
759	1.2
760	1.8
761	0.7
762	0.4
763	0.1
764	3.6
765	8.7
766	0
767	0.1
768	0.2
769	1.7
770	0.4
771	0.3
772	0.1
773	2.7
774	3.7
775	0.1
776	1
777	3.7
778	4.7
779	0
780	1.3
781	16.2
782	85
783	21.4
784	24.7
785	47.6
786	112.1
787	32.9
788	37.7
789	39.7
790	79.7
791	33.3
792	27.1
793	350
794	24.9
795	59.4
796	9.9
797	29.3
798	11.7
799	52.2
800	21.1
801	366.4
802	413.4
803	107.5
804	42.5
805	436
806	349.6
807	21.1
808	404.6
809	56.3
810	51
811	471.8
812	211
813	377.4
814	12.9
815	15
816	946.9
817	19.3
818	21.6
819	169.7
820	445.6
821	12.8
822	20.9
823	934.8
824	234.2
825	13.1
826	43.7
827	23.9
828	27
829	982.2
830	29.7
831	1085.7
832	274.6
833	89.2
834	71
835	80.5
836	73.8
837	15.7
838	74.6
839	13.6
840	41.7
841	124.8
842	1216.4
843	4
844	23.7
845	516.5
846	25
847	378
848	20.7
849	51.7
850	132.1
851	26.7
852	35.7
853	7
854	22.9
855	27.9
856	22.3
857	15
858	17.3
859	534.5
860	24.7
861	68.3
862	2.3
863	603.6
864	11.3
865	96.8
866	1293.7
867	21.6
868	36.4
869	697.7
870	3.5
871	547.9
872	16.3
873	0.9
874	665.2
875	26.3
876	13.3
877	8
878	11.3
879	43.6
880	586.7
881	80.4
882	18
883	10.2
884	10.3
885	47.5
886	0.8
887	1341.4
888	21.4
889	79.2
890	93.4
891	143.7
892	37.7
893	53.2
894	1
895	76.5
896	26.3
897	11
898	743.9
899	20.3
900	78
901	678.4
902	11.1
903	20.9
904	38
905	14.5
906	30.7
907	70.7
908	1377
909	28.6
910	0
911	7.6
912	176.8
913	17.9
914	211.6
915	0
916	926.6
917	17.7
918	26
919	14.1
920	22.1
921	12.4
922	37.8
923	2.9
924	695.2
925	9
926	28.3
927	6.5
928	0.7
929	1594.9
930	61.7
931	6.7
932	1.2
933	14
934	0
935	25.8
936	81.1
937	14.8
938	49.1
939	16.2
940	1680.3
941	32.9
942	109.3
943	0
944	74
945	18.9
946	116.5
947	0
948	1121.5
949	15.1
950	18.1
951	21.8
952	1668.9
953	24.7
954	0.7
955	42.4
956	183
957	10.2
958	23.2
959	1695.5
960	60.2
961	26.9
962	23.2
963	11.7
964	0
965	40.1
966	195
967	0
968	1709.5
969	11.4
970	10.3
971	59.9
972	31.7
973	13.6
974	1727.8
975	43.8
976	30.9
977	17.5
978	26.8
979	15.4
980	235.5
981	106.2
982	44.6
983	56.1
984	8.3
985	42.2
986	11.5
987	30.6
988	15.3
989	66
990	0
991	30.6
992	0
993	44.9
994	11.1
995	36.6
996	230.3
997	20.5
998	31.4
999	27.9
1000	0
1001	0.8
1002	20.2
1003	0
1004	273.8
1005	69.3
1006	22.5
1007	0
1008	0.5
1009	0
1010	146.7
1011	44
1012	20.9
1013	33.1
1014	13
1015	0.4
1016	0
1017	65.8
1018	32.2
1019	0.7
1020	49.6
1021	162.8
1022	15.2
1023	72.9
1024	25.3
1025	220.9
1026	44.5
1027	43.2
1028	355.3
1029	34
1030	0
1031	0
1032	0
1033	0
1034	61.4
1035	0
1036	925.9
1037	1802.9
1038	30.6
1039	282.4
1040	38.8
1041	20.4
1042	0.7
1043	0
1044	241.4
1045	0.8
1046	1.4
1047	70
1048	401.3
1049	19.8
1050	0
1051	1017.7
1052	594.7
1053	35.8
1054	1994.4
1055	505.7
1056	89.9
1057	0
1058	1208.4
1059	0
1060	38.5
1061	0
1062	32
1063	28.1
1064	0
1065	2045.3
1066	19.1
1067	0
1068	0
1069	0
1070	17
1071	9.9
1072	0
1073	0
1074	42.9
1075	0
1076	19.8
1077	0
1078	141.9
1079	2193.7
1080	2.7
1081	0
1082	42.5
1083	0
1084	47.6
1085	31.2
1086	175.5
1087	0
1088	0
1089	0.5
1090	2154.4
1091	29.2
1092	0
1093	0.7
1094	0
1095	0.8
1096	0.5
1097	18
1098	0.4
1099	0
1100	0
1101	0
1102	1289.6
1103	0
1104	42.9
1105	0.5
1106	1.7
1107	0
1108	0.4
1109	2200.2
1110	0
1111	0
1112	246.7
1113	36.8
1114	36.1
1115	0.7
1116	0.6
1117	161.3
1118	1.1
1119	42.9
1120	0.5
1121	0.2
1122	2.1
1123	2.6
1124	15.5
1125	46.7
1126	22.5
1127	45.6
1128	470.2
1129	102.2
1130	0.9
1131	0
1132	112.5
1133	216.9
1134	2328.9
1135	2215.7
1136	0
1137	0.5
1138	2.7
1139	45.2
1140	1475.7
1141	0.5
1142	0
1143	19.7
1144	3.7
1145	0.5
1146	0.2
1147	2412.5
1148	29.1
1149	2406.5
1150	45.5
1151	2412.8
1152	551.3
1153	574.5
1154	0
1155	0
1156	15.1
1157	46.2
1158	189.5
1159	36.7
1160	0.6
1161	0
1162	0.4
1163	1.8
1164	18.9
1165	2251.8
1166	43.6
1167	17.1
1168	128.3
1169	33.5
1170	17.1
1171	2337
1172	55.8
1173	1.7
1174	28.1
1175	1.1
1176	13.6
1177	0
1178	0.5
1179	15.8
1180	4.1
1181	2336.1
1182	2416.9
1183	0
1184	3762.2
1185	25.9
1186	592.6
1187	2358
1188	2418.1
1189	2337.2
1190	2359.2
1191	27
1192	2418.7
1193	19.8
1194	2412.2
1195	15.9
1196	2358.3
1197	3951.7
1198	0
1199	26.1
1200	5.8
1201	2411.1
1202	5.8
1203	3951.7
1204	2340.9
1205	0.2
1206	0
1207	2334.1
1208	0
1209	2410
1210	52.4
1211	49.3
1212	0
1213	15.4
1214	639.6
1215	2338.4
1216	11.7
1217	2.2
1218	0
1219	0
1220	17.5
1221	2417.8
1222	2416.9
1223	0.5
1224	2418.3
1225	19.3
1226	25.6
1227	6.6
1228	0.5
1229	2338.1
1230	16.5
1231	0
1232	34.8
1233	0.3
1234	6.5
1235	0.5
1236	0
1237	98.4
1238	21
1239	0
1240	2419.1
1241	243.3
1242	62.3
1243	1.6
1244	2419.5
1245	52.8
1246	20.3
1247	66.8
1248	45.8
1249	65
1250	7.2
1251	0.6
1252	3951.7
1253	2434.1
1254	9.9
1255	0
1256	23.7
1257	9.1
1258	0.5
1259	0
1260	10.7
1261	13.9
1262	0
1263	1.2
1264	10.4
1265	9.7
1266	725.4
1267	3951.7
1268	24.6
1269	4.6
1270	114.5
1271	0.4
1272	2434.2
1273	8.2
1274	24.1
1275	2433.3
1276	23.7
1277	18.3
1278	150.5
1279	3.2
1280	74.7
1281	6.4
1282	0
1283	17.5
1284	37.6
1285	9.3
1286	23.9
1287	2.1
1288	3.5
1289	105.1
1290	2.2
1291	46.4
1292	1.3
1293	3.1
1294	16.8
1295	12.4
1296	0.1
1297	16.4
1298	740
1299	13.7
1300	7.2
1301	0
1302	2.7
1303	12.9
1304	3
1305	27.6
1306	0
1307	319.6
1308	1.9
1309	0
1310	170
1311	13.9
1312	14.5
1313	1.2
1314	33
1315	74.7
1316	9.6
1317	6.8
1318	0.7
1319	50.7
1320	15.8
1321	0
1322	3951.7
1323	0
1324	1.3
1325	132.2
1326	0
1327	0
1328	330.7
1329	10.5
1330	65.8
1331	18.8
1332	8.3
1333	19.6
1334	136.8
1335	1
1336	34.7
1337	0
1338	0
1339	0.4
1340	10
1341	33.6
1342	337.3
1343	0
1344	0
1345	0.2
1346	74.7
1347	236.4
1348	17.5
1349	0.3
1350	3951.7
1351	10.9
1352	2.8
1353	316.7
1354	0.1
1355	31.7
1356	4.4
1357	10.8
1358	23
1359	0.9
1360	0.1
1361	0.6
1362	17.7
1363	74.7
1364	0.1
1365	93.1
1366	0
1367	74.7
1368	8.5
1369	0
1370	1.3
1371	0.1
1372	3.5
1373	173.5
1374	2.4
1375	82.2
1376	2.8
1377	4.8
1378	0.5
1379	0.4
1380	37.8
1381	74.7
1382	33.9
1383	0.1
1384	4.4
1385	3.6
1386	11.7
1387	0.2
1388	0.1
1389	0
1390	14.1
1391	740.6
1392	25.1
1393	0
1394	0
1395	45.4
1396	0
1397	18.6
1398	0
1399	74.7
1400	6
1401	0
1402	0.1
1403	443
1404	2
1405	2.6
1406	0
1407	74.7
1408	0.1
1409	901.7
1410	0.2
1411	212.1
1412	0.2
1413	53.4
1414	3
1415	20.4
1416	149.8
1417	0.1
1418	16
1419	0
1420	4.4
1421	0
1422	0.1
1423	11.3
1424	191.1
1425	0.1
1426	185.3
1427	0.3
1428	0
1429	0
1430	23.5
1431	477.9
1432	0
1433	20.6
1434	4026.6
1435	51.5
1436	3951.7
1437	191.1
1438	0.3
1439	0.4
1440	10.9
1441	13.4
1442	18112.6
1443	28.2
1444	0
1445	0
1446	1376.7
1447	0.2
1448	59.5
1449	74.7
1450	0.1
1451	18112.6
1452	4026.4
1453	60.8
1454	11.3
1455	0
1456	14086
1457	548.4
1458	7.9
1459	0.7
1460	0
1461	176.3
1462	18113.3
1463	0
1464	0
1465	0
1466	21.8
1467	0
1468	18113
1469	13.1
1470	1327.7
1471	0
1472	18112.6
1473	901.2
1474	2.8
1475	29.5
1476	18113
1477	0
1478	20.2
1479	199
1480	0
1481	94.2
1482	10.5
1483	0
1484	14085.5
1485	6.1
1486	0
1487	0
1488	57.6
1489	65.4
1490	0.3
1491	8.4
1492	9.7
1493	1426.9
1494	19.5
1495	213.1
1496	242.4
1497	219.2
1498	0
1499	29.8
1500	1500.4
1501	16
1502	69.9
1503	0.5
1504	256
1505	25.6
1506	17.8
1507	0
1508	0.2
1509	3.6
1510	0.4
1511	14080.5
1512	0
1513	73.4
1514	0
1515	0
1516	0
1517	1513.2
1518	0
1519	13.7
1520	3
1521	0
1522	0
1523	0
1524	256
1525	0
1526	0
1527	48.5
1528	0
1529	16.2
1530	42.6
1531	0.1
1532	0.8
1533	0.1
1534	18.5
1535	2.8
1536	15.8
1537	0
1538	2.8
1539	3.1
1540	0
1541	18113.3
1542	0
1543	31.5
1544	0
1545	0
1546	6.8
1547	11.3
1548	18113.3
1549	0
1550	0
1551	269.7
1552	548.1
1553	36.7
1554	22.4
1555	13
1556	23.2
1557	0.1
1558	0
1559	49.4
1560	1514.6
1561	0
1562	0
1563	3.3
1564	0
1565	74.6
1566	3.2
1567	18113.3
1568	0
1569	14
1570	12.1
1571	0
1572	0
1573	88.2
1574	0
1575	18.2
1576	14080.4
1577	14.1
1578	0
1579	0
1580	680.8
1581	707.6
1582	20.7
1583	7.5
1584	3
1585	52.7
1586	20.5
1587	0
1588	1572.2
1589	0.1
1590	0.2
1591	18113.3
1592	1533
1593	0.1
1594	29.5
1595	44.4
1596	1053
1597	18113.3
1598	51.6
1599	1041.5
1600	15
1601	17.9
1602	15.8
1603	51.9
1604	6.8
1605	0.6
1606	0
1607	0
1608	27.6
1609	0
1610	8.4
1611	3.4
1612	47.2
1613	1053
1614	113.6
1615	13999.6
1616	20
1617	0
1618	21
1619	1572.3
1620	13909.3
1621	786.4
1622	9.2
1623	0
1624	22.5
1625	21
1626	116.8
1627	0
1628	23.2
1629	18113.3
1630	27.1
1631	4.9
1632	77
1633	0
1634	175.7
1635	138.2
1636	1111
1637	40.6
1638	6.6
1639	1.3
1640	0
1641	30.9
1642	41
1643	13.5
1644	0.1
1645	35.1
1646	34.2
1647	18113.3
1648	0.7
1649	0.3
1650	0.1
1651	84.7
1652	7.1
1653	0.1
1654	13787.3
1655	45.7
1656	19.5
1657	62.5
1658	1167.3
1659	39.1
1660	40
1661	0.4
1662	0
1663	95.9
1664	0.6
1665	0.2
1666	87.6
1667	27.9
1668	63.1
1669	37
1670	2405.3
1671	16
1672	13773.5
1673	64.2
1674	27.7
1675	169.2
1676	0.5
1677	0.7
1678	8.2
1679	493
1680	21
1681	567.8
1682	755.3
1683	49.6
1684	20.6
1685	33.1
1686	6.4
1687	493
1688	123.6
1689	0.6
1690	43.7
1691	0.5
1692	3551.4
1693	10155.1
1694	47.9
1695	22.5
1696	2427
1697	7652.5
1698	755.3
1699	4.7
1700	5.5
1701	3506.4
1702	7617.7
1703	580.5
1704	2427
1705	0.2
1706	25.6
1707	755.4
1708	755.6
1709	18.5
1710	3.6
1711	5.7
1712	344.1
1713	3490.5
1714	111.4
1715	30.6
1716	53
1717	11.5
1718	69.3
1719	15.1
1720	13.2
1721	10219.3
1722	37.3
1723	548.1
1724	53
1725	1163.2
1726	11.9
1727	18.3
1728	358.4
1729	0.3
1730	60.1
1731	4.5
1732	380.9
1733	52.7
1734	7747.6
1735	13.1
1736	755.4
1737	8.6
1738	7.4
1739	715.3
1740	0
1741	0.4
1742	0.2
1743	166.4
1744	15
1745	104.3
1746	2440.1
1747	588.7
1748	37.2
1749	8.7
1750	12.1
1751	2448.5
1752	2460.4
1753	24.9
1754	129.4
1755	9.6
1756	1033.8
1757	43
1758	6.1
1759	208.7
1760	701.2
1761	57.9
1762	7.2
1763	21.8
1764	13.3
1765	1.1
1766	32.7
1767	2826.6
1768	0
1769	3099.5
1770	69.3
1771	7.9
1772	0
1773	9.4
1774	445
1775	0
1776	12.1
1777	6951.6
1778	0.2
1779	0.5
1780	0.1
1781	3036.3
1782	206.4
1783	3183
1784	616.2
1785	3423.6
1786	8.2
1787	94.7
1788	11.7
1789	6.4
1790	0.1
1791	5.7
1792	164.2
1793	684
1794	43.7
1795	3378.8
1796	3547.3
1797	25.3
1798	15.2
1799	0
1800	18.2
1801	8.4
1802	10.2
1803	0
1804	636
1805	0.7
1806	44.9
1807	64
1808	636
1809	29.6
1810	26.8
1811	6388.2
1812	0
1813	9
1814	45.5
1815	4344
1816	13.6
1817	10.4
1818	4338
1819	29.9
1820	16.7
1821	8.2
1822	30.5
1823	7.6
1824	0
1825	81.5
1826	62.1
1827	2029.1
1828	6374.4
1829	158.1
1830	0
1831	636
1832	0
1833	20.2
1834	0
1835	3351.7
1836	3331.6
1837	0
1838	0
1839	11.8
1840	59.3
1841	555.3
1842	714.6
1843	57.5
1844	6379.7
1845	18.9
1846	0
1847	624.2
1848	9.6
1849	80.7
1850	13.7
1851	31.7
1852	125.7
1853	24.2
1854	155.6
1855	10.1
1856	244.7
1857	0
1858	28.6
1859	42.5
1860	671.8
1861	0
1862	14.1
1863	3272.5
1864	12.7
1865	6.8
1866	15.6
1867	3281.5
1868	55.6
1869	13.8
1870	92.7
1871	20.5
1872	307.7
1873	203
1874	57.8
1875	3272.5
1876	48.5
1877	0
1878	3272.5
1879	38.7
1880	31.1
1881	20.2
1882	0
1883	13
1884	10.5
1885	17.9
1886	11.7
1887	0
1888	7.5
1889	0
1890	31.1
1891	100.8
1892	16.6
1893	7.5
1894	10.5
1895	42.5
1896	10.3
1897	26
1898	43.8
1899	287
1900	0
1901	10.7
1902	10.1
1903	6.9
1904	9.3
1905	2027.7
1906	0
1907	0
1908	570.7
1909	5.5
1910	103
1911	11.9
1912	14.2
1913	0
1914	26.9
1915	0
1916	100
1917	11.2
1918	8
1919	0
1920	3272.5
1921	6.9
1922	0
1923	0
1924	3272.5
1925	10.1
1926	57.6
1927	25.4
1928	1859
1929	0
1930	0
1931	0
1932	30
1933	11.1
1934	8.2
1935	0
1936	6.7
1937	3272.5
1938	44
1939	24.2
1940	0
1941	237
1942	22.8
1943	3272.5
1944	12
1945	0
1946	0
1947	0
1948	352.5
1949	10.9
1950	28.1
1951	0
1952	2.9
1953	73.7
1954	3272.5
1955	2.4
1956	13.4
1957	22.8
1958	0
1959	3.8
1960	1804.5
1961	15.3
1962	39.6
1963	0
1964	0
1965	0
1966	4
1967	350.1
1968	4.2
1969	0
1970	133.2
1971	0
1972	0
1973	3272.5
1974	147.5
1975	82.8
1976	1.3
1977	352.5
1978	31.5
1979	21.5
1980	0
1981	1776.9
1982	4.8
1983	0
1984	0
1985	51.4
1986	3.5
1987	15.1
1988	46.9
1989	148.7
1990	41.3
1991	0
1992	0
1993	4.7
1994	12.5
1995	1507
1996	0
1997	3.2
1998	47.1
1999	0
2000	70.8
2001	37.8
2002	1.7
2003	2.5
2004	3272.5
2005	0
2006	5.8
2007	0
2008	350.1
2009	0
2010	51
2011	106.5
2012	0
2013	63.3
2014	63
2015	4.5
2016	0
2017	0
2018	2.1
2019	3272.5
2020	0
2021	194.8
2022	178.5
2023	14.1
2024	51.5
2025	33.4
2026	0
2027	2.9
2028	19.4
2029	195.8
2030	0
2031	4.2
2032	0.3
2033	0
2034	0
2035	27.9
2036	6
2037	24.2
2038	37.8
2039	0
2040	0
2041	5.3
2042	3.6
2043	41.5
2044	9.3
2045	0
2046	3272.5
2047	2.6
2048	0
2049	0
2050	77.7
2051	2.2
2052	0
2053	14.8
2054	8.8
2055	2.4
2056	156.6
2057	11.2
2058	7.4
2059	0
2060	176
2061	0.3
2062	1589.1
2063	0
2064	4.2
2065	0
2066	0
2067	2.9
2068	0
2069	9.3
2070	2.1
2071	3.5
2072	0
2073	4.5
2074	9.1
2075	0
2076	8.6
2077	0
2078	6.8
2079	0
2080	0
2081	7.6
2082	0
2083	1.9
2084	1296.4
2085	0
2086	7.2
2087	0
2088	37.7
2089	4.7
2090	14.4
2091	6
2092	9.8
2093	7.3
2094	0
2095	1.8
2096	0
2097	169.8
2098	13.6
2099	14.3
2100	18.4
2101	0
2102	31.6
2103	3272.5
2104	3272.5
2105	0
2106	0
2107	0
2108	18.8
2109	0
2110	0
2111	0
2112	22.8
2113	1283.9
2114	0
2115	11.3
2116	5.6
2117	6
2118	85.9
2119	1169.8
2120	9.5
2121	1.2
2122	37.4
2123	0
2124	21.2
2125	3.9
2126	0
2127	154
2128	0
2129	3272.5
2130	0
2131	15.3
2132	7.7
2133	0
2134	0
2135	1169.2
2136	16.4
2137	7.7
2138	3.6
2139	11.6
2140	3272.5
2141	35.6
2142	24.8
2143	0
2144	0
2145	19.2
2146	1.5
2147	9.2
2148	20.6
2149	0
2150	34
2151	0
2152	17.8
2153	124.3
2154	14.1
2155	0
2156	0
2157	0
2158	2.5
2159	2.2
2160	151.7
2161	0
2162	0
2163	24.1
2164	0
2165	2.1
2166	3272.5
2167	0
2168	0
2169	38.7
2170	0
2171	0
2172	0
2173	47.4
2174	0
2175	0.3
2176	0
2177	235.1
2178	4
2179	0
2180	3.4
2181	47.9
2182	0
2183	0
2184	0
2185	12.2
2186	0.3
2187	1.7
2188	3272.5
2189	0
2190	144.6
2191	0
2192	0
2193	0
2194	26.1
2195	2.6
2196	0
2197	8.1
2198	3272.5
2199	235.1
2200	0
2201	0.6
2202	3.7
2203	0
2204	3272.5
2205	0
2206	136.6
2207	2
2208	1.1
2209	0
2210	44.7
2211	0
2212	3.8
2213	358.7
2214	0
2215	5.2
2216	112.6
2217	0
2218	0
2219	23.1
2220	7.2
2221	0
2222	64.1
2223	0
2224	0
2225	119.6
2226	23.7
2227	41.3
2228	0
2229	0
2230	4.1
2231	0
2232	932.6
2233	0
2234	12.2
2235	0
2236	0
2237	0
2238	0
2239	104.2
2240	0
2241	4.4
2242	0
2243	0
2244	0
2245	6.8
2246	0
2247	0
2248	13.8
2249	41.4
2250	3272.5
2251	1.9
2252	537
2253	0
2254	1.3
2255	0
2256	13.3
2257	9.2
2258	0
2259	500.9
2260	0
2261	0
2262	0
2263	8.3
2264	29.9
2265	476.1
2266	0
2267	0
2268	43.2
2269	102.1
2270	0
2271	9.3
2272	0
2273	8.1
2274	0
2275	19.1
2276	2.2
2277	0
2278	0
2279	3272.5
2280	0
2281	0
2282	471.2
2283	2.3
2284	0
2285	449.3
2286	34
2287	7.3
2288	11.9
2289	0
2290	0
2291	3272.5
2292	442.4
2293	94.1
2294	94.1
2295	7.8
2296	6.5
2297	13.2
2298	0
2299	1.3
2300	0
2301	0
2302	0
2303	0
2304	0
2305	3272.5
2306	349.9
2307	38.9
2308	0
2309	5.8
2310	35.2
2311	0
2312	0
2313	0.7
2314	0
2315	0
2316	3271.8
2317	10.1
2318	3271.8
2319	0.7
2320	12.8
2321	14.8
2322	0
2323	0
2324	26.2
2325	28.8
2326	2.8
2327	0.7
2328	6.2
2329	0.7
2330	0
2331	0
2332	85.8
2333	0.7
2334	8.5
2335	0
2336	12.1
2337	0
2338	2
2339	81.5
2340	8.7
2341	6.2
2342	0
2343	1.3
2344	0.6
2345	78.8
2346	23.3
2347	0
2348	0.7
2349	60.5
2350	0
2351	12.3
2352	0.7
2353	8.5
2354	0.1
2355	4.8
2356	0
2357	0.6
2358	1.4
2359	307.5
2360	5
2361	6.5
2362	5.7
2363	12.4
2364	3
2365	4.1
2366	0
2367	0.1
2368	9.1
2369	2.1
2370	6
2371	0
2372	2.8
2373	12.8
2374	1.2
2375	0.1
2376	0.1
2377	3.4
2378	5.6
2379	893.4
2380	9.1
2381	5.8
2382	4.9
2383	0
2384	0.5
2385	0.9
2386	0
2387	0
2388	116
2389	13.2
2390	1.3
2391	126.2
2392	295.6
2393	0.1
2394	247.4
2395	65.9
2396	887.3
2397	0
2398	0.4
2399	5.5
2400	0
2401	5
2402	21.9
2403	2.5
2404	3.2
2405	20.9
2406	163
2407	0
2408	7.4
2409	25.9
2410	105.5
2411	96.3
2412	28.2
2413	0.1
2414	6
2415	64
2416	875.7
2417	165.8
2418	10.9
2419	2127.8
2420	6.7
2421	0.1
2422	9.1
2423	5.6
2424	59.8
2425	1.7
2426	0
2427	0
2428	13.7
2429	0.4
2430	0
2431	4.5
2432	861
2433	4.9
2434	11.3
2435	0
2436	861
2437	48.6
2438	34.7
2439	18.4
2440	2.9
2441	0.1
2442	3.8
2443	5.1
2444	239.5
2445	7.4
2446	4.1
2447	7.8
2448	60.2
2449	0.1
2450	0
2451	2.5
2452	8.8
2453	198.5
2454	0
2455	861
2456	15.2
2457	0
2458	2122.1
2459	5.2
2460	13.3
2461	28.9
2462	7.7
2463	1.7
2464	82.2
2465	0.2
2466	0
2467	358.3
2468	158.9
2469	4.8
2470	17.6
2471	2122.1
2472	5.2
2473	10.2
2474	6.1
2475	2103
2476	0.3
2477	16.4
2478	2.6
2479	0.2
2480	3.1
2481	5.2
2482	31.7
2483	0
2484	860.7
2485	139.5
2486	9.8
2487	0
2488	2.9
2489	65.3
2490	25.6
2491	1.5
2492	12.5
2493	0.1
2494	10.1
2495	4.7
2496	1.1
2497	328.4
2498	124.6
2499	25.6
2500	822.5
2501	19.4
2502	11.3
2503	20.6
2504	18.7
2505	822.5
2506	6.6
2507	0
2508	9.5
2509	0.2
2510	4.9
2511	23.6
2512	802.7
2513	13.8
2514	99.6
2515	103.9
2516	2056.3
2517	6.2
2518	2.1
2519	6.6
2520	768.3
2521	61.5
2522	151.9
2523	1.5
2524	0
2525	4.2
2526	62.7
2527	8
2528	7.8
2529	5.3
2530	358.3
2531	319.8
2532	5.3
2533	24.1
2534	30
2535	6.5
2536	7.9
2537	35.4
2538	141.8
2539	215.8
2540	51.8
2541	21.4
2542	768.3
2543	11.8
2544	25.2
2545	97.3
2546	57.8
2547	6.6
2548	63.1
2549	2.9
2550	0
2551	15.6
2552	170.7
2553	15.6
2554	334.8
2555	4.7
2556	6.1
2557	14.1
2558	14.1
2559	292
2560	51
2561	83.2
2562	19.3
2563	105.1
2564	320.6
2565	29.2
2566	1.8
2567	3.4
2568	127
2569	30.4
2570	4.1
2571	1.2
2572	2054.3
2573	0.2
2574	2043.5
2575	23.7
2576	7.1
2577	6.3
2578	6.8
2579	5.6
2580	2015.4
2581	198
2582	98.3
2583	7.8
2584	0
2585	14.5
2586	15.6
2587	14.3
2588	2.4
2589	38
2590	4.9
2591	6.2
2592	74.1
2593	197.5
2594	12.9
2595	0
2596	28.3
2597	14.7
2598	163.2
2599	2.9
2600	4.2
2601	6.8
2602	41.5
2603	59.5
2604	12.2
2605	19.3
2606	0.5
2607	12.2
2608	13.5
2609	15.9
2610	0
2611	6.7
2612	4.2
2613	6.9
2614	125.9
2615	4.7
2616	17.2
2617	57.4
2618	6.1
2619	1997
2620	17.3
2621	9.2
2622	9.5
2623	6
2624	51.4
2625	147.8
2626	2.1
2627	18.4
2628	5.7
2629	0
2630	6.7
2631	4.7
2632	6.3
2633	21.1
2634	30.7
2635	4.4
2636	23.3
2637	0
2638	14.5
2639	186.1
2640	157.1
2641	5.9
2642	4.6
2643	56.7
2644	16.6
2645	38.2
2646	149.1
2647	2.2
2648	9.2
2649	0.4
2650	12.4
2651	0
2652	0.8
2653	21.5
2654	22.1
2655	32
2656	57.9
2657	2.6
2658	126.5
2659	18
2660	23.5
2661	46.5
2662	17.2
2663	40.7
2664	12.5
2665	41.8
2666	16
2667	1.5
2668	7.2
2669	4.2
2670	8.2
2671	26.7
2672	23.5
2673	0
2674	5.1
2675	23.6
2676	0.6
2677	33
2678	6.6
2679	0.7
2680	3.4
2681	1997
2682	700.7
2683	29.6
2684	3.7
2685	37.2
2686	4.9
2687	8.9
2688	5.5
2689	1274.2
2690	4
2691	714.3
2692	0.3
2693	4.5
2694	5.6
2695	0
2696	24.6
2697	0
2698	33.4
2699	4.4
2700	8.9
2701	0.7
2702	3.4
2703	11.9
2704	0.3
2705	11.6
2706	4.3
2707	1.1
2708	183.3
2709	8.2
2710	192.9
2711	5.2
2712	0
2713	5.5
2714	15.6
2715	12.1
2716	5.6
2717	618.9
2718	12.7
2719	2.8
2720	8.9
2721	7.6
2722	4.1
2723	34.4
2724	2.3
2725	211
2726	33.7
2727	20.1
2728	21.4
2729	9.7
2730	6.6
2731	0
2732	11.8
2733	4.3
2734	4.7
2735	6.7
2736	2.7
2737	60.2
2738	237.2
2739	46.8
2740	606.6
2741	250
2742	5.1
2743	12.6
2744	7.4
2745	15.3
2746	2.7
2747	12.5
2748	0
2749	35.1
2750	15.9
2751	5.9
2752	16.7
2753	4.4
2754	25.6
2755	332.5
2756	24.4
2757	51.7
2758	13.4
2759	6.9
2760	4.2
2761	3.1
2762	46.2
2763	25.7
2764	3.8
2765	48.8
2766	3.4
2767	0.9
2768	81.7
2769	4.9
2770	62.9
2771	14.1
2772	1190.8
2773	4.4
2774	29.8
2775	482.2
2776	90.2
2777	6.9
2778	4
2779	74.6
2780	2.9
2781	7.4
2782	15.8
2783	4.7
2784	6.4
2785	28
2786	6.7
2787	34.2
2788	3.7
2789	18.1
2790	12.9
2791	8.2
2792	4.5
2793	32.9
2794	14.2
2795	3.8
2796	850.9
2797	80.7
2798	6.3
2799	6.6
2800	481.4
2801	8.9
2802	23.5
2803	6
2804	9.1
2805	475.6
2806	6
2807	6.6
2808	57.9
2809	1211.5
2810	1.1
2811	7.8
2812	3.4
2813	840.7
2814	11.9
2815	5.1
2816	108.5
2817	87.4
2818	8.3
2819	12.9
2820	5.9
2821	43.7
2822	4.2
2823	6.6
2824	41.9
2825	101.9
2826	39.4
2827	5.2
2828	7.3
2829	6.1
2830	132.4
2831	6.6
2832	55.3
2833	119.5
2834	11.7
2835	6.6
2836	18.4
2837	9.1
2838	10.1
2839	7.9
2840	18.1
2841	7.3
2842	25.6
2843	6.2
2844	5.2
2845	133.7
2846	50.7
2847	24.4
2848	17.1
2849	3.7
2850	449.5
2851	9.6
2852	10.7
2853	4.1
2854	13.2
2855	13
2856	25.1
2857	9.9
2858	6.7
2859	137.5
2860	6.2
2861	50.2
2862	4.1
2863	3.2
2864	828.9
2865	29.3
2866	3.6
2867	24.3
2868	3.9
2869	7.3
2870	162.6
2871	9.6
2872	327.6
2873	9.1
2874	57
2875	104
2876	1.2
2877	28
2878	7
2879	3.8
2880	86.5
2881	7.4
2882	11.4
2883	41.6
2884	26.5
2885	3.6
2886	6.8
2887	12.1
2888	66
2889	7.9
2890	5.5
2891	41.6
2892	15.2
2893	14.7
2894	10.2
2895	62
2896	67.2
2897	21.4
2898	201.6
2899	9.8
2900	42.3
2901	79.9
2902	5.6
2903	33.5
2904	72.3
2905	43.7
2906	37.8
2907	17.3
2908	24
2909	10.2
2910	79.3
2911	5.7
2912	24.7
2913	18.8
2914	27.7
2915	6.8
2916	17.7
2917	8.4
2918	11.3
2919	81.9
2920	2.7
2921	16.3
2922	63.9
2923	21.1
2924	302.7
2925	16.8
2926	275.1
2927	7.5
2928	34.3
2929	12.6
2930	26.2
2931	186.4
2932	689.2
2933	6.1
2934	18.6
2935	8.9
2936	105.8
2937	9.8
2938	3.6
2939	40.7
2940	108.7
2941	251.2
2942	8.6
2943	6.5
2944	2.5
2945	8
2946	17.9
2947	316
2948	22.3
2949	51.8
2950	14.2
2951	11.9
2952	10.3
2953	19.1
2954	5.9
2955	236
2956	661.2
2957	309.7
2958	203.9
2959	260
2960	77.4
2961	17.6
2962	13.7
2963	10.2
2964	8.6
2965	8.6
2966	328.5
2967	11.6
2968	7.1
2969	8.6
2970	7.2
2971	69.3
2972	18.1
2973	145.7
2974	5.7
2975	18.5
2976	298.4
2977	5.3
2978	14.9
2979	10.3
2980	18.8
2981	16.1
2982	8.6
2983	6.8
2984	41.6
2985	6.7
2986	32.1
2987	14.7
2988	543.6
2989	2.7
2990	26.3
2991	16.2
2992	18.3
2993	70.6
2994	64.4
2995	34.2
2996	357.1
2997	291.6
2998	7.7
2999	26.4
3000	293.7
3001	4.9
3002	28.4
3003	105.7
3004	1.8
3005	5.1
3006	9.5
3007	14.1
3008	10.7
3009	137.8
3010	152
3011	5.8
3012	13.5
3013	10.1
3014	8.2
3015	1.6
3016	85.4
3017	26.5
3018	400.8
3019	1.8
3020	2629.2
3021	43.1
3022	7.4
3023	1.4
3024	20.3
3025	1980.7
3026	8.8
3027	587.1
3028	1575.3
3029	1072.9
3030	18.9
3031	260.5
3032	22.1
3033	1.2
3034	11.4
3035	1577.9
3036	151.6
3037	5.6
3038	101.1
3039	31.3
3040	62.1
3041	17.4
3042	36.2
3043	1091.1
3044	4.7
3045	657.8
3046	90.5
3047	97
3048	16.8
3049	2559.2
3050	26.3
3051	3.3
3052	68.2
3053	20.1
3054	2497.1
3055	502.3
3056	1105.6
3057	1.6
3058	1081.4
3059	5.4
3060	4.3
3061	8.1
3062	14.3
3063	179
3064	88.8
3065	245.9
3066	11.3
3067	184.3
3068	41
3069	1.9
3070	1570.2
3071	252.8
3072	16.8
3073	39.4
3074	151.2
3075	4.1
3076	4.2
3077	494
3078	6.1
3079	12.5
3080	1532.9
3081	1.7
3082	6.1
3083	52.2
3084	6
3085	59.6
3086	6
3087	55.7
3088	8.9
3089	26
3090	15.6
3091	2.9
3092	22.8
3093	9.7
3094	25
3095	1.4
3096	65.3
3097	14.7
3098	30.4
3099	8
3100	421.4
3101	39.1
3102	5.2
3103	16.4
3104	22.4
3105	16.9
3106	51.9
3107	183
3108	2.9
3109	2.7
3110	4.9
3111	54.6
3112	4.8
3113	63.6
3114	5
3115	10.9
3116	7.2
3117	62.9
3118	11.7
3119	14.1
3120	3.8
3121	16.8
3122	1.6
3123	16
3124	1.6
3125	32.2
3126	7.7
3127	1.9
3128	2
3129	4.3
3130	1
3131	6.8
3132	11.8
3133	22.4
3134	54.1
3135	2.8
3136	32
3137	1.1
3138	1.4
3139	36.2
3140	14.4
3141	1.7
3142	15.6
3143	17.3
3144	225.7
3145	1.5
3146	1
3147	5
3148	18.8
3149	85
3150	1
3151	7.5
3152	203.6
3153	44.3
3154	28
3155	54.2
3156	3.4
3157	3.7
3158	1.1
3159	22
3160	2.7
3161	6.7
3162	9.7
3163	2.3
3164	1.8
3165	1.9
3166	184.7
3167	15.6
3168	24.5
3169	87.1
3170	29.7
3171	3.8
3172	44.7
3173	83.7
3174	9.4
3175	14.4
3176	1.5
3177	86.4
3178	126.1
3179	0.9
3180	2.4
3181	12.5
3182	32.8
3183	11.7
3184	12.9
3185	6.3
3186	5.6
3187	27.7
3188	4.4
3189	4.3
3190	1.1
3191	6.3
3192	2.6
3193	1.2
3194	28.7
3195	14.7
3196	36.1
3197	9.4
3198	1.7
3199	8.6
3200	1
3201	31.8
3202	0
3203	24.3
3204	11.3
3205	5.3
3206	1
3207	75.5
3208	31
3209	0.6
3210	29.3
3211	8.5
3212	34.7
3213	79.1
3214	3.2
3215	1.2
3216	36
3217	39.2
3218	15.1
3219	64.3
3220	1.5
3221	31.8
3222	55.7
3223	1.9
3224	40.4
3225	35.7
3226	16.8
3227	34.8
3228	53.2
3229	1.1
3230	2.8
3231	0.7
3232	0.9
3233	2.5
3234	5.2
3235	108.4
3236	5
3237	2.2
3238	46.1
3239	2.1
3240	2
3241	3.2
3242	8
3243	4.9
3244	53.7
3245	68.8
3246	32
3247	0.9
3248	1.1
3249	1.6
3250	7.9
3251	111.6
3252	8.5
3253	52.2
3254	5
3255	3.2
3256	0.8
3257	6.4
3258	66.9
3259	18.4
3260	2.6
3261	1.3
3262	34.7
3263	56.4
3264	40.8
3265	2.4
3266	6.7
3267	5.7
3268	40.8
3269	37.3
3270	0.7
3271	1.4
3272	26.8
3273	1.1
3274	47.5
3275	0.9
3276	3.2
3277	5.7
3278	6
3279	1.4
3280	11.7
3281	27.8
3282	0.8
3283	3.5
3284	0.5
3285	14.1
3286	65.8
3287	8.6
3288	9.4
3289	4.6
3290	2.6
3291	10.4
3292	5.1
3293	5.6
3294	2.2
3295	1.6
3296	4
3297	41
3298	4.7
3299	1
3300	8.6
3301	1
3302	3
3303	4.4
3304	2
3305	8.7
3306	0.6
3307	6.8
3308	4.1
3309	6.8
3310	5.2
3311	1.6
3312	4.4
3313	6.5
3314	11.8
3315	1.2
3316	18.8
3317	0.9
3318	8
3319	2
3320	15.3
3321	2.2
3322	1.1
3323	4.1
3324	3.2
3325	1
3326	4.7
3327	8.1
3328	2.1
3329	5.4
3330	2.7
3331	10.8
3332	12
3333	0.7
3334	2.7
3335	4.3
3336	0.9
3337	2.4
3338	11
3339	4.8
3340	1.1
3341	8.5
3342	0.6
3343	3.8
3344	1.8
3345	1.3
3346	5.1
3347	4.7
3348	0.8
3349	0.4
3350	2.3
3351	1.4
3352	7.2
3353	33
3354	1.1
3355	3.9
3356	1.5
3357	1
3358	1.6
3359	1.1
3360	3.6
3361	2.1
3362	0.5
3363	4.6
3364	1.3
3365	4.6
3366	27.4
3367	1
3368	2.7
3369	2.3
3370	2.4
3371	1.1
3372	2.9
3373	0.9
3374	26.5
3375	0.5
3376	3.5
3377	0.5
3378	0.5
3379	2.8
3380	20.8
3381	1.2
3382	0.3
3383	2.3
3384	12.5
3385	7.3
3386	1.6
3387	1.5
3388	0.3
3389	9.2
3390	6.5
3391	2.4
3392	0.9
3393	0.7
3394	2.7
3395	2.3
3396	5.3
3397	1.8
3398	2.1
3399	1.7
3400	255
3401	120.9
3402	239.6
3403	1111.4
3404	638.4
3405	589.6
3406	345.4
3407	1848.1
3408	171.7
3409	1913.5
3410	0
3411	0
3412	81.5
3413	319.5
3414	159.4
3415	132.5
3416	42.2
3417	100.8
3418	152.9
3419	1510.4
3420	2408
3421	3951.7
3422	85.3
3423	692.7
3424	44.6
3425	275.1
3426	838.7
3427	5.1
3428	24.4
3429	91.2
3430	12.2
3431	401.3
3432	619.4
3433	108
3434	136.2
3435	18113.3
3436	1337
3437	203.9
3438	18113
3439	18113.3
3440	150.4
3441	958.9
3442	14085.3
3443	489.8
3444	117.4
3445	18113.3
3446	18113.3
3447	18112.7
3448	4.5
3449	48.5
3450	18113.3
3451	1027.5
3452	312.2
3453	39.4
3454	548.1
3455	97.6
3456	2404.6
3457	432.3
3458	200.2
3459	6.7
3460	298.3
3461	10153.9
3462	655.5
3463	2427
3464	746.8
3465	2.8
3466	38.9
3467	17.6
3468	6884.9
3469	30
3470	3673.5
3471	95.4
3472	57.2
3473	191.6
3474	651.9
3475	3272.5
3476	0
3477	105.4
3478	28.6
3479	3272.5
3480	1868.3
3481	72.5
3482	442.4
3483	11.3
3484	1779.3
3485	37.6
3486	0
3487	121.1
3488	44.2
3489	1488.2
3490	1446
3491	0
3492	34.6
3493	1273.3
3494	132.2
3495	97
3496	151.8
3497	1159.4
3498	982
3499	290.4
3500	926.2
3501	139
3502	11.7
3503	3272.5
3504	3272.5
3505	98.9
3506	392.7
3507	3272.5
3508	0.6
3509	90.9
3510	3271.8
3511	337.5
3512	51
3513	75.5
3514	3271.8
3515	267.7
3516	3194.3
3517	28.5
3518	873.7
3519	49.5
3520	0.3
3521	2124.9
3522	108
3523	2097.7
3524	21.5
3525	2091.9
3526	8
3527	2054.3
3528	424.9
3529	57.4
3530	28.2
3531	142.6
3532	5.5
3533	2015.4
3534	1997
3535	124.4
3536	651.2
3537	10.8
3538	0
3539	178.8
3540	146.7
3541	1267.7
3542	595.8
3543	1248.8
3544	45.2
3545	47.1
3546	19.6
3547	830.7
3548	437.9
3549	67.1
3550	137.5
3551	226.2
3552	805.4
3553	755.4
3554	252.6
3555	285.7
3556	357.1
3557	15.1
3558	210.7
3559	149
3560	273
3561	2516.9
3562	94.4
3563	956.2
3564	133.7
3565	132.6
3566	16.6
3567	905.6
3568	1525
3569	127.4
3570	398.7
3571	189.1
3572	73.1
3573	124.1
3574	240.7
3575	59.1
3576	332.9
3577	395.6
3578	141.4
3579	222.3
3580	92.5
3581	10
3582	60.6
3583	82.3
3584	138.3
3585	34.3
3586	90.2
3587	15.8
3588	10.4
3589	10.5
3590	22.4
3591	20.5
3592	9.3
3593	3.1
3594	6.1
