"COMID"	"Value"
1	25.6
2	13.6
3	0.8
4	0.1
5	3.9
6	0
7	72.5
8	1.2
9	8.8
10	0
11	0.4
12	6.3
13	37.2
14	14.8
15	0.6
16	2.9
17	15.3
18	74
19	1.6
20	17.2
21	0.7
22	1.3
23	0
24	0.5
25	1.1
26	0.7
27	0.4
28	1.4
29	0.3
30	0
31	79.7
32	0.5
33	1.7
34	7.7
35	0
36	1.4
37	21.7
38	0
39	3.1
40	17.6
41	10.9
42	0.6
43	22.3
44	0.6
45	17.3
46	1314.9
47	98.6
48	2.3
49	2.3
50	18.7
51	1.1
52	663
53	0.7
54	1.6
55	2.2
56	34.8
57	19.7
58	10.6
59	3.8
60	9.8
61	0.5
62	0.5
63	1.8
64	29.8
65	1.3
66	7
67	7.3
68	34.8
69	1
70	0.1
71	3.2
72	1.6
73	0.7
74	11.9
75	0.3
76	0.1
77	0
78	0.1
79	4.7
80	0.1
81	0
82	0
83	26.6
84	0
85	0.5
86	31.3
87	0.6
88	2.6
89	0.1
90	0.7
91	1.3
92	3.1
93	1.4
94	2.7
95	42.5
96	2
97	10.5
98	3.2
99	0.1
100	3.5
101	0.3
102	0.4
103	0.8
104	7.3
105	0.6
106	0.8
107	0.2
108	0
109	0.7
110	3
111	0
112	0.7
113	32
114	0.8
115	0.5
116	55.3
117	0.3
118	1.2
119	0.2
120	0.3
121	11.1
122	3.9
123	7.3
124	0.6
125	37.3
126	1.7
127	0.2
128	0.9
129	1
130	0.8
131	367.4
132	0.1
133	0.3
134	4.1
135	2
136	43.4
137	1.4
138	0.5
139	0.2
140	0.4
141	0.9
142	0.2
143	0.4
144	0.3
145	32.7
146	0.8
147	3
148	1.6
149	0.2
150	3.5
151	0
152	1.4
153	0.1
154	3.5
155	0
156	1.3
157	2.3
158	0.8
159	136.5
160	1.7
161	1.2
162	0.1
163	17.5
164	0.1
165	0.1
166	0.1
167	0.3
168	1
169	0.2
170	0.6
171	21.2
172	0.2
173	0.1
174	48.4
175	20
176	1.5
177	85.8
178	3.9
179	0.3
180	0.2
181	0
182	6.4
183	0
184	0.2
185	0.3
186	1.4
187	0.1
188	0.1
189	0.1
190	0.3
191	0.2
192	0.2
193	8.3
194	1.3
195	0
196	0.4
197	57.4
198	0.3
199	0.2
200	33.2
201	33.5
202	0.1
203	0.1
204	10
205	1.3
206	5.5
207	1.6
208	0.8
209	0.3
210	10.1
211	2.4
212	1
213	1.4
214	0.1
215	0.6
216	1.9
217	18.2
218	0.1
219	0.1
220	11.9
221	22.6
222	0.2
223	4.9
224	0
225	6.3
226	0.1
227	5.5
228	1.1
229	0.4
230	6.6
231	42.2
232	0.1
233	1.7
234	710.5
235	6.6
236	0.2
237	107.3
238	0.3
239	0.1
240	20.4
241	0
242	5.5
243	1.1
244	0.5
245	0.6
246	0.4
247	0
248	0
249	5.5
250	0.6
251	0.1
252	4.1
253	0.2
254	0
255	0
256	0
257	0
258	0
259	0
260	0
261	0.2
262	0
263	0
264	0
265	0
266	0.2
267	0.9
268	1.3
269	1.7
270	0
271	16.6
272	0
273	0.4
274	751.7
275	0
276	18.1
277	0.2
278	0
279	6.8
280	0
281	0
282	0.5
283	0.2
284	0.2
285	0
286	0
287	3.3
288	0.1
289	0.3
290	0.4
291	10.3
292	0.2
293	751.7
294	9.8
295	0.1
296	1.2
297	0.3
298	0
299	6.5
300	1.5
301	0.2
302	1.4
303	0.4
304	0.1
305	0.6
306	0.3
307	2.1
308	3.5
309	0.4
310	0.5
311	0.3
312	2.8
313	0.5
314	1.7
315	0.4
316	0.7
317	9.9
318	0.8
319	4.8
320	0.4
321	1.2
322	0.3
323	0.4
324	0.1
325	5.1
326	0.7
327	0.1
328	0.3
329	1.2
330	0
331	2.2
332	0.1
333	2.3
334	0.3
335	10
336	0.4
337	4.8
338	2.4
339	1.7
340	0.1
341	2.9
342	761.6
343	1.7
344	11
345	0.3
346	1.6
347	0.1
348	0.3
349	0.3
350	0.3
351	0.3
352	0.4
353	2.5
354	0.4
355	6.2
356	0.3
357	13.1
358	0.7
359	6.2
360	0.2
361	0.7
362	0.2
363	0.2
364	20.9
365	3.1
366	1.2
367	761.6
368	3.9
369	0
370	0.5
371	14.7
372	12.8
373	0.4
374	782.5
375	1.3
376	100.5
377	1.7
378	5.8
379	0
380	3.9
381	0
382	0
383	181.8
384	1353.8
385	0
386	782.5
387	13
388	544.2
389	501.7
390	13.2
391	7.6
392	354.1
393	0
394	1
395	0
396	0
397	782.5
398	28.2
399	4.5
400	26.7
401	5.4
402	0
403	0
404	0
405	59.2
406	2.3
407	4.5
408	0
409	0
410	28.9
411	10.7
412	0
413	3.8
414	0
415	0
416	4.5
417	0
418	0
419	3.5
420	0
421	20.6
422	0
423	5.2
424	7.7
425	3.6
426	20.6
427	18.5
428	0.7
429	3.3
430	10
431	0
432	0.6
433	59.3
434	10.8
435	0.6
436	63.3
437	66.6
438	52.2
439	0
440	0.5
441	33.5
442	47.5
443	0.7
444	0.5
445	40.6
446	9.7
447	10.9
448	5.7
449	1.6
450	0.6
451	0
452	26.4
453	67.2
454	9
455	7.1
456	5.5
457	8.2
458	5.1
459	17.6
460	0.4
461	7.9
462	7.4
463	42.8
464	31.8
465	3.8
466	8.8
467	4.4
468	32.8
469	0.6
470	10
471	8.1
472	0.6
473	6
474	10.5
475	6.8
476	6.8
477	16.4
478	2.7
479	39.8
480	1.9
481	0
482	8.8
483	30.9
484	2.3
485	40.5
486	0
487	0.5
488	36.2
489	0
490	38.1
491	3.2
492	5.2
493	38.1
494	1.6
495	0
496	0
497	6.7
498	1.4
499	0
500	6.3
501	3.4
502	2.4
503	0.9
504	1.2
505	2.3
506	15.5
507	4.3
508	51.1
509	44.1
510	5.6
511	4.9
512	1.1
513	0
514	5.8
515	0
516	1.3
517	23.8
518	0.4
519	0.8
520	0.3
521	10.5
522	0.8
523	0
524	8.3
525	1.1
526	9.2
527	1.2
528	9.7
529	8.6
530	14.2
531	3.7
532	4.1
533	2.1
534	11.7
535	36.9
536	0.6
537	0
538	0
539	0.1
540	0.6
541	67.2
542	3.7
543	3.6
544	4.7
545	4.7
546	3.2
547	20.5
548	0
549	0
550	15.4
551	71.8
552	20.7
553	190.7
554	4.7
555	16.9
556	20.7
557	0.5
558	0
559	1.3
560	1.7
561	58.9
562	2.8
563	0
564	75.1
565	0.8
566	1.8
567	1
568	6.8
569	2
570	0
571	94.7
572	102.5
573	3.7
574	24.5
575	1
576	102.5
577	0
578	0.8
579	1.6
580	94
581	177.6
582	242.3
583	4.7
584	3.5
585	0
586	29.4
587	2.8
588	955
589	23.3
590	0
591	43.3
592	1.1
593	92.6
594	0.9
595	441.2
596	0.6
597	177.6
598	6.9
599	1.9
600	0.5
601	1.9
602	0
603	5.8
604	607.7
605	0
606	87.6
607	8.8
608	1.1
609	0
610	1.6
611	63.7
612	0
613	0
614	3
615	1.2
616	0
617	268.2
618	292.1
619	5.2
620	5.2
621	164.7
622	5.4
623	10.6
624	5
625	10.9
626	0.5
627	85.4
628	0.8
629	0.9
630	6
631	1.5
632	283
633	1.1
634	0
635	1.4
636	0.8
637	1.9
638	8.7
639	579.2
640	3.4
641	67.8
642	0
643	13.2
644	0
645	7.3
646	0.6
647	13.1
648	10.2
649	2.1
650	0.7
651	8.7
652	0.6
653	0
654	1.4
655	0
656	2.9
657	11
658	102.1
659	1.8
660	0
661	168
662	0.8
663	3.9
664	13
665	3.8
666	14.5
667	609.9
668	134.3
669	195.2
670	2.4
671	14.3
672	9.7
673	0.8
674	6.9
675	1.4
676	29.9
677	60
678	1
679	0.8
680	0.4
681	3
682	14.8
683	230.8
684	4.8
685	9.5
686	9
687	0
688	1
689	17.4
690	0.7
691	810.3
692	20.2
693	1
694	8.7
695	1011.3
696	3.1
697	3.7
698	1.6
699	2.5
700	0.8
701	216.4
702	1.9
703	2.5
704	1.3
705	5.7
706	1
707	5.8
708	3.6
709	8.8
710	27.2
711	20.3
712	0.2
713	1.2
714	1
715	57.5
716	0
717	270.1
718	1.3
719	1.3
720	4.5
721	4.5
722	2
723	1.1
724	5.3
725	25.1
726	0
727	12.5
728	6
729	1252.7
730	12.7
731	0.4
732	11.3
733	2.8
734	1.2
735	0.2
736	2.8
737	3
738	1.7
739	9.5
740	9.1
741	1.6
742	4.4
743	0.7
744	3.8
745	0.4
746	0.5
747	1.1
748	0.4
749	3.3
750	1.5
751	9.9
752	0.8
753	2.1
754	3.6
755	1.1
756	1.3
757	85.9
758	0.4
759	1.2
760	1.8
761	0.7
762	1.7
763	0.6
764	11.5
765	12.7
766	0.7
767	0.3
768	1.1
769	4.9
770	2.3
771	0.6
772	0.2
773	2.7
774	3.7
775	43
776	1
777	23.7
778	4.7
779	1.7
780	3.1
781	78.6
782	173.5
783	33.6
784	82.2
785	107.1
786	216.7
787	88.9
788	60.6
789	81.3
790	209.4
791	49.8
792	47.6
793	714.2
794	40.2
795	99.9
796	11.8
797	49.1
798	9.7
799	73
800	27
801	739.9
802	804.5
803	177.5
804	58.7
805	826.9
806	593
807	23.6
808	655.5
809	79
810	109.9
811	853.3
812	371.2
813	625.8
814	11.2
815	17.9
816	1563.9
817	29.5
818	33.7
819	284.7
820	686.6
821	9.9
822	17.8
823	1553.3
824	416.8
825	8.3
826	92.6
827	28.2
828	31.9
829	1586.8
830	40.3
831	1659
832	469.1
833	69.5
834	124.5
835	82.5
836	98.2
837	23
838	51.3
839	9
840	49
841	134.1
842	1757.4
843	5
844	55.2
845	744.4
846	14.3
847	597.7
848	10.8
849	29
850	255.3
851	41
852	60.2
853	11
854	28.5
855	33.3
856	14.3
857	15
858	31.2
859	761.8
860	19.7
861	130.1
862	2.5
863	1141.9
864	9.8
865	173.1
866	1802.6
867	35.3
868	81.5
869	1255.7
870	4.1
871	773.1
872	12.4
873	1
874	1218.4
875	54.3
876	10.3
877	11.3
878	13.1
879	90.1
880	802.5
881	49.8
882	21.4
883	16.8
884	13.5
885	66.6
886	0.8
887	1845.6
888	19.7
889	101.4
890	52.4
891	166.1
892	39.4
893	39.7
894	1.1
895	148.9
896	54.3
897	8.8
898	1290.2
899	17.3
900	61.9
901	864
902	26.6
903	41.8
904	52
905	13.3
906	66.7
907	89.8
908	1879.5
909	34.5
910	0
911	11.9
912	191.6
913	35.2
914	156.9
915	0
916	1486.6
917	23.1
918	19.8
919	24.7
920	18.1
921	17.8
922	65.9
923	3.2
924	879.1
925	15.1
926	27
927	9.7
928	1.6
929	2045.4
930	107.4
931	8.7
932	4.9
933	11.5
934	0
935	23.1
936	73.3
937	34
938	111.7
939	22.4
940	2167.2
941	46.9
942	150.8
943	0
944	166.9
945	17.9
946	103.7
947	0
948	1662.3
949	12.1
950	17.6
951	35.8
952	2145.1
953	46.3
954	2.1
955	51.1
956	165.1
957	24.2
958	40.4
959	2202.9
960	71.2
961	28.9
962	24.1
963	11.4
964	0
965	34.2
966	285.2
967	0
968	2227
969	19.3
970	12
971	70.8
972	31.9
973	21.7
974	2260.1
975	69
976	64.2
977	29
978	50.8
979	19.8
980	487.5
981	108.9
982	49.2
983	61.5
984	15.1
985	69.5
986	17.4
987	59.5
988	23.4
989	59.9
990	0
991	24
992	0
993	70.4
994	9.9
995	89.6
996	346.3
997	28.7
998	61.1
999	25
1000	0
1001	1.3
1002	43.9
1003	0
1004	392.6
1005	80
1006	18.9
1007	0
1008	1.1
1009	0
1010	204.3
1011	40.3
1012	17.3
1013	64.4
1014	14
1015	0.9
1016	0
1017	93.7
1018	62.9
1019	1.8
1020	77.8
1021	158.1
1022	25.5
1023	69.8
1024	28.2
1025	327.1
1026	67.9
1027	31.1
1028	455.7
1029	66.8
1030	0.2
1031	0
1032	0
1033	0.2
1034	58.7
1035	0.1
1036	983.4
1037	2369.8
1038	31.1
1039	393.3
1040	80.5
1041	44.2
1042	1.9
1043	0
1044	371.7
1045	2.5
1046	4.1
1047	85
1048	489.2
1049	13.9
1050	0
1051	1062.6
1052	665
1053	72.5
1054	2709.8
1055	578.4
1056	137.2
1057	0.1
1058	1244.1
1059	0.6
1060	41.8
1061	0
1062	57.8
1063	37.1
1064	0
1065	2743
1066	15.2
1067	0.9
1068	0.2
1069	0.1
1070	12.3
1071	13.5
1072	0.2
1073	0.1
1074	39.1
1075	0
1076	21.1
1077	1
1078	228.3
1079	2963.1
1080	7.1
1081	0.1
1082	33.7
1083	0.2
1084	80
1085	26.4
1086	185.6
1087	0
1088	0.1
1089	0.5
1090	2887.4
1091	33
1092	0.1
1093	2.2
1094	0.3
1095	4.7
1096	2.4
1097	21.1
1098	1.5
1099	0
1100	0
1101	0.3
1102	1324
1103	0.3
1104	92.6
1105	1.8
1106	2.9
1107	1.2
1108	0.6
1109	2974.6
1110	0
1111	0.1
1112	249.6
1113	40
1114	60.3
1115	1.5
1116	1.2
1117	149.9
1118	2.8
1119	92.6
1120	1.4
1121	0.3
1122	9.2
1123	11
1124	27.2
1125	98.4
1126	20.3
1127	96.1
1128	466.2
1129	88.1
1130	1.3
1131	0.1
1132	105.4
1133	208.7
1134	3138
1135	3001.8
1136	0.1
1137	0.9
1138	4.1
1139	95.6
1140	1526
1141	1.5
1142	0
1143	18.8
1144	15
1145	0.7
1146	0.4
1147	3306.2
1148	20.7
1149	3289
1150	96
1151	3307.8
1152	555
1153	576.9
1154	0
1155	0
1156	13.5
1157	97.3
1158	308.3
1159	52.8
1160	2.5
1161	0.3
1162	1
1163	3.3
1164	27.2
1165	3062.1
1166	42.9
1167	12.5
1168	114.6
1169	31.8
1170	16.7
1171	3152.5
1172	76.6
1173	3.1
1174	42.5
1175	1.4
1176	17.2
1177	0
1178	1.5
1179	26.9
1180	6.1
1181	3150.3
1182	3324.9
1183	0
1184	4642.2
1185	29.3
1186	594.6
1187	3187.5
1188	3330
1189	3153.4
1190	3189.1
1191	22.4
1192	3332.1
1193	23.5
1194	3305.4
1195	14.8
1196	3187.9
1197	4950.5
1198	0.4
1199	51.4
1200	6.1
1201	3302.3
1202	8.3
1203	4950.5
1204	3162.4
1205	1.1
1206	0.1
1207	3146.6
1208	0.2
1209	3298.2
1210	54.6
1211	37.9
1212	0
1213	22.4
1214	636.1
1215	3157.4
1216	13
1217	6.7
1218	1.7
1219	0.2
1220	21.8
1221	3328.8
1222	3324.9
1223	1.1
1224	3330.8
1225	15.3
1226	27.6
1227	14.2
1228	0.6
1229	3156.2
1230	15.5
1231	0
1232	69
1233	1.2
1234	9.3
1235	1.3
1236	0.1
1237	136.6
1238	17.9
1239	0.1
1240	3334.4
1241	229.9
1242	103.3
1243	3.9
1244	3336.2
1245	38.6
1246	18
1247	82.4
1248	56.2
1249	75.3
1250	12.3
1251	1.1
1252	4950.5
1253	3377.9
1254	14.3
1255	0
1256	43.2
1257	22.5
1258	0.4
1259	0
1260	15.5
1261	26.6
1262	0.1
1263	2.6
1264	24.8
1265	17
1266	726.7
1267	4950.5
1268	31.1
1269	6.5
1270	96.3
1271	1.8
1272	3378.4
1273	21.3
1274	25.4
1275	3374.7
1276	43.2
1277	22
1278	208.5
1279	3.8
1280	92.3
1281	19.1
1282	0.1
1283	24.9
1284	46.7
1285	22.7
1286	32.6
1287	2.4
1288	12.2
1289	155.2
1290	7.5
1291	76
1292	3.6
1293	3.4
1294	24.7
1295	15.2
1296	0.3
1297	19.2
1298	742.8
1299	37.2
1300	19.7
1301	0
1302	9.7
1303	33
1304	3.7
1305	40.8
1306	0
1307	296.4
1308	6
1309	0
1310	145.7
1311	17.4
1312	20.6
1313	3.4
1314	40.7
1315	92.3
1316	13.7
1317	10.6
1318	2.9
1319	59.9
1320	12
1321	0.1
1322	4950.6
1323	0
1324	3
1325	191
1326	0.1
1327	0
1328	306.5
1329	12.5
1330	100.7
1331	25.8
1332	9.4
1333	23.6
1334	136.9
1335	1.3
1336	40.1
1337	0.1
1338	0.1
1339	1.6
1340	23.8
1341	38.8
1342	313.4
1343	0
1344	0
1345	1.2
1346	92.4
1347	433.7
1348	17.8
1349	0.6
1350	4950.6
1351	9
1352	3.5
1353	291.9
1354	0.1
1355	20.6
1356	5.2
1357	13.1
1358	18
1359	1.5
1360	0.1
1361	2.2
1362	23.8
1363	92.4
1364	0.1
1365	136.2
1366	0.3
1367	92.4
1368	9.7
1369	0.1
1370	1.1
1371	0.2
1372	9.9
1373	239.6
1374	2.5
1375	88.8
1376	3
1377	13.6
1378	1.5
1379	1.5
1380	53
1381	92.4
1382	32.9
1383	0.1
1384	12.4
1385	4.2
1386	13.7
1387	0.3
1388	0.5
1389	0.1
1390	14.8
1391	1116.4
1392	27.3
1393	0
1394	0.1
1395	50
1396	0
1397	25.5
1398	0
1399	92.4
1400	7.8
1401	0.2
1402	0.2
1403	422.5
1404	6.4
1405	2.7
1406	0.1
1407	92.4
1408	0.4
1409	978
1410	1
1411	399.6
1412	0.4
1413	53.5
1414	8.5
1415	20.9
1416	135
1417	0.6
1418	13.6
1419	0.1
1420	12.4
1421	0.2
1422	0.1
1423	12.8
1424	254.6
1425	0.4
1426	363.7
1427	0.5
1428	0.7
1429	0.4
1430	16.5
1431	453.1
1432	0.2
1433	19.9
1434	5043.3
1435	44.9
1436	4950.6
1437	254.6
1438	0.5
1439	1
1440	10.4
1441	12.6
1442	38968.5
1443	34.3
1444	0.7
1445	0
1446	1460.6
1447	0.4
1448	76.1
1449	92.4
1450	0.1
1451	38968.6
1452	5043
1453	82
1454	13.8
1455	0.1
1456	33925.2
1457	523
1458	9.4
1459	2
1460	1.6
1461	161.4
1462	38972.7
1463	0.1
1464	0.1
1465	0.4
1466	19
1467	0.1
1468	38971.3
1469	13.5
1470	1405
1471	0.2
1472	38968.9
1473	1283
1474	3
1475	28.4
1476	38971.3
1477	0.1
1478	22.3
1479	264
1480	0.1
1481	72.8
1482	9.3
1483	0.1
1484	33923.4
1485	10.9
1486	2.1
1487	0.2
1488	60.2
1489	48.4
1490	0.6
1491	12.9
1492	10.3
1493	1513.9
1494	20.8
1495	282.7
1496	299.8
1497	203.1
1498	0.1
1499	28.4
1500	1580.2
1501	17
1502	66.3
1503	1.8
1504	324.6
1505	32.3
1506	33.2
1507	0.1
1508	0.5
1509	8.8
1510	1.1
1511	33914.5
1512	0.1
1513	66.1
1514	0.1
1515	0.5
1516	0.2
1517	1591.1
1518	0.2
1519	14.5
1520	3.4
1521	0.5
1522	0.2
1523	0.3
1524	324.6
1525	0
1526	0.6
1527	54.7
1528	0.1
1529	21.3
1530	63
1531	0.1
1532	2
1533	0.1
1534	20.4
1535	4.3
1536	18.1
1537	2.4
1538	5.6
1539	3.9
1540	0
1541	38979.1
1542	0
1543	31.5
1544	0.1
1545	0.9
1546	11
1547	23.9
1548	38975
1549	0.1
1550	0.3
1551	339.1
1552	603.3
1553	43.8
1554	46.6
1555	10.1
1556	31.9
1557	0.2
1558	0.6
1559	44.9
1560	1595
1561	0.1
1562	0.2
1563	4.8
1564	0.3
1565	169.6
1566	4.4
1567	38976.1
1568	0.2
1569	17.6
1570	11.6
1571	0.4
1572	0.3
1573	86
1574	0.3
1575	35.3
1576	33914.2
1577	25.4
1578	0.2
1579	0.2
1580	660.1
1581	688
1582	26.4
1583	13.2
1584	5
1585	60.5
1586	23.4
1587	0
1588	1659.5
1589	0.2
1590	1.1
1591	38975.7
1592	1619.2
1593	0.3
1594	31.3
1595	54.3
1596	1445
1597	38975.6
1598	54.9
1599	1427.5
1600	24.1
1601	35.2
1602	21.7
1603	61.2
1604	12.3
1605	4.3
1606	0.1
1607	0.2
1608	32.1
1609	0.2
1610	11.5
1611	5.2
1612	50.2
1613	1445
1614	104
1615	33766.7
1616	39.5
1617	0.2
1618	45.5
1619	1660
1620	33610.8
1621	784.7
1622	20.6
1623	0.1
1624	29.9
1625	45.5
1626	233.5
1627	0.1
1628	53.8
1629	38981.1
1630	52.5
1631	15.1
1632	94.2
1633	0.1
1634	174.9
1635	159.8
1636	1553.6
1637	63.8
1638	25.1
1639	8.2
1640	0.2
1641	68.1
1642	60.1
1643	52.1
1644	1.2
1645	37.8
1646	68.6
1647	38981.2
1648	4.3
1649	1.6
1650	0.7
1651	145.1
1652	15.1
1653	0.7
1654	33368.9
1655	71.2
1656	33.9
1657	69
1658	1646.5
1659	120.4
1660	86.9
1661	4.5
1662	0.1
1663	169.1
1664	3.8
1665	1.5
1666	168.2
1667	43.3
1668	197.5
1669	44.5
1670	2529.9
1671	24.5
1672	33338.7
1673	120.4
1674	46.8
1675	398.8
1676	4.4
1677	3.1
1678	37.9
1679	578.2
1680	33.1
1681	625.2
1682	1417.4
1683	61.3
1684	68.1
1685	47.1
1686	17
1687	578.2
1688	302.5
1689	2.3
1690	66.5
1691	6.9
1692	17061.7
1693	16174.6
1694	54.7
1695	43.2
1696	5190.7
1697	13433.8
1698	1417.4
1699	16.6
1700	14.9
1701	17011
1702	13376.9
1703	636.6
1704	5190.7
1705	0.7
1706	35.9
1707	1417.8
1708	1418.5
1709	52.3
1710	12
1711	23.4
1712	457.5
1713	16994.8
1714	157
1715	40.2
1716	61
1717	13.6
1718	133
1719	40.9
1720	20.1
1721	16272.1
1722	45
1723	603.3
1724	61
1725	3404.2
1726	10.5
1727	42.4
1728	479.1
1729	2.9
1730	76
1731	15.9
1732	416.1
1733	93.1
1734	13626.6
1735	12.5
1736	1417.8
1737	19
1738	8.1
1739	2611.7
1740	0
1741	2.5
1742	0.7
1743	212.8
1744	20.7
1745	122.4
1746	5213.3
1747	645
1748	52.5
1749	22.1
1750	34.9
1751	5226.5
1752	5243.6
1753	37.5
1754	157.2
1755	14
1756	3247
1757	75
1758	10.3
1759	265.7
1760	2596.7
1761	81.6
1762	19.5
1763	21.9
1764	16.7
1765	3.4
1766	53.8
1767	5733.2
1768	0
1769	6157.6
1770	133
1771	19.1
1772	0
1773	16.9
1774	492.3
1775	0.1
1776	14.5
1777	12539
1778	0.6
1779	2.2
1780	0.7
1781	6070.6
1782	333.5
1783	6247.3
1784	675.6
1785	16911.7
1786	12.1
1787	188.5
1788	18.4
1789	9.8
1790	0.7
1791	13.6
1792	268.3
1793	2576.1
1794	120.1
1795	16868.8
1796	17056
1797	32.4
1798	21.5
1799	0
1800	30.1
1801	13.5
1802	11.2
1803	0.1
1804	702.8
1805	1.9
1806	89.2
1807	69.2
1808	702.8
1809	33.6
1810	60.4
1811	11743.2
1812	0
1813	28
1814	40.1
1815	7527.8
1816	15.3
1817	11.6
1818	7520.5
1819	65.9
1820	27.8
1821	9.4
1822	42.4
1823	11.4
1824	0
1825	137.4
1826	78.8
1827	4190.1
1828	11719.8
1829	260.5
1830	0.1
1831	1186.9
1832	0
1833	27.5
1834	0
1835	16824.5
1836	16794.5
1837	0.2
1838	0
1839	20.1
1840	76.2
1841	1029.8
1842	1315.2
1843	96.6
1844	11729.9
1845	35.9
1846	0
1847	1157.3
1848	14.6
1849	134.1
1850	17.5
1851	60.1
1852	223
1853	20.8
1854	265.3
1855	8.2
1856	406.1
1857	0
1858	27.7
1859	103.4
1860	2559.4
1861	0
1862	28.8
1863	16668.4
1864	11.9
1865	8.8
1866	23.8
1867	16696.7
1868	98.2
1869	17.5
1870	222.7
1871	39.2
1872	619.2
1873	339.5
1874	99.2
1875	16668.4
1876	62.1
1877	0
1878	16668.4
1879	71.3
1880	54.2
1881	39.9
1882	0
1883	18.5
1884	18.6
1885	12.9
1886	16.8
1887	0.3
1888	17.3
1889	0.1
1890	54.2
1891	233.7
1892	39.9
1893	8.9
1894	8.9
1895	103.4
1896	9.6
1897	53.5
1898	45.8
1899	575.3
1900	0
1901	20.8
1902	16.1
1903	17.5
1904	21.2
1905	4188.3
1906	0
1907	0
1908	2421
1909	7.5
1910	236.1
1911	23.6
1912	14.2
1913	0
1914	35.8
1915	0.3
1916	167.1
1917	7.9
1918	10.8
1919	0
1920	16668.4
1921	17.5
1922	0.3
1923	0
1924	16668.4
1925	17.7
1926	104.5
1927	33.8
1928	3982.5
1929	0
1930	0
1931	0
1932	35.8
1933	20.6
1934	18.5
1935	0
1936	18
1937	16668.4
1938	56.2
1939	44.4
1940	0
1941	484.8
1942	42.3
1943	16668.4
1944	33.6
1945	0
1946	0
1947	0.3
1948	1974.4
1949	14
1950	242.2
1951	0
1952	3.4
1953	156.3
1954	16668.4
1955	6.2
1956	13.9
1957	30.7
1958	0
1959	5.2
1960	3897.5
1961	30.2
1962	63.1
1963	0
1964	0
1965	0
1966	40.8
1967	1971.8
1968	7.6
1969	0
1970	148.9
1971	0
1972	0.3
1973	16668.4
1974	163.2
1975	167.5
1976	4.5
1977	1974.4
1978	60.5
1979	148.4
1980	0
1981	3863.8
1982	24.5
1983	0
1984	0
1985	98.8
1986	7
1987	22
1988	92.4
1989	1143.3
1990	320.8
1991	0.2
1992	0
1993	6.2
1994	12.6
1995	3540.5
1996	0
1997	7.7
1998	54.5
1999	0
2000	152.3
2001	70.8
2002	5.2
2003	7
2004	16668.4
2005	0
2006	9.9
2007	0
2008	1971.8
2009	0
2010	107.3
2011	877
2012	0.3
2013	132.5
2014	443.3
2015	7.9
2016	0.1
2017	0
2018	9.8
2019	16668.4
2020	0
2021	817.8
2022	760.7
2023	15.5
2024	375.9
2025	44.4
2026	0
2027	3.6
2028	33.8
2029	401.3
2030	0
2031	12.2
2032	0.8
2033	0
2034	0
2035	64.9
2036	30.8
2037	46
2038	400.6
2039	0
2040	0
2041	24.5
2042	6.1
2043	72.4
2044	20.6
2045	0
2046	16668.4
2047	4.2
2048	0
2049	0
2050	74.4
2051	5
2052	0
2053	53.5
2054	15.5
2055	2.8
2056	324.3
2057	34.2
2058	52.3
2059	0
2060	749.3
2061	0.7
2062	3649.5
2063	0
2064	16.1
2065	0
2066	0
2067	6.2
2068	0.2
2069	25
2070	5.7
2071	18.3
2072	0
2073	7.9
2074	16
2075	0
2076	142
2077	0
2078	6.5
2079	0
2080	0
2081	6.8
2082	0
2083	8
2084	3271.5
2085	0
2086	14.6
2087	0
2088	37.6
2089	3
2090	13.3
2091	8.9
2092	7.4
2093	9.7
2094	0
2095	6.5
2096	0
2097	718.2
2098	31.5
2099	15.7
2100	45.2
2101	0
2102	40.4
2103	16668.4
2104	16668.4
2105	0
2106	0.2
2107	0.2
2108	18.8
2109	0
2110	0
2111	0
2112	198.1
2113	3260.1
2114	0
2115	20.9
2116	11.6
2117	4.9
2118	153.9
2119	3080
2120	11.6
2121	2.9
2122	63.8
2123	0.2
2124	47
2125	3
2126	0
2127	651.6
2128	0.2
2129	16668.4
2130	0
2131	16.4
2132	14.2
2133	0
2134	0
2135	3079.7
2136	31.4
2137	33.3
2138	2.4
2139	28.9
2140	16668.4
2141	71.1
2142	60.2
2143	0
2144	0
2145	43.9
2146	6.2
2147	33.6
2148	31.8
2149	0.2
2150	27.8
2151	0
2152	46.9
2153	249
2154	27.1
2155	0
2156	0
2157	0
2158	11
2159	7.4
2160	299.7
2161	0
2162	0
2163	43.5
2164	0
2165	11.5
2166	16668.4
2167	0
2168	0.2
2169	74.2
2170	0
2171	0.2
2172	0
2173	52
2174	0
2175	5.4
2176	0
2177	484.3
2178	6.4
2179	0
2180	3.7
2181	111.4
2182	0
2183	0
2184	0
2185	25.8
2186	5.4
2187	5.5
2188	16668.4
2189	0
2190	616.4
2191	0
2192	0
2193	0
2194	41.2
2195	11.3
2196	0
2197	21.4
2198	16668.4
2199	484.3
2200	0
2201	12.6
2202	26
2203	0
2204	16668.4
2205	0.2
2206	267
2207	6.6
2208	2.8
2209	0
2210	119.9
2211	0
2212	7.8
2213	812.6
2214	0
2215	6.5
2216	477.7
2217	0
2218	0
2219	60.8
2220	36.4
2221	0
2222	173.5
2223	0
2224	0
2225	244.3
2226	102.7
2227	117.6
2228	0
2229	0
2230	8.5
2231	0
2232	2713.4
2233	0
2234	34.6
2235	0
2236	0
2237	0
2238	0
2239	453.5
2240	0
2241	6.2
2242	0
2243	0
2244	0
2245	20.3
2246	1.2
2247	0
2248	39.8
2249	74.2
2250	16668.4
2251	3.7
2252	1843
2253	0
2254	3.6
2255	0
2256	33.4
2257	45.1
2258	0
2259	1757.3
2260	0
2261	0
2262	0
2263	31.2
2264	85
2265	1672
2266	0
2267	0.1
2268	77.7
2269	447.9
2270	0
2271	23.9
2272	0.2
2273	41.2
2274	0
2275	43.3
2276	12.8
2277	0.1
2278	0.9
2279	16667.1
2280	0
2281	0
2282	1654.7
2283	11.5
2284	0.9
2285	1567.6
2286	62.9
2287	21.7
2288	33.3
2289	0.2
2290	0.1
2291	16667.2
2292	1541.4
2293	420.2
2294	420.2
2295	22.8
2296	11.7
2297	54.6
2298	0
2299	3.5
2300	0
2301	0.8
2302	0.1
2303	1.1
2304	0.1
2305	16667.1
2306	1196
2307	138.9
2308	0.1
2309	26.2
2310	130.4
2311	0.1
2312	0.1
2313	11
2314	0.4
2315	0.6
2316	16656
2317	45.1
2318	16656.1
2319	11
2320	22.1
2321	54
2322	0.1
2323	0.5
2324	82
2325	61.8
2326	11.8
2327	10.8
2328	20.4
2329	10.8
2330	0.1
2331	0.1
2332	376.7
2333	10.6
2334	25.5
2335	0.4
2336	48.5
2337	0.2
2338	42.7
2339	349.8
2340	32.9
2341	22.3
2342	0.2
2343	11.2
2344	7.5
2345	333.1
2346	86.2
2347	0
2348	10.4
2349	213
2350	0.2
2351	31.8
2352	10.8
2353	26.3
2354	2.9
2355	12.4
2356	0.1
2357	7.2
2358	4.1
2359	1057.1
2360	15.5
2361	19.5
2362	28.5
2363	37.4
2364	10.2
2365	9.1
2366	0.1
2367	1
2368	19.6
2369	7.8
2370	15.5
2371	0.1
2372	8.2
2373	66.4
2374	2
2375	2.4
2376	0.6
2377	14.4
2378	24.7
2379	4509.1
2380	19.6
2381	16.9
2382	12.1
2383	0.3
2384	6
2385	3.3
2386	0.1
2387	0.1
2388	634.9
2389	38.1
2390	3.5
2391	664
2392	1028.3
2393	1.3
2394	897.6
2395	212
2396	4495.4
2397	0.1
2398	1.2
2399	35.7
2400	0.4
2401	16.4
2402	60
2403	7.9
2404	7.6
2405	95.8
2406	824.1
2407	0.5
2408	36.3
2409	126.8
2410	594.6
2411	539.3
2412	152.6
2413	2.1
2414	14.8
2415	358.7
2416	4460.1
2417	833
2418	36.8
2419	11044.8
2420	24.4
2421	0.7
2422	22.2
2423	21.5
2424	335.1
2425	3.7
2426	0.5
2427	0.2
2428	37.4
2429	4.5
2430	0.4
2431	20
2432	4409
2433	14.5
2434	27.1
2435	0.1
2436	4408.5
2437	161.8
2438	174.2
2439	73
2440	15.9
2441	1.5
2442	14.6
2443	25.2
2444	870
2445	36.3
2446	10.4
2447	41.4
2448	268.2
2449	1.4
2450	0.3
2451	15.1
2452	60.7
2453	727.2
2454	0.4
2455	4407.1
2456	73
2457	1.4
2458	11021.4
2459	32
2460	33.2
2461	140.4
2462	36.9
2463	4.1
2464	367.1
2465	2.2
2466	0.6
2467	1424.4
2468	637.5
2469	24
2470	80.2
2471	11021.4
2472	32
2473	27.9
2474	31.7
2475	10918.9
2476	6.8
2477	75.8
2478	18
2479	2.8
2480	19.3
2481	22.8
2482	122.1
2483	0.9
2484	4398.5
2485	555.8
2486	63.4
2487	1.1
2488	14.1
2489	161.6
2490	88.5
2491	3.1
2492	62.6
2493	1.5
2494	59
2495	33.6
2496	2
2497	1345.2
2498	488.2
2499	112.3
2500	4174.4
2501	81.7
2502	54.3
2503	117.7
2504	62.1
2505	4174.4
2506	40
2507	2.5
2508	34.1
2509	2.5
2510	14
2511	58.5
2512	4071.8
2513	99.3
2514	363
2515	388.7
2516	10641.8
2517	18.9
2518	4.3
2519	53
2520	3906.2
2521	207
2522	560.8
2523	5.6
2524	1.8
2525	9.2
2526	214
2527	28.4
2528	32
2529	24.1
2530	1424.4
2531	1323.6
2532	15.2
2533	165.8
2534	77.7
2535	18.5
2536	56.7
2537	89
2538	535.3
2539	718.3
2540	540.7
2541	191
2542	3906.2
2543	57.1
2544	67
2545	905
2546	137.4
2547	53
2548	631
2549	26.2
2550	3.6
2551	78.1
2552	778.6
2553	46.3
2554	2223.2
2555	13.7
2556	19.1
2557	47.2
2558	80.5
2559	1239.5
2560	201.9
2561	286.9
2562	62
2563	957.7
2564	2171.4
2565	335
2566	6
2567	31.5
2568	493.1
2569	118.7
2570	7.9
2571	4.6
2572	10626.3
2573	2
2574	10540.5
2575	60.9
2576	47.5
2577	17.3
2578	24
2579	24.3
2580	10333.6
2581	1149.2
2582	516.7
2583	87.3
2584	4.1
2585	57.6
2586	57
2587	46.7
2588	18.5
2589	127.3
2590	15.3
2591	20.2
2592	261.4
2593	920.5
2594	27.9
2595	1.9
2596	121.3
2597	46.5
2598	754
2599	15.7
2600	13.2
2601	20.5
2602	327.9
2603	216.8
2604	47.5
2605	146
2606	4.4
2607	63.8
2608	41.4
2609	151.1
2610	1.1
2611	76.6
2612	14
2613	23.5
2614	637.5
2615	26.8
2616	184.9
2617	233.8
2618	39.4
2619	10207.8
2620	64.6
2621	21
2622	30.8
2623	26.1
2624	192.5
2625	775.3
2626	3.4
2627	122.6
2628	34.7
2629	0.8
2630	34
2631	17.4
2632	35.2
2633	70.3
2634	108.3
2635	13.1
2636	161.5
2637	1
2638	100.4
2639	882.1
2640	787.4
2641	34.6
2642	22.6
2643	325.4
2644	124.4
2645	177.8
2646	762.5
2647	5.1
2648	44
2649	10.6
2650	54
2651	0.2
2652	19.5
2653	101
2654	209.4
2655	101.8
2656	266.8
2657	6.6
2658	658.8
2659	83.6
2660	108.4
2661	445.3
2662	86
2663	365.6
2664	46.9
2665	394
2666	173.1
2667	3
2668	87.2
2669	17.9
2670	41.5
2671	131
2672	89.7
2673	1.5
2674	11.3
2675	231.3
2676	1.2
2677	198.9
2678	38.7
2679	10.7
2680	50.2
2681	10203.7
2682	5768.6
2683	135.1
2684	17.9
2685	183.8
2686	28.9
2687	36.6
2688	40.9
2689	4183
2690	15.6
2691	5921.4
2692	0.4
2693	26.6
2694	56.9
2695	1.5
2696	114.2
2697	0.5
2698	161.5
2699	23.4
2700	29.4
2701	1.4
2702	14.4
2703	50.7
2704	1.4
2705	37.2
2706	38.7
2707	6.1
2708	559.5
2709	41.1
2710	609.4
2711	60.3
2712	0.1
2713	33.7
2714	68.1
2715	51.2
2716	21.9
2717	5010.3
2718	53.4
2719	27.9
2720	64.8
2721	24.1
2722	46.2
2723	233.7
2724	9.9
2725	675.3
2726	106.9
2727	86.4
2728	95
2729	44.9
2730	78.5
2731	0
2732	113.2
2733	41.8
2734	45.3
2735	30.6
2736	10.6
2737	200.7
2738	788.9
2739	165.2
2740	4915.3
2741	835.2
2742	16.3
2743	33.2
2744	36.8
2745	26.9
2746	10.6
2747	35
2748	0.1
2749	224.6
2750	181.1
2751	23.2
2752	124.3
2753	18.5
2754	273.4
2755	1180
2756	74.1
2757	309.9
2758	39.7
2759	18.6
2760	10.5
2761	11
2762	189.2
2763	114.8
2764	23.4
2765	472.3
2766	35.9
2767	3.2
2768	343
2769	12.5
2770	380.2
2771	51.8
2772	3759.7
2773	5.8
2774	67.7
2775	3573.6
2776	541.5
2777	83
2778	35
2779	452.1
2780	3.4
2781	41.3
2782	21.7
2783	41.1
2784	55.5
2785	123.8
2786	23.1
2787	160.9
2788	9.8
2789	143.9
2790	77.8
2791	97.1
2792	41.7
2793	101.7
2794	55.4
2795	9.6
2796	2560.6
2797	251.4
2798	66
2799	47.3
2800	3568.3
2801	42.6
2802	104.3
2803	15.7
2804	10.6
2805	3516.6
2806	42.9
2807	40.6
2808	721.5
2809	3825.4
2810	3.5
2811	62.8
2812	9.7
2813	2534.9
2814	75.1
2815	35.9
2816	436
2817	369.3
2818	28.4
2819	60.7
2820	19.8
2821	579.1
2822	16.4
2823	24
2824	169.6
2825	420.1
2826	163
2827	6
2828	24.7
2829	24.2
2830	702.1
2831	61.9
2832	661.6
2833	467.6
2834	61.7
2835	26.3
2836	72
2837	94.7
2838	41.9
2839	104.8
2840	65.4
2841	86.9
2842	74.8
2843	18.4
2844	7.9
2845	517
2846	190.7
2847	99.7
2848	148.1
2849	51.2
2850	3296.5
2851	34.1
2852	82.1
2853	15.5
2854	54.6
2855	47.3
2856	93.3
2857	59
2858	25.7
2859	718.1
2860	20.8
2861	611.4
2862	12.6
2863	6.7
2864	2494.4
2865	369.9
2866	28.5
2867	92.1
2868	10.3
2869	26.6
2870	812.2
2871	91.2
2872	2645.9
2873	34
2874	218
2875	1100.1
2876	4.2
2877	126.5
2878	20.3
2879	6.8
2880	979.8
2881	34.8
2882	158.3
2883	140
2884	90.6
2885	11.9
2886	22.3
2887	25.2
2888	264
2889	18.9
2890	22.4
2891	524.5
2892	249.6
2893	51.3
2894	31.4
2895	364.4
2896	268.2
2897	84.1
2898	968.5
2899	32.8
2900	146.6
2901	292
2902	25.5
2903	158.8
2904	279.1
2905	117.2
2906	643.7
2907	51.5
2908	90.7
2909	178.7
2910	185.7
2911	21.4
2912	128.3
2913	381
2914	347
2915	16.1
2916	146.3
2917	43.2
2918	44
2919	295.8
2920	5.8
2921	169.2
2922	159.6
2923	61.3
2924	772
2925	178.1
2926	681.8
2927	12.4
2928	112.6
2929	29.4
2930	130.7
2931	1662.7
2932	2033.2
2933	26.1
2934	37.4
2935	34.9
2936	343.7
2937	18.3
2938	6.9
2939	196.6
2940	349.2
2941	1136.7
2942	21.4
2943	114.1
2944	4.7
2945	40
2946	104.6
2947	834
2948	106.6
2949	249.2
2950	23.3
2951	59.4
2952	43.2
2953	263.4
2954	34.3
2955	1365.7
2956	1917.2
2957	795.6
2958	1731.3
2959	644.6
2960	439.3
2961	60.2
2962	45.6
2963	34.8
2964	137.6
2965	15.8
2966	906.8
2967	109.7
2968	28.2
2969	21.4
2970	11.5
2971	407.8
2972	61
2973	423.3
2974	21.5
2975	107.2
2976	809
2977	21.7
2978	49.9
2979	43.3
2980	94.1
2981	108.1
2982	91.2
2983	39.2
2984	241.8
2985	31.6
2986	121.7
2987	60.9
2988	3382.3
2989	3.7
2990	47.9
2991	98
2992	91.6
2993	318.3
2994	239.8
2995	180.7
2996	1086.9
2997	780.6
2998	14.8
2999	348.5
3000	1258.3
3001	14.7
3002	130.3
3003	441.4
3004	17.3
3005	23.4
3006	45.7
3007	68.7
3008	51.3
3009	623.9
3010	432.3
3011	32.3
3012	81.2
3013	52.4
3014	21.1
3015	13.4
3016	350.1
3017	162.1
3018	1706.1
3019	9.9
3020	13451.4
3021	170.4
3022	16.7
3023	12.5
3024	90.1
3025	9832.6
3026	51
3027	3626.6
3028	8110.1
3029	5757.4
3030	32.5
3031	646.5
3032	143.6
3033	5.4
3034	51.1
3035	8119.4
3036	431.7
3037	21.8
3038	342.2
3039	139.4
3040	296.3
3041	112.9
3042	177.4
3043	5853.7
3044	20.6
3045	3971.6
3046	284.5
3047	320.9
3048	100.8
3049	13085.2
3050	133.2
3051	15.1
3052	360.2
3053	113.3
3054	12852.7
3055	2981
3056	5931.3
3057	5.9
3058	5801.3
3059	16.8
3060	12
3061	14
3062	74.4
3063	818.1
3064	354.1
3065	621.4
3066	47.6
3067	502.4
3068	199.5
3069	10.9
3070	8085
3071	595
3072	50.9
3073	73.3
3074	583.4
3075	15.6
3076	37.9
3077	2955.3
3078	17
3079	55.5
3080	7894.2
3081	6.9
3082	10.5
3083	230.9
3084	12
3085	313
3086	22.1
3087	215.5
3088	46.2
3089	108.9
3090	62.9
3091	13.1
3092	48.5
3093	84
3094	52.1
3095	4.4
3096	298.7
3097	32.3
3098	123.7
3099	15.8
3100	2631.5
3101	72.9
3102	24.6
3103	78.1
3104	97.6
3105	36.3
3106	252.5
3107	1028.6
3108	9.3
3109	14.1
3110	12.4
3111	188.1
3112	6.9
3113	256.3
3114	22.3
3115	24.2
3116	32.7
3117	201.9
3118	66.7
3119	44.7
3120	4.5
3121	70.3
3122	2.4
3123	74
3124	1.9
3125	66.6
3126	11.8
3127	2
3128	5.5
3129	10.5
3130	4.5
3131	29.7
3132	51.8
3133	101.1
3134	319.2
3135	5.9
3136	235.2
3137	1.6
3138	3.5
3139	141.1
3140	72
3141	2.6
3142	62.9
3143	67.9
3144	441.6
3145	2.2
3146	2.1
3147	7.6
3148	34
3149	122.7
3150	1.3
3151	83.8
3152	911.6
3153	180.6
3154	132.5
3155	173.5
3156	8.7
3157	9
3158	1.5
3159	146.5
3160	3.8
3161	69.6
3162	76.2
3163	4.7
3164	3.3
3165	4
3166	800.7
3167	28.1
3168	88.3
3169	128.7
3170	123.9
3171	7.4
3172	167.9
3173	194.2
3174	58.3
3175	72
3176	3.7
3177	200.2
3178	278.8
3179	3.3
3180	3.3
3181	22.2
3182	142.5
3183	77.5
3184	117.2
3185	49.6
3186	9.8
3187	90.9
3188	28.5
3189	10.7
3190	2.1
3191	13.2
3192	19.8
3193	3.2
3194	139.3
3195	82.3
3196	106.1
3197	17
3198	3.4
3199	38.9
3200	1.9
3201	46.5
3202	0
3203	149.1
3204	20.1
3205	55.6
3206	1.9
3207	176.6
3208	45.1
3209	0.6
3210	229.5
3211	61.8
3212	174.6
3213	111.6
3214	4.5
3215	2.5
3216	65.6
3217	76.6
3218	119
3219	513
3220	2.7
3221	46.5
3222	432.8
3223	2.6
3224	189.3
3225	52.1
3226	64.5
3227	63.2
3228	119.2
3229	1.1
3230	4.5
3231	1.4
3232	1.2
3233	5.2
3234	37.3
3235	426.9
3236	34.7
3237	3.1
3238	346.3
3239	2.1
3240	3.9
3241	6.3
3242	18.2
3243	35.1
3244	121.3
3245	89
3246	58.2
3247	0.9
3248	1.4
3249	2.4
3250	14.3
3251	635.4
3252	32.2
3253	115.3
3254	36.1
3255	4.2
3256	1.1
3257	53.2
3258	156.4
3259	35.1
3260	3.3
3261	1.6
3262	247.6
3263	74.7
3264	58.5
3265	4
3266	15.5
3267	16.6
3268	292.6
3269	148.7
3270	1.3
3271	1.5
3272	109.9
3273	1.1
3274	201.5
3275	2.3
3276	5.1
3277	13
3278	19.2
3279	1.6
3280	13.1
3281	47.3
3282	0.8
3283	30.3
3284	1.4
3285	14.5
3286	266.3
3287	9.6
3288	18.7
3289	10.2
3290	4
3291	31.3
3292	6.8
3293	8.2
3294	3.7
3295	1.8
3296	4
3297	90.2
3298	10.4
3299	1.5
3300	21.5
3301	2.2
3302	6.5
3303	23.1
3304	4.3
3305	44.2
3306	1.9
3307	7.5
3308	22.3
3309	14
3310	10.9
3311	1.8
3312	9.6
3313	13.4
3314	12.2
3315	2
3316	70.7
3317	0.9
3318	57.6
3319	2
3320	29.9
3321	5.5
3322	1.1
3323	6.3
3324	7.8
3325	1.9
3326	9.4
3327	8.6
3328	2.1
3329	10.3
3330	7.3
3331	15.2
3332	20.5
3333	1.3
3334	2.7
3335	15.5
3336	2
3337	2.5
3338	24.6
3339	5.2
3340	1.2
3341	29.1
3342	1.2
3343	4.4
3344	3.6
3345	1.3
3346	6.9
3347	12.5
3348	0.9
3349	0.8
3350	17.3
3351	2
3352	37
3353	75.1
3354	3
3355	8.6
3356	4.1
3357	2.2
3358	2.1
3359	2.9
3360	28.3
3361	4.3
3362	0.9
3363	14.9
3364	2.8
3365	7.6
3366	63.4
3367	2.6
3368	2.9
3369	3.1
3370	5.2
3371	2.8
3372	4.3
3373	3.3
3374	60.7
3375	0.9
3376	11.8
3377	1.2
3378	0.9
3379	7.5
3380	42.9
3381	2.5
3382	0.8
3383	7.4
3384	27.2
3385	13.3
3386	2.9
3387	4
3388	0.8
3389	20.3
3390	13.1
3391	6.2
3392	2.5
3393	2
3394	5.4
3395	3.9
3396	9.5
3397	3.2
3398	3.4
3399	2.1
3400	563
3401	201.5
3402	412.8
3403	1678.2
3404	1189.8
3405	1124
3406	677.3
3407	2565.9
3408	368.9
3409	2627.4
3410	0
3411	0
3412	128.4
3413	306.9
3414	248
3415	134.6
3416	90.4
3417	106.4
3418	146.3
3419	1580.1
3420	3293.6
3421	4950.5
3422	90.3
3423	692.8
3424	73.7
3425	375.7
3426	892.9
3427	15.5
3428	30.4
3429	126.7
3430	13.8
3431	393.3
3432	954.3
3433	99.3
3434	194.5
3435	38972.7
3436	1418.4
3437	188.3
3438	38971.2
3439	38973.9
3440	319.7
3441	1334.6
3442	33923.2
3443	538
3444	263.1
3445	38974.3
3446	38980.9
3447	38970.5
3448	8
3449	54.7
3450	38978.8
3451	1409.9
3452	397.3
3453	100.5
3454	603.3
3455	118.9
3456	2521.3
3457	484.6
3458	206.6
3459	28.9
3460	614.6
3461	16168.6
3462	817.3
3463	5190.7
3464	1377.1
3465	8.7
3466	106.4
3467	23.5
3468	12427.3
3469	68.5
3470	6779.7
3471	116
3472	145.5
3473	312
3474	2527.8
3475	16668.4
3476	0
3477	103
3478	27.7
3479	16668.4
3480	3999.5
3481	81.9
3482	2149.4
3483	23.6
3484	3866.5
3485	77.2
3486	0.2
3487	961.1
3488	89.4
3489	3513.2
3490	3448.6
3491	0
3492	69.4
3493	3251.6
3494	265.9
3495	191.2
3496	645.7
3497	3069.5
3498	2767.8
3499	630.1
3500	2703.9
3501	590.7
3502	50.6
3503	16668.4
3504	16667.1
3505	198.8
3506	1351.1
3507	16667.1
3508	3.7
3509	405.8
3510	16655.5
3511	1143.5
3512	186.5
3513	266.4
3514	16655.5
3515	953.9
3516	16406.3
3517	129
3518	4452.4
3519	268.7
3520	7.9
3521	11034.9
3522	321.9
3523	10892.2
3524	143.4
3525	10865.7
3526	31.1
3527	10622.5
3528	1628.3
3529	185.7
3530	90.2
3531	681.6
3532	18.2
3533	10333.4
3534	10206.7
3535	652.6
3536	5287.3
3537	52.5
3538	0.9
3539	541
3540	423.5
3541	4114.2
3542	4822.6
3543	3969.2
3544	175
3545	154.5
3546	240.4
3547	2500.6
3548	3211.3
3549	781
3550	1365.8
3551	1837.9
3552	2414.7
3553	2258
3554	1953.8
3555	1972
3556	2518.1
3557	36.6
3558	1033.4
3559	427.5
3560	699.7
3561	12911.5
3562	310.7
3563	5221
3564	580.8
3565	571.6
3566	48.2
3567	4983.2
3568	7851
3569	556.9
3570	2528.8
3571	1370.3
3572	233.7
3573	738.3
3574	527.8
3575	189.4
3576	1493.8
3577	1804.2
3578	1173.3
3579	428.3
3580	139.4
3581	18.9
3582	476.2
3583	192.2
3584	576.9
3585	50.5
3586	351.1
3587	18.5
3588	23.4
3589	12.2
3590	40.6
3591	145.9
3592	18.5
3593	6.1
3594	10.8
