"COMID"	"Value"
1	39.9
2	11.7
3	0.5
4	0.1
5	8.8
6	0
7	0.9
8	1.2
9	8.6
10	0
11	0.2
12	6.3
13	0
14	11.5
15	0.6
16	1.6
17	16.8
18	0.9
19	0.4
20	12.5
21	0.7
22	1.5
23	0
24	0.5
25	0.6
26	0.4
27	0.4
28	3.2
29	0.3
30	0
31	45.8
32	0.8
33	1.4
34	7.7
35	0
36	1.4
37	15.4
38	0
39	3.1
40	47.1
41	8.7
42	0.6
43	61.2
44	2.1
45	11.7
46	42.9
47	0.7
48	1.9
49	1.7
50	16.7
51	1.1
52	3.7
53	0.7
54	1.7
55	2.2
56	74.6
57	54
58	10.4
59	3.9
60	9.8
61	0.5
62	0.5
63	0.5
64	22.4
65	1.3
66	1.9
67	6
68	0.2
69	0.7
70	0.1
71	1.9
72	1.2
73	0.7
74	0.1
75	0.3
76	0.1
77	0
78	0.1
79	4.8
80	0.1
81	0
82	0
83	19.8
84	0
85	0.4
86	0.2
87	0.6
88	2.6
89	0.1
90	0.7
91	1.3
92	2.8
93	1.3
94	2.7
95	0.6
96	2
97	11.1
98	1.9
99	0.1
100	3.4
101	0.2
102	0.4
103	0.8
104	2.1
105	0.6
106	1
107	0.2
108	0
109	0.7
110	3
111	0
112	0.7
113	24.3
114	0.7
115	0.5
116	0.2
117	0.3
118	1.9
119	0
120	0.3
121	0
122	3.9
123	2.1
124	0.6
125	0.2
126	1.8
127	0.2
128	1.3
129	1
130	0.8
131	2.3
132	0.1
133	0.3
134	4.1
135	2.7
136	0.3
137	2.3
138	0.5
139	0.2
140	0.4
141	0.9
142	0.2
143	0
144	0.3
145	25
146	0.7
147	0.5
148	2.8
149	0.3
150	6.4
151	0
152	1.5
153	0.1
154	4.3
155	0
156	1.3
157	4
158	0.8
159	1.6
160	1.8
161	1.2
162	0.1
163	0
164	0.1
165	0
166	0.1
167	0.6
168	0
169	0.4
170	0.6
171	0.5
172	0.2
173	0.1
174	40.9
175	0
176	2.6
177	1.4
178	4.8
179	0.5
180	0.2
181	0
182	6.5
183	0
184	0.2
185	0.3
186	1.4
187	0.1
188	0.1
189	0.1
190	0.3
191	0.2
192	0.2
193	8.4
194	1.3
195	0
196	0.4
197	0.9
198	0.3
199	0.4
200	25.5
201	25.8
202	0.1
203	0.1
204	10.1
205	1.3
206	1.1
207	1.6
208	1.2
209	0.5
210	0.2
211	0.5
212	1.8
213	1.3
214	0.1
215	0.9
216	2
217	0.1
218	0.1
219	0.1
220	12
221	0
222	0.4
223	5.7
224	0
225	7.4
226	0.5
227	1.1
228	1
229	0.4
230	7.7
231	0.6
232	0.1
233	1.8
234	3.9
235	7.7
236	0.2
237	0.1
238	0.3
239	0.1
240	0.3
241	0.1
242	1.1
243	0
244	0.8
245	0.5
246	0.4
247	0
248	0
249	1.1
250	0.8
251	0.3
252	1.6
253	0.2
254	0
255	0
256	0
257	0
258	0
259	0
260	0
261	0.2
262	0.1
263	0
264	0
265	0
266	0.2
267	0.9
268	1
269	1.8
270	0
271	0.2
272	0
273	0.4
274	3.9
275	0
276	0
277	0.2
278	0
279	7.9
280	0
281	0
282	0.5
283	0.2
284	0.2
285	0
286	0
287	1.2
288	0.1
289	0.3
290	0.4
291	5.2
292	0.2
293	3.9
294	4.7
295	0.1
296	1.3
297	0.4
298	0
299	0
300	1.7
301	0.2
302	1.6
303	0.5
304	0.1
305	0.7
306	0.3
307	2.4
308	0
309	0.4
310	0.5
311	0.4
312	3.2
313	0.6
314	1.9
315	0.4
316	0.7
317	0
318	0.9
319	0
320	0.5
321	1.2
322	0.3
323	0.5
324	0.1
325	0
326	0.6
327	0.1
328	0.3
329	1.2
330	0
331	2.4
332	0.1
333	2.5
334	0.3
335	0
336	0.4
337	0
338	2.6
339	1.8
340	0.1
341	3.1
342	3.9
343	1.8
344	5.8
345	0.3
346	0
347	0.1
348	0.3
349	0.3
350	0.3
351	0.3
352	0.4
353	0.1
354	0.4
355	0
356	0.3
357	0.2
358	0.7
359	0
360	0.2
361	0.7
362	0.2
363	0.2
364	0.2
365	0.2
366	1.2
367	3.9
368	2
369	0
370	0.1
371	0.2
372	7.6
373	0.4
374	4.1
375	0.8
376	13.4
377	0.1
378	3.4
379	0
380	0.1
381	0
382	0
383	1.6
384	42.9
385	0
386	4.1
387	10.8
388	3
389	2.8
390	12
391	5.2
392	2.3
393	0
394	1
395	0
396	0
397	4.1
398	24.8
399	0.1
400	23.3
401	0.1
402	0
403	0
404	0
405	5.9
406	0.8
407	0.1
408	0
409	0
410	10.9
411	0.1
412	0
413	1
414	0
415	0
416	0.1
417	0
418	0
419	3.4
420	0
421	0.3
422	0
423	1.4
424	2.7
425	0.8
426	0.3
427	5.8
428	0.5
429	0
430	3.6
431	0
432	0.6
433	12
434	5.6
435	0.6
436	13.1
437	13.1
438	10
439	0
440	0
441	10.6
442	19.7
443	0.7
444	0.5
445	7.7
446	9
447	2.1
448	1.3
449	1.6
450	0.6
451	0
452	15
453	13.1
454	7.4
455	6.9
456	5.5
457	0.3
458	3.9
459	24.6
460	0.4
461	3.9
462	1.2
463	35.3
464	24.1
465	4.4
466	0.4
467	1.2
468	25.1
469	0.6
470	10.1
471	8.2
472	0.1
473	7
474	10.6
475	7.9
476	7.9
477	3.2
478	2.8
479	13.6
480	0.1
481	0
482	0.4
483	4.9
484	2.3
485	14.3
486	0
487	0.5
488	5.7
489	0
490	5.8
491	1.7
492	0.8
493	5.8
494	1.1
495	0
496	0
497	1
498	1.3
499	0
500	0.4
501	2.4
502	2.1
503	0.9
504	1.2
505	0.6
506	2.5
507	1.2
508	5
509	4.4
510	4.7
511	4.1
512	1.2
513	0
514	0.3
515	0
516	1.3
517	1.6
518	0.4
519	0.8
520	0
521	8.9
522	0.8
523	0
524	0.4
525	0.8
526	8.5
527	0.4
528	9
529	0.4
530	3.9
531	2
532	0.2
533	0.5
534	9.8
535	7.6
536	0.1
537	0
538	0
539	0.1
540	0.6
541	19.2
542	2.3
543	1.1
544	0.3
545	0.3
546	1.7
547	2.6
548	0
549	0
550	11
551	21.9
552	2.8
553	0.4
554	0.3
555	12.5
556	2.9
557	0.5
558	0
559	1.1
560	1.3
561	0.1
562	1.9
563	0
564	24.7
565	0.7
566	1.4
567	1
568	5.1
569	1.8
570	0
571	0.2
572	47.6
573	3.3
574	3.2
575	1
576	47.6
577	0
578	0.7
579	1.1
580	40.9
581	72.3
582	26.9
583	4.7
584	3.5
585	0
586	3.3
587	2.4
588	55.5
589	5.6
590	0
591	3.3
592	0.5
593	39.6
594	0.9
595	38.9
596	0.6
597	72.3
598	6.5
599	1.5
600	0.4
601	1.8
602	0
603	0
604	45.7
605	0
606	3.8
607	8.3
608	1.1
609	0
610	1.6
611	0.1
612	0
613	0
614	1.4
615	0
616	0
617	28.8
618	28.8
619	3.9
620	3.9
621	4.4
622	2.6
623	5.4
624	1.8
625	10.4
626	0.5
627	33.3
628	0.8
629	0.9
630	3
631	1.5
632	28.8
633	1
634	0
635	1.2
636	0.8
637	1.8
638	7.1
639	40.6
640	0
641	20.9
642	0
643	6.3
644	0
645	0
646	0.6
647	12.6
648	0
649	0.6
650	0.7
651	2.8
652	0.6
653	0
654	1.4
655	0
656	2.9
657	5.9
658	0.1
659	1
660	0
661	0.1
662	0.8
663	2
664	11.4
665	3.8
666	12.9
667	40.7
668	16.1
669	0.4
670	2.4
671	13.8
672	9.7
673	0.8
674	0
675	1.1
676	16.1
677	17.7
678	1
679	0.8
680	0
681	2.8
682	10.4
683	11.6
684	2.5
685	9.5
686	2.1
687	0
688	0.8
689	16.9
690	0.7
691	42.3
692	6.9
693	1
694	0
695	42.7
696	1.6
697	3.7
698	0.9
699	2.4
700	0.7
701	0.1
702	0.8
703	2.1
704	1.1
705	5.1
706	1
707	1.7
708	2.5
709	14.3
710	13.2
711	0
712	0
713	0.6
714	1
715	29.5
716	0
717	11.8
718	0.6
719	0.9
720	3.8
721	4.5
722	3.4
723	0.6
724	5.5
725	23.5
726	0
727	0
728	10.3
729	42.8
730	8.1
731	0.4
732	0
733	1.7
734	1.1
735	0
736	2.8
737	2.9
738	1.5
739	11.5
740	11
741	2.7
742	0.1
743	0.5
744	0
745	0
746	0.5
747	1
748	0
749	2.9
750	1.5
751	8.1
752	0.9
753	1.8
754	2.3
755	0.9
756	1.3
757	1
758	0.2
759	1.2
760	1.7
761	0.7
762	3.4
763	0.6
764	4.5
765	7.4
766	0
767	0.1
768	0.3
769	2.8
770	0.5
771	0.3
772	0.1
773	2.6
774	3.6
775	0.1
776	1
777	37.8
778	4.7
779	0
780	2.3
781	44.9
782	61
783	12.3
784	24.9
785	36.9
786	76.9
787	27.5
788	23
789	27.1
790	65.9
791	18.8
792	16.6
793	242.5
794	14.7
795	36
796	5
797	18.4
798	4.8
799	26.2
800	11.1
801	251.2
802	275.9
803	64.9
804	25.7
805	286.1
806	216.1
807	11.9
808	238.9
809	34.7
810	37.1
811	300.4
812	133.5
813	227.8
814	5
815	6.2
816	566.9
817	11.9
818	13.3
819	118
820	254.9
821	5.2
822	9.7
823	562.1
824	161.3
825	5.2
826	35.5
827	11.2
828	14.2
829	580.3
830	17.5
831	622.1
832	180.8
833	36.2
834	47.8
835	40.7
836	39.9
837	9.7
838	30
839	5.2
840	23
841	65.1
842	674.6
843	2.9
844	17.5
845	308.2
846	8.9
847	235.9
848	7.3
849	18.3
850	91.1
851	14.7
852	23.7
853	3.7
854	11.6
855	12.9
856	9.2
857	8.3
858	10.7
859	318.1
860	12
861	42.6
862	2.1
863	372.9
864	6.3
865	58.1
866	703.3
867	14.2
868	25
869	418.1
870	2.8
871	325.4
872	8.4
873	0.8
874	402.9
875	16.7
876	5.7
877	4.4
878	5.3
879	28.4
880	344.5
881	31.9
882	8.3
883	6.4
884	5.1
885	23.2
886	0.8
887	727.7
888	10.8
889	37.3
890	32.9
891	66.3
892	18.5
893	22.2
894	1
895	47.2
896	16.7
897	4.9
898	439.7
899	8.9
900	33.4
901	382.4
902	8.2
903	13
904	18.1
905	7.7
906	20.8
907	34.7
908	745.2
909	13.1
910	0
911	4.1
912	82.1
913	9.4
914	87.2
915	0
916	524.9
917	8.4
918	13.1
919	7.1
920	9.2
921	7.8
922	18.6
923	1.9
924	391.2
925	4.8
926	12.2
927	3.4
928	0
929	835.8
930	30.2
931	3.3
932	0.2
933	6
934	0
935	12.2
936	34.4
937	10
938	33.9
939	7.5
940	881.3
941	19.2
942	52.5
943	0
944	49.8
945	8.2
946	49.4
947	0
948	615
949	6.2
950	8.8
951	9.1
952	875.4
953	9.4
954	0.1
955	16.6
956	83.9
957	5.6
958	9.2
959	889.8
960	31.7
961	9.4
962	11.1
963	6.3
964	0
965	17.6
966	91.4
967	0
968	896.8
969	5.6
970	5.5
971	30.1
972	14.7
973	8.8
974	907.1
975	25.2
976	18.6
977	9.6
978	9.6
979	6.1
980	146.7
981	50
982	24.5
983	27.3
984	4.5
985	24.3
986	6.7
987	10
988	8.5
989	32.9
990	0
991	12.4
992	0
993	25.3
994	5.8
995	24.5
996	129.5
997	11.5
998	10.1
999	14.4
1000	0
1001	0.1
1002	12.6
1003	0
1004	149.4
1005	26
1006	9.3
1007	0
1008	0.1
1009	0
1010	73.7
1011	24.1
1012	8.6
1013	10.4
1014	6.1
1015	0.1
1016	0
1017	37.3
1018	10.3
1019	0.1
1020	24.2
1021	81.4
1022	8.2
1023	34.5
1024	11.8
1025	108.3
1026	25.5
1027	16.8
1028	180.9
1029	10.5
1030	0
1031	0
1032	0
1033	0
1034	31.4
1035	0
1036	445.3
1037	937.3
1038	16
1039	123.7
1040	11.4
1041	9.3
1042	0.1
1043	0
1044	117.6
1045	0.2
1046	0.3
1047	34.3
1048	199.6
1049	7.7
1050	0
1051	493.1
1052	291.9
1053	10.9
1054	1098.2
1055	247.7
1056	49.1
1057	0
1058	586.6
1059	0
1060	18.7
1061	0
1062	15
1063	15.2
1064	0
1065	1055
1066	8.7
1067	0
1068	0
1069	0
1070	7.1
1071	5.6
1072	0
1073	0
1074	21.5
1075	0
1076	12.5
1077	0
1078	74.5
1079	1210.1
1080	0.5
1081	0
1082	19.3
1083	0
1084	27.6
1085	16.8
1086	84.3
1087	0
1088	0
1089	0
1090	1183.2
1091	15.9
1092	0
1093	0.2
1094	0
1095	0.7
1096	0.3
1097	9.6
1098	0.2
1099	0
1100	0
1101	0
1102	628.1
1103	0
1104	12.4
1105	0.3
1106	0.1
1107	0
1108	0.1
1109	1214.4
1110	0
1111	0
1112	119.9
1113	18.1
1114	22.8
1115	0.1
1116	0.1
1117	74.3
1118	0.1
1119	12.4
1120	0.3
1121	0.1
1122	1.4
1123	1.6
1124	11.2
1125	13
1126	11.3
1127	12.8
1128	226.2
1129	53.3
1130	0.2
1131	0
1132	60.7
1133	102.5
1134	1178.9
1135	1225.6
1136	0
1137	0.1
1138	0.2
1139	12.8
1140	733.3
1141	0.2
1142	0
1143	10.7
1144	2.3
1145	0.1
1146	0.1
1147	1200.6
1148	11.6
1149	1197.4
1150	12.8
1151	1201
1152	270.3
1153	282.8
1154	0
1155	0
1156	7.2
1157	12.9
1158	102.1
1159	23.9
1160	0.5
1161	0
1162	0.1
1163	0.4
1164	11.9
1165	1248.4
1166	24.3
1167	7.1
1168	67.2
1169	16
1170	8.3
1171	1180.4
1172	36
1173	0.4
1174	15.5
1175	0.1
1176	9.2
1177	0
1178	0.2
1179	11.6
1180	0.4
1181	1180.1
1182	1203.8
1183	0
1184	2005.2
1185	15
1186	292.8
1187	1184.1
1188	1205
1189	1180.5
1190	1184.2
1191	13.4
1192	1205.4
1193	11.6
1194	1200.4
1195	7.7
1196	1184.1
1197	2107.3
1198	0
1199	17.6
1200	5.7
1201	1199.6
1202	0.6
1203	2107.3
1204	1181.5
1205	0.3
1206	0
1207	1179.6
1208	0
1209	1198.7
1210	27.2
1211	21
1212	0
1213	9.7
1214	317.2
1215	1180.9
1216	6.3
1217	1.9
1218	0
1219	0
1220	9.2
1221	1204.8
1222	1203.8
1223	0.3
1224	1205.2
1225	8.6
1226	13.6
1227	5.2
1228	0.1
1229	1180.8
1230	8.6
1231	0
1232	24.1
1233	0.2
1234	0.8
1235	0.1
1236	0
1237	58.9
1238	8.8
1239	0
1240	1205.8
1241	128
1242	39.2
1243	0.5
1244	1206.1
1245	20.8
1246	8.5
1247	59.9
1248	43.9
1249	37.9
1250	4.9
1251	0.1
1252	2107.3
1253	1214.1
1254	1.4
1255	0
1256	16.6
1257	4.4
1258	0.1
1259	0
1260	5.4
1261	10
1262	0
1263	0.5
1264	4.8
1265	8.1
1266	363.9
1267	2107.3
1268	14.1
1269	4.5
1270	47.7
1271	0.4
1272	1214.2
1273	4.1
1274	12.7
1275	1213.4
1276	16.6
1277	9.5
1278	89.7
1279	3.2
1280	46
1281	3.6
1282	0
1283	9.7
1284	36.3
1285	4.4
1286	12.3
1287	0.4
1288	2.3
1289	61.9
1290	1.4
1291	28.3
1292	0.6
1293	3.1
1294	2.6
1295	6.7
1296	0
1297	16.4
1298	372.6
1299	7.1
1300	3.8
1301	0
1302	1.9
1303	6.3
1304	2.6
1305	16.2
1306	0
1307	161.6
1308	1.1
1309	0
1310	71.5
1311	8.4
1312	7.9
1313	0.7
1314	18.1
1315	46
1316	5.1
1317	4
1318	0.6
1319	26
1320	5.5
1321	0
1322	2107.3
1323	0
1324	0.5
1325	76.5
1326	0
1327	0
1328	147.3
1329	9.6
1330	37.7
1331	10.5
1332	8.3
1333	12.5
1334	63.2
1335	0.2
1336	14.2
1337	0
1338	0
1339	0.3
1340	4.6
1341	16.5
1342	150.9
1343	0
1344	0
1345	0.2
1346	46
1347	174.4
1348	7.9
1349	0.1
1350	2107.3
1351	4.3
1352	2.6
1353	139.7
1354	0
1355	9.1
1356	4.4
1357	5.8
1358	6.7
1359	0.3
1360	0
1361	0.3
1362	8.2
1363	46
1364	0
1365	51.3
1366	0
1367	46
1368	4.1
1369	0
1370	0.1
1371	0
1372	1.8
1373	93.6
1374	0.3
1375	38.8
1376	2.5
1377	2.6
1378	0.3
1379	0.3
1380	20.8
1381	46
1382	11.7
1383	0
1384	2.4
1385	3.4
1386	5.6
1387	0
1388	0
1389	0
1390	6.1
1391	477.7
1392	11.3
1393	0
1394	0
1395	20.5
1396	0
1397	9.2
1398	0
1399	46
1400	3.6
1401	0
1402	0
1403	201.1
1404	1.1
1405	0.3
1406	0
1407	46
1408	0
1409	471.5
1410	0
1411	161.1
1412	0
1413	26.8
1414	1.5
1415	10.3
1416	56.2
1417	0
1418	7.8
1419	0
1420	2.4
1421	0
1422	0
1423	8
1424	99
1425	0
1426	146.1
1427	0.1
1428	0
1429	0
1430	6.4
1431	217.9
1432	0
1433	6.9
1434	2153.3
1435	19.2
1436	2107.3
1437	99
1438	0
1439	0.2
1440	4.2
1441	5
1442	17730.4
1443	20.6
1444	0
1445	0
1446	719.1
1447	0.1
1448	30.2
1449	46
1450	0
1451	17730.4
1452	2153.3
1453	34.3
1454	9.1
1455	0
1456	15577.1
1457	252.7
1458	3.8
1459	0.5
1460	0.1
1461	65.8
1462	17730.6
1463	0
1464	0
1465	0
1466	9.9
1467	0
1468	17730.6
1469	5.6
1470	692.4
1471	0
1472	17730.4
1473	553.7
1474	0.3
1475	13.5
1476	17730.6
1477	0
1478	10.7
1479	102.8
1480	0
1481	32
1482	3.8
1483	0
1484	15576.8
1485	5.6
1486	0.1
1487	0
1488	29.1
1489	21.3
1490	0.1
1491	6
1492	3.9
1493	745.3
1494	10
1495	110.4
1496	116.6
1497	82.6
1498	0
1499	11.6
1500	777.4
1501	6.5
1502	32.8
1503	0.3
1504	127.6
1505	12.2
1506	12.9
1507	0
1508	0.1
1509	3.4
1510	0.1
1511	15575.7
1512	0
1513	32.1
1514	0
1515	0.1
1516	0
1517	783.7
1518	0
1519	5.9
1520	0.3
1521	0
1522	0
1523	0
1524	127.6
1525	0
1526	0.1
1527	20.8
1528	0
1529	8.1
1530	26.2
1531	0
1532	0.3
1533	0
1534	10.2
1535	2.8
1536	8.1
1537	0.1
1538	2.7
1539	0.3
1540	0
1541	17730.9
1542	0
1543	15.1
1544	0
1545	0.1
1546	6.7
1547	9.4
1548	17730.8
1549	0
1550	0
1551	133.5
1552	238.4
1553	19
1554	19.2
1555	5.3
1556	12.1
1557	0.1
1558	0.1
1559	20
1560	784
1561	0
1562	0
1563	0.3
1564	0
1565	63
1566	0.3
1567	17730.8
1568	0
1569	7.1
1570	5.4
1571	0
1572	0.1
1573	39.2
1574	0
1575	14.5
1576	15575.6
1577	9.7
1578	0
1579	0
1580	313
1581	326.4
1582	11.7
1583	4.7
1584	2.9
1585	27.1
1586	9.9
1587	0
1588	815.8
1589	0.1
1590	0.2
1591	17730.8
1592	794.8
1593	0
1594	12.9
1595	20.4
1596	624.8
1597	17730.8
1598	23.6
1599	618.6
1600	8.5
1601	16.2
1602	8.3
1603	23
1604	4.2
1605	0.6
1606	0
1607	0
1608	12.8
1609	0
1610	4.3
1611	0.4
1612	21.6
1613	624.8
1614	43.6
1615	15496.5
1616	14.6
1617	0
1618	18.5
1619	815.9
1620	15414.5
1621	368.9
1622	11.6
1623	0
1624	11.2
1625	18.5
1626	123.2
1627	0
1628	19.5
1629	17731
1630	24.1
1631	4.2
1632	39.5
1633	0
1634	70.4
1635	67.4
1636	663.6
1637	22.9
1638	6.1
1639	1.9
1640	0
1641	27.3
1642	20.7
1643	13.4
1644	0.2
1645	15.6
1646	24.8
1647	17731
1648	1
1649	0.3
1650	0.1
1651	76
1652	5.7
1653	0.1
1654	15286.2
1655	30.6
1656	16.3
1657	26.7
1658	696.8
1659	30.8
1660	34.6
1661	0.6
1662	0
1663	68.5
1664	1
1665	0.2
1666	84.3
1667	14.2
1668	52.3
1669	17.6
1670	1217.4
1671	9.9
1672	15269
1673	62.3
1674	18.1
1675	129.6
1676	1.2
1677	0.7
1678	9.6
1679	229.6
1680	16.4
1681	248.6
1682	746.4
1683	24.8
1684	16.7
1685	21
1686	5
1687	229.6
1688	90.9
1689	0.7
1690	37.4
1691	1.1
1692	7716.1
1693	7493
1694	25.1
1695	21.3
1696	2092.4
1697	6182.3
1698	746.4
1699	4.4
1700	4.2
1701	7686.2
1702	6154.2
1703	254.8
1704	2092.4
1705	0.2
1706	14.8
1707	746.5
1708	746.7
1709	14.1
1710	3.2
1711	6.2
1712	175
1713	7676.5
1714	62.2
1715	23.7
1716	28.2
1717	6.1
1718	60.4
1719	11.8
1720	7.9
1721	7550
1722	18.5
1723	238.4
1724	28.2
1725	1340.1
1726	6
1727	18.1
1728	183.6
1729	1
1730	38.8
1731	4.2
1732	171.7
1733	33.5
1734	6271.4
1735	7.4
1736	746.5
1737	6
1738	4.4
1739	1030
1740	0
1741	0.7
1742	0.2
1743	93.9
1744	8.9
1745	52.3
1746	2100.4
1747	259.2
1748	21.8
1749	6.8
1750	10.1
1751	2105.3
1752	2111.9
1753	15.3
1754	82.7
1755	5.2
1756	1257.4
1757	34.9
1758	3.7
1759	116.1
1760	1022.7
1761	33.9
1762	5.9
1763	13.3
1764	6.6
1765	0.9
1766	25.4
1767	2300
1768	0
1769	2458.8
1770	60.4
1771	6
1772	0
1773	8
1774	207.1
1775	0
1776	7.5
1777	5823.4
1778	0.1
1779	0.5
1780	0.1
1781	2422.3
1782	120.7
1783	2498.7
1784	276.5
1785	7633.6
1786	4.5
1787	88
1788	9.8
1789	5.2
1790	0.2
1791	4.7
1792	129.3
1793	1014.2
1794	35.7
1795	7607.8
1796	7712.6
1797	13.6
1798	11.1
1799	0
1800	11.7
1801	4.9
1802	5.4
1803	0
1804	291.2
1805	0.5
1806	46.4
1807	29.7
1808	291.2
1809	18.3
1810	31.1
1811	5463.7
1812	0
1813	13.4
1814	19.7
1815	3040.8
1816	6.5
1817	5.8
1818	3036.8
1819	33.9
1820	9.9
1821	5.1
1822	20.5
1823	4.6
1824	0
1825	49.9
1826	46.2
1827	2411.8
1828	5453.5
1829	125.5
1830	0
1831	628.5
1832	0
1833	15.4
1834	0
1835	7586.4
1836	7569.5
1837	0
1838	0
1839	7.1
1840	48
1841	554.8
1842	702.3
1843	35.8
1844	5457.9
1845	16.6
1846	0
1847	616.4
1848	5.5
1849	47
1850	7.7
1851	33.8
1852	105.1
1853	10.1
1854	144
1855	4
1856	228.5
1857	0
1858	13.3
1859	47
1860	1007.3
1861	0
1862	14.2
1863	7505
1864	5.8
1865	4.7
1866	8.3
1867	7518.4
1868	52.1
1869	10.1
1870	77.9
1871	19.6
1872	323.8
1873	188.6
1874	34.3
1875	7505
1876	40.5
1877	0
1878	7505
1879	24.5
1880	20.8
1881	17.4
1882	0
1883	6.5
1884	9.2
1885	6.3
1886	8.5
1887	0
1888	7.6
1889	0
1890	20.8
1891	85.7
1892	17.9
1893	4.2
1894	4.5
1895	47
1896	4.6
1897	25.1
1898	19.2
1899	300.7
1900	0
1901	7
1902	9.9
1903	7.8
1904	10.9
1905	2410.8
1906	0
1907	0
1908	929.6
1909	5.3
1910	87.8
1911	10.7
1912	6.6
1913	0
1914	20
1915	0
1916	91.9
1917	4
1918	6.7
1919	0
1920	7505
1921	7.8
1922	0
1923	0
1924	7505
1925	8
1926	56
1927	12.1
1928	2313.4
1929	0
1930	0
1931	0
1932	25.8
1933	10.2
1934	7.8
1935	0
1936	7.8
1937	7505
1938	33.2
1939	15.5
1940	0
1941	250.4
1942	21.1
1943	7505
1944	15.2
1945	0
1946	0
1947	0
1948	718.9
1949	8.5
1950	79.6
1951	0
1952	2.6
1953	88.6
1954	7505
1955	1.8
1956	6.8
1957	12.2
1958	0
1959	3.1
1960	2275.6
1961	14.1
1962	37.9
1963	0
1964	0
1965	0
1966	14.1
1967	716.6
1968	2.4
1969	0
1970	66.4
1971	0
1972	0
1973	7505
1974	73.3
1975	97.4
1976	1.5
1977	718.9
1978	26.7
1979	77
1980	0
1981	2260.1
1982	15.7
1983	0
1984	0
1985	61.9
1986	2.5
1987	10.4
1988	57.4
1989	432.3
1990	117.4
1991	0
1992	0
1993	4.1
1994	6
1995	2103.6
1996	0
1997	5.2
1998	26.4
1999	0
2000	85.6
2001	39
2002	2.9
2003	3.4
2004	7505
2005	0
2006	5.6
2007	0
2008	716.6
2009	0
2010	50
2011	302.2
2012	0
2013	64.4
2014	173.4
2015	5.7
2016	0
2017	0
2018	2.6
2019	7505
2020	0
2021	279.6
2022	262.6
2023	12.6
2024	139
2025	20.8
2026	0
2027	3.1
2028	19
2029	208.9
2030	0
2031	6.3
2032	0.4
2033	0
2034	0
2035	36.3
2036	11.6
2037	22.5
2038	112.6
2039	0
2040	0
2041	11
2042	4.3
2043	40.1
2044	11.2
2045	0
2046	7505
2047	3
2048	0
2049	0
2050	55
2051	1.7
2052	0
2053	15.9
2054	10.8
2055	1.9
2056	170
2057	15
2058	19.5
2059	0
2060	259.6
2061	0.4
2062	2162.5
2063	0
2064	4.3
2065	0
2066	0
2067	3.9
2068	0
2069	12.1
2070	3.8
2071	6.1
2072	0
2073	5.7
2074	8.2
2075	0
2076	28.3
2077	0
2078	4.4
2079	0
2080	0
2081	5.1
2082	0
2083	1.8
2084	1942.4
2085	0
2086	9.4
2087	0
2088	28.5
2089	3.1
2090	9.5
2091	6.6
2092	7.3
2093	5.2
2094	0
2095	2
2096	0
2097	250.1
2098	19.7
2099	4.8
2100	23.8
2101	0
2102	23.7
2103	7505
2104	7505
2105	0
2106	0
2107	0
2108	17.8
2109	0
2110	0
2111	0
2112	66.6
2113	1934.8
2114	0
2115	16.1
2116	7.4
2117	3.3
2118	77.7
2119	1843.6
2120	11
2121	1.4
2122	33
2123	0
2124	26.1
2125	2.6
2126	0
2127	229.3
2128	0
2129	7505
2130	0
2131	10.4
2132	7.5
2133	0
2134	0
2135	1843.3
2136	23.4
2137	10.1
2138	2
2139	15.7
2140	7505
2141	41.6
2142	32.8
2143	0
2144	0
2145	24
2146	1.9
2147	10.4
2148	16.9
2149	0
2150	26.7
2151	0
2152	22.4
2153	161
2154	13.4
2155	0
2156	0
2157	0
2158	3.6
2159	2.5
2160	188.5
2161	0
2162	0
2163	23.9
2164	0
2165	3.4
2166	7505
2167	0
2168	0
2169	39.3
2170	0
2171	0
2172	0
2173	47.3
2174	0
2175	1.2
2176	0
2177	284.4
2178	4.1
2179	0
2180	3.1
2181	56
2182	0
2183	0
2184	0
2185	12.8
2186	1.2
2187	1.9
2188	7505
2189	0
2190	217.3
2191	0
2192	0
2193	0
2194	25.4
2195	3.7
2196	0
2197	10.5
2198	7505
2199	284.4
2200	0
2201	2.6
2202	7
2203	0
2204	7505
2205	0
2206	195
2207	2.4
2208	1.2
2209	0
2210	62.7
2211	0
2212	4.3
2213	462.3
2214	0
2215	5.2
2216	177
2217	0
2218	0
2219	31.7
2220	11
2221	0
2222	98
2223	0
2224	0
2225	177.6
2226	30
2227	67.1
2228	0
2229	0
2230	4.9
2231	0
2232	1558.9
2233	0
2234	18.4
2235	0
2236	0
2237	0
2238	0
2239	167
2240	0
2241	4.8
2242	0
2243	0
2244	0
2245	11.3
2246	0.5
2247	0
2248	21.8
2249	58.7
2250	7505
2251	1.8
2252	1060.9
2253	0
2254	1.6
2255	0
2256	18.7
2257	11.6
2258	0
2259	1011.3
2260	0
2261	0
2262	0
2263	17.8
2264	48.7
2265	962.9
2266	0
2267	0
2268	61.1
2269	164.4
2270	0
2271	13.4
2272	0
2273	10.5
2274	0
2275	27.3
2276	2
2277	0
2278	0.4
2279	7504.5
2280	0
2281	0
2282	953.2
2283	3.5
2284	0.4
2285	905
2286	50.3
2287	8.9
2288	18.9
2289	0
2290	0
2291	7504.5
2292	892
2293	153.1
2294	153.1
2295	14.4
2296	9.5
2297	27.8
2298	0
2299	1.5
2300	0
2301	0.3
2302	0
2303	0.5
2304	0
2305	7504.5
2306	719.2
2307	71.6
2308	0
2309	9.1
2310	63.7
2311	0.1
2312	0
2313	3.6
2314	0
2315	0.3
2316	7500.9
2317	21
2318	7500.9
2319	3.6
2320	18.7
2321	26.3
2322	0
2323	0
2324	45.7
2325	48.2
2326	4.3
2327	3.6
2328	11.4
2329	3.6
2330	0
2331	0.1
2332	139.1
2333	3.6
2334	13
2335	0.1
2336	17.9
2337	0.1
2338	9
2339	131.3
2340	18.5
2341	9.3
2342	0.1
2343	3.3
2344	2.9
2345	126.6
2346	32.9
2347	0
2348	3.5
2349	84.3
2350	0
2351	18.7
2352	3.6
2353	10.5
2354	0.6
2355	9.6
2356	0
2357	2.8
2358	1.9
2359	634.6
2360	6.2
2361	7.5
2362	9.2
2363	23
2364	5.1
2365	5.2
2366	0.1
2367	0.4
2368	11.8
2369	3.9
2370	12
2371	0.1
2372	3.2
2373	21.9
2374	1.2
2375	0.5
2376	0.3
2377	4.6
2378	8.1
2379	2087.7
2380	11.8
2381	7.1
2382	9
2383	0.1
2384	2.4
2385	1.5
2386	0
2387	0
2388	183.2
2389	27.9
2390	1.8
2391	194.2
2392	614.6
2393	0.6
2394	519.6
2395	95
2396	2080
2397	0
2398	0.5
2399	10.1
2400	0.1
2401	7.4
2402	41.2
2403	3.4
2404	4.6
2405	30.7
2406	247.1
2407	0.3
2408	10.5
2409	36
2410	169.8
2411	154.1
2412	45.4
2413	0.5
2414	8.7
2415	101.1
2416	2063.5
2417	250.9
2418	17.5
2419	5047.1
2420	16.5
2421	0.3
2422	14.3
2423	8
2424	94.2
2425	2.4
2426	0.2
2427	0
2428	25.7
2429	1.7
2430	0.1
2431	6.3
2432	2040.5
2433	9.3
2434	16.1
2435	0
2436	2040.4
2437	68.5
2438	48.6
2439	42.9
2440	4.7
2441	0.6
2442	5.2
2443	7.6
2444	500.7
2445	10.5
2446	5.9
2447	11.8
2448	147.3
2449	0.3
2450	0.1
2451	4
2452	15.6
2453	419.4
2454	0.1
2455	2040.2
2456	35.8
2457	0.2
2458	5039.8
2459	9.7
2460	15.2
2461	74.7
2462	17.7
2463	2.1
2464	202.1
2465	0.8
2466	0.1
2467	639.6
2468	260.9
2469	7.1
2470	45.4
2471	5039.8
2472	9.7
2473	11.9
2474	17.3
2475	5009.7
2476	2
2477	24.4
2478	4.4
2479	0.9
2480	5.9
2481	10.8
2482	49.1
2483	0.2
2484	2038
2485	231.7
2486	19.3
2487	0.1
2488	4.8
2489	100.9
2490	50.9
2491	1.6
2492	23.3
2493	0.5
2494	15.4
2495	8.5
2496	1.1
2497	600.1
2498	208.8
2499	42.7
2500	1960.6
2501	29.2
2502	17.8
2503	37.6
2504	36.5
2505	1960.6
2506	12.6
2507	0.3
2508	24.1
2509	0.8
2510	10.5
2511	46.8
2512	1923.9
2513	27.5
2514	169.7
2515	177
2516	4926.5
2517	7.2
2518	2.8
2519	13.5
2520	1858.5
2521	104.1
2522	400.8
2523	1.8
2524	0.3
2525	5.5
2526	106.3
2527	13
2528	12.1
2529	8.1
2530	639.6
2531	588.3
2532	8.5
2533	58.7
2534	39.4
2535	9.8
2536	19
2537	47.1
2538	382.8
2539	506.3
2540	175.5
2541	64.8
2542	1858.5
2543	18
2544	33
2545	296.1
2546	83.1
2547	13.5
2548	205
2549	6.9
2550	0.5
2551	30.4
2552	444.2
2553	24.6
2554	816
2555	7
2556	10.2
2557	22.2
2558	24.1
2559	545.8
2560	137.7
2561	129.2
2562	39.6
2563	316.2
2564	791.9
2565	106.2
2566	2.2
2567	8.8
2568	349.6
2569	51
2570	5.4
2571	1.5
2572	4922.7
2573	0.5
2574	4898.8
2575	30.4
2576	13.7
2577	7.7
2578	11.8
2579	10.7
2580	4838.5
2581	445.4
2582	282
2583	25.7
2584	0.6
2585	41.5
2586	26.8
2587	21.7
2588	4.9
2589	66.2
2590	8.6
2591	9.1
2592	115.8
2593	400.6
2594	15.2
2595	0.2
2596	77.1
2597	25.5
2598	430.4
2599	5.8
2600	7.4
2601	8.9
2602	106
2603	95.4
2604	29.7
2605	42.4
2606	1.5
2607	35.7
2608	20
2609	46.7
2610	0.2
2611	22.7
2612	6.8
2613	12.4
2614	271
2615	10.1
2616	61.7
2617	167
2618	14.7
2619	4791.9
2620	43.8
2621	10.7
2622	15.5
2623	16.8
2624	84.8
2625	320.8
2626	2.4
2627	46.1
2628	13
2629	0.2
2630	13.4
2631	7.3
2632	18.8
2633	37
2634	50.2
2635	5.9
2636	54.3
2637	0.2
2638	39.4
2639	382.2
2640	336.6
2641	13.3
2642	12.7
2643	167.5
2644	47.9
2645	108
2646	325.4
2647	2.6
2648	20.4
2649	4
2650	32.2
2651	0.1
2652	6.9
2653	42.7
2654	68.1
2655	44.4
2656	110.9
2657	3
2658	281.4
2659	37.2
2660	80
2661	161.2
2662	53.7
2663	128
2664	19.9
2665	138.3
2666	54.2
2667	1.7
2668	27.9
2669	6.6
2670	25.9
2671	57.1
2672	41.9
2673	0.1
2674	5.8
2675	75.9
2676	0.7
2677	90.6
2678	15.8
2679	3.3
2680	14.1
2681	4790.7
2682	2617.5
2683	51.3
2684	6.6
2685	81.1
2686	12.4
2687	15.5
2688	19.1
2689	2061.8
2690	10.4
2691	2681.3
2692	0.3
2693	17
2694	19.6
2695	0.4
2696	43.5
2697	0.1
2698	66.2
2699	7.1
2700	14.3
2701	0.8
2702	9.3
2703	20.6
2704	0.4
2705	17.7
2706	13
2707	1.6
2708	292.1
2709	22.9
2710	323
2711	19.9
2712	0
2713	10.8
2714	40.4
2715	22
2716	12.6
2717	2316
2718	23.1
2719	10.5
2720	26.9
2721	10.1
2722	17.5
2723	92.8
2724	3.5
2725	364.6
2726	45.6
2727	37.5
2728	40.6
2729	20
2730	30.6
2731	0
2732	39.1
2733	15.3
2734	19.3
2735	12.9
2736	3.5
2737	84.7
2738	427.7
2739	67
2740	2275.8
2741	453.8
2742	8.7
2743	16.6
2744	15.3
2745	17.2
2746	3.5
2747	16.6
2748	0
2749	88.6
2750	70.8
2751	10.8
2752	47
2753	8.7
2754	108.5
2755	624.5
2756	32.6
2757	122.6
2758	22.4
2759	8.9
2760	5.5
2761	4.4
2762	82.4
2763	41.3
2764	9.8
2765	184.9
2766	14.8
2767	1.1
2768	169.5
2769	6.9
2770	147.5
2771	31.7
2772	1866.3
2773	4.4
2774	38
2775	1708.8
2776	206
2777	31.2
2778	17.1
2779	173.2
2780	2.9
2781	15.7
2782	16.4
2783	15.1
2784	20.8
2785	45
2786	10.6
2787	82.6
2788	4.7
2789	66.1
2790	32
2791	43.8
2792	24.1
2793	46.1
2794	24.5
2795	5
2796	1230.6
2797	117.7
2798	28
2799	15.9
2800	1705.9
2801	21
2802	57.5
2803	8.6
2804	9.2
2805	1676.2
2806	14.3
2807	20
2808	311.5
2809	1901.3
2810	1.2
2811	35.5
2812	5
2813	1216
2814	26.4
2815	20.7
2816	183.4
2817	152.2
2818	12.8
2819	23.5
2820	12.7
2821	245.1
2822	7.6
2823	13.1
2824	63.1
2825	174.8
2826	60.5
2827	5.3
2828	11.5
2829	9.3
2830	276.7
2831	23.4
2832	247.1
2833	199
2834	29
2835	12.4
2836	31.1
2837	30.5
2838	21.4
2839	42.1
2840	38.6
2841	31.8
2842	33.3
2843	8.9
2844	5.5
2845	222.8
2846	72.6
2847	55.1
2848	77
2849	22
2850	1558.4
2851	14.9
2852	25.2
2853	7.2
2854	29.8
2855	21.8
2856	42.1
2857	19.2
2858	11.9
2859	285.1
2860	9.6
2861	228.7
2862	5.6
2863	3.6
2864	1194.5
2865	140.8
2866	15.4
2867	41
2868	5.1
2869	15.4
2870	327.3
2871	45.4
2872	1239
2873	19
2874	81.9
2875	390.5
2876	1.6
2877	51.4
2878	10.1
2879	4.5
2880	353.4
2881	12.1
2882	58.6
2883	66.2
2884	41.8
2885	5
2886	10.2
2887	13.3
2888	98.5
2889	8.6
2890	7.9
2891	197.4
2892	100.3
2893	23.6
2894	16.2
2895	160.7
2896	100.1
2897	45.4
2898	395.3
2899	15.5
2900	65.8
2901	114.7
2902	10.4
2903	68.4
2904	106.3
2905	61
2906	270.5
2907	23.4
2908	40.3
2909	78
2910	101.4
2911	10.7
2912	50.4
2913	155
2914	132.3
2915	7.9
2916	63.2
2917	15.6
2918	19
2919	116.8
2920	2.8
2921	49.2
2922	85.6
2923	31.1
2924	371.3
2925	62.7
2926	330.8
2927	8.3
2928	52.8
2929	14.6
2930	54.4
2931	578.2
2932	981.6
2933	10.5
2934	21.3
2935	13.5
2936	143.7
2937	10.8
2938	3.9
2939	76.5
2940	146.9
2941	469.8
2942	10.3
2943	51
2944	2.7
2945	14.1
2946	38.9
2947	396
2948	46.3
2949	95.3
2950	14.2
2951	22.9
2952	20.2
2953	97.7
2954	12.9
2955	720.1
2956	938.2
2957	381.3
2958	606
2959	312.9
2960	167.8
2961	25.2
2962	19.3
2963	16.6
2964	49.7
2965	8.4
2966	424
2967	46.3
2968	12
2969	10.3
2970	7.6
2971	154.4
2972	24.3
2973	190.2
2974	8.3
2975	41.9
2976	439.3
2977	7.8
2978	23.9
2979	16.6
2980	34.1
2981	38.6
2982	32.4
2983	13.6
2984	94.6
2985	12
2986	49
2987	21.6
2988	1375.7
2989	2.8
2990	26.7
2991	39.9
2992	36.6
2993	122.2
2994	95.8
2995	68.7
2996	491.5
2997	428.4
2998	7.8
2999	119.6
3000	526.2
3001	6
3002	47.9
3003	163.1
3004	6.1
3005	11.5
3006	16.9
3007	28.7
3008	18.1
3009	382.2
3010	196.6
3011	11.3
3012	28.9
3013	18.5
3014	9.9
3015	5.7
3016	131.7
3017	58.2
3018	691.7
3019	4.4
3020	6456.5
3021	105
3022	8.7
3023	4.5
3024	34.2
3025	4584.1
3026	18.3
3027	1467
3028	3885.8
3029	2452.5
3030	22.4
3031	367.8
3032	59.8
3033	2.5
3034	20.9
3035	3889.5
3036	196.2
3037	10.4
3038	274.6
3039	54.8
3040	134.9
3041	44.5
3042	86.1
3043	2488.2
3044	10.4
3045	1619.7
3046	245.1
3047	263.7
3048	29.9
3049	6315.8
3050	52.2
3051	8.5
3052	137.9
3053	44.8
3054	6221.5
3055	1620.2
3056	2514.3
3057	4.4
3058	2469.5
3059	6.3
3060	6.4
3061	9.9
3062	31.5
3063	438.8
3064	201.5
3065	298
3066	27.6
3067	231.6
3068	97.3
3069	5
3070	3877.5
3071	343.1
3072	20.1
3073	41.7
3074	325
3075	7.5
3076	13.7
3077	1610.4
3078	7.7
3079	24.7
3080	3818
3081	4.2
3082	7.4
3083	111.2
3084	5.6
3085	120.4
3086	13.6
3087	130
3088	27
3089	55.7
3090	24.7
3091	7.6
3092	24.4
3093	32.4
3094	26.6
3095	2.2
3096	132.8
3097	16.8
3098	65.3
3099	11
3100	1468.3
3101	41.4
3102	11.4
3103	39.4
3104	48.3
3105	18.2
3106	111.6
3107	533
3108	4.4
3109	5.5
3110	9.7
3111	107.3
3112	5.2
3113	140.5
3114	9.1
3115	12.8
3116	14
3117	188.2
3118	44
3119	36.8
3120	3.9
3121	44
3122	1.6
3123	36.2
3124	1.7
3125	70.1
3126	7.9
3127	1.9
3128	2.8
3129	7.3
3130	1.6
3131	23.4
3132	20.8
3133	57.5
3134	184.1
3135	3
3136	125
3137	1.1
3138	3.1
3139	100.9
3140	28.2
3141	2.3
3142	24.7
3143	43.6
3144	278.3
3145	1.6
3146	1.2
3147	5.1
3148	47.5
3149	84.9
3150	1.1
3151	45.3
3152	679.6
3153	92.8
3154	49.6
3155	162.9
3156	7.7
3157	8.3
3158	1.3
3159	56.3
3160	2.9
3161	36
3162	45.3
3163	4.2
3164	1.9
3165	5
3166	611.9
3167	40.5
3168	63.9
3169	87.3
3170	64.5
3171	5
3172	108.9
3173	134.9
3174	61.5
3175	28.2
3176	1.7
3177	138.2
3178	176
3179	1.1
3180	2.4
3181	31.8
3182	64.6
3183	30.8
3184	69
3185	29.2
3186	7.6
3187	64.3
3188	28.3
3189	8.1
3190	1.2
3191	7.8
3192	21.5
3193	3.1
3194	62.7
3195	49.9
3196	99.9
3197	24.4
3198	5.1
3199	28
3200	1
3201	33.4
3202	0
3203	68.2
3204	28.7
3205	35.5
3206	1.1
3207	119.8
3208	32.6
3209	0.5
3210	147.5
3211	42.4
3212	116.3
3213	78.5
3214	3.2
3215	2
3216	32.5
3217	37.1
3218	93.4
3219	327.4
3220	4.9
3221	33.4
3222	297
3223	1.9
3224	123.9
3225	37.2
3226	45.4
3227	30.6
3228	80.3
3229	0.9
3230	4.6
3231	1.1
3232	0.9
3233	2.6
3234	24.5
3235	366.3
3236	26.9
3237	2.1
3238	217.1
3239	1.7
3240	4.8
3241	4.8
3242	9.4
3243	26.4
3244	82.2
3245	67.8
3246	27.3
3247	0.7
3248	1.1
3249	1.6
3250	19.5
3251	314
3252	28.2
3253	77.2
3254	28.4
3255	2.9
3256	0.8
3257	43.3
3258	108.6
3259	23.4
3260	2.6
3261	1.2
3262	150.9
3263	56.9
3264	42.1
3265	2.7
3266	7.4
3267	11.9
3268	180.7
3269	123.3
3270	0.9
3271	1.4
3272	89.7
3273	1
3274	174
3275	2
3276	4.6
3277	5.7
3278	15.4
3279	1.2
3280	10.3
3281	23
3282	0.8
3283	17.2
3284	0.9
3285	13.5
3286	236.4
3287	7.5
3288	11.7
3289	4.1
3290	2.6
3291	29.1
3292	5.1
3293	5.7
3294	2.4
3295	1.3
3296	4
3297	58.7
3298	7.2
3299	1.8
3300	18.1
3301	2.1
3302	2.7
3303	22.4
3304	2.6
3305	26.2
3306	1
3307	6
3308	20.1
3309	9.3
3310	7.7
3311	1.6
3312	5.7
3313	9.4
3314	11.3
3315	0.9
3316	56.7
3317	0.9
3318	39.9
3319	2
3320	21.3
3321	3.3
3322	1.1
3323	5.2
3324	3
3325	1.2
3326	5.6
3327	7.7
3328	1.9
3329	6.5
3330	6.3
3331	9
3332	9.8
3333	1
3334	2.7
3335	13.2
3336	1.2
3337	2.4
3338	17.9
3339	4.5
3340	1
3341	25.3
3342	0.7
3343	3.3
3344	2.5
3345	1.3
3346	4.5
3347	6.8
3348	0.8
3349	0.4
3350	12.3
3351	1.1
3352	23.4
3353	44.9
3354	1.2
3355	6.7
3356	2.8
3357	0.8
3358	1.5
3359	1.5
3360	21.1
3361	2.3
3362	0.4
3363	13.7
3364	2.3
3365	3.8
3366	37.1
3367	1.6
3368	2.6
3369	2
3370	4.2
3371	1.4
3372	2.4
3373	1.5
3374	35.8
3375	0.4
3376	5.7
3377	0.6
3378	0.4
3379	3.6
3380	27.1
3381	1.5
3382	0.3
3383	3.7
3384	16.1
3385	9.7
3386	2.1
3387	1.7
3388	0.3
3389	11.9
3390	8.1
3391	3.3
3392	1.3
3393	0.9
3394	3.4
3395	3.1
3396	6.3
3397	2.5
3398	2.4
3399	1.7
3400	190.1
3401	73.5
3402	150.1
3403	632.3
3404	391.1
3405	366
3406	209.3
3407	1021.8
3408	111.1
3409	1055.8
3410	0
3411	0
3412	45.6
3413	146.5
3414	90
3415	67.3
3416	12.2
3417	50.3
3418	81.1
3419	756.8
3420	1198
3421	2107.3
3422	48.1
3423	345.6
3424	27.5
3425	184.2
3426	435.8
3427	2.9
3428	24.1
3429	49.8
3430	12.2
3431	205.5
3432	414
3433	43.1
3434	74.2
3435	17730.6
3436	698.6
3437	76.6
3438	17730.6
3439	17730.7
3440	121.5
3441	578.4
3442	15576.8
3443	212.7
3444	98.2
3445	17730.7
3446	17731
3447	17730.6
3448	0.9
3449	20.8
3450	17730.9
3451	611.5
3452	155.6
3453	34.6
3454	238.4
3455	45.7
3456	1216.1
3457	197.8
3458	88.1
3459	7.6
3460	217.5
3461	7491.5
3462	321.4
3463	2092.4
3464	736.5
3465	2.2
3466	31.3
3467	12.6
3468	5775.3
3469	24.3
3470	2725.5
3471	65.3
3472	48.4
3473	112.5
3474	993
3475	7505
3476	0
3477	51.5
3478	13.3
3479	7505
3480	2320.3
3481	33.5
3482	822.3
3483	7.7
3484	2261.4
3485	39.9
3486	0
3487	336.5
3488	54.8
3489	2090.9
3490	2056.3
3491	0
3492	46.1
3493	1927.9
3494	139.7
3495	123.5
3496	226.7
3497	1835.9
3498	1608.1
3499	359.8
3500	1552.5
3501	210.2
3502	14
3503	7505
3504	7504.5
3505	148.5
3506	798.2
3507	7504.5
3508	1.4
3509	148
3510	7500.9
3511	692.3
3512	72
3513	113
3514	7500.9
3515	561.6
3516	7395.1
3517	41.1
3518	2060.6
3519	74
3520	2.1
3521	5043.1
3522	198.3
3523	5001.3
3524	41.7
3525	4992.3
3526	10.2
3527	4922.3
3528	1022.5
3529	96.3
3530	49
3531	382.4
3532	7.9
3533	4838.5
3534	4791.6
3535	278.4
3536	2440.5
3537	16.3
3538	0.2
3539	280.3
3540	211.8
3541	2034.6
3542	2234
3543	1981.4
3544	82.8
3545	69.7
3546	101.1
3547	1197.4
3548	1509.7
3549	284.8
3550	471.3
3551	652.3
3552	1153.9
3553	1078.4
3554	703.1
3555	953.9
3556	921
3557	17.8
3558	589.2
3559	193.5
3560	393.7
3561	6245.4
3562	256.8
3563	2249.2
3564	366.7
3565	363.5
3566	30.2
3567	2153.4
3568	3803.3
3569	332.1
3570	1431.6
3571	843.8
3572	213.1
3573	405.8
3574	310.8
3575	177
3576	1064.8
3577	1236.5
3578	744.6
3579	273.1
3580	92.9
3581	11.6
3582	322.8
3583	133.3
3584	466.6
3585	35.9
3586	310.2
3587	15.7
3588	16.1
3589	10.5
3590	32.3
3591	91.5
3592	13.9
3593	3.1
3594	8.2
