"COMID"	"Value"
1	39
2	124.8
3	6.8
4	2.3
5	5.5
6	0
7	44.3
8	10.3
9	57.9
10	0
11	5
12	34.3
13	148
14	82.4
15	7
16	26.9
17	17.3
18	45.3
19	8.3
20	88.2
21	7.3
22	16.9
23	0
24	0.5
25	11.2
26	14.7
27	1.8
28	2.4
29	1.3
30	0
31	189.7
32	0.7
33	9.1
34	38
35	0.7
36	4.8
37	119.5
38	0
39	3.7
40	64.4
41	50
42	2.7
43	82.4
44	0.8
45	154.6
46	2410.4
47	262
48	10.9
49	19.1
50	144.8
51	1.3
52	1468.8
53	5
54	13.4
55	11.5
56	151
57	75.9
58	59.8
59	20
60	43.7
61	1.6
62	1.7
63	12.6
64	178.7
65	6.9
66	38.1
67	30.6
68	71.5
69	16.3
70	0.1
71	28.2
72	8.7
73	0.8
74	12.1
75	0.3
76	0.1
77	0
78	0.3
79	28.9
80	0.1
81	0.3
82	0
83	156.2
84	0
85	3.1
86	48.7
87	0.8
88	9.5
89	0.7
90	2.3
91	1.8
92	13.2
93	8
94	6
95	32.8
96	2.6
97	63.7
98	28.2
99	0.1
100	20.6
101	4.1
102	2.3
103	1
104	42.2
105	0.7
106	5.3
107	0.5
108	0
109	0.8
110	3.8
111	0
112	3.1
113	198.4
114	3.5
115	2.2
116	84.7
117	2.3
118	10.3
119	27.6
120	0.5
121	61.9
122	27.9
123	42.2
124	6.9
125	50.3
126	16.7
127	0.4
128	6
129	1.1
130	2.8
131	660.5
132	0.1
133	1.6
134	28.4
135	19.9
136	56.7
137	10.4
138	0.6
139	0.2
140	1.6
141	3.8
142	0.2
143	11.3
144	0.7
145	199.4
146	5.6
147	14.8
148	12.5
149	4.9
150	41.5
151	0.1
152	15.8
153	0.1
154	37.9
155	0
156	4.8
157	24.5
158	0.8
159	274.6
160	15.6
161	4.6
162	0.2
163	68.9
164	0.2
165	16.6
166	0.1
167	3.1
168	54.9
169	1.6
170	2.1
171	50.5
172	0.3
173	0.1
174	329.4
175	57.8
176	4.6
177	191.6
178	44.8
179	5.6
180	0.2
181	0.1
182	45
183	0
184	0.5
185	0.3
186	3.6
187	1.1
188	0.1
189	0.1
190	0.7
191	0.2
192	3.8
193	49.2
194	3.4
195	0
196	0.4
197	123.2
198	0.4
199	4.8
200	199.9
201	200.5
202	0.1
203	0.1
204	54.5
205	3.5
206	29.2
207	3.9
208	2.2
209	6.1
210	25.4
211	11.8
212	15.6
213	17
214	0.1
215	10.8
216	26.6
217	39.1
218	0.1
219	0.2
220	58.8
221	102.9
222	3.3
223	14.8
224	0
225	77.9
226	8.9
227	29.2
228	11.1
229	0.4
230	83.7
231	75.3
232	3.1
233	6
234	1793.5
235	83.7
236	4.3
237	203.4
238	5.8
239	1.1
240	28
241	1.1
242	29.3
243	101
244	1.8
245	5.6
246	1.3
247	0
248	0
249	29.3
250	2.4
251	7.5
252	11.4
253	2.5
254	0
255	0
256	0
257	0
258	0.1
259	0
260	0
261	1.8
262	5.7
263	0
264	0
265	0
266	1.8
267	2.7
268	7.4
269	6
270	0
271	27.8
272	0.9
273	1.2
274	2024.8
275	5
276	94.5
277	0.2
278	3.2
279	84
280	0.6
281	1.9
282	1.5
283	0.2
284	0.2
285	0
286	0.9
287	12.9
288	0.2
289	0.4
290	0.4
291	44.6
292	0.3
293	2034.4
294	41
295	0.1
296	3.2
297	1.7
298	0
299	30.9
300	8.6
301	0.2
302	8.3
303	1.2
304	0.1
305	2
306	0.3
307	11.6
308	16.7
309	0.4
310	1.3
311	1.4
312	13.9
313	1.7
314	4.5
315	0.4
316	0.9
317	195.5
318	2.4
319	91.8
320	1.3
321	1.4
322	0.7
323	1.2
324	0.1
325	103.7
326	6.6
327	0.1
328	0.4
329	1.4
330	0
331	5.1
332	0.1
333	5.2
334	0.4
335	52.5
336	0.6
337	53.2
338	5.4
339	4.1
340	0.1
341	6.1
342	2264.2
343	4.1
344	51.2
345	0.3
346	45.1
347	0.1
348	0.4
349	0.4
350	0.3
351	0.3
352	0.4
353	14.7
354	0.4
355	99.8
356	0.4
357	86.9
358	0.8
359	104.7
360	0.2
361	0.8
362	0.2
363	0.2
364	282.1
365	31.5
366	2.3
367	2282.5
368	19.8
369	7.7
370	7.5
371	152
372	54.2
373	0.9
374	2606.2
375	16
376	110.1
377	22.2
378	36.7
379	36.9
380	43.6
381	5.4
382	6.1
383	278.3
384	2631.7
385	4.6
386	2647.2
387	40.4
388	1080.1
389	953.5
390	31.9
391	39.1
392	631.5
393	20.4
394	1.1
395	3.7
396	16.7
397	2652.6
398	74.5
399	98.1
400	72.9
401	27.8
402	17
403	27.8
404	47.6
405	328.6
406	22.5
407	98.1
408	47.6
409	36.1
410	105.8
411	76
412	4.7
413	19.3
414	0
415	47.6
416	98.1
417	21.4
418	0.7
419	8.6
420	0.7
421	238.2
422	1.4
423	25.5
424	59.5
425	21.2
426	238.5
427	52.6
428	14.4
429	50.8
430	21.6
431	10.7
432	0.7
433	89.1
434	90.1
435	0.6
436	112.9
437	163.7
438	73.4
439	11.6
440	15.2
441	92.6
442	185.4
443	13.8
444	0.5
445	55.7
446	80.6
447	16.3
448	10.2
449	1.8
450	2.8
451	0.2
452	33.5
453	199.8
454	114.2
455	54.2
456	9.1
457	71.8
458	49.4
459	26.4
460	0.5
461	79.5
462	12.8
463	322.8
464	197.6
465	19.5
466	128.5
467	19.5
468	199.5
469	2.9
470	54.5
471	49
472	49.3
473	75.4
474	55.1
475	84
476	84
477	32.5
478	5.1
479	122
480	21.3
481	0.6
482	128.7
483	71.5
484	4.8
485	123.2
486	26.8
487	4.8
488	136.7
489	27.7
490	165.7
491	34.2
492	60.6
493	187.4
494	18.1
495	15.9
496	0
497	27.7
498	21
499	0.4
500	29.5
501	10.2
502	22.5
503	1
504	1.4
505	76.7
506	82.5
507	37.4
508	231.5
509	191
510	12.2
511	54.1
512	20.7
513	0
514	20.4
515	0
516	1.5
517	87.2
518	0.5
519	1.4
520	10.4
521	42.4
522	0.9
523	0
524	77.9
525	19.8
526	80.1
527	12.3
528	80.7
529	88.3
530	44.9
531	10.4
532	25.9
533	13.1
534	63.8
535	128
536	14.9
537	0.5
538	0
539	0.2
540	0.7
541	248
542	16.2
543	32
544	43.1
545	42.6
546	26.9
547	25.6
548	0.5
549	3.3
550	96
551	292.3
552	21.6
553	470.1
554	43.1
555	97.7
556	19.6
557	0.9
558	3.3
559	12.3
560	16.6
561	105.5
562	20.7
563	5.2
564	318.1
565	11.4
566	13.4
567	1.2
568	50.9
569	25.4
570	0
571	175.7
572	372.5
573	38.3
574	27
575	1.2
576	372.5
577	0
578	12.3
579	33.2
580	312.8
581	690.6
582	303.3
583	5.5
584	4.1
585	0
586	45.8
587	16.2
588	1410.5
589	28.5
590	0
591	55.7
592	30.4
593	307.6
594	4.8
595	544.6
596	0.7
597	690.6
598	42.2
599	6.4
600	1.4
601	6.9
602	0
603	20.6
604	755.7
605	0
606	100.4
607	49.1
608	1.6
609	0
610	1.8
611	276.7
612	0
613	0
614	3.3
615	60.7
616	0
617	242.7
618	286.6
619	89.9
620	89.9
621	342.8
622	6.2
623	14.1
624	5.6
625	51.8
626	0.5
627	278.5
628	0.9
629	6.2
630	15.5
631	1.6
632	258.8
633	10
634	0
635	14.6
636	6.2
637	9.1
638	113.8
639	535.6
640	100.4
641	237.2
642	0
643	17.8
644	0
645	10.5
646	8.5
647	54.2
648	9
649	3
650	0.8
651	29.3
652	0.7
653	1
654	3.4
655	1
656	14.1
657	26
658	258.9
659	4.4
660	1
661	433.8
662	2.7
663	12.9
664	129.5
665	15.1
666	133
667	649.8
668	127.2
669	406.3
670	2.6
671	55.6
672	19.1
673	2.8
674	57.8
675	20.5
676	39
677	213.6
678	4.6
679	0.9
680	6.1
681	32.2
682	20
683	126.3
684	16
685	18.9
686	34.3
687	0
688	11.4
689	59
690	4.5
691	998.8
692	77.4
693	3
694	28.9
695	1426.6
696	30.5
697	9.5
698	11.4
699	2.9
700	9.5
701	594.2
702	20.3
703	32.9
704	1.4
705	9
706	2.2
707	23.9
708	32
709	13
710	48.7
711	107.5
712	10.8
713	2.5
714	2.2
715	88.6
716	0
717	202.3
718	10.7
719	3.1
720	52.6
721	6.9
722	2.7
723	12.6
724	5.8
725	153.1
726	0
727	54.9
728	8.5
729	2117.4
730	74.6
731	2.1
732	39.4
733	6.3
734	11.5
735	9.5
736	5
737	3.6
738	14
739	10.5
740	10
741	2.1
742	3.4
743	3.6
744	21.3
745	20.3
746	5.4
747	9.5
748	20.3
749	36.8
750	1.9
751	94.3
752	1.5
753	23.4
754	32.6
755	4
756	6.5
757	57.4
758	6.7
759	1.3
760	17.5
761	0.8
762	2.1
763	1.9
764	42.4
765	126
766	3
767	3.4
768	5.3
769	26.9
770	10.8
771	12.2
772	5.3
773	17.2
774	30.5
775	173.1
776	3.3
777	34.6
778	27.3
779	12.8
780	28.1
781	186.1
782	439.7
783	77.6
784	136.6
785	277
786	545.8
787	148.2
788	163.2
789	163.4
790	387.6
791	137.4
792	104.4
793	1645.9
794	78.2
795	281.7
796	37.4
797	125
798	37.7
799	167.5
800	56.2
801	1713.6
802	1882.9
803	402.4
804	168.9
805	1946.6
806	1441.6
807	61.5
808	1585.8
809	208.5
810	233.4
811	2031.5
812	889
813	1514.1
814	28.1
815	38
816	3772.2
817	71.8
818	123
819	891.9
820	1665.5
821	33.2
822	38.2
823	3737.4
824	1243.9
825	42.4
826	318.7
827	59.5
828	62.9
829	3898.6
830	123.6
831	4183
832	1350.9
833	200.8
834	275.6
835	162.2
836	243
837	48.4
838	200.1
839	36.4
840	113.5
841	281
842	4474.1
843	8
844	124.7
845	1994.4
846	62.9
847	1682.9
848	69.6
849	123.5
850	598.8
851	119.1
852	107.8
853	31.2
854	108
855	106.5
856	62.9
857	39.3
858	94.7
859	2042.3
860	61.5
861	360.4
862	3.2
863	3286
864	30.6
865	489.5
866	4648.2
867	68.7
868	182.6
869	3689.4
870	6.1
871	2078.5
872	39.9
873	1.3
874	3571.7
875	103.3
876	25.4
877	56
878	68
879	227.4
880	2171.1
881	225.5
882	71.5
883	38
884	76.1
885	217.8
886	1
887	4765.3
888	32.4
889	382.5
890	218.5
891	562.4
892	123.7
893	146.7
894	1.4
895	333.3
896	107.2
897	23.2
898	3782.9
899	46.1
900	201.3
901	2421.9
902	67.5
903	97.3
904	165.8
905	32.1
906	140.4
907	267.7
908	4827.9
909	101.1
910	0
911	39.2
912	619.8
913	84.8
914	488.8
915	0
916	4417.6
917	86.1
918	63.8
919	50.8
920	45.8
921	72.9
922	99.1
923	10.9
924	2458.4
925	39.3
926	73.5
927	23.6
928	3.9
929	5333.7
930	201.1
931	22.8
932	6.2
933	25.3
934	0
935	49.7
936	203.5
937	119
938	260.1
939	54.4
940	5570.3
941	195
942	447.1
943	0
944	469.7
945	48.1
946	282.7
947	0
948	4867.9
949	41.2
950	53.8
951	55.5
952	5530.9
953	72
954	2.4
955	91.4
956	420.2
957	39.7
958	64.4
959	5627.7
960	149.1
961	77.3
962	72.3
963	33.8
964	0
965	115.1
966	733.7
967	0
968	5685.2
969	49.7
970	47.5
971	160.2
972	101.1
973	40.1
974	5745.1
975	285
976	202.6
977	51.4
978	78.8
979	58.6
980	1487.4
981	294.5
982	148.8
983	152.2
984	50.2
985	141.3
986	39.8
987	95.4
988	48.6
989	186.7
990	0
991	81.3
992	0.1
993	177.8
994	40.2
995	286.3
996	855.7
997	76.7
998	98.1
999	98.3
1000	0
1001	5.2
1002	139.8
1003	0
1004	996.8
1005	168.7
1006	82.5
1007	0
1008	1.3
1009	0
1010	461.4
1011	98.2
1012	77.4
1013	108.1
1014	43.3
1015	1.2
1016	0
1017	278.3
1018	101.9
1019	8.3
1020	166
1021	440
1022	53.5
1023	251.4
1024	84.2
1025	715.3
1026	143
1027	134.9
1028	1200.2
1029	118.5
1030	0.8
1031	0
1032	0
1033	1.2
1034	225
1035	0.9
1036	2947.4
1037	5965.1
1038	114.1
1039	981
1040	152.6
1041	77.9
1042	6.4
1043	0
1044	794.2
1045	7.2
1046	7.6
1047	261.5
1048	1332.9
1049	42.2
1050	0
1051	3137.4
1052	1944.5
1053	130.7
1054	7830.6
1055	1644.9
1056	282.1
1057	0.6
1058	3638.4
1059	3.2
1060	120
1061	0
1062	115.2
1063	114.8
1064	0.4
1065	6764.3
1066	60.4
1067	5.3
1068	1.5
1069	0.5
1070	40.4
1071	33.6
1072	2.6
1073	0.8
1074	136.1
1075	0.1
1076	74.7
1077	6.3
1078	481.3
1079	8567
1080	18.3
1081	0.9
1082	118.8
1083	1.4
1084	129.5
1085	94.4
1086	548.9
1087	0
1088	0.6
1089	2
1090	8411.1
1091	83.5
1092	0.3
1093	10.8
1094	4.1
1095	10.7
1096	6.9
1097	62.4
1098	5.6
1099	0
1100	0
1101	3.4
1102	3906.4
1103	2.2
1104	205.1
1105	4.5
1106	15.1
1107	8.2
1108	2.7
1109	8592.8
1110	0.3
1111	1.2
1112	732.4
1113	144.3
1114	102.2
1115	5.1
1116	8.2
1117	489.1
1118	11
1119	205.1
1120	7.3
1121	1.9
1122	28.1
1123	35.4
1124	73
1125	249.1
1126	93.4
1127	233.7
1128	1420.6
1129	332
1130	5.1
1131	0.9
1132	416.3
1133	668.5
1134	7751
1135	8665.8
1136	1.2
1137	3.9
1138	21
1139	228.2
1140	4697.5
1141	8
1142	0.3
1143	48
1144	48.1
1145	5.3
1146	2.5
1147	8380.5
1148	79.2
1149	8285.4
1150	232.9
1151	8387.1
1152	1725.7
1153	1783.2
1154	0
1155	0.1
1156	73.7
1157	241.9
1158	611
1159	132.3
1160	12.4
1161	4.3
1162	4.3
1163	12.6
1164	95.6
1165	8768
1166	160.6
1167	44.2
1168	470.7
1169	113.1
1170	88.1
1171	7816.9
1172	191.7
1173	17.4
1174	156.7
1175	10.2
1176	41
1177	0
1178	6.8
1179	86.7
1180	30.5
1181	7805.7
1182	8443.1
1183	0.7
1184	13648
1185	87.2
1186	1838.1
1187	8015.2
1188	8467.5
1189	7819.6
1190	8029.1
1191	83.5
1192	8475.8
1193	78.8
1194	8376.5
1195	70.5
1196	8018.4
1197	14259.2
1198	2.8
1199	122.5
1200	7.8
1201	8359
1202	44.6
1203	14259.2
1204	7858.8
1205	4.7
1206	0.9
1207	7791.2
1208	1.7
1209	8338
1210	195.1
1211	132.2
1212	0.1
1213	62.5
1214	1979.3
1215	7834.1
1216	45.9
1217	24.5
1218	11.7
1219	3.2
1220	60.8
1221	8463.2
1222	8443.1
1223	7.4
1224	8471.1
1225	69.8
1226	69.6
1227	44.4
1228	3.8
1229	7831.1
1230	40.7
1231	0.3
1232	170.2
1233	3.8
1234	50.2
1235	4.1
1236	0.9
1237	411.1
1238	45.4
1239	1
1240	8485.9
1241	932.4
1242	257.8
1243	23.1
1244	8492.2
1245	251.8
1246	44.2
1247	149.2
1248	89.7
1249	343.5
1250	40.7
1251	5
1252	14259.5
1253	8778.6
1254	81.8
1255	0.1
1256	140.5
1257	180.1
1258	6.2
1259	0.3
1260	46.7
1261	86.4
1262	1
1263	32.5
1264	218.1
1265	71.4
1266	2223.9
1267	14259.5
1268	85.6
1269	10.1
1270	287.7
1271	14.3
1272	8780.7
1273	165.8
1274	71.4
1275	8766.9
1276	140.5
1277	45.6
1278	641.3
1279	6
1280	415.5
1281	136.2
1282	1.5
1283	93.9
1284	74.3
1285	185.4
1286	109.5
1287	22
1288	71.3
1289	378.1
1290	37.4
1291	244.8
1292	19.3
1293	5.2
1294	152.4
1295	39.8
1296	2.3
1297	31.3
1298	2282.1
1299	271.4
1300	145.8
1301	0
1302	54.9
1303	259.9
1304	6.9
1305	160.6
1306	0.1
1307	1272.8
1308	31.4
1309	0.2
1310	426.5
1311	56.8
1312	63.6
1313	23.9
1314	104.1
1315	415.9
1316	40.8
1317	36.7
1318	8.1
1319	247.5
1320	66.5
1321	0.6
1322	14261.1
1323	0.1
1324	19.6
1325	448.5
1326	0.4
1327	0.4
1328	859.3
1329	19.5
1330	332.7
1331	103.5
1332	15.7
1333	62.2
1334	354.1
1335	15.8
1336	64.4
1337	0.7
1338	0.8
1339	8.5
1340	206.1
1341	87.9
1342	878.7
1343	0.2
1344	0.1
1345	4.5
1346	416.5
1347	1130.1
1348	99.6
1349	5.9
1350	14261.2
1351	58.8
1352	5.7
1353	810.1
1354	0.7
1355	109.7
1356	9.3
1357	38
1358	49.5
1359	17.1
1360	0.8
1361	12.5
1362	51.1
1363	416.7
1364	0.4
1365	461.3
1366	1.8
1367	416.4
1368	44
1369	0.8
1370	19.4
1371	1.1
1372	43.2
1373	530.5
1374	35.7
1375	219.4
1376	4.8
1377	72
1378	11.1
1379	9.3
1380	201.6
1381	416.4
1382	71
1383	0.6
1384	60.2
1385	6.5
1386	55.4
1387	3.2
1388	4.8
1389	1.7
1390	54.7
1391	3251.2
1392	108.6
1393	0.3
1394	0.3
1395	201.6
1396	0.1
1397	70.6
1398	0.1
1399	416.8
1400	23.1
1401	0.9
1402	1
1403	1145.9
1404	25.8
1405	36.5
1406	0.9
1407	416.8
1408	2.2
1409	2750.7
1410	7.9
1411	1031.7
1412	1.5
1413	104.2
1414	35.4
1415	50.5
1416	535.8
1417	5.6
1418	37.4
1419	0.5
1420	60.2
1421	0.7
1422	0.5
1423	30.5
1424	933.1
1425	2
1426	921.8
1427	3.4
1428	2.4
1429	1.4
1430	64.8
1431	1217.3
1432	0.6
1433	49.4
1434	14680
1435	227.3
1436	14261.5
1437	933.1
1438	6.1
1439	6.1
1440	30.4
1441	34
1442	79140.5
1443	80.7
1444	2.4
1445	0.1
1446	4468.9
1447	2.7
1448	192
1449	416.8
1450	0.5
1451	79141.2
1452	14678.4
1453	134.7
1454	29.7
1455	0.4
1456	64460.4
1457	1346.7
1458	35.2
1459	14.1
1460	4.1
1461	604
1462	79164.4
1463	0.4
1464	0.4
1465	0.8
1466	73.9
1467	0.6
1468	79154.3
1469	54.8
1470	4326.2
1471	0.8
1472	79143.4
1473	3806.6
1474	38.2
1475	103.8
1476	79154
1477	0.3
1478	67
1479	968.6
1480	0.2
1481	336.8
1482	26.2
1483	0.3
1484	64455.8
1485	23.5
1486	5.1
1487	0.9
1488	141.1
1489	238.8
1490	3.3
1491	27.8
1492	34.1
1493	4654.8
1494	62.9
1495	1030.1
1496	719.5
1497	719.5
1498	0.3
1499	112.9
1500	4871.7
1501	60.6
1502	220.5
1503	4.4
1504	1198.1
1505	81.8
1506	89.4
1507	0.2
1508	1.3
1509	19.9
1510	3.4
1511	64401.3
1512	0.6
1513	215.3
1514	0.5
1515	2
1516	1.3
1517	4940.9
1518	0.7
1519	72.6
1520	39.7
1521	1.7
1522	0.8
1523	1.4
1524	1198.3
1525	0.4
1526	1.6
1527	151.1
1528	0.4
1529	98.7
1530	163.8
1531	0.5
1532	7.3
1533	0.2
1534	55.2
1535	8
1536	40.5
1537	6.2
1538	11.8
1539	40.8
1540	0.5
1541	79185
1542	1
1543	92.1
1544	0.4
1545	3.2
1546	19.9
1547	54.9
1548	79172.9
1549	0.2
1550	1
1551	1272.9
1552	1675.5
1553	97.9
1554	130.5
1555	33.7
1556	148.8
1557	0.3
1558	2
1559	152.1
1560	4952.7
1561	0.1
1562	0.5
1563	42.8
1564	2.1
1565	418.1
1566	41.9
1567	79177.8
1568	0.4
1569	41.3
1570	33.1
1571	2.6
1572	0.9
1573	258
1574	0.7
1575	98.7
1576	64400.9
1577	32.1
1578	0.4
1579	0.4
1580	1659.4
1581	1773.3
1582	78.6
1583	30.1
1584	8.6
1585	131.2
1586	51.4
1587	0.6
1588	5139.2
1589	0.3
1590	2.1
1591	79176.4
1592	5009.8
1593	0.6
1594	110.3
1595	192.4
1596	4222.3
1597	79176.1
1598	133.5
1599	4188.2
1600	68
1601	73.6
1602	26.2
1603	219.3
1604	22.1
1605	14.1
1606	0.5
1607	0.8
1608	118.6
1609	0.6
1610	32.6
1611	43.7
1612	122.5
1613	4222.3
1614	440.7
1615	64101.9
1616	83.1
1617	1
1618	111.1
1619	5140.6
1620	63755.2
1621	1988.4
1622	38
1623	0.4
1624	43.9
1625	111.1
1626	399
1627	0.2
1628	155.8
1629	79191.7
1630	99.5
1631	25.2
1632	171.7
1633	0.9
1634	508.6
1635	350.2
1636	4448.7
1637	127
1638	39.8
1639	19.5
1640	1.2
1641	172.3
1642	97.6
1643	105.4
1644	2.1
1645	137.6
1646	147.6
1647	79192.2
1648	8.2
1649	3.4
1650	4.8
1651	326.3
1652	52.7
1653	7.1
1654	63336.2
1655	118.6
1656	49
1657	241.1
1658	4623.3
1659	233.1
1660	234.5
1661	14.9
1662	0.3
1663	436.9
1664	11.7
1665	12.7
1666	277.6
1667	49.6
1668	420.3
1669	140.4
1670	7276.5
1671	28.2
1672	63276.6
1673	264.2
1674	95.6
1675	992.2
1676	11.3
1677	3.5
1678	154.6
1679	1242.7
1680	56.6
1681	1742.7
1682	3297.7
1683	169.1
1684	130.9
1685	96.2
1686	29.7
1687	1242.7
1688	733.3
1689	7.1
1690	152.1
1691	12.1
1692	27891.6
1693	35232
1694	186.6
1695	92
1696	10918.9
1697	27603.4
1698	3297.7
1699	78.1
1700	28.7
1701	27782.6
1702	27497.7
1703	1784.2
1704	10919.1
1705	5.9
1706	76.9
1707	3304.9
1708	3317
1709	102.2
1710	48.7
1711	106.6
1712	1586.6
1713	27751.3
1714	190.5
1715	97.9
1716	200
1717	42.1
1718	224.5
1719	73.4
1720	46.2
1721	35376.9
1722	71.4
1723	1675.5
1724	200
1725	5996.3
1726	25
1727	80.1
1728	1635.9
1729	2.6
1730	159.1
1731	70.1
1732	1402.8
1733	277.4
1734	27931.4
1735	24.8
1736	3304.9
1737	44.9
1738	17.2
1739	3930.5
1740	0.4
1741	3.3
1742	8
1743	530.5
1744	25.9
1745	213.6
1746	10986.1
1747	1799.5
1748	94.3
1749	40.3
1750	49.4
1751	11019.8
1752	11052.6
1753	63.1
1754	466.7
1755	27
1756	5529.6
1757	111.2
1758	26.6
1759	620.3
1760	3894.8
1761	129.1
1762	34.3
1763	38.2
1764	57.8
1765	13
1766	67.9
1767	12704.4
1768	0.5
1769	13420.1
1770	224.5
1771	39.2
1772	0.2
1773	25.1
1774	1631.7
1775	0.1
1776	26.9
1777	25939.2
1778	3.9
1779	12.2
1780	8.5
1781	13283.1
1782	574.4
1783	13610.8
1784	1858.7
1785	27580
1786	22.3
1787	321.7
1788	33.5
1789	21.4
1790	4.6
1791	24.7
1792	554.2
1793	3827.3
1794	190
1795	27495.9
1796	27881.2
1797	74.1
1798	57.8
1799	0
1800	102.6
1801	21.2
1802	26.9
1803	1
1804	1915.5
1805	7.4
1806	143.8
1807	144.3
1808	1915.5
1809	70.9
1810	91
1811	24313.5
1812	0
1813	40.7
1814	117.5
1815	17362.3
1816	18.1
1817	28
1818	17346.2
1819	100.8
1820	59.1
1821	29
1822	88.2
1823	28.7
1824	0
1825	291.4
1826	277.5
1827	6893.8
1828	24260.3
1829	529.2
1830	0.4
1831	2386.8
1832	0
1833	65.4
1834	0
1835	27404.8
1836	27329.4
1837	0.1
1838	0
1839	26.2
1840	169.9
1841	1996.7
1842	2900.7
1843	216.7
1844	24278.7
1845	69.7
1846	0
1847	2310.6
1848	38.2
1849	199.4
1850	33.5
1851	206.2
1852	430.6
1853	56
1854	513.4
1855	28
1856	814.4
1857	1.1
1858	89.6
1859	152.3
1860	3767.5
1861	0
1862	89.2
1863	27125.1
1864	34.7
1865	32.7
1866	46.1
1867	27169.6
1868	201.5
1869	80.1
1870	348
1871	66
1872	1172.5
1873	689.1
1874	134.8
1875	27125.7
1876	121.6
1877	0
1878	27125.1
1879	84.3
1880	125.4
1881	74.4
1882	0
1883	33.8
1884	40.1
1885	38.3
1886	34.5
1887	3.1
1888	27.6
1889	0.6
1890	125.4
1891	358.4
1892	59.5
1893	21.7
1894	29
1895	152.3
1896	26.9
1897	146.6
1898	101
1899	1063.5
1900	0.1
1901	30.5
1902	29.3
1903	25.6
1904	58.2
1905	6889.6
1906	0
1907	0
1908	3437.9
1909	7
1910	361
1911	37.9
1912	34.6
1913	0
1914	73.2
1915	3.1
1916	311.9
1917	17
1918	20.8
1919	0
1920	27125
1921	25.6
1922	3
1923	0
1924	27125.1
1925	40
1926	185.4
1927	38.2
1928	6393.6
1929	0
1930	1
1931	0
1932	56.2
1933	31.3
1934	58
1935	0
1936	25
1937	27125
1938	179.6
1939	44.1
1940	0.1
1941	883.1
1942	98.9
1943	27125
1944	44.9
1945	0
1946	0.2
1947	2.8
1948	2801.8
1949	28.3
1950	286.2
1951	0.9
1952	4.7
1953	196.2
1954	27125
1955	6.6
1956	37.8
1957	36.3
1958	0.5
1959	10.2
1960	6216.7
1961	80.3
1962	118
1963	0.1
1964	0.2
1965	0.2
1966	42.5
1967	2799
1968	11.3
1969	0.1
1970	229.1
1971	0.1
1972	2.5
1973	27124.6
1974	256.5
1975	215.7
1976	5
1977	2801.8
1978	120.8
1979	189.4
1980	0.1
1981	6140.8
1982	33.6
1983	0.2
1984	0.9
1985	115.6
1986	9.1
1987	34.8
1988	106.1
1989	1252
1990	393.7
1991	2
1992	0.8
1993	8
1994	22.2
1995	5664.7
1996	0.1
1997	10.7
1998	78.9
1999	0.7
2000	188.6
2001	132.6
2002	3.8
2003	4.5
2004	27124.5
2005	1.1
2006	9.8
2007	0.9
2008	2799
2009	0.6
2010	169.8
2011	947.5
2012	2.7
2013	203.4
2014	526.6
2015	13.4
2016	0.4
2017	0
2018	9.5
2019	27124.3
2020	0.1
2021	1534.7
2022	1468.5
2023	18
2024	454.4
2025	53.3
2026	0
2027	4.7
2028	49.6
2029	697.1
2030	0.2
2031	8.3
2032	0.6
2033	0
2034	0
2035	73.1
2036	36.9
2037	97
2038	377.4
2039	0.2
2040	0.3
2041	29.8
2042	6.3
2043	140.2
2044	24.5
2045	0
2046	27123.2
2047	4.5
2048	0.2
2049	0
2050	148.4
2051	6.6
2052	0
2053	62
2054	18.3
2055	3.8
2056	543.9
2057	31.5
2058	44.3
2059	0.1
2060	1457.6
2061	0.6
2062	5813.8
2063	0
2064	20.7
2065	0.1
2066	0.1
2067	7.8
2068	1.8
2069	55.6
2070	7.8
2071	12.1
2072	0.1
2073	13.4
2074	17.5
2075	0.5
2076	132.3
2077	0.1
2078	8.4
2079	0
2080	0
2081	11
2082	0
2083	10.3
2084	5250.8
2085	0.1
2086	14.6
2087	0.1
2088	88.6
2089	3.7
2090	19.4
2091	8.4
2092	9.6
2093	12
2094	0.1
2095	8.5
2096	0
2097	1436.2
2098	38.8
2099	29.6
2100	85.2
2101	0.2
2102	58
2103	27123
2104	27122.9
2105	0
2106	1.4
2107	1.7
2108	27.7
2109	0.1
2110	0
2111	0
2112	192.4
2113	5234.4
2114	0
2115	25
2116	16.8
2117	7.5
2118	235.7
2119	4947.7
2120	23.8
2121	2.8
2122	108.9
2123	1.5
2124	62.2
2125	4
2126	0.1
2127	1378.2
2128	1.3
2129	27122.8
2130	0.1
2131	24.2
2132	20.1
2133	0.1
2134	0
2135	4947.1
2136	66.7
2137	32.6
2138	4.6
2139	35.2
2140	27122.8
2141	106.4
2142	67.9
2143	0.1
2144	0.1
2145	56.5
2146	6.5
2147	36.7
2148	57.2
2149	1.2
2150	33.9
2151	0.1
2152	49.7
2153	413.6
2154	43.8
2155	0
2156	0
2157	0.1
2158	13.1
2159	6.7
2160	497.6
2161	0
2162	0.1
2163	68.1
2164	0
2165	14.5
2166	27122.7
2167	0
2168	1
2169	122.3
2170	0
2171	0.6
2172	0
2173	82.8
2174	0
2175	8.9
2176	0.1
2177	857.4
2178	19.8
2179	0
2180	4.5
2181	206.4
2182	0.1
2183	0
2184	0
2185	36.1
2186	10.5
2187	6.9
2188	27122.7
2189	0
2190	1344.1
2191	0.1
2192	0.3
2193	0
2194	56.9
2195	18.4
2196	0
2197	36.7
2198	27122.4
2199	857.4
2200	0
2201	25.2
2202	48.6
2203	0.1
2204	27122.4
2205	0.5
2206	352.8
2207	15.3
2208	6
2209	0
2210	188.8
2211	0
2212	10.5
2213	1346
2214	0.3
2215	6.2
2216	1012.9
2217	0
2218	0
2219	97.2
2220	76.2
2221	0
2222	258.7
2223	0
2224	0
2225	333.9
2226	273.3
2227	176.7
2228	0
2229	0
2230	10.9
2231	0
2232	4438.3
2233	0
2234	53.3
2235	0
2236	0.1
2237	0.1
2238	0.1
2239	962.6
2240	0
2241	4.5
2242	0
2243	0.2
2244	0
2245	30.8
2246	3.6
2247	0.1
2248	72.9
2249	129.1
2250	27122.4
2251	14.4
2252	3021.9
2253	0.3
2254	3.9
2255	0
2256	45.2
2257	130.7
2258	0
2259	2896
2260	0
2261	0
2262	0
2263	53.5
2264	124.2
2265	2766.1
2266	0
2267	0
2268	133.7
2269	954.9
2270	0.1
2271	29.3
2272	0
2273	116.8
2274	0.1
2275	41.7
2276	32.7
2277	0
2278	3.2
2279	27118.7
2280	0.1
2281	0.1
2282	2743.1
2283	39.9
2284	3.1
2285	2585.1
2286	118.9
2287	45
2288	45.9
2289	0
2290	0
2291	27118.8
2292	2551
2293	918.1
2294	918.1
2295	23.7
2296	24.6
2297	96.4
2298	0.1
2299	7.3
2300	0
2301	2.6
2302	0.1
2303	3.5
2304	0.1
2305	27118.7
2306	2032.3
2307	199.4
2308	0.2
2309	26.7
2310	198.7
2311	0.5
2312	0.1
2313	14
2314	0
2315	2.4
2316	27104.4
2317	59.6
2318	27104.7
2319	14
2320	45.4
2321	74.4
2322	0
2323	0
2324	129.4
2325	93.5
2326	12
2327	13.8
2328	36.3
2329	13.8
2330	0.5
2331	0.4
2332	827.3
2333	13.7
2334	38
2335	1.6
2336	30.1
2337	0.2
2338	32.4
2339	798.9
2340	54.5
2341	12.6
2342	0.8
2343	10.6
2344	11.5
2345	754.8
2346	70.7
2347	0
2348	13.5
2349	152.2
2350	0.1
2351	51
2352	13.8
2353	18.9
2354	2
2355	30.1
2356	0.2
2357	11.2
2358	31.1
2359	1772.1
2360	11
2361	11.7
2362	132.9
2363	84.8
2364	19.3
2365	7.5
2366	0.4
2367	2.7
2368	13.1
2369	9.6
2370	44.5
2371	0.1
2372	6.2
2373	37.7
2374	20
2375	1.5
2376	1.8
2377	10.6
2378	12.5
2379	5955.8
2380	13.1
2381	11
2382	33.3
2383	0.7
2384	8.4
2385	4.8
2386	0.1
2387	0
2388	544.1
2389	76.2
2390	7.7
2391	565
2392	1698.2
2393	2.6
2394	1415.3
2395	524.6
2396	5944.4
2397	0.2
2398	1.8
2399	18.4
2400	0.4
2401	8.7
2402	119.5
2403	5.9
2404	32.3
2405	80.3
2406	691.1
2407	0.8
2408	47.6
2409	136.8
2410	520
2411	489.1
2412	97.5
2413	1.2
2414	40.2
2415	373.6
2416	5922.7
2417	698.1
2418	21.6
2419	20256.8
2420	26.9
2421	1.6
2422	56.3
2423	14.5
2424	352
2425	12.6
2426	0.6
2427	0.1
2428	80.2
2429	5.5
2430	0.2
2431	15.6
2432	5892.5
2433	22.1
2434	87.9
2435	0.1
2436	5892.1
2437	381.5
2438	184.3
2439	135.8
2440	14.8
2441	2.1
2442	9.9
2443	16.8
2444	1381.8
2445	47.6
2446	25
2447	24
2448	388.7
2449	0.8
2450	0.5
2451	16.6
2452	62.9
2453	1206.3
2454	0.4
2455	5891.5
2456	98.1
2457	0.6
2458	20239.1
2459	18.7
2460	76.8
2461	192.2
2462	52.8
2463	8.2
2464	504.4
2465	2.5
2466	0.3
2467	1948.9
2468	796.3
2469	14.5
2470	96.9
2471	20239.1
2472	18.7
2473	66.9
2474	41.1
2475	20176.4
2476	6.1
2477	64.7
2478	17.9
2479	3.3
2480	11.5
2481	27.3
2482	291.3
2483	0.7
2484	5884.7
2485	712.3
2486	64.8
2487	0.6
2488	11.1
2489	417.6
2490	115.2
2491	5.8
2492	40.6
2493	1.7
2494	56.3
2495	33.9
2496	4.4
2497	1820.7
2498	652.8
2499	274.6
2500	5744
2501	84
2502	45.5
2503	123
2504	106.4
2505	5744
2506	39.3
2507	1.7
2508	62.7
2509	3.1
2510	30.6
2511	94.6
2512	5682
2513	83.4
2514	537.9
2515	556.1
2516	19924.3
2517	48.7
2518	9.4
2519	41.7
2520	5549.3
2521	320.7
2522	1416.2
2523	11.6
2524	0.8
2525	20.2
2526	326.8
2527	35.3
2528	35.4
2529	27.1
2530	1948.9
2531	1786
2532	27.6
2533	106.2
2534	209.6
2535	24.6
2536	40.1
2537	237.2
2538	1379.1
2539	1676.5
2540	343.9
2541	131.8
2542	5549.3
2543	61
2544	185
2545	586.9
2546	371.5
2547	41.7
2548	405.4
2549	17.7
2550	1.1
2551	188.7
2552	1389.8
2553	72.8
2554	2273.2
2555	28.6
2556	31.5
2557	76
2558	85.3
2559	1662.5
2560	551.5
2561	416.6
2562	105
2563	624.8
2564	2223
2565	203.1
2566	15.3
2567	23.4
2568	1299.4
2569	173.9
2570	21.6
2571	12.4
2572	19915
2573	7.2
2574	19855.6
2575	164.1
2576	46.5
2577	27.6
2578	35.8
2579	32.9
2580	19678.2
2581	1514.2
2582	893.6
2583	62.6
2584	1.3
2585	154.9
2586	76.4
2587	76.7
2588	15.2
2589	204.9
2590	29.9
2591	33.9
2592	368.7
2593	1208
2594	54.7
2595	0.7
2596	348.3
2597	83.7
2598	1353
2599	19.3
2600	23.5
2601	33.9
2602	319.1
2603	299.8
2604	93.1
2605	130.4
2606	11.7
2607	150.9
2608	51.7
2609	135
2610	4.5
2611	48.4
2612	19.9
2613	42.3
2614	958.3
2615	64.3
2616	113.3
2617	658.8
2618	39
2619	19549.2
2620	157.2
2621	37.4
2622	51.9
2623	88.2
2624	260.5
2625	1145.2
2626	6.9
2627	126.8
2628	83.3
2629	0.8
2630	30.8
2631	18.8
2632	76.2
2633	121.1
2634	168.8
2635	22.8
2636	165.5
2637	1.2
2638	194
2639	1159.4
2640	1000.5
2641	72.8
2642	54.5
2643	522.3
2644	231.3
2645	353.8
2646	968.2
2647	10.1
2648	47.5
2649	12.3
2650	166.5
2651	0.6
2652	14.3
2653	112.1
2654	301.7
2655	150.7
2656	327.1
2657	11.1
2658	852.1
2659	154.8
2660	281.8
2661	680.7
2662	165
2663	580.2
2664	62.3
2665	606.5
2666	226.8
2667	7.8
2668	111.6
2669	19.4
2670	83.5
2671	229
2672	124.5
2673	3.1
2674	18.8
2675	336.6
2676	2.7
2677	346.6
2678	60.7
2679	19.9
2680	47.6
2681	19542.3
2682	9575.8
2683	117.8
2684	12.7
2685	296.4
2686	40
2687	47.1
2688	48.6
2689	9718
2690	32.4
2691	9735.8
2692	0.6
2693	64.8
2694	59.9
2695	3.8
2696	94.4
2697	1
2698	271
2699	44.2
2700	43.5
2701	3.1
2702	34.2
2703	46.4
2704	1.9
2705	66.3
2706	55
2707	7.1
2708	1447.7
2709	126.9
2710	1573.1
2711	62
2712	0.5
2713	21.8
2714	183.6
2715	52.6
2716	63.3
2717	8432.6
2718	54.6
2719	32.9
2720	115
2721	28.8
2722	42.4
2723	255.2
2724	13.8
2725	1746.2
2726	123.6
2727	110.7
2728	87.8
2729	44.1
2730	84.4
2731	0
2732	141
2733	54.3
2734	61.7
2735	29.9
2736	12.4
2737	224.1
2738	2030.9
2739	174.2
2740	8284.7
2741	2145.9
2742	38
2743	47
2744	28.8
2745	71.3
2746	12.4
2747	45.1
2748	0.4
2749	174.3
2750	245.6
2751	76.4
2752	103.9
2753	16.6
2754	381.1
2755	2905.3
2756	87.8
2757	232.1
2758	123.7
2759	24.8
2760	16.5
2761	11.5
2762	185
2763	159.6
2764	38.4
2765	639
2766	47.5
2767	3.7
2768	753.9
2769	19.8
2770	274.6
2771	130.7
2772	8914
2773	9.6
2774	167.9
2775	6583.7
2776	394.6
2777	108.6
2778	72.3
2779	322.1
2780	3.9
2781	22.7
2782	35.6
2783	31.5
2784	52.2
2785	171.9
2786	38.4
2787	366.1
2788	13.8
2789	260.6
2790	54.2
2791	106.6
2792	68.8
2793	193
2794	72.3
2795	14
2796	5952.3
2797	599.1
2798	67
2799	24.2
2800	6571.6
2801	97.3
2802	264.2
2803	20.7
2804	12.7
2805	6482.8
2806	23.9
2807	105.6
2808	786.6
2809	9103.6
2810	3.1
2811	112.2
2812	24.8
2813	5874.5
2814	56.5
2815	82
2816	457.9
2817	375.1
2818	65.3
2819	78.5
2820	57.6
2821	589.1
2822	22.1
2823	57.2
2824	242.3
2825	435.1
2826	235.4
2827	7.1
2828	54.1
2829	40.7
2830	635.7
2831	48.3
2832	596.2
2833	503.7
2834	143.9
2835	53
2836	107.7
2837	53.2
2838	90.5
2839	77
2840	191.4
2841	54.8
2842	129.2
2843	30.6
2844	13.3
2845	556.4
2846	290
2847	325.2
2848	309.6
2849	45.5
2850	6041.9
2851	56.5
2852	47.5
2853	20.2
2854	165.6
2855	78.7
2856	203.4
2857	37.8
2858	58.3
2859	655.8
2860	25.3
2861	560
2862	28.2
2863	11.2
2864	5772.7
2865	387.6
2866	71.5
2867	131.1
2868	20.3
2869	70
2870	789.4
2871	166.3
2872	4379.6
2873	120.9
2874	332.4
2875	928.6
2876	5.9
2877	123
2878	50.1
2879	9.5
2880	848.5
2881	26.1
2882	144.2
2883	220.6
2884	222.1
2885	16.7
2886	63.4
2887	38.2
2888	404.3
2889	44.9
2890	37.1
2891	495.7
2892	258.1
2893	119.9
2894	103
2895	817.4
2896	410.2
2897	280.4
2898	948.7
2899	87.7
2900	356.3
2901	448.7
2902	18.6
2903	390.6
2904	426.6
2905	197.7
2906	734.5
2907	97.4
2908	80.5
2909	190.8
2910	334.7
2911	54.8
2912	100
2913	413.8
2914	370.9
2915	25.3
2916	305.5
2917	68.4
2918	107.6
2919	456.5
2920	11.4
2921	140.3
2922	271.5
2923	87.4
2924	1380
2925	166.9
2926	1181.2
2927	17.3
2928	309.7
2929	49
2930	321.4
2931	1425.2
2932	4629.2
2933	31.5
2934	52.9
2935	29.2
2936	529.1
2937	30.3
2938	10.4
2939	166.9
2940	537.6
2941	1113.7
2942	30.6
2943	176.4
2944	7.3
2945	34.4
2946	117.8
2947	1507.6
2948	99.4
2949	213.3
2950	58.7
2951	129.2
2952	43.4
2953	487.9
2954	46.8
2955	2647.4
2956	4370
2957	1433.5
2958	1488.9
2959	1114.6
2960	380.1
2961	55.2
2962	41
2963	90.9
2964	233.3
2965	32.1
2966	1652.1
2967	234.1
2968	29.5
2969	30.6
2970	14.6
2971	345.8
2972	123.1
2973	710.9
2974	26.8
2975	90.7
2976	2327.6
2977	45.9
2978	148.2
2979	46.9
2980	105.7
2981	96.5
2982	184.5
2983	37.4
2984	214.9
2985	37.8
2986	121.7
2987	56.8
2988	3619.9
2989	4.5
2990	102.8
2991	96.3
2992	221.6
2993	284.4
2994	236.4
2995	167.3
2996	1992.5
2997	2264.5
2998	28.8
2999	518.4
3000	1273.5
3001	26
3002	151.1
3003	416.6
3004	41.9
3005	41.8
3006	70.8
3007	90.4
3008	52.9
3009	1112.4
3010	722
3011	30.5
3012	159.9
3013	48.6
3014	33.4
3015	19.3
3016	335.7
3017	125.3
3018	1697.1
3019	15.6
3020	16442.6
3021	336.5
3022	38.2
3023	28.6
3024	129.6
3025	12217.1
3026	44.7
3027	3859.4
3028	10497.8
3029	6624.8
3030	95.8
3031	2002.5
3032	339.7
3033	11.1
3034	113.9
3035	10511
3036	721.4
3037	43.1
3038	554.8
3039	148.5
3040	337.6
3041	159
3042	346.6
3043	6803.8
3044	47.4
3045	4263.7
3046	456.7
3047	514.5
3048	102.5
3049	16095.2
3050	120.6
3051	41.2
3052	339.3
3053	134
3054	15779.8
3055	3500.5
3056	6920.1
3057	10.6
3058	6721.2
3059	35.7
3060	21.8
3061	55.3
3062	151.2
3063	1377.1
3064	453.4
3065	1079.4
3066	134.8
3067	840.1
3068	394.2
3069	16
3070	10472.8
3071	1931.1
3072	102.3
3073	156.6
3074	771.6
3075	28.7
3076	77
3077	3446.9
3078	27.1
3079	91.8
3080	10257
3081	8.1
3082	29.1
3083	246.6
3084	22.5
3085	287
3086	69.1
3087	301.4
3088	103.3
3089	123.6
3090	75.2
3091	27.4
3092	103.3
3093	156.7
3094	112.3
3095	8.8
3096	310.9
3097	70.6
3098	133.5
3099	24.2
3100	3075.1
3101	155.8
3102	48.4
3103	121.5
3104	133.7
3105	63.4
3106	287.3
3107	1075.8
3108	18.2
3109	24.2
3110	17.4
3111	270.3
3112	10.9
3113	409.6
3114	39.2
3115	52.4
3116	68.8
3117	336.3
3118	129.6
3119	83.7
3120	6
3121	108.1
3122	6.2
3123	67.5
3124	2.6
3125	158.4
3126	28.8
3127	2.5
3128	11
3129	17.9
3130	7.1
3131	57
3132	45.9
3133	107.5
3134	332.1
3135	13.5
3136	242.2
3137	3.8
3138	5.8
3139	262.5
3140	66.2
3141	4.2
3142	75.2
3143	109
3144	1675.1
3145	3.6
3146	3.6
3147	19.1
3148	85.9
3149	570.6
3150	1.7
3151	83.1
3152	1615.5
3153	215.1
3154	131.3
3155	290.2
3156	18.3
3157	18.2
3158	1.9
3159	109.9
3160	5.9
3161	72.7
3162	94.7
3163	8.2
3164	8.4
3165	8.4
3166	1431.9
3167	73.4
3168	159.2
3169	581.5
3170	152.4
3171	41.3
3172	291.7
3173	685.7
3174	71.4
3175	66.2
3176	12.9
3177	695.9
3178	1029.8
3179	5.6
3180	8.3
3181	62.4
3182	146.9
3183	57.6
3184	172.4
3185	69.8
3186	21.8
3187	175.9
3188	34.8
3189	21.5
3190	13.5
3191	64.3
3192	24.8
3193	7.1
3194	135.5
3195	139.9
3196	208.8
3197	53.5
3198	5.9
3199	78.7
3200	4.1
3201	307.6
3202	0
3203	118.8
3204	59.1
3205	90.2
3206	4.4
3207	652.6
3208	301.6
3209	1
3210	391.3
3211	128.6
3212	340.3
3213	554.5
3214	12
3215	6.1
3216	307.3
3217	330.2
3218	200.7
3219	530.4
3220	6.1
3221	307.6
3222	723.9
3223	13.7
3224	327.6
3225	327.9
3226	148.1
3227	303
3228	457.3
3229	2.5
3230	11
3231	3.7
3232	6.4
3233	10.1
3234	71.7
3235	727.2
3236	62.1
3237	6.9
3238	297.6
3239	3.7
3240	14.2
3241	17.6
3242	66.2
3243	52.7
3244	461.8
3245	503.1
3246	288.8
3247	1.5
3248	5.8
3249	20.1
3250	47.4
3251	558.7
3252	56.5
3253	449.9
3254	57.4
3255	11.9
3256	10.2
3257	86
3258	580.2
3259	58.4
3260	21.2
3261	3
3262	181.4
3263	413.2
3264	348
3265	11.9
3266	57.9
3267	36.9
3268	230.6
3269	165.1
3270	3.7
3271	4.6
3272	112.3
3273	3.8
3274	247.7
3275	8.4
3276	16.8
3277	50.2
3278	56.1
3279	6.4
3280	84.9
3281	246.1
3282	3
3283	17.6
3284	4.3
3285	56.4
3286	351.6
3287	69.6
3288	25.5
3289	41.3
3290	70.6
3291	46.4
3292	98.6
3293	14
3294	6.1
3295	10
3296	28.1
3297	356.2
3298	22.2
3299	6.2
3300	44.6
3301	7.3
3302	30.5
3303	34.2
3304	5.5
3305	40.9
3306	6.1
3307	58.2
3308	22.7
3309	55.6
3310	25.8
3311	22.4
3312	12.6
3313	35
3314	48.3
3315	10.9
3316	66.4
3317	3.9
3318	38.4
3319	8.5
3320	88.4
3321	19.4
3322	7.3
3323	9.4
3324	29
3325	7
3326	39
3327	34.2
3328	15.2
3329	33
3330	9
3331	90.3
3332	105.7
3333	4.8
3334	19.8
3335	17.4
3336	7.6
3337	7.3
3338	92.1
3339	24.4
3340	5.8
3341	36.5
3342	4.7
3343	35.8
3344	13.2
3345	4.5
3346	35.9
3347	49.1
3348	2
3349	3.3
3350	12
3351	9.9
3352	26.8
3353	304.3
3354	10.5
3355	28.7
3356	12.8
3357	7.6
3358	11.7
3359	7.1
3360	21.4
3361	13.8
3362	3.3
3363	18.3
3364	4
3365	37.9
3366	272.5
3367	9
3368	14.6
3369	16.4
3370	7.5
3371	8.6
3372	26.9
3373	8.2
3374	265.7
3375	4.4
3376	36.5
3377	4.9
3378	4.8
3379	31.4
3380	210.2
3381	10.1
3382	3.4
3383	24.2
3384	126.2
3385	74.3
3386	14.6
3387	17.1
3388	3.6
3389	86.9
3390	56.8
3391	26.1
3392	11.5
3393	8.6
3394	32.6
3395	23.7
3396	41.2
3397	21.6
3398	15.4
3399	10.3
3400	1292.5
3401	509.1
3402	1032.9
3403	4251.1
3404	3452.1
3405	3200.9
3406	2035.1
3407	7400.9
3408	1148.5
3409	7589.7
3410	0
3411	0
3412	290.4
3413	972.4
3414	562
3415	466.7
3416	194.3
3417	336.7
3418	619.6
3419	4879.9
3420	8308.8
3421	14259.1
3422	316.7
3423	2130.4
3424	237.3
3425	1040.5
3426	2609.7
3427	110.7
3428	48.6
3429	503
3430	22.6
3431	1513.8
3432	2580.5
3433	444.2
3434	688.3
3435	79164.3
3436	4357.3
3437	679.3
3438	79153.6
3439	79169.2
3440	810.7
3441	3957.6
3442	64455.2
3443	1496.4
3444	663.4
3445	79170.9
3446	79191.2
3447	79146.7
3448	52.2
3449	151.1
3450	79184.5
3451	4146.9
3452	1486.9
3453	216.5
3454	1675.5
3455	356
3456	7256.3
3457	1114.5
3458	764.2
3459	128.9
3460	1556.1
3461	35224.7
3462	1526.3
3463	10918.7
3464	3120.8
3465	37.9
3466	174.7
3467	50.3
3468	25777.3
3469	122.7
3470	15360
3471	375
3472	217.3
3473	541.7
3474	3688.8
3475	27125.1
3476	1.1
3477	298.5
3478	89.6
3479	27125.1
3480	6429.8
3481	116.3
3482	3026
3483	30
3484	6146.8
3485	132.8
3486	1.9
3487	1031.7
3488	102.5
3489	5620.4
3490	5529.6
3491	0.1
3492	80
3493	5222.3
3494	430.8
3495	286.2
3496	1373.2
3497	4919
3498	4523.5
3499	1078.9
3500	4430.6
3501	1307.3
3502	152.6
3503	27122.4
3504	27118.7
3505	290.6
3506	2249.4
3507	27118.7
3508	2.9
3509	892.8
3510	27104.4
3511	1961.8
3512	134.4
3513	687.9
3514	27104.4
3515	1542.4
3516	26926.4
3517	104.4
3518	5918.5
3519	284.1
3520	6.4
3521	20249.9
3522	663.2
3523	20158.8
3524	126.9
3525	20136.5
3526	80.4
3527	19913.8
3528	3242.2
3529	301.8
3530	163
3531	1215.3
3532	52.5
3533	19678.1
3534	19548.2
3535	842.2
3536	8855.1
3537	78.3
3538	2.8
3539	1403.5
3540	1074.8
3541	9655.3
3542	8127.2
3543	9483.2
3544	371.9
3545	288.5
3546	208.8
3547	5784.9
3548	5849.8
3549	665.1
3550	1140.2
3551	1588.3
3552	5585.8
3553	5138.7
3554	1693.2
3555	3579.5
3556	2197.1
3557	70.9
3558	1998.5
3559	715.8
3560	2093.2
3561	15895.2
3562	495.9
3563	6053
3564	1024.6
3565	1008.9
3566	63.2
3567	5659.7
3568	10206.8
3569	1066.5
3570	2963.8
3571	1765.7
3572	389.3
3573	756.3
3574	1815.7
3575	315.4
3576	2641.7
3577	3109.1
3578	1536.4
3579	1653
3580	604.7
3581	97.5
3582	793.7
3583	683.1
3584	1044.7
3585	322.1
3586	525.4
3587	163.5
3588	88
3589	131.7
3590	123.3
3591	93.3
3592	51.9
3593	26.1
3594	64.2
