"COMID"	"Value"
1	4.6
2	11.6
3	0.1
4	0
5	0.8
6	0
7	0.9
8	1.2
9	8.6
10	0
11	0.1
12	6.4
13	0
14	5.8
15	0.6
16	1.5
17	7.3
18	0.9
19	0.2
20	2.2
21	0.7
22	0.1
23	0
24	0.5
25	0.4
26	0.1
27	0.4
28	0.4
29	0.3
30	0
31	10.5
32	0.2
33	0.6
34	7.8
35	0
36	1.4
37	7.7
38	0
39	3.2
40	12.6
41	4.8
42	0.6
43	18.8
44	0.1
45	11.3
46	45.6
47	1.2
48	0.8
49	1.5
50	16.6
51	1.2
52	6.6
53	0.7
54	0.6
55	0.7
56	24.4
57	15.3
58	10.4
59	3.9
60	10
61	0.6
62	0.6
63	0.3
64	14.3
65	1.4
66	0.9
67	3.5
68	0.3
69	0.4
70	0.1
71	1.8
72	1.1
73	0.7
74	0.2
75	0.3
76	0.1
77	0
78	0.1
79	1.7
80	0.1
81	0
82	0
83	11.9
84	0
85	0.4
86	0.3
87	0.7
88	2.8
89	0.1
90	0.7
91	1.3
92	1.8
93	1.1
94	2.8
95	0.6
96	2
97	4.6
98	1.8
99	0.1
100	1.6
101	0.1
102	0.3
103	0.9
104	1
105	0.6
106	0.4
107	0.2
108	0
109	0.7
110	3.1
111	0
112	0.3
113	15.9
114	0.5
115	0.5
116	0.4
117	0
118	0.4
119	0
120	0.3
121	0.2
122	3
123	1
124	0.3
125	0.2
126	1.1
127	0.2
128	0
129	1
130	0.8
131	3.7
132	0.1
133	0
134	3.2
135	0.8
136	0.4
137	0
138	0.5
139	0.2
140	0.4
141	0.9
142	0.2
143	0
144	0.3
145	16.6
146	0.3
147	0.3
148	0
149	0.1
150	0.3
151	0
152	0.7
153	0.1
154	1.6
155	0
156	1.4
157	0.1
158	0.8
159	2.3
160	1.5
161	1.3
162	0.1
163	0.2
164	0.1
165	0
166	0.1
167	0
168	0
169	0
170	0.6
171	0.7
172	0.2
173	0.1
174	40.7
175	0.1
176	0.8
177	1.9
178	1.8
179	0.2
180	0.2
181	0
182	5.3
183	0
184	0.2
185	0.3
186	1.4
187	0.1
188	0.1
189	0.1
190	0.3
191	0.2
192	0.1
193	7.2
194	0.8
195	0
196	0.4
197	1.1
198	0.3
199	0.2
200	17.1
201	17.4
202	0.1
203	0.1
204	9
205	1.3
206	0.7
207	1.6
208	0.5
209	0.2
210	0.3
211	0.3
212	0.1
213	0.7
214	0.1
215	0.1
216	1.1
217	0.2
218	0.1
219	0.1
220	11
221	0
222	0
223	3.4
224	0
225	3.3
226	0
227	0.7
228	0.6
229	0.4
230	3.6
231	0.7
232	0.1
233	1.3
234	7.3
235	3.6
236	0.1
237	0.5
238	0.3
239	0
240	0.3
241	0
242	0.7
243	0
244	0.4
245	0.3
246	0.3
247	0
248	0
249	0.7
250	0.5
251	0
252	1.2
253	0.2
254	0
255	0
256	0
257	0
258	0
259	0
260	0
261	0.1
262	0
263	0
264	0
265	0
266	0.1
267	0.7
268	1
269	1.3
270	0
271	0.3
272	0
273	0.3
274	7.3
275	0
276	0
277	0.2
278	0
279	3.8
280	0
281	0
282	0.4
283	0.2
284	0.2
285	0
286	0
287	1
288	0.1
289	0.3
290	0.4
291	4.6
292	0.3
293	7.3
294	4.1
295	0.1
296	1.2
297	0.4
298	0
299	0
300	1.4
301	0.2
302	1.3
303	0.5
304	0.1
305	0.6
306	0.3
307	2.1
308	0.2
309	0.4
310	0.5
311	0.3
312	2.8
313	0.5
314	1.8
315	0.4
316	0.8
317	0
318	0.8
319	0
320	0.4
321	1.3
322	0.3
323	0.4
324	0.1
325	0
326	0.7
327	0.1
328	0.3
329	1.3
330	0
331	2.4
332	0.1
333	2.5
334	0.3
335	0.2
336	0.4
337	0
338	2.6
339	1.7
340	0.1
341	3.1
342	7.3
343	1.7
344	5.3
345	0.3
346	0
347	0.1
348	0.3
349	0.3
350	0.3
351	0.3
352	0.4
353	0.2
354	0.4
355	0
356	0.3
357	0.6
358	0.7
359	0
360	0.2
361	0.7
362	0.2
363	0.2
364	0.6
365	0.4
366	1.2
367	7.3
368	1.7
369	0
370	0.1
371	0.6
372	7.1
373	0.4
374	7.9
375	0.7
376	6.1
377	0.1
378	3
379	0
380	0.2
381	0
382	0
383	2.3
384	45.6
385	0
386	7.9
387	10.5
388	5.2
389	4.8
390	12.1
391	4.8
392	3.6
393	0
394	1
395	0
396	0
397	7.9
398	24.7
399	0.2
400	23.2
401	0.1
402	0
403	0
404	0
405	4.4
406	0.7
407	0.2
408	0
409	0
410	7.9
411	0.1
412	0
413	0.7
414	0
415	0
416	0.2
417	0
418	0
419	3.5
420	0
421	0.4
422	0
423	0.6
424	2.3
425	0.9
426	0.4
427	3.5
428	0.5
429	0
430	1.7
431	0
432	0.6
433	13.9
434	5.3
435	0.6
436	15.1
437	15.1
438	11.7
439	0
440	0.1
441	6.1
442	14.5
443	0.7
444	0.5
445	9
446	6.9
447	2.5
448	1.5
449	1.6
450	0.6
451	0
452	4.1
453	15.2
454	7.7
455	6.9
456	5.5
457	0.4
458	0.4
459	3.1
460	0.4
461	3.7
462	0.7
463	34.9
464	15.7
465	2.2
466	0.5
467	0.9
468	16.7
469	0.6
470	9
471	7
472	0.1
473	3
474	9.6
475	3.8
476	3.8
477	1.5
478	2.7
479	8.7
480	0.1
481	0
482	0.5
483	2.5
484	2.4
485	9.4
486	0
487	0.5
488	3.1
489	0
490	3.2
491	1.3
492	0.6
493	3.2
494	0.5
495	0
496	0
497	0.3
498	1.3
499	0
500	0.3
501	0.3
502	0.8
503	0.9
504	1.3
505	0.7
506	1.2
507	0.7
508	3.3
509	2.8
510	0.5
511	2.1
512	1
513	0
514	0.4
515	0
516	1.4
517	1.4
518	0.5
519	0.8
520	0
521	1.1
522	0.8
523	0
524	0.3
525	0.2
526	6.4
527	0.1
528	6.9
529	0.3
530	2.1
531	1.7
532	0.1
533	0.1
534	1.4
535	4.7
536	0.1
537	0
538	0
539	0.1
540	0.6
541	13.3
542	2
543	0.3
544	0.2
545	0.2
546	1.3
547	1.3
548	0
549	0
550	1.8
551	15.6
552	1.8
553	0.8
554	0.2
555	3.3
556	1.4
557	0.5
558	0
559	1
560	1.2
561	0.2
562	1.5
563	0
564	18.4
565	0.7
566	1.3
567	1.1
568	4.4
569	1.8
570	0
571	0.3
572	40.4
573	3.2
574	1
575	1.1
576	40.4
577	0
578	0.7
579	1.1
580	34.4
581	58.8
582	8.3
583	4.9
584	3.7
585	0
586	0.9
587	2.1
588	9.6
589	5.8
590	0
591	0.2
592	0.5
593	33.2
594	0.9
595	9.1
596	0.6
597	58.8
598	6.5
599	1.3
600	0.5
601	2
602	0
603	0.1
604	9.3
605	0
606	0.1
607	8.5
608	1.1
609	0
610	1.6
611	0.6
612	0
613	0
614	0.5
615	0.1
616	0
617	29.7
618	30
619	4
620	4
621	0.1
622	0.5
623	0.9
624	0.7
625	10.6
626	0.5
627	27.5
628	0.9
629	0.9
630	2
631	1.5
632	29.9
633	1
634	0
635	1.2
636	0.8
637	1.9
638	7.3
639	40.9
640	0.1
641	17
642	0
643	1.2
644	0
645	0.1
646	0.6
647	12.8
648	0.1
649	0.2
650	0.8
651	2.2
652	0.6
653	0
654	1.4
655	0
656	3
657	1.2
658	0.3
659	0.3
660	0
661	0.5
662	0.8
663	0.6
664	11.8
665	3.9
666	13.3
667	41.1
668	17
669	0.8
670	2.5
671	14.1
672	9.8
673	0.8
674	0
675	1.1
676	4.5
677	14.5
678	1.1
679	0.8
680	0
681	2.8
682	2.2
683	10
684	0.7
685	9.6
686	1.7
687	0
688	0.8
689	17.3
690	0.7
691	43.6
692	5.3
693	1
694	0
695	44.4
696	1.4
697	3.8
698	0.1
699	1.1
700	0.7
701	0.6
702	0.8
703	2.1
704	0.6
705	1.6
706	1
707	1.2
708	2.4
709	1.1
710	2.7
711	0
712	0
713	0.2
714	1
715	7.3
716	0
717	10.6
718	0.6
719	0.3
720	3.8
721	4.5
722	0.2
723	0.6
724	2.2
725	24.1
726	0
727	0
728	0.7
729	45.1
730	1.5
731	0.4
732	0
733	0.6
734	1.1
735	0
736	2.8
737	1.6
738	1.4
739	3.6
740	3.4
741	0.2
742	0.1
743	0.1
744	0
745	0
746	0.5
747	0.9
748	0
749	0.3
750	1.5
751	8
752	0.2
753	1.8
754	2
755	0.2
756	1.4
757	1.1
758	0.1
759	1.2
760	1.7
761	0.7
762	0.3
763	0.1
764	3.5
765	6.9
766	0
767	0
768	0.1
769	1.1
770	0.2
771	0.1
772	0
773	2.5
774	3.6
775	0.4
776	1
777	4.2
778	4.7
779	0
780	0.8
781	10.3
782	116.3
783	30.2
784	29.4
785	64.3
786	153.6
787	33.7
788	28.6
789	30.5
790	89
791	33.3
792	27.3
793	402.4
794	25.6
795	52.1
796	9.1
797	24.7
798	10.2
799	39.6
800	20.7
801	416.2
802	462.1
803	86.5
804	34.5
805	483.3
806	321.9
807	15.5
808	370.7
809	42.6
810	49.7
811	516.2
812	199.7
813	345.3
814	14.3
815	14.5
816	953.8
817	12.9
818	26.5
819	140.4
820	413.8
821	9.8
822	30.1
823	945.2
824	220.6
825	8.3
826	35.5
827	23.4
828	44.4
829	975.1
830	33.3
831	1060.1
832	263.8
833	64.5
834	53.4
835	116.2
836	81.7
837	10.6
838	64.7
839	8.5
840	59.5
841	178.8
842	1149.4
843	3
844	16.9
845	575.4
846	17.6
847	380.3
848	12.7
849	33.1
850	117.8
851	34.2
852	28
853	8.1
854	24.7
855	31.2
856	17.1
857	15.6
858	19.2
859	593.4
860	17
861	66.1
862	2.2
863	586.6
864	9.6
865	102.4
866	1198.7
867	17.8
868	30.1
869	687.2
870	3.1
871	604.6
872	12.5
873	0.8
874	652
875	22.5
876	9.9
877	9.4
878	10.7
879	37.4
880	636.4
881	61.5
882	14.8
883	8.6
884	10.3
885	52.5
886	0.8
887	1239.2
888	24.9
889	82.5
890	68.5
891	139
892	31.4
893	50.2
894	1
895	74.9
896	24.8
897	8.7
898	723.2
899	20.9
900	76.2
901	710.7
902	12.3
903	22
904	40.4
905	14.5
906	30.9
907	59
908	1277.5
909	28.9
910	0
911	10
912	165.9
913	16.5
914	193.9
915	0
916	893.6
917	19.6
918	22.4
919	12.7
920	17.7
921	10.7
922	41.4
923	2.2
924	727.3
925	9
926	21.2
927	7.9
928	0.3
929	1478.3
930	61.8
931	7.6
932	0.5
933	13
934	0
935	21.3
936	61.3
937	16.9
938	51.2
939	15.5
940	1572.2
941	27.3
942	88.2
943	0
944	78.5
945	12.5
946	89.2
947	0
948	1046.1
949	12
950	18.8
951	15.9
952	1560
953	17
954	0.3
955	37.6
956	143.4
957	9.7
958	16.4
959	1586.8
960	66.1
961	20.8
962	20.2
963	10.1
964	0
965	35.8
966	166.9
967	0
968	1597.8
969	8.6
970	7.7
971	54.8
972	23
973	17.2
974	1616.2
975	37.8
976	29.6
977	13.9
978	18
979	10.3
980	229.1
981	94.8
982	53.1
983	53.7
984	7.6
985	37.9
986	14.5
987	20.4
988	14.4
989	78.4
990	0
991	25.7
992	0
993	39.9
994	12.1
995	36.5
996	222.9
997	21.7
998	21.2
999	27.8
1000	0
1001	0.7
1002	20.1
1003	0
1004	268.9
1005	58.4
1006	15.5
1007	0
1008	0.5
1009	0
1010	137
1011	37.7
1012	13.5
1013	22.9
1014	15.4
1015	0.4
1016	0
1017	64.9
1018	22.1
1019	0.4
1020	42.1
1021	132.7
1022	13.3
1023	51
1024	26.2
1025	193.9
1026	51.1
1027	27.1
1028	334.2
1029	23.5
1030	0
1031	0
1032	0
1033	0
1034	57.9
1035	0
1036	768.5
1037	1666
1038	30.5
1039	236.9
1040	29.8
1041	13.7
1042	0.3
1043	0
1044	207.6
1045	0.3
1046	2
1047	76.1
1048	363.6
1049	14.6
1050	0
1051	850.2
1052	498.5
1053	26.1
1054	1966.3
1055	434.6
1056	92
1057	0
1058	1003.2
1059	0
1060	27.2
1061	0
1062	23.4
1063	29.8
1064	0
1065	1874
1066	13.4
1067	0
1068	0
1069	0
1070	13.6
1071	8.2
1072	0
1073	0
1074	41.8
1075	0
1076	18.2
1077	0
1078	132.9
1079	2150.8
1080	3.5
1081	0
1082	32.8
1083	0
1084	48.5
1085	25.5
1086	182.2
1087	0
1088	0
1089	0.3
1090	2109.1
1091	30.5
1092	0
1093	0.5
1094	0
1095	0.4
1096	0.2
1097	13.6
1098	0.2
1099	0
1100	0
1101	0
1102	1079.9
1103	0
1104	32.6
1105	0.2
1106	0.6
1107	0
1108	0.6
1109	2156.9
1110	0
1111	0
1112	239.7
1113	23.3
1114	35.7
1115	0.3
1116	0.5
1117	119.1
1118	0.3
1119	32.6
1120	0.7
1121	0.4
1122	1.5
1123	1.8
1124	16.1
1125	37
1126	22.1
1127	35.8
1128	404.6
1129	92
1130	1.4
1131	0
1132	104.1
1133	159.8
1134	2112.2
1135	2173
1136	0
1137	0.6
1138	1.1
1139	35.5
1140	1259.1
1141	0.5
1142	0
1143	15.9
1144	2.3
1145	0.8
1146	0.3
1147	2184.5
1148	18.7
1149	2176.5
1150	35.7
1151	2185
1152	464.7
1153	483.4
1154	0
1155	0
1156	13.5
1157	36.3
1158	181.4
1159	34.2
1160	1.2
1161	0
1162	0.8
1163	2.6
1164	21.6
1165	2208.7
1166	44.1
1167	12.4
1168	122.4
1169	23
1170	16.3
1171	2120.2
1172	51.1
1173	2.6
1174	26.7
1175	0.5
1176	12.3
1177	0
1178	0.4
1179	21.3
1180	1.8
1181	2118.1
1182	2187.7
1183	0
1184	3510.7
1185	29.6
1186	497.8
1187	2137.8
1188	2189.1
1189	2120.7
1190	2138.9
1191	21
1192	2189.5
1193	15.5
1194	2184.1
1195	14.8
1196	2138.1
1197	3692.1
1198	0
1199	19.4
1200	6
1201	2182.1
1202	2.6
1203	3692.1
1204	2126.4
1205	0.4
1206	0
1207	2115.1
1208	0.1
1209	2180.1
1210	36.6
1211	34
1212	0
1213	16
1214	536.4
1215	2122.7
1216	12.7
1217	2.5
1218	0
1219	0.1
1220	12.9
1221	2188.9
1222	2187.7
1223	1
1224	2189.3
1225	17.2
1226	19.1
1227	5.6
1228	0.3
1229	2122.2
1230	14.5
1231	0
1232	28.4
1233	0.1
1234	3.1
1235	0.6
1236	0
1237	90.5
1238	10.9
1239	0
1240	2189.9
1241	237.9
1242	50.2
1243	1.7
1244	2190.1
1245	41.2
1246	12.6
1247	68.6
1248	47.5
1249	72.3
1250	6.6
1251	0.4
1252	3692.1
1253	2208.9
1254	5.5
1255	0
1256	21.1
1257	14
1258	0.6
1259	0
1260	8
1261	12.8
1262	0
1263	2.2
1264	14.8
1265	18
1266	603.4
1267	3692.1
1268	20.7
1269	4.8
1270	66.7
1271	1
1272	2209
1273	12.8
1274	18.1
1275	2208.4
1276	21.1
1277	11.9
1278	139.8
1279	3.4
1280	90.3
1281	11.2
1282	0
1283	13.6
1284	39.2
1285	14.1
1286	17.9
1287	1.8
1288	7.3
1289	80.3
1290	5
1291	37.6
1292	2.8
1293	3.3
1294	11.1
1295	9.4
1296	0
1297	17.5
1298	613.5
1299	18.1
1300	12.1
1301	0
1302	6.3
1303	16.9
1304	2.9
1305	22
1306	0
1307	297.2
1308	4.3
1309	0
1310	101.5
1311	10
1312	11.7
1313	1
1314	24.7
1315	90.3
1316	5.6
1317	4.1
1318	0.9
1319	39.4
1320	9.7
1321	0
1322	3692.1
1323	0
1324	0.7
1325	96.7
1326	0
1327	0
1328	189.7
1329	10.6
1330	50.6
1331	12.3
1332	8.8
1333	17
1334	74.4
1335	2.2
1336	13.5
1337	0
1338	0
1339	1
1340	14.4
1341	17.4
1342	193.8
1343	0
1344	0
1345	0.5
1346	90.3
1347	221.1
1348	11.8
1349	0.4
1350	3692.1
1351	7.4
1352	2.9
1353	180.8
1354	0
1355	13.9
1356	4.7
1357	7.9
1358	8
1359	0.6
1360	0
1361	0.6
1362	8.7
1363	90.3
1364	0.1
1365	67.7
1366	0
1367	90.3
1368	5.6
1369	0.1
1370	0.6
1371	0.1
1372	1.6
1373	113.2
1374	2.9
1375	40.1
1376	2.8
1377	2.2
1378	0.3
1379	0.2
1380	24
1381	90.3
1382	12.6
1383	0.1
1384	2
1385	3.7
1386	7.4
1387	0.1
1388	0
1389	0
1390	8.4
1391	652.3
1392	15.5
1393	0
1394	0
1395	27.9
1396	0
1397	15.1
1398	0
1399	90.3
1400	4.7
1401	0
1402	0.1
1403	245.4
1404	0.9
1405	3.1
1406	0
1407	90.3
1408	0.2
1409	738.5
1410	0.2
1411	202.8
1412	0.5
1413	38.1
1414	1.4
1415	14.8
1416	80.4
1417	0
1418	7.3
1419	0
1420	2
1421	0
1422	0
1423	10.6
1424	128.5
1425	0.1
1426	183.7
1427	0.1
1428	0
1429	0
1430	8.5
1431	263
1432	0
1433	7
1434	3782.6
1435	28.5
1436	3692.1
1437	128.5
1438	0.1
1439	0.1
1440	4.9
1441	5.8
1442	20135.4
1443	26.7
1444	0
1445	0
1446	1150.8
1447	0.6
1448	41.5
1449	90.3
1450	0.2
1451	20135.4
1452	3782.4
1453	49
1454	11.7
1455	0.1
1456	16352.8
1457	313.4
1458	5
1459	0.3
1460	0
1461	90.3
1462	20136.2
1463	0
1464	0
1465	0
1466	14.3
1467	0
1468	20135.9
1469	7.7
1470	1114.7
1471	0.1
1472	20135.5
1473	756.4
1474	3.2
1475	19.2
1476	20135.9
1477	0.1
1478	16.3
1479	133.5
1480	0
1481	38.3
1482	5
1483	0
1484	16352
1485	7.1
1486	0
1487	0
1488	37.5
1489	26.1
1490	0.7
1491	7.8
1492	3.9
1493	1188.9
1494	11.1
1495	141.3
1496	140.9
1497	110.4
1498	0
1499	15.4
1500	1238
1501	7.4
1502	40.9
1503	0.8
1504	164.4
1505	11.3
1506	14.7
1507	0
1508	0.5
1509	4.3
1510	0.8
1511	16344.7
1512	0
1513	49.1
1514	0
1515	0
1516	0.1
1517	1246.9
1518	0.1
1519	8
1520	3.4
1521	0
1522	0
1523	0
1524	164.4
1525	0
1526	0
1527	18
1528	0
1529	10.2
1530	29.8
1531	0.1
1532	1.7
1533	0.1
1534	12.2
1535	3.1
1536	10.1
1537	0
1538	3.3
1539	3.5
1540	0
1541	20136.4
1542	0
1543	19.9
1544	0.1
1545	0.2
1546	7.5
1547	9.7
1548	20136.4
1549	0
1550	0
1551	172.4
1552	287
1553	20.1
1554	25.5
1555	5.9
1556	14.7
1557	0.1
1558	0.2
1559	28.5
1560	1247.4
1561	0
1562	0
1563	4
1564	0
1565	83.4
1566	3.8
1567	20136.4
1568	0
1569	7.2
1570	6.8
1571	0
1572	0.2
1573	53.1
1574	0.1
1575	16.4
1576	16344.5
1577	10.4
1578	0
1579	0
1580	393.4
1581	410.6
1582	9.7
1583	5.1
1584	3.3
1585	31.9
1586	12.4
1587	0
1588	1288.8
1589	0.2
1590	0.6
1591	20136.4
1592	1260.9
1593	0.1
1594	15.9
1595	24.2
1596	833.7
1597	20136.4
1598	29.6
1599	828
1600	8.5
1601	20
1602	9.6
1603	24.6
1604	4
1605	1
1606	0
1607	0
1608	12.9
1609	0
1610	4.7
1611	4.2
1612	26.9
1613	833.7
1614	53.8
1615	16207.7
1616	15.2
1617	0
1618	18.1
1619	1288.9
1620	16083.9
1621	464.8
1622	21.4
1623	0
1624	14
1625	18.1
1626	171.1
1627	0
1628	24.3
1629	20136.4
1630	29.3
1631	5.7
1632	46.7
1633	0
1634	84.9
1635	85.8
1636	874
1637	22.8
1638	8.4
1639	3
1640	0
1641	27.2
1642	24
1643	17.9
1644	0.1
1645	16.7
1646	26.6
1647	20136.4
1648	1.3
1649	0.6
1650	0.1
1651	114.5
1652	6.6
1653	0.1
1654	15902.5
1655	35.9
1656	21.1
1657	29.9
1658	906.6
1659	42
1660	35.4
1661	1
1662	0
1663	74.5
1664	1.1
1665	0.2
1666	103.7
1667	14.5
1668	70.4
1669	21
1670	1792.2
1671	9.5
1672	15878.9
1673	112
1674	19.7
1675	155.5
1676	1.5
1677	1.4
1678	17
1679	276.1
1680	17.2
1681	299.3
1682	746.8
1683	29.3
1684	22.9
1685	24.4
1686	7.2
1687	276.1
1688	116.2
1689	1.7
1690	56.1
1691	1.3
1692	6972.4
1693	8844.2
1694	29.4
1695	33.7
1696	2363.6
1697	6959.8
1698	746.8
1699	10.2
1700	6.5
1701	6926.8
1702	6930.2
1703	306.9
1704	2363.6
1705	0.2
1706	17
1707	746.8
1708	746.8
1709	19.1
1710	8.3
1711	12.3
1712	224.3
1713	6915.9
1714	67.2
1715	36.9
1716	32.9
1717	6.4
1718	64.4
1719	17.2
1720	10.7
1721	8903.3
1722	21.4
1723	287
1724	32.9
1725	1393.1
1726	7.2
1727	19.4
1728	236
1729	0.7
1730	48.6
1731	9.9
1732	197.1
1733	40
1734	7047.4
1735	8.6
1736	746.8
1737	7.3
1738	4.7
1739	1032.5
1740	0
1741	0.6
1742	0.3
1743	107.4
1744	11.6
1745	63.3
1746	2373.6
1747	311.9
1748	31.6
1749	9.6
1750	12.1
1751	2380.3
1752	2390.4
1753	15.3
1754	99.1
1755	8.2
1756	1294
1757	38.2
1758	5.1
1759	132.9
1760	1024.5
1761	47.5
1762	7.8
1763	13.4
1764	7.2
1765	2.6
1766	28.7
1767	2634
1768	0
1769	2866.5
1770	64.4
1771	7.7
1772	0
1773	9.5
1774	235
1775	0
1776	8.1
1777	6548.6
1778	0.2
1779	0.9
1780	0.1
1781	2815.9
1782	179.1
1783	2929.4
1784	329.4
1785	6863
1786	7.2
1787	86.6
1788	7.8
1789	4.9
1790	0.1
1791	6
1792	131.5
1793	1015.2
1794	47.4
1795	6833
1796	6968.6
1797	17.4
1798	11.5
1799	0
1800	13.9
1801	8.2
1802	5.9
1803	0
1804	343.3
1805	1.4
1806	35.9
1807	51.8
1808	343.3
1809	23.2
1810	24.7
1811	6159.2
1812	0
1813	7.4
1814	31.7
1815	3562.1
1816	11.6
1817	6.6
1818	3558.4
1819	26.3
1820	15.1
1821	6.1
1822	25.4
1823	4.2
1824	0
1825	72.9
1826	53.7
1827	2586.9
1828	6149.9
1829	127.7
1830	0
1831	630.3
1832	0
1833	19.2
1834	0
1835	6810.7
1836	6796.4
1837	0
1838	0
1839	11.3
1840	52
1841	556.9
1842	699.6
1843	51
1844	6153.8
1845	15.9
1846	0
1847	619.3
1848	8.2
1849	64.8
1850	15.4
1851	29.4
1852	106.4
1853	17.7
1854	175.1
1855	6.9
1856	272.1
1857	0
1858	17.9
1859	49
1860	1007.9
1861	0
1862	13.7
1863	6750
1864	8
1865	5.4
1866	11.4
1867	6757.4
1868	73.5
1869	11.6
1870	96.4
1871	24.5
1872	282.1
1873	234.3
1874	46.2
1875	6750
1876	43.3
1877	0
1878	6750
1879	32.5
1880	28.2
1881	15.9
1882	0
1883	9.3
1884	12.9
1885	10.2
1886	9.3
1887	0
1888	7
1889	0
1890	28.2
1891	104.6
1892	18.8
1893	4.4
1894	6.7
1895	49
1896	6.5
1897	23.6
1898	32.2
1899	264.5
1900	0
1901	9
1902	9.4
1903	9.1
1904	7.8
1905	2586
1906	0
1907	0
1908	922.4
1909	5.6
1910	106.8
1911	11.6
1912	9.1
1913	0
1914	20.8
1915	0
1916	101.6
1917	6.8
1918	7.1
1919	0
1920	6750
1921	9.1
1922	0
1923	0
1924	6750
1925	8.5
1926	60.1
1927	18.6
1928	2474.5
1929	0
1930	0
1931	0
1932	27.4
1933	9.6
1934	10.5
1935	0
1936	9.6
1937	6750
1938	38.4
1939	20.9
1940	0
1941	222.3
1942	25.9
1943	6750
1944	14.7
1945	0
1946	0
1947	0
1948	701.2
1949	10
1950	83.6
1951	0
1952	2.7
1953	78.5
1954	6750
1955	3.6
1956	10.6
1957	25
1958	0
1959	4
1960	2428.4
1961	18.1
1962	35.8
1963	0
1964	0
1965	0
1966	8.4
1967	698.8
1968	9.6
1969	0
1970	126.4
1971	0
1972	0
1973	6750
1974	137.3
1975	87.2
1976	2
1977	701.2
1978	31.3
1979	92.6
1980	0
1981	2407.7
1982	16.3
1983	0
1984	0
1985	56.7
1986	7.1
1987	15.6
1988	52.4
1989	498.9
1990	116.8
1991	0
1992	0
1993	5.1
1994	9.4
1995	2179.2
1996	0
1997	6.6
1998	54.5
1999	0
2000	75.5
2001	43.2
2002	4.2
2003	4.7
2004	6750
2005	0
2006	6.1
2007	0
2008	698.8
2009	0
2010	74.6
2011	334.6
2012	0
2013	96.7
2014	176.2
2015	8.2
2016	0
2017	0
2018	1.6
2019	6750
2020	0
2021	194.5
2022	175.7
2023	13.3
2024	141.5
2025	22.8
2026	0
2027	3.2
2028	31.1
2029	192.3
2030	0
2031	8.9
2032	0.6
2033	0
2034	0
2035	32.5
2036	13.7
2037	17.1
2038	137.9
2039	0
2040	0
2041	18.1
2042	3.8
2043	34.1
2044	16.1
2045	0
2046	6750
2047	2.7
2048	0
2049	0
2050	64.2
2051	2.1
2052	0
2053	17.8
2054	9.3
2055	2.8
2056	161.8
2057	11.3
2058	30
2059	0
2060	173.8
2061	0.6
2062	2242.8
2063	0
2064	5.7
2065	0
2066	0
2067	3.1
2068	0
2069	9.9
2070	4.7
2071	4.1
2072	0
2073	8.2
2074	10.1
2075	0
2076	37.1
2077	0
2078	4.8
2079	0
2080	0
2081	5.5
2082	0
2083	2.5
2084	1977.4
2085	0
2086	7.8
2087	0
2088	34.8
2089	3.7
2090	10.3
2091	6.6
2092	8.9
2093	5.3
2094	0
2095	2.6
2096	0
2097	167.4
2098	15.5
2099	7.2
2100	21.9
2101	0
2102	23.6
2103	6750
2104	6750
2105	0
2106	0
2107	0
2108	22.6
2109	0
2110	0
2111	0
2112	75.3
2113	1968
2114	0
2115	13.4
2116	6.3
2117	4
2118	115.7
2119	1833.8
2120	11.2
2121	1.5
2122	33.8
2123	0
2124	23.1
2125	3.3
2126	0
2127	150.7
2128	0
2129	6750
2130	0
2131	11.1
2132	6.1
2133	0
2134	0
2135	1833.4
2136	19
2137	8.1
2138	3.4
2139	12.9
2140	6750
2141	38.9
2142	29.3
2143	0
2144	0
2145	20.9
2146	1.6
2147	10.9
2148	16.7
2149	0
2150	29.7
2151	0
2152	25.8
2153	138.9
2154	14.3
2155	0
2156	0
2157	0
2158	2.8
2159	2.5
2160	168.2
2161	0
2162	0
2163	26
2164	0
2165	2.7
2166	6750
2167	0
2168	0
2169	34.7
2170	0
2171	0
2172	0
2173	54.5
2174	0
2175	0.7
2176	0
2177	264.4
2178	6.6
2179	0
2180	3.3
2181	56.8
2182	0
2183	0
2184	0
2185	13
2186	0.7
2187	1.8
2188	6750
2189	0
2190	139.1
2191	0
2192	0
2193	0
2194	27
2195	2.6
2196	0
2197	10.2
2198	6750
2199	264.4
2200	0
2201	1.1
2202	4.2
2203	0
2204	6750
2205	0
2206	250.9
2207	1.9
2208	1.2
2209	0
2210	63.3
2211	0
2212	3.8
2213	451.7
2214	0
2215	5.1
2216	108.4
2217	0
2218	0
2219	29.2
2220	7.4
2221	0
2222	101.9
2223	0
2224	0
2225	234
2226	21.1
2227	67.2
2228	0
2229	0
2230	4.3
2231	0
2232	1478.1
2233	0
2234	17.7
2235	0
2236	0
2237	0
2238	0
2239	101.3
2240	0
2241	4.8
2242	0
2243	0
2244	0
2245	11.9
2246	0.7
2247	0
2248	24.1
2249	76.6
2250	6750
2251	1.6
2252	987.9
2253	0
2254	1.2
2255	0
2256	18
2257	7.1
2258	0
2259	932.3
2260	0
2261	0
2262	0
2263	19.1
2264	46
2265	877.4
2266	0
2267	0
2268	79.3
2269	99.2
2270	0
2271	11.3
2272	0
2273	6.3
2274	0
2275	36.6
2276	1.5
2277	0
2278	0.6
2279	6749.3
2280	0
2281	0
2282	864.3
2283	1.7
2284	0.6
2285	808.4
2286	67.2
2287	6
2288	17
2289	0
2290	0
2291	6749.3
2292	790.4
2293	92.4
2294	92.4
2295	16.6
2296	14.1
2297	31
2298	0
2299	1.1
2300	0
2301	0.4
2302	0
2303	0.7
2304	0
2305	6749.3
2306	623.7
2307	67.7
2308	0
2309	6.8
2310	56.4
2311	0.2
2312	0
2313	2
2314	0
2315	0.4
2316	6747.3
2317	19.5
2318	6747.3
2319	2
2320	29.3
2321	21.2
2322	0
2323	0
2324	43.2
2325	68.4
2326	3.7
2327	2
2328	11.3
2329	2
2330	0.1
2331	0.1
2332	85.2
2333	2
2334	11.1
2335	0.2
2336	14.6
2337	0.1
2338	2.6
2339	81.2
2340	17.2
2341	8.3
2342	0
2343	1.4
2344	1.4
2345	79.1
2346	29.2
2347	0
2348	2
2349	79.3
2350	0
2351	17.3
2352	2
2353	11.3
2354	0.6
2355	15.3
2356	0
2357	1.3
2358	1.1
2359	526.9
2360	6.4
2361	6.8
2362	4.4
2363	21
2364	3.6
2365	8.1
2366	0
2367	0.4
2368	12.4
2369	2
2370	12.3
2371	0
2372	3.6
2373	21.4
2374	0.9
2375	0.5
2376	0.2
2377	4.6
2378	8.1
2379	1723.9
2380	12.4
2381	8.3
2382	9.4
2383	0.1
2384	0.9
2385	0.8
2386	0
2387	0
2388	173.9
2389	26.2
2390	1.5
2391	184.5
2392	505.5
2393	0.2
2394	412.7
2395	67.1
2396	1716.4
2397	0.1
2398	0.3
2399	9.6
2400	0.1
2401	6.6
2402	40.6
2403	3.4
2404	2.8
2405	31.8
2406	241.9
2407	0.1
2408	10.6
2409	33.8
2410	160.7
2411	146.1
2412	45
2413	0.4
2414	5.6
2415	93.3
2416	1703
2417	247.3
2418	23
2419	4656.8
2420	10.9
2421	0.1
2422	13.3
2423	10.2
2424	85.3
2425	1.5
2426	0.1
2427	0.1
2428	26.8
2429	0.6
2430	0.1
2431	6.8
2432	1674
2433	8.6
2434	10.3
2435	0
2436	1673.8
2437	51.6
2438	46.3
2439	43.7
2440	5.3
2441	0.2
2442	6.9
2443	8.2
2444	399.8
2445	9.7
2446	3.9
2447	11.6
2448	137.5
2449	0.2
2450	0
2451	3.6
2452	12.4
2453	346.1
2454	0.2
2455	1673.6
2456	29.8
2457	0.2
2458	4646.6
2459	10.3
2460	12.6
2461	65.6
2462	14.9
2463	1.6
2464	187
2465	0.2
2466	0.2
2467	652.4
2468	232.6
2469	7
2470	41.2
2471	4646.6
2472	10.3
2473	9.6
2474	13.5
2475	4612.1
2476	0.4
2477	25
2478	3.5
2479	0.2
2480	8.1
2481	8
2482	35.5
2483	0.1
2484	1672.9
2485	214.3
2486	15.4
2487	0.2
2488	8.2
2489	77.5
2490	30.1
2491	1.4
2492	29.3
2493	0.1
2494	11.7
2495	6.4
2496	1
2497	616.9
2498	199.8
2499	29.5
2500	1609.1
2501	18.3
2502	10.9
2503	26.6
2504	25.8
2505	1609.1
2506	16.1
2507	0.3
2508	15.8
2509	0.2
2510	7.7
2511	42.6
2512	1568.4
2513	26.8
2514	170.2
2515	174.9
2516	4516.6
2517	5.8
2518	2.4
2519	11.3
2520	1527.3
2521	93.5
2522	493.4
2523	1.4
2524	0.1
2525	4.5
2526	95.2
2527	9.8
2528	10.2
2529	7.1
2530	652.4
2531	605.5
2532	7.7
2533	54
2534	32.5
2535	8.7
2536	17.1
2537	38.8
2538	478
2539	569.3
2540	141.3
2541	47.1
2542	1527.3
2543	15.7
2544	27.3
2545	245.8
2546	65.3
2547	11.3
2548	167
2549	6
2550	0.1
2551	19.6
2552	274.5
2553	22.4
2554	629.5
2555	6.1
2556	8.8
2557	18.7
2558	23.6
2559	570.2
2560	190.9
2561	121.8
2562	21.8
2563	259.5
2564	610.8
2565	91
2566	1.7
2567	7.1
2568	444.7
2569	62.3
2570	4.6
2571	1.1
2572	4512.3
2573	0.2
2574	4489.3
2575	25.7
2576	12.7
2577	6.6
2578	9.4
2579	11.6
2580	4431.5
2581	325.1
2582	166.4
2583	19.4
2584	0.2
2585	53.5
2586	23.4
2587	27.8
2588	3.5
2589	61.3
2590	11.8
2591	8.1
2592	110.2
2593	436.9
2594	13.6
2595	0.1
2596	116.6
2597	23.5
2598	266.8
2599	5.3
2600	7.5
2601	7.7
2602	73.2
2603	93.7
2604	18.7
2605	36.4
2606	2.2
2607	52.2
2608	16.2
2609	31.2
2610	0.1
2611	21.3
2612	5.2
2613	10.9
2614	209.8
2615	5.8
2616	52.9
2617	215.3
2618	11.1
2619	4390.1
2620	29.5
2621	9.6
2622	15.3
2623	30.2
2624	84.7
2625	239.9
2626	2.2
2627	41.2
2628	7.2
2629	0.1
2630	13.6
2631	6.2
2632	26.7
2633	34.1
2634	53.4
2635	5.9
2636	39
2637	0.1
2638	28.7
2639	422.3
2640	376.7
2641	14.2
2642	19.3
2643	94.9
2644	41.6
2645	66.3
2646	366.6
2647	2.3
2648	21.3
2649	5.3
2650	58.7
2651	0
2652	6.9
2653	46.5
2654	59.4
2655	39.6
2656	101.4
2657	2.7
2658	318.7
2659	45.7
2660	79.7
2661	154.1
2662	30.4
2663	117.9
2664	16.9
2665	128.4
2666	44.1
2667	1.4
2668	18.9
2669	4.5
2670	14.8
2671	69.6
2672	40.9
2673	0
2674	5.3
2675	71.2
2676	0.6
2677	53.1
2678	18.5
2679	5.3
2680	10.7
2681	4389.6
2682	2569.1
2683	38.5
2684	4.9
2685	96.6
2686	12.3
2687	14.7
2688	21.5
2689	1715.8
2690	6.9
2691	2641.1
2692	0.2
2693	12.4
2694	20.4
2695	0.3
2696	33.1
2697	0.1
2698	53.3
2699	6.4
2700	13.6
2701	0.7
2702	7.2
2703	18.3
2704	0.2
2705	19.9
2706	16.5
2707	1.3
2708	259.8
2709	13.8
2710	282.4
2711	22.8
2712	0
2713	6.1
2714	26.1
2715	20.7
2716	11.1
2717	2274.8
2718	21.7
2719	10.8
2720	32.7
2721	9.8
2722	15.9
2723	94.5
2724	2.5
2725	312.1
2726	42.4
2727	43.7
2728	36.6
2729	22.4
2730	30.7
2731	0
2732	48
2733	19.9
2734	18.4
2735	11.7
2736	2.9
2737	72.7
2738	354.3
2739	57
2740	2226.3
2741	376.6
2742	9.1
2743	14.8
2744	12.8
2745	15.9
2746	2.9
2747	16.8
2748	0
2749	87.1
2750	91.1
2751	10.2
2752	45.6
2753	7.7
2754	133.4
2755	519.5
2756	30.8
2757	122.9
2758	20.8
2759	8
2760	5
2761	3.5
2762	74.7
2763	31.2
2764	7.7
2765	214.4
2766	24.4
2767	1
2768	141.9
2769	5.9
2770	145.5
2771	23.3
2772	1517.4
2773	4.4
2774	40.1
2775	1610.5
2776	201.6
2777	37.4
2778	14
2779	168.3
2780	2.9
2781	15.4
2782	15.8
2783	14.6
2784	20.6
2785	34.7
2786	7.7
2787	68.1
2788	4.6
2789	62.1
2790	31.1
2791	41.9
2792	15.8
2793	34.1
2794	26.1
2795	4.8
2796	988.1
2797	107.5
2798	40.4
2799	14.3
2800	1607.5
2801	18.6
2802	38.6
2803	6.6
2804	9.2
2805	1586.7
2806	13.9
2807	16.3
2808	336.8
2809	1557.2
2810	1.1
2811	24.1
2812	3.9
2813	976.2
2814	28.1
2815	16.8
2816	166.6
2817	137.4
2818	12.3
2819	27.6
2820	16.3
2821	272.7
2822	6.8
2823	13.2
2824	50.3
2825	158.4
2826	47.9
2827	5.3
2828	9.2
2829	7.1
2830	283.6
2831	19
2832	175
2833	179.2
2834	24.6
2835	10.2
2836	36.9
2837	23.1
2838	19.7
2839	48.9
2840	47.6
2841	25.8
2842	23.7
2843	7.6
2844	5.1
2845	195.5
2846	58.4
2847	62.5
2848	93.4
2849	27
2850	1464.6
2851	10.8
2852	24.2
2853	8.7
2854	33
2855	19.1
2856	35.1
2857	22.3
2858	10
2859	291
2860	6.9
2861	160.9
2862	5.5
2863	3
2864	955.9
2865	94.3
2866	18.8
2867	47
2868	3.8
2869	18.1
2870	339.1
2871	58.7
2872	1157.3
2873	23
2874	64.7
2875	293.3
2876	1.1
2877	57.9
2878	8.6
2879	3.7
2880	255.9
2881	14.8
2882	38.4
2883	52.7
2884	42.4
2885	3.3
2886	8.5
2887	10.5
2888	75.1
2889	7.3
2890	5.5
2891	136
2892	95.6
2893	23.6
2894	19.8
2895	144.8
2896	76.2
2897	51.5
2898	412
2899	16.3
2900	62.9
2901	88.3
2902	11.8
2903	71.5
2904	81.1
2905	48.1
2906	233.7
2907	16.9
2908	41.5
2909	72.6
2910	80.9
2911	13.7
2912	55.3
2913	123.4
2914	88.8
2915	6.3
2916	45.8
2917	9.8
2918	16
2919	90.2
2920	2.3
2921	38.4
2922	67.4
2923	25.6
2924	298.8
2925	46.6
2926	268.2
2927	7.4
2928	59.2
2929	11.8
2930	54.5
2931	499.7
2932	739
2933	13.2
2934	17.7
2935	16
2936	112.7
2937	9
2938	3.4
2939	87.3
2940	115.5
2941	482.8
2942	7.9
2943	51.2
2944	2.4
2945	17.5
2946	47
2947	315.1
2948	76.7
2949	111.1
2950	12.2
2951	13.3
2952	27
2953	118.6
2954	15.1
2955	684.7
2956	710.5
2957	305.9
2958	535.4
2959	254
2960	202.5
2961	29.1
2962	19.2
2963	18
2964	60.9
2965	7.4
2966	330.8
2967	31.1
2968	15.5
2969	7.9
2970	7.1
2971	185.5
2972	20.8
2973	149.9
2974	11.4
2975	57.7
2976	338.5
2977	5.1
2978	27.2
2979	19.9
2980	36.9
2981	47.6
2982	39.8
2983	12.6
2984	113.8
2985	14.2
2986	56.6
2987	15.8
2988	1370.1
2989	2.6
2990	24.8
2991	41.1
2992	34.8
2993	144.8
2994	98.8
2995	77.2
2996	367.1
2997	330.3
2998	7.4
2999	120.6
3000	527.9
3001	4.3
3002	55.6
3003	149.3
3004	6.8
3005	8.9
3006	17.7
3007	28.1
3008	16.8
3009	348.8
3010	155.9
3011	10.9
3012	15.6
3013	21.3
3014	8.8
3015	7.4
3016	127.4
3017	69.8
3018	678.9
3019	5.3
3020	5117.1
3021	87.4
3022	6.6
3023	5
3024	38.5
3025	3830.4
3026	19
3027	1466
3028	3146.3
3029	2358.7
3030	17.8
3031	285.4
3032	53.8
3033	2.9
3034	14.9
3035	3149.2
3036	155.5
3037	7.9
3038	249
3039	38.8
3040	151.6
3041	51.3
3042	78.7
3043	2395.7
3044	11.8
3045	1634.8
3046	220.8
3047	239.7
3048	23.3
3049	5023.5
3050	62.7
3051	7.6
3052	91.6
3053	38.1
3054	4950.3
3055	1104.9
3056	2419.2
3057	2.9
3058	2375.4
3059	5.7
3060	4.7
3061	7.5
3062	29.2
3063	424.5
3064	159.3
3065	240.5
3066	22.1
3067	184.4
3068	87.9
3069	3.5
3070	3140.3
3071	267.7
3072	16.6
3073	35.7
3074	238.4
3075	6.5
3076	10.3
3077	1096.3
3078	6.9
3079	23
3080	3091.5
3081	3.3
3082	5.8
3083	130.2
3084	4.8
3085	80.1
3086	10.2
3087	96.5
3088	20.4
3089	62.7
3090	18.8
3091	6.1
3092	19.8
3093	29
3094	21.7
3095	1.8
3096	87.8
3097	13.4
3098	58.2
3099	10.7
3100	1000.5
3101	35.4
3102	11.1
3103	27.2
3104	32.8
3105	14.9
3106	74.7
3107	362.4
3108	3.7
3109	6.6
3110	8.3
3111	66.1
3112	4.8
3113	89.7
3114	10.8
3115	10.1
3116	13.7
3117	176.1
3118	36.4
3119	28.9
3120	3.9
3121	37
3122	1.4
3123	22
3124	1.7
3125	46.8
3126	7.3
3127	2
3128	3.2
3129	6
3130	1.6
3131	20.4
3132	15.9
3133	44.6
3134	97.7
3135	2.5
3136	109.4
3137	1
3138	1.9
3139	58.5
3140	18.1
3141	1.8
3142	18.8
3143	33
3144	204.2
3145	1.5
3146	1.3
3147	4.8
3148	28.3
3149	79.9
3150	1.1
3151	41.3
3152	316.6
3153	53.5
3154	33.1
3155	157.6
3156	4.8
3157	5.1
3158	1.3
3159	35.4
3160	2.7
3161	32.8
3162	18.9
3163	3.2
3164	1.7
3165	3.5
3166	287.2
3167	23.5
3168	40.3
3169	82.2
3170	36.7
3171	3.2
3172	73.6
3173	67.4
3174	64.4
3175	18.1
3176	1.3
3177	70.3
3178	107
3179	1
3180	2.3
3181	19
3182	43.1
3183	20
3184	45.5
3185	27.5
3186	5
3187	53.6
3188	33.8
3189	5.4
3190	1
3191	5.4
3192	19.2
3193	1.5
3194	39.6
3195	22.4
3196	84.1
3197	14.6
3198	2.8
3199	13.2
3200	1
3201	30.1
3202	0
3203	44.5
3204	17.2
3205	23.4
3206	1
3207	57.8
3208	29.4
3209	0.4
3210	108.2
3211	30.2
3212	52.4
3213	73.8
3214	2.8
3215	1.2
3216	32.5
3217	36.2
3218	66.6
3219	212.8
3220	2.2
3221	30.1
3222	222.6
3223	1.9
3224	52.1
3225	33.4
3226	18
3227	31.3
3228	42
3229	0.7
3230	4
3231	0.6
3232	0.9
3233	2.5
3234	8.8
3235	185.8
3236	20.3
3237	2.2
3238	140.1
3239	1.4
3240	3.4
3241	2.1
3242	5.5
3243	19.3
3244	42.5
3245	63.7
3246	28.5
3247	0.6
3248	1
3249	1.6
3250	12.4
3251	186.2
3252	18.8
3253	40.8
3254	21.6
3255	3.2
3256	0.8
3257	26.8
3258	51.7
3259	12.5
3260	2.5
3261	0.8
3262	102.8
3263	52.6
3264	37.9
3265	2.4
3266	4.5
3267	4.7
3268	121.6
3269	56.6
3270	0.6
3271	1.3
3272	40.4
3273	1
3274	80
3275	0.7
3276	2.2
3277	3.7
3278	8.4
3279	1.3
3280	10.4
3281	24.3
3282	0.8
3283	9.6
3284	0.4
3285	13.4
3286	108.2
3287	7.5
3288	6.5
3289	2.8
3290	2.5
3291	13
3292	5
3293	3.3
3294	1.3
3295	1.3
3296	4
3297	32.4
3298	3.6
3299	0.9
3300	10.1
3301	0.6
3302	3
3303	10.1
3304	1.3
3305	20.7
3306	0.5
3307	6
3308	7.8
3309	3.9
3310	3.3
3311	1.6
3312	3.3
3313	4.2
3314	11.2
3315	0.7
3316	25
3317	0.9
3318	20.5
3319	2
3320	10.1
3321	1.4
3322	1.1
3323	3.1
3324	2
3325	0.7
3326	2.5
3327	7.7
3328	1.9
3329	3.5
3330	3
3331	9.2
3332	10
3333	0.5
3334	2.7
3335	5.3
3336	0.5
3337	2.4
3338	8.2
3339	4.5
3340	1
3341	11.9
3342	0.3
3343	3.3
3344	1.1
3345	1.3
3346	4.5
3347	3.1
3348	0.8
3349	0.2
3350	7.8
3351	1.2
3352	23.1
3353	25.4
3354	0.7
3355	3.4
3356	1.2
3357	0.6
3358	1.5
3359	0.9
3360	7.7
3361	1.3
3362	0.2
3363	5.6
3364	1.4
3365	3.9
3366	20.7
3367	0.8
3368	2.6
3369	2
3370	2.7
3371	0.8
3372	2.4
3373	0.8
3374	19.9
3375	0.2
3376	3
3377	0.3
3378	0.3
3379	1.7
3380	15.2
3381	0.8
3382	0.2
3383	1.9
3384	9.5
3385	5
3386	1.1
3387	0.9
3388	0.2
3389	7.2
3390	5.2
3391	1.8
3392	0.7
3393	0.4
3394	1.8
3395	1.6
3396	4.3
3397	1.2
3398	1.8
3399	1.5
3400	323.7
3401	109
3402	233.2
3403	1075.6
3404	626.1
3405	572.6
3406	337.1
3407	1800.6
3408	170.5
3409	1871.8
3410	0
3411	0
3412	73.4
3413	259.7
3414	152.6
3415	117.2
3416	32.1
3417	78.4
3418	142.6
3419	1302
3420	2177.9
3421	3692.1
3422	92.1
3423	576.6
3424	36.5
3425	256.8
3426	687.7
3427	10
3428	25.8
3429	72.1
3430	13
3431	355.2
3432	556.2
3433	65.8
3434	94.9
3435	20136.2
3436	1122.4
3437	102.8
3438	20135.9
3439	20136.4
3440	152.2
3441	785.7
3442	16351.7
3443	264
3444	124.4
3445	20136.4
3446	20136.4
3447	20135.7
3448	6.3
3449	18
3450	20136.4
3451	820.8
3452	199.7
3453	45.9
3454	287
3455	54.1
3456	1790.4
3457	242
3458	98.1
3459	13.9
3460	249.8
3461	8842.1
3462	372.1
3463	2363.6
3464	729.5
3465	6
3466	42.1
3467	12.3
3468	6501.2
3469	30
3470	3196.1
3471	76.6
3472	61.1
3473	164.4
3474	991.7
3475	6750
3476	0
3477	64.6
3478	17.9
3479	6750
3480	2481
3481	60
3482	794.7
3483	21.6
3484	2409.3
3485	49.9
3486	0
3487	388.7
3488	49.7
3489	2161
3490	2110.7
3491	0
3492	38.8
3493	1959.3
3494	135.2
3495	108.4
3496	148
3497	1821.7
3498	1534.6
3499	344.5
3500	1471.2
3501	132.6
3502	9.2
3503	6750
3504	6749.3
3505	195.7
3506	700.2
3507	6749.3
3508	1.3
3509	89.6
3510	6747.3
3511	597.1
3512	65
3513	75.4
3514	6747.3
3515	453.1
3516	6640.9
3517	43.1
3518	1700.4
3519	68.8
3520	0.5
3521	4652.2
3522	145.5
3523	4600
3524	45.6
3525	4585.8
3526	7.8
3527	4512.1
3528	884.3
3529	88.4
3530	46.1
3531	234
3532	6.3
3533	4431.5
3534	4390
3535	315.1
3536	2397.1
3537	13.2
3538	0.2
3539	250.6
3540	199
3541	1688.4
3542	2186.8
3543	1648
3544	70.4
3545	52.5
3546	128.4
3547	958.5
3548	1424.4
3549	203.9
3550	368.1
3551	612.1
3552	914.3
3553	828.5
3554	671.4
3555	910.6
3556	933.2
3557	13.7
3558	538.2
3559	153.1
3560	304.9
3561	4970.9
3562	234.8
3563	2120.7
3564	331
3565	327.8
3566	26.8
3567	2024.6
3568	3080.3
3569	287.5
3570	970.7
3571	573.3
3572	192.4
3573	279.2
3574	239
3575	166.1
3576	526.3
3577	623.6
3578	515.8
3579	198.4
3580	87.6
3581	9
3582	242.9
3583	65.8
3584	226.7
3585	32.2
3586	155.5
3587	15.4
3588	6.5
3589	10.4
3590	15.6
3591	59.6
3592	6.1
3593	1.6
3594	4.2
