"COMID"	"Value"
1	32.9
2	17.6
3	1.8
4	0.2
5	6.5
6	0
7	10
8	1.2
9	9.5
10	0
11	0.7
12	6.7
13	0
14	41
15	0.6
16	10
17	16.1
18	10.2
19	4.2
20	35.8
21	0.9
22	5.5
23	0
24	0.5
25	2
26	1.4
27	0.6
28	2.7
29	0.7
30	0
31	132.2
32	0.8
33	5.2
34	8.1
35	0.1
36	1.4
37	57.9
38	0
39	3.1
40	45
41	28.7
42	0.6
43	56.4
44	1.1
45	26.5
46	104
47	1
48	6.4
49	3.9
50	22.8
51	1.1
52	6.9
53	0.7
54	3.7
55	4.5
56	80.2
57	51
58	11.3
59	4.1
60	10.2
61	0.5
62	0.5
63	3.2
64	71.3
65	1.3
66	15
67	17.3
68	0.3
69	1.9
70	0.1
71	10.7
72	2.9
73	0.7
74	0.9
75	0.3
76	0.1
77	0
78	0.1
79	9.9
80	0.1
81	0
82	0
83	66.3
84	0
85	0.9
86	0.3
87	0.6
88	2.6
89	0.1
90	0.8
91	1.3
92	6.6
93	2.4
94	2.7
95	6.6
96	2
97	21.6
98	10.7
99	0.1
100	7.2
101	0.5
102	0.5
103	0.8
104	15.5
105	0.6
106	1.6
107	0.2
108	0
109	0.7
110	3
111	0
112	1.1
113	74.5
114	1.2
115	0.6
116	0.4
117	0.6
118	7.8
119	0
120	0.3
121	0.1
122	10.2
123	15.5
124	2.7
125	0.9
126	6.7
127	0.3
128	2.2
129	1
130	0.9
131	4.4
132	0.1
133	0.7
134	10.5
135	12.3
136	0.5
137	4.7
138	0.5
139	0.2
140	0.5
141	1
142	0.2
143	0
144	0.3
145	75.2
146	2.5
147	3.8
148	5.6
149	3.3
150	22.1
151	0
152	7.5
153	0.1
154	20.8
155	0
156	1.4
157	12.9
158	0.8
159	2.5
160	5.7
161	1.3
162	0.1
163	0.1
164	0.1
165	0
166	0.1
167	2
168	0
169	0.8
170	1
171	0.7
172	0.2
173	0.1
174	62
175	0.1
176	2.5
177	2.1
178	24.8
179	2.9
180	0.2
181	0
182	16.9
183	0
184	0.2
185	0.3
186	2
187	0.4
188	0.1
189	0.1
190	0.4
191	0.2
192	1.1
193	19.4
194	2.2
195	0
196	0.4
197	1.3
198	0.3
199	2.8
200	75.7
201	76
202	0.1
203	0.1
204	21.2
205	1.5
206	7.8
207	2.2
208	1.2
209	3.6
210	0.3
211	3.8
212	8.6
213	7.2
214	0.1
215	6.9
216	11.5
217	0.2
218	0.1
219	0.1
220	23.3
221	0
222	2.6
223	7.7
224	0
225	38.3
226	3.7
227	7.8
228	5.8
229	0.4
230	38.9
231	0.9
232	0.2
233	3.2
234	7.2
235	38.9
236	0.9
237	0.3
238	0.6
239	0.5
240	0.5
241	0.8
242	7.8
243	0
244	0.8
245	3.2
246	0.7
247	0
248	0
249	7.8
250	1.1
251	3
252	9.2
253	0.4
254	0
255	0
256	0
257	0
258	0
259	0
260	0
261	1
262	1.9
263	0
264	0
265	0
266	1
267	1.7
268	2.8
269	3.2
270	0
271	0.3
272	0.3
273	0.7
274	7.2
275	1.6
276	0
277	0.2
278	1
279	39.1
280	0.2
281	0.6
282	1
283	0.2
284	0.2
285	0
286	0.3
287	6.8
288	0.1
289	0.3
290	0.4
291	22.7
292	0.2
293	7.2
294	22.1
295	0.1
296	1.8
297	0.9
298	0
299	0
300	3.2
301	0.2
302	3
303	0.6
304	0.1
305	1.2
306	0.3
307	4.7
308	0.1
309	0.4
310	0.5
311	0.6
312	6.1
313	0.7
314	2.5
315	0.4
316	0.7
317	0
318	1.1
319	0
320	0.8
321	1.2
322	0.4
323	0.7
324	0.1
325	0
326	1.4
327	0.1
328	0.3
329	1.2
330	0
331	3
332	0.1
333	3.1
334	0.3
335	0.1
336	0.4
337	0
338	3.2
339	2
340	0.1
341	3.7
342	7.2
343	2
344	24.1
345	0.3
346	0
347	0.1
348	0.3
349	0.3
350	0.3
351	0.3
352	0.4
353	0.2
354	0.4
355	0
356	0.3
357	0.4
358	0.7
359	0
360	0.2
361	0.7
362	0.2
363	0.2
364	0.4
365	0.3
366	1.2
367	7.2
368	5.3
369	0
370	0.1
371	0.4
372	25.9
373	0.4
374	7.6
375	3.8
376	28.1
377	0.2
378	9.7
379	0
380	0.3
381	0
382	0
383	13.9
384	104
385	0
386	7.6
387	19.8
388	5.8
389	5.4
390	17.4
391	11.5
392	4.3
393	0
394	1
395	0
396	0
397	7.6
398	39.2
399	0.3
400	37.7
401	0.1
402	0
403	0
404	0
405	24.6
406	14.7
407	0.3
408	0
409	0
410	25.5
411	0.2
412	0
413	16.2
414	0
415	0
416	0.3
417	0
418	0
419	4.2
420	0
421	0.6
422	0
423	11.8
424	38
425	1.4
426	0.6
427	50.9
428	2.4
429	0.1
430	17.6
431	0
432	0.6
433	26.1
434	43.8
435	0.6
436	27.8
437	27.9
438	22.9
439	0
440	0.1
441	82.9
442	121.4
443	1.6
444	0.5
445	18.2
446	39.8
447	4.4
448	2.3
449	1.6
450	0.6
451	0
452	34.6
453	28
454	10.3
455	7.8
456	5.5
457	0.6
458	16
459	21.2
460	0.4
461	13.5
462	4.3
463	56.4
464	74.3
465	6.4
466	0.7
467	13.9
468	75.3
469	0.8
470	21.2
471	19.2
472	0.1
473	37.5
474	21.7
475	39.1
476	39.1
477	10.9
478	3
479	100
480	0.3
481	0
482	0.7
483	17.5
484	2.3
485	100.7
486	0
487	1
488	19.9
489	0
490	20.2
491	15.7
492	2.3
493	20.2
494	12.9
495	0
496	0
497	5.5
498	2.1
499	0
500	1.2
501	9.4
502	16.4
503	0.9
504	1.2
505	0.8
506	11.4
507	4.5
508	23.3
509	21.9
510	12.3
511	31.4
512	4.7
513	0
514	0.5
515	0
516	1.3
517	9.7
518	0.4
519	0.8
520	0
521	33.6
522	0.8
523	0
524	3.4
525	6.2
526	39.3
527	3.9
528	39.8
529	3.4
530	13.4
531	2.7
532	3.2
533	4.2
534	39.9
535	56
536	0.7
537	0
538	0
539	0.1
540	0.6
541	83.3
542	3.2
543	8.5
544	3.9
545	3.9
546	3.8
547	5.5
548	0
549	0
550	48.5
551	88.8
552	5.8
553	1.4
554	3.9
555	50
556	6
557	0.5
558	0
559	1.5
560	2.1
561	0.5
562	3.5
563	0
564	92.5
565	1
566	2.7
567	1
568	9.1
569	2.3
570	0
571	0.7
572	136.2
573	4.2
574	7.1
575	1
576	136.2
577	0
578	0.9
579	2.6
580	125.2
581	228.7
582	57.3
583	4.7
584	3.5
585	0
586	7.6
587	3.7
588	128.2
589	6.8
590	0
591	6.9
592	1.5
593	123.6
594	0.9
595	84.4
596	0.6
597	228.7
598	7.4
599	2.2
600	0.5
601	1.9
602	0
603	0.1
604	100.8
605	0
606	9
607	9.3
608	1.1
609	0
610	1.6
611	0.3
612	0
613	0
614	4.1
615	0
616	0
617	55.4
618	56.1
619	6.6
620	6.6
621	11.8
622	9
623	18.9
624	7
625	11.4
626	0.5
627	115
628	0.8
629	1
630	6.2
631	1.5
632	56
633	1.2
634	0
635	1.3
636	0.8
637	1.9
638	10
639	88.7
640	0
641	96.5
642	0
643	23.4
644	0
645	0.1
646	0.7
647	13.6
648	0.5
649	3
650	0.7
651	8.2
652	0.6
653	0
654	1.4
655	0
656	3
657	23.9
658	0.2
659	3.8
660	0
661	0.3
662	0.8
663	8
664	14.4
665	3.9
666	15.9
667	88.8
668	34.4
669	0.7
670	2.4
671	14.8
672	9.8
673	0.9
674	0
675	2.2
676	39.6
677	89.8
678	1.1
679	0.8
680	0
681	3.4
682	19.3
683	30.8
684	10
685	9.6
686	13.1
687	0
688	1.7
689	17.9
690	0.8
691	102.8
692	45
693	1
694	0
695	103.5
696	5.2
697	3.8
698	4.1
699	2.7
700	1
701	0.3
702	3.5
703	3.5
704	1.3
705	6.7
706	1
707	10.5
708	5.4
709	11.2
710	51.8
711	0
712	0.1
713	1.3
714	1
715	91.8
716	0
717	32.5
718	2
719	1.2
720	6.4
721	4.5
722	2.3
723	1.9
724	5.7
725	26.6
726	0
727	0
728	8.1
729	103.8
730	31.4
731	0.4
732	0
733	2.7
734	1.3
735	0.1
736	2.8
737	2.9
738	1.7
739	10.6
740	10.2
741	1.9
742	0.7
743	1.6
744	0
745	0.2
746	0.6
747	1.1
748	0.2
749	11.3
750	1.5
751	13.7
752	0.9
753	2.6
754	6.3
755	1.3
756	1.4
757	11.1
758	0.8
759	1.2
760	2
761	0.7
762	2.3
763	0.6
764	29.9
765	21.4
766	0
767	0.6
768	2.3
769	12.6
770	4.6
771	1.2
772	0.4
773	2.8
774	3.9
775	0.2
776	1
777	30.8
778	5
779	0
780	10
781	131.2
782	189.8
783	37.9
784	84.1
785	118.9
786	239.2
787	96.9
788	59.7
789	80.7
790	229.4
791	64.6
792	64.4
793	832.6
794	49.3
795	112.7
796	16.1
797	59.5
798	11.9
799	101.5
800	35.8
801	867.1
802	951
803	189.9
804	64.1
805	980.7
806	688.4
807	23.2
808	770.5
809	79.9
810	130.6
811	1014.6
812	443
813	730.6
814	15.5
815	23.7
816	1859.3
817	27.3
818	41.9
819	310.8
820	813.8
821	9.7
822	24.4
823	1845.4
824	471.4
825	9.1
826	100
827	39.5
828	44.1
829	1887.2
830	55.5
831	1971.7
832	541
833	66.1
834	119.4
835	111
836	135.3
837	21.3
838	62.9
839	9.8
840	65.6
841	179.7
842	2066.4
843	4.7
844	55.6
845	911.2
846	16
847	715.7
848	13
849	32
850	268.5
851	48.9
852	54.4
853	15.3
854	40.3
855	45.3
856	17.6
857	18.8
858	33.6
859	933.2
860	18.6
861	133.1
862	2.3
863	1145.5
864	12.9
865	184.5
866	2114.8
867	31.7
868	79.8
869	1299.5
870	3.6
871	948.1
872	16.4
873	0.9
874	1249.4
875	49.8
876	12.4
877	14
878	16.2
879	89.3
880	985.8
881	58.9
882	19
883	15.4
884	16.1
885	80.8
886	0.8
887	2155.3
888	18.4
889	123.9
890	56.2
891	204.8
892	35.5
893	41.7
894	1
895	142.8
896	49.8
897	11
898	1342.1
899	18.3
900	65.2
901	1058.1
902	25
903	40.8
904	62.8
905	16.4
906	61.9
907	77.6
908	2186.3
909	43.5
910	0
911	14.8
912	236.4
913	27.5
914	160.5
915	0
916	1584.8
917	27.6
918	25
919	19.4
920	23
921	17.3
922	49.8
923	3.2
924	1076.5
925	14.9
926	31.9
927	12.4
928	0.8
929	2354.3
930	82.5
931	10.9
932	2.2
933	11.7
934	0
935	28.5
936	89.3
937	31.4
938	103.4
939	27.3
940	2458.8
941	45.5
942	126.6
943	0
944	153.8
945	21.6
946	127.9
947	0
948	1806.9
949	14.2
950	20.6
951	23.7
952	2442
953	28.4
954	1
955	38.2
956	209.4
957	17.9
958	25.8
959	2485.3
960	65.9
961	22.2
962	29.1
963	11.9
964	0
965	40.1
966	230.2
967	0
968	2504.3
969	15.3
970	12
971	81.7
972	39.1
973	17.7
974	2529.5
975	64.9
976	59.3
977	30.5
978	30.6
979	15.3
980	457.1
981	126.4
982	45.3
983	69.3
984	13.9
985	72.8
986	18.6
987	34.8
988	24.6
989	60.2
990	0
991	26.5
992	0
993	69.7
994	9.9
995	84.4
996	366
997	31
998	35.8
999	26.2
1000	0
1001	0.8
1002	40.5
1003	0
1004	417.3
1005	60.4
1006	23.4
1007	0
1008	0.7
1009	0
1010	160.6
1011	58.4
1012	21.6
1013	38.1
1014	15.2
1015	0.6
1016	0
1017	103.5
1018	37.1
1019	1.2
1020	58.2
1021	198.1
1022	19
1023	93.4
1024	31.7
1025	250.5
1026	57.3
1027	38.6
1028	492.4
1029	39.8
1030	0.3
1031	0
1032	0
1033	0.2
1034	57.1
1035	0.2
1036	1161.8
1037	2608.1
1038	28.1
1039	309.8
1040	51.5
1041	30.4
1042	1.4
1043	0
1044	281.1
1045	1.7
1046	3.6
1047	95.2
1048	537.3
1049	18.2
1050	0
1051	1264.2
1052	774.5
1053	44.8
1054	3055.3
1055	657.8
1056	109.7
1057	0.1
1058	1486.6
1059	0.7
1060	39.9
1061	0
1062	43.6
1063	42.2
1064	0
1065	2890.3
1066	22.4
1067	1
1068	0.3
1069	0.1
1070	17.3
1071	12.4
1072	0.3
1073	0.1
1074	43.2
1075	0
1076	27.7
1077	1.1
1078	181.4
1079	3288.1
1080	6
1081	0.1
1082	49.2
1083	0.3
1084	60.9
1085	33.7
1086	225.9
1087	0
1088	0.1
1089	0.4
1090	3223.2
1091	43.3
1092	0
1093	1.6
1094	0.4
1095	5.6
1096	2.6
1097	26.5
1098	1.6
1099	0
1100	0
1101	0.4
1102	1571.3
1103	0.4
1104	60.4
1105	2
1106	2
1107	1.3
1108	0.7
1109	3298.1
1110	0
1111	0.1
1112	321.1
1113	45.9
1114	48.6
1115	1
1116	1
1117	183
1118	1.8
1119	60.4
1120	1.9
1121	0.4
1122	10.9
1123	12.9
1124	26.1
1125	65.9
1126	22.8
1127	63.9
1128	596.1
1129	111.6
1130	1.4
1131	0.1
1132	122.1
1133	262.6
1134	3201.7
1135	3324.2
1136	0.1
1137	0.9
1138	3
1139	63.5
1140	1785.4
1141	1.7
1142	0
1143	30
1144	17.9
1145	0.7
1146	0.7
1147	3340.2
1148	23.7
1149	3317.7
1150	63.8
1151	3342.4
1152	730
1153	764.9
1154	0
1155	0
1156	13.3
1157	64.9
1158	242.3
1159	53.8
1160	3.5
1161	0.4
1162	1
1163	3.5
1164	23.4
1165	3372.8
1166	54.8
1167	13.9
1168	139.2
1169	40.3
1170	15.8
1171	3215.8
1172	77.7
1173	3
1174	45.8
1175	1.3
1176	17.1
1177	0
1178	1.5
1179	22.4
1180	4.6
1181	3213.3
1182	3363.5
1183	0
1184	5204
1185	32.7
1186	792.2
1187	3248.7
1188	3372.1
1189	3216.6
1190	3250.3
1191	31.4
1192	3374.9
1193	37.5
1194	3339
1195	12.9
1196	3249.1
1197	5446.3
1198	0.4
1199	47.7
1200	6
1201	3334.3
1202	6.7
1203	5446.3
1204	3224.8
1205	1.6
1206	0.1
1207	3209.3
1208	0.2
1209	3328.2
1210	79.3
1211	45.5
1212	0
1213	22.8
1214	846.8
1215	3220.3
1216	13.1
1217	7.2
1218	1.9
1219	0.2
1220	22.1
1221	3370.2
1222	3363.5
1223	1.5
1224	3373.3
1225	13.6
1226	36.2
1227	14.6
1228	0.6
1229	3219.3
1230	16.9
1231	0
1232	66.4
1233	1.7
1234	7.7
1235	1
1236	0.1
1237	142.9
1238	23.4
1239	0.1
1240	3377.7
1241	270
1242	102.7
1243	4.1
1244	3380.1
1245	36.1
1246	23.2
1247	78.6
1248	51.2
1249	66.8
1250	13
1251	1.2
1252	5446.3
1253	3430.7
1254	13
1255	0
1256	45.1
1257	26.6
1258	0.6
1259	0
1260	15.9
1261	27.7
1262	0.2
1263	3.2
1264	29.7
1265	15.6
1266	952.7
1267	5446.3
1268	36.2
1269	5.3
1270	127.7
1271	2.2
1272	3431.7
1273	24.8
1274	28.1
1275	3425.1
1276	45.1
1277	26.6
1278	220.8
1279	3.5
1280	82.4
1281	22
1282	0.1
1283	27.3
1284	42
1285	26.9
1286	34.2
1287	3.3
1288	13.7
1289	164.1
1290	8.3
1291	78.5
1292	3.8
1293	3.3
1294	23.5
1295	15.9
1296	0.3
1297	17.8
1298	970.5
1299	43.1
1300	22.9
1301	0
1302	11
1303	38.9
1304	3.5
1305	46.2
1306	0
1307	336.1
1308	6.7
1309	0
1310	188.4
1311	17.9
1312	19
1313	4
1314	43.2
1315	82.4
1316	12.8
1317	10.3
1318	2.6
1319	65.4
1320	13
1321	0.1
1322	5446.4
1323	0
1324	3.2
1325	209.1
1326	0.1
1327	0
1328	402.6
1329	11.6
1330	102.3
1331	26.4
1332	8.8
1333	23.5
1334	187.8
1335	1.7
1336	48.9
1337	0.1
1338	0.1
1339	1.9
1340	28.2
1341	54.2
1342	409.8
1343	0
1344	0
1345	1.3
1346	82.5
1347	386.6
1348	18.7
1349	0.8
1350	5446.4
1351	9.6
1352	3.2
1353	386.9
1354	0.1
1355	22
1356	4.8
1357	12.1
1358	20.3
1359	1.7
1360	0.2
1361	2.3
1362	30
1363	82.5
1364	0.1
1365	136.3
1366	0.3
1367	82.5
1368	10.1
1369	0.1
1370	1.5
1371	0.2
1372	10.5
1373	268.3
1374	3.3
1375	117
1376	3
1377	14.9
1378	1.8
1379	1.7
1380	52.9
1381	82.5
1382	38.7
1383	0.2
1384	13.5
1385	3.9
1386	14
1387	0.5
1388	0.7
1389	0.2
1390	15.7
1391	1094
1392	28.8
1393	0
1394	0
1395	52.2
1396	0
1397	25.3
1398	0
1399	82.5
1400	7
1401	0.2
1402	0.2
1403	549.4
1404	6.7
1405	3.5
1406	0.1
1407	82.5
1408	0.4
1409	1208.4
1410	1.2
1411	354.7
1412	0.4
1413	54
1414	8.9
1415	23.3
1416	149.2
1417	0.8
1418	16.2
1419	0.1
1420	13.5
1421	0.2
1422	0.1
1423	12.8
1424	258.1
1425	0.4
1426	321.9
1427	0.6
1428	0.6
1429	0.3
1430	18.6
1431	583.5
1432	0.1
1433	24.2
1434	5529.7
1435	49.1
1436	5446.5
1437	258.1
1438	0.7
1439	1.2
1440	14.3
1441	16.2
1442	39378.2
1443	34.8
1444	0.6
1445	0
1446	1740.1
1447	0.5
1448	75.8
1449	82.5
1450	0.2
1451	39378.4
1452	5529.1
1453	79.2
1454	14.7
1455	0.1
1456	33848.5
1457	653.8
1458	10.3
1459	2.4
1460	1.4
1461	182.5
1462	39382.6
1463	0.1
1464	0.1
1465	0.3
1466	21
1467	0.1
1468	39381
1469	15
1470	1679.8
1471	0.2
1472	39378.7
1473	1266.7
1474	3.8
1475	29.7
1476	39381
1477	0.1
1478	21
1479	268.4
1480	0.1
1481	79.8
1482	12.8
1483	0.1
1484	33846.1
1485	9.8
1486	1.8
1487	0.2
1488	59.1
1489	53.2
1490	0.7
1491	12.7
1492	14.2
1493	1793.1
1494	20.8
1495	287.5
1496	343.6
1497	238.5
1498	0.1
1499	32.2
1500	1854.1
1501	22.3
1502	68.2
1503	2.3
1504	334.7
1505	46.5
1506	32.4
1507	0.1
1508	0.7
1509	6.8
1510	1.2
1511	33835.2
1512	0.1
1513	60.7
1514	0.2
1515	0.6
1516	0.2
1517	1865.4
1518	0.2
1519	17.5
1520	4.3
1521	0.5
1522	0.2
1523	0.2
1524	334.7
1525	0
1526	0.4
1527	81
1528	0.1
1529	26.6
1530	61
1531	0.2
1532	2.3
1533	0.2
1534	18.5
1535	3.4
1536	15.5
1537	2.1
1538	4.6
1539	4.8
1540	0
1541	39387.5
1542	0
1543	31.5
1544	0.1
1545	0.8
1546	8.6
1547	21.9
1548	39384.4
1549	0
1550	0.2
1551	352.2
1552	731.2
1553	40.3
1554	39.2
1555	9.7
1556	38.3
1557	0.3
1558	0.6
1559	51.7
1560	1871.2
1561	0
1562	0.2
1563	5.7
1564	0.2
1565	138.8
1566	5.3
1567	39385.2
1568	0.2
1569	14.9
1570	11.1
1571	0.3
1572	0.3
1573	92.6
1574	0.3
1575	33.3
1576	33834.8
1577	28.2
1578	0.1
1579	0.1
1580	783.6
1581	810.1
1582	48.5
1583	16.5
1584	3.8
1585	53.7
1586	22.6
1587	0
1588	1936.8
1589	0.3
1590	1
1591	39384.9
1592	1897.5
1593	0.3
1594	41.6
1595	64
1596	1410.9
1597	39384.8
1598	50.8
1599	1397.8
1600	30.2
1601	27.4
1602	20
1603	82.3
1604	9.3
1605	5.5
1606	0.1
1607	0.2
1608	48.5
1609	0.1
1610	12.5
1611	6.1
1612	47
1613	1410.9
1614	136.7
1615	33664.2
1616	31.7
1617	0.2
1618	40.6
1619	1937.3
1620	33474.9
1621	895.5
1622	22
1623	0.1
1624	25.4
1625	40.6
1626	257.5
1627	0.1
1628	46.8
1629	39389.4
1630	52.2
1631	11.2
1632	83.7
1633	0.1
1634	171.7
1635	165.1
1636	1495
1637	50.8
1638	19.2
1639	7.8
1640	0.1
1641	59.7
1642	54.6
1643	41.9
1644	1.1
1645	56.5
1646	53.7
1647	39389.5
1648	4.2
1649	1.9
1650	0.5
1651	174.8
1652	12.7
1653	0.4
1654	33206.1
1655	59.9
1656	36.8
1657	92.5
1658	1569.9
1659	91.3
1660	75.7
1661	5.1
1662	0.1
1663	154.3
1664	3.5
1665	0.9
1666	180.4
1667	37.9
1668	153.9
1669	58.1
1670	2907.5
1671	21.5
1672	33167.1
1673	135.7
1674	39.4
1675	338.7
1676	3.9
1677	3.7
1678	36.6
1679	552.9
1680	30.6
1681	760.7
1682	1283.3
1683	77.3
1684	50.8
1685	57.1
1686	11.3
1687	552.9
1688	254.4
1689	2.2
1690	81.1
1691	6.6
1692	16819.4
1693	16228.8
1694	74.9
1695	50
1696	4255.2
1697	13132.4
1698	1283.3
1699	17.2
1700	10.5
1701	16758.6
1702	13079.7
1703	778.3
1704	4255.2
1705	0.6
1706	32.3
1707	1283.5
1708	1283.9
1709	40.5
1710	12.7
1711	23.4
1712	470.6
1713	16739.7
1714	137.9
1715	49.2
1716	82.6
1717	13.2
1718	111.4
1719	27.2
1720	20.9
1721	16341.9
1722	47.6
1723	731.2
1724	82.6
1725	2561.8
1726	15.8
1727	35.9
1728	493.4
1729	3.3
1730	92.9
1731	16.4
1732	560.1
1733	89.7
1734	13301.5
1735	14.8
1736	1283.5
1737	17.1
1738	10.5
1739	1814.1
1740	0
1741	3.1
1742	0.8
1743	267.5
1744	27
1745	118.5
1746	4278.5
1747	791.5
1748	59.5
1749	15.7
1750	19.4
1751	4293.2
1752	4311.5
1753	34.4
1754	190.9
1755	14.6
1756	2370.9
1757	62.1
1758	11.3
1759	322.9
1760	1797.1
1761	97.5
1762	16
1763	26.4
1764	17.9
1765	4
1766	44.9
1767	4817
1768	0
1769	5311
1770	111.4
1771	16.8
1772	0
1773	13.6
1774	674
1775	0
1776	21.2
1777	12298
1778	0.6
1779	2
1780	0.6
1781	5206.1
1782	384.4
1783	5425.9
1784	834.9
1785	16639
1786	12.5
1787	164.5
1788	21.9
1789	12.1
1790	0.7
1791	11.4
1792	269.5
1793	1774.9
1794	77.2
1795	16587.6
1796	16812.9
1797	35.1
1798	24.8
1799	0
1800	31.6
1801	13.5
1802	13.1
1803	0.1
1804	869.4
1805	2.2
1806	101.5
1807	86
1808	869.4
1809	41.8
1810	68.1
1811	11456.4
1812	0
1813	30.3
1814	51.2
1815	7081.1
1816	17.8
1817	13.6
1818	7072.3
1819	74.1
1820	31.4
1821	11.3
1822	51.1
1823	12
1824	0
1825	165.2
1826	103
1827	4348.8
1828	11432
1829	261.6
1830	0.1
1831	1070.2
1832	0
1833	27.5
1834	0
1835	16532.4
1836	16495.3
1837	0
1838	0
1839	22
1840	92.2
1841	933.4
1842	1188.8
1843	120.3
1844	11442.4
1845	45.1
1846	0
1847	1045.6
1848	17.6
1849	152
1850	19.8
1851	54.7
1852	224.2
1853	25.8
1854	292.7
1855	10.4
1856	442.6
1857	0
1858	34.6
1859	99.1
1860	1755.1
1861	0
1862	23.9
1863	16353.1
1864	11.9
1865	10.9
1866	27.8
1867	16383.5
1868	112.2
1869	22.6
1870	163.8
1871	45.9
1872	486.5
1873	374.5
1874	111.8
1875	16353.1
1876	74.9
1877	0
1878	16353.1
1879	79.8
1880	69.8
1881	39.4
1882	0
1883	21.9
1884	20.4
1885	14.8
1886	21.9
1887	0.1
1888	16.3
1889	0.1
1890	69.8
1891	174
1892	36.8
1893	10
1894	9.6
1895	99.1
1896	9.4
1897	43.5
1898	58.6
1899	449.1
1900	0
1901	23.1
1902	18
1903	16
1904	17.6
1905	4346.7
1906	0
1907	0
1908	1589
1909	6.6
1910	176.4
1911	21.3
1912	14.2
1913	0
1914	39
1915	0.1
1916	180.5
1917	9.8
1918	13.3
1919	0
1920	16353.1
1921	16
1922	0.1
1923	0
1924	16353.1
1925	15.6
1926	112.3
1927	45.6
1928	4125.1
1929	0
1930	0
1931	0
1932	41.8
1933	23.7
1934	22.6
1935	0
1936	17.1
1937	16353.1
1938	74.1
1939	50
1940	0
1941	367.2
1942	51
1943	16353.1
1944	33.5
1945	0
1946	0
1947	0.1
1948	1190.8
1949	14.7
1950	91.8
1951	0
1952	4
1953	155.3
1954	16353.1
1955	8
1956	13.6
1957	39.8
1958	0
1959	6
1960	4042.9
1961	36.5
1962	64.7
1963	0
1964	0
1965	0
1966	16
1967	1188.3
1968	13.6
1969	0
1970	188.3
1971	0
1972	0
1973	16353.1
1974	204.1
1975	168.7
1976	4.2
1977	1190.8
1978	57.8
1979	91.2
1980	0
1981	4009.4
1982	16.4
1983	0
1984	0
1985	97.2
1986	10.6
1987	22.6
1988	89.8
1989	529.9
1990	132.3
1991	0
1992	0
1993	7
1994	14.1
1995	3656.1
1996	0
1997	10.6
1998	68.6
1999	0
2000	150.6
2001	74.6
2002	6.3
2003	7.8
2004	16353.1
2005	0
2006	11
2007	0
2008	1188.3
2009	0
2010	134.3
2011	362.6
2012	0.1
2013	167.3
2014	194.8
2015	10.6
2016	0
2017	0
2018	8.3
2019	16353.1
2020	0
2021	651.7
2022	620
2023	16.9
2024	157.6
2025	41.2
2026	0
2027	4.2
2028	36.5
2029	300.3
2030	0
2031	14.1
2032	0.9
2033	0
2034	0
2035	59.8
2036	13.8
2037	36
2038	150.4
2039	0
2040	0
2041	14.7
2042	6.2
2043	65.8
2044	20.3
2045	0
2046	16353.1
2047	4.6
2048	0
2049	0
2050	99.4
2051	2.4
2052	0
2053	28.8
2054	16.4
2055	3.1
2056	236.2
2057	32.9
2058	25.7
2059	0
2060	610.5
2061	0.7
2062	3757.6
2063	0
2064	7.7
2065	0
2066	0
2067	6.4
2068	0
2069	20.3
2070	7.6
2071	15.1
2072	0
2073	10
2074	13.8
2075	0
2076	38.7
2077	0
2078	7.7
2079	0
2080	0
2081	9.2
2082	0
2083	3.2
2084	3371
2085	0
2086	13
2087	0
2088	52.5
2089	2.8
2090	16.9
2091	8.2
2092	6.7
2093	7.8
2094	0
2095	3.6
2096	0
2097	586.1
2098	29.2
2099	15.8
2100	34.5
2101	0
2102	32.8
2103	16353.1
2104	16353.1
2105	0
2106	0
2107	0
2108	17.7
2109	0
2110	0
2111	0
2112	89.2
2113	3360
2114	0
2115	21.8
2116	11.9
2117	4.8
2118	188.9
2119	3142
2120	11.4
2121	2.4
2122	45.3
2123	0
2124	46.4
2125	3.3
2126	0
2127	544.4
2128	0
2129	16353.1
2130	0
2131	13.8
2132	10.3
2133	0
2134	0
2135	3141.5
2136	32.7
2137	17.7
2138	3
2139	27
2140	16353.1
2141	73.1
2142	54.6
2143	0
2144	0
2145	42.8
2146	3.2
2147	18.8
2148	23.2
2149	0
2150	24.9
2151	0
2152	31.7
2153	257.7
2154	18.5
2155	0
2156	0
2157	0
2158	6
2159	5.2
2160	314.3
2161	0
2162	0
2163	49
2164	0
2165	6.5
2166	16353.1
2167	0
2168	0
2169	52.9
2170	0
2171	0
2172	0
2173	49
2174	0
2175	3.1
2176	0
2177	508
2178	4.1
2179	0
2180	2.8
2181	120.3
2182	0
2183	0
2184	0
2185	26.6
2186	3.1
2187	4.3
2188	16353.1
2189	0
2190	522.1
2191	0
2192	0
2193	0
2194	35
2195	7.5
2196	0
2197	22
2198	16353.1
2199	508
2200	0
2201	8.8
2202	18.2
2203	0
2204	16353.1
2205	0
2206	213.3
2207	5.6
2208	2.4
2209	0
2210	114
2211	0
2212	7.7
2213	806
2214	0
2215	4.5
2216	418.8
2217	0
2218	0
2219	59.1
2220	26.8
2221	0
2222	158.3
2223	0
2224	0
2225	197.4
2226	78.5
2227	108.9
2228	0
2229	0
2230	8
2231	0
2232	2837.9
2233	0
2234	33.2
2235	0
2236	0
2237	0
2238	0
2239	401.3
2240	0
2241	4.5
2242	0
2243	0
2244	0
2245	19.3
2246	0.7
2247	0
2248	31.6
2249	62.7
2250	16353.1
2251	2.9
2252	1986.2
2253	0
2254	2.9
2255	0
2256	31.7
2257	37.5
2258	0
2259	1923.8
2260	0
2261	0
2262	0
2263	24.2
2264	77.7
2265	1863.5
2266	0
2267	0
2268	65.3
2269	396.7
2270	0
2271	21.5
2272	0
2273	35
2274	0
2275	30.7
2276	11.1
2277	0
2278	0.7
2279	16352.4
2280	0
2281	0
2282	1851.6
2283	12.5
2284	0.7
2285	1779.1
2286	54.8
2287	15.5
2288	30.5
2289	0
2290	0
2291	16352.4
2292	1760.8
2293	375.7
2294	375.7
2295	16.3
2296	10.3
2297	47.4
2298	0
2299	2.3
2300	0
2301	0.6
2302	0
2303	0.7
2304	0
2305	16352.4
2306	1456.2
2307	126.7
2308	0
2309	14.8
2310	115.5
2311	0.1
2312	0
2313	10.4
2314	0
2315	0.6
2316	16342
2317	34.7
2318	16342
2319	10.4
2320	21.9
2321	48.4
2322	0
2323	0
2324	84.6
2325	56.6
2326	6.8
2327	10.4
2328	20.6
2329	10.4
2330	0.1
2331	0.1
2332	343.8
2333	10.4
2334	24.8
2335	0.4
2336	24.3
2337	0
2338	19.6
2339	325.5
2340	37.7
2341	11
2342	0.2
2343	7.3
2344	8.5
2345	309.7
2346	48.2
2347	0
2348	10.3
2349	112.2
2350	0
2351	36.7
2352	10.4
2353	12.5
2354	1.8
2355	15.1
2356	0.1
2357	8.5
2358	7.2
2359	1286.9
2360	7.3
2361	9.7
2362	35.3
2363	58.3
2364	14.6
2365	6.1
2366	0.1
2367	0.9
2368	12.6
2369	8.5
2370	20.9
2371	0.1
2372	3.9
2373	34.5
2374	3.6
2375	1.6
2376	0.5
2377	7.6
2378	12.8
2379	4603.2
2380	12.6
2381	8.6
2382	21
2383	0.3
2384	7.5
2385	4.2
2386	0
2387	0
2388	314.5
2389	46.1
2390	5.3
2391	328.7
2392	1240.1
2393	1.7
2394	1055.4
2395	219.3
2396	4595
2397	0.1
2398	1.6
2399	17.1
2400	0.2
2401	8.6
2402	89.4
2403	4
2404	11.7
2405	44.3
2406	402.4
2407	0.7
2408	17.4
2409	60.5
2410	294.8
2411	269.2
2412	78.5
2413	1.4
2414	17.4
2415	177.7
2416	4576.7
2417	407.2
2418	23.7
2419	11184.3
2420	29.7
2421	0.9
2422	36.3
2423	10.8
2424	165.4
2425	4.8
2426	0.7
2427	0.1
2428	57.6
2429	5.7
2430	0.3
2431	8.7
2432	4545.8
2433	18.4
2434	35.7
2435	0
2436	4545.6
2437	156.4
2438	84.4
2439	99.4
2440	8.2
2441	2.3
2442	7.2
2443	10.3
2444	1021
2445	17.4
2446	11.5
2447	15.5
2448	321.3
2449	0.9
2450	0.6
2451	7.1
2452	27.7
2453	845.3
2454	0.2
2455	4545
2456	86.7
2457	0.6
2458	11173.8
2459	11.8
2460	32
2461	168
2462	44.8
2463	4
2464	416
2465	2.7
2466	0.2
2467	832.6
2468	411.5
2469	9.3
2470	80.1
2471	11173.8
2472	11.8
2473	26.5
2474	37.6
2475	11135.5
2476	6.9
2477	35.6
2478	7.8
2479	3.5
2480	7.2
2481	25.1
2482	115.7
2483	0.7
2484	4537.6
2485	357.7
2486	33.8
2487	0.4
2488	5.9
2489	214.4
2490	118.3
2491	2.8
2492	35.6
2493	2.3
2494	25.4
2495	15
2496	1.5
2497	774.1
2498	318.6
2499	106.3
2500	4413.3
2501	53.8
2502	31.7
2503	61
2504	74.1
2505	4413.3
2506	17
2507	0.8
2508	46.5
2509	3.4
2510	21.4
2511	82.8
2512	4356
2513	44.5
2514	251.6
2515	264.3
2516	11011.1
2517	17.9
2518	5.4
2519	23.7
2520	4234.1
2521	149.1
2522	857.9
2523	4.4
2524	0.6
2525	10.2
2526	152.9
2527	22.3
2528	18.4
2529	14.1
2530	832.6
2531	757.7
2532	12.8
2533	100
2534	79.4
2535	15.2
2536	37.2
2537	95.2
2538	821.8
2539	1083.7
2540	341
2541	117.5
2542	4234.1
2543	32
2544	67.2
2545	574.3
2546	179.5
2547	23.7
2548	401
2549	10.5
2550	1.2
2551	78.4
2552	1142.5
2553	36.5
2554	1818.6
2555	10.1
2556	14.4
2557	32.1
2558	39.1
2559	696
2560	283.1
2561	178.9
2562	89.6
2563	613.1
2564	1772.6
2565	214.1
2566	6.1
2567	13.2
2568	755.9
2569	79.2
2570	11.8
2571	4.5
2572	11004.8
2573	2
2574	10970
2575	60
2576	24.2
2577	11.3
2578	16.8
2579	16.6
2580	10870.6
2581	1099.2
2582	739.6
2583	59.2
2584	1.5
2585	82.1
2586	53.7
2587	32.5
2588	8.5
2589	83.6
2590	11.6
2591	13.3
2592	159.8
2593	493.1
2594	25.9
2595	0.6
2596	164.4
2597	31.6
2598	1112.3
2599	8.8
2600	9.7
2601	13.2
2602	247
2603	130.7
2604	76.9
2605	73
2606	2.5
2607	73
2608	28
2609	108.7
2610	1.1
2611	49.7
2612	8.9
2613	14.9
2614	699.3
2615	30.6
2616	119.4
2617	387.5
2618	20.2
2619	10797.1
2620	119.7
2621	18.1
2622	19.6
2623	39.2
2624	115.1
2625	814.3
2626	3.6
2627	72.2
2628	34.5
2629	0.5
2630	19
2631	10.1
2632	37.9
2633	45.5
2634	66
2635	7.8
2636	126.6
2637	0.5
2638	45.9
2639	468.7
2640	408.4
2641	16.4
2642	26.2
2643	440.6
2644	58.1
2645	285.2
2646	393.3
2647	4.6
2648	41.4
2649	6.5
2650	80.2
2651	0.2
2652	9
2653	57.2
2654	84.9
2655	59.4
2656	256.2
2657	5.4
2658	334.3
2659	44.1
2660	187.3
2661	207.1
2662	151.8
2663	159.9
2664	27.1
2665	173.9
2666	67.6
2667	4.5
2668	32.8
2669	9.1
2670	74.3
2671	67.4
2672	99.5
2673	1.3
2674	9.6
2675	96.4
2676	1.3
2677	255.7
2678	18.4
2679	5.3
2680	18.1
2681	10793.4
2682	5140.1
2683	69.3
2684	9.1
2685	94.8
2686	13.7
2687	38.8
2688	23.6
2689	5475.5
2690	33.9
2691	5243.9
2692	0.4
2693	55.8
2694	22.5
2695	1.9
2696	58.5
2697	0.6
2698	179.6
2699	19.1
2700	35.2
2701	2.2
2702	31.8
2703	27.1
2704	1.5
2705	23.6
2706	16.3
2707	4.1
2708	762.3
2709	89.4
2710	866.2
2711	23.3
2712	0.2
2713	15
2714	146.1
2715	25.9
2716	37.4
2717	4720.1
2718	27.2
2719	11.1
2720	34.4
2721	14.3
2722	33.8
2723	103.2
2724	11.9
2725	984.6
2726	60.8
2727	47.7
2728	46.6
2729	24.1
2730	51
2731	0
2732	47.1
2733	17.1
2734	30.5
2735	14.9
2736	8.5
2737	111.7
2738	1131
2739	89.5
2740	4668.3
2741	1203
2742	21.2
2743	20.9
2744	16.7
2745	40.9
2746	8.5
2747	21.1
2748	0.2
2749	99.8
2750	73
2751	36.2
2752	53.8
2753	9.7
2754	115.5
2755	1574.6
2756	42.5
2757	136.7
2758	60.7
2759	11.6
2760	6.8
2761	5.5
2762	96.9
2763	113.2
2764	21.2
2765	209.9
2766	15.2
2767	2.6
2768	369
2769	8.2
2770	162.1
2771	86.6
2772	5008.9
2773	6.7
2774	83.7
2775	3993.6
2776	222.8
2777	32
2778	24.4
2779	188.2
2780	3.3
2781	16.4
2782	23.1
2783	17.4
2784	23.6
2785	122.4
2786	29.2
2787	170.5
2788	6.3
2789	108.3
2790	35.2
2791	48.3
2792	32.8
2793	86.1
2794	29.6
2795	6.2
2796	3407
2797	249.3
2798	30.4
2799	15.9
2800	3990.1
2801	46.6
2802	131
2803	10
2804	10.5
2805	3949.8
2806	14.6
2807	40
2808	371.5
2809	5103.2
2810	2.5
2811	55.3
2812	14
2813	3369.5
2814	27.8
2815	34.3
2816	222.9
2817	182.4
2818	29.6
2819	25.9
2820	30.6
2821	292.9
2822	9.1
2823	39.1
2824	170.6
2825	212.3
2826	165.4
2827	5.9
2828	34.2
2829	28.8
2830	305.3
2831	23
2832	284.8
2833	242.4
2834	57.9
2835	26.7
2836	37.2
2837	32.4
2838	43.6
2839	43.9
2840	96.4
2841	33.5
2842	57.6
2843	11.4
2844	8.2
2845	270.7
2846	196.6
2847	128.9
2848	117.7
2849	24.1
2850	3769
2851	28.3
2852	28.9
2853	8.6
2854	70.5
2855	26.4
2856	102.5
2857	22.6
2858	26.6
2859	314.7
2860	11.6
2861	266.9
2862	18.4
2863	5
2864	3305.1
2865	175.6
2866	25
2867	48.7
2868	9.7
2869	43.3
2870	364.7
2871	67.2
2872	2889
2873	46.3
2874	230.8
2875	448.1
2876	3.6
2877	60.6
2878	12.1
2879	5.7
2880	404.6
2881	14.8
2882	71.4
2883	77.6
2884	118.8
2885	10.3
2886	25.4
2887	18.9
2888	287.8
2889	24.2
2890	29.9
2891	235.4
2892	132.5
2893	67.3
2894	45
2895	538.8
2896	291.4
2897	114.7
2898	443.1
2899	42.7
2900	194.1
2901	311.1
2902	12.6
2903	250.4
2904	300.3
2905	65.8
2906	484.7
2907	51.1
2908	44.6
2909	152.2
2910	106
2911	32.4
2912	58.1
2913	252.5
2914	166.5
2915	14.3
2916	218.6
2917	54.9
2918	57.9
2919	314
2920	4.4
2921	56.7
2922	90.5
2923	33.9
2924	797.8
2925	71.8
2926	694.5
2927	10.7
2928	163.7
2929	27.1
2930	208.2
2931	674.6
2932	2654.6
2933	12.3
2934	32.5
2935	15.6
2936	354.5
2937	10.7
2938	6.2
2939	88.8
2940	358.8
2941	524.8
2942	18.8
2943	116.9
2944	3.7
2945	16.6
2946	50.2
2947	878.8
2948	54.2
2949	110.9
2950	13.9
2951	84.1
2952	23.4
2953	227.2
2954	17.3
2955	1859
2956	2492.9
2957	827.3
2958	709.1
2959	658.6
2960	222.3
2961	28.5
2962	21
2963	50.6
2964	105.9
2965	8.1
2966	973.8
2967	167.1
2968	14.8
2969	18.8
2970	10.6
2971	205.7
2972	83.8
2973	450.5
2974	9.9
2975	49.6
2976	1256.3
2977	26.8
2978	76.3
2979	19.1
2980	40.6
2981	46
2982	79.7
2983	18
2984	116.2
2985	17
2986	55.1
2987	21
2988	1876
2989	3.4
2990	25.7
2991	49.1
2992	147.7
2993	142.8
2994	102.2
2995	90.6
2996	1205.5
2997	1217.6
2998	7.5
2999	230.5
3000	583.2
3001	18.2
3002	57
3003	164.4
3004	31.7
3005	34
3006	19.4
3007	42.5
3008	17.2
3009	942.9
3010	458.1
3011	15
3012	102.6
3013	26.8
3014	9.1
3015	23.7
3016	134.9
3017	87.4
3018	749.7
3019	14.1
3020	8355.9
3021	225.3
3022	21.7
3023	20.5
3024	39
3025	6292.5
3026	24.2
3027	1993.9
3028	5537
3029	3225.7
3030	43.4
3031	1033.8
3032	230.4
3033	4.9
3034	65
3035	5540.3
3036	457.6
3037	29.8
3038	497.2
3039	49.3
3040	176.7
3041	70.2
3042	144.3
3043	3264.3
3044	17.6
3045	2191.2
3046	373.9
3047	446.5
3048	27.9
3049	8234.1
3050	69.1
3051	15.3
3052	119.4
3053	52.3
3054	8149.1
3055	1840.9
3056	3291.2
3057	16.2
3058	3245.1
3059	6.2
3060	19.4
3061	23.9
3062	123.2
3063	746.8
3064	275.3
3065	635.6
3066	52.9
3067	518.1
3068	165.1
3069	18.5
3070	5529.5
3071	957.5
3072	18.1
3073	69.4
3074	433.2
3075	27.6
3076	54.2
3077	1831.5
3078	6.7
3079	27.7
3080	5472.7
3081	6.9
3082	12.5
3083	148.4
3084	9.8
3085	105.1
3086	27.2
3087	183.6
3088	48.9
3089	74.7
3090	21.9
3091	32
3092	42
3093	115.9
3094	45.7
3095	8.2
3096	133.3
3097	28.2
3098	84.4
3099	17
3100	1689.6
3101	68.9
3102	41.3
3103	42.6
3104	52.3
3105	28.7
3106	121.1
3107	618.8
3108	17.2
3109	19.1
3110	16.3
3111	139
3112	7.7
3113	176.9
3114	31.3
3115	20.5
3116	49.1
3117	255.2
3118	75.8
3119	66.9
3120	5.1
3121	62.5
3122	2.5
3123	38.3
3124	2
3125	116.5
3126	13.3
3127	2.1
3128	8.5
3129	14.9
3130	7.7
3131	41
3132	21.1
3133	68.2
3134	217.4
3135	5.8
3136	152.7
3137	1.7
3138	4.8
3139	197
3140	25.6
3141	3.6
3142	21.9
3143	68
3144	724.2
3145	2.4
3146	3
3147	8.9
3148	75.7
3149	202.2
3150	1.4
3151	57.9
3152	1196.5
3153	100.6
3154	43.8
3155	213.8
3156	14.5
3157	15.8
3158	1.6
3159	49.4
3160	4.4
3161	44
3162	64.8
3163	5.6
3164	3.7
3165	8.2
3166	1082.4
3167	63.7
3168	120.3
3169	211.2
3170	70
3171	12
3172	182.1
3173	315.9
3174	57.3
3175	25.6
3176	4.5
3177	322.3
3178	462
3179	4.8
3180	4
3181	50.4
3182	65.1
3183	27.4
3184	107.7
3185	39.9
3186	15.2
3187	113.6
3188	29.5
3189	17.3
3190	2.8
3191	19
3192	18.6
3193	3.3
3194	62.8
3195	88.3
3196	146
3197	40.2
3198	7.3
3199	61
3200	3.2
3201	70
3202	0
3203	59.4
3204	46
3205	40.9
3206	2.8
3207	297.1
3208	67.8
3209	0.8
3210	226.6
3211	68.1
3212	232.9
3213	188.2
3214	6.9
3215	4.1
3216	124.4
3217	137.5
3218	117.4
3219	305.5
3220	6.4
3221	70
3222	420.8
3223	3
3224	265.3
3225	78.4
3226	96.8
3227	121.3
3228	214.1
3229	1.6
3230	7.9
3231	1.6
3232	2.3
3233	6.8
3234	55.8
3235	568
3236	36.9
3237	5.1
3238	189.3
3239	2.8
3240	9.3
3241	11.5
3242	29.2
3243	26.4
3244	216.6
3245	147.4
3246	114.2
3247	1.1
3248	2.2
3249	4.2
3250	33.8
3251	271.2
3252	45.1
3253	209.4
3254	33.3
3255	8.9
3256	2.7
3257	56.5
3258	265.9
3259	49.4
3260	6.9
3261	2.3
3262	129.3
3263	111.8
3264	88.9
3265	5.7
3266	26.1
3267	26.8
3268	159.1
3269	154.4
3270	1.7
3271	2.4
3272	105.7
3273	1.7
3274	227.8
3275	2.7
3276	12.4
3277	23
3278	31.4
3279	4.3
3280	32.5
3281	96.3
3282	1.3
3283	15.2
3284	1.9
3285	18.9
3286	329.9
3287	23.5
3288	23.3
3289	18.6
3290	7.5
3291	47.1
3292	11.1
3293	11.4
3294	5.1
3295	5.5
3296	4.5
3297	162.8
3298	14.8
3299	4.3
3300	34.6
3301	5.5
3302	11.6
3303	31.5
3304	5.4
3305	21.7
3306	3.2
3307	17.3
3308	24.2
3309	24.7
3310	19
3311	2.2
3312	11.5
3313	23.4
3314	15.4
3315	3.8
3316	63.9
3317	1.5
3318	34.7
3319	2.2
3320	52.5
3321	8.3
3322	1.3
3323	8.5
3324	14.2
3325	3.3
3326	16.8
3327	11.1
3328	4.1
3329	15.5
3330	10.7
3331	33.8
3332	38.6
3333	2.4
3334	2.9
3335	14.7
3336	3.7
3337	2.8
3338	45.9
3339	7.3
3340	1.9
3341	36.6
3342	2.5
3343	10.7
3344	5.9
3345	1.4
3346	13.3
3347	20.6
3348	1
3349	1.6
3350	10.4
3351	3.8
3352	20.5
3353	130
3354	5.6
3355	18.8
3356	8.5
3357	3.7
3358	4.2
3359	4.1
3360	18.9
3361	5.7
3362	1.6
3363	17.2
3364	2.9
3365	13
3366	109.4
3367	4.8
3368	3.9
3369	5.5
3370	5.2
3371	4.1
3372	7.5
3373	5.7
3374	105.2
3375	1.4
3376	20.1
3377	1.8
3378	1.4
3379	11.4
3380	75.6
3381	4
3382	1
3383	12.5
3384	47
3385	24.9
3386	5
3387	5.3
3388	1.1
3389	34.7
3390	23.2
3391	9.5
3392	3.9
3393	2.7
3394	9.8
3395	7.8
3396	17.2
3397	6.8
3398	5.8
3399	3.5
3400	625.5
3401	236.9
3402	495.1
3403	1991
3404	1212.5
3405	1123.1
3406	645.1
3407	2913.1
3408	342.7
3409	2975.2
3410	0
3411	0
3412	130.9
3413	372.5
3414	257.5
3415	127.5
3416	58.8
3417	130.2
3418	161.9
3419	1831.2
3420	3323
3421	5446.3
3422	105.8
3423	915.4
3424	76.2
3425	382.2
3426	1126
3427	17.8
3428	27.1
3429	138.7
3430	13
3431	440.1
3432	919.9
3433	107.8
3434	194.7
3435	39382.6
3436	1693.5
3437	218.3
3438	39381
3439	39383.7
3440	277.8
3441	1315.3
3442	33845.6
3443	633
3444	222.3
3445	39383.9
3446	39389.2
3447	39380.1
3448	9.3
3449	81
3450	39387.4
3451	1382.9
3452	415.9
3453	79.3
3454	731.2
3455	140
3456	2898
3457	467.7
3458	301.4
3459	28.3
3460	536.3
3461	16221.5
3462	763
3463	4255.2
3464	1245.2
3465	9.5
3466	68
3467	29.7
3468	12198.2
3469	58.9
3470	6151.1
3471	147.2
3472	96.8
3473	362.2
3474	1719.5
3475	16353.1
3476	0
3477	121.5
3478	34.6
3479	16353.1
3480	4142.3
3481	106.1
3482	1367.2
3483	35.6
3484	4012
3485	92.2
3486	0
3487	407.8
3488	86.5
3489	3628.4
3490	3561.1
3491	0
3492	66.4
3493	3350.5
3494	191.6
3495	195.7
3496	540.1
3497	3132.6
3498	2888.7
3499	642
3500	2831.5
3501	504.8
3502	41.5
3503	16353.1
3504	16352.4
3505	165.1
3506	1594.2
3507	16352.4
3508	2.2
3509	365.5
3510	16342
3511	1406.4
3512	97.7
3513	274.7
3514	16342
3515	1126.5
3516	16205.9
3517	58.4
3518	4573.1
3519	130
3520	7.2
3521	11179.1
3522	397.1
3523	11125
3524	63.4
3525	11113.6
3526	25.1
3527	11003.8
3528	2380.7
3529	135.6
3530	61.6
3531	995.3
3532	17.7
3533	10870.5
3534	10796.5
3535	330.2
3536	4910.4
3537	44.4
3538	1.3
3539	721.8
3540	495.7
3541	5422.9
3542	4611.9
3543	5296.5
3544	189.1
3545	133.3
3546	108.3
3547	3314.6
3548	3688.6
3549	325.6
3550	543.1
3551	763.3
3552	3184.3
3553	2956.4
3554	822.1
3555	2375.7
3556	1109
3557	44.3
3558	1531.5
3559	454.2
3560	1111.9
3561	8170.8
3562	418.5
3563	2988.5
3564	863.7
3565	845
3566	52.9
3567	2880.1
3568	5457.4
3569	581.9
3570	1652
3571	975
3572	315.2
3573	481.5
3574	850.8
3575	236.2
3576	1893.8
3577	2109.1
3578	867.7
3579	703.1
3580	227.7
3581	26.1
3582	453.8
3583	313.8
3584	780.9
3585	75.9
3586	456.8
3587	30
3588	37.6
3589	18.1
3590	79.1
3591	79.6
3592	34.9
3593	10.4
3594	20.9
