"COMID"	"Value"
1	12.1
2	36.7
3	2.1
4	1.2
5	4.1
6	0
7	18.9
8	2.9
9	20.8
10	0
11	2.5
12	13.2
13	0.4
14	25.4
15	1.4
16	5.5
17	11.5
18	19.4
19	1.9
20	27.2
21	2.4
22	3.1
23	0
24	0.5
25	5.1
26	5.6
27	1.2
28	2.1
29	1.2
30	0
31	59.8
32	0.8
33	2.4
34	14.7
35	1.3
36	1.4
37	33.1
38	0
39	3.1
40	15.3
41	20.9
42	1.9
43	20
44	0.5
45	36.9
46	229.6
47	6.5
48	3.6
49	8.9
50	46.9
51	1.1
52	39.6
53	0.8
54	3.1
55	4.3
56	48.9
57	18.3
58	22.6
59	10.8
60	16.8
61	0.5
62	0.5
63	3.9
64	61.7
65	1.4
66	11.2
67	15.4
68	1.9
69	9
70	0.1
71	6.7
72	4.3
73	0.7
74	4.2
75	0.3
76	0.1
77	0.1
78	0.6
79	9.8
80	0.1
81	1
82	0
83	50.1
84	0
85	1.9
86	1.7
87	0.6
88	2.7
89	1.7
90	2.1
91	1.8
92	7.9
93	5.9
94	2.8
95	13.2
96	2.5
97	25.5
98	6.7
99	0.2
100	9.2
101	1.9
102	1.7
103	0.8
104	13.1
105	0.6
106	2.1
107	0.7
108	0
109	0.7
110	3.5
111	0
112	1.4
113	75
114	1.9
115	2.5
116	2.3
117	1.1
118	3.5
119	0
120	1
121	0.2
122	15.9
123	13.2
124	2.4
125	2.2
126	6.4
127	0.7
128	2.9
129	1
130	3.5
131	25.7
132	0.1
133	0.9
134	16.6
135	6.8
136	3.7
137	5.6
138	0.5
139	0.2
140	1.8
141	4.1
142	0.2
143	0
144	1.1
145	76.2
146	2.4
147	5.1
148	6.7
149	1.6
150	27.5
151	0.1
152	6.1
153	0.1
154	13.7
155	0
156	5.5
157	13.2
158	0.8
159	18
160	8.4
161	5.3
162	0.1
163	0.2
164	0.1
165	0
166	0.1
167	2.1
168	0
169	0.9
170	2.7
171	5.3
172	0.2
173	0.1
174	103.8
175	0.2
176	4.5
177	16.3
178	16.6
179	2.1
180	0.2
181	0.1
182	27
183	0
184	0.2
185	0.3
186	5.7
187	1
188	0.1
189	0.1
190	1.3
191	0.2
192	1.5
193	33.4
194	2.8
195	0
196	0.4
197	10.6
198	0.3
199	1.7
200	76.7
201	77
202	0.1
203	0.1
204	39.3
205	4.5
206	10.7
207	6.1
208	2.3
209	2.1
210	2.8
211	4.7
212	13.4
213	8.8
214	0.1
215	5.8
216	12.6
217	0.7
218	0.4
219	0.8
220	44.4
221	0
222	2.4
223	14.3
224	0
225	33.7
226	7.6
227	10.7
228	7
229	0.4
230	36.3
231	7.1
232	0.8
233	6.2
234	40.3
235	36.3
236	1.4
237	0.8
238	2.6
239	1.4
240	3.7
241	1
242	10.8
243	0
244	1.5
245	3.7
246	1.7
247	0
248	0
249	10.8
250	2
251	5.9
252	3.6
253	1.6
254	0
255	0
256	0
257	0
258	0.1
259	0
260	0
261	1.3
262	4.1
263	0
264	0
265	0
266	1.3
267	3.3
268	2.4
269	6.2
270	0
271	2.5
272	0.6
273	1.5
274	40.3
275	3.3
276	0
277	0.2
278	2
279	37.5
280	0.4
281	1.1
282	1.8
283	0.2
284	0.3
285	0
286	0.6
287	3.1
288	0.1
289	0.4
290	0.4
291	12.4
292	0.3
293	40.3
294	11.4
295	0.1
296	4.7
297	1.5
298	0
299	0.1
300	7.7
301	0.2
302	7.4
303	1.9
304	0.1
305	2.6
306	0.4
307	10.5
308	0.7
309	0.5
310	1.9
311	1.8
312	13.5
313	2.4
314	6.7
315	0.4
316	0.9
317	0
318	3.6
319	0
320	1.7
321	1.4
322	1.1
323	1.9
324	0.1
325	0
326	1.5
327	0.1
328	0.3
329	1.4
330	0
331	7.3
332	0.1
333	7.4
334	0.3
335	0.8
336	0.4
337	0
338	7.5
339	5.9
340	0.1
341	8
342	40.3
343	5.9
344	13.9
345	0.3
346	0
347	0.1
348	0.4
349	0.4
350	0.3
351	0.3
352	0.4
353	1.1
354	0.4
355	0
356	0.4
357	2.7
358	0.8
359	0
360	0.2
361	0.8
362	0.2
363	0.2
364	2.7
365	1.9
366	1.6
367	40.3
368	7.4
369	0
370	0.7
371	2.7
372	16.1
373	0.6
374	43
375	2.7
376	18.8
377	1.3
378	10.9
379	0
380	2.3
381	0
382	0
383	39.7
384	230.1
385	0
386	43
387	19.3
388	32.6
389	30.4
390	19.4
391	12.9
392	25.4
393	0
394	1
395	0
396	0
397	43
398	40.7
399	2.4
400	39.2
401	2.7
402	0
403	0.1
404	0
405	22
406	2.9
407	2.4
408	0
409	0
410	17.7
411	4.1
412	0.6
413	2.9
414	0
415	0
416	2.4
417	0
418	0
419	6.4
420	0
421	9.3
422	0
423	7.3
424	9.3
425	6.9
426	9.3
427	10.2
428	2.1
429	1.6
430	4.9
431	0
432	0.6
433	54.2
434	15.9
435	0.6
436	61.7
437	63.3
438	42.9
439	0
440	0.8
441	19
442	38.8
443	2.4
444	0.5
445	32.1
446	16.8
447	9.5
448	7.7
449	1.6
450	1.2
451	0
452	10.6
453	64.3
454	19.7
455	18.9
456	6.2
457	7.9
458	11.2
459	5.7
460	0.4
461	14.4
462	2.3
463	97.7
464	73.2
465	9.3
466	8.9
467	3.6
468	76.3
469	1.1
470	39.3
471	33.2
472	1
473	31
474	39.8
475	37.5
476	37.5
477	6.9
478	6.9
479	26.6
480	1.2
481	0
482	8.9
483	12.2
484	2.9
485	27.4
486	0.1
487	1.3
488	19
489	0.1
490	20.3
491	4.6
492	6.6
493	20.4
494	2.3
495	0.1
496	0
497	1.6
498	3.6
499	0
500	1.3
501	1.5
502	3.4
503	0.9
504	1.2
505	2.1
506	6.5
507	3.9
508	18.7
509	16.8
510	2.1
511	8.4
512	3.8
513	0
514	1.2
515	0
516	1.3
517	9.3
518	0.5
519	1.1
520	0.4
521	6.8
522	0.8
523	0
524	7.7
525	2.5
526	16.3
527	1.2
528	16.8
529	8.1
530	6.6
531	3
532	3
533	1.4
534	9.8
535	17.2
536	1.3
537	0.1
538	0
539	0.1
540	0.6
541	36.3
542	3.5
543	4.1
544	4.6
545	4.5
546	2.7
547	3.7
548	0.1
549	0.4
550	14.1
551	40.7
552	4.6
553	10.3
554	4.6
555	15.6
556	3.9
557	0.7
558	0.4
559	4.2
560	2.1
561	2.5
562	2.9
563	0.7
564	45
565	3.4
566	2.5
567	1
568	8.4
569	7.2
570	0
571	4.7
572	85.2
573	11.8
574	4.5
575	1
576	85.2
577	0
578	3
579	4.1
580	74.4
581	130.2
582	33.5
583	4.7
584	3.5
585	0
586	5.3
587	3.8
588	74.1
589	14.3
590	0
591	4.3
592	1.9
593	72.5
594	1.7
595	46.7
596	0.6
597	130.2
598	15.2
599	2.6
600	0.7
601	3
602	0
603	5.9
604	55.4
605	0
606	4.7
607	18.2
608	1.3
609	0
610	1.6
611	3.9
612	0
613	0
614	1
615	0.3
616	0
617	88.4
618	101.6
619	12.2
620	12.2
621	7.8
622	1.9
623	4.4
624	1.6
625	20.5
626	0.5
627	62.7
628	0.8
629	2.2
630	5
631	1.5
632	94.2
633	3.1
634	0
635	3.2
636	1.9
637	3.8
638	19.4
639	165.5
640	0.9
641	42.5
642	0
643	5.5
644	0
645	2
646	2.3
647	22.7
648	3.5
649	0.9
650	0.7
651	5.6
652	0.6
653	0.1
654	2.2
655	0.1
656	5.4
657	7.2
658	3.1
659	1.4
660	0.1
661	5.5
662	1.9
663	3.6
664	26.2
665	6.3
666	28.5
667	167.4
668	48.3
669	12.6
670	2.4
671	23.9
672	11.7
673	2.3
674	0.4
675	4
676	12.7
677	36.9
678	1.9
679	0.8
680	0
681	9.5
682	6.6
683	39.1
684	4.8
685	11.5
686	4.6
687	0
688	2.7
689	27
690	2.4
691	208
692	13.2
693	1.4
694	0.1
695	220.8
696	5.7
697	5
698	2.9
699	1.7
700	2.5
701	6.7
702	3.2
703	7.4
704	0.8
705	1.9
706	1.3
707	3
708	8.9
709	2.6
710	15.1
711	0.5
712	0.9
713	0.9
714	1.3
715	28.2
716	0
717	58.9
718	2.3
719	1
720	13.1
721	4.9
722	0.8
723	2.1
724	3.3
725	41.1
726	0
727	0.2
728	1.8
729	228
730	20.3
731	0.6
732	0.1
733	2.1
734	3.5
735	1.1
736	3.2
737	2.1
738	4.9
739	5.7
740	5.4
741	0.7
742	3.9
743	1.4
744	0
745	2
746	1.5
747	3.2
748	2
749	7.9
750	1.5
751	26.8
752	0.5
753	6.3
754	7.5
755	2.2
756	2.5
757	23.6
758	2
759	1.2
760	5.4
761	0.7
762	1.5
763	0.6
764	8.5
765	25.7
766	0
767	1.3
768	1.6
769	4.6
770	2.6
771	4
772	1.9
773	7.3
774	9.9
775	1.4
776	1.1
777	10.7
778	10.4
779	0
780	3.7
781	58.7
782	175.6
783	38.9
784	56.3
785	112.3
786	227.7
787	64.2
788	79.1
789	82.6
790	171.4
791	77.2
792	59.5
793	750.7
794	47.3
795	130.5
796	20.9
797	67.1
798	28.2
799	106.6
800	44.2
801	780.2
802	879.7
803	229
804	100
805	927.6
806	786.6
807	50.2
808	916.9
809	145.9
810	123.3
811	1010
812	475.5
813	855.6
814	26.1
815	41.2
816	2078
817	54.8
818	58.8
819	432.4
820	1007.7
821	26.3
822	47.7
823	2055
824	604
825	26.4
826	113.4
827	67.8
828	71.1
829	2141.5
830	74.2
831	2344.7
832	726.7
833	178.1
834	179.5
835	192.7
836	191
837	40.7
838	144.3
839	25.4
840	91.7
841	290.1
842	2593.8
843	8.7
844	53.5
845	1296.4
846	49.1
847	978.5
848	37.9
849	96.1
850	326.6
851	65.1
852	90.9
853	15.8
854	54.9
855	62.4
856	39.4
857	34.1
858	42.2
859	1335.6
860	35.8
861	164.9
862	3.3
863	1578.8
864	24.4
865	234.1
866	2724.3
867	58.8
868	83.4
869	1801.7
870	6.4
871	1363.5
872	30.1
873	1.4
874	1728.2
875	68.7
876	26.8
877	20.4
878	26.7
879	104
880	1433
881	156
882	39.8
883	30.6
884	27
885	120.8
886	0.9
887	2795.2
888	30.4
889	199.9
890	152.8
891	346.8
892	68.3
893	80
894	1.2
895	194.6
896	68.7
897	21.1
898	1885.9
899	27.3
900	114.7
901	1606
902	33.5
903	50.2
904	93.8
905	21.2
906	83.3
907	137.4
908	2849.4
909	76.5
910	0
911	22.3
912	401.8
913	33.1
914	335.7
915	0
916	2296.5
917	44.1
918	37.8
919	24
920	37.6
921	37.8
922	63.8
923	8.4
924	1630.2
925	20.1
926	52.8
927	20.3
928	3.4
929	3196.5
930	107.3
931	21.1
932	7.3
933	18
934	0
935	43.6
936	132.8
937	47.6
938	138.8
939	37.8
940	3353.6
941	109.2
942	206.9
943	0
944	221.3
945	28.9
946	186.7
947	0
948	2607.3
949	31.5
950	50.5
951	48.8
952	3334.5
953	66.2
954	3.8
955	76.1
956	293.4
957	17.1
958	56.6
959	3378.6
960	115.2
961	49.5
962	29.8
963	15.5
964	0
965	94.4
966	361.3
967	0
968	3403.1
969	20.2
970	35.3
971	139.1
972	42.3
973	28.4
974	3430.9
975	145.6
976	82.9
977	35.8
978	78.8
979	29.6
980	673.3
981	243.2
982	93.7
983	125.9
984	24.4
985	92.7
986	31.9
987	96.9
988	37.3
989	112
990	0
991	53.8
992	0
993	104.4
994	17.2
995	102.8
996	533.2
997	51.5
998	100
999	39.8
1000	0
1001	4.2
1002	51.8
1003	0
1004	619.5
1005	125.6
1006	25.9
1007	0
1008	1.8
1009	0
1010	259.9
1011	55.1
1012	25.7
1013	107.1
1014	29.1
1015	1.3
1016	0
1017	148.7
1018	102.6
1019	2.6
1020	96.3
1021	216.2
1022	33
1023	83.5
1024	48.4
1025	403.1
1026	92.7
1027	54.4
1028	720
1029	110.3
1030	0.1
1031	0
1032	0
1033	0.1
1034	93.2
1035	0.1
1036	1593.5
1037	3559.9
1038	51
1039	527.5
1040	126.7
1041	43.3
1042	1.5
1043	0
1044	446.8
1045	1.4
1046	4.7
1047	117.2
1048	775.3
1049	24.7
1050	0
1051	1703.8
1052	997
1053	116.1
1054	4516.1
1055	896.3
1056	201.2
1057	0
1058	1958.2
1059	0.2
1060	56.5
1061	0
1062	72.1
1063	47.4
1064	0
1065	4010.5
1066	24.1
1067	0.4
1068	0.1
1069	0.1
1070	21.8
1071	14.8
1072	0.1
1073	0.1
1074	54.8
1075	0
1076	23.9
1077	0.5
1078	318.9
1079	4822.7
1080	9.9
1081	0.1
1082	54.8
1083	0
1084	92.3
1085	34.5
1086	265.9
1087	0
1088	0
1089	1.9
1090	4760
1091	44.2
1092	0
1093	1.6
1094	0.2
1095	2.1
1096	1.5
1097	27.7
1098	1.5
1099	0
1100	0
1101	0.2
1102	2073.9
1103	0
1104	135.2
1105	1.4
1106	5.4
1107	0.5
1108	1.9
1109	4831.7
1110	0
1111	0
1112	357.8
1113	59.4
1114	55.1
1115	1.3
1116	1
1117	233
1118	2.7
1119	135.2
1120	1.1
1121	1.4
1122	5.9
1123	7.9
1124	22.3
1125	146
1126	28.7
1127	144.3
1128	660.2
1129	120.7
1130	3.8
1131	0
1132	154.8
1133	295.1
1134	4543.6
1135	4854
1136	0.1
1137	1.9
1138	9.4
1139	143.6
1140	2358.8
1141	0.9
1142	0
1143	23.6
1144	11.2
1145	1.9
1146	0.6
1147	4794.1
1148	39.2
1149	4778.6
1150	144.2
1151	4795.5
1152	746.3
1153	774.6
1154	0
1155	0
1156	29.9
1157	145.3
1158	411.2
1159	73.6
1160	1.4
1161	0.2
1162	1.5
1163	7.5
1164	32.2
1165	4909.1
1166	55.8
1167	19.5
1168	163.9
1169	36.8
1170	31.1
1171	4572.6
1172	109.7
1173	5.4
1174	53.2
1175	3.8
1176	26.3
1177	0
1178	0.8
1179	25
1180	9.5
1181	4567.8
1182	4808.3
1183	0.1
1184	7325.1
1185	39
1186	799.9
1187	4630.3
1188	4814.1
1189	4573.3
1190	4631.6
1191	36.3
1192	4816.7
1193	23
1194	4793
1195	25.4
1196	4630.6
1197	7736.3
1198	0.1
1199	41.3
1200	7
1201	4788.9
1202	14.4
1203	7736.3
1204	4584.9
1205	0.9
1206	0.1
1207	4559.6
1208	0.1
1209	4785.9
1210	52.7
1211	45.6
1212	0
1213	29.9
1214	868.3
1215	4577.3
1216	21.9
1217	3.9
1218	0.6
1219	0.1
1220	22.6
1221	4812.7
1222	4808.3
1223	2
1224	4815
1225	27.7
1226	34.2
1227	11.6
1228	1.5
1229	4576.3
1230	30.1
1231	0
1232	54.1
1233	1.5
1234	16.4
1235	1.4
1236	0.1
1237	190.1
1238	16.1
1239	0.1
1240	4819.3
1241	336
1242	88.3
1243	3.2
1244	4821.2
1245	79.8
1246	22.7
1247	123.1
1248	82.2
1249	97.8
1250	15.1
1251	1.7
1252	7736.3
1253	4897
1254	25.2
1255	0
1256	49.4
1257	43.8
1258	2.1
1259	0
1260	18.4
1261	29.8
1262	0.1
1263	4.5
1264	52.1
1265	13.5
1266	1012
1267	7736.3
1268	31.8
1269	8.4
1270	104.8
1271	1.8
1272	4898
1273	39.9
1274	39.6
1275	4892.8
1276	49.4
1277	17.4
1278	297.4
1279	4.6
1280	111.3
1281	32
1282	0.2
1283	38.6
1284	66.9
1285	44.9
1286	45.7
1287	6.4
1288	19
1289	136.4
1290	11.3
1291	90.2
1292	5.8
1293	3.8
1294	44.9
1295	15.4
1296	0.2
1297	25.1
1298	1041.4
1299	70.7
1300	35.2
1301	0
1302	13.9
1303	65.7
1304	7
1305	63.1
1306	0
1307	444
1308	9.3
1309	0.1
1310	175.9
1311	25.5
1312	38.5
1313	5.7
1314	44.7
1315	111.3
1316	16.3
1317	11.4
1318	4.2
1319	75.2
1320	23.1
1321	0.2
1322	7736.5
1323	0
1324	7.4
1325	165.6
1326	0.1
1327	0.1
1328	357.2
1329	20.7
1330	126.1
1331	30.4
1332	12.5
1333	52.2
1334	144.2
1335	1
1336	33.1
1337	0.2
1338	0.2
1339	2.5
1340	49.5
1341	42.9
1342	366.4
1343	0.1
1344	0
1345	1.6
1346	111.4
1347	628.5
1348	30.8
1349	1.7
1350	7736.5
1351	17.9
1352	5.8
1353	333.9
1354	0.2
1355	42.3
1356	7.7
1357	27.8
1358	23.5
1359	4
1360	0.4
1361	4.1
1362	25.9
1363	111.5
1364	0.1
1365	178.4
1366	0.4
1367	111.4
1368	15.5
1369	0.3
1370	1.1
1371	0.4
1372	21.7
1373	208.3
1374	2.2
1375	111.5
1376	5.2
1377	28.2
1378	2.5
1379	1.8
1380	66
1381	111.4
1382	36
1383	0.5
1384	26.3
1385	6.3
1386	23.9
1387	0.9
1388	1.1
1389	0.4
1390	26.5
1391	1698.2
1392	47.5
1393	0.1
1394	0.1
1395	91.9
1396	0
1397	43.1
1398	0
1399	111.5
1400	14.9
1401	0.3
1402	0.3
1403	507
1404	10.1
1405	2.4
1406	0.1
1407	111.5
1408	0.8
1409	1285.3
1410	2
1411	568.2
1412	0.4
1413	73.8
1414	17.4
1415	21.8
1416	197.7
1417	1.2
1418	22.8
1419	0.2
1420	26.3
1421	0.1
1422	0.1
1423	25.6
1424	375.9
1425	0.6
1426	502.8
1427	2.1
1428	0.8
1429	0.6
1430	27.6
1431	555.2
1432	0.3
1433	24.3
1434	7848.8
1435	78.4
1436	7736.6
1437	375.9
1438	1.3
1439	3.2
1440	15.9
1441	18.5
1442	38230.7
1443	63.3
1444	0.8
1445	0.1
1446	1918.3
1447	0.5
1448	126.6
1449	111.5
1450	0.2
1451	38230.8
1452	7848.1
1453	88.4
1454	25.5
1455	0.1
1456	30381.9
1457	652.2
1458	20.8
1459	3.4
1460	1.2
1461	230.6
1462	38236.1
1463	0.2
1464	0.2
1465	0.3
1466	55.5
1467	0.1
1468	38233.5
1469	29.2
1470	1860.8
1471	0.3
1472	38231.1
1473	2079.1
1474	2.7
1475	63.9
1476	38233.4
1477	0.1
1478	27
1479	396.8
1480	0.1
1481	152.3
1482	14.8
1483	0.1
1484	30381.4
1485	16.4
1486	1.6
1487	0.5
1488	95.4
1489	105.7
1490	0.7
1491	21.4
1492	13.3
1493	1989
1494	39.7
1495	441.9
1496	292
1497	292
1498	0.1
1499	55.9
1500	2089.4
1501	25.1
1502	150.5
1503	0.5
1504	527.1
1505	34.5
1506	35.7
1507	0
1508	0.5
1509	10.2
1510	0.9
1511	30373.6
1512	0.1
1513	100.3
1514	0.1
1515	0.3
1516	0.2
1517	2107.5
1518	0.3
1519	33.2
1520	3.2
1521	0.7
1522	0.1
1523	0.2
1524	527.1
1525	0.1
1526	0.2
1527	63.2
1528	0.1
1529	39.7
1530	84.7
1531	0.1
1532	1.8
1533	0.1
1534	36.4
1535	6.6
1536	31.5
1537	1.8
1538	8.1
1539	3.4
1540	0.1
1541	38240.5
1542	0.2
1543	60.5
1544	0.2
1545	0.6
1546	17
1547	30.9
1548	38237.5
1549	0.1
1550	0.2
1551	560.8
1552	704.3
1553	71.5
1554	66.3
1555	26
1556	59.5
1557	0.1
1558	0.5
1559	83.2
1560	2108.9
1561	0.1
1562	0.1
1563	3.9
1564	0.2
1565	226.3
1566	3.6
1567	38238.5
1568	0.1
1569	25.2
1570	14.7
1571	0.3
1572	0.3
1573	154.1
1574	0.1
1575	46.5
1576	30373.5
1577	22
1578	0.1
1579	0.1
1580	842.5
1581	876.1
1582	39.2
1583	13
1584	7.9
1585	96.9
1586	27.6
1587	0.2
1588	2188.8
1589	0.1
1590	1.1
1591	38238.2
1592	2135.4
1593	0.2
1594	47.1
1595	91.3
1596	2402.3
1597	38238.1
1598	65.7
1599	2380.8
1600	39.4
1601	52.5
1602	24.3
1603	97
1604	13.4
1605	1.9
1606	0.1
1607	0.1
1608	57.5
1609	0.1
1610	22.4
1611	4.4
1612	60
1613	2402.3
1614	171.4
1615	30267.2
1616	43.4
1617	0.1
1618	70.5
1619	2189.2
1620	30128.4
1621	989
1622	30.3
1623	0.1
1624	37.6
1625	70.5
1626	235.7
1627	0.2
1628	78
1629	38241.9
1630	53.9
1631	15.2
1632	136.2
1633	0.1
1634	281.8
1635	234.2
1636	2529.7
1637	90
1638	21
1639	6.5
1640	0.1
1641	106.7
1642	59.8
1643	44.4
1644	0.2
1645	71.5
1646	79.6
1647	38242
1648	2
1649	0.3
1650	0.7
1651	132.3
1652	24.8
1653	0.9
1654	29885.3
1655	80.1
1656	33.8
1657	116.1
1658	2653.1
1659	133
1660	138.2
1661	2.9
1662	0.1
1663	223.6
1664	2.4
1665	1.7
1666	167.1
1667	40.4
1668	213.9
1669	60.1
1670	3264.9
1671	29.1
1672	29859
1673	88.7
1674	66.8
1675	568.1
1676	1
1677	2.2
1678	30
1679	808.8
1680	46.3
1681	743.2
1682	1563.7
1683	83.2
1684	68.3
1685	65.6
1686	19.7
1687	808.8
1688	413.9
1689	1.1
1690	71
1691	2
1692	8373.9
1693	21358.1
1694	87.9
1695	34.5
1696	6739.9
1697	17810.3
1698	1563.7
1699	13.4
1700	17.4
1701	8308.2
1702	17733.8
1703	769
1704	6740
1705	1.1
1706	66
1707	1565.1
1708	1566.9
1709	64.7
1710	9.4
1711	16.7
1712	770.1
1713	8279.4
1714	179.7
1715	49.6
1716	98.4
1717	30
1718	198.6
1719	47.7
1720	58.2
1721	21478.9
1722	57.2
1723	704.3
1724	98.4
1725	3846.9
1726	27.7
1727	53.3
1728	833.1
1729	2.1
1730	89.5
1731	12.5
1732	728.7
1733	175.8
1734	18082.1
1735	23.1
1736	1565.1
1737	27.4
1738	15.1
1739	2421.2
1740	0.3
1741	3.2
1742	0.9
1743	302.8
1744	44.4
1745	154.8
1746	6802.6
1747	789.5
1748	115.6
1749	30.9
1750	39.9
1751	6839
1752	6886.2
1753	49.2
1754	495.8
1755	37.3
1756	3351.1
1757	123.3
1758	26.1
1759	372
1760	2378.7
1761	178.3
1762	26
1763	44.5
1764	40.5
1765	2.7
1766	91.8
1767	7749.2
1768	0.4
1769	8549
1770	198.6
1771	25.7
1772	0.2
1773	30
1774	862.6
1775	0.1
1776	26.9
1777	16637.4
1778	0.9
1779	2.2
1780	1.2
1781	8355.4
1782	595.8
1783	8787.7
1784	852.2
1785	8175.6
1786	30.7
1787	269.1
1788	38.4
1789	13
1790	0.7
1791	22.3
1792	357
1793	2327
1794	149.2
1795	8091.6
1796	8365.6
1797	104.3
1798	35.8
1799	0.2
1800	63.7
1801	29.3
1802	32.6
1803	0.8
1804	893.5
1805	2
1806	144.3
1807	190.1
1808	893.5
1809	43
1810	88.5
1811	15562.6
1812	0.1
1813	31
1814	108.5
1815	10723.4
1816	43.1
1817	38.2
1818	10711.7
1819	96.6
1820	55.4
1821	36.7
1822	46.5
1823	16.5
1824	0.2
1825	225.4
1826	222.4
1827	4804.4
1828	15530.5
1829	343.1
1830	0.3
1831	1315.1
1832	0
1833	34.5
1834	0
1835	8032.2
1836	7980.7
1837	0.2
1838	0.2
1839	34.9
1840	174.4
1841	1169.3
1842	1467.8
1843	148.4
1844	15541.7
1845	44.4
1846	0.1
1847	1291.2
1848	32.8
1849	226.6
1850	49.9
1851	59.3
1852	263
1853	63.7
1854	326.4
1855	22.3
1856	490
1857	0.3
1858	50.8
1859	83.1
1860	2287.7
1861	0
1862	26.2
1863	7789.2
1864	21.8
1865	26.3
1866	40.9
1867	7823.7
1868	111.5
1869	51.3
1870	316.4
1871	43
1872	674.1
1873	410.1
1874	160.1
1875	7789.6
1876	133
1877	0
1878	7789.2
1879	94.6
1880	75.2
1881	41.9
1882	0
1883	45.5
1884	20.7
1885	33.3
1886	41.6
1887	3.1
1888	16
1889	0.3
1890	75.2
1891	334.4
1892	31.7
1893	13.9
1894	20.1
1895	83.1
1896	17.8
1897	45.5
1898	121.4
1899	636.8
1900	0.1
1901	26.7
1902	16.9
1903	13
1904	16.2
1905	4801.5
1906	0
1907	0.2
1908	1955.6
1909	12
1910	337.8
1911	23.8
1912	25.5
1913	0
1914	60.9
1915	3.1
1916	214.9
1917	21
1918	25.6
1919	0
1920	7789.1
1921	13
1922	3
1923	0
1924	7789.2
1925	18.5
1926	133.5
1927	51.7
1928	4486.7
1929	0
1930	0.2
1931	0
1932	70.1
1933	31.7
1934	30.7
1935	0
1936	12.1
1937	7789.1
1938	151.9
1939	55.9
1940	0.1
1941	533.1
1942	83.4
1943	7789.1
1944	25
1945	0
1946	0.2
1947	2.8
1948	1354.4
1949	22
1950	159.7
1951	0.1
1952	6.1
1953	144.7
1954	7789.1
1955	6.3
1956	31.6
1957	43.6
1958	0.2
1959	12.3
1960	4378.1
1961	55.5
1962	76.3
1963	0
1964	0.1
1965	0
1966	14.2
1967	1350
1968	11.6
1969	0.1
1970	248.7
1971	0
1972	2.5
1973	7788.8
1974	274
1975	165.2
1976	4.1
1977	1354.4
1978	66.8
1979	144.1
1980	0.1
1981	4315
1982	25.1
1983	0
1984	0.1
1985	91.7
1986	8.9
1987	28.7
1988	83.7
1989	772.7
1990	209.8
1991	1.7
1992	0
1993	18
1994	21.3
1995	3848.5
1996	0
1997	16.1
1998	81.8
1999	0
2000	139.3
2001	82.8
2002	7.1
2003	11.8
2004	7788.8
2005	0.1
2006	24
2007	0
2008	1350
2009	0
2010	180.8
2011	500.5
2012	2.7
2013	225.4
2014	301.8
2015	17.7
2016	0.7
2017	0
2018	12.2
2019	7788
2020	0.1
2021	538.3
2022	487.8
2023	24.3
2024	245.9
2025	53.8
2026	0
2027	4.4
2028	32.3
2029	441.8
2030	0
2031	18.9
2032	1.8
2033	0
2034	0
2035	50.7
2036	20
2037	58.5
2038	153.9
2039	0.8
2040	0.5
2041	32.7
2042	6.8
2043	88.3
2044	18.4
2045	0
2046	7787.9
2047	4.4
2048	0.3
2049	0
2050	167.4
2051	9.9
2052	0
2053	40.9
2054	17.1
2055	6.9
2056	349
2057	28.1
2058	38.7
2059	0.1
2060	473.3
2061	1.2
2062	3973.7
2063	0.1
2064	13.7
2065	0.1
2066	0
2067	6.5
2068	1.5
2069	22.3
2070	11.7
2071	9.9
2072	0
2073	17.7
2074	23
2075	0
2076	41.3
2077	0.6
2078	16.8
2079	0
2080	0.1
2081	18.3
2082	0
2083	7.1
2084	3420.9
2085	0.1
2086	14
2087	0.2
2088	79.6
2089	9.2
2090	35.1
2091	8.9
2092	19.5
2093	16.5
2094	0.1
2095	4.8
2096	0
2097	452.9
2098	31
2099	24.7
2100	39.4
2101	0
2102	67.3
2103	7787.9
2104	7787.8
2105	0
2106	1.2
2107	1.5
2108	30.3
2109	0
2110	0
2111	0
2112	82.5
2113	3394.3
2114	0
2115	19.7
2116	12.4
2117	9.4
2118	285.3
2119	3051.4
2120	18.1
2121	2.7
2122	81.1
2123	1.3
2124	41.1
2125	7.6
2126	0
2127	414.4
2128	1.1
2129	7787.7
2130	0.1
2131	31.5
2132	16.5
2133	0.1
2134	0
2135	3048.7
2136	36.6
2137	18.6
2138	19.9
2139	22.5
2140	7787.7
2141	70
2142	45.7
2143	0.5
2144	0
2145	37.2
2146	3.5
2147	21.7
2148	47.5
2149	1.1
2150	72.7
2151	0.1
2152	36.5
2153	249.9
2154	28.5
2155	0.1
2156	0.1
2157	0.2
2158	7
2159	4.1
2160	306.4
2161	0
2162	0.1
2163	49.3
2164	0.1
2165	5.3
2166	7787.6
2167	0.1
2168	1
2169	101.9
2170	0.1
2171	0.8
2172	0.2
2173	96.5
2174	0
2175	1.8
2176	0
2177	508.8
2178	36.8
2179	0
2180	8
2181	108.5
2182	0.3
2183	0.2
2184	0.1
2185	28.7
2186	1.8
2187	3.6
2188	7787.6
2189	0.1
2190	395.1
2191	0.1
2192	1.1
2193	0.3
2194	81.3
2195	7.6
2196	0.1
2197	19.4
2198	7786.5
2199	508.8
2200	0.4
2201	4.3
2202	13.5
2203	0.1
2204	7786.5
2205	0.8
2206	367.1
2207	6.2
2208	2.7
2209	0.2
2210	116.9
2211	0.1
2212	8.5
2213	858.6
2214	0.9
2215	12
2216	300.2
2217	0.1
2218	0
2219	57
2220	25.1
2221	0.2
2222	190.2
2223	0.2
2224	0.1
2225	328.6
2226	75.9
2227	126.6
2228	0.1
2229	0
2230	9.3
2231	0.2
2232	2422.4
2233	0
2234	33.5
2235	0
2236	0.2
2237	0.1
2238	0.1
2239	279.6
2240	0
2241	11.4
2242	0.2
2243	0.2
2244	0
2245	19.5
2246	2.2
2247	0.2
2248	43.7
2249	116.4
2250	7786.1
2251	6
2252	1453
2253	0.4
2254	3.2
2255	0
2256	36.9
2257	27
2258	0
2259	1329.7
2260	0.1
2261	0
2262	0
2263	26.1
2264	93.9
2265	1250.4
2266	0.1
2267	0.1
2268	120.6
2269	274.1
2270	0.1
2271	28
2272	0.2
2273	23.5
2274	0.1
2275	61.2
2276	7.1
2277	0.1
2278	1.7
2279	7783.7
2280	0.1
2281	0.2
2282	1236
2283	7.1
2284	1.5
2285	1167.9
2286	95.6
2287	17.6
2288	38
2289	0.4
2290	0
2291	7783.9
2292	1147.8
2293	253.6
2294	253.6
2295	21.5
2296	24.9
2297	42.7
2298	0.2
2299	2.8
2300	0.1
2301	0.9
2302	0.1
2303	2.1
2304	0.1
2305	7783.7
2306	866.5
2307	110.6
2308	0.5
2309	21
2310	112.3
2311	0.6
2312	0
2313	3.8
2314	0.5
2315	0.9
2316	7779.2
2317	31.8
2318	7779.9
2319	3.8
2320	33.9
2321	46.4
2322	0.1
2323	0.7
2324	70.8
2325	71.2
2326	9.8
2327	3.7
2328	17.9
2329	3.6
2330	0.2
2331	0.1
2332	231.5
2333	3.4
2334	24.2
2335	0.6
2336	48.3
2337	0.1
2338	6.2
2339	219.5
2340	28.1
2341	23.6
2342	0.3
2343	3.5
2344	2.7
2345	212.2
2346	84.4
2347	0.2
2348	3.2
2349	225.1
2350	0.2
2351	31.1
2352	3.6
2353	30.4
2354	0.5
2355	14.2
2356	0.1
2357	2.5
2358	3.6
2359	730.4
2360	17.2
2361	23.4
2362	15
2363	40.7
2364	11.5
2365	17.3
2366	0.1
2367	0.9
2368	33.8
2369	4.6
2370	16.1
2371	0.1
2372	10.7
2373	43.9
2374	2.9
2375	0.4
2376	0.6
2377	11.5
2378	21.3
2379	1781.6
2380	33.8
2381	21.5
2382	14.2
2383	0.2
2384	1.6
2385	3.9
2386	0.1
2387	0.1
2388	414.6
2389	32.6
2390	4.4
2391	452.1
2392	695
2393	0.4
2394	572.5
2395	177.8
2396	1761.6
2397	0
2398	1.4
2399	19.6
2400	0.1
2401	14.9
2402	57.1
2403	11
2404	7.1
2405	65.7
2406	569.8
2407	0.1
2408	23
2409	87
2410	376.3
2411	344.7
2412	99.5
2413	0.4
2414	15.9
2415	232.3
2416	1725.4
2417	582.3
2418	26.5
2419	5091.7
2420	11.5
2421	0.2
2422	27.7
2423	18.1
2424	219
2425	3.9
2426	0.1
2427	0.1
2428	38.8
2429	1.1
2430	0.1
2431	13.4
2432	1687.1
2433	10.8
2434	27.8
2435	0.2
2436	1687
2437	136.1
2438	117.9
2439	53.5
2440	9.3
2441	0.4
2442	11.4
2443	15.2
2444	558.7
2445	23
2446	11.5
2447	26.8
2448	164.2
2449	0.2
2450	0.1
2451	10.3
2452	37.6
2453	479.9
2454	0.1
2455	1686.8
2456	40.8
2457	0.2
2458	5070.4
2459	17.9
2460	33.6
2461	81.5
2462	20.4
2463	4.4
2464	213.4
2465	0.4
2466	0.2
2467	823.5
2468	405.8
2469	16.9
2470	42
2471	5070.4
2472	17.9
2473	27.4
2474	17.4
2475	5007.6
2476	1.7
2477	52.3
2478	10.8
2479	1.1
2480	9.6
2481	13.5
2482	95.9
2483	0.2
2484	1684.8
2485	358.6
2486	37.3
2487	0.1
2488	7.4
2489	154.8
2490	50.6
2491	3.8
2492	25.3
2493	0.7
2494	36.8
2495	20.5
2496	2.6
2497	755.9
2498	319.8
2499	84.3
2500	1610
2501	47.2
2502	29.8
2503	61.1
2504	48.7
2505	1610
2506	23.3
2507	0.2
2508	25.2
2509	1.1
2510	12.6
2511	39.3
2512	1570.8
2513	59.5
2514	255.8
2515	266.7
2516	4842.3
2517	17.2
2518	4.8
2519	30.7
2520	1509.3
2521	156
2522	287.4
2523	3.6
2524	0.1
2525	9.5
2526	159
2527	19.6
2528	19.3
2529	14.3
2530	823.5
2531	731
2532	11.5
2533	51
2534	69.2
2535	15.7
2536	18.2
2537	82.7
2538	271.6
2539	398.3
2540	118.2
2541	48.7
2542	1509.3
2543	31
2544	58.3
2545	214.9
2546	137
2547	30.7
2548	143.4
2549	11.5
2550	0.3
2551	58.2
2552	347.3
2553	38.4
2554	685.2
2555	11.6
2556	15.9
2557	31.9
2558	49.3
2559	673.6
2560	113
2561	184.8
2562	32.7
2563	230.2
2564	662.8
2565	66.9
2566	4.9
2567	12.2
2568	245.2
2569	79.8
2570	10.3
2571	3.6
2572	4836.3
2573	2.6
2574	4799.3
2575	52.4
2576	27.5
2577	14
2578	14.3
2579	14.6
2580	4706
2581	405.5
2582	209.9
2583	15.9
2584	0.3
2585	37.1
2586	23.9
2587	37.7
2588	8.8
2589	88.1
2590	13.5
2591	14.9
2592	161.7
2593	463.5
2594	23.6
2595	0.1
2596	63.2
2597	39
2598	336.6
2599	10.1
2600	11.4
2601	16
2602	86
2603	128.9
2604	25.3
2605	66.8
2606	4.1
2607	30.4
2608	27.7
2609	32.6
2610	0.8
2611	14.1
2612	9.9
2613	18
2614	261.4
2615	19.2
2616	40.8
2617	105.7
2618	22.9
2619	4641.9
2620	38
2621	16.6
2622	21.8
2623	12.5
2624	110
2625	303.4
2626	3.5
2627	63.8
2628	22.9
2629	0.1
2630	13.9
2631	9.1
2632	15.5
2633	53.2
2634	66.3
2635	10
2636	48.5
2637	0.1
2638	44.2
2639	435.5
2640	369.7
2641	20.2
2642	12.2
2643	120.4
2644	63.3
2645	84.1
2646	353.9
2647	4.3
2648	19.2
2649	3.4
2650	25.2
2651	0.1
2652	6.3
2653	45.8
2654	71.8
2655	69.2
2656	118.3
2657	4.9
2658	306
2659	44.9
2660	44.9
2661	176.4
2662	39.1
2663	151.9
2664	30.4
2665	160.8
2666	49.8
2667	4.8
2668	22.2
2669	9.5
2670	18.1
2671	65.7
2672	46.7
2673	2
2674	8.9
2675	84.5
2676	1.7
2677	69.5
2678	15.6
2679	5.2
2680	10.5
2681	4641.3
2682	1843.4
2683	69.5
2684	9.5
2685	89
2686	10.4
2687	17.4
2688	17.3
2689	2736.8
2690	14.9
2691	1881.2
2692	0.5
2693	12.7
2694	15.9
2695	0.3
2696	58.3
2697	0.1
2698	70.4
2699	10.6
2700	17.5
2701	2.6
2702	11.8
2703	26.1
2704	2.3
2705	25.4
2706	13.1
2707	1.8
2708	415.5
2709	36
2710	442.1
2711	14.9
2712	0
2713	13.3
2714	64.7
2715	21.2
2716	11.6
2717	1571.7
2718	22.3
2719	6.9
2720	24.2
2721	18.1
2722	10.9
2723	79.4
2724	5.1
2725	495.7
2726	71.9
2727	50
2728	37.7
2729	23
2730	17
2731	0
2732	33.8
2733	11.3
2734	12.4
2735	11.7
2736	4.6
2737	127.8
2738	566.4
2739	101.3
2740	1537.1
2741	590.7
2742	9.5
2743	25
2744	13
2745	31
2746	4.6
2747	27.3
2748	0
2749	76.6
2750	37.1
2751	13.8
2752	37.1
2753	8
2754	62.8
2755	773.9
2756	50
2757	114.1
2758	39.8
2759	13.5
2760	8.5
2761	6.1
2762	95.6
2763	55.7
2764	8
2765	125.5
2766	8.7
2767	1.8
2768	181.7
2769	9.1
2770	139.5
2771	44.5
2772	2562.7
2773	6.6
2774	49.8
2775	1228.5
2776	202.3
2777	14.8
2778	10.1
2779	166.4
2780	3.4
2781	16.3
2782	22.9
2783	11
2784	15.1
2785	60.1
2786	14.6
2787	84.3
2788	6.8
2789	45
2790	27.9
2791	22.8
2792	10
2793	62.1
2794	38.3
2795	6.9
2796	1775.3
2797	151
2798	16.3
2799	15
2800	1226.9
2801	19.7
2802	66
2803	10.2
2804	10.9
2805	1214.4
2806	14.5
2807	21.2
2808	138.8
2809	2602.9
2810	2.1
2811	18.2
2812	7.3
2813	1754.7
2814	28.7
2815	13.1
2816	230.5
2817	192.7
2818	14.8
2819	29.1
2820	12
2821	103.8
2822	11
2823	14.1
2824	85.9
2825	218.9
2826	82
2827	6.2
2828	16.8
2829	12.9
2830	299.8
2831	15
2832	130.8
2833	251
2834	32.4
2835	13.3
2836	45.7
2837	18.8
2838	21.3
2839	19.7
2840	35.7
2841	18.1
2842	46.3
2843	11.5
2844	8.7
2845	278.2
2846	100.8
2847	60.1
2848	31.2
2849	9.2
2850	1162.8
2851	18.7
2852	21.2
2853	10.9
2854	31.1
2855	25.8
2856	52.9
2857	21.2
2858	13.2
2859	311.4
2860	12.4
2861	119.6
2862	9.1
2863	5
2864	1729.7
2865	69.6
2866	6.4
2867	59.7
2868	6.8
2869	15.7
2870	372.8
2871	18
2872	821.9
2873	23.1
2874	111.6
2875	234.7
2876	2.4
2877	67.4
2878	13.4
2879	5.9
2880	199.8
2881	16.2
2882	26.4
2883	81.1
2884	49.5
2885	5.7
2886	13.8
2887	18.2
2888	127.3
2889	13.3
2890	9.3
2891	99.8
2892	35.4
2893	29.7
2894	20.6
2895	186.2
2896	129.7
2897	62.6
2898	463.3
2899	16.5
2900	73.6
2901	149
2902	10.9
2903	108.5
2904	138.1
2905	83.2
2906	77.5
2907	30.1
2908	58.8
2909	20.4
2910	142.9
2911	20.1
2912	51.4
2913	39.8
2914	65.7
2915	10.1
2916	52
2917	14.6
2918	17.8
2919	151.7
2920	3.7
2921	38.1
2922	117.4
2923	40.5
2924	529
2925	38.8
2926	480.4
2927	10.2
2928	82.1
2929	18.8
2930	82.8
2931	417.7
2932	1447.9
2933	11.5
2934	27
2935	19.6
2936	185.7
2937	15.1
2938	4.9
2939	86.1
2940	189.4
2941	563.9
2942	13.7
2943	15.2
2944	3.2
2945	15.5
2946	40.1
2947	551.5
2948	44
2949	107.1
2950	23.1
2951	18.2
2952	20.8
2953	51.9
2954	13.2
2955	622.4
2956	1407.8
2957	540.1
2958	454.2
2959	457.4
2960	151.6
2961	34
2962	22.4
2963	25.8
2964	25.6
2965	13.9
2966	571.7
2967	34.8
2968	14.2
2969	13.7
2970	8.7
2971	135.6
2972	36.7
2973	261.4
2974	10.2
2975	33
2976	778.4
2977	8.5
2978	40.9
2979	19.3
2980	34.1
2981	34.8
2982	25.6
2983	12.1
2984	79.3
2985	14.9
2986	60.6
2987	23.1
2988	1229.3
2989	3.3
2990	41.8
2991	32.3
2992	54.9
2993	145.1
2994	111.3
2995	58.7
2996	619.4
2997	764.5
2998	12.4
2999	58
3000	637.8
3001	10.7
3002	50.9
3003	176.6
3004	6.5
3005	13.3
3006	15.9
3007	32.2
3008	18
3009	358.1
3010	270
3011	10.3
3012	20.6
3013	18.5
3014	12.4
3015	5.4
3016	145.1
3017	54
3018	816.5
3019	6.7
3020	4481.9
3021	102
3022	15.5
3023	5
3024	30.9
3025	3720.4
3026	15.5
3027	1303.9
3028	2897
3029	2126.4
3030	38.9
3031	704.4
3032	62.3
3033	3.4
3034	17.9
3035	2900.9
3036	269.5
3037	9.7
3038	241.8
3039	39.6
3040	106.2
3041	47.7
3042	101.4
3043	2156.4
3044	14.2
3045	1422.5
3046	202.8
3047	226.7
3048	27.9
3049	4387.3
3050	44.6
3051	10.4
3052	91.4
3053	31.4
3054	4299.7
3055	557.9
3056	2180.2
3057	6.5
3058	2139
3059	8.3
3060	9.5
3061	18.4
3062	41.9
3063	461.5
3064	167.6
3065	439.5
3066	36.4
3067	329.6
3068	115.6
3069	5
3070	2889.6
3071	685
3072	23.3
3073	76.6
3074	271.8
3075	10.2
3076	14
3077	545.2
3078	8.7
3079	14.8
3080	2829.2
3081	5.5
3082	13.1
3083	90.6
3084	11
3085	76.4
3086	19.1
3087	108.7
3088	31.7
3089	46.5
3090	20.2
3091	11.4
3092	49.3
3093	30.6
3094	53.3
3095	3.5
3096	79
3097	33.8
3098	54
3099	15.9
3100	455.1
3101	76.1
3102	15.4
3103	18.7
3104	26.1
3105	34.7
3106	66
3107	214.1
3108	7.1
3109	6.7
3110	14.9
3111	93.4
3112	6.4
3113	90.1
3114	12.2
3115	25.4
3116	19.4
3117	117.5
3118	42.3
3119	36.5
3120	4.7
3121	34.4
3122	2.9
3123	16.5
3124	2.2
3125	60.7
3126	14.1
3127	2.4
3128	4.6
3129	12.4
3130	2.4
3131	21.1
3132	15.4
3133	24.6
3134	63.8
3135	6.3
3136	33.4
3137	1.7
3138	4
3139	63
3140	17.2
3141	2.6
3142	20.2
3143	36.1
3144	613.4
3145	2
3146	2
3147	9.8
3148	29
3149	227
3150	1.5
3151	8
3152	318
3153	47.2
3154	35.3
3155	90.9
3156	7.9
3157	8.4
3158	1.8
3159	26.7
3160	3.6
3161	6.8
3162	11.5
3163	5.4
3164	4
3165	2.8
3166	296.3
3167	24
3168	42.8
3169	231.4
3170	32.4
3171	15.1
3172	80.7
3173	242.3
3174	13.2
3175	17.2
3176	5.3
3177	247.6
3178	354.9
3179	2.1
3180	4.6
3181	19.6
3182	39.8
3183	12.6
3184	11.5
3185	5.2
3186	9.8
3187	63.8
3188	6.1
3189	8.3
3190	4.3
3191	24
3192	4
3193	3.6
3194	33.1
3195	16.5
3196	67.1
3197	15.1
3198	2.3
3199	15.6
3200	2.1
3201	104
3202	0
3203	26.4
3204	17.9
3205	3.5
3206	2.1
3207	224
3208	101.9
3209	0.9
3210	23.3
3211	6.3
3212	53.3
3213	218.4
3214	6.5
3215	2.1
3216	98.5
3217	106.3
3218	12.2
3219	60.2
3220	2.2
3221	104
3222	45
3223	7
3224	69.8
3225	113.8
3226	30.3
3227	95.8
3228	149.1
3229	1.9
3230	4.5
3231	2.1
3232	3
3233	5.6
3234	10.1
3235	167.5
3236	4.3
3237	4.4
3238	47.6
3239	3.1
3240	3.3
3241	6.6
3242	30
3243	3.4
3244	150.4
3245	195.7
3246	89.2
3247	1.2
3248	3
3249	5.7
3250	12.9
3251	134.4
3252	9.2
3253	146.7
3254	3.8
3255	7.5
3256	2.9
3257	5.6
3258	192
3259	27.3
3260	8.9
3261	1.9
3262	39.6
3263	161.2
3264	125
3265	5.6
3266	25.9
3267	11.2
3268	43.7
3269	61.5
3270	2.2
3271	3.8
3272	43.7
3273	2.7
3274	78.3
3275	2.2
3276	6.9
3277	22.9
3278	11.2
3279	3.8
3280	32.5
3281	77.9
3282	2.2
3283	2.6
3284	1.6
3285	32.2
3286	106.3
3287	24
3288	12.4
3289	19.3
3290	9.2
3291	15.7
3292	16.8
3293	8.1
3294	3.2
3295	5.1
3296	10.4
3297	111.3
3298	8.3
3299	2.1
3300	14.7
3301	2.4
3302	8.1
3303	8
3304	2.9
3305	5.5
3306	2.2
3307	18.2
3308	7.4
3309	22.6
3310	9.9
3311	4.8
3312	5.6
3313	13
3314	26.5
3315	4.8
3316	31.5
3317	2.3
3318	14.2
3319	4.6
3320	32.9
3321	6.7
3322	2.8
3323	4.6
3324	13.9
3325	2.3
3326	16.7
3327	17.9
3328	5.4
3329	11.7
3330	4
3331	29.9
3332	33.5
3333	1.6
3334	7
3335	9.2
3336	2.8
3337	4.4
3338	34.9
3339	12
3340	2.7
3341	15.2
3342	1.8
3343	10.2
3344	3.8
3345	2.4
3346	13.3
3347	19.8
3348	1.5
3349	1.3
3350	4.2
3351	3.5
3352	11.3
3353	93.4
3354	4.5
3355	10.2
3356	4.3
3357	4.8
3358	4.2
3359	2.3
3360	7.5
3361	4.6
3362	1.9
3363	9.3
3364	2.3
3365	12.8
3366	81
3367	2.7
3368	7.2
3369	6.1
3370	4.4
3371	2.4
3372	7.7
3373	2.3
3374	79
3375	2.3
3376	9.6
3377	2.1
3378	2.2
3379	13.9
3380	64.5
3381	3
3382	1.6
3383	6.5
3384	40.4
3385	21.6
3386	4.3
3387	8.6
3388	1.7
3389	31.1
3390	22.5
3391	7.7
3392	3.1
3393	4.4
3394	7.8
3395	7.3
3396	18.5
3397	5.8
3398	7.7
3399	6.3
3400	549.3
3401	261
3402	551.6
3403	2391.3
3404	1661.6
3405	1546
3406	953.6
3407	4282.3
3408	518.1
3409	4380.6
3410	0
3411	0
3412	188.4
3413	583.3
3414	374
3415	203.8
3416	133.6
3417	156.3
3418	232.1
3419	2416
3420	4781.6
3421	7736.3
3422	124.4
3423	948.9
3424	87
3425	566.5
3426	1194.1
3427	25.6
3428	40.8
3429	194.9
3430	18.1
3431	542.5
3432	1430.2
3433	151.2
3434	258.2
3435	38236.1
3436	1872.7
3437	270
3438	38233.3
3439	38237
3440	425.3
3441	2219.7
3442	30381.2
3443	623.1
3444	354.6
3445	38237.2
3446	38241.8
3447	38231.7
3448	7
3449	63.2
3450	38240.4
3451	2355.6
3452	671.1
3453	121
3454	704.3
3455	215.6
3456	3259.6
3457	719.5
3458	346.1
3459	21.9
3460	877
3461	21352.3
3462	1071.1
3463	6739.8
3464	1530.4
3465	7.9
3466	129.4
3467	36.3
3468	16492.1
3469	108.6
3470	9758.8
3471	360.6
3472	192.3
3473	542.9
3474	2208.4
3475	7789.2
3476	0.3
3477	189.4
3478	53.4
3479	7789.2
3480	4504.9
3481	141
3482	1535.5
3483	29.4
3484	4320.4
3485	145.3
3486	1.6
3487	586.9
3488	79.3
3489	3814
3490	3747.5
3491	0
3492	68.2
3493	3373.2
3494	294.9
3495	190.4
3496	409.8
3497	2977.5
3498	2522.1
3499	655.8
3500	2404.5
3501	382.7
3502	35.4
3503	7786.4
3504	7783.7
3505	263.4
3506	989
3507	7783.7
3508	2.4
3509	245.7
3510	7778.5
3511	824.5
3512	189.9
3513	202.3
3514	7778.3
3515	623.4
3516	7485.3
3517	88.9
3518	1718.3
3519	180
3520	1.8
3521	5078.5
3522	253.2
3523	4991.9
3524	85.6
3525	4977.2
3526	22.2
3527	4836
3528	807.7
3529	145.6
3530	74
3531	294.6
3532	14.8
3533	4706
3534	4641.8
3535	301.6
3536	1658.3
3537	25.5
3538	0.2
3539	400
3540	284.7
3541	2719.9
3542	1509
3543	2678.8
3544	93.3
3545	89.3
3546	49.2
3547	1733.6
3548	1137.1
3549	155.4
3550	309.9
3551	498.2
3552	1677.6
3553	1566
3554	551.5
3555	735.9
3556	754.2
3557	29.7
3558	549.2
3559	265.2
3560	733.9
3561	4328.1
3562	216.7
3563	1900.5
3564	343.8
3565	340.3
3566	43.9
3567	1831.1
3568	2816.6
3569	351.2
3570	421.4
3571	174.1
3572	156.2
3573	139.4
3574	652.9
3575	104.8
3576	531.4
3577	606.3
3578	122.3
3579	605.4
3580	242.4
3581	37.8
3582	48.8
3583	240
3584	219
3585	110.4
3586	139.5
3587	47.5
3588	32.7
3589	31.2
3590	47.2
3591	29.9
3592	19.6
3593	11.9
3594	18.6
