"COMID"	"Value"
1	92.8
2	97.3
3	17.9
4	3
5	30.3
6	0
7	5.4
8	2.2
9	46.6
10	0
11	7.6
12	16.9
13	0
14	222
15	1.3
16	11.7
17	38.6
18	5.5
19	5.1
20	208.6
21	5.6
22	37
23	0
24	0.5
25	15.3
26	23.6
27	1.7
28	13.8
29	2.3
30	0
31	411.9
32	4
33	29.4
34	18.5
35	1.2
36	1.6
37	293.8
38	0
39	3.1
40	124.5
41	171.8
42	2.2
43	156.8
44	2.8
45	174.1
46	85.8
47	0.9
48	45.4
49	22.2
50	108.7
51	1.1
52	7.6
53	0.9
54	34.1
55	29.5
56	365.7
57	143.6
58	48.4
59	13.1
60	20.8
61	0.6
62	0.6
63	6.6
64	366.1
65	1.6
66	20.2
67	119.2
68	0.2
69	25.5
70	0.1
71	14
72	19.9
73	0.7
74	0.8
75	0.3
76	0.1
77	0.1
78	0.2
79	77.5
80	0.1
81	0.3
82	0
83	341.1
84	0
85	6.7
86	0.3
87	0.6
88	3
89	0.5
90	1.6
91	1.5
92	48.6
93	18.5
94	2.8
95	3.1
96	2.2
97	185.1
98	14
99	0.1
100	69.9
101	1.9
102	4.5
103	0.8
104	22.1
105	0.6
106	11.6
107	0.4
108	0
109	0.7
110	3.2
111	0
112	6.5
113	394.1
114	8.6
115	2.4
116	0.6
117	8.9
118	22.5
119	0
120	0.8
121	0
122	61.2
123	22.2
124	14.7
125	1.5
126	34.2
127	0.3
128	25.4
129	1
130	3.3
131	5.4
132	0.1
133	7
134	62.4
135	40.9
136	1.2
137	45.8
138	0.5
139	0.2
140	4.2
141	6.6
142	0.2
143	0
144	1.8
145	395
146	13
147	9.6
148	53.2
149	6.2
150	169.5
151	0.1
152	28.8
153	0.1
154	72.4
155	0
156	8.7
157	94.2
158	0.8
159	2.4
160	27.7
161	8.5
162	0.1
163	0
164	0.1
165	0
166	0.1
167	15.4
168	0
169	6.1
170	4.3
171	0.6
172	0.2
173	0.1
174	304.7
175	0
176	20.4
177	2.2
178	81.5
179	8.2
180	0.2
181	0.1
182	92.4
183	0
184	0.2
185	0.3
186	7
187	1.6
188	0.1
189	0.1
190	1.5
191	0.2
192	4.1
193	100
194	18.2
195	0
196	0.4
197	1.6
198	0.3
199	4.7
200	395.5
201	395.8
202	0.1
203	0.1
204	109.1
205	3.9
206	25.5
207	7.3
208	18.7
209	5.7
210	0.3
211	15.6
212	67.9
213	30
214	0.1
215	36.3
216	37.6
217	0.1
218	0.1
219	0.4
220	113.6
221	0
222	14.2
223	55.4
224	0
225	126
226	36.5
227	25.5
228	27.2
229	0.4
230	127.9
231	1.2
232	0.7
233	17.1
234	7.8
235	127.9
236	2.1
237	0.1
238	1.9
239	6.1
240	0.9
241	6
242	25.5
243	0
244	5.2
245	15.2
246	4.3
247	0
248	0
249	25.5
250	6.2
251	28.5
252	12.3
253	1.1
254	0
255	0
256	0
257	0
258	0
259	0
260	0
261	5.6
262	18.1
263	0
264	0
265	0
266	5.6
267	8.2
268	6.4
269	17.1
270	0
271	0.2
272	3.2
273	3.8
274	7.8
275	13.8
276	0
277	0.2
278	9.6
279	128.4
280	1.2
281	4.9
282	4.4
283	0.2
284	0.2
285	0
286	2
287	11.7
288	0.1
289	0.3
290	0.4
291	38
292	0.3
293	7.8
294	36.9
295	0.1
296	6.9
297	2.8
298	0
299	0
300	16.4
301	0.2
302	15.8
303	2.2
304	0.1
305	4.5
306	0.3
307	21.4
308	0
309	0.4
310	1.6
311	3.1
312	26.6
313	2.1
314	9.2
315	0.4
316	0.8
317	0
318	2.6
319	0
320	3
321	1.3
322	0.5
323	2.8
324	0.1
325	0
326	2.7
327	0.1
328	0.3
329	1.3
330	0
331	9.7
332	0.1
333	9.8
334	0.3
335	0
336	0.4
337	0
338	9.9
339	4.6
340	0.1
341	10.4
342	7.8
343	4.6
344	40.7
345	0.3
346	0
347	0.1
348	0.3
349	0.3
350	0.3
351	0.3
352	0.4
353	0.1
354	0.4
355	0
356	0.3
357	0.2
358	0.7
359	0
360	0.2
361	0.7
362	0.2
363	0.2
364	0.2
365	0.2
366	1.2
367	7.8
368	14.8
369	0
370	0.1
371	0.2
372	42.5
373	0.5
374	8
375	9.9
376	12.1
377	0.1
378	25.3
379	0
380	0.1
381	0
382	0
383	9.4
384	85.8
385	0
386	8
387	30.9
388	6.6
389	6.4
390	34
391	27.2
392	5.3
393	0
394	1
395	0
396	0
397	8
398	66.9
399	0.1
400	65.4
401	0.1
402	0
403	0
404	0
405	23.7
406	20.3
407	0.1
408	0
409	0
410	39.6
411	0.1
412	0.1
413	17.5
414	0
415	0
416	0.1
417	0
418	0
419	7.1
420	0
421	0.3
422	0
423	13.6
424	55.6
425	0.8
426	0.3
427	56.6
428	7.9
429	0
430	26.5
431	0
432	0.6
433	21.4
434	71.7
435	0.6
436	22.5
437	22.5
438	18.6
439	0
440	0
441	107.4
442	206.3
443	6.2
444	0.5
445	14.2
446	87
447	4.1
448	2.1
449	1.6
450	1
451	0
452	53
453	22.5
454	65.6
455	44.5
456	6.5
457	0.7
458	92.1
459	37.7
460	0.4
461	92.9
462	2.5
463	298.9
464	393.5
465	49.5
466	0.8
467	31.1
468	395.1
469	1.3
470	109.1
471	99.8
472	0.1
473	123.4
474	109.6
475	128.4
476	128.4
477	6.9
478	5.6
479	149
480	0.3
481	0
482	0.8
483	11.5
484	2.7
485	149.9
486	0
487	5.1
488	14.5
489	0
490	14.8
491	33
492	3
493	14.8
494	22.5
495	0
496	0
497	3.6
498	16.4
499	0
500	1.8
501	14.3
502	25.6
503	0.9
504	1.2
505	0.9
506	8
507	3.3
508	22.2
509	20.1
510	15
511	64.2
512	17.8
513	0
514	0.6
515	0
516	1.3
517	11
518	0.5
519	1.3
520	0
521	45
522	0.8
523	0
524	9
525	13.5
526	86.5
527	8.9
528	87
529	9
530	17.4
531	3.8
532	7.5
533	10.9
534	59.6
535	55.8
536	2.1
537	0
538	0
539	0.1
540	0.6
541	98.2
542	5.9
543	26.9
544	9.6
545	9.6
546	7.6
547	2.1
548	0
549	0.1
550	86.6
551	108.4
552	2.7
553	0.5
554	9.6
555	88.1
556	2.8
557	0.7
558	0.1
559	14.1
560	4
561	0.1
562	11.8
563	0.1
564	114.4
565	11.7
566	11.5
567	1
568	33.6
569	25.4
570	0
571	0.3
572	143.1
573	40
574	3.2
575	1
576	143.1
577	0
578	12.3
579	22.3
580	105.9
581	257.5
582	21.3
583	4.7
584	3.5
585	0
586	4.1
587	6.1
588	31.2
589	6.5
590	0
591	1.5
592	10.7
593	102.6
594	3.4
595	25.3
596	0.6
597	257.5
598	43.4
599	2.6
600	1.6
601	5.6
602	0
603	0
604	27.4
605	0
606	1.4
607	49
608	1.6
609	0
610	1.6
611	0.1
612	0
613	0
614	3.8
615	0
616	0
617	47.9
618	48
619	49.5
620	49.5
621	2
622	9.6
623	20.2
624	9.1
625	51.6
626	0.5
627	90.4
628	0.9
629	2.9
630	5.7
631	1.5
632	48
633	5.6
634	0
635	8.5
636	1.9
637	7.1
638	65.3
639	73.4
640	0
641	71.8
642	0
643	28.5
644	0
645	0
646	3.6
647	53.8
648	0.1
649	7.3
650	0.7
651	8.1
652	0.6
653	0
654	3.6
655	0
656	6.1
657	41
658	0.2
659	10.4
660	0
661	0.3
662	3.9
663	24.1
664	72.8
665	7
666	76.5
667	74.1
668	30.3
669	1.9
670	2.5
671	55
672	11.7
673	5.2
674	0
675	18.9
676	70
677	64.9
678	1.6
679	0.8
680	0
681	21.2
682	30.1
683	24.5
684	30.3
685	11.5
686	8.5
687	0
688	10.8
689	58.2
690	9.3
691	83.5
692	29.2
693	1.4
694	0
695	85.4
696	37.6
697	4.7
698	15.5
699	5.3
700	8.9
701	0.3
702	25.7
703	29.8
704	1.9
705	10.5
706	1.4
707	6.7
708	38.8
709	18.3
710	88.2
711	0
712	0.2
713	6.3
714	1.4
715	160.7
716	0
717	25.3
718	14.5
719	5.4
720	46.2
721	5.1
722	6.3
723	10.1
724	10.6
725	89.1
726	0
727	0
728	13.2
729	85.7
730	145.6
731	0.8
732	0
733	13.3
734	4.5
735	0.4
736	3.4
737	6.2
738	7.7
739	22.7
740	21.2
741	5.4
742	0.3
743	7.6
744	0
745	0.6
746	2
747	5.8
748	0.6
749	74.9
750	1.5
751	88.4
752	4.6
753	17.5
754	53.1
755	19.6
756	3.9
757	6.3
758	9.9
759	1.2
760	5.9
761	0.7
762	12.1
763	8.5
764	19.2
765	153.5
766	0
767	4.4
768	2.7
769	55.3
770	4.4
771	20.3
772	10.2
773	9
774	8.9
775	0.1
776	1.2
777	75.6
778	12.7
779	0
780	43.4
781	396
782	180.3
783	36.5
784	59.5
785	112.4
786	227.4
787	75
788	62.3
789	68.8
790	186
791	54.3
792	61.4
793	753.6
794	42.8
795	120.1
796	14.3
797	59.2
798	18.6
799	98.9
800	39.1
801	779.1
802	851.9
803	182.8
804	59.7
805	885.7
806	688.3
807	24.3
808	766.6
809	86.2
810	116.2
811	948.4
812	436.9
813	725.5
814	18.5
815	22.5
816	1850.5
817	31.7
818	55
819	323.7
820	833
821	14.6
822	31.2
823	1820.2
824	459.8
825	20.3
826	111.4
827	28.9
828	45.7
829	1917.7
830	61.4
831	2073.5
832	512.5
833	105.2
834	106
835	130.6
836	119.2
837	18.4
838	117.8
839	15.1
840	78.8
841	213.4
842	2222.3
843	3.5
844	46.2
845	924.8
846	32.8
847	689
848	29.9
849	62.5
850	238.6
851	53.5
852	45.7
853	12.1
854	48.2
855	56.6
856	34.4
857	29.5
858	36.1
859	959.5
860	30.6
861	156.3
862	2.2
863	1280
864	22.9
865	213.7
866	2311.3
867	29.5
868	87.9
869	1478.5
870	3.3
871	985.5
872	29.7
873	0.8
874	1412.5
875	56
876	22.2
877	20.4
878	26.7
879	106
880	1043.6
881	112.2
882	25.6
883	15.9
884	28
885	107.8
886	0.8
887	2367.5
888	21.7
889	185.6
890	125.1
891	321.9
892	49.5
893	66.1
894	1
895	186.9
896	64.2
897	26.3
898	1562.3
899	24.6
900	97.7
901	1169.3
902	25.2
903	53.3
904	86.1
905	18.2
906	59.3
907	97.4
908	2403.3
909	57.7
910	0
911	17
912	388.3
913	21.1
914	269.7
915	0
916	1959.3
917	45.3
918	35.3
919	17.6
920	49
921	19.1
922	33.3
923	3
924	1190
925	22.7
926	41.6
927	13.9
928	1
929	2681.3
930	57.7
931	13.8
932	2.8
933	14.4
934	0
935	61
936	121.9
937	33.9
938	100.2
939	31.1
940	2789
941	46.5
942	137.1
943	0
944	155
945	20
946	196.5
947	0
948	2312.3
949	17.1
950	31
951	20.9
952	2775
953	26.4
954	1.2
955	30.8
956	336.3
957	12.2
958	23.2
959	2807.3
960	74.3
961	19.7
962	32.3
963	14.4
964	0
965	55.5
966	212.5
967	0
968	2821.1
969	11
970	11.5
971	103
972	36.4
973	16.5
974	2843.4
975	69.2
976	69.5
977	27.5
978	29.2
979	12.9
980	483
981	165.7
982	56.5
983	96.2
984	16.3
985	75.1
986	22.5
987	35.6
988	28.3
989	94.1
990	0
991	44.5
992	0
993	98.3
994	13.5
995	80.5
996	463.2
997	43.6
998	37
999	30.4
1000	0
1001	1.7
1002	48.3
1003	0
1004	537.9
1005	50.5
1006	32.2
1007	0
1008	0.9
1009	0
1010	153.6
1011	70.2
1012	32.5
1013	40.3
1014	22.7
1015	0.7
1016	0
1017	146
1018	38.4
1019	1.8
1020	51.2
1021	228.7
1022	18.1
1023	106
1024	43.9
1025	235.5
1026	62
1027	68.5
1028	653.3
1029	42.5
1030	0.1
1031	0
1032	0
1033	0.1
1034	67.2
1035	0.1
1036	1498.4
1037	2917.2
1038	46.7
1039	281.4
1040	52.4
1041	31.8
1042	1.2
1043	0
1044	267.6
1045	1.4
1046	3.2
1047	108.9
1048	727.8
1049	31.2
1050	0
1051	1615.9
1052	1008
1053	46.5
1054	3752.5
1055	880.6
1056	116.2
1057	0.1
1058	1866.2
1059	0.4
1060	35.9
1061	0
1062	44.8
1063	46.6
1064	0
1065	3187
1066	30.6
1067	0.6
1068	0.2
1069	0.1
1070	24.2
1071	12.6
1072	0.3
1073	0.2
1074	49.8
1075	0
1076	35.4
1077	0.7
1078	192.8
1079	4000.8
1080	5.4
1081	0.1
1082	64.6
1083	0.1
1084	59.2
1085	55
1086	255.8
1087	0
1088	0.1
1089	0.8
1090	3944.7
1091	53.2
1092	0
1093	1.8
1094	0.4
1095	4
1096	2.2
1097	34.5
1098	1.7
1099	0
1100	0
1101	0.4
1102	1960.7
1103	0.2
1104	60.2
1105	1.4
1106	3
1107	0.8
1108	0.8
1109	4011.2
1110	0
1111	0
1112	361.8
1113	64.8
1114	48.5
1115	1.1
1116	1.2
1117	245.9
1118	2.1
1119	60.2
1120	2.3
1121	0.5
1122	9.6
1123	11.8
1124	26.3
1125	67.7
1126	39.5
1127	65.3
1128	685
1129	179.1
1130	1.5
1131	0.1
1132	182.9
1133	314.1
1134	3469.8
1135	4037.5
1136	0.1
1137	0.7
1138	4.2
1139	64
1140	2288.5
1141	1.6
1142	0
1143	32.4
1144	15.9
1145	0.7
1146	1
1147	3616
1148	34.6
1149	3592
1150	65.1
1151	3618.2
1152	791.7
1153	832.6
1154	0
1155	0
1156	30.6
1157	66.5
1158	252
1159	46.1
1160	2.4
1161	0.4
1162	0.7
1163	3
1164	44.7
1165	4086
1166	92.5
1167	15.5
1168	233.3
1169	40.3
1170	37
1171	3482
1172	64.9
1173	3.4
1174	57.9
1175	1.5
1176	12.4
1177	0
1178	1.3
1179	40.2
1180	6.2
1181	3480.1
1182	3636.4
1183	0.1
1184	6459.4
1185	64.6
1186	872.7
1187	3519.6
1188	3642.7
1189	3482.6
1190	3522.6
1191	68.6
1192	3644.5
1193	29.7
1194	3614.4
1195	35
1196	3520.3
1197	6711.4
1198	0.3
1199	43.8
1200	5.8
1201	3606.2
1202	8.6
1203	6711.4
1204	3491.2
1205	1.5
1206	0.1
1207	3476.8
1208	0.2
1209	3601.4
1210	61.9
1211	42.9
1212	0
1213	16.9
1214	993.9
1215	3485.8
1216	22.1
1217	5.1
1218	1.1
1219	0.4
1220	22.1
1221	3641.8
1222	3636.4
1223	3.7
1224	3643.5
1225	33
1226	44.3
1227	10.5
1228	0.9
1229	3485
1230	31.7
1231	0.1
1232	59.2
1233	1.1
1234	9.9
1235	1
1236	0.1
1237	146.9
1238	14.9
1239	0.1
1240	3646.9
1241	474.5
1242	94
1243	3.8
1244	3648.5
1245	94.2
1246	28.8
1247	68.5
1248	46.8
1249	140.9
1250	11.6
1251	0.8
1252	6711.4
1253	3711.2
1254	13.7
1255	0
1256	40.2
1257	33.9
1258	1.8
1259	0
1260	15.8
1261	24.8
1262	0.1
1263	4.5
1264	41.4
1265	23.5
1266	1150
1267	6711.4
1268	32.5
1269	4.9
1270	106.6
1271	2.2
1272	3712
1273	29
1274	44.2
1275	3706.8
1276	40.2
1277	22.8
1278	221.1
1279	3.4
1280	164.5
1281	22.8
1282	0.1
1283	32.6
1284	38.6
1285	34.8
1286	42.2
1287	2.9
1288	12.5
1289	150.8
1290	7.7
1291	75.4
1292	4.8
1293	3.2
1294	27.4
1295	20
1296	0.4
1297	17.1
1298	1175
1299	57.4
1300	25.2
1301	0
1302	10.2
1303	53.4
1304	2.9
1305	49.1
1306	0
1307	605.1
1308	6.8
1309	0
1310	187.4
1311	26.6
1312	17.2
1313	4.6
1314	54.9
1315	164.6
1316	16.3
1317	11.4
1318	3
1319	73
1320	22.3
1321	0.2
1322	6711.5
1323	0
1324	5.5
1325	191.8
1326	0.1
1327	0.2
1328	362.8
1329	10.2
1330	110.4
1331	28.9
1332	8.5
1333	20.1
1334	141
1335	2.6
1336	38.6
1337	0.1
1338	0.1
1339	1.4
1340	38.5
1341	47.3
1342	372.5
1343	0
1344	0
1345	0.7
1346	164.7
1347	301.4
1348	23.3
1349	0.7
1350	6711.5
1351	13.9
1352	2.9
1353	342
1354	0.2
1355	36.1
1356	4.6
1357	9.6
1358	20.6
1359	3.3
1360	0.1
1361	1.8
1362	31.5
1363	164.8
1364	0
1365	162.4
1366	0.3
1367	164.7
1368	12.4
1369	0.4
1370	3.5
1371	0.2
1372	17.3
1373	241.3
1374	6.1
1375	120.4
1376	2.6
1377	25.1
1378	2.2
1379	1.8
1380	65.9
1381	164.7
1382	34.8
1383	0.1
1384	22.3
1385	3.6
1386	20.9
1387	0.4
1388	1.2
1389	0.6
1390	17.6
1391	1038.7
1392	34.5
1393	0.1
1394	0.1
1395	73
1396	0
1397	33.9
1398	0
1399	164.8
1400	5.8
1401	0.2
1402	0.1
1403	528.5
1404	8.8
1405	6.2
1406	0.1
1407	164.8
1408	0.7
1409	1470.4
1410	2.1
1411	275
1412	0.3
1413	81
1414	13.9
1415	16.2
1416	175.7
1417	1.4
1418	26
1419	0.1
1420	22.3
1421	0.1
1422	0
1423	9.9
1424	328.7
1425	0.3
1426	245.5
1427	1.8
1428	0.5
1429	0.3
1430	21.5
1431	582.4
1432	0.2
1433	17.2
1434	6876.8
1435	59
1436	6711.6
1437	328.7
1438	0.8
1439	2.8
1440	13.1
1441	14.6
1442	61780.3
1443	25.7
1444	0.5
1445	0.2
1446	2279.4
1447	0.7
1448	77.2
1449	164.9
1450	0.5
1451	61780.5
1452	6876.5
1453	98.5
1454	10.5
1455	0.1
1456	54903.5
1457	686.3
1458	15.2
1459	4.1
1460	0.8
1461	200.2
1462	61785.8
1463	0.2
1464	0.2
1465	0.4
1466	39.3
1467	0.1
1468	61783.4
1469	20.7
1470	2229.7
1471	0.3
1472	61781
1473	1326.2
1474	6.4
1475	47.3
1476	61783.4
1477	0.2
1478	30.2
1479	344
1480	0.1
1481	146
1482	10.9
1483	0.1
1484	54901.7
1485	6.3
1486	1.3
1487	0.4
1488	95.7
1489	98.7
1490	1.3
1491	8.6
1492	14.6
1493	2355.6
1494	33.3
1495	375.9
1496	310.3
1497	249.2
1498	0.1
1499	38.1
1500	2459.2
1501	24.8
1502	110.5
1503	1.7
1504	434.8
1505	31.3
1506	27.4
1507	0.1
1508	1.2
1509	4
1510	0.9
1511	54887.8
1512	0.3
1513	103.3
1514	0.2
1515	0.4
1516	0.4
1517	2483.7
1518	0.3
1519	26.5
1520	7.1
1521	0.6
1522	0.1
1523	0.3
1524	434.8
1525	0.1
1526	0.2
1527	60.2
1528	0.1
1529	36
1530	67.5
1531	0.4
1532	2.6
1533	0.1
1534	35.6
1535	2.9
1536	25.3
1537	1.6
1538	3
1539	7.8
1540	0.1
1541	61790.2
1542	0.2
1543	68.7
1544	0.2
1545	0.4
1546	7.1
1547	18.4
1548	61787.3
1549	0.1
1550	0.3
1551	461.8
1552	668.6
1553	57.7
1554	24.9
1555	20.7
1556	55.4
1557	0.2
1558	0.3
1559	87.5
1560	2490.4
1561	0.1
1562	0.3
1563	8.5
1564	0.3
1565	94.2
1566	8.2
1567	61788.4
1568	0.3
1569	25.7
1570	23.8
1571	0.4
1572	0.2
1573	168.5
1574	0.2
1575	37.2
1576	54887.5
1577	37.7
1578	0.1
1579	0.1
1580	888.1
1581	936.2
1582	36.8
1583	26.9
1584	3.2
1585	90.2
1586	44
1587	0.2
1588	2608.3
1589	0.2
1590	0.9
1591	61788
1592	2532.8
1593	0.2
1594	70.5
1595	69.2
1596	1588.6
1597	61787.9
1598	114.9
1599	1570.3
1600	28.1
1601	19.2
1602	27.3
1603	89.3
1604	12.1
1605	7.2
1606	0.1
1607	0.1
1608	52.9
1609	0.1
1610	15.7
1611	8.8
1612	105.5
1613	1588.6
1614	147.1
1615	54719.1
1616	39.3
1617	0.1
1618	49.6
1619	2609.9
1620	54459
1621	1110.8
1622	17.9
1623	0.1
1624	44.5
1625	49.6
1626	246.2
1627	0.1
1628	45.1
1629	61791.6
1630	62.5
1631	6.5
1632	133.3
1633	0.1
1634	288.3
1635	273.1
1636	1695.1
1637	70.5
1638	12.6
1639	7.6
1640	0.2
1641	74.5
1642	88
1643	37.8
1644	0.5
1645	62.3
1646	67
1647	61791.7
1648	3.6
1649	1
1650	0.7
1651	248
1652	18.2
1653	0.9
1654	54201.8
1655	137.8
1656	46.1
1657	101.7
1658	1787.9
1659	92.5
1660	97.2
1661	6.7
1662	0.1
1663	184.6
1664	3.4
1665	1.7
1666	190
1667	69.6
1668	157.4
1669	97.4
1670	3876.7
1671	38.1
1672	54169.9
1673	140.7
1674	47
1675	400
1676	2
1677	4.1
1678	35.9
1679	912.7
1680	88.6
1681	719
1682	2106.2
1683	143.1
1684	51.3
1685	134.5
1686	7.8
1687	912.7
1688	290.9
1689	1.9
1690	125.9
1691	18.6
1692	28411.5
1693	25641.8
1694	149.6
1695	68.1
1696	5118.7
1697	21383.4
1698	2106.2
1699	17.2
1700	8.5
1701	28296.5
1702	21220.9
1703	760.3
1704	5118.8
1705	0.9
1706	46.8
1707	2107.8
1708	2110.4
1709	41.2
1710	12.6
1711	21.5
1712	644.1
1713	28255.2
1714	219.6
1715	84.6
1716	172.1
1717	20.7
1718	224.5
1719	20.4
1720	53
1721	25751.7
1722	110.1
1723	668.6
1724	172.1
1725	3165.9
1726	45
1727	79.2
1728	701.9
1729	2.7
1730	138.3
1731	16
1732	599.3
1733	117.4
1734	21734.6
1735	34.4
1736	2107.8
1737	21
1738	30.1
1739	2107
1740	0.2
1741	3
1742	1.2
1743	570.1
1744	40
1745	234.2
1746	5163.4
1747	784.9
1748	112.9
1749	12.3
1750	15.9
1751	5188.1
1752	5225.9
1753	49.4
1754	377.9
1755	29.4
1756	2788
1757	111.4
1758	17.7
1759	697.1
1760	2082.5
1761	171.7
1762	15.9
1763	39.1
1764	25
1765	4.7
1766	69.1
1767	5953.5
1768	0.2
1769	6827.5
1770	224.5
1771	19.1
1772	0.1
1773	25
1774	736.8
1775	0
1776	35.5
1777	19926.6
1778	0.6
1779	1.9
1780	2.2
1781	6643
1782	679.9
1783	7033.9
1784	888.8
1785	28103.7
1786	24.5
1787	340.3
1788	41.5
1789	28
1790	0.9
1791	10.5
1792	772.1
1793	2050.7
1794	59.1
1795	28023.9
1796	28401
1797	79.1
1798	67.1
1799	0.3
1800	39.6
1801	25.2
1802	18.2
1803	0.7
1804	972.3
1805	2.3
1806	177.1
1807	165.6
1808	972.3
1809	71.1
1810	115
1811	18001.3
1812	0.1
1813	47.4
1814	103.5
1815	8969.6
1816	31.4
1817	21.2
1818	8941.1
1819	125
1820	55.3
1821	21.4
1822	67.2
1823	42.5
1824	0.3
1825	296.5
1826	197.4
1827	8945.7
1828	17922.9
1829	746.1
1830	0.4
1831	1854.6
1832	0.1
1833	32.7
1834	0.1
1835	27960.1
1836	27900
1837	0
1838	0.5
1839	22.3
1840	135.2
1841	1696.1
1842	1993.8
1843	224.5
1844	17957.8
1845	47.8
1846	0
1847	1834.8
1848	32.3
1849	277.9
1850	34.4
1851	68.9
1852	637
1853	56.1
1854	405.8
1855	21.8
1856	633
1857	0.7
1858	59.5
1859	212.2
1860	2026.5
1861	0
1862	26.7
1863	27653.2
1864	32
1865	19.4
1866	49.4
1867	27706.8
1868	136.1
1869	43.5
1870	141.2
1871	48.8
1872	1057.3
1873	517.7
1874	211.4
1875	27654.4
1876	106
1877	0
1878	27653.2
1879	144.9
1880	142.1
1881	104.1
1882	0.1
1883	45.6
1884	21.6
1885	35.6
1886	27.3
1887	4.9
1888	38.5
1889	0.4
1890	142.1
1891	150.4
1892	83.2
1893	30
1894	25
1895	212.2
1896	24.4
1897	67.1
1898	117.4
1899	988.8
1900	0.1
1901	50.7
1902	25.2
1903	37.6
1904	35.2
1905	8937.9
1906	0.1
1907	0
1908	1803.9
1909	6.2
1910	152.8
1911	59
1912	35
1913	0.1
1914	127.1
1915	4.7
1916	269.7
1917	19.2
1918	19.7
1919	0.1
1920	27652.8
1921	37.6
1922	4.7
1923	0.1
1924	27653
1925	42.1
1926	158.2
1927	58.4
1928	8374.5
1929	0
1930	0.6
1931	0
1932	57.1
1933	23.2
1934	69.9
1935	0
1936	35.1
1937	27652.8
1938	140
1939	79
1940	0
1941	827.3
1942	217.3
1943	27652.8
1944	56.3
1945	0
1946	0.2
1947	4.5
1948	1346.9
1949	33.5
1950	105.8
1951	0.6
1952	4.7
1953	239.2
1954	27652.8
1955	20.9
1956	39.9
1957	54.5
1958	0.6
1959	28.9
1960	8198.9
1961	142.2
1962	110.6
1963	0.1
1964	0.1
1965	0.1
1966	12.4
1967	1344.2
1968	27.1
1969	0.1
1970	318.5
1971	0.1
1972	4.1
1973	27652.2
1974	355.7
1975	255.5
1976	18.6
1977	1346.9
1978	116.8
1979	108.2
1980	0.1
1981	8122.1
1982	13.3
1983	0.1
1984	0.6
1985	133.6
1986	25.3
1987	45.5
1988	121.7
1989	500.9
1990	141.1
1991	2.8
1992	0.6
1993	40.3
1994	30.8
1995	7441.9
1996	0.1
1997	40.4
1998	116.9
1999	0.5
2000	233.1
2001	117.4
2002	20.6
2003	32
2004	27652
2005	0.7
2006	63.3
2007	0.6
2008	1344.2
2009	0.4
2010	506.2
2011	304.3
2012	4.4
2013	623.3
2014	184.8
2015	42.9
2016	1.2
2017	0
2018	11.2
2019	27651.4
2020	0.1
2021	828.2
2022	790.6
2023	21.6
2024	157.3
2025	88.2
2026	0.1
2027	5.5
2028	80
2029	689.5
2030	0.2
2031	52.6
2032	2.9
2033	0.1
2034	0
2035	76.2
2036	9.2
2037	84
2038	99.9
2039	0.5
2040	0.9
2041	23.8
2042	8.4
2043	136.9
2044	37.4
2045	0.1
2046	27650.6
2047	7.6
2048	0.7
2049	0
2050	146.2
2051	5.1
2052	0.1
2053	32.3
2054	24.4
2055	21.3
2056	529
2057	68.2
2058	24.8
2059	0.1
2060	777.9
2061	2.5
2062	7658.8
2063	0.1
2064	9.9
2065	0.2
2066	0
2067	10.1
2068	2.5
2069	40.4
2070	28.7
2071	16.1
2072	0.1
2073	42.9
2074	23.6
2075	0.3
2076	18.7
2077	0.3
2078	12.7
2079	0.2
2080	0.1
2081	11.7
2082	0.1
2083	4.4
2084	6907.8
2085	0.1
2086	16
2087	0.5
2088	78.9
2089	12.5
2090	24.4
2091	11.2
2092	33.4
2093	16.3
2094	0.2
2095	4.2
2096	0
2097	751.4
2098	30
2099	35.4
2100	67
2101	0.2
2102	75.5
2103	27650
2104	27649.9
2105	0.1
2106	1.7
2107	2.4
2108	48.7
2109	0
2110	0
2111	0
2112	66.7
2113	6879.2
2114	0.1
2115	30.6
2116	12.3
2117	11.4
2118	754.6
2119	6058.4
2120	26.5
2121	2.7
2122	112.6
2123	1.8
2124	51.8
2125	6.6
2126	0
2127	707.5
2128	1.6
2129	27649.7
2130	0.1
2131	33.2
2132	20.6
2133	0.2
2134	0
2135	6057
2136	48.4
2137	18.7
2138	13.7
2139	27
2140	27649.7
2141	89
2142	67.6
2143	0.2
2144	0.1
2145	47
2146	3.1
2147	18.7
2148	62
2149	1.4
2150	92.9
2151	0.1
2152	53.3
2153	322.6
2154	42.5
2155	0
2156	0.1
2157	0.2
2158	5.9
2159	5.2
2160	396.8
2161	0.1
2162	0.1
2163	65.6
2164	0.1
2165	6.6
2166	27649.6
2167	0
2168	1.2
2169	124.8
2170	0.2
2171	0.9
2172	0.3
2173	131.6
2174	0
2175	2.5
2176	0.1
2177	668.6
2178	46.2
2179	0
2180	9.7
2181	170.7
2182	0.4
2183	0.1
2184	0
2185	37.5
2186	3.7
2187	4.7
2188	27649.6
2189	0.1
2190	684
2191	0.1
2192	1.5
2193	0.4
2194	62.4
2195	7.9
2196	0
2197	35.8
2198	27648.1
2199	668.6
2200	0.5
2201	7.7
2202	17.3
2203	0.1
2204	27648.1
2205	0.8
2206	583.4
2207	6.4
2208	3.3
2209	0.3
2210	221
2211	0.1
2212	10.3
2213	1308.9
2214	1.4
2215	14.1
2216	556.2
2217	0.1
2218	0
2219	106.9
2220	27.1
2221	0.4
2222	367.9
2223	0.4
2224	0.1
2225	531.1
2226	100
2227	255.6
2228	0.1
2229	0.1
2230	12.5
2231	0.4
2232	5158.7
2233	0
2234	71.3
2235	0.1
2236	0.2
2237	0.2
2238	0.1
2239	535.7
2240	0
2241	16.1
2242	0.4
2243	0.3
2244	0.1
2245	49
2246	9.2
2247	0.3
2248	83.2
2249	196.4
2250	27647.4
2251	3.4
2252	3752.3
2253	0.8
2254	3.7
2255	0.1
2256	67.5
2257	53.5
2258	0
2259	3553.6
2260	0.2
2261	0.1
2262	0.1
2263	72.1
2264	174.7
2265	3357.9
2266	0.1
2267	0.1
2268	204
2269	529.6
2270	0.2
2271	43.9
2272	0.2
2273	49.6
2274	0.2
2275	80.6
2276	15.6
2277	0.1
2278	8.4
2279	27637.5
2280	0.2
2281	0.2
2282	3320.5
2283	19.1
2284	8.2
2285	3131.5
2286	161.5
2287	17.8
2288	60.2
2289	0.3
2290	0
2291	27638.2
2292	3083.5
2293	502.1
2294	502.1
2295	31
2296	30.7
2297	94.1
2298	0.3
2299	2.9
2300	0.1
2301	7
2302	0.3
2303	9
2304	0.2
2305	27637.4
2306	2578
2307	206.9
2308	0.7
2309	20
2310	171.9
2311	1.2
2312	0.1
2313	25.4
2314	0.4
2315	6.8
2316	27610.8
2317	60.6
2318	27611.8
2319	25.5
2320	65.7
2321	67.2
2322	0.2
2323	0.7
2324	131.9
2325	138.5
2326	9.8
2327	25.1
2328	34.9
2329	24.7
2330	1.7
2331	0.8
2332	458.6
2333	23.9
2334	33.7
2335	5.1
2336	47.8
2337	0.3
2338	28.2
2339	436.1
2340	71
2341	26.2
2342	2.3
2343	7.3
2344	18.4
2345	406
2346	100.2
2347	0.3
2348	23.3
2349	281
2350	0.7
2351	52.7
2352	24.7
2353	50.3
2354	4.8
2355	51.7
2356	0.6
2357	17.9
2358	27.7
2359	2222.4
2360	30.1
2361	37.9
2362	82.1
2363	96.6
2364	21.8
2365	30.3
2366	0.8
2367	4.7
2368	52.6
2369	5.3
2370	62.4
2371	0.3
2372	15.8
2373	47.8
2374	9.7
2375	3.9
2376	3.5
2377	12.5
2378	31.2
2379	6340.4
2380	52.6
2381	32.3
2382	41
2383	0.9
2384	13
2385	5
2386	0.3
2387	0.3
2388	505.8
2389	119.8
2390	9.1
2391	559.9
2392	2123.7
2393	3.7
2394	1706.9
2395	253.4
2396	6303.9
2397	0.3
2398	2.3
2399	27.2
2400	0.7
2401	20.4
2402	166.5
2403	13.1
2404	10
2405	88.3
2406	729.3
2407	1.7
2408	39.6
2409	114
2410	452.4
2411	406.2
2412	108
2413	3.4
2414	14.6
2415	277.5
2416	6248.3
2417	745.5
2418	49.5
2419	20093.3
2420	45.9
2421	1.8
2422	69.9
2423	32.4
2424	260.3
2425	4
2426	1.2
2427	0.3
2428	105
2429	9
2430	0.7
2431	19.5
2432	6182.7
2433	30.9
2434	31.5
2435	0.5
2436	6181
2437	201.6
2438	152.7
2439	164.6
2440	10.3
2441	3.3
2442	22.4
2443	25.4
2444	1649.7
2445	39.6
2446	9.8
2447	41
2448	499.5
2449	2.1
2450	0.7
2451	11
2452	38.1
2453	1425.5
2454	1.6
2455	6179.3
2456	121.9
2457	1.6
2458	20051.4
2459	37.7
2460	34.5
2461	254.3
2462	62.4
2463	3.6
2464	661.1
2465	3.8
2466	1.8
2467	1135.8
2468	492.8
2469	26.1
2470	137.4
2471	20051.4
2472	37.7
2473	28.5
2474	57.9
2475	19940.5
2476	9.5
2477	68.8
2478	10.7
2479	4.8
2480	18
2481	35
2482	159
2483	1.1
2484	6167.5
2485	439.9
2486	39.2
2487	1.7
2488	14.5
2489	423.3
2490	145.5
2491	3.1
2492	86.5
2493	2.5
2494	41.9
2495	20.4
2496	2.3
2497	1055.8
2498	401
2499	147.5
2500	5952.2
2501	52.9
2502	27.7
2503	83.9
2504	129.5
2505	5952.2
2506	36.9
2507	3.4
2508	78.5
2509	4.4
2510	37.4
2511	118.3
2512	5833.6
2513	79.3
2514	329.2
2515	339.7
2516	19686.4
2517	19.9
2518	8.8
2519	38.3
2520	5670
2521	188.5
2522	1352.6
2523	5
2524	1.1
2525	21.1
2526	192
2527	23
2528	25.4
2529	18.6
2530	1135.8
2531	1025
2532	17
2533	205.7
2534	187.8
2535	17.9
2536	67
2537	213.1
2538	1300.1
2539	1685.3
2540	376.9
2541	173.2
2542	5670
2543	38.5
2544	163.6
2545	750.4
2546	364.4
2547	38.3
2548	470.8
2549	15.9
2550	1.6
2551	106.7
2552	1233.3
2553	43.8
2554	2478.2
2555	16.6
2556	17.4
2557	43.7
2558	69.8
2559	952.2
2560	479.4
2561	250.2
2562	126.5
2563	813
2564	2389.5
2565	194.8
2566	7.5
2567	22.9
2568	1212.4
2569	115.5
2570	18.4
2571	6.9
2572	19671.3
2573	10.4
2574	19605.5
2575	143.3
2576	41.3
2577	16.5
2578	21.1
2579	19.3
2580	19422.8
2581	1435.1
2582	690.2
2583	55.3
2584	1.6
2585	134.5
2586	126.1
2587	55.7
2588	15.6
2589	126.8
2590	20.6
2591	19.3
2592	219.4
2593	672.2
2594	49.4
2595	0.5
2596	295
2597	47
2598	1188.1
2599	15.9
2600	14.9
2601	18.7
2602	296.3
2603	182
2604	94
2605	125.9
2606	8.7
2607	117.6
2608	28.7
2609	113.8
2610	3.3
2611	40.6
2612	9.9
2613	25.2
2614	912.5
2615	33.1
2616	117
2617	622.4
2618	38.7
2619	19306.3
2620	128.8
2621	35.6
2622	33.5
2623	80.3
2624	160.4
2625	1062.4
2626	6.1
2627	114.3
2628	43.6
2629	0.9
2630	20.1
2631	10.2
2632	57.6
2633	72.5
2634	106.4
2635	11.7
2636	162.9
2637	0.9
2638	118.6
2639	646.7
2640	573
2641	84.5
2642	42.8
2643	412.4
2644	164.1
2645	251.5
2646	555.6
2647	12.6
2648	66.5
2649	10.9
2650	162.3
2651	0.4
2652	20.3
2653	68.2
2654	249.6
2655	87.7
2656	396.2
2657	11.9
2658	485.3
2659	82.4
2660	249.3
2661	545.9
2662	131.5
2663	464.4
2664	30.7
2665	494.7
2666	159.9
2667	10.5
2668	59.5
2669	14.6
2670	69.3
2671	123.4
2672	158.7
2673	4.7
2674	16.3
2675	287.7
2676	2.5
2677	261
2678	31.8
2679	18.6
2680	32.4
2681	19296.7
2682	7159.4
2683	82.6
2684	9
2685	164.9
2686	21.9
2687	54.8
2688	41.7
2689	11902.8
2690	46
2691	7306.5
2692	0.7
2693	62.1
2694	37.1
2695	7
2696	65.2
2697	1.8
2698	245.2
2699	64.5
2700	59.8
2701	5.5
2702	45.8
2703	28.7
2704	4.7
2705	28.2
2706	47
2707	5.1
2708	1701.5
2709	185.6
2710	1821.4
2711	55.7
2712	1.4
2713	17.8
2714	273.5
2715	29.7
2716	64.5
2717	6156.3
2718	31.2
2719	17.9
2720	69.7
2721	18.8
2722	39.1
2723	159.7
2724	16.6
2725	2009.2
2726	81.8
2727	59.9
2728	53.1
2729	29.2
2730	81.9
2731	0
2732	124.6
2733	41
2734	76.2
2735	17.5
2736	10.9
2737	152.3
2738	2296.6
2739	119.5
2740	6052.3
2741	2442.7
2742	59.8
2743	31
2744	18.7
2745	86.9
2746	10.9
2747	30.4
2748	0.7
2749	133.5
2750	104.2
2751	67.8
2752	70.1
2753	11.4
2754	196.4
2755	3361.1
2756	58.3
2757	183.6
2758	139.1
2759	15.8
2760	11.2
2761	7.6
2762	126.1
2763	195.7
2764	57.5
2765	413.2
2766	20.5
2767	5.9
2768	908.4
2769	13.7
2770	217.8
2771	143.8
2772	10857.3
2773	10.9
2774	165.3
2775	5024.3
2776	305.4
2777	39.4
2778	46.7
2779	254.1
2780	4.1
2781	24.5
2782	41
2783	20.8
2784	30
2785	209.4
2786	40.6
2787	436.2
2788	9
2789	263.2
2790	46.7
2791	62.4
2792	45.6
2793	269.7
2794	47
2795	9.2
2796	7401.4
2797	702.4
2798	39.2
2799	21.4
2800	5017.3
2801	126.5
2802	259.7
2803	15
2804	13.4
2805	4958.1
2806	19.7
2807	99.6
2808	438.9
2809	11131.7
2810	4.7
2811	80.8
2812	27.9
2813	7303.4
2814	40.7
2815	50.3
2816	315
2817	257.5
2818	79.9
2819	45.2
2820	76.6
2821	312.9
2822	14.7
2823	91.3
2824	293.3
2825	299.2
2826	283.7
2827	7.5
2828	61
2829	45.4
2830	457.9
2831	31.2
2832	313.4
2833	347.1
2834	168.9
2835	66.2
2836	73.7
2837	35.9
2838	120.3
2839	46.6
2840	223.4
2841	34.4
2842	192
2843	19.7
2844	17.4
2845	392.8
2846	348.3
2847	280.3
2848	187.9
2849	24.1
2850	4677
2851	75.6
2852	35.8
2853	17.8
2854	151.1
2855	56.2
2856	234
2857	32.9
2858	75
2859	481.1
2860	20.8
2861	289.6
2862	37.1
2863	14.9
2864	7149.5
2865	188
2866	39.3
2867	101.6
2868	26.3
2869	85
2870	586.4
2871	107.3
2872	3228.2
2873	107
2874	395
2875	537.7
2876	7.4
2877	109.5
2878	30.4
2879	15.4
2880	477.9
2881	26.7
2882	53.4
2883	172.2
2884	271.8
2885	22
2886	68.7
2887	59.3
2888	447.2
2889	51.4
2890	41.9
2891	248.2
2892	125.4
2893	149.5
2894	107.1
2895	795.4
2896	454.6
2897	237.2
2898	738.4
2899	103.1
2900	408.2
2901	518.6
2902	16.5
2903	440.7
2904	480.6
2905	189.4
2906	428.4
2907	132.5
2908	86.1
2909	117.8
2910	310.4
2911	66.7
2912	81.8
2913	230.2
2914	180.4
2915	29.9
2916	262.9
2917	48.4
2918	108.9
2919	529.1
2920	11.7
2921	95.4
2922	258
2923	75.5
2924	1836.9
2925	107.3
2926	1601.2
2927	24.7
2928	347.9
2929	61.1
2930	357.7
2931	933.4
2932	5852.1
2933	22.3
2934	82.7
2935	25.9
2936	635.1
2937	31.3
2938	13.3
2939	133.9
2940	644.9
2941	885.3
2942	50.2
2943	69.8
2944	8.1
2945	23.7
2946	90.3
2947	1975.6
2948	97.5
2949	165.1
2950	47.3
2951	137.3
2952	36.3
2953	227.3
2954	30.2
2955	2234
2956	5596.7
2957	1895
2958	996.3
2959	1517
2960	226.8
2961	48.5
2962	29.6
2963	99
2964	103.1
2965	26.5
2966	2148.1
2967	201
2968	17.7
2969	50.2
2970	21.3
2971	206.9
2972	134.1
2973	912.4
2974	15.2
2975	77.4
2976	3003.2
2977	59.5
2978	172.6
2979	28.5
2980	60.4
2981	87.7
2982	98.3
2983	16.7
2984	146.1
2985	31.7
2986	87.2
2987	36.6
2988	2667.2
2989	7.3
2990	76.6
2991	54.2
2992	250.9
2993	217.8
2994	160.3
2995	89.6
2996	2541.5
2997	2955.5
2998	23.1
2999	297.2
3000	1019.9
3001	47.3
3002	85.9
3003	267.5
3004	34.6
3005	56.6
3006	30.2
3007	71
3008	28.8
3009	1130.2
3010	927.9
3011	13.7
3012	210.5
3013	21.1
3014	24.1
3015	16.3
3016	215.9
3017	58.2
3018	1291.3
3019	16.7
3020	10634.4
3021	362.8
3022	63.4
3023	24.3
3024	58.7
3025	8193.9
3026	22.2
3027	2786
3028	6890.1
3029	4345.3
3030	141.8
3031	2616.4
3032	325
3033	11.6
3034	135.9
3035	6896.8
3036	926.9
3037	57.5
3038	684.4
3039	80.3
3040	170.6
3041	70.9
3042	304.2
3043	4427.7
3044	37.8
3045	2984.9
3046	577.2
3047	638.1
3048	42.2
3049	10425
3050	69.2
3051	37.2
3052	203.1
3053	68.2
3054	10251.1
3055	2014.3
3056	4483.1
3057	13.6
3058	4388.3
3059	13.7
3060	37
3061	72.4
3062	116.4
3063	1157.4
3064	272.5
3065	1463.4
3066	151.1
3067	1112.5
3068	332.2
3069	23.3
3070	6877.4
3071	2508.5
3072	46.4
3073	206.1
3074	470.8
3075	33.5
3076	55
3077	1991.8
3078	18.8
3079	45.6
3080	6788.1
3081	12.1
3082	53.6
3083	133.3
3084	25
3085	168.7
3086	93
3087	188.3
3088	108.6
3089	64.1
3090	37.3
3091	32.5
3092	136.3
3093	137.2
3094	149.2
3095	10.5
3096	184.7
3097	96.8
3098	73.8
3099	36.6
3100	1786.3
3101	204.6
3102	38.6
3103	61.8
3104	80.3
3105	101.9
3106	171.5
3107	689.2
3108	21.3
3109	24.1
3110	24.9
3111	170.2
3112	14.5
3113	237
3114	39.7
3115	76.3
3116	54.9
3117	407.5
3118	189.8
3119	102.5
3120	6.8
3121	60.5
3122	8.1
3123	38.6
3124	3.5
3125	215.9
3126	35.4
3127	2.8
3128	11.3
3129	21.5
3130	7.9
3131	80.4
3132	29
3133	75.5
3134	219.8
3135	14.8
3136	163
3137	3.7
3138	9.1
3139	196
3140	38.2
3141	5.1
3142	37.3
3143	72.3
3144	2229.4
3145	4.8
3146	4
3147	22.6
3148	83.7
3149	746.5
3150	1.8
3151	62.8
3152	1301.9
3153	136.2
3154	71.7
3155	335.3
3156	24.7
3157	30.4
3158	2
3159	64.6
3160	7.6
3161	47.8
3162	51.8
3163	10
3164	8.6
3165	9.5
3166	1197.4
3167	68.5
3168	121.9
3169	760.4
3170	97.3
3171	51
3172	180
3173	849.6
3174	87.3
3175	38.2
3176	18.4
3177	861.9
3178	1386.8
3179	7.1
3180	11
3181	54.7
3182	87.1
3183	35
3184	128.9
3185	51.4
3186	21.4
3187	126.5
3188	44.7
3189	20.1
3190	15.7
3191	80.6
3192	27.8
3193	6.5
3194	87.5
3195	83.4
3196	242.6
3197	42.8
3198	6.9
3199	61.8
3200	5.1
3201	329
3202	0
3203	84.4
3204	50
3205	23.9
3206	5.7
3207	814.5
3208	320
3209	1
3210	267.2
3211	81.1
3212	207.8
3213	725.6
3214	21.5
3215	7.5
3216	487.1
3217	521.4
3218	61.8
3219	300.5
3220	7.4
3221	329
3222	410.1
3223	19.4
3224	287.3
3225	362.7
3226	132.6
3227	479.9
3228	560.7
3229	2.9
3230	8
3231	3.9
3232	11.9
3233	14.5
3234	56.7
3235	625.8
3236	29.7
3237	9.6
3238	214.7
3239	3.8
3240	9.7
3241	24.6
3242	107.5
3243	20.7
3244	565
3245	647.4
3246	459.7
3247	1.5
3248	10.3
3249	18.1
3250	35.4
3251	405.4
3252	40.4
3253	551.5
3254	18
3255	19.8
3256	13.1
3257	27.1
3258	702.1
3259	79.5
3260	37.7
3261	4
3262	159.2
3263	493.4
3264	397.8
3265	16.5
3266	97.6
3267	45.7
3268	179.9
3269	195.3
3270	5.3
3271	9.3
3272	134.1
3273	6.5
3274	254
3275	6.3
3276	17
3277	88.4
3278	46.4
3279	13.6
3280	145.2
3281	404.5
3282	5.6
3283	12.2
3284	5
3285	81.3
3286	350.7
3287	114.4
3288	31.3
3289	74.2
3290	37
3291	47.8
3292	58.5
3293	18.5
3294	7.1
3295	24.2
3296	20.8
3297	435.5
3298	25.7
3299	5.6
3300	48.1
3301	8.2
3302	38.3
3303	28.8
3304	6.2
3305	37
3306	10
3307	87.2
3308	26
3309	78.1
3310	27.9
3311	12.7
3312	14.7
3313	36.9
3314	63.1
3315	18.5
3316	92.4
3317	9.1
3318	42.3
3319	8.7
3320	102.6
3321	21.1
3322	6.5
3323	12.4
3324	53.3
3325	6.7
3326	59.3
3327	43.2
3328	24.9
3329	42.1
3330	11.8
3331	152.2
3332	176.9
3333	4.8
3334	12.6
3335	23.5
3336	10.2
3337	7.5
3338	114.4
3339	32.4
3340	7.7
3341	52.8
3342	7.3
3343	50
3344	13.7
3345	4.1
3346	47.4
3347	68.5
3348	2.4
3349	5.2
3350	12.7
3351	13.1
3352	33.4
3353	388.7
3354	17.7
3355	27.9
3356	14.8
3357	15.1
3358	13
3359	10.9
3360	23.4
3361	18.9
3362	6
3363	28.8
3364	5.9
3365	61.5
3366	348.7
3367	9.4
3368	19.2
3369	22.3
3370	10.6
3371	12.2
3372	30.6
3373	7.5
3374	340.4
3375	6.8
3376	34.3
3377	7
3378	6.6
3379	46.4
3380	284.8
3381	12.2
3382	4.8
3383	24
3384	172
3385	100.5
3386	15.2
3387	25.1
3388	5.6
3389	112.9
3390	81.9
3391	26.9
3392	11.6
3393	12
3394	53
3395	33.3
3396	66.3
3397	34.9
3398	24.9
3399	17
3400	559.4
3401	235.5
3402	502.5
3403	2100.7
3404	1351
3405	1247.4
3406	762.1
3407	3543.1
3408	341.1
3409	3637.3
3410	0
3411	0
3412	160.5
3413	474.8
3414	308.5
3415	152.5
3416	58.4
3417	174.1
3418	265.9
3419	2373.4
3420	3596.5
3421	6711.4
3422	188.7
3423	1089.8
3424	71.9
3425	361.9
3426	1369
3427	17.9
3428	25.6
3429	166.7
3430	12.6
3431	723.9
3432	815.8
3433	139.2
3434	238.1
3435	61785.8
3436	2241.1
3437	232.2
3438	61783.3
3439	61786.7
3440	212.1
3441	1431.7
3442	54901.3
3443	594.5
3444	168.1
3445	61787
3446	61791.5
3447	61782.2
3448	12
3449	60.2
3450	61790.1
3451	1544.6
3452	553.3
3453	54.5
3454	668.6
3455	159.4
3456	3865.2
3457	782.5
3458	300.1
3459	27.1
3460	647.9
3461	25634.4
3462	1256.6
3463	5118.6
3464	2066.1
3465	10.1
3466	52.7
3467	74.1
3468	19787.2
3469	59.3
3470	7874.2
3471	281
3472	75.2
3473	636.7
3474	1988.4
3475	27653.2
3476	0.7
3477	305.9
3478	60.6
3479	27653
3480	8407.5
3481	160.2
3482	1611
3483	82.2
3484	8128.3
3485	397.7
3486	2.7
3487	361.2
3488	116.5
3489	7386.9
3490	7253.4
3491	0.5
3492	76.1
3493	6859.8
3494	435.7
3495	244.4
3496	702.6
3497	5989.4
3498	5295.5
3499	926.6
3500	5134.9
3501	665.4
3502	58.9
3503	27648.1
3504	27637.7
3505	445.9
3506	2808.9
3507	27637.3
3508	4.1
3509	488.8
3510	27610.1
3511	2484.4
3512	229.7
3513	353.6
3514	27609.8
3515	1899.2
3516	27223.8
3517	123.8
3518	6238.9
3519	218.8
3520	10.5
3521	20077.4
3522	724.7
3523	19910.1
3524	122.2
3525	19878.4
3526	36.7
3527	19670.1
3528	3139.2
3529	177.7
3530	94.3
3531	1020.8
3532	47.2
3533	19422.7
3534	19305.2
3535	480.6
3536	6582.8
3537	108.1
3538	5.6
3539	1642.6
3540	1194.2
3541	11845.1
3542	5943.3
3543	11615.2
3544	449
3545	385.5
3546	121.3
3547	7168.9
3548	4565.9
3549	360
3550	695.2
3551	1093.8
3552	6919.2
3553	6427.9
3554	1184.2
3555	2762.7
3556	1485.5
3557	118.3
3558	1912.5
3559	918.5
3560	2746.8
3561	10307.3
3562	614.5
3563	3974.3
3564	1058.9
3565	1044.4
3566	91.3
3567	3799.7
3568	6766.6
3569	1005.6
3570	1730.4
3571	976.6
3572	481
3573	500.8
3574	2366.4
3575	373.3
3576	1952.9
3577	2192.2
3578	831.9
3579	2200.8
3580	789.8
3581	122.6
3582	441.7
3583	846.5
3584	876.3
3585	353.1
3586	489
3587	152.6
3588	109.3
3589	91.7
3590	137.1
3591	96.9
3592	56.2
3593	41
3594	88.3
