"COMID"	"Value"
1	55
2	52.2
3	1.1
4	0.4
5	6.3
6	0
7	11.9
8	1.3
9	22.6
10	0
11	0.9
12	9.6
13	0
14	31.5
15	0.7
16	8.2
17	19.9
18	12.2
19	2.8
20	27.2
21	1.2
22	3.1
23	0
24	0.5
25	2.2
26	2.6
27	0.6
28	2.2
29	0.5
30	0
31	97.5
32	0.8
33	3.8
34	11.1
35	0.1
36	1.4
37	41.9
38	0
39	3.1
40	70.3
41	23.1
42	0.7
43	93.7
44	1.3
45	49.5
46	112.3
47	1.5
48	4.6
49	4.1
50	58.9
51	1.1
52	9.3
53	0.7
54	2.3
55	4
56	117.9
57	83.3
58	24.4
59	4.8
60	13.2
61	0.5
62	0.5
63	2.3
64	55.5
65	1.3
66	9.4
67	14.5
68	0.3
69	3.1
70	0.1
71	8.7
72	3.2
73	0.7
74	1.6
75	0.3
76	0.1
77	0
78	0.1
79	7.9
80	0.1
81	0
82	0
83	50.3
84	0
85	0.9
86	0.5
87	0.6
88	2.6
89	0.1
90	0.8
91	1.3
92	6
93	2.3
94	2.7
95	7.2
96	2
97	20.5
98	8.7
99	0.1
100	6.2
101	0.5
102	0.5
103	0.8
104	9.9
105	0.6
106	2.7
107	0.2
108	0
109	0.7
110	3
111	0
112	1.7
113	59.9
114	1.8
115	0.6
116	0.6
117	2.3
118	10.8
119	0
120	0.3
121	0
122	10.3
123	9.9
124	2.9
125	2
126	6.9
127	0.2
128	8.1
129	1
130	0.9
131	6.2
132	0.1
133	2.4
134	10.5
135	15.5
136	1.1
137	15.2
138	0.5
139	0.2
140	0.5
141	1
142	0.2
143	0
144	0.3
145	60.6
146	3.9
147	3.2
148	18
149	2.6
150	39.6
151	0
152	8.7
153	0.1
154	25
155	0
156	1.4
157	29
158	0.8
159	2.7
160	3.5
161	1.3
162	0.1
163	0
164	0.1
165	0
166	0.1
167	5.6
168	0
169	2.4
170	0.7
171	0.6
172	0.2
173	0.1
174	121.8
175	0
176	4.4
177	2.5
178	28
179	3.2
180	0.2
181	0
182	14.6
183	0
184	0.2
185	0.3
186	1.5
187	0.2
188	0.1
189	0.1
190	0.3
191	0.2
192	1
193	16.6
194	1.5
195	0
196	0.4
197	1.9
198	0.3
199	3.2
200	61.1
201	61.4
202	0.1
203	0.1
204	18.4
205	1.4
206	6.7
207	1.7
208	1.3
209	4.1
210	0.3
211	3.3
212	8.9
213	5.4
214	0.1
215	10.2
216	10.2
217	0.1
218	0.1
219	0.1
220	20.4
221	0
222	3.1
223	7.6
224	0
225	39.7
226	3.1
227	6.7
228	3.9
229	0.4
230	40.2
231	1.5
232	0.2
233	3
234	9.5
235	40.2
236	0.9
237	0.2
238	0.5
239	0.4
240	1
241	0.8
242	6.7
243	0
244	1.1
245	2.1
246	0.6
247	0
248	0
249	6.7
250	1.3
251	2.4
252	7.7
253	0.3
254	0
255	0
256	0
257	0
258	0
259	0
260	0
261	0.6
262	1.2
263	0
264	0
265	0
266	0.6
267	1.4
268	2.9
269	3
270	0
271	0.4
272	0.1
273	0.6
274	9.5
275	0.9
276	0
277	0.2
278	0.4
279	40.4
280	0.2
281	0.2
282	0.8
283	0.2
284	0.2
285	0
286	0.2
287	5.8
288	0.1
289	0.3
290	0.4
291	19.6
292	0.2
293	9.5
294	19
295	0.1
296	1.4
297	0.6
298	0
299	0
300	2.3
301	0.2
302	2.2
303	0.5
304	0.1
305	1
306	0.3
307	3.3
308	0
309	0.4
310	0.5
311	0.4
312	4.5
313	0.6
314	2
315	0.4
316	0.7
317	0
318	0.9
319	0
320	0.6
321	1.2
322	0.3
323	0.6
324	0.1
325	0
326	1.3
327	0.1
328	0.3
329	1.2
330	0
331	2.5
332	0.1
333	2.6
334	0.3
335	0
336	0.4
337	0
338	2.7
339	1.8
340	0.1
341	3.2
342	9.5
343	1.8
344	20.9
345	0.3
346	0
347	0.1
348	0.3
349	0.3
350	0.3
351	0.3
352	0.4
353	0.1
354	0.4
355	0
356	0.3
357	0.2
358	0.7
359	0
360	0.2
361	0.7
362	0.2
363	0.2
364	0.2
365	0.2
366	1.2
367	9.5
368	4.7
369	0
370	0.1
371	0.2
372	22.7
373	0.4
374	9.7
375	3.3
376	27
377	0.1
378	8.6
379	0
380	0.1
381	0
382	0
383	18.9
384	112.3
385	0
386	9.7
387	15.2
388	7.7
389	7.4
390	16.2
391	10.4
392	6.1
393	0
394	1
395	0
396	0
397	9.7
398	33.4
399	0.1
400	31.9
401	0.1
402	0
403	0
404	0
405	7.8
406	10.8
407	0.1
408	0
409	0
410	18
411	0.1
412	0
413	10.9
414	0
415	0
416	0.1
417	0
418	0
419	4.2
420	0
421	0.3
422	0
423	7.1
424	25.4
425	0.8
426	0.3
427	52.4
428	1.3
429	0
430	19.9
431	0
432	0.6
433	22.1
434	29.7
435	0.6
436	23.2
437	23.2
438	19.7
439	0
440	0
441	89
442	165.8
443	1.2
444	0.5
445	16.1
446	74.8
447	3.4
448	1.7
449	1.6
450	0.6
451	0
452	25.4
453	23.2
454	32
455	20.8
456	5.8
457	0.4
458	11.4
459	40.2
460	0.4
461	26.2
462	4
463	116.2
464	59.7
465	11.2
466	0.5
467	20.7
468	60.7
469	0.8
470	18.4
471	16.4
472	0.1
473	39.2
474	18.9
475	40.4
476	40.4
477	10.2
478	2.8
479	115.2
480	0.1
481	0
482	0.5
483	14.9
484	2.3
485	116.1
486	0
487	3.2
488	16.2
489	0
490	16.3
491	37.6
492	1.3
493	16.3
494	26.6
495	0
496	0
497	0.9
498	7
499	0
500	0.5
501	15.5
502	29
503	0.9
504	1.2
505	0.7
506	2.5
507	1.3
508	6.7
509	6
510	20.4
511	62.5
512	8.2
513	0
514	0.4
515	0
516	1.3
517	3.2
518	0.5
519	0.9
520	0
521	56.4
522	0.8
523	0
524	1.1
525	14.6
526	74.3
527	8.1
528	74.8
529	1.1
530	8.7
531	2.2
532	1.3
533	8.5
534	71.6
535	28.5
536	0.3
537	0
538	0
539	0.1
540	0.6
541	47.8
542	2.4
543	18.8
544	1.6
545	1.6
546	2.6
547	4.9
548	0
549	0
550	90.5
551	51.8
552	5.4
553	0.7
554	1.6
555	92
556	5.9
557	0.5
558	0
559	2.4
560	1.6
561	0.2
562	2.2
563	0
564	55
565	1.9
566	1.8
567	1
568	6
569	4
570	0
571	0.4
572	103.6
573	6.8
574	7.2
575	1
576	103.6
577	0
578	1.6
579	11
580	95.9
581	158.6
582	56.7
583	4.7
584	3.5
585	0
586	8.2
587	2.8
588	132
589	6.2
590	0
591	7.8
592	12.4
593	94.6
594	0.9
595	85
596	0.6
597	158.6
598	10
599	1.7
600	0.5
601	1.9
602	0
603	0
604	103.2
605	0
606	11.2
607	11.9
608	1.1
609	0
610	1.6
611	0.2
612	0
613	0
614	2
615	0
616	0
617	49.8
618	49.9
619	26.9
620	26.9
621	15.9
622	5.8
623	12.7
624	3.8
625	14
626	0.5
627	87.7
628	0.8
629	1.2
630	5.1
631	1.5
632	49.9
633	2.2
634	0
635	2.3
636	1.1
637	2.3
638	31.7
639	91.5
640	0
641	71.7
642	0
643	15.1
644	0
645	0
646	1.2
647	16.2
648	0.1
649	1.9
650	0.7
651	6.9
652	0.6
653	0
654	1.4
655	0
656	3.5
657	15.2
658	0.3
659	2.7
660	0
661	0.4
662	2.3
663	5.6
664	36.6
665	4.4
666	38.1
667	91.7
668	30.5
669	1.2
670	2.4
671	17.4
672	10.3
673	2
674	0
675	9.5
676	28.8
677	65.1
678	1.2
679	0.8
680	0
681	9.9
682	15.7
683	41.1
684	6.9
685	10.1
686	8.5
687	0
688	7.5
689	20.5
690	2.3
691	110.6
692	31.6
693	1.1
694	0
695	111.8
696	7.9
697	4
698	3.2
699	2.9
700	4.8
701	0.4
702	7.4
703	15.7
704	1.5
705	10.6
706	1.1
707	7.4
708	16.6
709	22.3
710	33.4
711	0
712	0.1
713	1.6
714	1.1
715	62.7
716	0
717	41.6
718	3.9
719	2
720	26.9
721	4.7
722	4.3
723	4.9
724	6.6
725	49.3
726	0
727	0
728	15.4
729	112.2
730	22
731	0.5
732	0
733	4.1
734	3.4
735	0.1
736	3
737	4
738	3.2
739	12.9
740	12.3
741	3.1
742	0.2
743	1.1
744	0
745	0.2
746	1.7
747	2.1
748	0.2
749	7.8
750	1.5
751	45.9
752	1.6
753	5.5
754	12.6
755	1.1
756	1.8
757	13.8
758	1.5
759	1.2
760	4.3
761	0.7
762	2.5
763	1
764	21.3
765	41.4
766	0
767	0.5
768	1.3
769	7.8
770	2.6
771	2.2
772	0.7
773	4.3
774	6.3
775	0.1
776	1.1
777	51.6
778	7.5
779	0
780	7.2
781	95.9
782	248.2
783	47
784	114.8
785	156.5
786	309.8
787	120.2
788	49
789	85.8
790	292.7
791	83.6
792	76.9
793	1050.2
794	42.7
795	91.5
796	18.7
797	46.4
798	12.9
799	109.4
800	30.1
801	1090.6
802	1194.8
803	180
804	42.8
805	1227.6
806	590.2
807	16.7
808	673.8
809	60.6
810	103.6
811	1264.4
812	359.9
813	632.9
814	15.8
815	24.2
816	2025.9
817	19.5
818	37.4
819	240.6
820	720.6
821	12.4
822	26.5
823	2006.1
824	393.5
825	9.9
826	81
827	42
828	47.2
829	2058.7
830	54.5
831	2150.7
832	468.3
833	76.5
834	84.6
835	121.8
836	138.9
837	13.9
838	66.6
839	9.3
840	69.9
841	195.4
842	2256.5
843	3.3
844	41.5
845	862
846	13.4
847	649.1
848	13.6
849	28
850	219.7
851	47
852	36.3
853	16.4
854	40.1
855	47.3
856	19.4
857	24.7
858	30.2
859	890.1
860	17.3
861	111.3
862	2.1
863	871.3
864	16.5
865	160.4
866	2301
867	21.2
868	63.8
869	1031.2
870	3
871	908.7
872	19.4
873	0.8
874	978.4
875	37
876	12.6
877	14.5
878	14.2
879	72
880	950
881	60.3
882	17.4
883	9.8
884	13.7
885	68.1
886	0.8
887	2339.8
888	18.3
889	107.6
890	55
891	185.2
892	33.5
893	44.2
894	1
895	105.7
896	37
897	10.3
898	1076.6
899	20.9
900	71.3
901	1024.7
902	17.8
903	29.8
904	51.8
905	16.5
906	44.6
907	72.8
908	2370.8
909	41.3
910	0
911	13.3
912	219
913	21.9
914	169.6
915	0
916	1301.6
917	22.5
918	23.9
919	21.4
920	22.9
921	11.2
922	39.4
923	2.2
924	1043.2
925	10.9
926	28.8
927	11.6
928	0.8
929	2548.6
930	65.2
931	10.7
932	3.5
933	12.4
934	0
935	31.6
936	80.8
937	21.5
938	73.8
939	22.7
940	2669.8
941	29.1
942	117.9
943	0
944	108.1
945	17.9
946	120.3
947	0
948	1520.4
949	13.3
950	20.4
951	23.2
952	2648.4
953	29.4
954	1.4
955	33
956	206.7
957	21
958	25.5
959	2700.6
960	73.5
961	19.3
962	28.3
963	11.1
964	0
965	38.8
966	199.6
967	0
968	2718.2
969	14
970	7.3
971	75.5
972	37.2
973	19.3
974	2744.3
975	41.8
976	36.6
977	27.4
978	31.8
979	12.4
980	305.9
981	118.9
982	42.6
983	67.5
984	8.8
985	62
986	20.7
987	36.4
988	24.1
989	55.7
990	0
991	28.3
992	0
993	57
994	9.7
995	50.7
996	329.7
997	31.1
998	37.2
999	27.2
1000	0
1001	0.7
1002	24.4
1003	0
1004	383
1005	52.3
1006	22.9
1007	0
1008	0.6
1009	0
1010	173.6
1011	61.3
1012	20.8
1013	39
1014	15.7
1015	0.5
1016	0
1017	91.4
1018	38.2
1019	0.9
1020	68.9
1021	211.7
1022	26.1
1023	100.6
1024	33
1025	276.5
1026	65
1027	38.7
1028	464.9
1029	40.4
1030	0.1
1031	0
1032	0
1033	0.1
1034	63.3
1035	0.1
1036	1143.2
1037	2822.6
1038	30.8
1039	269
1040	51.9
1041	35.2
1042	1.1
1043	0
1044	311.9
1045	1.2
1046	3.3
1047	105.1
1048	510
1049	19.8
1050	0
1051	1246.1
1052	758.4
1053	45.2
1054	2728.6
1055	631.7
1056	130.1
1057	0
1058	1490.2
1059	0.2
1060	54.3
1061	0
1062	48.5
1063	48.6
1064	0
1065	3135.5
1066	22.4
1067	0.4
1068	0.1
1069	0.1
1070	18.1
1071	14.4
1072	0.1
1073	0.1
1074	50
1075	0
1076	32.4
1077	0.5
1078	205
1079	2988.5
1080	6
1081	0.1
1082	50.1
1083	0.2
1084	62.5
1085	33.9
1086	253.1
1087	0
1088	0.1
1089	0.2
1090	2921.5
1091	52.8
1092	0
1093	1
1094	0.2
1095	5.5
1096	2.5
1097	34.9
1098	1.2
1099	0
1100	0
1101	0.2
1102	1594.9
1103	0.3
1104	57.7
1105	1.5
1106	1.6
1107	0.6
1108	0.4
1109	2997.3
1110	0
1111	0
1112	351.3
1113	58.5
1114	42.9
1115	0.8
1116	0.9
1117	220.1
1118	1.6
1119	57.7
1120	1.3
1121	0.2
1122	9.8
1123	11.3
1124	23.7
1125	61.4
1126	29.9
1127	59.6
1128	677.6
1129	118.8
1130	0.8
1131	0.1
1132	141.8
1133	311.3
1134	3405.4
1135	3021
1136	0.1
1137	0.6
1138	2.3
1139	59.3
1140	1838.1
1141	1.3
1142	0
1143	33
1144	14.8
1145	0.4
1146	0.4
1147	3522.5
1148	25.5
1149	3508.1
1150	59.5
1151	3523.9
1152	834.2
1153	873
1154	0
1155	0
1156	16.6
1157	60.5
1158	267.5
1159	39.4
1160	2.4
1161	0.2
1162	0.8
1163	2.3
1164	24.6
1165	3063.9
1166	60.9
1167	13.6
1168	153
1169	44.2
1170	18.7
1171	3416.1
1172	58.4
1173	2.1
1174	37.9
1175	0.8
1176	13.5
1177	0
1178	1
1179	22.3
1180	3.3
1181	3414.1
1182	3541
1183	0.1
1184	4948.9
1185	37
1186	904.1
1187	3444.4
1188	3547.1
1189	3417
1190	3445.6
1191	34.8
1192	3549.3
1193	44
1194	3521.8
1195	12.7
1196	3444.7
1197	5216.4
1198	0.5
1199	62
1200	5.8
1201	3519
1202	4.8
1203	5216.4
1204	3424.1
1205	1.1
1206	0.1
1207	3411.3
1208	0.2
1209	3515.2
1210	91.3
1211	45.4
1212	0
1213	18
1214	963.6
1215	3420.8
1216	14.1
1217	7
1218	1.1
1219	0.2
1220	23.8
1221	3545.4
1222	3541
1223	0.8
1224	3547.9
1225	13.7
1226	39.1
1227	14.1
1228	0.6
1229	3419.9
1230	16.9
1231	0
1232	81.6
1233	1.1
1234	5.9
1235	0.8
1236	0.1
1237	112.3
1238	25.2
1239	0.1
1240	3551.1
1241	298.3
1242	119.5
1243	2.9
1244	3552.7
1245	39.7
1246	24.4
1247	67.3
1248	45.9
1249	66.5
1250	10.6
1251	1.5
1252	5216.4
1253	3589.4
1254	11.1
1255	0
1256	37.9
1257	19.2
1258	0.3
1259	0
1260	12.1
1261	23.8
1262	0.1
1263	2
1264	21.1
1265	16.3
1266	1078.6
1267	5216.4
1268	38.1
1269	4.7
1270	137.7
1271	1.9
1272	3590.1
1273	18.3
1274	31
1275	3585.5
1276	37.9
1277	26.7
1278	171.1
1279	3.3
1280	82.8
1281	16.5
1282	0.1
1283	21.1
1284	37.9
1285	19.4
1286	26.3
1287	3.2
1288	10.8
1289	183.4
1290	6.5
1291	63.6
1292	2.8
1293	3.1
1294	20
1295	18
1296	0.2
1297	16.7
1298	1101.1
1299	31.4
1300	17
1301	0
1302	8.8
1303	28.1
1304	2.8
1305	38.7
1306	0
1307	372.7
1308	5.1
1309	0
1310	203.5
1311	23.3
1312	14
1313	3
1314	50.5
1315	82.8
1316	10.5
1317	8.4
1318	2
1319	65.7
1320	12.7
1321	0.1
1322	5216.5
1323	0
1324	2.4
1325	229.1
1326	0.1
1327	0
1328	452.2
1329	10.2
1330	82.6
1331	22.1
1332	8.4
1333	16.5
1334	216
1335	2.4
1336	52.4
1337	0.1
1338	0.1
1339	1.3
1340	20.3
1341	58.2
1342	461.2
1343	0
1344	0
1345	1.1
1346	82.9
1347	276.8
1348	16.9
1349	0.5
1350	5216.5
1351	9
1352	2.8
1353	432.6
1354	0.1
1355	21
1356	4.5
1357	8.9
1358	21
1359	1.2
1360	0.2
1361	1.8
1362	30.7
1363	82.9
1364	0.2
1365	110.3
1366	0.3
1367	82.9
1368	8.5
1369	0.1
1370	2.1
1371	0.1
1372	9
1373	292.1
1374	4.6
1375	129.4
1376	2.6
1377	12.9
1378	1.3
1379	1.4
1380	43.7
1381	82.9
1382	40.9
1383	0.2
1384	11.7
1385	3.6
1386	11.1
1387	0.5
1388	0.5
1389	0.1
1390	12.5
1391	846.9
1392	23.3
1393	0
1394	0.1
1395	41.6
1396	0
1397	21.7
1398	0
1399	82.9
1400	5.5
1401	0.1
1402	0.2
1403	618.4
1404	6
1405	4.9
1406	0.1
1407	82.9
1408	0.2
1409	1415.8
1410	0.8
1411	252.2
1412	0.6
1413	71.8
1414	7.7
1415	27.3
1416	150.7
1417	0.6
1418	20.3
1419	0.1
1420	11.7
1421	0.2
1422	0.1
1423	9.6
1424	208.4
1425	0.3
1426	226.1
1427	0.5
1428	0.6
1429	0.3
1430	17.4
1431	662.9
1432	0.1
1433	26.2
1434	5300.2
1435	45.2
1436	5216.6
1437	208.4
1438	0.7
1439	1
1440	16.6
1441	18.4
1442	37597.7
1443	25.5
1444	0.6
1445	0
1446	2013.7
1447	0.6
1448	65
1449	82.9
1450	0.1
1451	37597.9
1452	5299.6
1453	109
1454	10.3
1455	0.1
1456	32297.5
1457	756.8
1458	7.8
1459	2.2
1460	1.4
1461	187.5
1462	37602.6
1463	0.1
1464	0.1
1465	0.3
1466	18.1
1467	0.1
1468	37601.5
1469	11.9
1470	1941.3
1471	0.2
1472	37598.3
1473	996.1
1474	5.2
1475	25.7
1476	37601.5
1477	0.1
1478	24.3
1479	216.2
1480	0
1481	99
1482	14.8
1483	0
1484	32294.3
1485	6.2
1486	1.8
1487	0.2
1488	76.2
1489	66.2
1490	0.9
1491	8.5
1492	13.8
1493	2074
1494	18.2
1495	232.2
1496	375.1
1497	251.7
1498	0.1
1499	27.1
1500	2143.2
1501	20.1
1502	59.9
1503	3.1
1504	271.2
1505	51.7
1506	25.6
1507	0
1508	0.8
1509	3.8
1510	2.2
1511	32278.8
1512	0
1513	68.8
1514	0.2
1515	0.6
1516	0.3
1517	2154.4
1518	0.2
1519	14.8
1520	6
1521	0.3
1522	0.2
1523	0.2
1524	271.2
1525	0
1526	0.5
1527	85.5
1528	0.1
1529	23.5
1530	53.2
1531	0.2
1532	3.6
1533	0.2
1534	22.3
1535	2.9
1536	19.4
1537	2.1
1538	2.9
1539	6.8
1540	0
1541	37608.1
1542	0
1543	36.9
1544	0.1
1545	1.1
1546	7
1547	16.6
1548	37604.8
1549	0
1550	0.2
1551	286
1552	789.3
1553	37.4
1554	23
1555	8.8
1556	35.3
1557	0.4
1558	0.7
1559	61.7
1560	2163.6
1561	0
1562	0.3
1563	8.2
1564	0.4
1565	90.2
1566	7.6
1567	37605.8
1568	0.2
1569	13.6
1570	13
1571	0.5
1572	0.3
1573	110.1
1574	0.5
1575	27.4
1576	32278.3
1577	34.3
1578	0.1
1579	0.1
1580	921.9
1581	950.7
1582	54
1583	19.1
1584	3.1
1585	65.3
1586	27.8
1587	0
1588	2239.4
1589	0.5
1590	1.2
1591	37605.5
1592	2196.8
1593	0.4
1594	45.2
1595	61.7
1596	1129.1
1597	37605.4
1598	63.3
1599	1116.9
1600	33.8
1601	18.9
1602	23.9
1603	83.1
1604	9
1605	9.2
1606	0.1
1607	0.2
1608	51.4
1609	0.1
1610	12.9
1611	8.7
1612	58.4
1613	1129.1
1614	135.5
1615	32104.8
1616	29.7
1617	0.3
1618	32.4
1619	2240.5
1620	31915.3
1621	1058.6
1622	28.5
1623	0.1
1624	31.6
1625	32.4
1626	311.2
1627	0
1628	33.3
1629	37609.6
1630	60.7
1631	7.5
1632	101.7
1633	0.2
1634	215.7
1635	197.6
1636	1209.5
1637	48.3
1638	13.5
1639	10
1640	0.2
1641	47
1642	76.4
1643	30.8
1644	2
1645	59.7
1646	51.3
1647	37609.7
1648	5.8
1649	2.6
1650	0.4
1651	173.9
1652	9.6
1653	0.5
1654	31591.6
1655	85.6
1656	43.9
1657	93.3
1658	1281.4
1659	68.6
1660	59.2
1661	9.8
1662	0.1
1663	134.3
1664	4.8
1665	0.9
1666	214.6
1667	59.3
1668	115.2
1669	64.3
1670	3415.1
1671	30.7
1672	31547.9
1673	134.3
1674	38.4
1675	260.5
1676	5.4
1677	7.8
1678	48.6
1679	696.3
1680	42
1681	820
1682	1550.1
1683	85.1
1684	37.3
1685	62.5
1686	8
1687	696.3
1688	194.2
1689	2.5
1690	80.6
1691	14.2
1692	14157
1693	17246
1694	80.5
1695	47
1696	4045.1
1697	13529.9
1698	1550.1
1699	22.2
1700	7.7
1701	14090
1702	13457.6
1703	836.7
1704	4045.1
1705	1
1706	30.5
1707	1550.4
1708	1551.1
1709	31.3
1710	15.9
1711	30.8
1712	393.4
1713	14069
1714	162.7
1715	48.9
1716	88.1
1717	11.1
1718	164.1
1719	19.6
1720	17.6
1721	17384.6
1722	52.9
1723	789.3
1724	88.1
1725	2643.5
1726	14.5
1727	50.6
1728	412.6
1729	7.5
1730	106.3
1731	21.1
1732	576.4
1733	70.3
1734	13787.5
1735	16.2
1736	1550.4
1737	13.1
1738	9.8
1739	2012
1740	0
1741	6.9
1742	1.1
1743	289
1744	22.6
1745	133.9
1746	4064.7
1747	848
1748	54.3
1749	12.3
1750	13.7
1751	4076.7
1752	4093.8
1753	39.7
1754	180.9
1755	14
1756	2462.6
1757	92.8
1758	9.3
1759	350.9
1760	1998.1
1761	86.1
1762	13.4
1763	29.4
1764	14.3
1765	4.7
1766	67.3
1767	4517.8
1768	0
1769	5039.1
1770	164.1
1771	13.4
1772	0
1773	20.8
1774	698.4
1775	0
1776	17.5
1777	12466.9
1778	1
1779	3
1780	0.9
1781	4946.9
1782	424.9
1783	5154.6
1784	887.5
1785	13953.9
1786	12.2
1787	246.5
1788	27.5
1789	12
1790	0.9
1791	10.2
1792	396.3
1793	1980.3
1794	58
1795	13897.8
1796	14149.9
1797	30.9
1798	26.9
1799	0.2
1800	25.7
1801	13.5
1802	10.7
1803	0.1
1804	920.9
1805	3.3
1806	141.1
1807	91.6
1808	920.9
1809	47.6
1810	97.4
1811	11425.1
1812	0
1813	49.8
1814	46.6
1815	6874.5
1816	16.4
1817	11.3
1818	6865.8
1819	106.5
1820	29.5
1821	9.8
1822	58.7
1823	16
1824	0.2
1825	168.3
1826	104.8
1827	4518.1
1828	11395
1829	386.5
1830	0.1
1831	1290.6
1832	0.1
1833	36.5
1834	0.1
1835	13827
1836	13781.3
1837	0
1838	0.4
1839	23.4
1840	91.7
1841	1079.4
1842	1436.7
1843	125.1
1844	11407.9
1845	59.9
1846	0
1847	1249.7
1848	16.4
1849	189
1850	19.5
1851	60.8
1852	332.2
1853	23.8
1854	321.8
1855	9.5
1856	496.5
1857	0.1
1858	31.2
1859	144
1860	1964.3
1861	0
1862	33.2
1863	13574.6
1864	12.6
1865	10.5
1866	30.1
1867	13626.5
1868	126.7
1869	22.2
1870	135.9
1871	54.6
1872	577
1873	413.4
1874	145.5
1875	13575.4
1876	75.5
1877	0
1878	13574.6
1879	106.7
1880	76.1
1881	55.8
1882	0.1
1883	26.8
1884	22.3
1885	14.6
1886	22.1
1887	1.2
1888	23.1
1889	0.1
1890	76.1
1891	146.2
1892	55.2
1893	11.4
1894	9.7
1895	144
1896	10
1897	64.6
1898	65.5
1899	523.8
1900	0
1901	29.4
1902	19.1
1903	23.6
1904	24.8
1905	4515.9
1906	0
1907	0
1908	1804.3
1909	6.8
1910	148.6
1911	29.9
1912	15.6
1913	0
1914	66.4
1915	1
1916	195.1
1917	11.2
1918	13.8
1919	0.1
1920	13574.3
1921	23.6
1922	1
1923	0
1924	13574.5
1925	22.2
1926	126
1927	61.3
1928	4261.6
1929	0
1930	0.1
1931	0
1932	41.9
1933	27
1934	38.5
1935	0
1936	24.2
1937	13574.3
1938	76.9
1939	69
1940	0
1941	425.5
1942	90.4
1943	13574.3
1944	47.5
1945	0
1946	0.1
1947	0.8
1948	1349.3
1949	16.6
1950	135.4
1951	0.1
1952	3.7
1953	236.3
1954	13574.3
1955	12.6
1956	15.8
1957	51.3
1958	0.3
1959	10.4
1960	4157.4
1961	64.8
1962	78.2
1963	0
1964	0
1965	0.1
1966	23.6
1967	1346.8
1968	18
1969	0
1970	245.3
1971	0
1972	0.6
1973	13574.3
1974	268.2
1975	255
1976	7.6
1977	1349.3
1978	77.2
1979	149.9
1980	0.1
1981	4118.3
1982	30.3
1983	0
1984	0.1
1985	131.1
1986	13.8
1987	27.4
1988	120.7
1989	753.6
1990	200.4
1991	0.4
1992	0
1993	10.6
1994	20.8
1995	3629.1
1996	0
1997	19.4
1998	90.7
1999	0
2000	229.5
2001	83.5
2002	10.6
2003	12.9
2004	13574.3
2005	0.2
2006	18.5
2007	0.1
2008	1346.8
2009	0
2010	221.5
2011	503.3
2012	0.7
2013	272.2
2014	296.4
2015	19.4
2016	0.1
2017	0
2018	17.4
2019	13574.3
2020	0.1
2021	583.1
2022	529.6
2023	17
2024	233.8
2025	65.4
2026	0
2027	5
2028	49.1
2029	342.7
2030	0
2031	23.5
2032	1.7
2033	0
2034	0
2035	83.6
2036	17.1
2037	42.2
2038	179.7
2039	0
2040	0
2041	18.9
2042	8
2043	76.5
2044	28.1
2045	0
2046	13574.1
2047	6.7
2048	0
2049	0
2050	125.8
2051	3.6
2052	0
2053	47.5
2054	21
2055	4.9
2056	268.6
2057	59.4
2058	32.8
2059	0
2060	509.4
2061	1.4
2062	3777
2063	0
2064	11
2065	0.1
2066	0
2067	8.3
2068	0.2
2069	22.1
2070	14.7
2071	29.1
2072	0
2073	15.8
2074	19.6
2075	0
2076	32.9
2077	0
2078	10.2
2079	0
2080	0
2081	12.1
2082	0
2083	4.3
2084	3255.5
2085	0
2086	16.4
2087	0
2088	63.4
2089	4.2
2090	22.3
2091	10.4
2092	10.2
2093	10.5
2094	0
2095	5.1
2096	0
2097	461.3
2098	36.3
2099	20
2100	35.3
2101	0
2102	46.5
2103	13574.1
2104	13574.1
2105	0
2106	0.2
2107	0.2
2108	23.9
2109	0
2110	0
2111	0
2112	122.7
2113	3241.8
2114	0
2115	30.2
2116	14.9
2117	6
2118	313.8
2119	2890.6
2120	15.1
2121	3.5
2122	54.6
2123	0.2
2124	55.1
2125	4
2126	0
2127	387.4
2128	0.2
2129	13574.1
2130	0
2131	18.9
2132	16.4
2133	0
2134	0
2135	2889.9
2136	40.9
2137	30.5
2138	4.3
2139	33.4
2140	13574.1
2141	85.3
2142	76.2
2143	0
2144	0
2145	50.9
2146	6
2147	32.2
2148	27.7
2149	0.2
2150	35.7
2151	0
2152	41.4
2153	305.4
2154	22.9
2155	0
2156	0
2157	0
2158	9.2
2159	6.1
2160	355.3
2161	0
2162	0
2163	43
2164	0
2165	8.3
2166	13574.1
2167	0
2168	0.2
2169	62.4
2170	0
2171	0.1
2172	0
2173	59.8
2174	0
2175	5
2176	0
2177	527
2178	10.8
2179	0
2180	4.1
2181	104
2182	0
2183	0
2184	0
2185	21.8
2186	5
2187	4.1
2188	13574.1
2189	0
2190	358.2
2191	0
2192	0
2193	0
2194	32.8
2195	7.9
2196	0
2197	19.1
2198	13574.1
2199	527
2200	0
2201	10.8
2202	20.1
2203	0
2204	13574.1
2205	0.1
2206	239.1
2207	4.8
2208	1.8
2209	0
2210	96.3
2211	0
2212	6.2
2213	763.3
2214	0
2215	6.9
2216	263.4
2217	0
2218	0
2219	49.7
2220	27.2
2221	0
2222	115.8
2223	0
2224	0
2225	216.4
2226	68.1
2227	75
2228	0
2229	0
2230	6.2
2231	0
2232	2527.7
2233	0
2234	27.9
2235	0
2236	0
2237	0
2238	0
2239	249
2240	0
2241	5.7
2242	0
2243	0
2244	0
2245	15.4
2246	1.2
2247	0
2248	30.2
2249	78.6
2250	13574.1
2251	2.2
2252	1719.1
2253	0
2254	1.9
2255	0
2256	24.5
2257	28.5
2258	0
2259	1654.3
2260	0
2261	0
2262	0
2263	21
2264	49.1
2265	1594.8
2266	0
2267	0
2268	81.3
2269	245.5
2270	0
2271	13.5
2272	0
2273	26.4
2274	0
2275	29.8
2276	7.1
2277	0
2278	1
2279	13572.8
2280	0
2281	0
2282	1584.2
2283	8.7
2284	1
2285	1530.6
2286	68.8
2287	12.8
2288	15.2
2289	0
2290	0
2291	13572.9
2292	1515.9
2293	232.7
2294	232.7
2295	15.4
2296	13.8
2297	29.8
2298	0
2299	1.5
2300	0
2301	0.8
2302	0.1
2303	1.1
2304	0.1
2305	13572.8
2306	1324.9
2307	87.6
2308	0
2309	13.8
2310	61.7
2311	0.2
2312	0.1
2313	10.3
2314	0
2315	0.7
2316	13562.5
2317	27.1
2318	13562.5
2319	10.3
2320	25.3
2321	20.5
2322	0.1
2323	0.1
2324	54.2
2325	62
2326	6.2
2327	10.2
2328	12.9
2329	10.2
2330	0.1
2331	0.1
2332	220.7
2333	10.2
2334	12.3
2335	0.5
2336	25.3
2337	0.1
2338	5.7
2339	216.3
2340	27.2
2341	13.4
2342	0.3
2343	2.2
2344	8.3
2345	210.4
2346	46.5
2347	0
2348	10.1
2349	117.1
2350	0
2351	20.6
2352	10.2
2353	14.8
2354	1.8
2355	13.6
2356	0.1
2357	8.1
2358	3.5
2359	1198.5
2360	8.8
2361	11
2362	16.8
2363	37
2364	6.8
2365	5.6
2366	0.1
2367	0.8
2368	13.8
2369	3.1
2370	19.3
2371	0.1
2372	4.5
2373	34
2374	2.1
2375	1.5
2376	0.5
2377	7.1
2378	13.2
2379	4177.1
2380	13.8
2381	9
2382	16
2383	0.2
2384	7.2
2385	1.6
2386	0
2387	0
2388	315.7
2389	44.8
2390	2.6
2391	331.8
2392	1165.9
2393	1.7
2394	998.3
2395	174.9
2396	4168.5
2397	0.1
2398	0.6
2399	16.8
2400	0.2
2401	8.7
2402	78.8
2403	3.9
2404	6
2405	45.3
2406	408.9
2407	0.7
2408	26.3
2409	77.4
2410	294.4
2411	268.2
2412	71
2413	1.3
2414	10.6
2415	185.4
2416	4149.3
2417	413.4
2418	18.3
2419	8820.1
2420	29.3
2421	0.9
2422	24.1
2423	10.3
2424	175.6
2425	2.9
2426	0.7
2427	0.1
2428	49.3
2429	5.4
2430	0.2
2431	10.6
2432	4124.6
2433	17.6
2434	20.1
2435	0
2436	4124.4
2437	143.4
2438	100.6
2439	91.8
2440	6.7
2441	2.1
2442	6.9
2443	12.2
2444	964.7
2445	26.3
2446	7.2
2447	17.8
2448	315
2449	1
2450	0.5
2451	7.1
2452	29.4
2453	814.6
2454	0.2
2455	4123.8
2456	86.7
2457	0.6
2458	8810.2
2459	15.1
2460	21.8
2461	170.6
2462	43.6
2463	2.5
2464	405.2
2465	2.7
2466	0.2
2467	762
2468	445
2469	10.5
2470	77.3
2471	8810.2
2472	15.1
2473	17.8
2474	39
2475	8764.5
2476	9.2
2477	34.7
2478	9
2479	4.3
2480	8.5
2481	25.3
2482	116.8
2483	1.1
2484	4113.8
2485	374.1
2486	29.1
2487	0.4
2488	5.4
2489	201.6
2490	96.3
2491	2.3
2492	38.5
2493	2.7
2494	33.6
2495	16.3
2496	1.7
2497	710.8
2498	324.4
2499	108.4
2500	3972
2501	70.9
2502	41
2503	76.3
2504	66.6
2505	3972
2506	15.1
2507	0.7
2508	51
2509	4.1
2510	22.6
2511	96.3
2512	3911.6
2513	46.9
2514	250.5
2515	265.4
2516	8640.7
2517	11.8
2518	5.5
2519	26.5
2520	3782.3
2521	147.9
2522	860.2
2523	4.4
2524	0.6
2525	11.4
2526	152
2527	25.5
2528	21.5
2529	15.2
2530	762
2531	695.9
2532	10.3
2533	108.6
2534	73.3
2535	16.2
2536	36.1
2537	88.9
2538	819.8
2539	1092.5
2540	351.2
2541	118.4
2542	3782.3
2543	33.7
2544	59.7
2545	583.6
2546	164.1
2547	26.5
2548	407.6
2549	11.6
2550	1.4
2551	78.8
2552	849
2553	36.5
2554	1674
2555	9.2
2556	14.4
2557	28.1
2558	38.4
2559	645.4
2560	312.5
2561	155
2562	76.7
2563	615.2
2564	1638.4
2565	224
2566	5.3
2567	17
2568	745.8
2569	79
2570	9.8
2571	4.2
2572	8634.5
2573	1.7
2574	8595.9
2575	52.2
2576	27.7
2577	9.8
2578	14.8
2579	16
2580	8484.3
2581	977.1
2582	556.5
2583	55.1
2584	1.8
2585	96.2
2586	41.3
2587	32.5
2588	12.1
2589	70.5
2590	11.5
2591	11.6
2592	137.7
2593	467.8
2594	21.2
2595	0.9
2596	177.6
2597	28
2598	824.4
2599	10.7
2600	9.7
2601	11.4
2602	229.7
2603	111.6
2604	53.3
2605	87.8
2606	2.5
2607	83.3
2608	22.8
2609	102
2610	0.6
2611	50
2612	7.5
2613	14.2
2614	631.4
2615	27.2
2616	129.6
2617	345.4
2618	27.1
2619	8401.8
2620	79.8
2621	15
2622	16.7
2623	39.1
2624	98.1
2625	719
2626	2.8
2627	80.5
2628	36.6
2629	0.8
2630	16
2631	8.2
2632	44.6
2633	38
2634	57.1
2635	6.3
2636	119
2637	0.9
2638	59.9
2639	446.8
2640	398.4
2641	20.2
2642	29.4
2643	342.4
2644	72.7
2645	203.2
2646	386.4
2647	3.8
2648	43.4
2649	7.7
2650	75.4
2651	0.2
2652	13.7
2653	47.9
2654	106.9
2655	50.9
2656	268.7
2657	4.6
2658	337.1
2659	40.9
2660	158.6
2661	260.4
2662	111.9
2663	192.4
2664	24.8
2665	212.3
2666	86.1
2667	2.8
2668	43.8
2669	9.1
2670	57.4
2671	64.3
2672	105.7
2673	0.8
2674	8
2675	114.2
2676	0.9
2677	202
2678	19.1
2679	3.1
2680	24.8
2681	8395.5
2682	3191.3
2683	68.1
2684	9.1
2685	91.5
2686	14.6
2687	41.6
2688	25.5
2689	4914.4
2690	26.5
2691	3338.7
2692	0.3
2693	44.1
2694	25.1
2695	3
2696	57.4
2697	0.9
2698	154.7
2699	24.4
2700	34.7
2701	1.3
2702	24.3
2703	25.8
2704	1.2
2705	20.1
2706	16.8
2707	4.6
2708	705.2
2709	70.9
2710	783.6
2711	29
2712	0.3
2713	19.7
2714	116.4
2715	25.6
2716	27.2
2717	2699.6
2718	26.7
2719	13.1
2720	30
2721	14.3
2722	42.2
2723	110.2
2724	11.9
2725	873.5
2726	62.1
2727	48.4
2728	47.2
2729	26.3
2730	62.2
2731	0
2732	52.2
2733	21
2734	32.2
2735	15.2
2736	8.9
2737	119.2
2738	1000.8
2739	96.9
2740	2650.2
2741	1062.1
2742	22.3
2743	20.7
2744	18
2745	31.6
2746	8.9
2747	20.4
2748	0.2
2749	117.3
2750	102.8
2751	31.9
2752	65.5
2753	9.9
2754	147.2
2755	1469.9
2756	42.9
2757	159.7
2758	51.5
2759	11.3
2760	6.6
2761	6.5
2762	100.5
2763	115.4
2764	17.4
2765	239.1
2766	19.1
2767	2.6
2768	405.1
2769	8.6
2770	191.7
2771	70.5
2772	4475.4
2773	6.1
2774	81.2
2775	1968.5
2776	267.4
2777	50.9
2778	22.2
2779	224.6
2780	3.2
2781	19.8
2782	22.2
2783	21.6
2784	29.1
2785	124.1
2786	26.3
2787	181.6
2788	6.2
2789	96.9
2790	39.7
2791	46.5
2792	32.5
2793	98
2794	31.1
2795	6.5
2796	2978.4
2797	273.7
2798	31.2
2799	20.8
2800	1965.3
2801	36
2802	115.7
2803	11.2
2804	10.3
2805	1926.3
2806	18.7
2807	42.5
2808	358.4
2809	4562.9
2810	3
2811	50.9
2812	13.2
2813	2943.3
2814	35.2
2815	29.1
2816	244.5
2817	199.6
2818	33.6
2819	30.7
2820	24.9
2821	288.7
2822	9.5
2823	31.8
2824	173.9
2825	233.4
2826	167.5
2827	5.9
2828	30.6
2829	27.6
2830	353.8
2831	26.1
2832	295.6
2833	267.4
2834	66.8
2835	32.8
2836	40.3
2837	41.7
2838	53
2839	50.6
2840	69.3
2841	37
2842	69.3
2843	13
2844	8.1
2845	303.6
2846	204.7
2847	82.5
2848	68.8
2849	27.1
2850	1800.7
2851	34.4
2852	34.2
2853	9.4
2854	47.2
2855	30.8
2856	108.8
2857	26.6
2858	29.7
2859	363.9
2860	15.3
2861	273.5
2862	13.7
2863	6.1
2864	2891.5
2865	169.1
2866	12.5
2867	53
2868	11
2869	29.2
2870	418.3
2871	40.7
2872	1388.1
2873	27.7
2874	246.3
2875	485.8
2876	4.8
2877	73.4
2878	14.4
2879	6.9
2880	434.8
2881	17.1
2882	75.8
2883	97.1
2884	105.7
2885	12.2
2886	25.1
2887	22.9
2888	312.9
2889	28.4
2890	35.6
2891	236.8
2892	128.7
2893	59.8
2894	27.3
2895	201.9
2896	317.7
2897	58.1
2898	513.7
2899	38.9
2900	170.3
2901	342.7
2902	14
2903	85
2904	329.1
2905	80.8
2906	312.9
2907	57.3
2908	60.1
2909	87.4
2910	130.2
2911	13.3
2912	73.7
2913	190.9
2914	158.3
2915	14.9
2916	84.5
2917	63.7
2918	52.5
2919	346.5
2920	5.6
2921	73.3
2922	111.4
2923	42.2
2924	895.9
2925	77.8
2926	786.9
2927	12
2928	80.7
2929	28.2
2930	67.6
2931	740.3
2932	2446.2
2933	17.1
2934	35.9
2935	21.1
2936	392.4
2937	12.8
2938	6.3
2939	119
2940	397.4
2941	622.1
2942	20.5
2943	56.5
2944	4.3
2945	26.1
2946	44.8
2947	975.4
2948	55.4
2949	151.8
2950	16.9
2951	74.6
2952	24.8
2953	105.8
2954	14.8
2955	800.2
2956	2311.8
2957	924.3
2958	776.2
2959	749.1
2960	275.9
2961	36.2
2962	26.6
2963	26.1
2964	57.8
2965	10.6
2966	1070.4
2967	62.5
2968	15.8
2969	20.5
2970	10.4
2971	258.1
2972	50.3
2973	507.6
2974	11.9
2975	67.6
2976	989.1
2977	25.5
2978	33.1
2979	24.3
2980	56.8
2981	52.8
2982	32.6
2983	23.2
2984	156.5
2985	14.4
2986	70
2987	31.6
2988	1986.4
2989	3.5
2990	32.6
2991	69.3
2992	45
2993	192.1
2994	134.4
2995	106.3
2996	1297.6
2997	962.3
2998	9.6
2999	137.4
3000	698.3
3001	18
3002	76.2
3003	231.2
3004	5.2
3005	15.9
3006	23.9
3007	43.5
3008	24.1
3009	427.5
3010	515.6
3011	18.9
3012	101.4
3013	28.2
3014	12
3015	4.2
3016	185.4
3017	99.4
3018	932.5
3019	3.7
3020	8237.9
3021	132.2
3022	25.9
3023	4
3024	46.3
3025	6154.3
3026	29.1
3027	2127.1
3028	5213.7
3029	3507.3
3030	57.1
3031	840.4
3032	63.9
3033	4
3034	53.6
3035	5218.2
3036	515.1
3037	19.9
3038	315.4
3039	64
3040	200.7
3041	88.1
3042	153.9
3043	3551.1
3044	17.1
3045	2354.7
3046	292.7
3047	306.2
3048	36.4
3049	8068.4
3050	78.5
3051	17.2
3052	165.7
3053	67.4
3054	7953.4
3055	1777.5
3056	3583.3
3057	2.6
3058	3527.9
3059	7.3
3060	10
3061	33.9
3062	30.2
3063	714.8
3064	299.7
3065	726.2
3066	53.1
3067	594.1
3068	174.1
3069	9.7
3070	5202.6
3071	797.1
3072	24.4
3073	83
3074	462.8
3075	11.3
3076	14.5
3077	1765.7
3078	8.5
3079	28.3
3080	5131.3
3081	4.7
3082	15.7
3083	163.3
3084	13.3
3085	139.2
3086	24.2
3087	195.1
3088	46.2
3089	81.2
3090	28.1
3091	6
3092	54.6
3093	40.1
3094	59.1
3095	3.2
3096	150
3097	35.8
3098	95.3
3099	12.7
3100	1605.1
3101	82.4
3102	10.9
3103	45.2
3104	53
3105	39.8
3106	125.6
3107	562.9
3108	6.3
3109	5.5
3110	7.6
3111	141.4
3112	7.1
3113	165.4
3114	8.8
3115	26.6
3116	13
3117	243.2
3118	65.6
3119	51.7
3120	4.2
3121	68.4
3122	2.9
3123	35
3124	1.7
3125	93.5
3126	13.6
3127	1.9
3128	2.4
3129	5.9
3130	2.2
3131	32.7
3132	22.5
3133	53.8
3134	193
3135	6.6
3136	134
3137	1.6
3138	2.2
3139	134.3
3140	33.4
3141	2.7
3142	28.1
3143	67.7
3144	702
3145	2.4
3146	1.3
3147	8.5
3148	63.8
3149	275.7
3150	1
3151	55.1
3152	768.8
3153	96.7
3154	58.9
3155	226.8
3156	10.9
3157	11.2
3158	1.1
3159	63.8
3160	3.7
3161	40.5
3162	49.5
3163	2.8
3164	3.3
3165	7.9
3166	692.9
3167	53.1
3168	85.6
3169	279.4
3170	67.6
3171	14.7
3172	149.9
3173	244.6
3174	87.5
3175	33.4
3176	5.6
3177	249
3178	399.5
3179	1.9
3180	4
3181	42.1
3182	70.7
3183	34.7
3184	82.3
3185	30.6
3186	8.3
3187	96.6
3188	40.9
3189	9.6
3190	3.3
3191	22.8
3192	30.8
3193	1.5
3194	72.8
3195	55.6
3196	148.9
3197	33.7
3198	6
3199	37.1
3200	1.5
3201	126.7
3202	0
3203	67.9
3204	38.4
3205	46.6
3206	1.7
3207	235.2
3208	122.8
3209	0.6
3210	167
3211	46
3212	149.8
3213	267.9
3214	7
3215	2.6
3216	140.8
3217	148.8
3218	103.4
3219	351.8
3220	5.6
3221	126.7
3222	331.3
3223	3.6
3224	173.7
3225	140.5
3226	52.3
3227	139.1
3228	167.3
3229	1
3230	5.7
3231	0.6
3232	3.6
3233	4.3
3234	33.8
3235	371.7
3236	30.3
3237	3.1
3238	211.9
3239	2
3240	7.4
3241	7
3242	18.8
3243	28.3
3244	169.6
3245	247.1
3246	135
3247	0.8
3248	3.8
3249	6.2
3250	28.1
3251	289.2
3252	30.4
3253	163.6
3254	30.8
3255	5.1
3256	6.3
3257	46.8
3258	215.3
3259	32.1
3260	14.5
3261	1.5
3262	143.8
3263	197.4
3264	152
3265	3.3
3266	17.3
3267	14.3
3268	173.8
3269	117.9
3270	0.7
3271	4
3272	84.9
3273	2.5
3274	167.4
3275	2.6
3276	8.1
3277	15
3278	16.7
3279	2.8
3280	47.7
3281	122
3282	2.7
3283	14.3
3284	1.5
3285	41.5
3286	231.9
3287	40.6
3288	15.4
3289	11.9
3290	30.2
3291	28.9
3292	40.7
3293	7.6
3294	3.3
3295	4.1
3296	7.1
3297	120.5
3298	7.4
3299	3.9
3300	19.9
3301	3.7
3302	8
3303	21.2
3304	3.7
3305	24.6
3306	2.3
3307	35.7
3308	19.2
3309	23.1
3310	10.9
3311	6.8
3312	7.4
3313	13.7
3314	35.1
3315	2.2
3316	53
3317	3.2
3318	41
3319	3.8
3320	34.8
3321	8
3322	2
3323	5.5
3324	9.3
3325	2
3326	14.9
3327	26.5
3328	10.3
3329	11.3
3330	6
3331	57.6
3332	48.1
3333	1.7
3334	4.5
3335	14.7
3336	3.4
3337	5.9
3338	42.4
3339	17.9
3340	4.4
3341	24.4
3342	2.1
3343	21.5
3344	4.3
3345	2.8
3346	29.4
3347	16.8
3348	1.9
3349	1.2
3350	13.3
3351	7.2
3352	23.5
3353	89.5
3354	3.6
3355	17.2
3356	7.7
3357	2.3
3358	9.5
3359	3
3360	22.4
3361	4
3362	1.1
3363	14.6
3364	2.7
3365	14.7
3366	73.1
3367	3.7
3368	8.8
3369	12.3
3370	5
3371	3.1
3372	12.1
3373	3.5
3374	70.2
3375	1.1
3376	12.1
3377	1.6
3378	1.2
3379	9
3380	51.5
3381	3.2
3382	0.9
3383	7.5
3384	30.1
3385	18.6
3386	4
3387	4.4
3388	1.1
3389	21.7
3390	14.5
3391	5.9
3392	2.2
3393	2
3394	6.7
3395	5.8
3396	11
3397	4.7
3398	4
3399	2.6
3400	809.3
3401	192.8
3402	406.8
3403	2171.5
3404	940.3
3405	850.5
3406	447.3
3407	2592.3
3408	228.5
3409	2651.3
3410	0
3411	0
3412	114.9
3413	370.1
3414	233.1
3415	151
3416	56.7
3417	162.9
3418	191.2
3419	1885
3420	3511.7
3421	5216.4
3422	118
3423	1038.2
3424	61.9
3425	301.1
3426	1303.1
3427	13.4
3428	24.9
3429	111.4
3430	12.3
3431	489.9
3432	706.5
3433	106.7
3434	158.3
3435	37602.6
3436	1957.6
3437	228.5
3438	37601.5
3439	37603.9
3440	192.8
3441	1041.1
3442	32293.8
3443	683.5
3444	150.6
3445	37604.2
3446	37609.5
3447	37600.6
3448	13.6
3449	85.5
3450	37608
3451	1103.3
3452	344.3
3453	54
3454	789.3
3455	141.2
3456	3395.8
3457	576.5
3458	318.5
3459	37.9
3460	433
3461	17230.2
3462	965.3
3463	4045.1
3464	1499.7
3465	12.1
3466	49.9
3467	28.8
3468	12340.3
3469	50.6
3470	5899.6
3471	142.5
3472	77.4
3473	402.6
3474	1932
3475	13574.6
3476	0.1
3477	120.9
3478	31.2
3479	13574.5
3480	4283.9
3481	136.9
3482	1611.8
3483	49.2
3484	4121.3
3485	161.1
3486	0.3
3487	561.7
3488	116.9
3489	3595.8
3490	3507.2
3491	0
3492	83.2
3493	3230.2
3494	222.1
3495	235.7
3496	381
3497	2872.2
3498	2589.6
3499	641.2
3500	2519.9
3501	338.3
3502	31.7
3503	13574.1
3504	13572.8
3505	184.5
3506	1421.5
3507	13572.8
3508	1.9
3509	227.8
3510	13562.4
3511	1286.9
3512	101.9
3513	198.6
3514	13562.4
3515	1066.1
3516	13421.1
3517	61.8
3518	4145.8
3519	145.2
3520	9.7
3521	8815.4
3522	381.2
3523	8752.9
3524	63.6
3525	8742.7
3526	26.7
3527	8633.2
3528	2076.9
3529	132.5
3530	56.5
3531	735.8
3532	14.5
3533	8484.2
3534	8400.8
3535	333.9
3536	2893.4
3537	49.6
3538	1.9
3539	674.4
3540	491.9
3541	4845.3
3542	2600
3543	4711
3544	213.2
3545	153.4
3546	118
3547	2898
3548	1741.1
3549	347.9
3550	603.6
3551	831.6
3552	2801.1
3553	2680.8
3554	896.3
3555	1061.6
3556	1242.6
3557	48.8
3558	661.5
3559	511.4
3560	881.4
3561	7982.7
3562	301.7
3563	3196.3
3564	414.3
3565	411.1
3566	31.6
3567	3079.9
3568	5113.8
3569	530.6
3570	1563.1
3571	941.9
3572	259.8
3573	420
3574	744.7
3575	236.4
3576	1268.7
3577	1469
3578	837.9
3579	696.1
3580	288.8
3581	31.3
3582	361.3
3583	243.2
3584	494.5
3585	136.6
3586	312.2
3587	76.8
3588	35.6
3589	54.4
3590	54.5
3591	88.3
3592	21.7
3593	8.4
3594	15.4
