"COMID"	"Value"
1	3.9
2	14
3	0.2
4	0.2
5	1.8
6	0
7	0.6
8	1.2
9	10.7
10	0
11	0.4
12	7.4
13	0
14	8.1
15	0.6
16	1.9
17	6.4
18	0.6
19	0.3
20	3.9
21	0.9
22	0.4
23	0
24	0.5
25	1
26	0.9
27	0.5
28	0.9
29	0.4
30	0
31	11.6
32	0.3
33	0.7
34	8.8
35	0.2
36	1.5
37	10.7
38	0
39	3.2
40	4.6
41	6.7
42	0.7
43	6.3
44	0.2
45	14
46	39.5
47	0.7
48	1.1
49	2.4
50	19.4
51	1.2
52	4
53	0.8
54	0.8
55	1
56	14.3
57	5.6
58	12.5
59	4.5
60	11.1
61	0.6
62	0.6
63	0.6
64	19.6
65	1.5
66	1.8
67	5
68	0.2
69	1.6
70	0.1
71	2.3
72	1.5
73	0.7
74	0.1
75	0.3
76	0.1
77	0
78	0.2
79	2.4
80	0.1
81	0.1
82	0
83	16.2
84	0
85	0.6
86	0.2
87	0.7
88	2.9
89	0.3
90	0.8
91	1.4
92	2.6
93	1.8
94	2.8
95	0.4
96	2.1
97	6.7
98	2.3
99	0.1
100	2.5
101	0.3
102	0.5
103	0.9
104	2.1
105	0.6
106	0.6
107	0.2
108	0
109	0.7
110	3.2
111	0
112	0.5
113	22.7
114	0.7
115	0.7
116	0.3
117	0.2
118	0.8
119	0
120	0.3
121	0
122	4.8
123	2.1
124	0.6
125	0.2
126	1.8
127	0.3
128	0.6
129	1
130	1
131	2.4
132	0.1
133	0.1
134	5.1
135	1.6
136	0.3
137	1
138	0.5
139	0.2
140	0.6
141	1.2
142	0.2
143	0
144	0.4
145	23.4
146	0.8
147	0.7
148	1.1
149	0.3
150	3.6
151	0
152	1.7
153	0.1
154	3.5
155	0
156	1.9
157	1.9
158	0.8
159	1.5
160	2.3
161	1.7
162	0.1
163	0
164	0.1
165	0
166	0.1
167	0.2
168	0
169	0.1
170	0.8
171	0.4
172	0.2
173	0.1
174	46.9
175	0
176	2.1
177	1.2
178	4.1
179	0.5
180	0.2
181	0
182	8.1
183	0
184	0.2
185	0.3
186	1.7
187	0.2
188	0.1
189	0.1
190	0.4
191	0.2
192	0.3
193	10.3
194	1.4
195	0
196	0.4
197	0.8
198	0.3
199	0.4
200	23.9
201	24.2
202	0.1
203	0.1
204	12.6
205	1.6
206	1.6
207	1.9
208	0.8
209	0.5
210	0.2
211	0.7
212	1.4
213	1.9
214	0.1
215	0.5
216	2.7
217	0.1
218	0.1
219	0.2
220	14.9
221	0
222	0.2
223	5.2
224	0
225	7.7
226	0.5
227	1.6
228	1.5
229	0.4
230	8.1
231	0.5
232	0.1
233	2
234	4.2
235	8.1
236	0.3
237	0.2
238	0.4
239	0.1
240	0.2
241	0.1
242	1.6
243	0
244	0.6
245	0.8
246	0.5
247	0
248	0
249	1.6
250	0.7
251	0.4
252	1.3
253	0.3
254	0
255	0
256	0
257	0
258	0
259	0
260	0
261	0.3
262	0.2
263	0
264	0
265	0
266	0.3
267	1.1
268	1.1
269	2
270	0
271	0.2
272	0
273	0.5
274	4.2
275	0.1
276	0
277	0.2
278	0.1
279	8.4
280	0
281	0.1
282	0.6
283	0.2
284	0.2
285	0
286	0
287	1.1
288	0.1
289	0.3
290	0.4
291	5.1
292	0.3
293	4.2
294	4.5
295	0.1
296	1.7
297	0.5
298	0
299	0
300	2.2
301	0.2
302	2.1
303	0.6
304	0.1
305	1
306	0.3
307	3.1
308	0
309	0.4
310	0.6
311	0.5
312	4.3
313	0.7
314	2.4
315	0.4
316	0.8
317	0
318	1.1
319	0
320	0.7
321	1.3
322	0.4
323	0.6
324	0.1
325	0
326	0.7
327	0.1
328	0.3
329	1.3
330	0
331	3
332	0.1
333	3.1
334	0.3
335	0
336	0.4
337	0
338	3.2
339	2.1
340	0.1
341	3.7
342	4.2
343	2.1
344	5.8
345	0.3
346	0
347	0.1
348	0.3
349	0.3
350	0.3
351	0.3
352	0.4
353	0.1
354	0.4
355	0
356	0.3
357	0.2
358	0.7
359	0
360	0.2
361	0.7
362	0.2
363	0.2
364	0.2
365	0.2
366	1.2
367	4.2
368	2.2
369	0
370	0.1
371	0.2
372	7.6
373	0.4
374	4.4
375	0.9
376	0.4
377	0.1
378	3.7
379	0
380	0.1
381	0
382	0
383	1.2
384	39.5
385	0
386	4.4
387	11.1
388	3.2
389	3
390	12.7
391	5.5
392	2.3
393	0
394	1
395	0
396	0
397	4.4
398	25.9
399	0.1
400	24.4
401	0.1
402	0
403	0
404	0
405	4.5
406	0.9
407	0.1
408	0
409	0
410	8
411	0.1
412	0
413	0.8
414	0
415	0
416	0.1
417	0
418	0
419	3.8
420	0
421	0.3
422	0
423	1.2
424	2.8
425	0.9
426	0.3
427	3.5
428	0.7
429	0.1
430	2
431	0
432	0.6
433	11.8
434	6.1
435	0.6
436	13
437	13.1
438	9.8
439	0
440	0.1
441	6.5
442	16.1
443	0.8
444	0.5
445	7.5
446	7.9
447	2.1
448	1.3
449	1.6
450	0.6
451	0
452	3
453	13.2
454	9.2
455	8.9
456	5.7
457	0.3
458	1.4
459	1.1
460	0.4
461	4.9
462	0.4
463	41
464	22.3
465	3.2
466	0.4
467	1.1
468	23.5
469	0.7
470	12.6
471	10.1
472	0.1
473	7.2
474	13.2
475	8.4
476	8.4
477	0.8
478	3.1
479	9.6
480	0.1
481	0
482	0.4
483	1.4
484	2.4
485	10.3
486	0
487	0.6
488	1.9
489	0
490	2
491	1.6
492	0.5
493	2
494	0.7
495	0
496	0
497	0.3
498	1.6
499	0
500	0.3
501	0.3
502	1
503	0.9
504	1.3
505	0.6
506	1.3
507	0.8
508	3.6
509	3.1
510	0.6
511	2.8
512	1.3
513	0
514	0.3
515	0
516	1.4
517	1.6
518	0.5
519	0.8
520	0
521	1.5
522	0.8
523	0
524	0.4
525	0.5
526	7.4
527	0.2
528	7.9
529	0.4
530	2.1
531	1.7
532	0.2
533	0.2
534	2.1
535	4.6
536	0.1
537	0
538	0
539	0.1
540	0.6
541	13.3
542	2
543	0.7
544	0.3
545	0.3
546	1.3
547	0.1
548	0
549	0
550	2.9
551	15.6
552	0.1
553	0.2
554	0.3
555	4.4
556	0.1
557	0.5
558	0
559	1.3
560	1.2
561	0
562	1.5
563	0
564	18.4
565	0.9
566	1.3
567	1.1
568	4.4
569	2.4
570	0
571	0.1
572	41.6
573	4.1
574	0.1
575	1.1
576	41.6
577	0
578	1
579	1.4
580	35.6
581	60
582	0.6
583	4.9
584	3.7
585	0
586	0.1
587	2.1
588	0.6
589	5.7
590	0
591	0
592	0.7
593	34.4
594	1
595	0.6
596	0.6
597	60
598	7.4
599	1.3
600	0.5
601	2.1
602	0
603	0
604	0.6
605	0
606	0
607	9.5
608	1.1
609	0
610	1.6
611	0.2
612	0
613	0
614	0.3
615	0
616	0
617	27.7
618	27.7
619	4.9
620	4.9
621	0
622	0.6
623	1.1
624	0.5
625	11.6
626	0.5
627	28.7
628	0.9
629	1
630	2.1
631	1.5
632	27.7
633	1.3
634	0
635	1.5
636	0.9
637	2.2
638	8.8
639	37.4
640	0
641	18.1
642	0
643	1.3
644	0
645	0
646	0.8
647	13.8
648	0
649	0.2
650	0.8
651	2.2
652	0.6
653	0
654	1.4
655	0
656	3.2
657	1.2
658	0.1
659	0.2
660	0
661	0.2
662	1
663	0.5
664	13.5
665	4.1
666	15
667	37.5
668	15.3
669	0.4
670	2.5
671	15.1
672	10
673	1.1
674	0
675	1.5
676	3.4
677	15.6
678	1.1
679	0.8
680	0
681	3.7
682	1.9
683	9.7
684	0.7
685	9.8
686	1.8
687	0
688	1
689	18.3
690	1
691	38.8
692	5.7
693	1
694	0
695	39.2
696	1.9
697	3.8
698	0.4
699	0.9
700	1
701	0.2
702	1.1
703	2.8
704	0.5
705	0.4
706	1.1
707	1.2
708	3.1
709	0.5
710	3
711	0
712	0
713	0.2
714	1.1
715	6.5
716	0
717	9.7
718	0.8
719	0.3
720	4.9
721	4.6
722	0.1
723	0.7
724	1.7
725	26
726	0
727	0
728	0.3
729	39.4
730	2.8
731	0.5
732	0
733	0.6
734	1.4
735	0
736	2.9
737	1.2
738	1.8
739	2.8
740	2.6
741	0.1
742	0
743	0.2
744	0
745	0
746	0.6
747	1.2
748	0
749	0.9
750	1.5
751	10
752	0.2
753	2.2
754	2.7
755	0.3
756	1.6
757	0.7
758	0.3
759	1.2
760	2.1
761	0.7
762	0.7
763	0.2
764	3.8
765	9.1
766	0
767	0.2
768	0.2
769	1.5
770	0.4
771	0.6
772	0.3
773	2.9
774	4
775	0.1
776	1
777	3.3
778	5.5
779	0
780	1.1
781	11.3
782	71.9
783	16.3
784	20.6
785	47.1
786	94.3
787	24.5
788	24.3
789	26.7
790	64.6
791	26.7
792	21.1
793	286.2
794	16.7
795	45.8
796	7.9
797	24.2
798	9.4
799	33.4
800	13.5
801	298.7
802	336.4
803	69.7
804	31.5
805	355.3
806	266
807	18
808	303.6
809	54.2
810	52.7
811	385.6
812	173
813	283.6
814	9.5
815	10.7
816	742
817	17.9
818	17.6
819	198.9
820	336.4
821	8.2
822	16.5
823	734.2
824	263.6
825	7.9
826	67.1
827	17.1
828	22.8
829	762.3
830	25.1
831	832.9
832	293.8
833	70.2
834	80.2
835	69.2
836	58.9
837	15
838	52.2
839	10.2
840	37.4
841	108.9
842	937.7
843	3.5
844	26.5
845	498.9
846	18
847	379.3
848	13
849	38
850	153.7
851	27.9
852	39
853	5.1
854	19
855	22.4
856	14
857	13.4
858	18.6
859	514.6
860	22.9
861	70.1
862	2.3
863	690.4
864	10.3
865	99.9
866	996.2
867	25
868	37
869	769.2
870	3.5
871	526.5
872	14.6
873	0.9
874	741.9
875	26.7
876	11.8
877	8.3
878	13
879	44.3
880	560.7
881	57.1
882	16.6
883	12.9
884	12.1
885	51.9
886	0.8
887	1038.6
888	19.7
889	82.7
890	71.3
891	145
892	33.6
893	50
894	1
895	84.4
896	26.7
897	10.1
898	811.6
899	20
900	74.4
901	628.9
902	16.6
903	24.9
904	41.3
905	13.6
906	40.9
907	64.8
908	1070.2
909	30.7
910	0
911	8.5
912	173.1
913	15.4
914	185.2
915	0
916	989.2
917	20.9
918	22.7
919	12.2
920	16.8
921	14.4
922	30.6
923	2.6
924	644.3
925	10.6
926	26.8
927	7.1
928	0.2
929	1261.1
930	50.4
931	8.5
932	0.3
933	11.8
934	0
935	20.8
936	69.4
937	22.5
938	66.8
939	16.1
940	1346.4
941	34.8
942	97.7
943	0
944	103.1
945	17.7
946	94.7
947	0
948	1142.8
949	18.1
950	22.7
951	16
952	1337.5
953	16.8
954	0.2
955	33.2
956	145.1
957	7.9
958	16.4
959	1357.9
960	64.9
961	19.3
962	17.3
963	10
964	0
965	48.8
966	166.5
967	0
968	1368.6
969	8.8
970	9.1
971	64.5
972	27.6
973	19.6
974	1384
975	48.4
976	30.7
977	18.3
978	17.6
979	13.6
980	283.8
981	120
982	53.2
983	60.3
984	9.2
985	46.8
986	11
987	19.3
988	14.5
989	63.4
990	0
991	26.4
992	0
993	42
994	10.1
995	43.1
996	218.8
997	18.2
998	19.6
999	24.8
1000	0
1001	0.2
1002	18.9
1003	0
1004	251
1005	52.5
1006	21.7
1007	0
1008	0.2
1009	0
1010	153.3
1011	39.3
1012	18.6
1013	20.1
1014	9.8
1015	0.2
1016	0
1017	56.7
1018	19.9
1019	0.2
1020	47.6
1021	129.9
1022	13.5
1023	70.7
1024	18.7
1025	225.2
1026	46.1
1027	35.3
1028	303.7
1029	20.4
1030	0
1031	0
1032	0
1033	0
1034	53.4
1035	0
1036	858.2
1037	1446
1038	25.6
1039	233.9
1040	22.6
1041	19.9
1042	0.3
1043	0
1044	245.2
1045	0.5
1046	0.6
1047	47.2
1048	346.6
1049	17.1
1050	0
1051	943.8
1052	530.5
1053	21.2
1054	1949
1055	444.4
1056	88
1057	0
1058	1093.9
1059	0
1060	31.5
1061	0
1062	30.7
1063	19.6
1064	0
1065	1691.8
1066	17.4
1067	0
1068	0
1069	0
1070	14.9
1071	9.5
1072	0
1073	0
1074	33.3
1075	0
1076	16.2
1077	0
1078	138.7
1079	2117.6
1080	1.3
1081	0
1082	37.8
1083	0
1084	50.9
1085	28.1
1086	122.8
1087	0
1088	0
1089	0.4
1090	2086.5
1091	20.6
1092	0
1093	0.5
1094	0
1095	0.2
1096	0.2
1097	11.6
1098	0.2
1099	0
1100	0
1101	0
1102	1160.6
1103	0
1104	25.2
1105	0.3
1106	1.3
1107	0
1108	0.3
1109	2122.9
1110	0
1111	0
1112	183.7
1113	23.2
1114	33.2
1115	0.5
1116	0.3
1117	109
1118	1
1119	25.2
1120	0.2
1121	0.2
1122	0.7
1123	1
1124	13.6
1125	27.5
1126	18.3
1127	27
1128	335.1
1129	85.4
1130	0.5
1131	0
1132	95.5
1133	146.7
1134	1926.5
1135	2136.5
1136	0
1137	0.3
1138	1.9
1139	26.8
1140	1320.1
1141	0.2
1142	0
1143	13.4
1144	1.7
1145	0.4
1146	0.1
1147	1974.8
1148	19.9
1149	1971.9
1150	27
1151	1975.1
1152	385.1
1153	400.9
1154	0
1155	0
1156	13.1
1157	27.3
1158	189.6
1159	32.1
1160	0.3
1161	0
1162	0.4
1163	1.1
1164	17.2
1165	2169.7
1166	37.5
1167	9.7
1168	109.8
1169	20.8
1170	13.9
1171	1931.5
1172	46.1
1173	1.5
1174	20.6
1175	0.4
1176	10.4
1177	0
1178	0.2
1179	15.7
1180	2.9
1181	1930.8
1182	1977.1
1183	0
1184	3522.7
1185	28.2
1186	414.9
1187	1943.4
1188	1977.9
1189	1931.7
1190	1944.1
1191	19.9
1192	1978.1
1193	13
1194	1974.6
1195	12
1196	1943.5
1197	3712.3
1198	0
1199	14.9
1200	5.9
1201	1974
1202	3.5
1203	3712.3
1204	1934.6
1205	0.2
1206	0
1207	1929.5
1208	0
1209	1973.4
1210	30.9
1211	25.4
1212	0
1213	11.6
1214	453.8
1215	1932.7
1216	11.4
1217	1.8
1218	0
1219	0
1220	12.6
1221	1977.8
1222	1977.1
1223	0.3
1224	1978
1225	15.1
1226	18.6
1227	3.8
1228	0.2
1229	1932.5
1230	17.1
1231	0
1232	22
1233	0.1
1234	3.8
1235	0.2
1236	0
1237	76.3
1238	10.6
1239	0.1
1240	1978.3
1241	213.8
1242	41.5
1243	0.7
1244	1978.4
1245	39.1
1246	11.9
1247	63.5
1248	45.6
1249	64.4
1250	5.3
1251	0.2
1252	3712.3
1253	1986.2
1254	5.1
1255	0
1256	16.3
1257	4.7
1258	0.2
1259	0
1260	5.3
1261	9.3
1262	0
1263	0.6
1264	5.7
1265	12.3
1266	529.1
1267	3712.3
1268	14.3
1269	4.6
1270	61.1
1271	0.2
1272	1986.2
1273	3.9
1274	20.1
1275	1986
1276	16.3
1277	11.9
1278	115.8
1279	3.3
1280	76.8
1281	3
1282	0.1
1283	14.6
1284	37.6
1285	4.9
1286	16.1
1287	1.3
1288	1.6
1289	66.1
1290	1.1
1291	28.3
1292	0.7
1293	3.2
1294	8.6
1295	10.5
1296	0
1297	16.9
1298	542.5
1299	7.5
1300	3.4
1301	0
1302	1.3
1303	7
1304	2.8
1305	23.1
1306	0
1307	272
1308	1
1309	0
1310	96.1
1311	14
1312	10
1313	0.6
1314	29.4
1315	76.8
1316	5.7
1317	4.6
1318	0.4
1319	27.9
1320	8
1321	0
1322	3712.4
1323	0
1324	0.6
1325	84.3
1326	0
1327	0
1328	198.5
1329	10.1
1330	39.3
1331	12.9
1332	8.6
1333	14.4
1334	86.4
1335	0.5
1336	16.9
1337	0
1338	0
1339	0.2
1340	5.4
1341	26.1
1342	202.9
1343	0
1344	0
1345	0.1
1346	76.8
1347	192.1
1348	11.3
1349	0.1
1350	3712.4
1351	6.4
1352	2.8
1353	188.3
1354	0
1355	14.1
1356	4.6
1357	7.6
1358	10.1
1359	0.4
1360	0.1
1361	0.2
1362	12.6
1363	76.8
1364	0
1365	55.9
1366	0
1367	76.8
1368	5.6
1369	0
1370	0.4
1371	0
1372	1.3
1373	105.2
1374	0.9
1375	56.6
1376	2.6
1377	1.7
1378	0.2
1379	0.2
1380	24.8
1381	76.8
1382	16
1383	0.1
1384	1.6
1385	3.6
1386	7.5
1387	0.1
1388	0
1389	0
1390	8.6
1391	594
1392	15.7
1393	0
1394	0.1
1395	28.3
1396	0
1397	15
1398	0
1399	76.8
1400	4.9
1401	0
1402	0
1403	275.6
1404	0.6
1405	1
1406	0
1407	76.8
1408	0
1409	697.4
1410	0
1411	174.3
1412	0.3
1413	42
1414	1
1415	14.1
1416	73.2
1417	0
1418	10.5
1419	0
1420	1.6
1421	0
1422	0
1423	9.6
1424	118.4
1425	0
1426	152.8
1427	0.1
1428	0
1429	0
1430	9.8
1431	298.5
1432	0
1433	9.9
1434	3789.4
1435	28.6
1436	3712.4
1437	118.4
1438	0.1
1439	0.2
1440	6.2
1441	7.2
1442	17936.5
1443	24.3
1444	0
1445	0.1
1446	1092.8
1447	0.7
1448	53.6
1449	76.8
1450	0.1
1451	17936.5
1452	3789.2
1453	50
1454	10
1455	0.2
1456	14147.1
1457	349.9
1458	5.9
1459	0.2
1460	0
1461	86.7
1462	17936.7
1463	0
1464	0
1465	0
1466	13.7
1467	0
1468	17936.7
1469	9
1470	1058
1471	0
1472	17936.5
1473	710.1
1474	1.2
1475	24.1
1476	17936.7
1477	0
1478	16.8
1479	124.3
1480	0
1481	52.2
1482	5.5
1483	0
1484	14146.8
1485	5.6
1486	0
1487	0
1488	35.6
1489	35.9
1490	0.9
1491	6.7
1492	5.4
1493	1132.3
1494	16.2
1495	136.2
1496	139.1
1497	110.3
1498	0
1499	18.5
1500	1199
1501	9.3
1502	53.9
1503	0.3
1504	163.7
1505	15.4
1506	15.6
1507	0
1508	0.3
1509	3.2
1510	0.7
1511	14142.8
1512	0
1513	66.7
1514	0
1515	0
1516	0
1517	1211.2
1518	0
1519	11.3
1520	1.5
1521	0
1522	0
1523	0
1524	163.7
1525	0
1526	0
1527	26.8
1528	0
1529	13.5
1530	37.8
1531	0
1532	1.7
1533	0.1
1534	17.7
1535	2.8
1536	13.1
1537	0
1538	2.7
1539	1.5
1540	0
1541	17936.7
1542	0
1543	27.1
1544	0
1545	0
1546	6.7
1547	9.4
1548	17936.7
1549	0
1550	0
1551	175
1552	299.1
1553	29.3
1554	19.1
1555	8.4
1556	19.5
1557	0
1558	0
1559	32.9
1560	1211.3
1561	0
1562	0
1563	1.5
1564	0
1565	60.3
1566	1.5
1567	17936.7
1568	0
1569	10
1570	12.7
1571	0
1572	0
1573	68.6
1574	0
1575	15.6
1576	14142.8
1577	16.9
1578	0
1579	0
1580	446.8
1581	472.5
1582	13.8
1583	5.9
1584	2.9
1585	49
1586	20.6
1587	0
1588	1248.3
1589	0
1590	0.3
1591	17936.7
1592	1222.2
1593	0
1594	16.8
1595	29.2
1596	818.3
1597	17936.7
1598	46.8
1599	810.9
1600	11.4
1601	16.1
1602	17.3
1603	31.4
1604	4.8
1605	0.9
1606	0
1607	0
1608	17.6
1609	0
1610	6.6
1611	1.5
1612	44
1613	818.3
1614	63.1
1615	14072.5
1616	18.9
1617	0
1618	17.8
1619	1248.3
1620	14003.6
1621	541.3
1622	11
1623	0
1624	25.5
1625	17.8
1626	117.1
1627	0
1628	18.1
1629	17936.7
1630	25.7
1631	3.4
1632	76.3
1633	0
1634	123.6
1635	126.4
1636	867.8
1637	33.6
1638	4.5
1639	1.5
1640	0
1641	25.6
1642	40.3
1643	9.5
1644	0.1
1645	22.2
1646	31.9
1647	17936.7
1648	0.8
1649	0.2
1650	0
1651	63.7
1652	5.3
1653	0.1
1654	13881.9
1655	31.8
1656	19.8
1657	39.8
1658	914.8
1659	24.8
1660	32.5
1661	0.5
1662	0
1663	87.1
1664	0.8
1665	0.1
1666	87.4
1667	17.8
1668	41.4
1669	22.7
1670	1823
1671	9.9
1672	13869.8
1673	56.8
1674	23.8
1675	118.1
1676	0.5
1677	0.8
1678	5.9
1679	425.6
1680	17
1681	318
1682	657.9
1683	34.4
1684	13.1
1685	32.2
1686	4.7
1687	425.6
1688	81.3
1689	0.3
1690	30.4
1691	0.6
1692	4784.4
1693	9020.2
1694	34.6
1695	17.2
1696	1984.7
1697	7105.2
1698	657.9
1699	2.5
1700	3.9
1701	4748
1702	7077.4
1703	329.8
1704	1984.7
1705	0.1
1706	20.1
1707	658
1708	658
1709	11.7
1710	2
1711	3.3
1712	242.6
1713	4736.4
1714	100.5
1715	21.2
1716	39.3
1717	7.2
1718	62.1
1719	11.1
1720	16.6
1721	9082.8
1722	32
1723	299.1
1724	39.3
1725	995.1
1726	9.4
1727	16.1
1728	261
1729	0.7
1730	43
1731	2.4
1732	266.2
1733	34.3
1734	7193.7
1735	9.2
1736	658
1737	5.8
1738	7.6
1739	632.5
1740	0
1741	0.9
1742	0.1
1743	134.3
1744	24.1
1745	95
1746	1997.9
1747	335.9
1748	49
1749	6.4
1750	9.5
1751	2006.2
1752	2021.4
1753	19.6
1754	120.6
1755	11.8
1756	874.5
1757	38.9
1758	5.7
1759	171.9
1760	623.5
1761	80.7
1762	5.3
1763	17.6
1764	7.6
1765	0.6
1766	29.3
1767	2294.3
1768	0
1769	2679.7
1770	62.1
1771	5.6
1772	0
1773	9.4
1774	316.7
1775	0
1776	10.3
1777	6508.7
1778	0.1
1779	0.2
1780	0.1
1781	2593.7
1782	295.2
1783	2793.5
1784	361.7
1785	4688.3
1786	10.1
1787	88.2
1788	12.1
1789	6.9
1790	0.1
1791	4.5
1792	153.3
1793	613.5
1794	33.7
1795	4653.8
1796	4780.9
1797	20.2
1798	16.4
1799	0
1800	12.2
1801	11.3
1802	6.6
1803	0
1804	382.6
1805	0.5
1806	51.9
1807	96.2
1808	382.6
1809	22
1810	33.8
1811	6014.5
1812	0
1813	10
1814	40.7
1815	3561.6
1816	18.1
1817	7.5
1818	3556.7
1819	36.7
1820	18.9
1821	7
1822	21
1823	7.5
1824	0
1825	109.6
1826	67.3
1827	2436.9
1828	5999.8
1829	147.9
1830	0
1831	568.4
1832	0
1833	16.4
1834	0
1835	4630.7
1836	4613.1
1837	0
1838	0
1839	20.7
1840	59.3
1841	505.1
1842	628.4
1843	80
1844	6005.8
1845	16.8
1846	0
1847	559.8
1848	10.2
1849	119.6
1850	26.1
1851	23.1
1852	119.6
1853	23.7
1854	145.5
1855	8.4
1856	228.5
1857	0
1858	16.4
1859	43
1860	605.9
1861	0
1862	11.4
1863	4546.3
1864	7.5
1865	6.4
1866	20.3
1867	4556.3
1868	54.2
1869	13.7
1870	74
1871	19.3
1872	274
1873	193.9
1874	84.4
1875	4546.3
1876	49.4
1877	0
1878	4546.3
1879	52.8
1880	47.9
1881	19.5
1882	0
1883	21.8
1884	9.5
1885	12.1
1886	9.6
1887	0
1888	7.4
1889	0
1890	47.9
1891	81.6
1892	16.9
1893	5
1894	6.4
1895	43
1896	6.2
1897	20.6
1898	63.7
1899	257.8
1900	0
1901	16.4
1902	9.9
1903	7
1904	7.1
1905	2435.7
1906	0
1907	0
1908	515.1
1909	5.2
1910	83.8
1911	11.9
1912	9.7
1913	0
1914	24.3
1915	0
1916	91.3
1917	10.2
1918	7.8
1919	0
1920	4546.3
1921	7
1922	0
1923	0
1924	4546.3
1925	9.1
1926	51.8
1927	32.5
1928	2313.5
1929	0
1930	0
1931	0
1932	32
1933	8.4
1934	10.3
1935	0
1936	6.3
1937	4546.3
1938	49.3
1939	30.6
1940	0
1941	216.5
1942	27.4
1943	4546.3
1944	12.2
1945	0
1946	0
1947	0
1948	328.4
1949	9.2
1950	25.5
1951	0
1952	3.2
1953	67.9
1954	4546.3
1955	4.7
1956	13.1
1957	30.1
1958	0
1959	3.9
1960	2268.9
1961	18.1
1962	32.8
1963	0
1964	0
1965	0
1966	3.4
1967	326.1
1968	13.9
1969	0
1970	153.3
1971	0
1972	0
1973	4546.3
1974	166.8
1975	76.2
1976	1.7
1977	328.4
1978	28.8
1979	18.7
1980	0
1981	2243.2
1982	3.4
1983	0
1984	0
1985	48.4
1986	7.9
1987	13.3
1988	44.2
1989	145.7
1990	35.3
1991	0
1992	0
1993	5.6
1994	11.8
1995	1964
1996	0
1997	5.8
1998	55.5
1999	0
2000	65.1
2001	36.4
2002	3.4
2003	5.9
2004	4546.3
2005	0
2006	8
2007	0
2008	326.1
2009	0
2010	84.6
2011	107.2
2012	0
2013	102.9
2014	48.8
2015	7.4
2016	0
2017	0
2018	1.3
2019	4546.3
2020	0
2021	175.4
2022	162.4
2023	15.2
2024	41.2
2025	31.6
2026	0
2027	2.9
2028	19.3
2029	184
2030	0
2031	9.3
2032	0.7
2033	0
2034	0
2035	26
2036	3.4
2037	17.9
2038	54
2039	0
2040	0
2041	5.7
2042	3.4
2043	34.3
2044	9.8
2045	0
2046	4546.3
2047	2.6
2048	0
2049	0
2050	63.8
2051	1.6
2052	0
2053	12
2054	8.2
2055	2.2
2056	153.1
2057	9.5
2058	6.8
2059	0
2060	160.8
2061	0.5
2062	2038.6
2063	0
2064	3.4
2065	0
2066	0
2067	2.6
2068	0
2069	8.2
2070	4.6
2071	2.8
2072	0
2073	7.4
2074	7.7
2075	0
2076	7.2
2077	0
2078	5.3
2079	0
2080	0
2081	6.1
2082	0
2083	1.5
2084	1789.8
2085	0
2086	6.6
2087	0
2088	33.2
2089	4.9
2090	11.4
2091	6.4
2092	11.3
2093	5.3
2094	0
2095	1.5
2096	0
2097	156.1
2098	13.1
2099	9
2100	18.1
2101	0
2102	24.1
2103	4546.3
2104	4546.3
2105	0
2106	0
2107	0
2108	25.9
2109	0
2110	0
2111	0
2112	42.6
2113	1780.6
2114	0
2115	14.7
2116	6.7
2117	4.3
2118	123.1
2119	1633.9
2120	12.3
2121	1.1
2122	35.4
2123	0
2124	23.3
2125	5.1
2126	0
2127	143.6
2128	0
2129	4546.3
2130	0
2131	11.7
2132	6.7
2133	0
2134	0
2135	1633.3
2136	23
2137	6.2
2138	5.9
2139	12.4
2140	4546.3
2141	43.5
2142	22.9
2143	0
2144	0
2145	20.5
2146	1.2
2147	7.6
2148	19.6
2149	0
2150	35.5
2151	0
2152	20.6
2153	160.2
2154	13.1
2155	0
2156	0
2157	0
2158	2
2159	1.9
2160	194.6
2161	0
2162	0
2163	29.4
2164	0
2165	1.9
2166	4546.3
2167	0
2168	0
2169	37.1
2170	0
2171	0
2172	0
2173	58.2
2174	0
2175	0.2
2176	0
2177	327.2
2178	4.1
2179	0
2180	3.4
2181	77
2182	0
2183	0
2184	0
2185	15.1
2186	0.2
2187	1.4
2188	4546.3
2189	0
2190	135.2
2191	0
2192	0
2193	0
2194	30.4
2195	2.2
2196	0
2197	13.7
2198	4546.3
2199	327.2
2200	0
2201	0.5
2202	3.2
2203	0
2204	4546.3
2205	0
2206	159.3
2207	1.7
2208	1
2209	0
2210	84.6
2211	0
2212	4.1
2213	553.4
2214	0
2215	4.9
2216	109.1
2217	0
2218	0
2219	38
2220	6.2
2221	0
2222	112.7
2223	0
2224	0
2225	143
2226	19.2
2227	72
2228	0
2229	0
2230	4.7
2231	0
2232	1359.7
2233	0
2234	23.8
2235	0
2236	0
2237	0
2238	0
2239	102.3
2240	0
2241	4.1
2242	0
2243	0
2244	0
2245	14.6
2246	0
2247	0
2248	24
2249	43.9
2250	4546.3
2251	1.6
2252	765
2253	0
2254	1.1
2255	0
2256	21.9
2257	6.9
2258	0
2259	711.7
2260	0
2261	0
2262	0
2263	12.8
2264	45.6
2265	676.4
2266	0
2267	0
2268	45.8
2269	100.5
2270	0
2271	11.7
2272	0
2273	6
2274	0
2275	24.9
2276	1.5
2277	0
2278	0
2279	4546.3
2280	0
2281	0
2282	668.8
2283	1.6
2284	0
2285	634
2286	37.5
2287	5.9
2288	15.9
2289	0
2290	0
2291	4546.3
2292	623.5
2293	93.9
2294	93.9
2295	12.1
2296	6.7
2297	21.1
2298	0
2299	1.1
2300	0
2301	0
2302	0
2303	0
2304	0
2305	4546.3
2306	476
2307	64.7
2308	0
2309	4.9
2310	54.3
2311	0
2312	0
2313	0.2
2314	0
2315	0
2316	4546.1
2317	17.6
2318	4546.1
2319	0.2
2320	15.7
2321	21.3
2322	0
2323	0
2324	43.5
2325	37
2326	2.7
2327	0.2
2328	11.6
2329	0.2
2330	0
2331	0
2332	86.7
2333	0.2
2334	12.4
2335	0
2336	13.1
2337	0
2338	2.5
2339	82.7
2340	15
2341	7.7
2342	0
2343	1.2
2344	0.2
2345	80.4
2346	22.2
2347	0
2348	0.2
2349	68
2350	0
2351	17.1
2352	0.2
2353	11.3
2354	0
2355	5.7
2356	0
2357	0.2
2358	1.1
2359	417.8
2360	6.2
2361	6.4
2362	4.6
2363	15.6
2364	3.6
2365	5.2
2366	0
2367	0.1
2368	7.8
2369	1.9
2370	6.4
2371	0
2372	3.9
2373	14
2374	0.9
2375	0
2376	0.1
2377	3.5
2378	6.3
2379	1310.1
2380	7.8
2381	7.3
2382	5.3
2383	0
2384	0.1
2385	1
2386	0
2387	0
2388	145.3
2389	16.3
2390	1.2
2391	156.9
2392	404.9
2393	0.1
2394	340.4
2395	68.4
2396	1304.7
2397	0
2398	0.4
2399	6.1
2400	0
2401	5
2402	33.9
2403	2.9
2404	2.9
2405	31.6
2406	214.9
2407	0.1
2408	10.5
2409	33.2
2410	133.6
2411	123.4
2412	30.4
2413	0
2414	6
2415	88.3
2416	1293.8
2417	219.3
2418	13.5
2419	2921.8
2420	8.3
2421	0.1
2422	9.8
2423	9.3
2424	82.2
2425	1.6
2426	0
2427	0
2428	23
2429	0
2430	0
2431	8.3
2432	1276.7
2433	6.8
2434	10.9
2435	0
2436	1276.7
2437	52.2
2438	46.3
2439	32.1
2440	4.6
2441	0
2442	6.2
2443	9.1
2444	330.7
2445	10.5
2446	4.2
2447	11.9
2448	107.7
2449	0
2450	0
2451	4.1
2452	11.8
2453	289.3
2454	0
2455	1276.7
2456	23.8
2457	0
2458	2914.3
2459	8.6
2460	13.9
2461	54.6
2462	12.2
2463	1.7
2464	147.5
2465	0
2466	0
2467	391.9
2468	169.6
2469	6.6
2470	34.2
2471	2914.3
2472	8.6
2473	10.8
2474	11.6
2475	2882.6
2476	0.1
2477	23.3
2478	3.4
2479	0.1
2480	6.2
2481	6.6
2482	34.7
2483	0
2484	1276.6
2485	148.6
2486	13.9
2487	0
2488	5.6
2489	78.2
2490	25.6
2491	1.5
2492	13.5
2493	0.1
2494	12
2495	5.8
2496	1.1
2497	364.3
2498	133.4
2499	28.4
2500	1242.7
2501	21
2502	12
2503	21.1
2504	22.1
2505	1242.7
2506	9.2
2507	0
2508	12.8
2509	0.1
2510	7.4
2511	39.7
2512	1222.7
2513	18.6
2514	108.1
2515	112.7
2516	2817.6
2517	6.8
2518	2.3
2519	8.9
2520	1191.8
2521	67.4
2522	414.4
2523	1.6
2524	0
2525	4.3
2526	68.8
2527	8.9
2528	8.2
2529	5.8
2530	391.9
2531	355.1
2532	5.9
2533	31.1
2534	34.4
2535	6.2
2536	11.5
2537	40.8
2538	400.4
2539	488.5
2540	84.3
2541	33.5
2542	1191.8
2543	12.4
2544	29.4
2545	144.9
2546	67.3
2547	8.9
2548	100.5
2549	4.1
2550	0
2551	17.7
2552	239.4
2553	15.6
2554	416.4
2555	4.9
2556	6
2557	11.9
2558	17.1
2559	322.5
2560	145.5
2561	80.9
2562	20.6
2563	154.4
2564	402.9
2565	48.9
2566	1.9
2567	4.1
2568	367.2
2569	31.5
2570	4.6
2571	1.2
2572	2815.4
2573	0.2
2574	2802.7
2575	27.8
2576	8.6
2577	5.5
2578	5.8
2579	6.8
2580	2770.8
2581	231.6
2582	143.6
2583	10.2
2584	0.1
2585	38.4
2586	15
2587	14.6
2588	2.8
2589	38.1
2590	4.9
2591	5.3
2592	70.4
2593	229
2594	15.2
2595	0
2596	88.3
2597	15.6
2598	232.2
2599	2.9
2600	4.9
2601	6.3
2602	47.5
2603	56.9
2604	17.3
2605	22.7
2606	0.3
2607	40.1
2608	17.7
2609	19.4
2610	0.1
2611	10.8
2612	4.8
2613	7.6
2614	154.5
2615	5
2616	29.7
2617	186.1
2618	6.1
2619	2751.2
2620	29
2621	11.1
2622	9.7
2623	21.5
2624	49.3
2625	175.3
2626	2.3
2627	19.5
2628	6.7
2629	0.1
2630	5.8
2631	4.4
2632	17.9
2633	21.8
2634	29.6
2635	5.2
2636	25.9
2637	0
2638	16.4
2639	214
2640	181.6
2641	8.3
2642	18.4
2643	76.2
2644	17.8
2645	63.8
2646	173.9
2647	2.5
2648	15.3
2649	0.3
2650	49.9
2651	0
2652	0.8
2653	21
2654	39.9
2655	36.6
2656	81.1
2657	3
2658	151.9
2659	22.2
2660	71.3
2661	65.6
2662	28.1
2663	60.2
2664	13.3
2665	61.3
2666	31.4
2667	2.1
2668	13.8
2669	4.4
2670	11.1
2671	33.6
2672	35.3
2673	0.2
2674	6.4
2675	41.8
2676	0.9
2677	33.8
2678	8.6
2679	1
2680	8.2
2681	2751
2682	977
2683	33.2
2684	4.2
2685	46.7
2686	5.9
2687	12.7
2688	6.2
2689	1751.5
2690	5.1
2691	991.5
2692	0.3
2693	6.2
2694	9.5
2695	0.1
2696	27.9
2697	0.1
2698	38.3
2699	7.3
2700	12.8
2701	1.1
2702	4
2703	14.9
2704	0.7
2705	12.2
2706	6.4
2707	2
2708	380.2
2709	13.8
2710	392.6
2711	10.4
2712	0
2713	7.1
2714	24.4
2715	15.4
2716	7.4
2717	873.9
2718	16.2
2719	4.2
2720	9.8
2721	8.6
2722	5.6
2723	45
2724	2.5
2725	423.6
2726	38.5
2727	21.4
2728	26.2
2729	11.3
2730	7.8
2731	0
2732	19.9
2733	8.1
2734	5.4
2735	8.2
2736	4.2
2737	71.5
2738	463.1
2739	54.9
2740	859.8
2741	483.2
2742	6.8
2743	15.7
2744	8.3
2745	24.5
2746	4.2
2747	13.6
2748	0
2749	47
2750	28.5
2751	18.7
2752	24.8
2753	5.1
2754	47.7
2755	624.9
2756	27.8
2757	66.3
2758	35.3
2759	8.6
2760	5.3
2761	3.7
2762	54.6
2763	33.9
2764	3.9
2765	81.3
2766	6.7
2767	1.1
2768	140.6
2769	5.8
2770	79.1
2771	25.9
2772	1625.1
2773	5.1
2774	46.1
2775	654.2
2776	108.6
2777	12
2778	4.1
2779	91.8
2780	3.1
2781	9
2782	17.1
2783	7.4
2784	10.6
2785	37
2786	7.5
2787	59.2
2788	4.7
2789	19.2
2790	16
2791	17.7
2792	4
2793	51.1
2794	17.4
2795	4.5
2796	991
2797	165.5
2798	13.3
2799	7.9
2800	653.4
2801	9.1
2802	35.7
2803	7.2
2804	9.8
2805	648
2806	6.9
2807	10.9
2808	106
2809	1660.5
2810	1.4
2811	6.5
2812	4.4
2813	978.1
2814	13
2815	3.7
2816	131.7
2817	104.4
2818	15.5
2819	14.1
2820	12.3
2821	81.4
2822	5
2823	11
2824	52.4
2825	123.9
2826	49.7
2827	5.6
2828	10.6
2829	6.9
2830	156.3
2831	8.4
2832	78.1
2833	145.1
2834	21.8
2835	11.7
2836	21.6
2837	10.1
2838	20.3
2839	19.7
2840	31.2
2841	12
2842	31.8
2843	7.2
2844	5.5
2845	163.8
2846	60.7
2847	39.2
2848	21
2849	7.9
2850	619.2
2851	12.1
2852	11.4
2853	5.2
2854	19.3
2855	15.4
2856	36.9
2857	10.1
2858	9.6
2859	161.8
2860	7.6
2861	72.2
2862	5.4
2863	3.4
2864	960.7
2865	44
2866	4.5
2867	28.8
2868	4
2869	9.9
2870	191.4
2871	11.9
2872	448.9
2873	18
2874	67.1
2875	131.9
2876	1.2
2877	35
2878	7.3
2879	3.9
2880	113.9
2881	7.4
2882	18.4
2883	47.3
2884	39.9
2885	3.6
2886	9.4
2887	12.3
2888	76.3
2889	7.4
2890	5.6
2891	61.7
2892	23.3
2893	23.3
2894	12.2
2895	86.6
2896	77.5
2897	32.7
2898	238.6
2899	14.4
2900	57.5
2901	90.4
2902	5.7
2903	54.1
2904	82.7
2905	41.7
2906	52.3
2907	17.3
2908	30.1
2909	13.6
2910	73.3
2911	8.9
2912	26.9
2913	29.4
2914	42
2915	7
2916	24.2
2917	8.6
2918	13.4
2919	92.4
2920	2.7
2921	17.6
2922	60.3
2923	22.2
2924	338.6
2925	20.2
2926	310.2
2927	8.3
2928	62.8
2929	13
2930	43.5
2931	247.2
2932	757.9
2933	6.2
2934	21.3
2935	11.3
2936	119.1
2937	8.4
2938	3.9
2939	45.7
2940	122.4
2941	293.9
2942	10.4
2943	10.6
2944	2.8
2945	9.1
2946	33.7
2947	351.9
2948	25.8
2949	58.5
2950	11.6
2951	10.4
2952	12.1
2953	42
2954	11.5
2955	319.7
2956	734.8
2957	344.4
2958	265
2959	295
2960	89.2
2961	18.7
2962	13
2963	25.1
2964	21.1
2965	6.9
2966	363.5
2967	19.1
2968	7.6
2969	10.4
2970	8
2971	80.5
2972	26.6
2973	164.8
2974	6.8
2975	27.4
2976	341.5
2977	4.6
2978	25.2
2979	10.6
2980	21.1
2981	31.4
2982	17.5
2983	8.2
2984	55.2
2985	13.4
2986	33.1
2987	12.5
2988	711.8
2989	2.9
2990	22.4
2991	21.4
2992	32.2
2993	80.7
2994	61.1
2995	38.9
2996	389
2997	333.4
2998	6.5
2999	45.9
3000	333.9
3001	5.9
3002	31.7
3003	94.9
3004	3.3
3005	9.9
3006	9.3
3007	27.8
3008	8.9
3009	174.3
3010	171.9
3011	7.1
3012	11.9
3013	10.7
3014	7.1
3015	2.1
3016	77.9
3017	24.1
3018	430
3019	2.2
3020	2675.4
3021	48.5
3022	8.5
3023	2.5
3024	17.6
3025	2154.4
3026	10.6
3027	760.5
3028	1720.4
3029	1207.9
3030	21.4
3031	290.4
3032	37.1
3033	1.4
3034	12
3035	1722.6
3036	171.4
3037	7.7
3038	113.5
3039	20
3040	59
3041	23.3
3042	60.2
3043	1221.2
3044	8.4
3045	826.4
3046	99.7
3047	107.9
3048	12.8
3049	2624.8
3050	29.5
3051	4.8
3052	48.7
3053	16.9
3054	2579.7
3055	413.1
3056	1232.2
3057	1.9
3058	1213.6
3059	4.6
3060	5
3061	8.9
3062	19.5
3063	266.1
3064	90.2
3065	280.1
3066	14.1
3067	209.3
3068	66.1
3069	2.9
3070	1716.3
3071	275.9
3072	12.4
3073	48.5
3074	137.6
3075	5.4
3076	7.5
3077	406
3078	4.5
3079	8.9
3080	1686.9
3081	2.1
3082	6.9
3083	49.6
3084	6.9
3085	41.1
3086	6.8
3087	63
3088	11.7
3089	23.4
3090	9.8
3091	3.9
3092	30.1
3093	19.6
3094	32.5
3095	1.7
3096	45.8
3097	21
3098	24.7
3099	8.2
3100	353.9
3101	48.2
3102	7.3
3103	10.5
3104	12.8
3105	21.1
3106	29.1
3107	102.7
3108	3.3
3109	3.2
3110	5.4
3111	41.7
3112	5.1
3113	51.3
3114	5.6
3115	16.4
3116	9.5
3117	69.4
3118	18
3119	25.4
3120	4
3121	21.7
3122	1.8
3123	9.5
3124	1.6
3125	33.1
3126	8.9
3127	1.9
3128	2.1
3129	4.6
3130	1.1
3131	12.5
3132	7.2
3133	11
3134	32
3135	3.5
3136	17.4
3137	1.3
3138	1.4
3139	44.2
3140	9.1
3141	1.6
3142	9.8
3143	25.8
3144	234.6
3145	1.6
3146	1.1
3147	5.8
3148	19.8
3149	94.2
3150	1
3151	2.9
3152	244.7
3153	30.6
3154	18.6
3155	60.2
3156	5.1
3157	4.6
3158	1.1
3159	15
3160	2.8
3161	4.4
3162	5.1
3163	2.3
3164	2.2
3165	1.9
3166	231.9
3167	16.7
3168	31.3
3169	96.3
3170	21.3
3171	4.7
3172	57
3173	84.3
3174	10.7
3175	9.1
3176	1.9
3177	87
3178	125.6
3179	0.9
3180	2.7
3181	13.8
3182	21.8
3183	7.6
3184	14
3185	6.9
3186	4.6
3187	50.7
3188	4.6
3189	4
3190	1.3
3191	7.8
3192	3.7
3193	0.9
3194	20.9
3195	10.1
3196	37.1
3197	10.8
3198	1.6
3199	8.9
3200	1
3201	38.4
3202	0
3203	17.2
3204	12.7
3205	6.9
3206	1
3207	77
3208	37.6
3209	0.5
3210	49.5
3211	19.5
3212	36.3
3213	88.2
3214	3.2
3215	1
3216	35.2
3217	38.1
3218	25.8
3219	68
3220	1.5
3221	38.4
3222	94.9
3223	2.3
3224	39.7
3225	42.4
3226	14.2
3227	34.1
3228	56.2
3229	0.9
3230	2.8
3231	0.5
3232	1.1
3233	2.4
3234	4.7
3235	162.7
3236	12.7
3237	2.3
3238	44.2
3239	1.8
3240	2.1
3241	2.5
3242	7.5
3243	6.5
3244	56.6
3245	78.1
3246	31.5
3247	0.8
3248	1.2
3249	2
3250	9.3
3251	79.5
3252	16.7
3253	55.4
3254	6.5
3255	3.2
3256	1
3257	13.2
3258	69.1
3259	17.5
3260	3.2
3261	1.3
3262	28.7
3263	65
3264	47.6
3265	2.2
3266	6.4
3267	4.5
3268	36.8
3269	51.4
3270	0.6
3271	1.6
3272	38
3273	1.1
3274	70.7
3275	0.7
3276	3
3277	5.6
3278	7.4
3279	1.4
3280	12.4
3281	27.7
3282	0.9
3283	3.9
3284	0.4
3285	15.8
3286	99.6
3287	9.2
3288	9.2
3289	4.7
3290	3.2
3291	12
3292	6.2
3293	5.6
3294	2.4
3295	1.6
3296	4.7
3297	43.8
3298	4.1
3299	0.9
3300	10
3301	1
3302	2.8
3303	7.7
3304	2
3305	4.4
3306	0.5
3307	7.3
3308	8.4
3309	7.4
3310	5.3
3311	1.9
3312	4.5
3313	6.9
3314	13.3
3315	1.1
3316	24.3
3317	1
3318	6.9
3319	2.3
3320	16
3321	1.9
3322	1.3
3323	3.3
3324	3.4
3325	1.2
3326	5.6
3327	9.2
3328	2.3
3329	5.7
3330	2.4
3331	11.1
3332	12
3333	0.8
3334	3.1
3335	5
3336	0.9
3337	2.8
3338	11.5
3339	5.5
3340	1.2
3341	10.3
3342	0.6
3343	4
3344	1.9
3345	1.5
3346	5.4
3347	6.1
3348	0.9
3349	0.5
3350	2.3
3351	1.4
3352	5.4
3353	36.7
3354	1.2
3355	3.7
3356	1.5
3357	1.2
3358	1.8
3359	1.2
3360	3
3361	2.3
3362	0.6
3363	5.7
3364	1.4
3365	4.6
3366	31.1
3367	1
3368	3.2
3369	2.4
3370	2.6
3371	1.3
3372	3
3373	1
3374	30
3375	0.7
3376	3.9
3377	0.7
3378	0.7
3379	4.1
3380	23.5
3381	1.4
3382	0.5
3383	2.5
3384	14.2
3385	8
3386	1.7
3387	2.3
3388	0.5
3389	10.7
3390	7.7
3391	2.7
3392	1.1
3393	1.1
3394	2.8
3395	2.5
3396	6.2
3397	1.9
3398	2.5
3399	2
3400	220.4
3401	91.8
3402	194.8
3403	852.8
3404	718.4
3405	675
3406	406.7
3407	1814.2
3408	214.7
3409	1873.8
3410	0
3411	0
3412	79.1
3413	315.6
3414	158.2
3415	112.3
3416	24.7
3417	67.6
3418	130.2
3419	1353
3420	1972.5
3421	3712.3
3422	81
3423	495.9
3424	27.4
3425	222.7
3426	645.3
3427	2.3
3428	24.9
3429	68.6
3430	12.6
3431	338.1
3432	505.6
3433	54
3434	83.6
3435	17936.7
3436	1065.6
3437	102.1
3438	17936.7
3439	17936.7
3440	122.5
3441	751
3442	14146.5
3443	266.5
3444	94.4
3445	17936.7
3446	17936.7
3447	17936.6
3448	3.4
3449	26.8
3450	17936.7
3451	800.9
3452	210.9
3453	31.4
3454	299.1
3455	78.6
3456	1821.8
3457	371.5
3458	121.1
3459	4.3
3460	228.3
3461	9018.4
3462	558.9
3463	1984.7
3464	651.8
3465	1.6
3466	29.5
3467	18.9
3468	6455.1
3469	22.9
3470	3150.9
3471	94.4
3472	46.1
3473	274.2
3474	591.9
3475	4546.3
3476	0
3477	66.5
3478	18.5
3479	4546.3
3480	2321.2
3481	84.7
3482	410.9
3483	28.4
3484	2245.4
3485	53.6
3486	0
3487	121.3
3488	41.6
3489	1947.7
3490	1912.6
3491	0
3492	35.9
3493	1768.9
3494	130.1
3495	119.3
3496	141.6
3497	1621.4
3498	1419.8
3499	434.4
3500	1353
3501	130.5
3502	9
3503	4546.3
3504	4546.3
3505	116.4
3506	546.4
3507	4546.3
3508	0.9
3509	91.2
3510	4546.1
3511	455.3
3512	55.8
3513	76.6
3514	4546.1
3515	364.3
3516	4460.7
3517	44.6
3518	1292
3519	67.5
3520	0.1
3521	2918.2
3522	132.6
3523	2873.5
3524	29.4
3525	2864.1
3526	8.6
3527	2815.4
3528	766.1
3529	62.5
3530	31
3531	204.3
3532	6.7
3533	2770.8
3534	2751.1
3535	149.9
3536	908.7
3537	16.5
3538	0.1
3539	374.9
3540	310.9
3541	1742.8
3542	848.4
3543	1720.1
3544	76.6
3545	77.9
3546	44.1
3547	963
3548	609.6
3549	91
3550	166.9
3551	290.8
3552	928.7
3553	847.8
3554	317.9
3555	392.8
3556	437.4
3557	17.7
3558	269.9
3559	168.5
3560	311.3
3561	2594.8
3562	104.7
3563	1080.3
3564	167.6
3565	165.7
3566	18.2
3567	1040.9
3568	1681.4
3569	204.4
3570	337.9
3571	218.1
3572	80.7
3573	69.2
3574	253.8
3575	65.2
3576	390.6
3577	433.9
3578	185.3
3579	230.9
3580	101.7
3581	12.3
3582	102.8
3583	83
3584	188.1
3585	41
3586	142.1
3587	18.8
3588	10.3
3589	12.5
3590	22.7
3591	17.7
3592	9.7
3593	4
3594	6.6
