"COMID"	"Value"
1	3.5
2	19
3	0.4
4	0.4
5	1.2
6	0
7	4.2
8	1.8
9	12.6
10	0
11	0.8
12	8.9
13	0.3
14	10.5
15	0.9
16	2.8
17	5.9
18	4.3
19	0.5
20	6.5
21	1.2
22	0.7
23	0
24	0.5
25	1.8
26	1.9
27	0.7
28	0.6
29	0.6
30	0
31	15.9
32	0.2
33	0.9
34	10.3
35	0.5
36	1.4
37	13.8
38	0
39	3.1
40	6
41	8.8
42	1
43	8
44	0.1
45	18.4
46	78.1
47	2.4
48	1.5
49	3.8
50	25.7
51	1.1
52	13.7
53	0.7
54	1.1
55	1.5
56	19
57	7.3
58	14.4
59	6.1
60	12.4
61	0.5
62	0.5
63	1.3
64	27.1
65	1.3
66	3.8
67	6.6
68	0.7
69	3.5
70	0.1
71	3.4
72	2
73	0.7
74	0.8
75	0.3
76	0.1
77	0
78	0.4
79	3.5
80	0.1
81	0.4
82	0
83	21.8
84	0
85	0.9
86	0.6
87	0.6
88	2.6
89	0.9
90	1.2
91	1.5
92	3.4
93	2.7
94	2.8
95	2.8
96	2.2
97	9.5
98	3.4
99	0.2
100	3.5
101	0.7
102	0.8
103	0.8
104	4.5
105	0.6
106	0.8
107	0.5
108	0
109	0.7
110	3.2
111	0
112	0.6
113	33.2
114	0.8
115	1.2
116	0.8
117	0.2
118	1.3
119	0
120	0.6
121	0.1
122	7
123	4.5
124	0.9
125	0.6
126	2.5
127	0.5
128	0.6
129	1
130	1.8
131	8.3
132	0.1
133	0.2
134	7.4
135	2.5
136	1
137	1.2
138	0.5
139	0.2
140	0.9
141	2
142	0.2
143	0
144	0.7
145	34.2
146	0.9
147	1.5
148	1.4
149	0.5
150	6
151	0.1
152	2.3
153	0.1
154	5.1
155	0
156	3
157	2.8
158	0.8
159	5.8
160	3.6
161	2.8
162	0.1
163	0.1
164	0.1
165	0
166	0.1
167	0.5
168	0
169	0.2
170	1.2
171	1.7
172	0.2
173	0.1
174	59
175	0.1
176	1.6
177	5
178	6.1
179	0.8
180	0.2
181	0.1
182	12.2
183	0
184	0.2
185	0.3
186	2.8
187	0.4
188	0.1
189	0.1
190	0.6
191	0.2
192	0.6
193	15.7
194	1.1
195	0
196	0.4
197	3.1
198	0.3
199	0.7
200	34.7
201	35
202	0.1
203	0.1
204	19.1
205	2.6
206	3.4
207	3.2
208	0.9
209	0.9
210	0.8
211	1.4
212	3
213	3.5
214	0.1
215	1.3
216	5.1
217	0.4
218	0.2
219	0.4
220	22.3
221	0
222	0.5
223	6
224	0
225	13.1
226	1.8
227	3.4
228	2.7
229	0.4
230	14.2
231	2
232	0.3
233	2.8
234	14.2
235	14.2
236	0.6
237	0.5
238	1.1
239	0.3
240	0.9
241	0.2
242	3.4
243	0
244	0.7
245	1.4
246	0.7
247	0
248	0
249	3.4
250	0.9
251	1.4
252	1.7
253	0.7
254	0
255	0
256	0
257	0
258	0
259	0
260	0
261	0.5
262	1
263	0
264	0
265	0
266	0.5
267	1.6
268	1.4
269	2.8
270	0
271	0.8
272	0.1
273	0.7
274	14.2
275	0.8
276	0
277	0.2
278	0.5
279	14.8
280	0.1
281	0.3
282	0.9
283	0.2
284	0.3
285	0
286	0.1
287	1.4
288	0.1
289	0.4
290	0.4
291	6.5
292	0.3
293	14.2
294	5.8
295	0.1
296	2.5
297	0.7
298	0
299	0.1
300	3.5
301	0.2
302	3.3
303	1
304	0.1
305	1.3
306	0.3
307	4.8
308	0.3
309	0.4
310	1
311	0.8
312	6.3
313	1.2
314	3.6
315	0.4
316	0.9
317	0
318	1.9
319	0
320	0.9
321	1.4
322	0.6
323	0.9
324	0.1
325	0
326	0.9
327	0.1
328	0.3
329	1.4
330	0
331	4.1
332	0.1
333	4.2
334	0.3
335	0.4
336	0.4
337	0
338	4.3
339	3.3
340	0.1
341	4.8
342	14.2
343	3.3
344	7.4
345	0.3
346	0
347	0.1
348	0.4
349	0.4
350	0.3
351	0.3
352	0.4
353	0.5
354	0.4
355	0
356	0.4
357	1.3
358	0.8
359	0
360	0.2
361	0.8
362	0.2
363	0.2
364	1.3
365	0.9
366	1.4
367	14.2
368	3.4
369	0
370	0.3
371	1.3
372	9.4
373	0.5
374	15.5
375	1.2
376	1.8
377	0.6
378	5.3
379	0
380	1
381	0
382	0
383	9.1
384	78.4
385	0
386	15.5
387	12.4
388	11
389	10.1
390	13.6
391	7.2
392	8.2
393	0
394	1
395	0
396	0
397	15.5
398	28
399	1.1
400	26.5
401	0.7
402	0
403	0.1
404	0
405	9.6
406	1.2
407	1.1
408	0
409	0
410	9.9
411	1
412	0.2
413	1.1
414	0
415	0
416	1.1
417	0
418	0
419	4.7
420	0
421	2.8
422	0
423	2.5
424	3.9
425	3.5
426	2.8
427	3.8
428	0.9
429	0.5
430	1.8
431	0
432	0.6
433	32.8
434	7.9
435	0.6
436	36.8
437	37.3
438	25.9
439	0
440	0.4
441	7.1
442	18.9
443	1.2
444	0.5
445	19
446	9.6
447	6
448	4.8
449	1.6
450	0.8
451	0
452	3.3
453	37.8
454	11.5
455	10.8
456	5.9
457	2.5
458	2.5
459	1.5
460	0.4
461	6.4
462	0.8
463	53.2
464	32.2
465	3.9
466	2.9
467	1.6
468	34.3
469	0.8
470	19.1
471	15.5
472	0.4
473	11.9
474	19.6
475	14.8
476	14.8
477	1.8
478	4.3
479	11.3
480	0.4
481	0
482	2.9
483	3.6
484	2.5
485	12
486	0.1
487	0.7
488	6.1
489	0.1
490	6.6
491	2.2
492	2.4
493	6.6
494	0.9
495	0
496	0
497	0.7
498	2.1
499	0
500	0.6
501	0.5
502	1.4
503	0.9
504	1.2
505	1.2
506	2.7
507	1.6
508	7.7
509	6.8
510	0.6
511	3.7
512	1.8
513	0
514	0.7
515	0
516	1.3
517	3.6
518	0.5
519	0.9
520	0.2
521	2.2
522	0.8
523	0
524	2.2
525	0.8
526	9.1
527	0.4
528	9.6
529	2.4
530	2.9
531	2
532	0.6
533	0.4
534	3.3
535	6.5
536	0.4
537	0
538	0
539	0.1
540	0.6
541	17.3
542	2.3
543	1.5
544	1.1
545	1.1
546	1.6
547	0.4
548	0
549	0.1
550	4.9
551	20
552	0.4
553	2.2
554	1.1
555	6.4
556	0.4
557	0.6
558	0.1
559	1.9
560	1.4
561	0.5
562	1.8
563	0.2
564	23.1
565	1.4
566	1.5
567	1
568	5.2
569	3.4
570	0
571	0.9
572	47.3
573	5.7
574	0.4
575	1
576	47.3
577	0
578	1.4
579	1.9
580	40.3
581	70.4
582	3.1
583	4.7
584	3.5
585	0
586	0.5
587	2.5
588	5.9
589	6.9
590	0
591	0.3
592	0.9
593	38.9
594	1.2
595	4
596	0.6
597	70.4
598	9
599	1.6
600	0.6
601	2.3
602	0
603	1.4
604	4.5
605	0
606	0.3
607	11.3
608	1.2
609	0
610	1.6
611	1.3
612	0
613	0
614	0.3
615	0.1
616	0
617	38
618	41.4
619	6.5
620	6.5
621	0.5
622	0.5
623	1
624	0.4
625	13.5
626	0.5
627	32.2
628	0.8
629	1.4
630	2.1
631	1.5
632	39.6
633	1.7
634	0
635	1.9
636	1.2
637	2.6
638	11.2
639	62.7
640	0.3
641	20.2
642	0
643	1.3
644	0
645	0.6
646	1.1
647	15.7
648	1
649	0.3
650	0.7
651	2.1
652	0.6
653	0.1
654	1.7
655	0.1
656	3.9
657	1.7
658	0.8
659	0.3
660	0.1
661	1.4
662	1.2
663	0.8
664	16.5
665	4.8
666	18.3
667	63.3
668	22.1
669	2.7
670	2.4
671	16.9
672	10.7
673	1.3
674	0.1
675	1.9
676	4
677	17.3
678	1.4
679	0.8
680	0
681	4.9
682	2.2
683	13.8
684	1.1
685	10.5
686	2.1
687	0
688	1.3
689	20
690	1.2
691	72.7
692	6.8
693	1.2
694	0.1
695	75.5
696	2.5
697	4.3
698	0.7
699	0.9
700	1.2
701	1.7
702	1.4
703	3.5
704	0.5
705	0.5
706	1.2
707	1.5
708	4.2
709	0.7
710	3.7
711	0.2
712	0.3
713	0.3
714	1.2
715	7.8
716	0
717	20
718	1
719	0.4
720	6.3
721	4.7
722	0.2
723	1
724	1.7
725	29.9
726	0
727	0.1
728	0.5
729	77.4
730	4.7
731	0.5
732	0.1
733	0.8
734	1.9
735	0.3
736	3
737	1.1
738	2.5
739	2.7
740	2.6
741	0.2
742	1.4
743	0.3
744	0
745	0.6
746	0.8
747	1.6
748	0.6
749	1.7
750	1.5
751	13.3
752	0.2
753	3.1
754	3.5
755	0.5
756	1.8
757	5.1
758	0.7
759	1.2
760	2.9
761	0.7
762	0.4
763	0.2
764	4.5
765	11.9
766	0
767	0.4
768	0.5
769	1.9
770	0.9
771	1.3
772	0.6
773	4
774	5.7
775	0.6
776	1
777	3
778	6.8
779	0
780	1.4
781	15.5
782	92.6
783	24.1
784	24.9
785	50.4
786	122.9
787	33.1
788	43.7
789	42.8
790	80.9
791	38.6
792	29.3
793	379.3
794	25.8
795	65.6
796	12.3
797	31.6
798	14.7
799	59.3
800	22.9
801	399.5
802	455.2
803	119.4
804	52.6
805	483.6
806	382.8
807	26.5
808	448.4
809	68.2
810	56.2
811	529.9
812	229.9
813	415
814	16.3
815	17.8
816	1073.5
817	23.7
818	23.3
819	200.6
820	500.9
821	17.3
822	25.5
823	1055.7
824	269.1
825	18.8
826	49.4
827	26
828	32.3
829	1126.2
830	32.3
831	1269
832	314.7
833	127.5
834	97.6
835	98.2
836	81.1
837	22.7
838	102.2
839	22.6
840	51.9
841	153.3
842	1461.8
843	6
844	28.1
845	603.6
846	40.6
847	433.3
848	29.3
849	85.3
850	167.8
851	30
852	51.9
853	8.5
854	27.1
855	36.1
856	30.1
857	19.2
858	20.3
859	626.9
860	38.3
861	81
862	2.9
863	789.3
864	15.2
865	113.1
866	1589.7
867	32.9
868	43.5
869	908.9
870	4.7
871	645
872	22.5
873	1.2
874	866.5
875	32.5
876	18.2
877	10.5
878	13.7
879	52.1
880	698.4
881	113.2
882	29.4
883	16.9
884	12.8
885	58.5
886	0.9
887	1666.3
888	34.7
889	99.4
890	150.9
891	184.8
892	63.4
893	85
894	1.1
895	97.4
896	32.5
897	15.4
898	972.6
899	31.6
900	123.4
901	828.2
902	16.5
903	27.6
904	46.3
905	20.4
906	41.9
907	117
908	1721.3
909	36.1
910	0
911	9.8
912	229.3
913	27.6
914	335.3
915	0
916	1209.9
917	21.3
918	36.1
919	21.3
920	30.4
921	20.6
922	55.6
923	5.7
924	851.7
925	11.6
926	35
927	8.1
928	1.2
929	2066.2
930	91.9
931	8.5
932	2.2
933	18.9
934	0
935	33.8
936	104.6
937	22.4
938	68.4
939	19.7
940	2194.7
941	57.9
942	175.8
943	0
944	105.9
945	23.2
946	151.7
947	0
948	1463.9
949	18.2
950	21.8
951	30.5
952	2179.2
953	35.9
954	1.2
955	58.5
956	238.9
957	14.5
958	33.1
959	2216.1
960	92.8
961	37.6
962	30.5
963	14.8
964	0
965	48.1
966	301.7
967	0
968	2237.3
969	17.3
970	19.8
971	70.7
972	38.5
973	23
974	2265.2
975	73.8
976	40.2
977	20.1
978	39.4
979	22.5
980	334.1
981	126
982	70.6
983	66
984	11
985	49.6
986	13.5
987	46.2
988	17.3
989	91.5
990	0
991	36
992	0
993	51.6
994	14
995	51.1
996	269.2
997	23.6
998	47.8
999	34.8
1000	0
1001	1.3
1002	26.2
1003	0
1004	318.9
1005	96.1
1006	28.6
1007	0
1008	1.1
1009	0
1010	226.1
1011	58
1012	26.4
1013	50.8
1014	15
1015	0.9
1016	0
1017	78.4
1018	49.3
1019	1.5
1020	71.3
1021	205.4
1022	22.4
1023	91.9
1024	28.5
1025	331.3
1026	64.4
1027	52.2
1028	415
1029	52.7
1030	0
1031	0
1032	0
1033	0
1034	75.6
1035	0
1036	1107
1037	2372.6
1038	38
1039	425.5
1040	63.2
1041	27.1
1042	1.9
1043	0
1044	358.6
1045	1.9
1046	3
1047	80.3
1048	473.2
1049	25.5
1050	0
1051	1223.6
1052	712.2
1053	56.6
1054	2553
1055	601
1056	127.8
1057	0
1058	1462.7
1059	0
1060	44.8
1061	0
1062	42.2
1063	32.5
1064	0
1065	2733.2
1066	23.1
1067	0
1068	0
1069	0
1070	21.4
1071	11.8
1072	0
1073	0
1074	52.1
1075	0
1076	23
1077	0
1078	196.3
1079	2797.8
1080	5.8
1081	0
1082	51.8
1083	0
1084	64.1
1085	37.3
1086	208.9
1087	0
1088	0
1089	0.9
1090	2746.7
1091	34.9
1092	0
1093	1.1
1094	0
1095	1
1096	0.7
1097	21.5
1098	0.6
1099	0
1100	0
1101	0
1102	1561.3
1103	0
1104	71.9
1105	0.8
1106	3
1107	0
1108	0.7
1109	2805.8
1110	0
1111	0
1112	291.6
1113	43.6
1114	44.8
1115	1.1
1116	0.8
1117	186.5
1118	1.6
1119	71.9
1120	0.7
1121	0.4
1122	2.8
1123	3.6
1124	19.1
1125	78
1126	30
1127	76.4
1128	544.8
1129	128
1130	1.6
1131	0
1132	136.6
1133	245.9
1134	3161.1
1135	2824.9
1136	0
1137	1.1
1138	4.8
1139	75.7
1140	1784.8
1141	0.9
1142	0
1143	22.2
1144	5.3
1145	0.9
1146	0.3
1147	3310
1148	31.8
1149	3299.8
1150	76.3
1151	3310.6
1152	631
1153	657.3
1154	0
1155	0
1156	17.8
1157	77.2
1158	260.4
1159	53.7
1160	0.9
1161	0
1162	0.8
1163	3.4
1164	21.9
1165	2869.7
1166	53.9
1167	17.6
1168	160.3
1169	35.5
1170	19.8
1171	3176.5
1172	82.9
1173	3.3
1174	37.9
1175	2.3
1176	20.9
1177	0
1178	1.2
1179	18.2
1180	8.2
1181	3174.9
1182	3316.6
1183	0
1184	4694.6
1185	31.2
1186	678.4
1187	3217.7
1188	3319.4
1189	3176.9
1190	3220.7
1191	32.8
1192	3320.7
1193	21.6
1194	3309.5
1195	18.1
1196	3218.5
1197	4955
1198	0
1199	30.1
1200	6.5
1201	3307.9
1202	11.5
1203	4955
1204	3184.9
1205	0.4
1206	0
1207	3171.1
1208	0
1209	3306.3
1210	54.3
1211	47.7
1212	0
1213	23.9
1214	735.9
1215	3179.7
1216	14
1217	2.6
1218	0
1219	0
1220	18.8
1221	3318.7
1222	3316.6
1223	0.7
1224	3319.9
1225	22.9
1226	28.3
1227	8.1
1228	0.8
1229	3179
1230	20.2
1231	0
1232	40.1
1233	0.4
1234	12.6
1235	1.1
1236	0
1237	140.3
1238	19.1
1239	0.1
1240	3321.5
1241	300.2
1242	69.7
1243	3.1
1244	3322
1245	63.1
1246	19
1247	95.3
1248	63.1
1249	77.9
1250	8.6
1251	1
1252	4955
1253	3350.1
1254	18.8
1255	0
1256	27.9
1257	17
1258	0.8
1259	0
1260	12.6
1261	16.2
1262	0
1263	2
1264	19.9
1265	12
1266	836.7
1267	4955
1268	27.1
1269	6.2
1270	106.3
1271	0.8
1272	3350.3
1273	15.5
1274	27.2
1275	3348.9
1276	27.9
1277	19
1278	217.3
1279	3.9
1280	89.9
1281	12
1282	0.1
1283	20.6
1284	51.4
1285	17.4
1286	27.4
1287	3.6
1288	6.8
1289	115.1
1290	4.3
1291	54.6
1292	2.7
1293	3.5
1294	32
1295	14.4
1296	0.1
1297	20.4
1298	853.5
1299	26.6
1300	13.3
1301	0
1302	5.3
1303	25.2
1304	4.8
1305	33.8
1306	0
1307	390.8
1308	3.8
1309	0
1310	160
1311	15.2
1312	23.6
1313	2.4
1314	38.6
1315	89.9
1316	10.9
1317	7.7
1318	1.1
1319	55.5
1320	15.8
1321	0.1
1322	4955.1
1323	0
1324	2.8
1325	143.2
1326	0.1
1327	0
1328	317.3
1329	15.8
1330	76.6
1331	21.3
1332	10.2
1333	34.7
1334	132.6
1335	1.3
1336	31.8
1337	0.1
1338	0.1
1339	0.8
1340	18.9
1341	33.3
1342	323.9
1343	0
1344	0
1345	0.4
1346	90
1347	419.4
1348	18.7
1349	0.5
1350	4955.1
1351	11.3
1352	4.1
1353	302.5
1354	0.1
1355	29.8
1356	5.9
1357	18.1
1358	19.6
1359	1.9
1360	0.1
1361	1.2
1362	17.3
1363	90
1364	0.1
1365	108.2
1366	0.3
1367	90
1368	9.2
1369	0.1
1370	1.7
1371	0.2
1372	6.4
1373	181.2
1374	3.1
1375	81
1376	4.3
1377	8.3
1378	1
1379	0.8
1380	42.9
1381	90
1382	29.6
1383	0.2
1384	7.7
1385	5
1386	12.8
1387	0.4
1388	0.5
1389	0.1
1390	14.3
1391	1105.2
1392	26.1
1393	0
1394	0
1395	48.4
1396	0
1397	21.5
1398	0
1399	90
1400	10.6
1401	0.1
1402	0.1
1403	427.4
1404	3.7
1405	3.4
1406	0.1
1407	90
1408	0.3
1409	1026
1410	0.8
1411	380.8
1412	0.2
1413	52.8
1414	5.5
1415	21.1
1416	145.4
1417	0.5
1418	14.9
1419	0
1420	7.7
1421	0
1422	0.1
1423	20.5
1424	216.2
1425	0.2
1426	337.4
1427	0.5
1428	0.1
1429	0.1
1430	21.1
1431	459.5
1432	0.1
1433	18.3
1434	5045.5
1435	50.7
1436	4955.1
1437	216.2
1438	0.7
1439	0.6
1440	9.7
1441	12.1
1442	22115.6
1443	51.2
1444	0.1
1445	0
1446	1585.5
1447	0.3
1448	77.8
1449	90
1450	0.1
1451	22115.7
1452	5045.1
1453	60.7
1454	20.9
1455	0.1
1456	17070.1
1457	527.7
1458	8.5
1459	1
1460	0.1
1461	169.2
1462	22118.3
1463	0
1464	0
1465	0
1466	27.1
1467	0
1468	22117.3
1469	13.4
1470	1534.7
1471	0.1
1472	22115.9
1473	1300
1474	3.7
1475	35.2
1476	22117.3
1477	0
1478	21.5
1479	224.7
1480	0
1481	87.5
1482	9.1
1483	0
1484	17069.3
1485	11.4
1486	0.1
1487	0
1488	54.7
1489	60
1490	0.4
1491	15.4
1492	9.6
1493	1640.1
1494	24.5
1495	241.2
1496	240.6
1497	207.7
1498	0
1499	29.2
1500	1718.3
1501	16
1502	85.8
1503	0.8
1504	283.8
1505	24.4
1506	27
1507	0
1508	0.2
1509	7
1510	0.5
1511	17062.6
1512	0
1513	78.1
1514	0.1
1515	0.1
1516	0.1
1517	1733.4
1518	0.1
1519	14.3
1520	4.1
1521	0
1522	0
1523	0.1
1524	283.8
1525	0
1526	0.1
1527	46.4
1528	0
1529	17.4
1530	58.2
1531	0.1
1532	1.1
1533	0.1
1534	19
1535	4.4
1536	16.4
1537	0.1
1538	5.5
1539	4.3
1540	0
1541	22118.7
1542	0
1543	32.3
1544	0.1
1545	0.1
1546	11.4
1547	19.4
1548	22118.6
1549	0
1550	0
1551	298.1
1552	531.2
1553	47.9
1554	44.6
1555	15.4
1556	25.3
1557	0.1
1558	0.1
1559	49.6
1560	1735.3
1561	0.1
1562	0.1
1563	4.7
1564	0
1565	144.9
1566	4.5
1567	22118.6
1568	0.1
1569	18
1570	14.6
1571	0
1572	0.1
1573	89.2
1574	0.1
1575	29.9
1576	17062.5
1577	15
1578	0
1579	0
1580	662
1581	692.8
1582	21.3
1583	8.4
1584	5.3
1585	54
1586	24.3
1587	0
1588	1797.8
1589	0.1
1590	0.4
1591	22118.6
1592	1754.3
1593	0.1
1594	31.4
1595	45.1
1596	1485.7
1597	22118.6
1598	60.7
1599	1469.7
1600	15.8
1601	33.9
1602	15.9
1603	52.5
1604	9.7
1605	0.7
1606	0
1607	0
1608	27.8
1609	0
1610	9.5
1611	4.8
1612	55.7
1613	1485.7
1614	110.9
1615	16965.3
1616	30.7
1617	0
1618	37.1
1619	1797.8
1620	16864.2
1621	782.9
1622	10.7
1623	0
1624	23.6
1625	37.1
1626	131.2
1627	0
1628	44.1
1629	22118.8
1630	32.3
1631	9.9
1632	78.7
1633	0
1634	172.4
1635	140.8
1636	1570.6
1637	47.4
1638	12.7
1639	3
1640	0
1641	55.3
1642	45.1
1643	25.4
1644	0.3
1645	35.3
1646	52.7
1647	22118.8
1648	1.5
1649	0.5
1650	0.2
1651	95
1652	13.2
1653	0.2
1654	16727.6
1655	49.6
1656	21.7
1657	63.1
1658	1636.6
1659	71.9
1660	72.1
1661	0.4
1662	0
1663	145.7
1664	1.4
1665	0.4
1666	98.9
1667	30.4
1668	116.5
1669	39.8
1670	2631.2
1671	17
1672	16712.6
1673	80.7
1674	37.3
1675	309.7
1676	0.9
1677	0.7
1678	13.9
1679	501.6
1680	22.6
1681	551.8
1682	925.8
1683	53.8
1684	38.5
1685	37
1686	13.4
1687	501.6
1688	228
1689	0.9
1690	48.8
1691	0.4
1692	4189.4
1693	12445.6
1694	50.8
1695	26.3
1696	3648.6
1697	9697.4
1698	925.8
1699	6.6
1700	11.5
1701	4139.1
1702	9659.6
1703	565.6
1704	3648.6
1705	0.3
1706	39.4
1707	926.1
1708	926.4
1709	33.4
1710	5.2
1711	8.4
1712	385.5
1713	4121.5
1714	119.8
1715	34.1
1716	56.8
1717	18.7
1718	83.2
1719	32.1
1720	17.6
1721	12519.8
1722	42.4
1723	531.2
1724	56.8
1725	1880.4
1726	13.7
1727	21.2
1728	404.6
1729	0.4
1730	70.5
1731	6.3
1732	388.8
1733	97.7
1734	9811.9
1735	14.2
1736	926.1
1737	15.6
1738	8.9
1739	1101.7
1740	0
1741	0.6
1742	0.3
1743	184.6
1744	17.9
1745	115
1746	3666.9
1747	575.8
1748	45.8
1749	18.7
1750	26.3
1751	3678.7
1752	3695.3
1753	29.1
1754	235.1
1755	13.4
1756	1645.3
1757	52.4
1758	8.7
1759	233.6
1760	1076
1761	70.5
1762	14.5
1763	31.5
1764	23.1
1765	1.6
1766	40.1
1767	4109.7
1768	0
1769	4471.2
1770	83.2
1771	15.2
1772	0
1773	11.8
1774	457.6
1775	0
1776	16.1
1777	8971.1
1778	0.3
1779	0.6
1780	0.3
1781	4394.5
1782	281
1783	4572
1784	609.2
1785	4042.8
1786	11.5
1787	114.1
1788	16.9
1789	8.1
1790	0.2
1791	12.1
1792	204.1
1793	1045.9
1794	94.6
1795	3982.1
1796	4184.5
1797	40.9
1798	20.5
1799	0
1800	36.7
1801	11.6
1802	19
1803	0
1804	633.9
1805	1.2
1806	61.1
1807	76.4
1808	633.9
1809	33.5
1810	35.8
1811	8313.1
1812	0
1813	11.5
1814	55.4
1815	5764.6
1816	15.8
1817	19.6
1818	5756.8
1819	39.8
1820	25.3
1821	15.8
1822	37
1823	9.7
1824	0
1825	122.4
1826	118.1
1827	2528.1
1828	8294.4
1829	195.9
1830	0
1831	776.4
1832	0
1833	25.4
1834	0
1835	3946.1
1836	3918.9
1837	0
1838	0
1839	14.5
1840	102.6
1841	676
1842	871.8
1843	87.8
1844	8301.5
1845	25.1
1846	0
1847	762.9
1848	14.9
1849	104
1850	16.4
1851	38.5
1852	156.8
1853	28.8
1854	192.2
1855	12
1856	295
1857	0
1858	35.2
1859	52.6
1860	1022
1861	0
1862	17.2
1863	3839.5
1864	15.5
1865	13.4
1866	20.9
1867	3851
1868	70.2
1869	28
1870	192
1871	26.8
1872	377.2
1873	247.2
1874	74.2
1875	3839.5
1876	81.8
1877	0
1878	3839.5
1879	50.6
1880	48.7
1881	25.1
1882	0
1883	16
1884	14.3
1885	21.1
1886	23.7
1887	0
1888	9.5
1889	0.1
1890	48.7
1891	205.1
1892	20.2
1893	9.4
1894	12.8
1895	52.6
1896	12.5
1897	33.8
1898	52.4
1899	350.4
1900	0
1901	14.6
1902	11.1
1903	8.4
1904	12.2
1905	2526.2
1906	0
1907	0
1908	834.6
1909	8.7
1910	208.1
1911	14.8
1912	16.4
1913	0
1914	34.5
1915	0
1916	122
1917	12.5
1918	14.9
1919	0
1920	3839.5
1921	8.4
1922	0
1923	0
1924	3839.5
1925	11.3
1926	72.6
1927	29.1
1928	2319.5
1929	0
1930	0
1931	0
1932	46.1
1933	14.3
1934	14.4
1935	0
1936	8.2
1937	3839.5
1938	81.8
1939	31.3
1940	0
1941	292
1942	36.4
1943	3839.5
1944	15.1
1945	0
1946	0
1947	0
1948	468.8
1949	12.6
1950	44.1
1951	0
1952	4.3
1953	83.1
1954	3839.5
1955	3
1956	15.2
1957	25.4
1958	0
1959	6.2
1960	2258.6
1961	25.9
1962	45.1
1963	0
1964	0
1965	0
1966	5
1967	465.5
1968	5
1969	0
1970	146.8
1971	0
1972	0
1973	3839.5
1974	162.4
1975	94.8
1976	1.8
1977	468.8
1978	34.9
1979	32.3
1980	0
1981	2228.1
1982	6.5
1983	0
1984	0
1985	56.1
1986	4.1
1987	16
1988	50.7
1989	213.8
1990	61.8
1991	0
1992	0
1993	6.5
1994	13.6
1995	1936.7
1996	0
1997	5
1998	49.6
1999	0
2000	79.4
2001	47.4
2002	2.3
2003	3.5
2004	3839.5
2005	0
2006	7.8
2007	0
2008	465.5
2009	0
2010	73.1
2011	151.7
2012	0
2013	88.7
2014	88
2015	5.6
2016	0
2017	0
2018	3.1
2019	3839.5
2020	0
2021	240.9
2022	217.7
2023	18.3
2024	73.7
2025	36
2026	0
2027	3.2
2028	20
2029	243.6
2030	0
2031	5.8
2032	0.6
2033	0
2034	0
2035	29.2
2036	7
2037	28.6
2038	55.8
2039	0
2040	0
2041	7.7
2042	4.1
2043	47.8
2044	10.2
2045	0
2046	3839.5
2047	2.8
2048	0
2049	0
2050	76.2
2051	3.6
2052	0
2053	20.7
2054	9.8
2055	2.7
2056	198.4
2057	12.5
2058	10.7
2059	0
2060	213.9
2061	0.6
2062	2022.3
2063	0
2064	6.5
2065	0
2066	0
2067	3.3
2068	0
2069	10.6
2070	3.6
2071	4.1
2072	0
2073	5.6
2074	10.8
2075	0
2076	11.9
2077	0
2078	7.3
2079	0
2080	0
2081	7.8
2082	0
2083	3.1
2084	1715.7
2085	0
2086	9.1
2087	0
2088	35.8
2089	5.1
2090	15.1
2091	7.1
2092	11.1
2093	8.6
2094	0
2095	2.6
2096	0
2097	206.1
2098	17.6
2099	7
2100	22.5
2101	0
2102	37.1
2103	3839.5
2104	3839.5
2105	0
2106	0
2107	0
2108	21.7
2109	0
2110	0
2111	0
2112	35.7
2113	1702
2114	0
2115	13.7
2116	6.8
2117	6.3
2118	109.8
2119	1570.6
2120	12
2121	1.4
2122	50.4
2123	0
2124	25.7
2125	4.8
2126	0
2127	187.2
2128	0
2129	3839.5
2130	0
2131	17.9
2132	9.5
2133	0
2134	0
2135	1569.9
2136	20.5
2137	9.6
2138	5.1
2139	14.1
2140	3839.5
2141	43.1
2142	25.9
2143	0
2144	0
2145	23.2
2146	1.9
2147	12.1
2148	29.2
2149	0
2150	43.5
2151	0
2152	20.4
2153	152.3
2154	17.7
2155	0
2156	0
2157	0
2158	3.4
2159	2.5
2160	186.3
2161	0
2162	0
2163	30.1
2164	0
2165	2.8
2166	3839.5
2167	0
2168	0
2169	54.1
2170	0
2171	0
2172	0
2173	62.5
2174	0
2175	0.5
2176	0
2177	293.3
2178	8.3
2179	0
2180	4.9
2181	60
2182	0
2183	0
2184	0
2185	16.4
2186	0.5
2187	1.9
2188	3839.5
2189	0
2190	176.1
2191	0
2192	0
2193	0
2194	41.1
2195	3.4
2196	0
2197	10.7
2198	3839.5
2199	293.3
2200	0
2201	1.2
2202	5.3
2203	0
2204	3839.5
2205	0
2206	200.7
2207	2.4
2208	1.3
2209	0
2210	63.5
2211	0
2212	5.3
2213	478.9
2214	0
2215	7.6
2216	135.9
2217	0
2218	0
2219	31.9
2220	9.8
2221	0
2222	97.4
2223	0
2224	0
2225	174.7
2226	30.7
2227	62.2
2228	0
2229	0
2230	5.7
2231	0
2232	1233.5
2233	0
2234	17.2
2235	0
2236	0
2237	0
2238	0
2239	126.3
2240	0
2241	7.5
2242	0
2243	0
2244	0
2245	9.7
2246	0
2247	0
2248	21.8
2249	56.4
2250	3839.5
2251	2.7
2252	695.6
2253	0
2254	1.5
2255	0
2256	19.4
2257	11.5
2258	0
2259	637.3
2260	0
2261	0
2262	0
2263	12.2
2264	45.7
2265	600.4
2266	0
2267	0
2268	59
2269	123.9
2270	0
2271	14.3
2272	0
2273	10.1
2274	0
2275	31.6
2276	2.8
2277	0
2278	0
2279	3839.5
2280	0
2281	0
2282	593.1
2283	3
2284	0
2285	561.7
2286	45.4
2287	8.4
2288	18.5
2289	0
2290	0
2291	3839.5
2292	551.7
2293	114.9
2294	114.9
2295	11.6
2296	8.4
2297	18.5
2298	0
2299	1.5
2300	0
2301	0
2302	0
2303	0
2304	0
2305	3839.5
2306	421.5
2307	53.9
2308	0
2309	9.5
2310	50.3
2311	0
2312	0
2313	0.7
2314	0
2315	0
2316	3838.8
2317	14.1
2318	3838.8
2319	0.7
2320	16.6
2321	21.8
2322	0
2323	0
2324	36
2325	39.1
2326	4.6
2327	0.7
2328	8.4
2329	0.7
2330	0
2331	0
2332	105.5
2333	0.7
2334	12.1
2335	0
2336	19.9
2337	0
2338	2.2
2339	100.7
2340	12.6
2341	10.2
2342	0
2343	1.4
2344	0.6
2345	97.5
2346	38.5
2347	0
2348	0.7
2349	100.7
2350	0
2351	16.9
2352	0.7
2353	14
2354	0.1
2355	6.6
2356	0
2357	0.6
2358	1.8
2359	359.7
2360	8
2361	10.8
2362	6.7
2363	18.5
2364	5.1
2365	6.8
2366	0
2367	0.1
2368	14.3
2369	2.4
2370	7.9
2371	0
2372	4.8
2373	20.2
2374	1.4
2375	0.1
2376	0.1
2377	4.6
2378	9.9
2379	969.7
2380	14.3
2381	10.2
2382	6.7
2383	0
2384	0.5
2385	1.7
2386	0
2387	0
2388	187.7
2389	16.2
2390	2
2391	205.3
2392	342.8
2393	0.1
2394	283.4
2395	82.9
2396	960.9
2397	0
2398	0.7
2399	10.1
2400	0
2401	6.4
2402	26.1
2403	3.9
2404	3.8
2405	33.6
2406	266.2
2407	0
2408	10.7
2409	37.7
2410	169.5
2411	152.8
2412	44.9
2413	0.1
2414	7.6
2415	100.4
2416	945.3
2417	270.9
2418	13.3
2419	2457.3
2420	7.6
2421	0.1
2422	12.9
2423	9.3
2424	93.5
2425	2.1
2426	0
2427	0
2428	16.1
2429	0.4
2430	0
2431	7.6
2432	926.7
2433	6
2434	13.9
2435	0
2436	926.7
2437	62.2
2438	51.5
2439	20.1
2440	4.7
2441	0.1
2442	6.2
2443	8.6
2444	274.2
2445	10.7
2446	5.2
2447	12
2448	67.2
2449	0.1
2450	0
2451	4.2
2452	15
2453	231.1
2454	0
2455	926.6
2456	17.7
2457	0.1
2458	2448.2
2459	7.5
2460	16.8
2461	33.9
2462	8.8
2463	2.1
2464	89.8
2465	0.2
2466	0.1
2467	431.3
2468	207.9
2469	7.1
2470	18.9
2471	2448.2
2472	7.5
2473	13
2474	7.3
2475	2419.2
2476	0.3
2477	26
2478	4.3
2479	0.2
2480	4.6
2481	6.3
2482	41.2
2483	0
2484	926.2
2485	183.9
2486	15.9
2487	0
2488	4
2489	84.7
2490	26
2491	1.9
2492	16.2
2493	0.1
2494	15.3
2495	8.1
2496	1.4
2497	393.9
2498	165
2499	33.7
2500	876.7
2501	24
2502	14.2
2503	28.1
2504	23.9
2505	876.7
2506	10.3
2507	0.1
2508	13
2509	0.2
2510	7
2511	25
2512	851.2
2513	23
2514	132
2515	137.5
2516	2345.2
2517	8
2518	2.7
2519	11.2
2520	811.4
2521	80.7
2522	157
2523	1.9
2524	0
2525	5.2
2526	82.3
2527	10.2
2528	10.8
2529	7.3
2530	431.3
2531	382.2
2532	6.7
2533	29.7
2534	38.6
2535	8
2536	9.6
2537	46
2538	145.5
2539	227.6
2540	61.2
2541	25.2
2542	811.4
2543	15.8
2544	32.6
2545	115.9
2546	74.6
2547	11.2
2548	74.7
2549	4.3
2550	0
2551	20.7
2552	171.1
2553	19.6
2554	360.1
2555	5.6
2556	7.6
2557	16.2
2558	23.1
2559	349
2560	54.9
2561	97.5
2562	21.5
2563	124.9
2564	344.8
2565	34.6
2566	2.5
2567	4.9
2568	128.3
2569	40.8
2570	5.4
2571	1.6
2572	2342.4
2573	0.5
2574	2326.7
2575	30.5
2576	12.1
2577	7.2
2578	7.7
2579	7.7
2580	2284.8
2581	202.8
2582	95.7
2583	8.8
2584	0
2585	16.4
2586	15.1
2587	19.3
2588	4
2589	46.1
2590	6.7
2591	7.3
2592	86.6
2593	238.3
2594	15.9
2595	0
2596	29.3
2597	19.2
2598	163.2
2599	4.5
2600	5.9
2601	8
2602	45.7
2603	69.9
2604	12.6
2605	29.9
2606	0.8
2607	12.9
2608	15.7
2609	17.7
2610	0.2
2611	7.7
2612	4.9
2613	9.6
2614	127.3
2615	6.4
2616	20.8
2617	52.3
2618	9.3
2619	2256.9
2620	18.5
2621	11.3
2622	11.2
2623	5.9
2624	60.4
2625	147.8
2626	2.5
2627	27.9
2628	7.8
2629	0
2630	7.9
2631	5.5
2632	6.8
2633	26.9
2634	35.9
2635	5.2
2636	25.5
2637	0
2638	17.4
2639	225
2640	190.4
2641	7.2
2642	4.8
2643	54.4
2644	21
2645	38.3
2646	181
2647	2.8
2648	10.9
2649	0.9
2650	11.7
2651	0
2652	1.5
2653	24.9
2654	26.8
2655	38
2656	63.8
2657	3.2
2658	154.8
2659	21.8
2660	20
2661	60.2
2662	17.6
2663	51.9
2664	15.7
2665	54.1
2666	19.2
2667	2.5
2668	8.5
2669	4.8
2670	8.4
2671	32.4
2672	26
2673	0.4
2674	6.2
2675	29.8
2676	1
2677	30.4
2678	8
2679	1.3
2680	4
2681	2256.9
2682	891.8
2683	35.1
2684	4.5
2685	45.3
2686	6
2687	9.5
2688	7.3
2689	1339.3
2690	4.4
2691	907.6
2692	0.4
2693	4.6
2694	7.2
2695	0
2696	29.4
2697	0
2698	31.6
2699	5.1
2700	9.8
2701	1.3
2702	3.8
2703	14.3
2704	0.9
2705	14.1
2706	5.3
2707	1.3
2708	170.4
2709	10.9
2710	180
2711	6.2
2712	0
2713	6.9
2714	19
2715	14.2
2716	5.4
2717	789.7
2718	14.9
2719	3.6
2720	11.5
2721	9.4
2722	4.6
2723	43.2
2724	2.7
2725	197.8
2726	42
2727	24.5
2728	25.3
2729	11.7
2730	7.7
2731	0
2732	14.4
2733	4.9
2734	5.6
2735	7.9
2736	3.3
2737	74.7
2738	222.3
2739	58.3
2740	773.8
2741	235
2742	5.1
2743	15.4
2744	8.9
2745	17.5
2746	3.3
2747	16
2748	0
2749	42.4
2750	18.1
2751	5.6
2752	20.1
2753	5.2
2754	29.4
2755	306.2
2756	30.5
2757	63.3
2758	12.1
2759	8.3
2760	5.2
2761	3.9
2762	56.2
2763	30.5
2764	4.1
2765	57.7
2766	3.9
2767	1.1
2768	70.3
2769	6
2770	78
2771	13.8
2772	1252.8
2773	4.8
2774	29.3
2775	628.2
2776	112.8
2777	7.8
2778	4.3
2779	93.1
2780	3
2781	9.2
2782	16.7
2783	5.7
2784	7.9
2785	33
2786	7.7
2787	30.5
2788	4.4
2789	20.5
2790	15.9
2791	9.7
2792	5.1
2793	29.5
2794	18.4
2795	4.5
2796	939.2
2797	65.6
2798	7.1
2799	8.8
2800	627.4
2801	9.4
2802	21.8
2803	6.9
2804	9.5
2805	620.8
2806	8.1
2807	5.8
2808	67.7
2809	1273.6
2810	1.3
2811	8.8
2812	3.5
2813	928.5
2814	15.3
2815	5.9
2816	134.4
2817	109.5
2818	6.3
2819	16.1
2820	5.9
2821	51.2
2822	5.6
2823	6.6
2824	47.4
2825	126.7
2826	44.9
2827	5.4
2828	7.2
2829	6.7
2830	166.2
2831	7.9
2832	70
2833	147.3
2834	10.4
2835	5.3
2836	24
2837	10.7
2838	8.3
2839	8.9
2840	17.9
2841	8.9
2842	23.6
2843	7.3
2844	5.6
2845	164.1
2846	55.8
2847	27.1
2848	20.7
2849	4.4
2850	589.9
2851	8.4
2852	13.2
2853	5.5
2854	14.3
2855	15.6
2856	20.7
2857	12.5
2858	5.6
2859	172.8
2860	7.5
2861	63.9
2862	4.1
2863	3.2
2864	916.5
2865	38.4
2866	4.6
2867	31.8
2868	4
2869	7.8
2870	205.6
2871	11.4
2872	434.9
2873	10.2
2874	61.9
2875	131
2876	1.3
2877	36.2
2878	8.2
2879	4
2880	109.2
2881	9
2882	14.7
2883	49.4
2884	20.5
2885	3.3
2886	5.7
2887	11.5
2888	71.1
2889	7.4
2890	5.2
2891	53.5
2892	18.8
2893	11.5
2894	10.8
2895	85.2
2896	72.4
2897	25.7
2898	255.4
2899	7.3
2900	32.8
2901	85.7
2902	6.4
2903	43
2904	77.9
2905	50.6
2906	54.7
2907	16.9
2908	29.1
2909	15.5
2910	89
2911	7.2
2912	31.3
2913	27
2914	36.5
2915	6.6
2916	26.3
2917	8.5
2918	8.5
2919	87.7
2920	2.6
2921	20.7
2922	72.7
2923	25.1
2924	319.7
2925	21.7
2926	294
2927	7.8
2928	41.6
2929	12.4
2930	33.5
2931	241.3
2932	777
2933	7.9
2934	19.3
2935	10.2
2936	112.2
2937	10.3
2938	3.7
2939	51.2
2940	115.2
2941	312
2942	9
2943	12.4
2944	2.6
2945	10.3
2946	25.7
2947	330.6
2948	28.8
2949	65.1
2950	14.9
2951	9
2952	12.8
2953	31.2
2954	8.5
2955	298.3
2956	756.2
2957	325.6
2958	262.5
2959	279.4
2960	97
2961	19.3
2962	14
2963	13.1
2964	13.2
2965	8.8
2966	340.3
2967	17.3
2968	8.4
2969	9
2970	7.2
2971	87.5
2972	19.4
2973	157.4
2974	7.1
2975	26.1
2976	386.8
2977	4.4
2978	17.9
2979	11.4
2980	24.6
2981	23.1
2982	13.2
2983	7.5
2984	55.2
2985	9.6
2986	35
2987	15.1
2988	690.2
2989	2.7
2990	27.8
2991	21.2
2992	23.2
2993	87
2994	67.1
2995	38.8
2996	364.1
2997	379.8
2998	8
2999	37.2
3000	359.2
3001	5.5
3002	36.2
3003	108.1
3004	2.8
3005	6.1
3006	11
3007	18.6
3008	10.3
3009	162.5
3010	163.9
3011	6.3
3012	10.8
3013	11.3
3014	8.7
3015	2.5
3016	87.4
3017	31
3018	468.8
3019	2.6
3020	2649.8
3021	49.5
3022	8.7
3023	2
3024	22.2
3025	2159.8
3026	9.7
3027	739.6
3028	1686.1
3029	1259.5
3030	22.1
3031	348.5
3032	29.6
3033	1.5
3034	9.8
3035	1688.8
3036	163.5
3037	5.4
3038	109.5
3039	25.5
3040	72
3041	22.3
3042	46.6
3043	1277.2
3044	6.2
3045	820
3046	93.5
3047	103.3
3048	14.9
3049	2588.5
3050	30
3051	4.1
3052	59.3
3053	18.4
3054	2531.6
3055	356.9
3056	1290.6
3057	2.5
3058	1267.9
3059	5.2
3060	5
3061	9.9
3062	19.6
3063	228.2
3064	97.1
3065	265.5
3066	14.2
3067	198.1
3068	53.7
3069	2.3
3070	1681
3071	339.6
3072	15.6
3073	45.4
3074	159.1
3075	5.2
3076	6.3
3077	348.8
3078	5.8
3079	11.5
3080	1647.1
3081	2.3
3082	7.2
3083	61.4
3084	6
3085	50.1
3086	7.4
3087	62.1
3088	12.3
3089	30.4
3090	12.7
3091	4.4
3092	26.1
3093	14.1
3094	28.7
3095	1.8
3096	50.9
3097	17.7
3098	32.5
3099	9.2
3100	291
3101	45.1
3102	7.1
3103	15.3
3104	19.9
3105	18.6
3106	43.3
3107	144.6
3108	3.7
3109	3.5
3110	6.3
3111	55.1
3112	5.3
3113	55.9
3114	6.4
3115	12.9
3116	9.8
3117	56.8
3118	15.6
3119	16.3
3120	4.1
3121	21
3122	1.9
3123	11.9
3124	1.6
3125	33.8
3126	9.3
3127	2
3128	2.5
3129	5.8
3130	1.3
3131	8.6
3132	9.2
3133	16.1
3134	44.8
3135	3.6
3136	23.6
3137	1.2
3138	1.8
3139	35
3140	11.3
3141	1.7
3142	12.7
3143	20.2
3144	304.6
3145	1.7
3146	1.3
3147	6.3
3148	18.3
3149	120
3150	1.1
3151	6.1
3152	151.9
3153	34
3154	23
3155	46.5
3156	3.5
3157	3.8
3158	1.2
3159	17.7
3160	2.9
3161	4.6
3162	7.1
3163	2.6
3164	2.4
3165	1.9
3166	139.1
3167	15.2
3168	23.9
3169	122.7
3170	22.9
3171	5.7
3172	44.9
3173	110.2
3174	8.6
3175	11.3
3176	2.3
3177	113.4
3178	166.4
3179	1.2
3180	3
3181	12.1
3182	25.3
3183	8.9
3184	8.5
3185	3.9
3186	5.5
3187	32.7
3188	4
3189	4.4
3190	1.8
3191	9.6
3192	2.5
3193	1.6
3194	22.2
3195	9.3
3196	34.1
3197	9
3198	1.7
3199	8.1
3200	1.3
3201	49.6
3202	0
3203	19.4
3204	10.9
3205	2.3
3206	1.2
3207	100.5
3208	48.6
3209	0.6
3210	15
3211	3.5
3212	30.5
3213	113.5
3214	3.9
3215	1.2
3216	48.5
3217	52.4
3218	5.6
3219	32.3
3220	1.5
3221	49.6
3222	26.3
3223	3.2
3224	32.3
3225	54.8
3226	14
3227	47.1
3228	67.9
3229	1.2
3230	2.7
3231	1
3232	1.5
3233	3.1
3234	4
3235	79.1
3236	1.8
3237	2.7
3238	23.8
3239	2
3240	1.7
3241	3.1
3242	13.4
3243	2.2
3244	68.4
3245	100.6
3246	43.7
3247	0.8
3248	1.5
3249	2.7
3250	7.5
3251	95.2
3252	4.8
3253	66.8
3254	1.8
3255	4.2
3256	1.3
3257	2.3
3258	86.3
3259	14.3
3260	4.2
3261	1.2
3262	19.1
3263	82.7
3264	61.3
3265	2.9
3266	11.6
3267	5.3
3268	21.2
3269	31
3270	1
3271	2.1
3272	22.5
3273	1.5
3274	37.6
3275	1
3276	2.9
3277	10.2
3278	5
3279	2
3280	16.9
3281	38.4
3282	1.2
3283	1.2
3284	0.7
3285	19.3
3286	50.3
3287	12.4
3288	6.7
3289	8.6
3290	4.4
3291	7.7
3292	8.4
3293	4.5
3294	1.7
3295	2.4
3296	5.9
3297	51.2
3298	4.3
3299	1
3300	7.2
3301	1
3302	3.9
3303	3.1
3304	1.4
3305	4.8
3306	0.9
3307	9.6
3308	3.1
3309	10
3310	4.5
3311	2.5
3312	3.1
3313	5.8
3314	16.1
3315	2.3
3316	16.9
3317	1.3
3318	5.5
3319	2.7
3320	14.6
3321	2.8
3322	1.6
3323	3
3324	6
3325	1
3326	7.5
3327	11.1
3328	2.9
3329	5.3
3330	2.1
3331	15.2
3332	16.5
3333	0.7
3334	4
3335	4.7
3336	1.2
3337	3.2
3338	15.4
3339	6.8
3340	1.5
3341	7.3
3342	0.8
3343	5.3
3344	1.7
3345	1.7
3346	7.1
3347	8.8
3348	1.1
3349	0.6
3350	1.7
3351	1.9
3352	4.5
3353	42.9
3354	1.9
3355	4.2
3356	1.8
3357	2.1
3358	2.3
3359	1.2
3360	2.7
3361	2.1
3362	0.9
3363	4.9
3364	1.4
3365	6.2
3366	36.9
3367	1.3
3368	4
3369	3.2
3370	2.7
3371	1.1
3372	4
3373	1.1
3374	35.9
3375	1
3376	4.6
3377	1
3378	1
3379	6.1
3380	28.9
3381	1.4
3382	0.7
3383	3.1
3384	18.4
3385	9.3
3386	1.9
3387	3.7
3388	0.8
3389	14.3
3390	10.4
3391	3.5
3392	1.3
3393	1.8
3394	3.4
3395	3.1
3396	8.7
3397	2.4
3398	3.6
3399	3.1
3400	271.7
3401	131
3402	260.6
3403	1310.4
3404	831
3405	772.1
3406	472.3
3407	2358.7
3408	253.1
3409	2442.9
3410	0
3411	0
3412	93.5
3413	380.3
3414	184.7
3415	160.7
3416	70.8
3417	119.4
3418	183.7
3419	1824.9
3420	3302.7
3421	4955
3422	104.1
3423	795.8
3424	52.6
3425	405.4
3426	963
3427	9.4
3428	31.7
3429	107.2
3430	14.9
3431	484.1
3432	962.8
3433	109.3
3434	157.1
3435	22118.3
3436	1544.4
3437	194.1
3438	22117.3
3439	22118.4
3440	276.1
3441	1366
3442	17069.1
3443	475.3
3444	222.7
3445	22118.5
3446	22118.8
3447	22116.5
3448	6.2
3449	46.4
3450	22118.7
3451	1451.7
3452	345.8
3453	75.6
3454	531.2
3455	102.3
3456	2630.5
3457	435.8
3458	199.7
3459	10.6
3460	509
3461	12444.2
3462	676.7
3463	3648.6
3464	911.2
3465	4.1
3466	83.9
3467	21.8
3468	8892.1
3469	60.8
3470	5085
3471	180.6
3472	121
3473	261.5
3474	980.4
3475	3839.5
3476	0
3477	130.5
3478	35.2
3479	3839.5
3480	2329.7
3481	81.9
3482	574
3483	13.5
3484	2230.7
3485	56.8
3486	0
3487	172.9
3488	47.4
3489	1917
3490	1873.9
3491	0
3492	43.4
3493	1690
3494	169.1
3495	119
3496	184.7
3497	1552.7
3498	1298.6
3499	374.2
3500	1223.1
3501	169.6
3502	15
3503	3839.5
3504	3839.5
3505	140.3
3506	481.1
3507	3839.5
3508	1
3509	111.3
3510	3838.8
3511	403
3512	84.1
3513	93.9
3514	3838.8
3515	308.9
3516	3710.2
3517	46.6
3518	942.4
3519	76.7
3520	0.3
3521	2452.7
3522	134.7
3523	2411.2
3524	34.8
3525	2403.1
3526	10.5
3527	2342.4
3528	441.1
3529	75.4
3530	38
3531	141
3532	7.7
3533	2284.8
3534	2256.9
3535	152.3
3536	828.1
3537	13.6
3538	0
3539	165.4
3540	131
3541	1332.1
3542	761.2
3543	1311.6
3544	37.5
3545	41
3546	22.3
3547	918.4
3548	576
3549	84.1
3550	173.7
3551	291.3
3552	892.4
3553	834.7
3554	323.4
3555	374.5
3556	452.5
3557	17.1
3558	255.7
3559	160.7
3560	363
3561	2550.5
3562	99.4
3563	1117.5
3564	155.9
3565	154.2
3566	20.7
3567	1065.3
3568	1640.3
3569	164.6
3570	272.1
3571	106.6
3572	71.7
3573	95.9
3574	324.5
3575	52.4
3576	272.8
3577	327.9
3578	69.8
3579	300.2
3580	129.3
3581	15.8
3582	28.5
3583	108.7
3584	102.2
3585	52.9
3586	66.7
3587	24.6
3588	14.3
3589	16.4
3590	21.3
3591	12.1
3592	8.6
3593	5.5
3594	7.9
