"COMID"	"Value"
1	2
2	15
3	0.2
4	0.2
5	0.7
6	0
7	1.8
8	1.4
9	10.7
10	0
11	0.5
12	7.7
13	0
14	8
15	0.7
16	2
17	4.7
18	1.9
19	0.3
20	3.1
21	0.9
22	0.3
23	0
24	0.5
25	1.2
26	1
27	0.6
28	0.3
29	0.5
30	0
31	8
32	0.1
33	0.7
34	9.1
35	0.3
36	1.5
37	10.5
38	0
39	3.2
40	4.7
41	6.6
42	0.8
43	6.3
44	0.1
45	14.4
46	52.5
47	1.5
48	1.1
49	2.8
50	20.8
51	1.2
52	8.4
53	0.8
54	0.7
55	1
56	13.8
57	5.7
58	12.5
59	4.9
60	11.4
61	0.6
62	0.6
63	0.7
64	20.6
65	1.5
66	2.2
67	4.9
68	0.4
69	2.1
70	0.1
71	2.5
72	1.5
73	0.7
74	0.4
75	0.3
76	0.1
77	0
78	0.3
79	2.3
80	0.1
81	0.2
82	0
83	16.6
84	0
85	0.6
86	0.3
87	0.7
88	2.9
89	0.6
90	0.9
91	1.4
92	2.5
93	1.9
94	2.8
95	1.2
96	2.1
97	6.4
98	2.5
99	0.1
100	2.4
101	0.4
102	0.6
103	0.9
104	2.6
105	0.6
106	0.6
107	0.4
108	0
109	0.7
110	3.2
111	0
112	0.4
113	24.6
114	0.6
115	0.9
116	0.5
117	0.1
118	0.8
119	0
120	0.4
121	0.1
122	4.9
123	2.6
124	0.5
125	0.3
126	1.7
127	0.4
128	0.3
129	1
130	1.3
131	5.1
132	0.1
133	0.1
134	5.2
135	1.5
136	0.6
137	0.5
138	0.5
139	0.2
140	0.7
141	1.5
142	0.2
143	0
144	0.5
145	25.5
146	0.6
147	0.8
148	0.6
149	0.3
150	2.5
151	0
152	1.5
153	0.1
154	3.2
155	0
156	2.3
157	1.2
158	0.8
159	3.5
160	2.5
161	2.1
162	0.1
163	0.1
164	0.2
165	0
166	0.1
167	0.2
168	0
169	0.1
170	0.8
171	1
172	0.2
173	0.1
174	49.1
175	0.1
176	1.1
177	2.9
178	3.8
179	0.5
180	0.2
181	0
182	8.7
183	0
184	0.3
185	0.3
186	2
187	0.3
188	0.1
189	0.1
190	0.4
191	0.2
192	0.4
193	11.3
194	0.8
195	0
196	0.4
197	1.8
198	0.3
199	0.4
200	26
201	26.4
202	0.1
203	0.1
204	14
205	2
206	1.9
207	2.3
208	0.6
209	0.5
210	0.5
211	0.8
212	1.2
213	2.1
214	0.1
215	0.5
216	3.1
217	0.3
218	0.2
219	0.3
220	16.7
221	0
222	0.2
223	4.4
224	0
225	8.3
226	0.7
227	1.9
228	1.6
229	0.4
230	9
231	1.1
232	0.2
233	2.1
234	8.8
235	9
236	0.4
237	0.4
238	0.7
239	0.1
240	0.5
241	0.1
242	1.9
243	0
244	0.5
245	0.8
246	0.5
247	0
248	0
249	1.9
250	0.7
251	0.6
252	1.4
253	0.4
254	0
255	0
256	0
257	0
258	0
259	0
260	0
261	0.3
262	0.4
263	0
264	0
265	0
266	0.3
267	1.2
268	1.2
269	2.1
270	0
271	0.4
272	0.1
273	0.5
274	8.8
275	0.3
276	0
277	0.2
278	0.2
279	9.5
280	0
281	0.1
282	0.7
283	0.2
284	0.2
285	0
286	0.1
287	1.1
288	0.1
289	0.3
290	0.4
291	5.3
292	0.3
293	8.8
294	4.7
295	0.1
296	1.9
297	0.5
298	0
299	0
300	2.4
301	0.2
302	2.3
303	0.7
304	0.1
305	1
306	0.3
307	3.4
308	0.2
309	0.4
310	0.8
311	0.6
312	4.6
313	0.9
314	2.7
315	0.4
316	0.8
317	0
318	1.5
319	0
320	0.7
321	1.3
322	0.5
323	0.7
324	0.1
325	0
326	0.8
327	0.1
328	0.3
329	1.3
330	0
331	3.3
332	0.1
333	3.4
334	0.3
335	0.2
336	0.4
337	0
338	3.5
339	2.7
340	0.1
341	4
342	8.8
343	2.7
344	6.1
345	0.3
346	0
347	0.1
348	0.4
349	0.4
350	0.3
351	0.3
352	0.4
353	0.3
354	0.4
355	0
356	0.4
357	0.8
358	0.8
359	0
360	0.2
361	0.8
362	0.2
363	0.2
364	0.8
365	0.6
366	1.3
367	8.8
368	2.6
369	0
370	0.2
371	0.8
372	8
373	0.5
374	9.6
375	0.9
376	1.6
377	0.3
378	4.1
379	0
380	0.5
381	0
382	0
383	4.2
384	52.5
385	0
386	9.6
387	11.5
388	6.7
389	6.2
390	12.8
391	6
392	5
393	0
394	1
395	0
396	0
397	9.6
398	26.4
399	0.5
400	24.9
401	0.4
402	0
403	0
404	0
405	7
406	0.9
407	0.5
408	0
409	0
410	8.8
411	0.5
412	0.2
413	0.8
414	0
415	0
416	0.5
417	0
418	0
419	4.1
420	0
421	1.4
422	0
423	1.5
424	2.9
425	2.8
426	1.4
427	2.9
428	0.7
429	0.3
430	1.6
431	0
432	0.6
433	43.1
434	6.4
435	0.6
436	46.3
437	46.6
438	37.2
439	0
440	0.2
441	5.5
442	15.4
443	0.9
444	0.5
445	28.7
446	8.3
447	7.7
448	4.2
449	1.6
450	0.7
451	0
452	2
453	46.8
454	9.5
455	8.9
456	5.7
457	1.2
458	1.1
459	0.8
460	0.4
461	4.9
462	1.8
463	43.2
464	23.9
465	2.8
466	1.5
467	1.2
468	25.6
469	0.7
470	14
471	11.1
472	0.3
473	7.4
474	14.6
475	9.5
476	9.5
477	4.1
478	3.7
479	8.8
480	0.2
481	0
482	1.5
483	6.5
484	2.5
485	9.5
486	0
487	0.6
488	7.9
489	0
490	8.2
491	1.6
492	1.3
493	8.2
494	0.7
495	0
496	0
497	0.5
498	1.7
499	0
500	0.4
501	0.3
502	1
503	0.9
504	1.3
505	0.9
506	2
507	1.2
508	5.6
509	4.9
510	0.5
511	2.8
512	1.4
513	0
514	0.5
515	0
516	1.4
517	2.6
518	0.5
519	0.9
520	0.1
521	1.4
522	0.8
523	0
524	1.2
525	0.5
526	7.8
527	0.2
528	8.3
529	1.3
530	2.5
531	1.8
532	0.3
533	0.2
534	2.1
535	5.8
536	0.2
537	0
538	0
539	0.1
540	0.6
541	15.4
542	2.2
543	0.8
544	0.6
545	0.6
546	1.4
547	0.3
548	0
549	0.1
550	3
551	17.8
552	0.5
553	1.1
554	0.6
555	4.5
556	0.4
557	0.6
558	0.1
559	1.4
560	1.3
561	0.3
562	1.7
563	0.2
564	20.7
565	1
566	1.5
567	1.1
568	4.9
569	2.5
570	0
571	0.4
572	42.2
573	4.3
574	0.3
575	1.1
576	42.2
577	0
578	1
579	1.4
580	35.6
581	62.9
582	2.2
583	4.9
584	3.7
585	0
586	0.3
587	2.3
588	3
589	6
590	0
591	0.1
592	0.7
593	34.3
594	1.1
595	2.5
596	0.6
597	62.9
598	7.7
599	1.4
600	0.5
601	2.2
602	0
603	0.5
604	2.7
605	0
606	0.1
607	9.9
608	1.2
609	0
610	1.6
611	0.7
612	0
613	0
614	0.2
615	0.1
616	0
617	30.4
618	31.6
619	5.1
620	5.1
621	0.1
622	0.3
623	0.6
624	0.3
625	12.1
626	0.5
627	28.2
628	0.9
629	1.1
630	1.8
631	1.5
632	31
633	1.4
634	0
635	1.5
636	1
637	2.3
638	9.1
639	45.1
640	0.1
641	17.5
642	0
643	0.7
644	0
645	0.2
646	0.8
647	14.3
648	0.4
649	0.1
650	0.8
651	1.8
652	0.6
653	0
654	1.5
655	0
656	3.4
657	0.8
658	0.4
659	0.2
660	0
661	0.7
662	1
663	0.5
664	14
665	4.3
666	15.6
667	45.4
668	17.1
669	1.3
670	2.5
671	15.6
672	10.3
673	1
674	0.1
675	1.5
676	2.3
677	14.9
678	1.3
679	0.8
680	0
681	3.8
682	1.3
683	10.6
684	0.6
685	10.1
686	1.8
687	0
688	1
689	18.8
690	1
691	49.8
692	5.7
693	1.1
694	0
695	51.2
696	1.9
697	4.1
698	0.3
699	0.7
700	1
701	0.8
702	1.1
703	2.8
704	0.4
705	0.3
706	1.1
707	1.2
708	3.3
709	0.3
710	1.8
711	0.1
712	0.1
713	0.1
714	1.1
715	4.2
716	0
717	13
718	0.8
719	0.2
720	5
721	4.6
722	0.1
723	0.7
724	1.4
725	26.9
726	0
727	0
728	0.2
729	52.1
730	2.3
731	0.5
732	0
733	0.3
734	1.4
735	0.1
736	2.9
737	0.9
738	1.9
739	2.1
740	2
741	0.1
742	0.7
743	0.2
744	0
745	0.2
746	0.6
747	1.2
748	0.2
749	0.8
750	1.5
751	10.6
752	0.1
753	2.3
754	2.7
755	0.2
756	1.6
757	2.3
758	0.4
759	1.2
760	2.2
761	0.7
762	0.3
763	0.1
764	3.8
765	9.1
766	0
767	0.2
768	0.3
769	1.4
770	0.5
771	0.7
772	0.3
773	3.2
774	4.4
775	0.4
776	1
777	1.7
778	5.8
779	0
780	1.1
781	7.8
782	135.9
783	27.1
784	39.8
785	96.3
786	173.3
787	43.4
788	42
789	46.9
790	119.7
791	38.3
792	37.8
793	524.5
794	31.1
795	87.9
796	10.8
797	49.5
798	11.2
799	56.6
800	23.5
801	543.9
802	597.9
803	121
804	66.4
805	622.4
806	489.7
807	38.4
808	546.5
809	117.6
810	105.5
811	659.6
812	332.1
813	516
814	14.9
815	16.1
816	1281.5
817	36.4
818	28.1
819	401
820	593.4
821	10.7
822	24.8
823	1270.9
824	509.3
825	11
826	124.6
827	25.6
828	35.1
829	1310.1
830	40.6
831	1411.3
832	553.3
833	97.1
834	160.8
835	105.9
836	92.4
837	32.3
838	76.3
839	15.9
840	56.5
841	166
842	1565.6
843	6.7
844	51.5
845	868.9
846	26.9
847	686.6
848	18.5
849	59.9
850	301.7
851	52.8
852	79.4
853	9
854	34.5
855	36.8
856	20.2
857	21.5
858	35.3
859	893.7
860	35.4
861	128.2
862	3
863	1189.5
864	17
865	184.1
866	1657.3
867	50.4
868	68.6
869	1321.8
870	5.5
871	912.9
872	23.8
873	1.3
874	1277.1
875	48.1
876	17.5
877	14.5
878	21.4
879	80.4
880	963.6
881	81.6
882	22.6
883	26.8
884	18.3
885	66.5
886	0.9
887	1719.3
888	26.7
889	112.5
890	110
891	198.4
892	47.8
893	75.1
894	1.1
895	134.2
896	48.1
897	15
898	1388.5
899	27.2
900	108.9
901	1060.7
902	28.6
903	37.1
904	51.3
905	18.9
906	67.6
907	90.2
908	1761.5
909	39.8
910	0
911	11.6
912	241.4
913	19.4
914	275.5
915	0
916	1636.2
917	25.7
918	32.4
919	16.4
920	23.9
921	28.9
922	36.9
923	5.6
924	1081.9
925	14.8
926	33.6
927	8.9
928	0.3
929	2044.9
930	61.9
931	10.6
932	0.4
933	14.2
934	0
935	30.6
936	90.9
937	39
938	110.8
939	19.6
940	2167.3
941	73.3
942	132.4
943	0
944	173.6
945	22.4
946	126.8
947	0
948	1844
949	22.4
950	27.9
951	19.1
952	2154.9
953	20.3
954	0.3
955	38.8
956	197.3
957	10.6
958	19.7
959	2182.8
960	93.8
961	22.6
962	25
963	11.7
964	0
965	60.3
966	216.8
967	0
968	2196.3
969	11.1
970	21.8
971	78.7
972	37.5
973	27.2
974	2216.7
975	96.3
976	42.6
977	21.4
978	21.4
979	16.2
980	461.1
981	147.5
982	71
983	74.6
984	13.3
985	56.5
986	12.7
987	23.5
988	16.2
989	78.1
990	0
991	33.3
992	0
993	49.1
994	11.5
995	68.5
996	258.8
997	20.8
998	23.8
999	28.3
1000	0
1001	0.3
1002	25.6
1003	0
1004	296.1
1005	61.4
1006	26.9
1007	0
1008	0.2
1009	0
1010	196.3
1011	48.5
1012	24.1
1013	24.5
1014	11.1
1015	0.2
1016	0
1017	68.3
1018	24.2
1019	0.3
1020	57
1021	166.3
1022	15.7
1023	87.9
1024	21.6
1025	282.9
1026	51.9
1027	48.2
1028	365.5
1029	24.9
1030	0.1
1031	0
1032	0
1033	0
1034	61.9
1035	0
1036	1065.4
1037	2291.6
1038	29.6
1039	296.1
1040	27.5
1041	22.9
1042	0.4
1043	0
1044	305.9
1045	0.6
1046	0.8
1047	56.8
1048	421.8
1049	22.7
1050	0
1051	1166.5
1052	652.8
1053	25.9
1054	3124.6
1055	545.8
1056	100.4
1057	0
1058	1356.8
1059	0.1
1060	37.6
1061	0
1062	35.7
1063	24.3
1064	0
1065	2598.2
1066	21.9
1067	0.1
1068	0
1069	0
1070	19.5
1071	10.6
1072	0
1073	0
1074	39.1
1075	0
1076	20
1077	0.1
1078	157.7
1079	3319.8
1080	1.5
1081	0
1082	48.1
1083	0
1084	57.2
1085	35
1086	155.2
1087	0
1088	0
1089	0.4
1090	3284.5
1091	26.5
1092	0
1093	0.5
1094	0
1095	0.4
1096	0.3
1097	15.3
1098	0.3
1099	0
1100	0
1101	0
1102	1434.7
1103	0
1104	30.5
1105	0.4
1106	1.4
1107	0.1
1108	0.3
1109	3326.2
1110	0
1111	0
1112	231.4
1113	30.5
1114	40
1115	0.6
1116	0.3
1117	138.7
1118	0.9
1119	30.5
1120	0.3
1121	0.2
1122	1.3
1123	1.7
1124	16.1
1125	33.2
1126	21
1127	32.6
1128	426.7
1129	104.4
1130	0.5
1131	0
1132	113
1133	188.7
1134	2895.1
1135	3342.3
1136	0
1137	0.3
1138	2
1139	32.3
1140	1619.6
1141	0.3
1142	0
1143	17.8
1144	2.9
1145	0.4
1146	0.2
1147	2953.1
1148	24.5
1149	2948
1150	32.6
1151	2953.6
1152	497.3
1153	518.3
1154	0
1155	0
1156	14.3
1157	32.9
1158	214.9
1159	55.7
1160	0.6
1161	0
1162	0.4
1163	1.1
1164	18.7
1165	3382.3
1166	47.1
1167	12.4
1168	131.3
1169	27.8
1170	15.2
1171	2900.4
1172	78.7
1173	1.6
1174	32.1
1175	0.5
1176	16.8
1177	0
1178	0.4
1179	16.7
1180	3.1
1181	2899.7
1182	2957
1183	0
1184	5037.3
1185	33.6
1186	536.9
1187	2913.6
1188	2958.3
1189	2900.6
1190	2914.4
1191	25.7
1192	2958.7
1193	18.2
1194	2952.8
1195	13.2
1196	2913.8
1197	5252.2
1198	0
1199	21
1200	6.4
1201	2951.7
1202	3.8
1203	5252.2
1204	2903.9
1205	0.3
1206	0
1207	2898.4
1208	0
1209	2950.6
1210	43.8
1211	33.3
1212	0
1213	20.7
1214	585.7
1215	2901.8
1216	12.8
1217	2.8
1218	0.1
1219	0
1220	18.2
1221	2958.1
1222	2957
1223	0.5
1224	2958.5
1225	17.3
1226	24.2
1227	5.8
1228	0.2
1229	2901.5
1230	19.7
1231	0
1232	31.9
1233	0.1
1234	4
1235	0.3
1236	0
1237	127.6
1238	14.2
1239	0.1
1240	2959
1241	254.7
1242	60.1
1243	1.2
1244	2959.2
1245	43.9
1246	15.6
1247	86.5
1248	58.6
1249	72.9
1250	8.5
1251	0.2
1252	5252.2
1253	2972.3
1254	5.4
1255	0
1256	24.9
1257	8.5
1258	0.4
1259	0
1260	9.4
1261	13.6
1262	0
1263	1
1264	10.1
1265	14.6
1266	679
1267	5252.2
1268	21.4
1269	5.6
1270	80.3
1271	0.4
1272	2972.4
1273	7.2
1274	25.2
1275	2972
1276	24.9
1277	17.1
1278	201.9
1279	3.7
1280	87.6
1281	5.7
1282	0.1
1283	26.3
1284	48.2
1285	8.8
1286	26.8
1287	1.3
1288	3.2
1289	95.9
1290	2.2
1291	46.2
1292	1.4
1293	3.4
1294	9.5
1295	12
1296	0
1297	19.9
1298	696.1
1299	12.7
1300	6.3
1301	0
1302	2.7
1303	12
1304	4.1
1305	41.7
1306	0
1307	319.9
1308	2
1309	0
1310	123.6
1311	18.3
1312	18
1313	1
1314	35.2
1315	87.6
1316	9
1317	6.6
1318	0.6
1319	41.1
1320	11.1
1321	0
1322	5252.3
1323	0
1324	0.9
1325	122
1326	0
1327	0
1328	251.4
1329	14.6
1330	64.2
1331	18.8
1332	10.3
1333	26.7
1334	108.8
1335	0.5
1336	23.1
1337	0
1338	0
1339	0.4
1340	9.6
1341	32.4
1342	256.8
1343	0
1344	0
1345	0.1
1346	87.6
1347	468.8
1348	15.9
1349	0.2
1350	5252.3
1351	8.7
1352	3.8
1353	239.1
1354	0
1355	19
1356	6
1357	17
1358	13.6
1359	0.7
1360	0.1
1361	0.3
1362	16.1
1363	87.6
1364	0
1365	90.5
1366	0
1367	87.6
1368	8.2
1369	0
1370	0.4
1371	0.1
1372	1.8
1373	150.4
1374	0.9
1375	68.8
1376	4.1
1377	2.3
1378	0.4
1379	0.3
1380	36.2
1381	87.6
1382	21.2
1383	0.1
1384	2.2
1385	4.8
1386	10.8
1387	0.2
1388	0
1389	0
1390	12.4
1391	1172.5
1392	23
1393	0
1394	0.1
1395	41.7
1396	0
1397	29.6
1398	0
1399	87.6
1400	12.8
1401	0
1402	0
1403	344.8
1404	1
1405	1
1406	0
1407	87.6
1408	0.1
1409	885.7
1410	0.1
1411	430.8
1412	0.3
1413	52.3
1414	1.5
1415	15.8
1416	102.4
1417	0
1418	12.1
1419	0
1420	2.2
1421	0
1422	0
1423	24.3
1424	184
1425	0
1426	379.6
1427	0.1
1428	0
1429	0
1430	13.5
1431	371.6
1432	0
1433	13.6
1434	5340.1
1435	39.6
1436	5252.3
1437	184
1438	0.2
1439	0.2
1440	8.4
1441	9.5
1442	22703.1
1443	60.9
1444	0
1445	0
1446	1347.5
1447	0.6
1448	116.1
1449	87.6
1450	0
1451	22703.1
1452	5339.9
1453	58.6
1454	24
1455	0.1
1456	17363
1457	434.3
1458	9.3
1459	0.3
1460	0
1461	120.8
1462	22703.7
1463	0
1464	0
1465	0
1466	23.9
1467	0
1468	22703.6
1469	13.3
1470	1309.1
1471	0.1
1472	22703.1
1473	1405.4
1474	1.2
1475	53
1476	22703.6
1477	0
1478	18.3
1479	193.3
1480	0
1481	62.3
1482	7.3
1483	0
1484	17362.7
1485	11.9
1486	0
1487	0
1488	40.5
1489	43.3
1490	0.7
1491	16.5
1492	7.4
1493	1390
1494	41
1495	214.8
1496	195.3
1497	152
1498	0
1499	26.6
1500	1460.5
1501	13.1
1502	121.3
1503	0.3
1504	254.7
1505	20.6
1506	41.8
1507	0
1508	0.1
1509	6.1
1510	0.6
1511	17359.4
1512	0
1513	70.5
1514	0
1515	0
1516	0
1517	1473.7
1518	0.1
1519	17.4
1520	1.4
1521	0
1522	0
1523	0
1524	254.7
1525	0
1526	0
1527	35.7
1528	0
1529	20.8
1530	100.5
1531	0
1532	1.4
1533	0.1
1534	22.4
1535	3.9
1536	16
1537	0
1538	5
1539	1.4
1540	0
1541	22703.7
1542	0
1543	34.4
1544	0.1
1545	0
1546	9.9
1547	22.3
1548	22703.7
1549	0
1550	0
1551	272.2
1552	412.9
1553	70
1554	42.3
1555	16.2
1556	30
1557	0
1558	0
1559	42.7
1560	1473.8
1561	0
1562	0
1563	1.4
1564	0
1565	142.5
1566	1.4
1567	22703.7
1568	0
1569	21.5
1570	14
1571	0
1572	0
1573	88.2
1574	0
1575	35.1
1576	17359.4
1577	21.3
1578	0
1579	0
1580	540.9
1581	569.3
1582	18.3
1583	7.7
1584	4.4
1585	58.2
1586	23.6
1587	0.1
1588	1513.6
1589	0
1590	0.3
1591	22703.7
1592	1484.8
1593	0
1594	22.2
1595	41.9
1596	1623
1597	22703.7
1598	53.4
1599	1608.5
1600	16
1601	30.3
1602	19.2
1603	44
1604	10
1605	0.4
1606	0
1607	0
1608	23.9
1609	0
1610	10.2
1611	1.4
1612	50.2
1613	1623
1614	86.4
1615	17287.4
1616	47
1617	0
1618	40.7
1619	1513.6
1620	17211.6
1621	646.2
1622	11.1
1623	0
1624	27.8
1625	40.7
1626	117.2
1627	0.1
1628	48.7
1629	22703.7
1630	23.1
1631	8.5
1632	87.6
1633	0
1634	141.5
1635	155.2
1636	1740.7
1637	71.8
1638	14.1
1639	2.1
1640	0
1641	60.1
1642	47.2
1643	30.4
1644	0.2
1645	29.8
1646	79.3
1647	22703.7
1648	1.2
1649	0.2
1650	0.1
1651	70.4
1652	14.6
1653	0.1
1654	17089.5
1655	32.7
1656	19.2
1657	55.1
1658	1841.2
1659	78.3
1660	78.8
1661	0.3
1662	0.1
1663	218.5
1664	1.2
1665	0.2
1666	86.6
1667	20
1668	129.1
1669	29.9
1670	2193.6
1671	10.7
1672	17076
1673	58
1674	53.8
1675	321.3
1676	0.6
1677	1
1678	8
1679	496.5
1680	17.2
1681	434.6
1682	737.9
1683	43.4
1684	42.7
1685	37.9
1686	12.4
1687	496.5
1688	232.2
1689	0.4
1690	33.5
1691	0.4
1692	4827
1693	12176.9
1694	43.8
1695	19.6
1696	4142.1
1697	9883.7
1698	737.9
1699	3.1
1700	12.9
1701	4789.3
1702	9855.6
1703	446.2
1704	4142.1
1705	0.1
1706	43.4
1707	738
1708	738
1709	35.6
1710	2.4
1711	4.3
1712	382
1713	4777.2
1714	113.6
1715	23.2
1716	49.1
1717	16.4
1718	68.1
1719	31.6
1720	23.6
1721	12246
1722	35.4
1723	412.9
1724	49.1
1725	2146.2
1726	9.5
1727	17.7
1728	407.6
1729	0.7
1730	43.5
1731	3
1732	351
1733	87.8
1734	9979.4
1735	9.3
1736	738
1737	15.5
1738	7.9
1739	1285.8
1740	0
1741	1.2
1742	0.1
1743	159.6
1744	22.4
1745	109.3
1746	4161.3
1747	451.9
1748	58.9
1749	19.9
1750	21
1751	4172.6
1752	4190.7
1753	22.3
1754	239.1
1755	14.1
1756	1907.1
1757	42.8
1758	7.8
1759	200.6
1760	1268.6
1761	87.5
1762	18.9
1763	20.4
1764	16.1
1765	0.7
1766	32.2
1767	4610.4
1768	0
1769	5017.9
1770	68.1
1771	17.8
1772	0
1773	10.4
1774	406.8
1775	0
1776	9.9
1777	9198.4
1778	0.1
1779	0.3
1780	0.1
1781	4925.9
1782	311.9
1783	5120
1784	477
1785	4728.2
1786	12
1787	95.4
1788	14
1789	6.5
1790	0.1
1791	14.7
1792	147.7
1793	1247.9
1794	88.7
1795	4689.8
1796	4823
1797	39.4
1798	16.1
1799	0
1800	31.9
1801	12.5
1802	12.4
1803	0
1804	497.5
1805	0.5
1806	57.8
1807	86.2
1808	497.5
1809	22
1810	36.9
1811	8660.3
1812	0
1813	10.7
1814	39
1815	6091
1816	15.9
1817	14.4
1818	6086.3
1819	40.2
1820	24
1821	14
1822	21.5
1823	7
1824	0
1825	129.4
1826	134.7
1827	2554.8
1828	8646.9
1829	142.3
1830	0
1831	627
1832	0
1833	18
1834	0
1835	4664
1836	4643.4
1837	0
1838	0
1839	21.2
1840	109.1
1841	553.3
1842	700.4
1843	94.4
1844	8652
1845	18.9
1846	0
1847	617
1848	13.8
1849	117
1850	24.1
1851	28.8
1852	113.1
1853	22.2
1854	157.1
1855	8.1
1856	247.2
1857	0
1858	17.1
1859	39.7
1860	1231.8
1861	0
1862	15.3
1863	4569.2
1864	8.2
1865	13.3
1866	21.1
1867	4580
1868	59.2
1869	28
1870	191
1871	21
1872	303.2
1873	210
1874	80.8
1875	4569.2
1876	88.1
1877	0
1878	4569.2
1879	50.8
1880	56.1
1881	17.4
1882	0
1883	20.2
1884	10.4
1885	11.8
1886	23.2
1887	0.1
1888	6.5
1889	0.1
1890	56.1
1891	202.9
1892	15.2
1893	5.2
1894	6.7
1895	39.7
1896	6.7
1897	25.7
1898	56.5
1899	283.8
1900	0
1901	16.4
1902	10.1
1903	6.3
1904	8.8
1905	2553.7
1906	0
1907	0
1908	1046.1
1909	7.8
1910	205.9
1911	10.4
1912	9.9
1913	0
1914	24
1915	0.1
1916	97.9
1917	9.4
1918	16.4
1919	0
1920	4569.2
1921	6.3
1922	0.1
1923	0
1924	4569.2
1925	8.5
1926	55.7
1927	28.7
1928	2435.1
1929	0
1930	0
1931	0
1932	50.6
1933	9.3
1934	21
1935	0
1936	6
1937	4569.2
1938	97.3
1939	28.9
1940	0
1941	238
1942	48.2
1943	4569.2
1944	11.5
1945	0
1946	0
1947	0.1
1948	689.7
1949	9.8
1950	75.7
1951	0
1952	4.8
1953	79
1954	4569.2
1955	3.1
1956	11.6
1957	25.4
1958	0
1959	7.3
1960	2392.3
1961	35
1962	35.2
1963	0
1964	0
1965	0
1966	9.6
1967	686.3
1968	6.7
1969	0
1970	133.7
1971	0
1972	0.1
1973	4569.2
1974	145.9
1975	89.6
1976	1.8
1977	689.7
1978	27.1
1979	63.5
1980	0
1981	2369.5
1982	12.5
1983	0
1984	0
1985	54.2
1986	3.9
1987	12.3
1988	49.2
1989	458.1
1990	108.2
1991	0.1
1992	0
1993	8.4
1994	10.7
1995	2127.8
1996	0
1997	6.1
1998	47.4
1999	0
2000	75.3
2001	38.8
2002	3.1
2003	5.9
2004	4569.2
2005	0
2006	10
2007	0
2008	686.3
2009	0
2010	93.2
2011	335.2
2012	0.1
2013	110
2014	158.5
2015	7.1
2016	0
2017	0
2018	2.1
2019	4569.2
2020	0
2021	219.9
2022	197.1
2023	19.5
2024	130.1
2025	26.9
2026	0
2027	3.1
2028	17.1
2029	199.1
2030	0
2031	9
2032	0.9
2033	0
2034	0
2035	28.9
2036	12.6
2037	20.3
2038	162.4
2039	0
2040	0
2041	17.5
2042	3.7
2043	37.3
2044	8.8
2045	0
2046	4569.2
2047	2.9
2048	0
2049	0
2050	53.7
2051	2.7
2052	0
2053	21.1
2054	8.9
2055	3.1
2056	165.6
2057	11.4
2058	20.7
2059	0
2060	194.6
2061	0.7
2062	2191.5
2063	0
2064	6.6
2065	0
2066	0
2067	2.9
2068	0.1
2069	8.8
2070	5.1
2071	4.1
2072	0
2073	7.1
2074	7.5
2075	0
2076	30.3
2077	0
2078	5.2
2079	0
2080	0
2081	5.8
2082	0
2083	3
2084	1968.4
2085	0
2086	8.2
2087	0
2088	25.8
2089	6.9
2090	11
2091	7.4
2092	15.2
2093	5.6
2094	0
2095	2.9
2096	0
2097	187.5
2098	16.4
2099	6.3
2100	19.5
2101	0
2102	26
2103	4569.2
2104	4569.2
2105	0
2106	0.1
2107	0.1
2108	29.7
2109	0
2110	0
2111	0
2112	114.1
2113	1959
2114	0
2115	17.7
2116	8.1
2117	4.3
2118	135.5
2119	1804.4
2120	13.9
2121	1.5
2122	38
2123	0.1
2124	29.8
2125	4.7
2126	0
2127	170.2
2128	0.1
2129	4569.2
2130	0
2131	12.6
2132	7.3
2133	0
2134	0
2135	1803.9
2136	24.9
2137	8.8
2138	3.9
2139	15.7
2140	4569.2
2141	56.9
2142	25.5
2143	0
2144	0
2145	26.2
2146	1.6
2147	13
2148	21.1
2149	0.1
2150	48.6
2151	0
2152	22
2153	196.6
2154	14.1
2155	0
2156	0
2157	0
2158	3.2
2159	2.2
2160	240.7
2161	0
2162	0
2163	38.8
2164	0
2165	3.9
2166	4569.2
2167	0
2168	0.1
2169	40.4
2170	0
2171	0
2172	0
2173	67
2174	0
2175	1.7
2176	0
2177	387.2
2178	5
2179	0
2180	4
2181	87.2
2182	0
2183	0
2184	0
2185	18.6
2186	1.7
2187	1.5
2188	4569.2
2189	0
2190	157.4
2191	0
2192	0
2193	0
2194	36.1
2195	3.4
2196	0
2197	15.3
2198	4569.2
2199	387.2
2200	0
2201	3.7
2202	7.7
2203	0
2204	4569.2
2205	0
2206	191
2207	2.1
2208	1
2209	0
2210	92.3
2211	0
2212	5.3
2213	646.4
2214	0
2215	5.5
2216	119.1
2217	0
2218	0
2219	41.8
2220	11.5
2221	0
2222	131.8
2223	0
2224	0
2225	173.4
2226	30.2
2227	85.7
2228	0
2229	0
2230	5.7
2231	0
2232	1475.5
2233	0
2234	24.9
2235	0
2236	0
2237	0
2238	0
2239	111.4
2240	0
2241	4.2
2242	0
2243	0
2244	0
2245	17.5
2246	0.1
2247	0
2248	24.7
2249	53.2
2250	4569.2
2251	2.1
2252	780.5
2253	0
2254	1.2
2255	0
2256	25.5
2257	11.2
2258	0
2259	723.4
2260	0
2261	0
2262	0
2263	13.7
2264	56.1
2265	685.7
2266	0
2267	0
2268	55.2
2269	109.5
2270	0
2271	15.9
2272	0
2273	10
2274	0
2275	27.2
2276	3
2277	0
2278	0.1
2279	4569.1
2280	0
2281	0
2282	677.7
2283	3.1
2284	0.1
2285	640.1
2286	46.5
2287	6.7
2288	20.4
2289	0
2290	0
2291	4569.1
2292	628.8
2293	102.5
2294	102.5
2295	14.7
2296	7.8
2297	23.1
2298	0
2299	1.2
2300	0
2301	0
2302	0
2303	0.1
2304	0
2305	4569.1
2306	461.2
2307	74.5
2308	0
2309	6.2
2310	61.7
2311	0.1
2312	0
2313	0.3
2314	0
2315	0
2316	4568.8
2317	19.7
2318	4568.8
2319	0.3
2320	22
2321	24.9
2322	0
2323	0
2324	50.4
2325	51.4
2326	3.2
2327	0.3
2328	13.1
2329	0.3
2330	0
2331	0
2332	94.8
2333	0.3
2334	14.4
2335	0
2336	17.9
2337	0
2338	2.5
2339	90.9
2340	19.2
2341	11.4
2342	0
2343	1.2
2344	0.3
2345	87.7
2346	28.1
2347	0
2348	0.3
2349	96.1
2350	0
2351	19.9
2352	0.3
2353	16.3
2354	0
2355	7.6
2356	0
2357	0.3
2358	2.1
2359	387.2
2360	8.7
2361	8
2362	7.4
2363	18.5
2364	4.6
2365	9.2
2366	0
2367	0.1
2368	12.8
2369	2
2370	7.8
2371	0
2372	5.7
2373	17.1
2374	1.3
2375	0
2376	0.1
2377	4.2
2378	7.7
2379	1301.7
2380	12.8
2381	11.3
2382	5.5
2383	0
2384	0.2
2385	1.3
2386	0
2387	0
2388	192.4
2389	19.7
2390	1.6
2391	207.7
2392	374
2393	0.2
2394	309.7
2395	72.2
2396	1293.9
2397	0
2398	0.5
2399	7.6
2400	0
2401	5.8
2402	29.3
2403	4.1
2404	3.1
2405	43.4
2406	284.1
2407	0.1
2408	13.7
2409	43.4
2410	177.5
2411	164.5
2412	37.5
2413	0
2414	6.1
2415	121
2416	1280.4
2417	290
2418	13
2419	2834.9
2420	7.7
2421	0.1
2422	9.9
2423	10.8
2424	112.3
2425	1.7
2426	0
2427	0
2428	19.7
2429	0
2430	0
2431	11.1
2432	1263
2433	6.1
2434	11.3
2435	0
2436	1263
2437	55.2
2438	60.7
2439	29.3
2440	6.7
2441	0
2442	7
2443	11.1
2444	300.6
2445	13.7
2446	4.2
2447	14.8
2448	98.3
2449	0
2450	0
2451	5.6
2452	17.3
2453	263.5
2454	0
2455	1263
2456	23.3
2457	0
2458	2825.9
2459	10
2460	14.1
2461	50.6
2462	11.7
2463	1.7
2464	132
2465	0
2466	0.1
2467	425.4
2468	200.2
2469	8.3
2470	29
2471	2825.9
2472	10
2473	10.8
2474	10.9
2475	2788.3
2476	0
2477	32.3
2478	5
2479	0
2480	7
2481	7.1
2482	37.4
2483	0
2484	1263
2485	175.9
2486	20.5
2487	0
2488	5.9
2489	76.3
2490	22.4
2491	1.6
2492	14.9
2493	0
2494	16.8
2495	8.6
2496	1.2
2497	395.9
2498	157.7
2499	30.8
2500	1227
2501	24.3
2502	14.3
2503	27
2504	21.6
2505	1227
2506	11.8
2507	0
2508	10.8
2509	0
2510	5.9
2511	34.3
2512	1205.2
2513	23.6
2514	126.1
2515	131.9
2516	2708.4
2517	6.7
2518	2.4
2519	11.3
2520	1172.5
2521	77.7
2522	407.9
2523	1.7
2524	0
2525	4.7
2526	79.5
2527	10.7
2528	10.3
2529	7.3
2530	425.4
2531	386.3
2532	6.3
2533	33.8
2534	37.1
2535	7.1
2536	11.7
2537	43.7
2538	394.9
2539	475.7
2540	82.1
2541	33.5
2542	1172.5
2543	15.6
2544	31.7
2545	144.6
2546	67.8
2547	11.3
2548	98.2
2549	4.7
2550	0
2551	19.5
2552	224.8
2553	17.8
2554	424.1
2555	5.2
2556	6.7
2557	13.8
2558	22.7
2559	348.8
2560	154.1
2561	89
2562	19.5
2563	154.6
2564	410
2565	46.8
2566	2
2567	4.7
2568	363.7
2569	37.2
2570	4.8
2571	1.3
2572	2706.2
2573	0.3
2574	2691.8
2575	29.9
2576	10.4
2577	6.1
2578	6.7
2579	8.1
2580	2655.6
2581	237.8
2582	135.1
2583	9.6
2584	0
2585	39.4
2586	15.6
2587	16.9
2588	3.2
2589	42
2590	5.6
2591	6.1
2592	77.7
2593	245.9
2594	15.9
2595	0
2596	94
2597	17.5
2598	218.2
2599	3.5
2600	5.5
2601	7.1
2602	48
2603	62.8
2604	16
2605	25.9
2606	0.4
2607	44.7
2608	21.7
2609	19.4
2610	0.1
2611	10.2
2612	5.9
2613	8.5
2614	158.2
2615	5.5
2616	28.9
2617	173.1
2618	6.9
2619	2633.1
2620	27.6
2621	11.4
2622	10.5
2623	20.4
2624	54.1
2625	180.3
2626	2.5
2627	22.4
2628	7.3
2629	0
2630	6.2
2631	4.9
2632	21.2
2633	24.2
2634	32.1
2635	6.1
2636	26.2
2637	0
2638	16.2
2639	226.9
2640	188.9
2641	7.9
2642	19.5
2643	72.3
2644	17.9
2645	59.2
2646	180.3
2647	2.6
2648	14.6
2649	0.4
2650	43.8
2651	0
2652	0.9
2653	22
2654	36.7
2655	41.7
2656	83.9
2657	3.1
2658	157.2
2659	22.6
2660	63.2
2661	63.2
2662	25.3
2663	57.4
2664	15.5
2665	58.7
2666	28.6
2667	2.1
2668	12.8
2669	4.9
2670	10.4
2671	34.1
2672	37.7
2673	0.3
2674	6.4
2675	38.8
2676	0.9
2677	33.6
2678	8.7
2679	1.1
2680	7.2
2681	2632.8
2682	964.4
2683	39.1
2684	5.1
2685	47.5
2686	6.1
2687	13.8
2688	6.3
2689	1645.3
2690	4.3
2691	979
2692	0.3
2693	5.7
2694	9.6
2695	0.3
2696	33.2
2697	0.1
2698	39.3
2699	8.5
2700	14.2
2701	1.1
2702	3.6
2703	17.9
2704	0.9
2705	13.6
2706	6.2
2707	1.8
2708	240.2
2709	10.3
2710	251.8
2711	9.8
2712	0
2713	8.5
2714	18.5
2715	17.5
2716	8.2
2717	863
2718	18.4
2719	4.5
2720	10.1
2721	10
2722	5.5
2723	47.4
2724	2.9
2725	279.6
2726	46.2
2727	22.4
2728	29.2
2729	11.8
2730	7.8
2731	0
2732	19.1
2733	7.5
2734	5.4
2735	9
2736	3.7
2737	89.9
2738	316.9
2739	66.6
2740	848.5
2741	338.4
2742	7.8
2743	22.1
2744	8.8
2745	17.8
2746	3.7
2747	16.6
2748	0
2749	51.7
2750	26.4
2751	7.9
2752	26.6
2753	5.5
2754	43.5
2755	471.9
2756	33.7
2757	73.2
2758	23.3
2759	12
2760	7.6
2761	4.5
2762	62.6
2763	37
2764	4
2765	76.6
2766	6.2
2767	1
2768	132.3
2769	7.7
2770	87
2771	22.4
2772	1507.1
2773	4.6
2774	31.3
2775	651.2
2776	117.8
2777	11.3
2778	4.5
2779	100.2
2780	3
2781	10.3
2782	16.1
2783	7.8
2784	11.2
2785	40.7
2786	8.9
2787	55.4
2788	7.4
2789	19.6
2790	18.3
2791	15.9
2792	4.2
2793	39.3
2794	20.4
2795	6.2
2796	1025
2797	106.4
2798	12.7
2799	8.7
2800	650.3
2801	9.3
2802	33
2803	8.8
2804	9.4
2805	644.6
2806	7.3
2807	9.4
2808	101
2809	1548.2
2810	1.2
2811	6.6
2812	4.3
2813	1011.2
2814	13.6
2815	3.6
2816	163.2
2817	123.3
2818	9
2819	15
2820	13.7
2821	77.8
2822	5.7
2823	12.6
2824	55.8
2825	153.1
2826	53.4
2827	5.4
2828	9.9
2829	7.3
2830	170.9
2831	8.7
2832	78.9
2833	179.7
2834	18.6
2835	10.9
2836	23.8
2837	10.8
2838	19
2839	18.7
2840	35.6
2841	12.2
2842	26.3
2843	9
2844	5.3
2845	202.9
2846	63.7
2847	39.6
2848	21
2849	7.4
2850	615.6
2851	10.2
2852	12.4
2853	5.8
2854	19.5
2855	20
2856	33.8
2857	10.8
2858	8.5
2859	177
2860	9.1
2861	72.7
2862	5.3
2863	3.2
2864	991.6
2865	43.9
2866	4.6
2867	31.9
2868	3.9
2869	11.1
2870	209.8
2871	11.5
2872	447
2873	18.3
2874	69.6
2875	133.5
2876	1.2
2877	38
2878	9.2
2879	3.9
2880	114.1
2881	7.8
2882	19
2883	58.8
2884	38.1
2885	3.3
2886	8.5
2887	11.2
2888	78.4
2889	7
2890	5.1
2891	61.8
2892	22.8
2893	22
2894	13.8
2895	84.8
2896	79.6
2897	32.5
2898	261.6
2899	13.9
2900	55.5
2901	92.4
2902	6
2903	54
2904	84.8
2905	48.6
2906	56.5
2907	16.7
2908	33
2909	14.5
2910	85
2911	8.6
2912	27.3
2913	32.3
2914	41.9
2915	6.4
2916	22.4
2917	8.2
2918	13.1
2919	94.3
2920	2.5
2921	16
2922	69.7
2923	26.4
2924	317
2925	18.7
2926	290.2
2927	7.8
2928	75.6
2929	11.9
2930	43.8
2931	237.1
2932	772.2
2933	6.1
2934	19.3
2935	11.3
2936	118.7
2937	9.6
2938	3.6
2939	45.4
2940	121.7
2941	325.7
2942	9
2943	10.9
2944	2.6
2945	8.5
2946	29.3
2947	329.9
2948	24.3
2949	57.3
2950	13.7
2951	11.4
2952	10.6
2953	37.5
2954	10.3
2955	315.7
2956	748.1
2957	322.4
2958	256.1
2959	276.2
2960	75.7
2961	20.9
2962	15.4
2963	31
2964	19.1
2965	8.3
2966	341.8
2967	17.4
2968	6.4
2969	9
2970	7.4
2971	68.3
2972	28.8
2973	160.9
2974	6.3
2975	22.3
2976	375.1
2977	4.4
2978	28.7
2979	11.4
2980	20
2981	24.8
2982	15
2983	7.2
2984	45.7
2985	12
2986	36.6
2987	14.7
2988	675.8
2989	2.8
2990	26.9
2991	18
2992	32.9
2993	79.6
2994	70.2
2995	36.3
2996	368.4
2997	366.3
2998	7.5
2999	42.7
3000	372.8
3001	5.4
3002	30.3
3003	109.1
3004	3
3005	9.6
3006	9.1
3007	25.2
3008	10.3
3009	177.4
3010	167.4
3011	6.2
3012	11.1
3013	9.5
3014	8
3015	1.9
3016	89.4
3017	21.5
3018	483.3
3019	2
3020	2621.3
3021	45.4
3022	8
3023	2.8
3024	17.8
3025	2160.6
3026	9.6
3027	721.4
3028	1672.6
3029	1194.3
3030	19.9
3031	322.7
3032	37.9
3033	1.3
3034	12.2
3035	1675.2
3036	167
3037	7.8
3038	108.1
3039	19.3
3040	60.6
3041	21.7
3042	58.9
3043	1208.5
3044	8.4
3045	789
3046	95.4
3047	102.9
3048	15
3049	2569.5
3050	28
3051	5.1
3052	49.6
3053	17.3
3054	2522.4
3055	348.1
3056	1220.8
3057	1.8
3058	1200.2
3059	5.4
3060	5.1
3061	8.6
3062	20.9
3063	258.1
3064	102.6
3065	262.3
3066	15.4
3067	200
3068	64.9
3069	3.2
3070	1668
3071	307.7
3072	13.1
3073	41.2
3074	157
3075	6.6
3076	9.2
3077	339.9
3078	5.2
3079	9.5
3080	1633.7
3081	1.8
3082	6.4
3083	51.1
3084	5.5
3085	40.6
3086	7.7
3087	73.5
3088	12.3
3089	24.6
3090	9.6
3091	3.6
3092	23.5
3093	25
3094	25.7
3095	2
3096	42.2
3097	16.1
3098	26.6
3099	7.9
3100	290.7
3101	40.9
3102	7.3
3103	10.9
3104	13.2
3105	17.8
3106	30.7
3107	105.3
3108	4
3109	4.4
3110	4.9
3111	48.7
3112	5.1
3113	54.2
3114	7.4
3115	12.2
3116	10.8
3117	67.2
3118	20.3
3119	24.6
3120	4
3121	25
3122	1.6
3123	10.2
3124	1.6
3125	32.4
3126	8.4
3127	1.9
3128	2.5
3129	4.5
3130	1.4
3131	13.3
3132	7.6
3133	11.1
3134	32.7
3135	3
3136	16.3
3137	1.1
3138	1.3
3139	48.9
3140	8.4
3141	1.6
3142	9.6
3143	31.4
3144	255.2
3145	1.6
3146	1.2
3147	5.6
3148	18.8
3149	100.5
3150	1
3151	2.4
3152	184.3
3153	30.4
3154	18.1
3155	59.1
3156	4.4
3157	4.4
3158	1.2
3159	13.8
3160	2.8
3161	3.7
3162	4.8
3163	2.1
3164	2.1
3165	1.8
3166	173.4
3167	15.9
3168	35.5
3169	103.2
3170	20.6
3171	4.4
3172	70.3
3173	89
3174	14.2
3175	8.4
3176	1.8
3177	91.8
3178	137
3179	1.2
3180	2.7
3181	13
3182	20.4
3183	6.8
3184	8.6
3185	4.7
3186	4.7
3187	44.3
3188	5.4
3189	4.3
3190	1.3
3191	7.4
3192	5.8
3193	1.2
3194	18.6
3195	8.3
3196	34.9
3197	10
3198	1.6
3199	9.2
3200	1.2
3201	39.3
3202	0
3203	15.2
3204	11.9
3205	5.5
3206	1.1
3207	80.7
3208	38.3
3209	0.5
3210	28.2
3211	11
3212	34
3213	94.2
3214	3.4
3215	1
3216	41.5
3217	44.7
3218	14.6
3219	45
3220	1.5
3221	39.3
3222	53.9
3223	2.4
3224	30.3
3225	43.8
3226	11.9
3227	40.3
3228	55.7
3229	0.9
3230	2.7
3231	0.8
3232	1.2
3233	2.8
3234	3.8
3235	118.5
3236	6.4
3237	2.6
3238	28.1
3239	1.7
3240	1.9
3241	2.3
3242	10.1
3243	4.2
3244	56.2
3245	82.5
3246	37.3
3247	0.7
3248	1.4
3249	2
3250	8.5
3251	73.5
3252	10.9
3253	54.8
3254	3.5
3255	4
3256	1
3257	6.8
3258	69.9
3259	12.1
3260	3.3
3261	1
3262	19.3
3263	67.4
3264	49.4
3265	2.6
3266	8.2
3267	4
3268	23.1
3269	38.7
3270	1
3271	1.8
3272	28.5
3273	1.3
3274	52
3275	0.7
3276	2.4
3277	7.1
3278	6
3279	1.8
3280	14.2
3281	32.7
3282	1
3283	1.6
3284	0.5
3285	16.2
3286	72
3287	10.1
3288	5.9
3289	6
3290	3.3
3291	8.7
3292	6.5
3293	3.8
3294	1.5
3295	1.9
3296	4.9
3297	42.6
3298	3.5
3299	0.8
3300	8
3301	0.7
3302	3.4
3303	5.5
3304	1.3
3305	3.2
3306	0.6
3307	7.9
3308	6
3309	7.3
3310	3.7
3311	2
3312	2.8
3313	4.8
3314	13.5
3315	1.7
3316	18.9
3317	1.1
3318	5.9
3319	2.3
3320	11.6
3321	2
3322	1.3
3323	2.5
3324	4.1
3325	0.8
3326	5.6
3327	9.3
3328	2.4
3329	4.2
3330	1.9
3331	12.7
3332	13.8
3333	0.6
3334	3.3
3335	4.7
3336	0.8
3337	2.8
3338	12
3339	5.6
3340	1.3
3341	8.1
3342	0.6
3343	4.4
3344	1.3
3345	1.5
3346	5.9
3347	6.6
3348	0.9
3349	0.5
3350	2.2
3351	1.6
3352	4.3
3353	35.6
3354	1.3
3355	3.6
3356	1.5
3357	1.5
3358	1.9
3359	1
3360	2.7
3361	1.7
3362	0.6
3363	4.7
3364	1.2
3365	5.1
3366	30.6
3367	1.1
3368	3.2
3369	2.6
3370	2.3
3371	1.1
3372	3.2
3373	1
3374	29.7
3375	0.7
3376	4
3377	0.7
3378	0.7
3379	4.4
3380	23.5
3381	1.2
3382	0.5
3383	2.6
3384	14.9
3385	7.5
3386	1.6
3387	2.6
3388	0.5
3389	11.5
3390	8.4
3391	2.8
3392	1.1
3393	1.3
3394	2.7
3395	2.4
3396	6.9
3397	1.8
3398	2.8
3399	2.4
3400	412.5
3401	177.7
3402	366.4
3403	1442.5
3404	1239.6
3405	1163.6
3406	650.3
3407	2963.5
3408	367.9
3409	3033.3
3410	0
3411	0
3412	91.9
3413	398.1
3414	185.7
3415	131.2
3416	30
3417	87.3
3418	151.1
3419	1655
3420	2949.1
3421	5252.2
3422	97.9
3423	639.2
3424	44.6
3425	369.2
3426	824.8
3427	4.5
3428	30.2
3429	119.7
3430	14.8
3431	398.3
3432	1020.2
3433	76.6
3434	131.3
3435	22703.7
3436	1317.6
3437	141.3
3438	22703.6
3439	22703.7
3440	304
3441	1478
3442	17362.5
3443	369.9
3444	230
3445	22703.7
3446	22703.7
3447	22703.3
3448	3
3449	35.7
3450	22703.7
3451	1587
3452	331.3
3453	75.7
3454	412.9
3455	108.4
3456	2192.7
3457	434
3458	162
3459	5.8
3460	593.9
3461	12174.5
3462	646.4
3463	4142.1
3464	729.6
3465	1.8
3466	78.5
3467	18.6
3468	9138.1
3469	69.4
3470	5565.8
3471	188.8
3472	113
3473	289.7
3474	1196.6
3475	4569.2
3476	0
3477	68.1
3478	18.5
3479	4569.2
3480	2442.3
3481	74.4
3482	789.6
3483	15.1
3484	2371.4
3485	75.4
3486	0.1
3487	378.9
3488	46
3489	2112.9
3490	2081.6
3491	0
3492	44.6
3493	1948.1
3494	140.7
3495	151.9
3496	167.4
3497	1792.7
3498	1544.8
3499	507.1
3500	1468.4
3501	151.6
3502	14
3503	4569.2
3504	4569.1
3505	144.5
3506	542.1
3507	4569.1
3508	1.3
3509	99.7
3510	4568.8
3511	434.2
3512	76.1
3513	83.4
3514	4568.8
3515	338.4
3516	4441.6
3517	59.8
3518	1278
3519	90.6
3520	0
3521	2830.1
3522	123.9
3523	2778.1
3524	37.1
3525	2768.2
3526	9.1
3527	2706.2
3528	738.1
3529	71.7
3530	34.9
3531	192.4
3532	7.4
3533	2655.6
3534	2633.1
3535	155
3536	898.4
3537	17.1
3538	0.2
3539	235.4
3540	190.2
3541	1636.7
3542	836.3
3543	1614.1
3544	71.9
3545	57.9
3546	41.7
3547	994
3548	606
3549	92.6
3550	167.7
3551	280.4
3552	958.7
3553	862.9
3554	307.2
3555	386.6
3556	410
3557	16.3
3558	270.5
3559	164.3
3560	343.7
3561	2538.6
3562	99.9
3563	1067.8
3564	171.5
3565	169.6
3566	16.8
3567	1026.6
3568	1627.5
3569	200.1
3570	273.6
3571	149.5
3572	77.8
3573	69.6
3574	281.4
3575	63.6
3576	345.7
3577	390.6
3578	116.6
3579	250.6
3580	109.4
3581	12
3582	58.9
3583	87.5
3584	139.3
3585	42.2
3586	102.2
3587	19.8
3588	10.4
3589	13.1
3590	17.2
3591	12.6
3592	6.9
3593	4
3594	6.3
