"COMID"	"Value"
1	32
2	49
3	3.1
4	0.6
5	3.9
6	0
7	5.1
8	2.2
9	17.5
10	0
11	1.6
12	10.1
13	0
14	68.7
15	1.2
16	3.8
17	16.2
18	5.2
19	2
20	45
21	4.3
22	12.3
23	0
24	0.5
25	4.6
26	3.2
27	1.2
28	1.6
29	0.4
30	0
31	106.3
32	0.5
33	8.1
34	11.8
35	0.6
36	1.5
37	93.3
38	0
39	3.1
40	87.3
41	52.1
42	3.7
43	110.6
44	1
45	51.6
46	65.9
47	0.9
48	11.6
49	10.4
50	57.2
51	1.1
52	6.1
53	0.8
54	5.5
55	7
56	145.4
57	99.5
58	19.3
59	14.4
60	14
61	0.5
62	0.5
63	2.5
64	151.7
65	1.4
66	8.4
67	33.9
68	0.2
69	4.6
70	0.1
71	4.2
72	11
73	0.7
74	0.4
75	0.3
76	0.1
77	0
78	0.3
79	14.6
80	0.1
81	0.5
82	0
83	138.5
84	0
85	4.3
86	0.2
87	0.6
88	2.7
89	0.9
90	2.2
91	1.5
92	12.8
93	10.7
94	2.8
95	3.6
96	2.2
97	32.2
98	4.2
99	0.1
100	11.4
101	0.6
102	3.2
103	0.8
104	9
105	0.6
106	2.3
107	0.5
108	0
109	0.7
110	3.2
111	0
112	1.8
113	159.8
114	1.9
115	3.6
116	0.3
117	2.5
118	14.7
119	0
120	1.8
121	0.1
122	27.3
123	9
124	4.1
125	0.3
126	12.9
127	0.4
128	10.1
129	1
130	5.5
131	4
132	0.1
133	3.4
134	27.7
135	21.8
136	0.4
137	26
138	0.5
139	0.2
140	1.9
141	11.7
142	0.2
143	0
144	2.6
145	160.8
146	5.9
147	3.3
148	32.2
149	5.1
150	87.5
151	0
152	22.1
153	0.1
154	46.2
155	0
156	14.6
157	61.4
158	0.8
159	2.9
160	8.8
161	14.4
162	0.1
163	0.1
164	0.1
165	0
166	0.1
167	13.8
168	0
169	5.6
170	1.3
171	0.8
172	0.2
173	0.1
174	132
175	0.1
176	10.4
177	2.5
178	53.1
179	12.1
180	0.2
181	0
182	37.9
183	0
184	0.2
185	0.3
186	2.9
187	0.8
188	0.1
189	0.1
190	0.5
191	0.2
192	4.1
193	41.4
194	2.2
195	0
196	0.4
197	1.6
198	0.3
199	11.7
200	161.3
201	161.6
202	0.1
203	0.1
204	56.4
205	6.2
206	7.5
207	3.2
208	1.8
209	15.1
210	0.4
211	4
212	22.3
213	11.9
214	0.1
215	27.6
216	30.7
217	0.2
218	0.2
219	0.5
220	63.2
221	0
222	5.7
223	11.2
224	0
225	90.4
226	10.1
227	7.5
228	6.7
229	0.4
230	94.7
231	1.1
232	2.1
233	5.4
234	6.5
235	94.7
236	2.8
237	0.2
238	4.3
239	1.1
240	0.7
241	1.3
242	7.5
243	0
244	1.4
245	3.8
246	1.1
247	0
248	0
249	7.5
250	1.9
251	8.3
252	10.8
253	2
254	0
255	0
256	0
257	0
258	0
259	0
260	0
261	0.8
262	6.1
263	0
264	0
265	0
266	0.8
267	2.7
268	3.1
269	5.4
270	0
271	0.3
272	0.5
273	1.1
274	6.5
275	5.2
276	0
277	0.2
278	2.5
279	95.4
280	0.9
281	1.5
282	1.6
283	0.2
284	0.2
285	0
286	1.3
287	9.2
288	0.1
289	0.3
290	0.4
291	27.9
292	0.3
293	6.5
294	27.2
295	0.1
296	2.2
297	1.6
298	0
299	0
300	7.2
301	0.2
302	6.9
303	1.2
304	0.1
305	2.3
306	0.3
307	10
308	0.1
309	0.4
310	1.6
311	1
312	12.7
313	1.9
314	3.5
315	0.4
316	0.8
317	0
318	2.8
319	0
320	1.5
321	1.3
322	0.8
323	1.1
324	0.1
325	0
326	1.8
327	0.1
328	0.3
329	1.3
330	0
331	4
332	0.1
333	4.1
334	0.3
335	0.1
336	0.4
337	0
338	4.2
339	4.8
340	0.1
341	4.7
342	6.5
343	4.8
344	29.7
345	0.3
346	0
347	0.1
348	0.4
349	0.4
350	0.3
351	0.3
352	0.4
353	0.2
354	0.4
355	0
356	0.4
357	0.5
358	0.8
359	0
360	0.2
361	0.8
362	0.2
363	0.2
364	0.5
365	0.4
366	1.2
367	6.5
368	8.6
369	0
370	0.1
371	0.5
372	31.5
373	0.5
374	7
375	6.1
376	17.2
377	0.2
378	15.3
379	0
380	0.3
381	0
382	0
383	6.9
384	65.9
385	0
386	7
387	27.5
388	5.1
389	4.8
390	20.5
391	17.2
392	3.9
393	0
394	1
395	0
396	0
397	7
398	50
399	0.3
400	48.5
401	0.3
402	0
403	0
404	0
405	9.4
406	14.6
407	0.3
408	0
409	0
410	15
411	0.4
412	0
413	18.1
414	0
415	0
416	0.3
417	0
418	0
419	4.4
420	0
421	1
422	0
423	5.9
424	41.8
425	2.5
426	1
427	74.6
428	7.6
429	0.2
430	15
431	0
432	0.6
433	28.1
434	57.3
435	0.6
436	31
437	31.2
438	24.1
439	0
440	0.1
441	107.5
442	146.9
443	6.1
444	0.5
445	19.1
446	45.5
447	4.5
448	2.7
449	1.6
450	0.8
451	0
452	18.9
453	31.3
454	42.8
455	15.6
456	5.9
457	0.6
458	28.2
459	23.8
460	0.4
461	23.4
462	1.7
463	126.2
464	158.8
465	9.6
466	0.7
467	10.8
468	160.9
469	1.2
470	56.4
471	41.2
472	0.1
473	88
474	56.9
475	95.4
476	95.4
477	4.2
478	5.8
479	123.1
480	0.1
481	0
482	0.7
483	6.3
484	2.5
485	123.9
486	0
487	1.5
488	7.2
489	0
490	7.3
491	15.6
492	0.9
493	7.3
494	12.8
495	0
496	0
497	1.1
498	4
499	0
500	0.4
501	9.1
502	14.9
503	0.9
504	1.2
505	0.7
506	3.3
507	1.8
508	8.3
509	7.7
510	13.1
511	32.2
512	9.1
513	0
514	0.4
515	0
516	1.3
517	4.1
518	0.5
519	0.9
520	0
521	41.3
522	0.8
523	0
524	1.4
525	17.6
526	45
527	10
528	45.5
529	1.4
530	6.2
531	2.3
532	1.2
533	10.7
534	60
535	19.1
536	0.3
537	0
538	0
539	0.1
540	0.6
541	35.2
542	2.6
543	26.3
544	1.5
545	1.5
546	2.4
547	3
548	0
549	0
550	86.4
551	38.9
552	3.5
553	0.5
554	1.5
555	87.9
556	3.9
557	0.6
558	0
559	4
560	1.6
561	0.1
562	2.3
563	0
564	42.1
565	2.6
566	1.7
567	1
568	6.2
569	5.4
570	0
571	0.2
572	83.9
573	9.8
574	4.7
575	1
576	83.9
577	0
578	2.2
579	7.8
580	75.9
581	126
582	31.5
583	4.7
584	3.5
585	0
586	5
587	2.7
588	39.1
589	6
590	0
591	2.7
592	14.4
593	74.5
594	1.3
595	37
596	0.6
597	126
598	13.1
599	1.9
600	0.6
601	2.4
602	0
603	0.2
604	38.3
605	0
606	1
607	15.5
608	1.2
609	0
610	1.6
611	0.3
612	0
613	0
614	2.2
615	0
616	0
617	37.1
618	37.7
619	31.2
620	31.2
621	0.6
622	5.8
623	13.1
624	3.5
625	17.7
626	0.5
627	67.4
628	0.8
629	2.7
630	6
631	1.5
632	37.5
633	1.9
634	0
635	6
636	2.2
637	5.1
638	42.5
639	57.8
640	0
641	47.8
642	0
643	15.3
644	0
645	0.1
646	1.1
647	19.9
648	0.3
649	1.5
650	0.7
651	5.8
652	0.6
653	0
654	2.2
655	0
656	6.2
657	16.1
658	0.2
659	3.1
660	0
661	0.3
662	1.3
663	6.7
664	50.1
665	7.1
666	52.4
667	57.9
668	22
669	0.5
670	2.4
671	21.1
672	11.4
673	1.3
674	0
675	5.8
676	21.6
677	41
678	1.9
679	0.8
680	0
681	6.5
682	10.5
683	18.5
684	8.3
685	11.2
686	5
687	0
688	5.8
689	24.2
690	1.6
691	64.9
692	17.6
693	1.4
694	0
695	65.4
696	5.7
697	5
698	4.9
699	2.1
700	3.4
701	0.3
702	6.5
703	10.3
704	1.1
705	6.1
706	1.2
707	4.5
708	16.3
709	13.9
710	33.8
711	0
712	0.1
713	1.1
714	1.2
715	55.7
716	0
717	19.9
718	2.9
719	1.2
720	19.7
721	4.7
722	2.2
723	6
724	5
725	64.7
726	0
727	0
728	9.6
729	65.7
730	40.5
731	0.6
732	0
733	2.6
734	4.7
735	0.1
736	3
737	3.2
738	4.3
739	10.2
740	9.6
741	1.6
742	0.6
743	1.7
744	0
745	0.2
746	2.4
747	2.8
748	0.2
749	22.7
750	1.5
751	39.4
752	1
753	8.4
754	10.4
755	1.2
756	1.9
757	5.6
758	1.4
759	1.2
760	6.3
761	0.7
762	1.7
763	1
764	11.6
765	40.1
766	0
767	1.2
768	1.2
769	17.2
770	2.4
771	2.4
772	1
773	5.7
774	9.6
775	0.2
776	1.3
777	29.6
778	7.9
779	0
780	13.5
781	104.9
782	277.7
783	51.5
784	126.2
785	174.6
786	344.2
787	146.8
788	72.2
789	106.6
790	340.2
791	65.6
792	90.5
793	1181
794	72.2
795	156.6
796	13.7
797	82.8
798	10.2
799	138
800	54.1
801	1214.2
802	1296.8
803	253.3
804	71.6
805	1322
806	984.6
807	26.9
808	1079.6
809	97.5
810	200.2
811	1350.7
812	651.7
813	1039.4
814	14.1
815	25.3
816	2495.2
817	32.4
818	59.3
819	384.3
820	1117.8
821	8.8
822	22.8
823	2483.6
824	600.2
825	8.2
826	122.8
827	44.4
828	42.8
829	2520.1
830	64.6
831	2596.6
832	678.7
833	62.3
834	136.8
835	105.7
836	152.7
837	26.2
838	57
839	9
840	62.9
841	171.4
842	2687.5
843	6
844	57.1
845	1055.4
846	13.7
847	869.6
848	13
849	28.8
850	305.7
851	56.3
852	61.4
853	15.8
854	45.2
855	45.9
856	17.9
857	17.4
858	37.9
859	1075.9
860	18.5
861	137.7
862	2.7
863	1105.3
864	12.9
865	196.8
866	2732.6
867	36.2
868	78
869	1267.4
870	4.4
871	1090.7
872	16.2
873	1.1
874	1217
875	47.3
876	11.5
877	15.5
878	17.8
879	88.4
880	1126.3
881	56.9
882	16.6
883	17.4
884	17.5
885	82.7
886	0.8
887	2770.6
888	16.4
889	128.4
890	50.6
891	206.4
892	32.3
893	36.5
894	1.1
895	129.4
896	47.3
897	9.9
898	1306.4
899	15.5
900	56.2
901	1194.6
902	23.6
903	34.6
904	64.2
905	13.8
906	56.8
907	67.2
908	2797.7
909	43.7
910	0
911	15
912	233.1
913	21.7
914	141.3
915	0
916	1544.6
917	28.7
918	21.4
919	15.4
920	20
921	16.8
922	38.2
923	3.8
924	1210.2
925	12.6
926	29.3
927	12.7
928	0.4
929	2945.2
930	63.9
931	11.1
932	1.5
933	10.4
934	0
935	23.4
936	78.7
937	27.5
938	93.6
939	27.3
940	3032.8
941	43
942	105.8
943	0
944	136.9
945	19.1
946	110.6
947	0
948	1729.9
949	13.8
950	20.6
951	19
952	3019.6
953	22
954	0.7
955	29.5
956	174.6
957	13.6
958	20.2
959	3053
960	57.4
961	16.7
962	23.2
963	10.2
964	0
965	39.7
966	185.6
967	0
968	3067.8
969	11.9
970	12.2
971	80
972	32.8
973	15.3
974	3088.3
975	58
976	41.7
977	25.9
978	23.5
979	11.8
980	375.7
981	124.4
982	39.6
983	66.5
984	9.8
985	60.7
986	16.2
987	25.8
988	20.8
989	51.8
990	0
991	24.6
992	0
993	53.4
994	9.2
995	61.3
996	298.2
997	25.9
998	26.3
999	23.9
1000	0
1001	0.5
1002	28.3
1003	0
1004	338.1
1005	46.2
1006	18.5
1007	0
1008	0.3
1009	0
1010	137.2
1011	45.1
1012	17.4
1013	27.5
1014	11.9
1015	0.3
1016	0
1017	82
1018	26.9
1019	0.6
1020	46.9
1021	162.1
1022	17
1023	67.9
1024	24.3
1025	208.2
1026	45.3
1027	32.9
1028	395.2
1029	28.3
1030	0.1
1031	0
1032	0
1033	0.1
1034	52.9
1035	0.1
1036	950.4
1037	3152.8
1038	24.8
1039	245.9
1040	33.3
1041	22.5
1042	0.7
1043	0
1044	230.8
1045	0.9
1046	1.4
1047	66.8
1048	429.5
1049	13.6
1050	0
1051	1034.9
1052	603.1
1053	30.3
1054	3086.6
1055	518.9
1056	89.3
1057	0
1058	1219.8
1059	0.3
1060	36
1061	0
1062	31.9
1063	27.9
1064	0
1065	3384.2
1066	16.3
1067	0.5
1068	0.1
1069	0.1
1070	12.8
1071	10.1
1072	0.2
1073	0.1
1074	36.8
1075	0
1076	19.7
1077	0.6
1078	141.8
1079	3281.2
1080	2.7
1081	0.1
1082	35.5
1083	0.2
1084	50.7
1085	24.2
1086	154.3
1087	0
1088	0.1
1089	0.2
1090	3233.4
1091	28.3
1092	0
1093	0.8
1094	0.3
1095	3.4
1096	1.6
1097	18.4
1098	0.9
1099	0
1100	0
1101	0.3
1102	1293.7
1103	0.3
1104	37.8
1105	1.1
1106	1
1107	0.7
1108	0.3
1109	3289.4
1110	0
1111	0
1112	220
1113	34.6
1114	41.8
1115	0.5
1116	0.5
1117	132.3
1118	0.9
1119	37.8
1120	1
1121	0.2
1122	6.4
1123	7.5
1124	19.9
1125	40.4
1126	19.5
1127	39.4
1128	413.7
1129	87.2
1130	0.6
1131	0
1132	96.5
1133	185.7
1134	3630.8
1135	3309.3
1136	0.1
1137	0.5
1138	1.6
1139	39.2
1140	1466.3
1141	1.1
1142	0
1143	19.5
1144	10.2
1145	0.3
1146	0.3
1147	3708.3
1148	18.7
1149	3696.3
1150	39.4
1151	3709.4
1152	498.2
1153	521.2
1154	0
1155	0
1156	11.8
1157	39.9
1158	192.5
1159	47.6
1160	2
1161	0.3
1162	0.5
1163	1.6
1164	19.2
1165	3351.1
1166	44.9
1167	10.7
1168	111.2
1169	27.8
1170	13.8
1171	3637.7
1172	69.6
1173	1.4
1174	37.4
1175	0.7
1176	16.1
1177	0
1178	1
1179	18
1180	2.3
1181	3636.6
1182	3721.2
1183	0
1184	4854.6
1185	28.5
1186	539.7
1187	3654.1
1188	3724.7
1189	3638.1
1190	3655
1191	24.3
1192	3725.9
1193	22.8
1194	3707.8
1195	11.1
1196	3654.3
1197	5047.1
1198	0.2
1199	38.8
1200	6.1
1201	3705.6
1202	3.4
1203	5047.1
1204	3642
1205	0.8
1206	0
1207	3634.8
1208	0.1
1209	3702.4
1210	50.6
1211	32.2
1212	0
1213	20
1214	583.3
1215	3639.9
1216	11.8
1217	5.4
1218	1.1
1219	0.1
1220	17.7
1221	3723.9
1222	3721.2
1223	0.7
1224	3725.1
1225	12.4
1226	26.4
1227	12.8
1228	0.3
1229	3639.4
1230	15.6
1231	0
1232	53.4
1233	0.9
1234	3.9
1235	0.5
1236	0.1
1237	124.1
1238	15.9
1239	0
1240	3727.1
1241	222.7
1242	81.9
1243	2.3
1244	3728.3
1245	32.9
1246	16
1247	76.9
1248	52.5
1249	57.5
1250	10.9
1251	0.7
1252	5047.1
1253	3754.1
1254	6.7
1255	0
1256	37.9
1257	15.1
1258	0.2
1259	0
1260	13.7
1261	23.2
1262	0.1
1263	1.6
1264	16.4
1265	13
1266	670.6
1267	5047.1
1268	28.4
1269	5.4
1270	83.7
1271	1.3
1272	3754.6
1273	14.3
1274	23.1
1275	3751.4
1276	37.9
1277	18.3
1278	190
1279	3.5
1280	70.5
1281	13
1282	0
1283	23.9
1284	43.1
1285	15.2
1286	31.4
1287	1.5
1288	8.1
1289	127.2
1290	4.9
1291	66.8
1292	2.2
1293	3.3
1294	11.9
1295	13.5
1296	0.1
1297	18.2
1298	686.8
1299	22.2
1300	13.3
1301	0
1302	6.5
1303	20.3
1304	3.6
1305	38.9
1306	0
1307	281
1308	3.9
1309	0
1310	127.7
1311	18
1312	16.6
1313	2.7
1314	37.8
1315	70.5
1316	12.3
1317	9.5
1318	1.2
1319	53.7
1320	10.3
1321	0
1322	5047.1
1323	0
1324	1.5
1325	156.5
1326	0
1327	0
1328	275.9
1329	12.2
1330	89.8
1331	23.4
1332	9.2
1333	21.6
1334	123.2
1335	0.9
1336	29.4
1337	0
1338	0
1339	1.1
1340	15.8
1341	35.8
1342	283
1343	0
1344	0
1345	0.8
1346	70.5
1347	399.7
1348	15.4
1349	0.5
1350	5047.1
1351	8
1352	3.2
1353	260.8
1354	0.1
1355	17.4
1356	5.1
1357	11.7
1358	12.9
1359	0.9
1360	0.1
1361	1.4
1362	20.3
1363	70.5
1364	0.1
1365	123.3
1366	0
1367	70.5
1368	8.8
1369	0
1370	0.8
1371	0.1
1372	6
1373	192.4
1374	1.7
1375	85.3
1376	3.2
1377	8.2
1378	1.2
1379	1.2
1380	48.7
1381	70.5
1382	23.7
1383	0.1
1384	7.5
1385	4.1
1386	13.1
1387	0.2
1388	0.1
1389	0
1390	13.4
1391	1043
1392	25
1393	0
1394	0
1395	47.3
1396	0
1397	26.2
1398	0
1399	70.5
1400	7.8
1401	0.1
1402	0.1
1403	391.7
1404	4.1
1405	1.8
1406	0.1
1407	70.5
1408	0.1
1409	905.4
1410	0.2
1411	368.6
1412	0.2
1413	56.8
1414	5.2
1415	18.9
1416	113.2
1417	0.1
1418	17.2
1419	0.1
1420	7.5
1421	0.1
1422	0
1423	14.3
1424	236.2
1425	0.2
1426	333.9
1427	0.3
1428	0.4
1429	0.2
1430	13.6
1431	430
1432	0.1
1433	15.7
1434	5117.8
1435	38.7
1436	5047.1
1437	236.2
1438	0.4
1439	0.6
1440	10.1
1441	11.2
1442	41376.7
1443	38.2
1444	0.4
1445	0
1446	1352.6
1447	0.2
1448	79.7
1449	70.5
1450	0.1
1451	41376.7
1452	5117.6
1453	72.9
1454	15.7
1455	0.1
1456	36258.9
1457	504.2
1458	10.2
1459	1.2
1460	1
1461	135.3
1462	41378.3
1463	0.1
1464	0
1465	0.2
1466	23.5
1467	0
1468	41377.9
1469	14.5
1470	1302.9
1471	0.2
1472	41376.8
1473	1239.4
1474	1.9
1475	33.9
1476	41377.9
1477	0.1
1478	18.5
1479	246.4
1480	0
1481	80.4
1482	10
1483	0
1484	36258.3
1485	9.9
1486	1.2
1487	0.1
1488	66.4
1489	53.4
1490	0.3
1491	13
1492	10.2
1493	1398.9
1494	25.9
1495	268.9
1496	245
1497	176.6
1498	0.1
1499	29
1500	1455.9
1501	16.5
1502	83.2
1503	0.6
1504	312.4
1505	32.7
1506	34.3
1507	0
1508	0.4
1509	6.3
1510	0.6
1511	36253
1512	0
1513	56.9
1514	0
1515	0.3
1516	0.1
1517	1466
1518	0.2
1519	17.5
1520	2.2
1521	0.2
1522	0.1
1523	0.1
1524	312.4
1525	0
1526	0.3
1527	58.9
1528	0
1529	24.2
1530	71.4
1531	0
1532	1.1
1533	0
1534	22.3
1535	3.7
1536	17.5
1537	1.4
1538	4.5
1539	2.4
1540	0
1541	41381.3
1542	0
1543	37.8
1544	0.1
1545	0.5
1546	9.1
1547	25.4
1548	41379.2
1549	0
1550	0.1
1551	330
1552	534.2
1553	57.9
1554	37.8
1555	13.1
1556	37.2
1557	0.1
1558	0.4
1559	55.2
1560	1468.8
1561	0
1562	0.1
1563	2.9
1564	0.2
1565	134.8
1566	2.7
1567	41379.7
1568	0.1
1569	22.6
1570	11
1571	0.3
1572	0.2
1573	103.5
1574	0.2
1575	40.2
1576	36252.9
1577	31.5
1578	0.1
1579	0.1
1580	639.2
1581	662.8
1582	45.6
1583	17.5
1584	4
1585	60.6
1586	23.8
1587	0.1
1588	1523
1589	0.1
1590	0.5
1591	41379.5
1592	1488.9
1593	0.1
1594	40.2
1595	58.6
1596	1442.6
1597	41379.5
1598	50.6
1599	1421.4
1600	33.2
1601	27.1
1602	20.5
1603	73.9
1604	15.4
1605	2.9
1606	0.1
1607	0.1
1608	48.7
1609	0.1
1610	15
1611	3.1
1612	47.2
1613	1442.6
1614	114.1
1615	36153
1616	48
1617	0.1
1618	50.6
1619	1523.3
1620	36027.8
1621	744.9
1622	18.3
1623	0.1
1624	27.8
1625	50.6
1626	198.3
1627	0.1
1628	51.1
1629	41382.3
1630	38.3
1631	9.9
1632	91.8
1633	0.1
1634	178.2
1635	181.7
1636	1571.6
1637	76.5
1638	18
1639	4.2
1640	0.1
1641	74
1642	59.5
1643	43
1644	0.4
1645	57.7
1646	80.4
1647	41382.4
1648	2.2
1649	0.5
1650	0.3
1651	116.8
1652	15.3
1653	0.3
1654	35822.5
1655	56.7
1656	27.4
1657	85.5
1658	1684.6
1659	101.7
1660	93.5
1661	3.2
1662	0.1
1663	194
1664	2.1
1665	0.6
1666	140.4
1667	37.9
1668	168.5
1669	57.7
1670	2335.5
1671	21.1
1672	35793.9
1673	81.3
1674	59
1675	410.2
1676	2.5
1677	2.9
1678	21.8
1679	595.5
1680	30.1
1681	564
1682	1421.8
1683	76.6
1684	53.4
1685	57.3
1686	10.8
1687	595.5
1688	305.3
1689	1.2
1690	56.7
1691	6.3
1692	18377.4
1693	17315.5
1694	72.4
1695	32.2
1696	4843.2
1697	14768.8
1698	1421.8
1699	10.1
1700	10.7
1701	18326.7
1702	14716.9
1703	580.7
1704	4843.2
1705	0.4
1706	46.5
1707	1422
1708	1422.4
1709	48.3
1710	7.4
1711	14.1
1712	474.9
1713	18310.8
1714	149.6
1715	34.8
1716	80.6
1717	17.4
1718	127.7
1719	27.1
1720	29.1
1721	17411.8
1722	49.5
1723	534.2
1724	80.6
1725	2978.5
1726	15.6
1727	39
1728	506.2
1729	3.3
1730	82
1731	9.6
1732	534.8
1733	123
1734	14961.8
1735	12.4
1736	1422
1737	23.5
1738	11.9
1739	1996
1740	0.2
1741	2.9
1742	0.5
1743	265.1
1744	21
1745	129.9
1746	4876.8
1747	592.9
1748	67.6
1749	18.8
1750	19.5
1751	4896.6
1752	4921.3
1753	39.4
1754	290.4
1755	20.2
1756	2688.1
1757	72.9
1758	15.3
1759	322.3
1760	1972.8
1761	95.8
1762	22.1
1763	24.6
1764	24.8
1765	2.2
1766	52.5
1767	5440.6
1768	0.2
1769	6185.5
1770	127.7
1771	23.5
1772	0.1
1773	16.3
1774	643
1775	0
1776	20.1
1777	13880.6
1778	0.4
1779	1.2
1780	0.5
1781	6084.8
1782	640.3
1783	6322.6
1784	640.2
1785	18221.8
1786	17.1
1787	188.3
1788	21.7
1789	13.2
1790	0.5
1791	16.2
1792	308.8
1793	1942.2
1794	83.1
1795	18174
1796	18372
1797	51.9
1798	24.3
1799	0
1800	46.8
1801	18.5
1802	18
1803	0.5
1804	679.3
1805	1.7
1806	103.4
1807	115.4
1808	679.3
1809	36.1
1810	69
1811	12976.8
1812	0
1813	33.8
1814	49.4
1815	7759
1816	16.7
1817	19.4
1818	7749.8
1819	75.9
1820	49.6
1821	16.9
1822	45.9
1823	13.2
1824	0
1825	272.8
1826	161
1827	5189.6
1828	12950.7
1829	300.8
1830	0.2
1831	1227.4
1832	0
1833	28
1834	0
1835	18121
1836	18084.6
1837	0
1838	0
1839	32.7
1840	125.9
1841	1079.9
1842	1343.3
1843	203.6
1844	12962.5
1845	43.6
1846	0
1847	1203.2
1848	27.6
1849	283.6
1850	23.3
1851	54.4
1852	259.3
1853	24.7
1854	297.2
1855	10.4
1856	457.4
1857	0
1858	37.6
1859	117.3
1860	1913.7
1861	0
1862	26.2
1863	17935.9
1864	15.7
1865	17.6
1866	49.9
1867	17970.5
1868	107.9
1869	36
1870	205.6
1871	44.1
1872	617.9
1873	379
1874	215.6
1875	17936.2
1876	99.2
1877	0
1878	17935.9
1879	158.2
1880	121.6
1881	47.5
1882	0
1883	39.3
1884	20.6
1885	18.4
1886	28.8
1887	0.5
1888	20.3
1889	0.3
1890	121.6
1891	218.2
1892	44.6
1893	13.3
1894	12
1895	117.3
1896	12.4
1897	50.8
1898	86
1899	571.7
1900	0
1901	45.3
1902	19.7
1903	19.4
1904	22.5
1905	5187.6
1906	0
1907	0
1908	1688.1
1909	8
1910	221
1911	25.9
1912	19.4
1913	0.1
1914	43.8
1915	0.5
1916	189.3
1917	15
1918	18.2
1919	0
1920	17935.9
1921	19.4
1922	0.5
1923	0.1
1924	17935.9
1925	19.5
1926	115.8
1927	83
1928	4916.1
1929	0
1930	0
1931	0
1932	51.7
1933	24.4
1934	45.2
1935	0
1936	20.5
1937	17935.9
1938	115.2
1939	100.3
1940	0
1941	475.6
1942	88.8
1943	17935.9
1944	39
1945	0
1946	0
1947	0.5
1948	1199.4
1949	15.9
1950	101.7
1951	0
1952	4.6
1953	188.4
1954	17935.9
1955	15.7
1956	20
1957	63.5
1958	0.2
1959	8.5
1960	4808.7
1961	66.4
1962	74.7
1963	0
1964	0
1965	0.1
1966	13.7
1967	1196.5
1968	22.5
1969	0
1970	314.7
1971	0
1972	0.5
1973	17935.9
1974	341.4
1975	201.8
1976	9
1977	1199.4
1978	73.5
1979	103.2
1980	0
1981	4759.3
1982	16.9
1983	0
1984	0.1
1985	118.8
1986	18.2
1987	29.5
1988	111.4
1989	567
1990	137.7
1991	0.5
1992	0
1993	8.2
1994	24.3
1995	4211.8
1996	0
1997	12
1998	115.1
1999	0
2000	183.4
2001	76.1
2002	8.1
2003	10.3
2004	17935.9
2005	0.2
2006	14.2
2007	0.1
2008	1196.5
2009	0
2010	218.2
2011	386.5
2012	0.5
2013	262.3
2014	197.6
2015	14.4
2016	0
2017	0
2018	10.1
2019	17935.9
2020	0
2021	621.1
2022	587.3
2023	18.9
2024	160.6
2025	61
2026	0
2027	4.4
2028	41.1
2029	388
2030	0
2031	18.4
2032	1.1
2033	0
2034	0
2035	78.2
2036	12.3
2037	46.2
2038	168.2
2039	0
2040	0
2041	15
2042	7
2043	76.1
2044	25.5
2045	0
2046	17935.7
2047	5.9
2048	0
2049	0
2050	106.5
2051	3.1
2052	0
2053	30.1
2054	19
2055	6.6
2056	311
2057	44.3
2058	27
2059	0
2060	575.7
2061	0.8
2062	4348.4
2063	0
2064	8.7
2065	0
2066	0
2067	7.6
2068	0.5
2069	22.1
2070	9.3
2071	18.6
2072	0
2073	14.4
2074	18
2075	0
2076	53.2
2077	0
2078	8.9
2079	0
2080	0
2081	11.5
2082	0
2083	3.9
2084	3871.9
2085	0
2086	15.8
2087	0
2088	54
2089	5.3
2090	20.4
2091	9.8
2092	12.3
2093	10.4
2094	0
2095	3.8
2096	0
2097	546.3
2098	36.1
2099	14.8
2100	39.5
2101	0
2102	48.3
2103	17935.7
2104	17935.7
2105	0
2106	0.5
2107	0.5
2108	26.7
2109	0
2110	0
2111	0
2112	90.6
2113	3858
2114	0
2115	30
2116	15
2117	6.7
2118	311.4
2119	3512.6
2120	15.9
2121	3
2122	64.5
2123	0.5
2124	55.4
2125	4.4
2126	0
2127	499.3
2128	0.5
2129	17935.7
2130	0
2131	20.2
2132	16.9
2133	0
2134	0
2135	3512
2136	42.2
2137	19.7
2138	3.9
2139	32.7
2140	17935.7
2141	87.7
2142	71.6
2143	0
2144	0
2145	51
2146	3.3
2147	18.7
2148	32.8
2149	0.5
2150	37.5
2151	0
2152	44.6
2153	316.9
2154	27.1
2155	0
2156	0
2157	0
2158	6.4
2159	4.9
2160	374.5
2161	0
2162	0
2163	49.8
2164	0
2165	6.9
2166	17935.7
2167	0
2168	0.4
2169	76
2170	0
2171	0.3
2172	0
2173	64.4
2174	0
2175	1.9
2176	0
2177	574.7
2178	8.7
2179	0
2180	4.3
2181	121
2182	0.1
2183	0
2184	0
2185	26.5
2186	1.9
2187	3.4
2188	17935.7
2189	0
2190	474.9
2191	0.1
2192	0
2193	0
2194	39.9
2195	4.9
2196	0
2197	23
2198	17935.7
2199	574.7
2200	0
2201	3.7
2202	9.5
2203	0
2204	17935.7
2205	0.3
2206	300.6
2207	3.8
2208	1.9
2209	0.1
2210	134.2
2211	0
2212	7.7
2213	947.7
2214	0
2215	7.8
2216	404.5
2217	0
2218	0
2219	66.5
2220	15.4
2221	0
2222	199.5
2223	0
2224	0.1
2225	271.9
2226	51.6
2227	132.8
2228	0.1
2229	0.1
2230	8.3
2231	0
2232	3084.9
2233	0
2234	40.1
2235	0
2236	0
2237	0
2238	0
2239	389.8
2240	0
2241	8.5
2242	0
2243	0
2244	0.1
2245	23.6
2246	1.4
2247	0
2248	53
2249	84.2
2250	17935.6
2251	2.4
2252	2079.9
2253	0
2254	2.9
2255	0
2256	37.2
2257	25.3
2258	0
2259	1967.1
2260	0
2261	0
2262	0
2263	36.5
2264	93.3
2265	1867.7
2266	0
2267	0.1
2268	87.7
2269	385.5
2270	0
2271	24.2
2272	0.2
2273	23.4
2274	0
2275	48.6
2276	6.9
2277	0.1
2278	1.1
2279	17934.1
2280	0
2281	0.1
2282	1849.9
2283	7.7
2284	1
2285	1750.3
2286	72.1
2287	13
2288	35.2
2289	0.2
2290	0
2291	17934.2
2292	1724.2
2293	364.9
2294	364.9
2295	23.7
2296	13.7
2297	62.6
2298	0
2299	1.8
2300	0
2301	0.8
2302	0.1
2303	1.3
2304	0.1
2305	17934.1
2306	1346.7
2307	145.3
2308	0.2
2309	21.7
2310	148.7
2311	0.2
2312	0.1
2313	8.5
2314	0.2
2315	0.6
2316	17925.4
2317	43
2318	17925.6
2319	8.5
2320	24.9
2321	61.9
2322	0.1
2323	0.3
2324	92.5
2325	69.3
2326	9.2
2327	8.3
2328	23.9
2329	8.3
2330	0.1
2331	0.1
2332	338.2
2333	8.2
2334	30.5
2335	0.4
2336	42.4
2337	0.1
2338	29.2
2339	315.1
2340	39.5
2341	21.7
2342	0.2
2343	9.6
2344	6.3
2345	305.6
2346	70.1
2347	0
2348	8
2349	181.7
2350	0.1
2351	38.4
2352	8.3
2353	20.8
2354	1.7
2355	14.4
2356	0.1
2357	6.1
2358	2.8
2359	1171.2
2360	11.8
2361	14.2
2362	17.7
2363	56
2364	12.9
2365	7.9
2366	0.1
2367	0.8
2368	16.4
2369	8.6
2370	17.6
2371	0.1
2372	6.8
2373	44.9
2374	1.7
2375	1.4
2376	0.5
2377	9.1
2378	16.5
2379	4899.9
2380	16.4
2381	14.1
2382	21
2383	0.2
2384	5.2
2385	3.7
2386	0.1
2387	0
2388	446.8
2389	36.1
2390	4.2
2391	469.1
2392	1130.5
2393	1.1
2394	986.5
2395	221.6
2396	4889.9
2397	0.1
2398	1.2
2399	20.9
2400	0.2
2401	9.2
2402	66.6
2403	5.3
2404	8.4
2405	73.8
2406	588.7
2407	0.4
2408	28.5
2409	95.7
2410	419
2411	386.3
2412	96.6
2413	1.2
2414	16.1
2415	274.1
2416	4869.1
2417	594.8
2418	23.3
2419	12201.9
2420	17.8
2421	0.6
2422	30.3
2423	14.6
2424	258.8
2425	4.2
2426	0.3
2427	0.1
2428	42.9
2429	4
2430	0.2
2431	15.8
2432	4837.8
2433	13.3
2434	30.6
2435	0.1
2436	4837.6
2437	168.3
2438	127.3
2439	82.7
2440	10.7
2441	1.3
2442	9.9
2443	18
2444	965.5
2445	28.5
2446	11
2447	28.7
2448	291.2
2449	0.9
2450	0.4
2451	11.3
2452	51.3
2453	830.6
2454	0.2
2455	4836.9
2456	84
2457	0.7
2458	12188.3
2459	22.5
2460	28.2
2461	161.3
2462	41.9
2463	3.8
2464	383.7
2465	2.2
2466	0.3
2467	1097
2468	596.4
2469	17.2
2470	77.9
2471	12188.3
2472	22.5
2473	23
2474	37.3
2475	12119.8
2476	7.7
2477	58
2478	14.2
2479	3.7
2480	12.3
2481	26.3
2482	132.8
2483	0.9
2484	4828.2
2485	520.1
2486	54.2
2487	0.5
2488	8.6
2489	220.5
2490	96.4
2491	3
2492	48.6
2493	2.3
2494	45.5
2495	29.9
2496	2
2497	1028.5
2498	459.7
2499	122.8
2500	4651.8
2501	76.3
2502	49.8
2503	103.7
2504	75.9
2505	4651.8
2506	30.5
2507	0.9
2508	52.4
2509	3.5
2510	23
2511	86.4
2512	4571.8
2513	88.7
2514	350.6
2515	372.3
2516	11891.9
2517	14.4
2518	6.1
2519	48.3
2520	4417
2521	200
2522	840.8
2523	5.2
2524	0.8
2525	12.6
2526	206.2
2527	31.6
2528	32.3
2529	22.3
2530	1097
2531	1009.3
2532	13.4
2533	123.2
2534	91.2
2535	19.5
2536	41.7
2537	108.1
2538	804.9
2539	1060.1
2540	446
2541	137
2542	4417
2543	50.8
2544	76.2
2545	713
2546	182.4
2547	48.3
2548	511.3
2549	22
2550	2.2
2551	90.1
2552	977.6
2553	45.7
2554	2186.5
2555	12.7
2556	17.8
2557	40.5
2558	74.1
2559	938.7
2560	295.8
2561	236.6
2562	84
2563	753.3
2564	2142.2
2565	298
2566	5.6
2567	27.1
2568	738.2
2569	115.7
2570	9.8
2571	4.4
2572	11881.9
2573	2.9
2574	11812.8
2575	66.9
2576	44.9
2577	15.8
2578	20.8
2579	23.8
2580	11633.5
2581	1332.3
2582	622.4
2583	64.3
2584	3
2585	82.8
2586	50.3
2587	48.2
2588	17.4
2589	100.1
2590	16.1
2591	17.2
2592	212.6
2593	673.1
2594	29.4
2595	1.4
2596	175.3
2597	38.8
2598	948.3
2599	16.6
2600	13.9
2601	18.4
2602	297.1
2603	172.2
2604	67.6
2605	135.2
2606	4.3
2607	81.7
2608	34.8
2609	130
2610	1.2
2611	66.7
2612	12.7
2613	22.2
2614	879.5
2615	30.7
2616	176.4
2617	356.5
2618	43
2619	11501
2620	97
2621	22.1
2622	22.8
2623	41.9
2624	150.3
2625	997.4
2626	3.5
2627	128.8
2628	41.7
2629	1.3
2630	24.9
2631	13.6
2632	42.1
2633	55.7
2634	83.3
2635	10.5
2636	154.6
2637	1.6
2638	89
2639	638.7
2640	560.9
2641	34
2642	30.5
2643	391.7
2644	112.3
2645	217.6
2646	540.7
2647	4.8
2648	57.4
2649	12.3
2650	81.7
2651	0.3
2652	21.4
2653	70.8
2654	184
2655	79.7
2656	350
2657	6.7
2658	467.7
2659	60.5
2660	157
2661	425.1
2662	120.1
2663	329.5
2664	37.6
2665	362.3
2666	148.4
2667	3.8
2668	72.1
2669	12.6
2670	69.7
2671	94.2
2672	142.5
2673	2
2674	12.3
2675	205.2
2676	1.4
2677	293.5
2678	27.4
2679	9.7
2680	41.3
2681	11492.4
2682	5279.8
2683	101.1
2684	13.6
2685	132.7
2686	21.2
2687	56
2688	43.6
2689	5914.7
2690	29.8
2691	5445.6
2692	0.4
2693	67.6
2694	39.9
2695	4
2696	86.3
2697	1.3
2698	227.3
2699	34.2
2700	50.9
2701	1.5
2702	33.8
2703	39.8
2704	2.3
2705	29.4
2706	30.8
2707	6.8
2708	850.7
2709	65.6
2710	980.6
2711	42.8
2712	0.4
2713	19.9
2714	116.8
2715	38.9
2716	50.3
2717	4521.7
2718	40.7
2719	17.7
2720	55.7
2721	17.8
2722	51.5
2723	165.5
2724	16.4
2725	1133.1
2726	84.4
2727	60.4
2728	72.4
2729	33.1
2730	79.7
2731	0
2732	84.4
2733	28.2
2734	45.5
2735	23.1
2736	12
2737	155.8
2738	1320.7
2739	123.8
2740	4436.9
2741	1416.8
2742	29.3
2743	30.1
2744	27.9
2745	30.9
2746	12
2747	30.3
2748	0.4
2749	157.9
2750	123.2
2751	32.7
2752	85.5
2753	14.1
2754	194
2755	1842.6
2756	61
2757	219.1
2758	73.8
2759	16.7
2760	9.8
2761	8.9
2762	147.3
2763	158.1
2764	28.7
2765	350.5
2766	25.3
2767	3.1
2768	422.7
2769	11.7
2770	268.7
2771	114.4
2772	5283.7
2773	6.1
2774	94.5
2775	3366.5
2776	380.5
2777	54.7
2778	34.5
2779	318.8
2780	3.4
2781	28.6
2782	24.3
2783	27.6
2784	37.7
2785	170.5
2786	36.5
2787	208.9
2788	9.2
2789	151.5
2790	55.9
2791	87.9
2792	46.9
2793	117
2794	42.9
2795	8.7
2796	3407.4
2797	346.3
2798	50.9
2799	32.1
2800	3361.3
2801	60.3
2802	167.7
2803	15.4
2804	11
2805	3303.8
2806	28.5
2807	47.4
2808	582
2809	5407.2
2810	3.7
2811	74.9
2812	15
2813	3366.9
2814	50.4
2815	42.5
2816	340.3
2817	280.9
2818	42.6
2819	42.8
2820	37.2
2821	449.9
2822	13.8
2823	46
2824	244.1
2825	325.7
2826	236.4
2827	6.3
2828	35.2
2829	46.6
2830	504
2831	39.3
2832	434.6
2833	368.4
2834	68.3
2835	30.6
2836	56.6
2837	60
2838	50.3
2839	79.8
2840	110.8
2841	58.3
2842	78
2843	15.6
2844	9
2845	411
2846	283.8
2847	125.8
2848	134.4
2849	39.9
2850	3084.7
2851	41.3
2852	50.9
2853	13.2
2854	72.5
2855	40
2856	101.1
2857	39.5
2858	26
2859	518.7
2860	17.1
2861	402.7
2862	16.2
2863	5.7
2864	3293.6
2865	243.8
2866	26.2
2867	75
2868	9.3
2869	40.1
2870	595.6
2871	78.5
2872	2355.1
2873	40.7
2874	340.1
2875	718
2876	6.1
2877	100.6
2878	18
2879	7.4
2880	642.3
2881	24.4
2882	106.3
2883	114.3
2884	99.9
2885	9.9
2886	21.1
2887	22.3
2888	429
2889	36.6
2890	47.8
2891	347
2892	182.8
2893	57
2894	37.2
2895	397.6
2896	435.1
2897	93.9
2898	725
2899	35.3
2900	161.7
2901	461.1
2902	18.2
2903	183.7
2904	447.8
2905	100.3
2906	471.1
2907	43.5
2908	76.5
2909	136.1
2910	161
2911	25
2912	93.6
2913	260.9
2914	228.4
2915	12.7
2916	156.8
2917	85.3
2918	48
2919	464.5
2920	5.7
2921	113.4
2922	137.8
2923	53.9
2924	898.1
2925	119.5
2926	820.8
2927	11.9
2928	137.1
2929	21.9
2930	151
2931	1111.5
2932	2736
2933	19
2934	33.3
2935	28.2
2936	507.7
2937	16
2938	5.2
2939	147.2
2940	512.3
2941	858.7
2942	18
2943	90
2944	3.9
2945	30.4
2946	73.2
2947	954
2948	87.2
2949	187
2950	20.8
2951	69
2952	32.7
2953	185.5
2954	23.4
2955	1399.7
2956	2605.3
2957	914.8
2958	1164.8
2959	793.8
2960	292.2
2961	46.1
2962	32
2963	46.8
2964	91.6
2965	12.5
2966	1030.7
2967	117.2
2968	18.9
2969	18
2970	8.8
2971	271
2972	72.6
2973	588.5
2974	15.9
2975	75.7
2976	1326.9
2977	18.7
2978	59.1
2979	28.4
2980	67.3
2981	80.2
2982	65.9
2983	25
2984	165.1
2985	23.6
2986	85.8
2987	35.8
2988	2550.9
2989	3.1
2990	37.5
2991	67.5
2992	104
2993	240.4
2994	161.8
2995	111.9
2996	1252.1
2997	1292.5
2998	11.1
2999	229.7
3000	953.3
3001	13
3002	92.7
3003	269.1
3004	13.9
3005	25.6
3006	30.1
3007	66.5
3008	29.2
3009	734.8
3010	596.3
3011	20.4
3012	95
3013	32.2
3014	14.5
3015	11.4
3016	217.9
3017	103.3
3018	1226.1
3019	9.1
3020	9979.6
3021	209.3
3022	16.7
3023	9.8
3024	58.2
3025	7469.9
3026	31.2
3027	2701.7
3028	6234
3029	4088.4
3030	38.1
3031	1127.6
3032	127.6
3033	6
3034	64.3
3035	6239.4
3036	595.8
3037	27.8
3038	473
3039	63.9
3040	183
3041	88.5
3042	207.2
3043	4139.6
3044	27.4
3045	2913.9
3046	408.8
3047	446.6
3048	47
3049	9806.7
3050	81.5
3051	22.2
3052	168.6
3053	65.1
3054	9687.5
3055	2192.3
3056	4179.6
3057	8.4
3058	4110.8
3059	9
3060	17.1
3061	19.1
3062	81
3063	805.2
3064	240.7
3065	776.7
3066	68.8
3067	663.3
3068	228.8
3069	16.6
3070	6222.1
3071	1067.3
3072	28.1
3073	73.6
3074	385.9
3075	23.1
3076	34.7
3077	2178
3078	10.4
3079	30.3
3080	6133.3
3081	8.1
3082	12
3083	144.1
3084	12
3085	142.7
3086	34.1
3087	156.7
3088	53.5
3089	68.6
3090	28.9
3091	18.4
3092	48.7
3093	77.3
3094	52.2
3095	7
3096	159.7
3097	32.3
3098	75.4
3099	18
3100	2005.2
3101	73.1
3102	27.9
3103	43.8
3104	53.1
3105	34.6
3106	127
3107	637.1
3108	14
3109	14.1
3110	17.3
3111	122.5
3112	7
3113	165.8
3114	23.7
3115	24.3
3116	34.1
3117	308.2
3118	79.8
3119	57.6
3120	4.9
3121	53.7
3122	2.3
3123	40.8
3124	2.2
3125	129.6
3126	11.5
3127	2.2
3128	6.8
3129	11.4
3130	5.4
3131	38.8
3132	24.7
3133	64.4
3134	209.2
3135	6
3136	171.3
3137	1.4
3138	4.3
3139	151.5
3140	32.4
3141	3.3
3142	28.9
3143	55.9
3144	887.4
3145	2.1
3146	2.8
3147	7.7
3148	85.1
3149	262.9
3150	1.4
3151	69.5
3152	1086.3
3153	107.8
3154	60.4
3155	268
3156	12.5
3157	13.6
3158	1.6
3159	62.7
3160	4
3161	51.8
3162	63.6
3163	5.7
3164	3.1
3165	11.2
3166	982.1
3167	70.9
3168	92.3
3169	269.5
3170	75.9
3171	16.2
3172	143.9
3173	328.6
3174	102.4
3175	32.4
3176	6.3
3177	336.2
3178	570.6
3179	3.2
3180	3.6
3181	52.6
3182	76.6
3183	32
3184	117.1
3185	44.2
3186	11
3187	95.5
3188	52.1
3189	12.1
3190	3.5
3191	25.4
3192	31.4
3193	5.2
3194	75.6
3195	80.7
3196	168.1
3197	39.9
3198	9.9
3199	46
3200	2.4
3201	119.8
3202	0
3203	71.4
3204	46.6
3205	58.6
3206	2.8
3207	301.7
3208	117.2
3209	0.7
3210	247.3
3211	71.3
3212	202.4
3213	251.6
3214	5.4
3215	3.8
3216	214.4
3217	231.8
3218	143.9
3219	467.9
3220	8.3
3221	119.8
3222	479.8
3223	3.7
3224	245.4
3225	129.2
3226	87.6
3227	209.4
3228	213.7
3229	1.4
3230	6.9
3231	2.5
3232	2.4
3233	8
3234	53
3235	508.7
3236	44.4
3237	4.9
3238	292.4
3239	2.4
3240	7.7
3241	10
3242	31.9
3243	38.1
3244	216.6
3245	221.2
3246	199.1
3247	1
3248	3
3249	4.8
3250	31.6
3251	333.2
3252	43.8
3253	208.6
3254	41.8
3255	8.7
3256	4.2
3257	66.9
3258	266.2
3259	37.7
3260	9.5
3261	1.7
3262	205.1
3263	167.9
3264	138.4
3265	8.1
3266	27.1
3267	22.8
3268	244.6
3269	136.3
3270	2.3
3271	3.3
3272	99.1
3273	2.1
3274	203.8
3275	2.6
3276	8.7
3277	23.6
3278	26.7
3279	5.4
3280	50.2
3281	173.8
3282	2.1
3283	22.3
3284	1.9
3285	25.4
3286	292.5
3287	38.2
3288	17.2
3289	18.9
3290	27
3291	35.7
3292	41.8
3293	8.4
3294	3.7
3295	7.1
3296	9
3297	167.7
3298	12
3299	3.1
3300	28.9
3301	3.6
3302	16.5
3303	26.8
3304	4.1
3305	37.5
3306	3.1
3307	30
3308	21.9
3309	20.5
3310	12.7
3311	11.4
3312	8.3
3313	15.6
3314	20.5
3315	5
3316	60.9
3317	2.1
3318	53.3
3319	3.3
3320	36.1
3321	6.7
3322	2.5
3323	5.3
3324	13.2
3325	2.1
3326	14.2
3327	14.4
3328	6
3329	11.2
3330	5.8
3331	78.6
3332	64.5
3333	1.7
3334	5.9
3335	15
3336	2.9
3337	3.6
3338	40.1
3339	9.6
3340	2.4
3341	25.5
3342	1.9
3343	19.9
3344	4.2
3345	1.9
3346	34.9
3347	19.7
3348	1.2
3349	1.4
3350	16.9
3351	9.8
3352	34.1
3353	141.6
3354	4.4
3355	14.1
3356	7.3
3357	3.7
3358	9.2
3359	3.2
3360	27.2
3361	4.3
3362	1.4
3363	13.5
3364	2.3
3365	16.6
3366	126.9
3367	3.9
3368	5.4
3369	14.8
3370	4.3
3371	3.7
3372	13.6
3373	4.3
3374	123.7
3375	1.3
3376	16.8
3377	1.7
3378	1.4
3379	12.3
3380	98.7
3381	4.4
3382	1.1
3383	10.8
3384	62.7
3385	31.9
3386	6.3
3387	6.6
3388	1.4
3389	47.6
3390	34.5
3391	10.7
3392	4.6
3393	3.5
3394	12.3
3395	10.9
3396	27.6
3397	8.8
3398	9.7
3399	8
3400	905.7
3401	336.4
3402	726
3403	2615.4
3404	1178.2
3405	1080.9
3406	550.8
3407	2965.7
3408	286.7
3409	3019.5
3410	0
3411	0
3412	105.6
3413	335.5
3414	212
3415	115.7
3416	37
3417	92.5
3418	131.5
3419	1503.5
3420	3699.6
3421	5047.1
3422	89.7
3423	636.7
3424	64.7
3425	339.7
3426	829.9
3427	10.2
3428	27.6
3429	122.5
3430	13.4
3431	370.7
3432	886.1
3433	86.4
3434	177.5
3435	41378.3
3436	1314.2
3437	160.5
3438	41377.9
3439	41378.8
3440	285.8
3441	1302.4
3442	36258.2
3443	458.6
3444	227.4
3445	41378.9
3446	41382.2
3447	41377.3
3448	4.7
3449	58.9
3450	41381.2
3451	1398.8
3452	398.4
3453	76.1
3454	534.2
3455	145.9
3456	2328.8
3457	503.7
3458	280.7
3459	17.2
3460	664
3461	17309.3
3462	817.2
3463	4843.2
3464	1398.9
3465	5.6
3466	71.9
3467	33.4
3468	13768.3
3469	83.9
3470	7015
3471	226.3
3472	110.3
3473	612.1
3474	1864.5
3475	17935.9
3476	0
3477	146.6
3478	37.6
3479	17935.9
3480	4938.8
3481	177.8
3482	1410
3483	61.4
3484	4762.9
3485	144.7
3486	0.5
3487	433.6
3488	108
3489	4175.1
3490	4097.9
3491	0
3492	82
3493	3845.1
3494	259.3
3495	242.6
3496	493.9
3497	3497.6
3498	3151.5
3499	737.8
3500	3073.9
3501	461.5
3502	28.6
3503	17935.7
3504	17934.1
3505	220
3506	1507.8
3507	17934.1
3508	2.8
3509	356.2
3510	17925.1
3511	1290.5
3512	157.9
3513	261.9
3514	17925.1
3515	1043.2
3516	17711.6
3517	98.1
3518	4864.7
3519	202.7
3520	8.3
3521	12195.3
3522	417
3523	12103.3
3524	121.9
3525	12087.9
3526	29.4
3527	11879.4
3528	2189.9
3529	179.5
3530	81.6
3531	843.6
3532	18.7
3533	11633.4
3534	11499.3
3535	462.8
3536	4814.1
3537	69.1
3538	2.8
3539	806
3540	593.7
3541	5833.5
3542	4352.7
3543	5642
3544	202.3
3545	187.4
3546	186.6
3547	3303.2
3548	2990.8
3549	510.2
3550	898.2
3551	1252
3552	3178.8
3553	2989
3554	1336.2
3555	1857
3556	1713.4
3557	34.1
3558	1148.1
3559	592.2
3560	1190.9
3561	9720.8
3562	432.5
3563	3705.1
3564	702.3
3565	694.2
3566	54.9
3567	3565.7
3568	6112.6
3569	617.9
3570	1957.8
3571	1252.4
3572	350.6
3573	489.7
3574	980.4
3575	288.7
3576	1665.6
3577	1871.4
3578	1136
3579	870.2
3580	285
3581	34.1
3582	523.2
3583	326.4
3584	703.5
3585	126.4
3586	409.3
3587	70.7
3588	31.8
3589	54.9
3590	55.2
3591	125.1
3592	23.3
3593	9.2
3594	27.5
