"COMID"	"Value"
1	1.9
2	12.6
3	0.1
4	0.1
5	0.6
6	0
7	0.8
8	1.2
9	9.1
10	0
11	0.3
12	6.5
13	0
14	6.6
15	0.6
16	1.6
17	5.1
18	0.8
19	0.2
20	2.2
21	0.8
22	0.2
23	0
24	0.5
25	0.8
26	0.6
27	0.5
28	0.3
29	0.3
30	0
31	6.4
32	0.1
33	0.6
34	7.9
35	0.1
36	1.4
37	8.7
38	0
39	3.1
40	4.9
41	5.5
42	0.6
43	6.8
44	0.1
45	12
46	41.1
47	0.7
48	0.9
49	2.1
50	17.7
51	1.1
52	4
53	0.7
54	0.6
55	0.8
56	13.2
57	6.1
58	10.9
59	4.1
60	10
61	0.5
62	0.5
63	0.4
64	16.7
65	1.3
66	1.3
67	4.1
68	0.2
69	1.1
70	0.1
71	1.9
72	1.3
73	0.7
74	0.2
75	0.3
76	0.1
77	0
78	0.1
79	1.9
80	0.1
81	0
82	0
83	13.6
84	0
85	0.5
86	0.2
87	0.6
88	2.6
89	0.1
90	0.7
91	1.3
92	2.1
93	1.5
94	2.7
95	0.5
96	2
97	5.4
98	1.9
99	0.1
100	2
101	0.2
102	0.4
103	0.8
104	1.5
105	0.6
106	0.5
107	0.2
108	0
109	0.7
110	3
111	0
112	0.4
113	19
114	0.5
115	0.6
116	0.2
117	0.1
118	0.6
119	0
120	0.3
121	0
122	3.9
123	1.5
124	0.4
125	0.2
126	1.4
127	0.2
128	0.3
129	1
130	0.9
131	2.5
132	0.1
133	0.1
134	4.1
135	1.1
136	0.3
137	0.4
138	0.5
139	0.2
140	0.5
141	1
142	0.2
143	0
144	0.3
145	19.7
146	0.5
147	0.5
148	0.4
149	0.2
150	1.2
151	0
152	1
153	0.1
154	2.2
155	0
156	1.4
157	0.7
158	0.8
159	1.6
160	1.9
161	1.3
162	0.1
163	0
164	0.1
165	0
166	0.1
167	0.1
168	0
169	0
170	0.6
171	0.5
172	0.2
173	0.1
174	42.4
175	0
176	0.9
177	1.4
178	2.6
179	0.3
180	0.2
181	0
182	6.6
183	0
184	0.2
185	0.3
186	1.4
187	0.2
188	0.1
189	0.1
190	0.3
191	0.2
192	0.2
193	8.5
194	0.6
195	0
196	0.4
197	0.9
198	0.3
199	0.3
200	20.2
201	20.5
202	0.1
203	0.1
204	10.3
205	1.4
206	1.1
207	1.6
208	0.5
209	0.4
210	0.2
211	0.5
212	0.4
213	1.3
214	0.1
215	0.3
216	1.9
217	0.1
218	0.1
219	0.1
220	12.3
221	0
222	0.1
223	3.3
224	0
225	5.1
226	0.1
227	1.1
228	1
229	0.4
230	5.4
231	0.6
232	0.1
233	1.6
234	4.2
235	5.4
236	0.2
237	0.2
238	0.3
239	0.1
240	0.3
241	0
242	1.1
243	0
244	0.4
245	0.5
246	0.4
247	0
248	0
249	1.1
250	0.5
251	0.1
252	1.3
253	0.2
254	0
255	0
256	0
257	0
258	0
259	0
260	0
261	0.2
262	0
263	0
264	0
265	0
266	0.2
267	0.9
268	1
269	1.6
270	0
271	0.2
272	0
273	0.4
274	4.2
275	0
276	0
277	0.2
278	0
279	5.6
280	0
281	0
282	0.5
283	0.2
284	0.2
285	0
286	0
287	1.1
288	0.1
289	0.3
290	0.4
291	4.8
292	0.2
293	4.2
294	4.3
295	0.1
296	1.2
297	0.4
298	0
299	0
300	1.7
301	0.2
302	1.6
303	0.5
304	0.1
305	0.7
306	0.3
307	2.4
308	0
309	0.4
310	0.5
311	0.4
312	3.2
313	0.6
314	1.8
315	0.4
316	0.7
317	0
318	0.9
319	0
320	0.5
321	1.2
322	0.3
323	0.5
324	0.1
325	0
326	0.7
327	0.1
328	0.3
329	1.2
330	0
331	2.3
332	0.1
333	2.4
334	0.3
335	0
336	0.4
337	0
338	2.5
339	1.8
340	0.1
341	3
342	4.2
343	1.8
344	5.5
345	0.3
346	0
347	0.1
348	0.3
349	0.3
350	0.3
351	0.3
352	0.4
353	0.1
354	0.4
355	0
356	0.3
357	0.2
358	0.7
359	0
360	0.2
361	0.7
362	0.2
363	0.2
364	0.2
365	0.2
366	1.2
367	4.2
368	2.1
369	0
370	0.1
371	0.2
372	7.3
373	0.4
374	4.4
375	0.8
376	1.4
377	0.1
378	3.5
379	0
380	0.1
381	0
382	0
383	1.6
384	41.1
385	0
386	4.4
387	10.5
388	3.2
389	3
390	12
391	5.3
392	2.4
393	0
394	1
395	0
396	0
397	4.4
398	24.5
399	0.1
400	23
401	0.1
402	0
403	0
404	0
405	5.5
406	0.8
407	0.1
408	0
409	0
410	8.7
411	0.1
412	0
413	0.7
414	0
415	0
416	0.1
417	0
418	0
419	3.6
420	0
421	0.3
422	0
423	0.9
424	2.5
425	0.8
426	0.3
427	3.6
428	0.6
429	0
430	2.1
431	0
432	0.6
433	12.1
434	5.6
435	0.6
436	13.2
437	13.2
438	10.2
439	0
440	0
441	6.7
442	15.5
443	0.7
444	0.5
445	8
446	7.3
447	2
448	1.2
449	1.6
450	0.6
451	0
452	1.8
453	13.2
454	8.1
455	7.4
456	5.5
457	0.3
458	0.7
459	0.8
460	0.4
461	4
462	0.4
463	36.8
464	18.8
465	2.5
466	0.4
467	1
468	19.8
469	0.6
470	10.3
471	8.3
472	0.1
473	4.7
474	10.8
475	5.6
476	5.6
477	1.2
478	2.8
479	9.5
480	0.1
481	0
482	0.4
483	1.9
484	2.3
485	10.2
486	0
487	0.5
488	2.7
489	0
490	2.8
491	1.4
492	0.8
493	2.8
494	0.6
495	0
496	0
497	0.4
498	1.5
499	0
500	0.3
501	0.4
502	0.9
503	0.9
504	1.2
505	0.6
506	1.7
507	1.1
508	4.5
509	4
510	1
511	2.4
512	1.2
513	0
514	0.4
515	0
516	1.3
517	2
518	0.4
519	0.8
520	0
521	1.9
522	0.8
523	0
524	0.7
525	0.4
526	6.8
527	0.2
528	7.3
529	0.7
530	2.7
531	1.7
532	0.2
533	0.2
534	2.4
535	6.7
536	0.1
537	0
538	0
539	0.1
540	0.6
541	16.1
542	2
543	0.7
544	0.3
545	0.3
546	1.4
547	0.2
548	0
549	0
550	3.2
551	18.5
552	0.4
553	0.3
554	0.3
555	4.7
556	0.4
557	0.5
558	0
559	1.2
560	1.2
561	0.1
562	1.6
563	0
564	21.2
565	0.8
566	1.3
567	1
568	4.5
569	2
570	0
571	0.1
572	40.1
573	3.6
574	0.3
575	1
576	40.1
577	0
578	0.8
579	1.2
580	34
581	61.3
582	2
583	4.7
584	3.5
585	0
586	0.4
587	2.3
588	2
589	5.5
590	0
591	0
592	0.6
593	32.8
594	0.9
595	2
596	0.6
597	61.3
598	6.8
599	1.4
600	0.5
601	1.9
602	0
603	0
604	2
605	0
606	0
607	8.7
608	1.1
609	0
610	1.6
611	0.2
612	0
613	0
614	0.2
615	0
616	0
617	29.1
618	29.1
619	4.4
620	4.4
621	0
622	0.2
623	0.4
624	0.2
625	10.8
626	0.5
627	26.8
628	0.8
629	0.9
630	1.9
631	1.5
632	29.1
633	1.1
634	0
635	1.3
636	0.8
637	1.9
638	7.8
639	38.9
640	0
641	16.4
642	0
643	0.5
644	0
645	0
646	0.7
647	13
648	0
649	0.1
650	0.7
651	2
652	0.6
653	0
654	1.4
655	0
656	2.9
657	0.6
658	0.1
659	0.1
660	0
661	0.2
662	0.8
663	0.3
664	12.1
665	3.8
666	13.6
667	39
668	17
669	0.2
670	2.4
671	14.2
672	9.8
673	0.8
674	0
675	1.3
676	2
677	13.9
678	1.1
679	0.8
680	0
681	3.2
682	1.2
683	9.6
684	0.4
685	9.6
686	1.6
687	0
688	0.9
689	17.3
690	0.8
691	40.6
692	5.1
693	1
694	0
695	40.8
696	1.6
697	3.8
698	0.2
699	0.8
700	0.8
701	0.2
702	0.9
703	2.4
704	0.4
705	0.3
706	1
707	1.1
708	2.7
709	0.3
710	1.3
711	0
712	0
713	0.1
714	1
715	3.4
716	0
717	9.8
718	0.6
719	0.2
720	4.3
721	4.5
722	0.1
723	0.6
724	1.5
725	24.3
726	0
727	0
728	0.2
729	41
730	1.5
731	0.4
732	0
733	0.4
734	1.2
735	0
736	2.8
737	1
738	1.6
739	2.3
740	2.2
741	0.1
742	0.1
743	0.1
744	0
745	0
746	0.5
747	1
748	0
749	0.5
750	1.5
751	8.8
752	0.1
753	1.9
754	2.3
755	0.2
756	1.4
757	1
758	0.2
759	1.2
760	1.9
761	0.7
762	0.2
763	0.1
764	3.4
765	7.6
766	0
767	0.1
768	0.2
769	1.2
770	0.3
771	0.4
772	0.2
773	2.7
774	3.8
775	0.1
776	1
777	1.6
778	4.8
779	0
780	0.9
781	6.2
782	50.3
783	10.6
784	17.5
785	31.8
786	64.3
787	19.7
788	19.9
789	21.4
790	47.9
791	20.8
792	13.2
793	199.6
794	9.9
795	27.5
796	5.9
797	14
798	6.6
799	23.8
800	8.7
801	210.6
802	239.8
803	53.9
804	22.4
805	253.1
806	174.9
807	12.4
808	204.5
809	35.2
810	29.7
811	275.5
812	103.3
813	189.5
814	7.2
815	8.4
816	527.5
817	11.5
818	13.1
819	115.1
820	231.5
821	7.2
822	16.3
823	520.5
824	155.4
825	6.6
826	34
827	14
828	20.6
829	544.6
830	19
831	606.7
832	180.7
833	45.8
834	49.8
835	65
836	49
837	9.2
838	46.7
839	5.8
840	38.5
841	106
842	671.1
843	2.8
844	18.4
845	373.7
846	9.9
847	256.3
848	10.1
849	20.4
850	95.9
851	20.2
852	26.8
853	5.2
854	16.8
855	22.4
856	13.5
857	13
858	13.7
859	388.8
860	12.5
861	56.5
862	2.1
863	489.7
864	8.8
865	78.4
866	703.2
867	17
868	30.8
869	562.6
870	2.9
871	399
872	11.6
873	0.8
874	536.5
875	23.6
876	9.3
877	6.9
878	9.2
879	36.7
880	424.5
881	42.6
882	10.5
883	8.3
884	8.1
885	36
886	0.8
887	729.3
888	13.4
889	62.1
890	39.5
891	118.7
892	22.3
893	28.2
894	1
895	65
896	23.6
897	7.9
898	594.1
899	12.7
900	43.9
901	475.3
902	12.3
903	17.1
904	26.9
905	10.1
906	30.1
907	41.7
908	750.6
909	30.6
910	0
911	7.4
912	141.5
913	9.8
914	109.5
915	0
916	739
917	12.6
918	16.9
919	8.9
920	15.8
921	9.8
922	21.4
923	2
924	487.1
925	6.4
926	23.9
927	7
928	0.1
929	864.1
930	33.7
931	8.8
932	0.1
933	9.5
934	0
935	20
936	61.4
937	13.8
938	48.1
939	11
940	920.1
941	23.7
942	61.9
943	0
944	69.3
945	13.2
946	86.1
947	0
948	876.3
949	15.7
950	26.2
951	10.7
952	912.1
953	11.1
954	0.1
955	19.9
956	129.8
957	6.4
958	10.9
959	929.3
960	39
961	11.5
962	17.2
963	8.1
964	0
965	49.3
966	105.2
967	0
968	936.3
969	5.6
970	6.6
971	62.2
972	22.1
973	9
974	946.9
975	32.1
976	25.9
977	11.8
978	11.5
979	6.3
980	200.7
981	117.6
982	32.9
983	56.7
984	6.6
985	33.4
986	9.3
987	12.1
988	11.1
989	45.3
990	0
991	23.1
992	0
993	36.3
994	9.1
995	34.4
996	178.9
997	16
998	12.2
999	22.7
1000	0
1001	0.1
1002	17.1
1003	0
1004	210.1
1005	31.4
1006	12.3
1007	0
1008	0.1
1009	0
1010	87.8
1011	22.8
1012	11.3
1013	12.5
1014	9.4
1015	0.1
1016	0
1017	50.9
1018	12.4
1019	0.1
1020	27.6
1021	100.5
1022	8.2
1023	40.2
1024	18.5
1025	129.2
1026	23.9
1027	24.2
1028	260.1
1029	12.6
1030	0
1031	0
1032	0
1033	0
1034	46.9
1035	0
1036	680.7
1037	982.1
1038	18.6
1039	143.3
1040	13.4
1041	11.9
1042	0.1
1043	0
1044	141.1
1045	0.1
1046	0.2
1047	50.4
1048	287.5
1049	12.5
1050	0
1051	731.8
1052	399.9
1053	12.9
1054	1482.1
1055	351.3
1056	50.1
1057	0
1058	848.3
1059	0
1060	21.6
1061	0
1062	20
1063	19.1
1064	0
1065	1123.3
1066	12.5
1067	0
1068	0
1069	0
1070	12
1071	5.3
1072	0
1073	0
1074	28.7
1075	0
1076	12.6
1077	0
1078	82.6
1079	1604.3
1080	0.5
1081	0
1082	29.1
1083	0
1084	28.3
1085	22.6
1086	124.8
1087	0
1088	0
1089	0.1
1090	1585.5
1091	20.1
1092	0
1093	0.2
1094	0
1095	0.1
1096	0.1
1097	11.6
1098	0.1
1099	0
1100	0
1101	0
1102	902
1103	0
1104	14.3
1105	0.1
1106	0.2
1107	0
1108	0.1
1109	1607.9
1110	0
1111	0
1112	172.6
1113	22
1114	21.9
1115	0.1
1116	0.1
1117	104.6
1118	0.2
1119	14.3
1120	0.1
1121	0
1122	0.4
1123	0.5
1124	9.1
1125	14.9
1126	13.9
1127	14.7
1128	316.7
1129	71
1130	0.2
1131	0
1132	74.7
1133	140
1134	1266.8
1135	1617
1136	0
1137	0.2
1138	0.4
1139	14.7
1140	1027.6
1141	0.1
1142	0
1143	11
1144	0.7
1145	0.1
1146	0.1
1147	1289.2
1148	19.7
1149	1287.4
1150	14.7
1151	1289.3
1152	360.1
1153	373
1154	0
1155	0
1156	9.5
1157	14.8
1158	110.9
1159	32.9
1160	0.1
1161	0
1162	0.1
1163	0.5
1164	15.2
1165	1638.9
1166	27.5
1167	11.9
1168	87.7
1169	20.7
1170	12.1
1171	1268.3
1172	49.7
1173	0.3
1174	22.9
1175	0.2
1176	12
1177	0
1178	0.1
1179	14.8
1180	0.6
1181	1268.1
1182	1290.1
1183	0
1184	2696.5
1185	15.2
1186	382
1187	1272.1
1188	1290.3
1189	1268.3
1190	1272.4
1191	14.4
1192	1290.4
1193	9.9
1194	1289.1
1195	12
1196	1272.2
1197	2807.4
1198	0
1199	15.3
1200	5.7
1201	1288.6
1202	0.9
1203	2807.4
1204	1269
1205	0.1
1206	0
1207	1267.6
1208	0
1209	1288.4
1210	28.2
1211	30.2
1212	0
1213	15.5
1214	406.6
1215	1268.6
1216	8.5
1217	1.9
1218	0
1219	0
1220	10.7
1221	1290.3
1222	1290.1
1223	0.2
1224	1290.3
1225	15.3
1226	13.1
1227	4.5
1228	0.1
1229	1268.5
1230	10.7
1231	0
1232	22
1233	0.1
1234	1
1235	0.1
1236	0
1237	83.6
1238	10.4
1239	0
1240	1290.5
1241	157.8
1242	39.9
1243	0.6
1244	1290.6
1245	33.8
1246	11.6
1247	63.1
1248	44
1249	56.1
1250	3.6
1251	0.1
1252	2807.4
1253	1295.7
1254	1.7
1255	0
1256	12.5
1257	3.7
1258	0.2
1259	0
1260	4.8
1261	7.9
1262	0
1263	0.4
1264	4.1
1265	10
1266	458.7
1267	2807.4
1268	18.3
1269	4.5
1270	63.8
1271	0.2
1272	1295.7
1273	3.3
1274	16
1275	1295.5
1276	12.5
1277	10.2
1278	130.5
1279	3.2
1280	66.1
1281	2.6
1282	0
1283	12.8
1284	36.4
1285	3.8
1286	14
1287	0.6
1288	1.7
1289	66.3
1290	1.2
1291	22.5
1292	0.7
1293	3.1
1294	3.1
1295	7.7
1296	0
1297	16.4
1298	468.1
1299	4.9
1300	2.9
1301	0
1302	1.4
1303	4.6
1304	2.6
1305	21
1306	0
1307	206
1308	1
1309	0
1310	96.6
1311	9.6
1312	10.6
1313	0.3
1314	22.1
1315	66.1
1316	3.3
1317	2.4
1318	0.2
1319	36.7
1320	9.5
1321	0
1322	2807.4
1323	0
1324	0.2
1325	80.2
1326	0
1327	0
1328	180.1
1329	9.7
1330	29.4
1331	7.6
1332	8.3
1333	14.5
1334	69.8
1335	0.6
1336	13
1337	0
1338	0
1339	0.2
1340	4
1341	15.1
1342	183.9
1343	0
1344	0
1345	0.2
1346	66.1
1347	200.2
1348	7.9
1349	0.1
1350	2807.4
1351	5.4
1352	2.7
1353	171.5
1354	0
1355	13.7
1356	4.4
1357	7.2
1358	11.1
1359	0.3
1360	0
1361	0.2
1362	6.3
1363	66.1
1364	0
1365	38.8
1366	0
1367	66.1
1368	3.6
1369	0
1370	0.3
1371	0
1372	0.7
1373	95.4
1374	0.9
1375	35.3
1376	2.5
1377	0.8
1378	0.1
1379	0.1
1380	14.4
1381	66.1
1382	13.6
1383	0
1384	0.8
1385	3.5
1386	4.6
1387	0
1388	0
1389	0
1390	5.9
1391	581.4
1392	10.5
1393	0
1394	0
1395	18.3
1396	0
1397	9.5
1398	0
1399	66.1
1400	4.4
1401	0
1402	0
1403	232.2
1404	0.6
1405	1
1406	0
1407	66.1
1408	0
1409	600.9
1410	0
1411	183.4
1412	0.2
1413	41.8
1414	0.7
1415	16
1416	83
1417	0
1418	8.6
1419	0
1420	0.8
1421	0
1422	0.1
1423	9.2
1424	77.7
1425	0
1426	164.2
1427	0
1428	0
1429	0
1430	8
1431	251.5
1432	0
1433	7.9
1434	2873.5
1435	21.7
1436	2807.4
1437	77.7
1438	0
1439	0
1440	4.7
1441	6.2
1442	15738
1443	23
1444	0
1445	0
1446	926.4
1447	0.2
1448	43.2
1449	66.1
1450	0
1451	15738
1452	2873.5
1453	52.8
1454	9.6
1455	0
1456	12864.5
1457	304.2
1458	3.9
1459	0.1
1460	0
1461	94.1
1462	15738
1463	0
1464	0
1465	0
1466	9.6
1467	0
1468	15738
1469	6.6
1470	886.3
1471	0
1472	15738
1473	664.9
1474	1.2
1475	18.3
1476	15738
1477	0
1478	19.5
1479	81.6
1480	0
1481	38.7
1482	5.3
1483	0
1484	12864.3
1485	5.6
1486	0
1487	0
1488	37.6
1489	26
1490	0.2
1491	6.7
1492	4
1493	967.5
1494	13.2
1495	89.4
1496	122.6
1497	115.6
1498	0
1499	14.6
1500	1019
1501	6.6
1502	42.8
1503	0.2
1504	110.6
1505	12.7
1506	15
1507	0
1508	0.1
1509	3.1
1510	0.3
1511	12862.2
1512	0
1513	51.5
1514	0
1515	0
1516	0
1517	1026.1
1518	0
1519	7
1520	1.3
1521	0
1522	0
1523	0
1524	110.6
1525	0
1526	0
1527	18.4
1528	0
1529	8.5
1530	33.1
1531	0
1532	0.5
1533	0.1
1534	14.1
1535	2.7
1536	11.5
1537	0
1538	2.6
1539	1.3
1540	0
1541	15738
1542	0
1543	21.4
1544	0
1545	0
1546	6.5
1547	9.7
1548	15738
1549	0
1550	0
1551	117.6
1552	276.9
1553	25.2
1554	19.2
1555	6.9
1556	11.8
1557	0
1558	0
1559	28.1
1560	1026.4
1561	0
1562	0
1563	1.3
1564	0
1565	68.9
1566	1.3
1567	15738
1568	0
1569	8.2
1570	7
1571	0
1572	0
1573	56.1
1574	0
1575	15.8
1576	12862.2
1577	14.3
1578	0
1579	0
1580	385.3
1581	399.2
1582	9.5
1583	7.5
1584	2.9
1585	39
1586	11.9
1587	0
1588	1055.6
1589	0
1590	0.1
1591	15738
1592	1036.9
1593	0
1594	18.6
1595	20.8
1596	758.7
1597	15738
1598	28.6
1599	751.7
1600	7
1601	16.4
1602	13.6
1603	22.4
1604	4.5
1605	0.7
1606	0
1607	0
1608	10.9
1609	0
1610	4.1
1611	1.3
1612	26.5
1613	758.7
1614	45.3
1615	12804.8
1616	17
1617	0
1618	18.2
1619	1055.7
1620	12747.5
1621	445.7
1622	6.5
1623	0
1624	18.3
1625	18.2
1626	66.5
1627	0
1628	23.6
1629	15738
1630	13.6
1631	4.9
1632	59.8
1633	0
1634	94.2
1635	101.9
1636	807.1
1637	33.5
1638	7.7
1639	0.7
1640	0
1641	27.1
1642	26.4
1643	17.4
1644	0
1645	13.9
1646	30.4
1647	15738
1648	0.3
1649	0.1
1650	0
1651	53.8
1652	6.6
1653	0
1654	12678.1
1655	30.1
1656	8.6
1657	26.9
1658	854.9
1659	41.5
1660	35.5
1661	0.2
1662	0
1663	81.1
1664	0.3
1665	0
1666	46.3
1667	15.4
1668	69.8
1669	26.1
1670	1532
1671	8.6
1672	12669.2
1673	46.6
1674	28.2
1675	166
1676	0.3
1677	0.1
1678	6
1679	322.8
1680	13
1681	297.6
1682	597.9
1683	36.1
1684	22.1
1685	33.3
1686	6.7
1687	322.8
1688	124.9
1689	0.6
1690	27.6
1691	0.5
1692	4346.4
1693	8284.7
1694	39.1
1695	15.6
1696	2268.5
1697	6670.8
1698	597.9
1699	4.3
1700	6.1
1701	4313.5
1702	6649.8
1703	308.6
1704	2268.5
1705	0.1
1706	25
1707	597.9
1708	597.9
1709	19.4
1710	3.7
1711	4.8
1712	160.7
1713	4304.3
1714	68.6
1715	19.4
1716	43.7
1717	11.2
1718	52.2
1719	16
1720	8.5
1721	8320.9
1722	25.5
1723	276.9
1724	43.7
1725	1325.1
1726	9.4
1727	13.7
1728	170
1729	0.6
1730	44
1731	4.2
1732	177.3
1733	47.7
1734	6751
1735	7.4
1736	597.9
1737	8.1
1738	5.9
1739	888
1740	0
1741	0.3
1742	0.1
1743	142.3
1744	10.5
1745	70.7
1746	2279.4
1747	315.1
1748	26.9
1749	9.5
1750	11
1751	2287.2
1752	2297.9
1753	14.9
1754	140.2
1755	8.8
1756	1184.9
1757	31.9
1758	6.1
1759	171.9
1760	877.7
1761	41.7
1762	8.2
1763	10.3
1764	9.4
1765	1.2
1766	23.2
1767	2475.4
1768	0
1769	2721.5
1770	52.2
1771	8.1
1772	0
1773	8.5
1774	226.1
1775	0
1776	10.1
1777	6223.3
1778	0.1
1779	0.3
1780	0.1
1781	2675.9
1782	197.6
1783	2786.3
1784	337.6
1785	4256.1
1786	7.7
1787	79.5
1788	6.9
1789	7.1
1790	0.1
1791	6.2
1792	133.3
1793	865.7
1794	44.5
1795	4230.2
1796	4343.9
1797	24.8
1798	14.9
1799	0
1800	16.5
1801	8.5
1802	7.2
1803	0
1804	356.5
1805	1.1
1806	32.7
1807	49.8
1808	356.5
1809	20.9
1810	22
1811	5789.8
1812	0
1813	9.5
1814	33.9
1815	3428.6
1816	11.6
1817	8.6
1818	3424.2
1819	23.9
1820	14.2
1821	9
1822	23.1
1823	5.1
1824	0
1825	72.3
1826	77.2
1827	2349
1828	5778.6
1829	129.5
1830	0
1831	512
1832	0
1833	17.7
1834	0
1835	4207.7
1836	4193
1837	0
1838	0
1839	12.2
1840	64.1
1841	445.6
1842	567.3
1843	50.8
1844	5783.3
1845	15.8
1846	0
1847	502.4
1848	8.5
1849	81.4
1850	12.4
1851	24.3
1852	106
1853	18.1
1854	144.3
1855	8.2
1856	223.2
1857	0
1858	15.7
1859	40.5
1860	857.6
1861	0
1862	12.5
1863	4147.4
1864	7.3
1865	6.6
1866	11.7
1867	4156.9
1868	59.3
1869	15.5
1870	94.2
1871	20.8
1872	219.9
1873	191.3
1874	61.9
1875	4147.4
1876	53.3
1877	0
1878	4147.4
1879	44.9
1880	29.3
1881	16.7
1882	0
1883	11.3
1884	10.8
1885	9.7
1886	12.3
1887	0
1888	6.7
1889	0
1890	29.3
1891	101.9
1892	17.1
1893	5
1894	5.6
1895	40.5
1896	6
1897	22
1898	33
1899	203.2
1900	0
1901	12.8
1902	6.8
1903	7.5
1904	7.5
1905	2347.9
1906	0
1907	0
1908	751.5
1909	5.2
1910	104
1911	10.7
1912	9.9
1913	0
1914	24.2
1915	0
1916	85
1917	7.3
1918	8.8
1919	0
1920	4147.4
1921	7.5
1922	0
1923	0
1924	4147.4
1925	8.7
1926	51.3
1927	20.5
1928	2242.2
1929	0
1930	0
1931	0
1932	33.9
1933	10.2
1934	19.9
1935	0
1936	6.6
1937	4147.4
1938	56.2
1939	28.5
1940	0
1941	167.7
1942	48.6
1943	4147.4
1944	10.5
1945	0
1946	0
1947	0
1948	509.8
1949	9.3
1950	62.8
1951	0
1952	3
1953	96.4
1954	4147.4
1955	3.6
1956	9.3
1957	25.9
1958	0
1959	9.5
1960	2195
1961	36.5
1962	30
1963	0
1964	0
1965	0
1966	4.4
1967	507.5
1968	10.1
1969	0
1970	132.9
1971	0
1972	0
1973	4147.4
1974	144.3
1975	105.9
1976	1.6
1977	509.8
1978	31.2
1979	53
1980	0
1981	2176
1982	8.3
1983	0
1984	0
1985	65
1986	7.5
1987	16.9
1988	59.7
1989	312.8
1990	78.8
1991	0
1992	0
1993	8.4
1994	10.2
1995	1904.7
1996	0
1997	9.7
1998	58.7
1999	0
2000	93.2
2001	33.7
2002	6.3
2003	7.7
2004	4147.4
2005	0
2006	8.5
2007	0
2008	507.5
2009	0
2010	107.8
2011	210.6
2012	0
2013	140.2
2014	113.1
2015	12.9
2016	0
2017	0
2018	2.5
2019	4147.4
2020	0
2021	189.7
2022	173.6
2023	15.6
2024	94.4
2025	31
2026	0
2027	3.4
2028	28.1
2029	140.8
2030	0
2031	14
2032	0.9
2033	0
2034	0
2035	37.1
2036	9.1
2037	15
2038	87.9
2039	0
2040	0
2041	14.4
2042	3.8
2043	27.8
2044	14
2045	0
2046	4147.4
2047	3.6
2048	0
2049	0
2050	72.5
2051	1.8
2052	0
2053	14.9
2054	10
2055	4.5
2056	117.2
2057	18.7
2058	16.8
2059	0
2060	170.8
2061	0.8
2062	1996.6
2063	0
2064	4.4
2065	0
2066	0
2067	3.6
2068	0
2069	6.1
2070	7.5
2071	6.4
2072	0
2073	12.9
2074	10.6
2075	0
2076	15.8
2077	0
2078	4.9
2079	0
2080	0
2081	5.8
2082	0
2083	1.8
2084	1695.4
2085	0
2086	9.7
2087	0
2088	40.5
2089	5.4
2090	10.7
2091	7.9
2092	12.1
2093	5.6
2094	0
2095	2
2096	0
2097	161.7
2098	22.8
2099	12.5
2100	13.8
2101	0
2102	24.2
2103	4147.4
2104	4147.4
2105	0
2106	0
2107	0
2108	26.9
2109	0
2110	0
2111	0
2112	60.4
2113	1687
2114	0
2115	16.5
2116	9.2
2117	4
2118	184.6
2119	1478
2120	10.4
2121	1.2
2122	26.3
2123	0
2124	33.6
2125	3.6
2126	0
2127	145.7
2128	0
2129	4147.4
2130	0
2131	12.1
2132	6.6
2133	0
2134	0
2135	1477.4
2136	19
2137	7.6
2138	5.2
2139	18.9
2140	4147.4
2141	55.4
2142	33
2143	0
2144	0
2145	30.6
2146	1.5
2147	9.4
2148	14.6
2149	0
2150	34.5
2151	0
2152	16.3
2153	173.3
2154	9.8
2155	0
2156	0
2157	0
2158	2.7
2159	2.2
2160	207.8
2161	0
2162	0
2163	32.1
2164	0
2165	2.3
2166	4147.4
2167	0
2168	0
2169	29.6
2170	0
2171	0
2172	0
2173	52.7
2174	0
2175	1.4
2176	0
2177	298.8
2178	7.5
2179	0
2180	3.4
2181	59.9
2182	0
2183	0
2184	0
2185	15.1
2186	1.4
2187	1.7
2188	4147.4
2189	0
2190	135.9
2191	0
2192	0
2193	0
2194	21
2195	2.6
2196	0
2197	10.9
2198	4147.4
2199	298.8
2200	0
2201	2.5
2202	5.7
2203	0
2204	4147.4
2205	0
2206	193.2
2207	2
2208	1.1
2209	0
2210	63.1
2211	0
2212	4.5
2213	468.2
2214	0
2215	5.1
2216	99.6
2217	0
2218	0
2219	30.6
2220	9.3
2221	0
2222	86.7
2223	0
2224	0
2225	177
2226	27.5
2227	56.3
2228	0
2229	0
2230	4.7
2231	0
2232	1173.8
2233	0
2234	17.5
2235	0
2236	0
2237	0
2238	0
2239	92.2
2240	0
2241	4.2
2242	0
2243	0
2244	0
2245	11.1
2246	0.2
2247	0
2248	21.4
2249	62
2250	4147.4
2251	1.9
2252	673.6
2253	0
2254	1.1
2255	0
2256	17.3
2257	10.7
2258	0
2259	625.1
2260	0
2261	0
2262	0
2263	13.8
2264	37
2265	586.2
2266	0
2267	0
2268	64
2269	90.3
2270	0
2271	9.7
2272	0
2273	9.6
2274	0
2275	27.2
2276	2.5
2277	0
2278	0.2
2279	4147.2
2280	0
2281	0
2282	579.2
2283	3.5
2284	0.2
2285	545.3
2286	55
2287	6.4
2288	11.9
2289	0
2290	0
2291	4147.2
2292	536.2
2293	84
2294	84
2295	12.3
2296	11.2
2297	18
2298	0
2299	1.1
2300	0
2301	0.1
2302	0
2303	0.2
2304	0
2305	4147.2
2306	421.1
2307	49.8
2308	0
2309	3.9
2310	40.9
2311	0.1
2312	0
2313	0.8
2314	0
2315	0.1
2316	4146.4
2317	13.3
2318	4146.4
2319	0.8
2320	23.6
2321	14.7
2322	0
2323	0
2324	33.4
2325	47.4
2326	2.7
2327	0.8
2328	8.5
2329	0.8
2330	0.1
2331	0
2332	77.6
2333	0.8
2334	9.4
2335	0.1
2336	9.4
2337	0
2338	1.7
2339	74.4
2340	10.9
2341	5.4
2342	0
2343	1
2344	0.8
2345	72.2
2346	18.3
2347	0
2348	0.8
2349	47
2350	0
2351	14.7
2352	0.8
2353	5.8
2354	0
2355	7.7
2356	0
2357	0.8
2358	1.2
2359	362.5
2360	3.3
2361	4.5
2362	5.3
2363	15.9
2364	3.7
2365	3.8
2366	0
2367	0.1
2368	5
2369	1.8
2370	7.4
2371	0
2372	1.9
2373	13.4
2374	1.1
2375	0
2376	0.1
2377	3.1
2378	6
2379	1202
2380	5
2381	4.3
2382	6.5
2383	0
2384	0.7
2385	0.9
2386	0
2387	0
2388	101.9
2389	18.8
2390	1.4
2391	108.8
2392	348.8
2393	0.2
2394	283.1
2395	60.8
2396	1198.9
2397	0
2398	0.4
2399	5.5
2400	0
2401	2.8
2402	31.3
2403	1.5
2404	3
2405	15.3
2406	136.6
2407	0.1
2408	7.6
2409	23.4
2410	93
2411	84.8
2412	27.3
2413	0
2414	5.8
2415	54
2416	1192.9
2417	138.9
2418	8.5
2419	2740.3
2420	8.7
2421	0.1
2422	10.2
2423	4.2
2424	50.7
2425	1.6
2426	0.1
2427	0
2428	21.8
2429	0.5
2430	0
2431	4.2
2432	1182.6
2433	5.8
2434	10.8
2435	0
2436	1182.6
2437	44.6
2438	31.6
2439	37
2440	2.2
2441	0.2
2442	2.8
2443	4.1
2444	273.1
2445	6.9
2446	4
2447	5.4
2448	109.4
2449	0
2450	0
2451	2.1
2452	6.7
2453	241
2454	0
2455	1182.6
2456	26.1
2457	0
2458	2736.6
2459	3.3
2460	12.5
2461	54.4
2462	13.7
2463	1.6
2464	139.2
2465	0.2
2466	0
2467	277
2468	127.5
2469	3.1
2470	26.4
2471	2736.6
2472	3.3
2473	9.5
2474	10.3
2475	2723.1
2476	0.1
2477	11.1
2478	2.1
2479	0
2480	2.1
2481	6.8
2482	28.7
2483	0
2484	1182.5
2485	112.4
2486	6.4
2487	0
2488	1.9
2489	56.5
2490	19
2491	1.4
2492	14.1
2493	0
2494	7.7
2495	3.4
2496	1
2497	254.5
2498	100.9
2499	22.7
2500	1150.7
2501	15.1
2502	9
2503	13.2
2504	18.1
2505	1150.7
2506	3.4
2507	0
2508	10.3
2509	0
2510	4.8
2511	31.2
2512	1131.8
2513	7.8
2514	81.5
2515	85
2516	2696.5
2517	5.8
2518	1.9
2519	3.9
2520	1110
2521	49.9
2522	352.7
2523	1.4
2524	0
2525	3.7
2526	51
2527	6.9
2528	5.4
2529	4.1
2530	277
2531	247.9
2532	3.9
2533	27.6
2534	27.2
2535	5.2
2536	11
2537	32
2538	343
2539	405.1
2540	78.2
2541	27.7
2542	1110
2543	9.3
2544	23
2545	135.3
2546	49.1
2547	3.9
2548	93.9
2549	1.7
2550	0
2551	13.5
2552	237.4
2553	12.2
2554	437.5
2555	4.1
2556	4.3
2557	10.2
2558	7.8
2559	227.4
2560	99.5
2561	63.8
2562	13.8
2563	141.3
2564	428.7
2565	48.5
2566	1.6
2567	2
2568	316.6
2569	24.4
2570	3.5
2571	1
2572	2695.3
2573	0.1
2574	2689.3
2575	21.8
2576	5.1
2577	4.8
2578	4.9
2579	5.3
2580	2671.2
2581	273
2582	165.9
2583	11.5
2584	0
2585	29.5
2586	13.1
2587	10.7
2588	1.8
2589	28
2590	3.6
2591	4.5
2592	56
2593	155.5
2594	12.4
2595	0
2596	51.5
2597	10.6
2598	232.9
2599	1.9
2600	3.5
2601	5
2602	52.3
2603	44.1
2604	12.7
2605	13.3
2606	0.1
2607	16.2
2608	10.2
2609	20.9
2610	0
2611	12.3
2612	3.3
2613	5.5
2614	191.8
2615	3.9
2616	26.4
2617	185.2
2618	3.6
2619	2659
2620	23.6
2621	8.9
2622	6.9
2623	13
2624	38.1
2625	213.9
2626	2
2627	12.2
2628	4.8
2629	0
2630	5.2
2631	3.6
2632	7.4
2633	15.8
2634	22.4
2635	3.2
2636	29.3
2637	0
2638	11.7
2639	146.4
2640	122.8
2641	4.7
2642	6.4
2643	98.9
2644	12.2
2645	63.7
2646	116.7
2647	2.1
2648	14.1
2649	0.2
2650	36.7
2651	0
2652	0.3
2653	16.4
2654	19
2655	24.7
2656	91.2
2657	2.5
2658	99.4
2659	14.8
2660	95.9
2661	36.9
2662	36.2
2663	31.8
2664	10.6
2665	32.3
2666	14.3
2667	1.5
2668	6.7
2669	3.4
2670	17.7
2671	21.5
2672	41.6
2673	0
2674	5
2675	19.4
2676	0.6
2677	51
2678	5.1
2679	0.2
2680	3.2
2681	2658.7
2682	866.4
2683	29.9
2684	4
2685	29.5
2686	3.4
2687	16.2
2688	4.6
2689	1756.6
2690	7.2
2691	889.5
2692	0.3
2693	12
2694	4.9
2695	0.3
2696	25.8
2697	0.1
2698	48
2699	5.1
2700	15.7
2701	0.8
2702	6.9
2703	13.1
2704	0.4
2705	10.5
2706	4.1
2707	1.2
2708	305.9
2709	12.5
2710	326.4
2711	5.6
2712	0
2713	4.8
2714	25.6
2715	11.5
2716	10.3
2717	789.7
2718	12.1
2719	2.2
2720	7.8
2721	7.1
2722	5.6
2723	26.6
2724	2.5
2725	359.1
2726	31.2
2727	16.2
2728	20.2
2729	7.8
2730	8.8
2731	0
2732	12.2
2733	4.5
2734	4.6
2735	6
2736	2.9
2737	55.8
2738	409.4
2739	43.1
2740	778.7
2741	433.1
2742	6.9
2743	12
2744	6.7
2745	17.1
2746	2.9
2747	11.8
2748	0
2749	29.6
2750	15.2
2751	12.4
2752	13.5
2753	4.4
2754	26.3
2755	583.8
2756	22.5
2757	43.5
2758	26.6
2759	6.5
2760	4.1
2761	2.7
2762	46.3
2763	34.6
2764	4.9
2765	49.2
2766	3.6
2767	1
2768	149.6
2769	4.8
2770	53.4
2771	26.9
2772	1631.1
2773	4.6
2774	42.8
2775	648.3
2776	78.3
2777	6
2778	5
2779	63.8
2780	2.9
2781	6.5
2782	16
2783	3.9
2784	5
2785	41.2
2786	10.3
2787	71.7
2788	3.4
2789	21.9
2790	11.7
2791	9.5
2792	5.5
2793	40.7
2794	15.1
2795	3.9
2796	1039.2
2797	138.5
2798	7
2799	6
2800	647.5
2801	11
2802	46.7
2803	5.7
2804	9.1
2805	640.8
2806	5.6
2807	19.4
2808	62.7
2809	1661.2
2810	1.2
2811	10.8
2812	3.7
2813	1027.6
2814	11.2
2815	9.3
2816	106.7
2817	85.7
2818	16.4
2819	12.9
2820	11
2821	47.6
2822	4.4
2823	10.6
2824	61.2
2825	100.1
2826	58.6
2827	5.2
2828	8.6
2829	9.7
2830	126
2831	5.3
2832	60.2
2833	117
2834	24.2
2835	10.9
2836	23.9
2837	7.9
2838	21.1
2839	8.1
2840	33.5
2841	7
2842	26.1
2843	6
2844	5.2
2845	130.4
2846	69.6
2847	61.9
2848	15.7
2849	4.2
2850	613.2
2851	12.7
2852	9.1
2853	5.7
2854	32.6
2855	12.3
2856	33
2857	8.7
2858	9.1
2859	130.9
2860	5.6
2861	55.9
2862	5.1
2863	3
2864	1011
2865	35.7
2866	3.3
2867	30.3
2868	3.9
2869	14.8
2870	161.9
2871	8.9
2872	403.2
2873	24.8
2874	75.8
2875	109.1
2876	1.1
2877	33.7
2878	6.4
2879	3.7
2880	93.9
2881	7
2882	15.1
2883	38.6
2884	50.4
2885	3.3
2886	7.8
2887	10.5
2888	85.3
2889	7.6
2890	5.5
2891	48.5
2892	18
2893	26.8
2894	18
2895	89.5
2896	86.4
2897	39.4
2898	205.4
2899	20.5
2900	75.6
2901	98.5
2902	6.5
2903	47.1
2904	91.3
2905	35.6
2906	50
2907	17.8
2908	25.6
2909	14.2
2910	62.9
2911	9.1
2912	27.1
2913	26.7
2914	33.7
2915	6.1
2916	27.6
2917	8.9
2918	19.9
2919	100.4
2920	2.3
2921	20.2
2922	51.7
2923	19
2924	316.1
2925	20.4
2926	281.9
2927	7.5
2928	63.6
2929	11.7
2930	36
2931	208.4
2932	774.7
2933	6.2
2934	18.4
2935	9.9
2936	123.6
2937	7
2938	3.4
2939	43.3
2940	126.4
2941	253.7
2942	8.5
2943	9.4
2944	2.4
2945	8.6
2946	24.3
2947	333.3
2948	26.1
2949	55.4
2950	10.1
2951	18
2952	11
2953	24.8
2954	8.2
2955	289.2
2956	734.4
2957	323.5
2958	224.8
2959	267.5
2960	102.5
2961	20.9
2962	14
2963	22
2964	10.7
2965	6
2966	350
2967	18.7
2968	7.5
2969	8.5
2970	7
2971	94
2972	30.1
2973	162.2
2974	5.6
2975	25.6
2976	328.8
2977	4.8
2978	23.7
2979	12.5
2980	18.4
2981	23.1
2982	10.1
2983	6.6
2984	55.4
2985	8.4
2986	37.9
2987	11.6
2988	729.7
2989	2.6
2990	20
2991	21.9
2992	23.5
2993	75.6
2994	66.8
2995	36.2
2996	397.6
2997	318
2998	5.8
2999	30.4
3000	287.6
3001	4.7
3002	27.2
3003	98.3
3004	2.7
3005	7.8
3006	8.1
3007	19.3
3008	8.1
3009	163.2
3010	168.2
3011	5.7
3012	16.9
3013	11.4
3014	6.3
3015	1.8
3016	82.5
3017	37.4
3018	387
3019	1.9
3020	2390.6
3021	41.7
3022	7
3023	2.7
3024	15.8
3025	2013.8
3026	9
3027	774.7
3028	1623.3
3029	1251.7
3030	18.5
3031	271.8
3032	36.1
3033	1.3
3034	16.6
3035	1625.2
3036	167.8
3037	8.2
3038	105.7
3039	15.1
3040	86.7
3041	34.1
3042	63.8
3043	1266.2
3044	7.8
3045	869.2
3046	93.9
3047	100.9
3048	8.9
3049	2351.8
3050	28.6
3051	6.7
3052	37.3
3053	17.9
3054	2315.2
3055	290.8
3056	1274.9
3057	1.6
3058	1258.9
3059	3.6
3060	4.7
3061	7.8
3062	16.8
3063	312.4
3064	108.6
3065	254
3066	19.4
3067	197
3068	72.8
3069	3.7
3070	1619.6
3071	252.5
3072	9.3
3073	36.5
3074	148.1
3075	6
3076	6.4
3077	285.3
3078	3.7
3079	11.6
3080	1597.3
3081	1.5
3082	6.1
3083	76.7
3084	4.7
3085	29.8
3086	7.8
3087	69.8
3088	18.1
3089	38.7
3090	7.3
3091	3.2
3092	20.4
3093	21.2
3094	22.4
3095	1.7
3096	31.8
3097	14
3098	36.5
3099	7.2
3100	248.9
3101	36.2
3102	6.2
3103	12.2
3104	12.8
3105	15.2
3106	28.9
3107	87.2
3108	3.3
3109	3.8
3110	4.3
3111	33.6
3112	4.7
3113	44.1
3114	6.3
3115	10.6
3116	8.4
3117	68.8
3118	22.4
3119	24.1
3120	3.8
3121	27.8
3122	1.5
3123	6.9
3124	1.4
3125	29.9
3126	7.5
3127	1.8
3128	2
3129	3.9
3130	1.1
3131	12.5
3132	5.6
3133	9.1
3134	28.2
3135	2.6
3136	10
3137	1
3138	1.2
3139	36.9
3140	6.7
3141	1.5
3142	7.3
3143	25.3
3144	200
3145	1.5
3146	1
3147	4.9
3148	17.5
3149	82.8
3150	0.9
3151	1.7
3152	148.8
3153	19.8
3154	13.4
3155	61.4
3156	4.2
3157	3.9
3158	1
3159	10.3
3160	2.6
3161	1.2
3162	3.7
3163	1.9
3164	1.7
3165	1.7
3166	140.9
3167	14.7
3168	27.5
3169	84.9
3170	13.7
3171	3.6
3172	44.2
3173	67.1
3174	17.2
3175	6.7
3176	1.5
3177	69.5
3178	103
3179	0.9
3180	2.4
3181	11.8
3182	15.6
3183	5.1
3184	4.9
3185	1.5
3186	4.5
3187	45.5
3188	7
3189	4.4
3190	1.1
3191	6.1
3192	6.7
3193	0.9
3194	14
3195	6.1
3196	37.1
3197	9
3198	1.6
3199	7.5
3200	0.9
3201	32.8
3202	0
3203	11.2
3204	10.7
3205	2.8
3206	0.9
3207	60.3
3208	32.1
3209	0.5
3210	20.5
3211	7.7
3212	21.7
3213	77.1
3214	2.8
3215	1
3216	30.4
3217	33.1
3218	20.5
3219	58.1
3220	1.5
3221	32.8
3222	50.1
3223	2
3224	24.5
3225	36.2
3226	9.9
3227	29.4
3228	44
3229	0.8
3230	2.5
3231	0.5
3232	1
3233	2.2
3234	2.9
3235	97.3
3236	7.6
3237	2.1
3238	44.9
3239	1.6
3240	1.8
3241	1.8
3242	5.3
3243	5.8
3244	44.4
3245	67.8
3246	27.1
3247	0.7
3248	1
3249	1.7
3250	7.5
3251	63.8
3252	9.6
3253	43.2
3254	6.4
3255	3
3256	0.9
3257	9.2
3258	54.6
3259	11.2
3260	2.8
3261	0.9
3262	31.7
3263	56.2
3264	40.7
3265	2
3266	4.4
3267	3.4
3268	38.7
3269	29.5
3270	0.5
3271	1.4
3272	20.7
3273	1
3274	41
3275	0.7
3276	2.4
3277	3.7
3278	4.6
3279	1.3
3280	11
3281	23.8
3282	0.8
3283	2.6
3284	0.4
3285	14.1
3286	59.3
3287	8
3288	5.6
3289	3
3290	2.9
3291	8.8
3292	5.7
3293	3.7
3294	1.5
3295	1.4
3296	4.1
3297	34
3298	2.9
3299	0.9
3300	6.4
3301	0.7
3302	2.4
3303	4.9
3304	1.2
3305	4.9
3306	0.4
3307	6.4
3308	3.9
3309	5.5
3310	3.4
3311	1.8
3312	2.6
3313	4.3
3314	11.8
3315	0.7
3316	14.2
3317	0.9
3318	5.6
3319	2
3320	10.5
3321	1.6
3322	1.1
3323	2.6
3324	2.2
3325	0.7
3326	3.9
3327	8.2
3328	2
3329	3.6
3330	2
3331	9.6
3332	10.2
3333	0.5
3334	2.8
3335	3.9
3336	0.7
3337	2.5
3338	9.1
3339	4.8
3340	1.1
3341	7.1
3342	0.5
3343	3.5
3344	1.1
3345	1.4
3346	4.7
3347	4.2
3348	0.8
3349	0.3
3350	2.2
3351	1.2
3352	5.7
3353	27.5
3354	0.8
3355	3.2
3356	1.2
3357	0.7
3358	1.5
3359	0.9
3360	2.1
3361	1.4
3362	0.4
3363	4.2
3364	1.2
3365	3.9
3366	23
3367	0.8
3368	2.7
3369	2.1
3370	2.2
3371	0.8
3372	2.5
3373	0.8
3374	22.2
3375	0.4
3376	3
3377	0.4
3378	0.4
3379	2.5
3380	17.5
3381	0.9
3382	0.3
3383	1.9
3384	10.9
3385	5.8
3386	1.3
3387	1.4
3388	0.3
3389	8.4
3390	6.1
3391	2
3392	0.8
3393	0.7
3394	2
3395	1.9
3396	5
3397	1.4
3398	2
3399	1.8
3400	153.2
3401	54.6
3402	119.8
3403	618.6
3404	515.5
3405	478.3
3406	291.3
3407	1384
3408	150.7
3409	1429
3410	0
3411	0
3412	62.4
3413	274.5
3414	124.3
3415	88.2
3416	14.1
3417	65.2
3418	102.9
3419	1057.6
3420	1287.7
3421	2807.4
3422	54
3423	437.8
3424	21.8
3425	237.7
3426	546.1
3427	2.2
3428	24.2
3429	58.7
3430	12.2
3431	262.7
3432	509.7
3433	63.8
3434	55.2
3435	15738
3436	894.7
3437	107.1
3438	15738
3439	15738
3440	136
3441	699.5
3442	12864.2
3443	252.5
3444	108.9
3445	15738
3446	15738
3447	15738
3448	1.9
3449	18.4
3450	15738
3451	743.5
3452	139.5
3453	39.5
3454	276.9
3455	47.3
3456	1531.7
3457	286
3458	88.5
3459	5.3
3460	280.1
3461	8284.3
3462	419.6
3463	2268.5
3464	591.8
3465	2.9
3466	39.5
3467	16.9
3468	6183.3
3469	31.3
3470	3046.3
3471	108.4
3472	57.8
3473	182
3474	838.1
3475	4147.4
3476	0
3477	59.5
3478	15.7
3479	4147.4
3480	2248.7
3481	64.2
3482	622
3483	22.2
3484	2177.5
3485	83.2
3486	0
3487	245.9
3488	56.4
3489	1885.1
3490	1835.3
3491	0
3492	51.8
3493	1678.2
3494	99.8
3495	143.6
3496	143.5
3497	1462.5
3498	1228.2
3499	376.6
3500	1166.9
3501	130.1
3502	13.3
3503	4147.4
3504	4147.2
3505	148
3506	475.8
3507	4147.2
3508	0.7
3509	81.5
3510	4146.4
3511	404.9
3512	39.7
3513	69.4
3514	4146.4
3515	310.4
3516	4087.4
3517	21.3
3518	1192
3519	43.9
3520	0.1
3521	2738.6
3522	96.4
3523	2719.7
3524	11.9
3525	2716.2
3526	7.2
3527	2695.3
3528	667.2
3529	46.4
3530	21.9
3531	212.9
3532	5
3533	2671.2
3534	2659
3535	97.6
3536	825
3537	12.3
3538	0.2
3539	297
3540	239.8
3541	1745.7
3542	767.4
3543	1723
3544	72.8
3545	65.6
3546	21.2
3547	1013
3548	597.5
3549	70.7
3550	145.5
3551	250.9
3552	975.9
3553	888.2
3554	278.8
3555	348.9
3556	410.3
3557	14.4
3558	254.5
3559	165.3
3560	290.4
3561	2327.1
3562	98.2
3563	1132.1
3564	157.4
3565	155.7
3566	15
3567	1089
3568	1592.6
3569	231.3
3570	236.6
3571	136.2
3572	78.1
3573	54.6
3574	223.6
3575	65.5
3576	257
3577	301
3578	114.7
3579	196.1
3580	89.8
3581	10
3582	51.7
3583	65.9
3584	113.8
3585	35
3586	84.6
3587	16.7
3588	8.1
3589	11.2
3590	16.4
3591	15.5
3592	6.4
3593	2.5
3594	4.9
