"COMID"	"Value"
1	33.4
2	40.3
3	7.4
4	0.5
5	10.2
6	0
7	50.2
8	1.5
9	12.4
10	0
11	1.7
12	8.1
13	0
14	78.3
15	0.8
16	8
17	16.8
18	51.4
19	6
20	88
21	2
22	12.9
23	0
24	0.5
25	4.2
26	4.6
27	0.7
28	4.5
29	1
30	0
31	171.4
32	1.2
33	10.8
34	9.5
35	0.2
36	1.4
37	112.9
38	0
39	3.1
40	55.2
41	54.5
42	0.9
43	69.5
44	1
45	66.5
46	283.7
47	2.8
48	14.5
49	6.7
50	49
51	1.1
52	91.5
53	0.7
54	9.6
55	9
56	131.6
57	63.3
58	14.2
59	5.9
60	11.6
61	0.5
62	0.5
63	6.5
64	138.5
65	1.3
66	20.3
67	34.1
68	1.5
69	5.2
70	0.1
71	9
72	6.7
73	0.7
74	9.8
75	0.3
76	0.1
77	0
78	0.2
79	22.8
80	0.1
81	0.1
82	0
83	130.5
84	0
85	2
86	2.1
87	0.6
88	2.6
89	0.3
90	1.1
91	1.3
92	12.5
93	5.3
94	2.7
95	33.4
96	2
97	55.3
98	9
99	0.1
100	19.2
101	1.2
102	1.2
103	0.8
104	21.5
105	0.6
106	3.6
107	0.2
108	0
109	0.7
110	3
111	0
112	2.1
113	145.5
114	2.8
115	1
116	5.4
117	2.7
118	5.9
119	0
120	0.3
121	0
122	17.9
123	21.5
124	4.9
125	13.2
126	10.5
127	0.3
128	7.7
129	1
130	1.3
131	79.2
132	0.1
133	2.3
134	18.3
135	12.2
136	18.2
137	14.5
138	0.5
139	0.2
140	0.8
141	1.4
142	0.2
143	0
144	0.4
145	146.2
146	4.5
147	7.2
148	17
149	2.5
150	55.6
151	0
152	11.9
153	0.1
154	25.4
155	0
156	1.9
157	32.6
158	0.8
159	45.8
160	8.5
161	1.8
162	0.1
163	0.1
164	0.1
165	0
166	0.1
167	5.3
168	0
169	2.1
170	1.6
171	8.2
172	0.2
173	0.1
174	130
175	0.1
176	5.8
177	42.6
178	29.4
179	4.4
180	0.2
181	0
182	27.5
183	0
184	0.2
185	0.3
186	2.7
187	0.6
188	0.1
189	0.1
190	0.6
191	0.2
192	3.2
193	30.7
194	4
195	0
196	0.4
197	33.8
198	0.3
199	3.8
200	146.7
201	147
202	0.1
203	0.1
204	33
205	1.9
206	16.3
207	2.9
208	2.9
209	4.8
210	7.5
211	8.9
212	21
213	20.4
214	0.1
215	14.2
216	27.3
217	0.9
218	0.1
219	0.2
220	35.5
221	0
222	4.6
223	13.8
224	0
225	61.3
226	12.3
227	16.3
228	15.6
229	0.4
230	64
231	25.3
232	1
233	5.7
234	91.7
235	64
236	3.6
237	0.5
238	2.7
239	1.7
240	17.3
241	1.8
242	16.3
243	0
244	1.3
245	8.3
246	1.5
247	0
248	0
249	16.3
250	1.8
251	10.1
252	8.4
253	1.6
254	0
255	0
256	0
257	0
258	0
259	0
260	0
261	2.6
262	6.9
263	0
264	0
265	0
266	2.6
267	2.7
268	3.6
269	5.7
270	0
271	6.6
272	1.4
273	1.3
274	91.7
275	5.5
276	0
277	0.2
278	4.2
279	64.3
280	0.4
281	2.3
282	1.4
283	0.2
284	0.2
285	0
286	0.5
287	7.8
288	0.1
289	0.3
290	0.4
291	24.2
292	0.2
293	91.7
294	23.5
295	0.1
296	3.2
297	1.5
298	0
299	0
300	7.9
301	0.2
302	7.5
303	0.9
304	0.1
305	2.3
306	0.3
307	11.3
308	0.4
309	0.4
310	0.7
311	1.9
312	14
313	1
314	4.2
315	0.4
316	0.7
317	0
318	1.4
319	0
320	2.1
321	1.2
322	0.4
323	1.7
324	0.1
325	0
326	1.4
327	0.1
328	0.3
329	1.2
330	0
331	4.7
332	0.1
333	4.8
334	0.3
335	0.4
336	0.4
337	0
338	4.9
339	2.5
340	0.1
341	5.4
342	91.7
343	2.5
344	25.6
345	0.3
346	0
347	0.1
348	0.3
349	0.3
350	0.3
351	0.3
352	0.4
353	2.2
354	0.4
355	0
356	0.3
357	4
358	0.7
359	0
360	0.2
361	0.7
362	0.2
363	0.2
364	4
365	3.6
366	1.2
367	91.7
368	6.7
369	0
370	1.4
371	4
372	27.4
373	0.4
374	95.7
375	2.9
376	50.6
377	0.7
378	10.2
379	0
380	1
381	0
382	0
383	88
384	283.7
385	0
386	95.7
387	20.2
388	88.6
389	87
390	21.8
391	12
392	79
393	0
394	1
395	0
396	0
397	95.7
398	44
399	1
400	42.5
401	1.8
402	0
403	0
404	0
405	47.4
406	11.2
407	1
408	0
409	0
410	50.5
411	4.8
412	0
413	10.8
414	0
415	0
416	1
417	0
418	0
419	4
420	0
421	7.6
422	0
423	13.8
424	29.3
425	2.3
426	7.6
427	39.7
428	3
429	0.8
430	11.7
431	0
432	0.6
433	74.5
434	35.9
435	0.6
436	77.1
437	77.9
438	67.1
439	0
440	0.2
441	62.8
442	97.7
443	1.8
444	0.5
445	51.6
446	32.4
447	14.6
448	6
449	1.6
450	0.6
451	0
452	23.1
453	78.1
454	23
455	10.6
456	5.5
457	3.7
458	40.5
459	17
460	0.4
461	36.1
462	8
463	124.4
464	145.1
465	16.4
466	3.8
467	12.4
468	146.3
469	0.7
470	33
471	30.5
472	0.1
473	60
474	33.5
475	64.3
476	64.3
477	20.6
478	3.5
479	78.5
480	0.5
481	0
482	3.8
483	33.7
484	2.3
485	79.2
486	0
487	1.4
488	39.8
489	0
490	40.3
491	12.3
492	6.1
493	40.3
494	9
495	0
496	0
497	7.2
498	2.9
499	0
500	3.6
501	11.7
502	13.3
503	0.9
504	1.2
505	1.5
506	18
507	7.9
508	45.3
509	41.2
510	12.4
511	24.2
512	4.5
513	0
514	0.6
515	0
516	1.3
517	20.5
518	0.4
519	0.8
520	0
521	32.2
522	0.8
523	0
524	8.9
525	2.7
526	31.9
527	1.4
528	32.4
529	8.9
530	25.8
531	5.4
532	7.9
533	1.9
534	35
535	74.1
536	1.2
537	0
538	0
539	0.1
540	0.6
541	126.8
542	6.2
543	3.7
544	9.1
545	9.1
546	6
547	10
548	0
549	0
550	38.8
551	134.8
552	10.5
553	3.8
554	9.1
555	40.3
556	10.3
557	0.5
558	0
559	2.2
560	3
561	1.8
562	6.7
563	0
564	139.6
565	2.3
566	4.4
567	1
568	18.4
569	5.1
570	0
571	1.7
572	186.9
573	7.7
574	12.5
575	1
576	186.9
577	0
578	2.3
579	8.1
580	165.2
581	326.5
582	115.6
583	4.7
584	3.5
585	0
586	20.5
587	4.5
588	223.2
589	8.6
590	0
591	13
592	5.9
593	162.5
594	1.1
595	152.1
596	0.6
597	326.5
598	10.9
599	3.3
600	0.5
601	2.1
602	0
603	0.3
604	172.2
605	0
606	11.7
607	13
608	1.1
609	0
610	1.6
611	0.2
612	0
613	0
614	2
615	0
616	0
617	103.6
618	104.6
619	17.7
620	17.7
621	30.4
622	4.8
623	10.6
624	4
625	15.1
626	0.5
627	151
628	0.8
629	1.1
630	12.3
631	1.5
632	104.3
633	1.5
634	0
635	2.4
636	0.9
637	2.4
638	22.7
639	184.8
640	0
641	114.6
642	0
643	14
644	0
645	0.1
646	0.9
647	17.3
648	0.6
649	2.6
650	0.7
651	17.9
652	0.6
653	0
654	1.4
655	0
656	3.2
657	21.5
658	2.6
659	4.8
660	0
661	2.9
662	1
663	12
664	27.3
665	4.1
666	28.8
667	185.5
668	67.8
669	6.8
670	2.4
671	18.5
672	9.8
673	1.4
674	0
675	6.4
676	28.5
677	98.5
678	1.1
679	0.8
680	0
681	4.5
682	13.8
683	76.3
684	15.4
685	9.6
686	12
687	0
688	3.7
689	21.6
690	1.7
691	273.8
692	32.6
693	1
694	0
695	280.7
696	14.8
697	3.8
698	9.2
699	2.4
700	2.9
701	2.9
702	10.4
703	10.1
704	1
705	5.2
706	1
707	8.3
708	15.9
709	8.1
710	42.6
711	0
712	0.2
713	2.2
714	1
715	72.1
716	0
717	80.1
718	5.3
719	2.2
720	16.3
721	4.5
722	2.6
723	3.9
724	4.9
725	39.5
726	0
727	0
728	5.7
729	283.6
730	68.7
731	0.5
732	0
733	5
734	2.2
735	0.2
736	2.8
737	3
738	5.1
739	10
740	9.4
741	2.2
742	1.6
743	3.9
744	0
745	0.4
746	0.9
747	3.7
748	0.4
749	30.2
750	1.5
751	34.8
752	1.1
753	7.4
754	17.2
755	7.1
756	1.7
757	61.2
758	2.1
759	1.2
760	3.2
761	0.7
762	4.1
763	1.7
764	19.7
765	56.4
766	0
767	1.4
768	2.9
769	26.5
770	4.2
771	4.1
772	2
773	6.3
774	5.5
775	0.1
776	1
777	29.8
778	6.1
779	0
780	20.3
781	168.3
782	274.8
783	57.4
784	89.8
785	172.6
786	347.9
787	114.9
788	87.6
789	100
790	288.8
791	81.5
792	104.4
793	1191.7
794	62.7
795	168.1
796	21.3
797	82.8
798	27.7
799	171.3
800	60.2
801	1230.6
802	1343.4
803	271.1
804	85.7
805	1398.1
806	990.7
807	35
808	1127.1
809	122.7
810	160
811	1501.7
812	619
813	1053.9
814	34
815	40.6
816	2855.1
817	45.4
818	79.9
819	441.7
820	1245.7
821	18.7
822	54.5
823	2808.9
824	631.6
825	28.6
826	144.9
827	43.7
828	79.2
829	2951.1
830	90.2
831	3177.5
832	715.2
833	145.8
834	142.3
835	221.9
836	176.9
837	26.8
838	174.9
839	22.5
840	123.2
841	351.2
842	3384.4
843	4.7
844	58.3
845	1361.7
846	53.5
847	978.7
848	43.6
849	100.3
850	313.8
851	66.7
852	63.1
853	16.7
854	67.8
855	84.2
856	47.9
857	42.5
858	43.3
859	1411.5
860	42.7
861	185.8
862	2.5
863	1494.4
864	31.8
865	257
866	3523.9
867	40.9
868	106.9
869	1778.8
870	4.2
871	1447.4
872	40.5
873	1
874	1681.1
875	67.4
876	34.2
877	26.4
878	31.1
879	126.1
880	1526.3
881	159.7
882	37
883	21.9
884	31.4
885	122.2
886	0.8
887	3600.3
888	30.5
889	231.7
890	190.3
891	433.3
892	64.4
893	88.4
894	1
895	211.5
896	71.5
897	40.4
898	1899.6
899	32.2
900	130.1
901	1704.8
902	29.2
903	59.1
904	95.2
905	26.3
906	69.6
907	132.1
908	3650.3
909	78.2
910	0
911	20.8
912	532.6
913	30.8
914	383.6
915	0
916	2445.2
917	48.4
918	50.9
919	22.7
920	71.6
921	21.5
922	48.7
923	3.7
924	1734.7
925	24.8
926	56.3
927	17.1
928	2
929	4045.3
930	84.1
931	16.9
932	5.9
933	20
934	0
935	93.1
936	164.4
937	36.9
938	115.8
939	35.6
940	4189.7
941	54.3
942	189.3
943	0
944	174.7
945	25
946	274.6
947	0
948	2960.6
949	19.9
950	36.1
951	30.7
952	4171.9
953	42.6
954	2.7
955	44.7
956	490.8
957	16.4
958	35.6
959	4214.7
960	100.1
961	29.7
962	39.8
963	19.9
964	0
965	63.7
966	302.9
967	0
968	4237.9
969	18.4
970	15.2
971	119
972	42.3
973	22.1
974	4272.4
975	78.1
976	75.2
977	31
978	49.8
979	23.3
980	535.4
981	189.8
982	80.3
983	110.5
984	17.1
985	84.2
986	25.3
987	65.6
988	31.6
989	133.7
990	0
991	51.4
992	0
993	109.1
994	18.2
995	90.5
996	511.8
997	48.2
998	69.6
999	40.5
1000	0
1001	4.5
1002	52.9
1003	0
1004	595.7
1005	74.4
1006	35.2
1007	0
1008	2.6
1009	0
1010	229.6
1011	91.1
1012	35.7
1013	78.6
1014	26.1
1015	2.2
1016	0
1017	156.3
1018	73.6
1019	4.2
1020	79.6
1021	305.1
1022	26.4
1023	116.2
1024	47.8
1025	368.9
1026	88.6
1027	77.3
1028	727.8
1029	83.6
1030	0.1
1031	0
1032	0
1033	0.1
1034	88
1035	0.1
1036	1679.3
1037	4410.8
1038	63.8
1039	414.3
1040	108.5
1041	60.5
1042	2.4
1043	0
1044	430.2
1045	2.6
1046	8
1047	114.7
1048	809.2
1049	34.9
1050	0
1051	1829.4
1052	1121.2
1053	93.5
1054	5048.8
1055	979
1056	177.6
1057	0.1
1058	2159.9
1059	0.4
1060	43.4
1061	0
1062	82
1063	49
1064	0
1065	4848.1
1066	34.4
1067	0.6
1068	0.2
1069	0.1
1070	27.7
1071	15.8
1072	0.2
1073	0.2
1074	57.3
1075	0
1076	42.2
1077	0.7
1078	318.5
1079	5379.4
1080	13.9
1081	0.1
1082	73.5
1083	0.1
1084	94.1
1085	65.2
1086	277.8
1087	0
1088	0.1
1089	3
1090	5299.8
1091	57.5
1092	0
1093	4
1094	0.3
1095	5.5
1096	2.8
1097	36.8
1098	2
1099	0
1100	0
1101	0.3
1102	2267.8
1103	0.2
1104	124.6
1105	1.5
1106	10
1107	0.8
1108	2.8
1109	5395.1
1110	0
1111	0
1112	400.1
1113	69
1114	73.2
1115	3.5
1116	2.4
1117	267.3
1118	6.6
1119	124.6
1120	2.8
1121	1.8
1122	12.3
1123	14.8
1124	36.8
1125	142.1
1126	40.8
1127	137.5
1128	755.6
1129	198.2
1130	5.4
1131	0.1
1132	205.9
1133	344.9
1134	5266.8
1135	5431.9
1136	0.1
1137	2.1
1138	14.4
1139	135.2
1140	2634
1141	2.7
1142	0.1
1143	37.7
1144	19.1
1145	1.6
1146	1.1
1147	5576.9
1148	37.9
1149	5542
1150	137.2
1151	5579.3
1152	870
1153	917.5
1154	0
1155	0
1156	29.3
1157	139.9
1158	412.7
1159	57.9
1160	3.2
1161	0.3
1162	1.5
1163	10
1164	53.9
1165	5505.1
1166	100.1
1167	16.4
1168	251.7
1169	45.4
1170	36.1
1171	5304.7
1172	83.7
1173	7.5
1174	66.6
1175	4.5
1176	16.7
1177	0
1178	2.4
1179	51.2
1180	18.7
1181	5299.9
1182	5600.7
1183	0.1
1184	8244.3
1185	67
1186	960.6
1187	5391.1
1188	5607
1189	5305.9
1190	5396.7
1191	75.5
1192	5609
1193	31.1
1194	5575.1
1195	40.4
1196	5392.4
1197	8657
1198	0.3
1199	41.6
1200	6.1
1201	5564.8
1202	25.1
1203	8657
1204	5324.7
1205	1.7
1206	0.2
1207	5289.1
1208	0.2
1209	5558.4
1210	65.9
1211	44.9
1212	0
1213	24
1214	1087.2
1215	5312.5
1216	21.9
1217	4.8
1218	1.1
1219	0.3
1220	21.4
1221	5606.1
1222	5600.7
1223	5
1224	5607.9
1225	37.3
1226	42
1227	9.3
1228	1.9
1229	5310.6
1230	32.1
1231	0.1
1232	55.8
1233	1.2
1234	27.7
1235	2.2
1236	0.1
1237	179.6
1238	14.2
1239	0.2
1240	5611.6
1241	500.3
1242	88.7
1243	7.1
1244	5613.3
1245	92.6
1246	26.2
1247	84.5
1248	53.3
1249	160.7
1250	11
1251	1.7
1252	8657
1253	5697.3
1254	35.9
1255	0
1256	37.8
1257	52.4
1258	2.4
1259	0
1260	15.6
1261	23.2
1262	0.1
1263	7
1264	60.6
1265	25.6
1266	1233.7
1267	8657
1268	29
1269	5.6
1270	103
1271	3.3
1272	5698
1273	46.4
1274	39.2
1275	5692.2
1276	37.8
1277	20
1278	281
1279	3.6
1280	186.4
1281	38.8
1282	0.3
1283	35.6
1284	43.6
1285	53.4
1286	45.4
1287	6.1
1288	23.5
1289	139.1
1290	15.9
1291	72.3
1292	10.3
1293	3.3
1294	64.4
1295	19.3
1296	0.5
1297	18.4
1298	1254.4
1299	78
1300	42
1301	0
1302	19.7
1303	73.7
1304	3.6
1305	53.2
1306	0
1307	629
1308	14.3
1309	0
1310	172.6
1311	20.9
1312	23.2
1313	6.5
1314	51.1
1315	186.5
1316	16.1
1317	10.6
1318	3.2
1319	63.8
1320	19.2
1321	0.6
1322	8657.3
1323	0
1324	6.3
1325	174.9
1326	0.1
1327	0.6
1328	320
1329	11.9
1330	107.5
1331	26.5
1332	9.1
1333	30.1
1334	120.7
1335	2.3
1336	34.2
1337	0.2
1338	0.2
1339	3
1340	57.5
1341	39.4
1342	327.3
1343	0
1344	0
1345	1.3
1346	186.6
1347	470.5
1348	19.8
1349	1.1
1350	8657.3
1351	11.8
1352	3.4
1353	303.6
1354	0.6
1355	30.7
1356	5.1
1357	11.5
1358	18.2
1359	3.8
1360	0.4
1361	3.2
1362	26.7
1363	186.8
1364	0
1365	158.8
1366	0.6
1367	186.6
1368	11
1369	1.4
1370	2.9
1371	0.9
1372	22
1373	218.8
1374	5.2
1375	96.7
1376	3
1377	29.6
1378	3.4
1379	2.4
1380	61.8
1381	186.6
1382	31
1383	0.4
1384	27.1
1385	4
1386	19.3
1387	1.3
1388	3.6
1389	2
1390	15.6
1391	1335.4
1392	30.8
1393	0
1394	0.1
1395	67.1
1396	0.1
1397	37.5
1398	0
1399	186.8
1400	7.3
1401	0.5
1402	0.5
1403	450.4
1404	11.3
1405	5.2
1406	0.3
1407	186.8
1408	2.6
1409	1494
1410	7.1
1411	439.2
1412	0.3
1413	62.1
1414	17.9
1415	14.1
1416	152.8
1417	4.4
1418	19
1419	0.2
1420	27.1
1421	0.2
1422	0
1423	13.6
1424	314.5
1425	1
1426	402.9
1427	2.7
1428	1.1
1429	0.8
1430	18.3
1431	490
1432	0.5
1433	15
1434	8845.5
1435	50.3
1436	8657.4
1437	314.5
1438	2.5
1439	3.5
1440	12
1441	13.4
1442	49841.1
1443	37.4
1444	1.1
1445	0.2
1446	2302.2
1447	0.8
1448	95.9
1449	186.9
1450	0.5
1451	49841.7
1452	8844.4
1453	75.8
1454	16.6
1455	0.1
1456	40995.6
1457	568.5
1458	14.1
1459	4.3
1460	1.7
1461	174.6
1462	49857.4
1463	0.5
1464	0.4
1465	0.7
1466	47.6
1467	0.3
1468	49849.1
1469	18.8
1470	2261
1471	1
1472	49843
1473	1676.9
1474	5.3
1475	59.3
1476	49848.9
1477	0.2
1478	21.9
1479	328.7
1480	0.3
1481	110.5
1482	9.3
1483	0.2
1484	40992.5
1485	11
1486	2.6
1487	1
1488	69.6
1489	75.5
1490	1.3
1491	14.2
1492	12.8
1493	2356.9
1494	43.1
1495	362.5
1496	279.3
1497	218.6
1498	0.2
1499	33.4
1500	2424
1501	21.6
1502	140
1503	2.9
1504	414.8
1505	28.1
1506	36.8
1507	0.3
1508	1.2
1509	7
1510	0.8
1511	40980.3
1512	0.7
1513	66.9
1514	0.5
1515	0.5
1516	0.9
1517	2438.9
1518	0.9
1519	22.3
1520	5.7
1521	1.4
1522	0.1
1523	0.6
1524	414.8
1525	0.1
1526	0.5
1527	51.7
1528	0.1
1529	29.8
1530	87.4
1531	0.8
1532	2.4
1533	0.2
1534	25.4
1535	3.4
1536	17
1537	3.3
1538	4.4
1539	6.1
1540	0.1
1541	49866.6
1542	0.2
1543	50.2
1544	0.5
1545	0.8
1546	8.8
1547	28.3
1548	49860.7
1549	0.1
1550	0.6
1551	437.4
1552	591.6
1553	68.8
1554	42.6
1555	24.6
1556	45.1
1557	0.3
1558	0.6
1559	63.5
1560	2442.3
1561	0.2
1562	0.2
1563	6.5
1564	0.5
1565	170.6
1566	6.3
1567	49862.9
1568	0.4
1569	29.4
1570	13.4
1571	0.7
1572	0.4
1573	122
1574	0.1
1575	49.5
1576	40979.9
1577	22.5
1578	0.2
1579	0.1
1580	702.5
1581	730.9
1582	28.7
1583	17.7
1584	4.1
1585	60.6
1586	24.1
1587	0.1
1588	2517.3
1589	0.3
1590	1.4
1591	49862.1
1592	2469.9
1593	0.1
1594	48.8
1595	56.6
1596	1977.8
1597	49861.9
1598	61.5
1599	1958.3
1600	20.6
1601	29.7
1602	17
1603	71.2
1604	13.1
1605	4.3
1606	0.2
1607	0.1
1608	38.4
1609	0.1
1610	12
1611	6.7
1612	56.5
1613	1977.8
1614	120.4
1615	40790.1
1616	45.2
1617	0.1
1618	73.9
1619	2517.9
1620	40547.3
1621	828.1
1622	16.1
1623	0.1
1624	24.5
1625	73.9
1626	196
1627	0.1
1628	79.1
1629	49869
1630	47.2
1631	14.7
1632	86.2
1633	0.2
1634	195.3
1635	183.6
1636	2097
1637	69.8
1638	29.5
1639	10.7
1640	0.3
1641	112.8
1642	46.8
1643	79.6
1644	0.6
1645	44.7
1646	77.5
1647	49869.1
1648	4.6
1649	1.4
1650	0.8
1651	230
1652	29.5
1653	0.9
1654	40339.9
1655	71.9
1656	31.3
1657	79.6
1658	2189
1659	196.8
1660	149.5
1661	3
1662	0
1663	240.4
1664	4.1
1665	1.8
1666	141.4
1667	34.9
1668	323.7
1669	66.5
1670	3425.1
1671	19.7
1672	40310.8
1673	156.6
1674	50.5
1675	695.5
1676	2
1677	1.5
1678	41.5
1679	581
1680	42.2
1681	621.3
1682	1790.2
1683	87.1
1684	116.1
1685	66.8
1686	17.7
1687	581
1688	527.7
1689	2.3
1690	109.2
1691	6
1692	17916.1
1693	22310.9
1694	90.1
1695	67.9
1696	7438.6
1697	18715.5
1698	1790.2
1699	17.9
1700	21
1701	17823
1702	18639.4
1703	642.7
1704	7438.6
1705	1
1706	52.5
1707	1792
1708	1794.8
1709	80.7
1710	12.7
1711	22.5
1712	581.4
1713	17793.2
1714	116.3
1715	72.8
1716	100.5
1717	27.6
1718	109
1719	48.2
1720	31.3
1721	22389.4
1722	50.1
1723	591.6
1724	100.5
1725	5080.6
1726	20.7
1727	38.5
1728	615
1729	0.5
1730	103.3
1731	16.6
1732	453.7
1733	178
1734	18876.4
1735	24.8
1736	1792
1737	34.5
1738	13.7
1739	3704.9
1740	0.2
1741	0.8
1742	1.3
1743	312.1
1744	18.5
1745	114.8
1746	7467.7
1747	654
1748	66.6
1749	26.7
1750	34.3
1751	7482.2
1752	7501.1
1753	26.2
1754	322.9
1755	14.9
1756	4757.7
1757	55.7
1758	10.7
1759	370.6
1760	3679.8
1761	92.8
1762	29.5
1763	24.8
1764	27.9
1765	4.3
1766	36.6
1767	8128
1768	0.2
1769	8569.3
1770	109
1771	32.6
1772	0.1
1773	12.3
1774	539.3
1775	0.1
1776	17.9
1777	17860
1778	0.5
1779	2.2
1780	2.7
1781	8470.9
1782	338.7
1783	8681.6
1784	703.6
1785	17680.7
1786	12.3
1787	158.6
1788	21.8
1789	14.8
1790	1
1791	19.9
1792	321.3
1793	3644.9
1794	130
1795	17627.8
1796	17908.1
1797	65.4
1798	33.7
1799	0
1800	56
1801	12.5
1802	18.1
1803	0.4
1804	745.7
1805	2
1806	87.5
1807	90.8
1808	745.7
1809	54.1
1810	55.4
1811	16937.4
1812	0
1813	20.3
1814	58.7
1815	10090.4
1816	15.6
1817	20.6
1818	10076.6
1819	60.2
1820	29.5
1821	20.2
1822	49.2
1823	17.6
1824	0
1825	151.5
1826	164.7
1827	6808.8
1828	16902.6
1829	310.6
1830	0.2
1831	1528.1
1832	0
1833	30.8
1834	0
1835	17584
1836	17547.4
1837	0.1
1838	0
1839	13
1840	126.3
1841	1375.6
1842	1670.5
1843	113.1
1844	16917.5
1845	32.8
1846	0
1847	1508
1848	18.3
1849	132.9
1850	19.6
1851	69.2
1852	264.8
1853	30.5
1854	294.6
1855	13.2
1856	486.9
1857	0
1858	38.9
1859	99.3
1860	3618.9
1861	0
1862	26.5
1863	17430
1864	21.6
1865	18.4
1866	24.2
1867	17451
1868	104.8
1869	39.6
1870	272.9
1871	35.6
1872	883.4
1873	391.5
1874	99
1875	17430.1
1876	97.5
1877	0
1878	17430
1879	66.8
1880	69.3
1881	44.7
1882	0
1883	22.2
1884	16.9
1885	23.7
1886	27.9
1887	0.6
1888	17.7
1889	0.1
1890	69.3
1891	285.6
1892	39.6
1893	16.6
1894	16.9
1895	99.3
1896	16.9
1897	64.1
1898	64.5
1899	816.6
1900	0
1901	22.6
1902	20.4
1903	18.3
1904	34.6
1905	6805.2
1906	0
1907	0.1
1908	3382.5
1909	8.7
1910	288.3
1911	28.4
1912	24.4
1913	0
1914	48.7
1915	0.6
1916	189.8
1917	13.1
1918	18.3
1919	0
1920	17430
1921	18.3
1922	0.6
1923	0
1924	17430
1925	23.7
1926	107.7
1927	31.1
1928	6486.7
1929	0
1930	0
1931	0
1932	50.5
1933	16
1934	33.5
1935	0
1936	16.8
1937	17430
1938	112.9
1939	37.3
1940	0
1941	685.2
1942	90.5
1943	17430
1944	27.6
1945	0
1946	0
1947	0.6
1948	2803.5
1949	23
1950	316.6
1951	0
1952	4.5
1953	213
1954	17430
1955	6.9
1956	31.8
1957	30.1
1958	0.1
1959	13.2
1960	6377.2
1961	63.5
1962	91.2
1963	0
1964	0
1965	0
1966	64.6
1967	2800.5
1968	10.1
1969	0
1970	194.1
1971	0
1972	0.6
1973	17429.9
1974	220.8
1975	231.1
1976	5.7
1977	2803.5
1978	68.9
1979	232.9
1980	0
1981	6316.5
1982	43.8
1983	0
1984	0
1985	131
1986	8.5
1987	29.3
1988	122.2
1989	1496.6
1990	478.7
1991	0.5
1992	0
1993	15.3
1994	21.6
1995	5815.6
1996	0
1997	14.8
1998	68.7
1999	0
2000	207.3
2001	79.1
2002	5.9
2003	9.2
2004	17429.9
2005	0
2006	20.1
2007	0
2008	2800.5
2009	0
2010	182.5
2011	1060.7
2012	0.6
2013	224.1
2014	637.4
2015	16.5
2016	0.1
2017	0
2018	14.4
2019	17429.8
2020	0
2021	1265.5
2022	1188.7
2023	19.2
2024	544.8
2025	73.4
2026	0
2027	3.8
2028	49
2029	558.7
2030	0
2031	15.1
2032	1
2033	0
2034	0
2035	90.6
2036	36.9
2037	73.6
2038	366.2
2039	0.1
2040	0.1
2041	57.9
2042	5.9
2043	107.6
2044	23.2
2045	0
2046	17429.8
2047	4.4
2048	0.1
2049	0
2050	135.1
2051	14.5
2052	0
2053	67.2
2054	17.4
2055	5.8
2056	434.1
2057	44.3
2058	71.7
2059	0
2060	1171.9
2061	1
2062	6004.6
2063	0
2064	20
2065	0
2066	0
2067	7.8
2068	0.5
2069	29.6
2070	11
2071	15
2072	0
2073	16.5
2074	15.5
2075	0
2076	104.6
2077	0.1
2078	10.3
2079	0
2080	0
2081	9.9
2082	0
2083	10.4
2084	5423
2085	0
2086	14.6
2087	0.1
2088	76.3
2089	6
2090	20.2
2091	9.5
2092	16.6
2093	10.5
2094	0
2095	7.4
2096	0
2097	1143.2
2098	32.6
2099	35.1
2100	50.9
2101	0
2102	47.1
2103	17429.8
2104	17429.8
2105	0
2106	0.4
2107	0.5
2108	32.6
2109	0
2110	0
2111	0
2112	203.1
2113	5404.4
2114	0
2115	24.3
2116	12.8
2117	7.4
2118	270.1
2119	5078.2
2120	18.2
2121	4.6
2122	94.4
2123	0.4
2124	67.4
2125	4.9
2126	0
2127	1068.4
2128	0.4
2129	17429.8
2130	0
2131	21
2132	12.7
2133	0
2134	0
2135	5077.4
2136	38.4
2137	42.4
2138	5
2139	36.3
2140	17429.8
2141	108.2
2142	85.6
2143	0.1
2144	0
2145	62.3
2146	7.3
2147	40.2
2148	52.4
2149	0.4
2150	48.6
2151	0
2152	43.5
2153	321.6
2154	35.2
2155	0
2156	0
2157	0.1
2158	14.2
2159	10.5
2160	417.4
2161	0
2162	0
2163	86.7
2164	0
2165	17.4
2166	17429.8
2167	0
2168	0.4
2169	103.9
2170	0
2171	0.3
2172	0
2173	83.3
2174	0
2175	8.5
2176	0
2177	730.8
2178	12.7
2179	0
2180	4.8
2181	211.9
2182	0
2183	0
2184	0
2185	51.9
2186	9.4
2187	8.2
2188	17429.8
2189	0
2190	1015.5
2191	0
2192	0.2
2193	0
2194	48.9
2195	20.5
2196	0
2197	45.9
2198	17429.6
2199	730.8
2200	0
2201	22.7
2202	47.2
2203	0
2204	17429.6
2205	0.3
2206	379.4
2207	15.8
2208	5.7
2209	0
2210	260.9
2211	0
2212	14.8
2213	1464.1
2214	0.2
2215	7
2216	766.8
2217	0
2218	0
2219	133.8
2220	69.8
2221	0
2222	429.4
2223	0
2224	0
2225	353.8
2226	193.1
2227	310.3
2228	0
2229	0
2230	17.4
2231	0
2232	4532.8
2233	0
2234	84.5
2235	0
2236	0
2237	0
2238	0
2239	732.2
2240	0
2241	8.3
2242	0
2243	0
2244	0
2245	56.4
2246	2.4
2247	0
2248	69.4
2249	119.5
2250	17429.6
2251	6.3
2252	3000.7
2253	0.2
2254	5.9
2255	0
2256	83.1
2257	86.1
2258	0
2259	2858.3
2260	0
2261	0
2262	0
2263	66.8
2264	221.8
2265	2698.2
2266	0
2267	0.1
2268	124.7
2269	721.7
2270	0
2271	58.8
2272	0.1
2273	79.2
2274	0.1
2275	58.7
2276	22.7
2277	0
2278	2.4
2279	17427.2
2280	0
2281	0.1
2282	2667.7
2283	28.6
2284	2.3
2285	2473
2286	101.2
2287	29.9
2288	89.6
2289	0.1
2290	0
2291	17427.2
2292	2431.5
2293	674.7
2294	674.7
2295	24.4
2296	18.5
2297	105.9
2298	0
2299	4.5
2300	0
2301	2
2302	0
2303	2.4
2304	0
2305	17427.2
2306	1868.1
2307	198.8
2308	0
2309	16.2
2310	229.9
2311	0.3
2312	0
2313	7.7
2314	0.1
2315	2
2316	17419.5
2317	54.6
2318	17419.5
2319	7.7
2320	40
2321	110.4
2322	0.1
2323	0.2
2324	131.5
2325	92.5
2326	9
2327	7.7
2328	34.9
2329	7.7
2330	0.5
2331	0.2
2332	591.3
2333	7.7
2334	46.5
2335	1.6
2336	31.7
2337	0
2338	61.6
2339	521.3
2340	53.7
2341	15.4
2342	0.8
2343	17.5
2344	6.6
2345	488
2346	74.5
2347	0
2348	7.7
2349	177.7
2350	0
2351	58.1
2352	7.7
2353	28.6
2354	1.1
2355	28.1
2356	0.2
2357	6.6
2358	8.1
2359	1616.5
2360	17.9
2361	26.7
2362	56.8
2363	76.9
2364	22.1
2365	11.2
2366	0.3
2367	1.5
2368	18.2
2369	9.3
2370	35.3
2371	0
2372	8.4
2373	44.7
2374	5.1
2375	0.9
2376	1.1
2377	12.1
2378	24.2
2379	4465.7
2380	18.2
2381	15.4
2382	28.7
2383	0.3
2384	5.1
2385	6.2
2386	0
2387	0
2388	435.4
2389	67.1
2390	8
2391	471.6
2392	1548.5
2393	1.5
2394	1282.2
2395	296.5
2396	4453.1
2397	0.1
2398	2.3
2399	22
2400	0.2
2401	8.6
2402	122.4
2403	5.6
2404	14.2
2405	61.3
2406	575
2407	0.7
2408	32.3
2409	99.5
2410	395.9
2411	359.9
2412	100.6
2413	0.8
2414	19.7
2415	242.6
2416	4431.7
2417	582.6
2418	22.5
2419	12136.1
2420	26.9
2421	0.7
2422	51.9
2423	15.5
2424	228.9
2425	5
2426	0.5
2427	0.1
2428	81.5
2429	3.5
2430	0.2
2431	12.2
2432	4401.8
2433	22.1
2434	43.1
2435	0.1
2436	4401.3
2437	221.4
2438	136.6
2439	145
2440	8.1
2441	1.4
2442	10.3
2443	13.4
2444	1249
2445	32.3
2446	13.6
2447	24.1
2448	437
2449	0.5
2450	0.3
2451	10.1
2452	33.2
2453	1092.4
2454	0.5
2455	4400.9
2456	115.8
2457	0.4
2458	12118.8
2459	23.1
2460	39.1
2461	228.2
2462	59.7
2463	4.5
2464	565.5
2465	1.5
2466	0.5
2467	998
2468	388.6
2469	16
2470	108.3
2471	12118.8
2472	23.1
2473	32.9
2474	50.4
2475	12054.4
2476	4.3
2477	49.1
2478	9.7
2479	2.5
2480	11
2481	33.3
2482	173.4
2483	0.5
2484	4395.9
2485	344.2
2486	32.4
2487	0.6
2488	8.8
2489	274.6
2490	103
2491	3.2
2492	46.8
2493	1.4
2494	37.7
2495	17.4
2496	2.3
2497	936.7
2498	310.7
2499	162.4
2500	4272.5
2501	44.4
2502	23.4
2503	69.4
2504	96
2505	4272.5
2506	24
2507	1.2
2508	49.6
2509	2.4
2510	23
2511	102.4
2512	4206.3
2513	52.4
2514	249.2
2515	258.3
2516	11890.4
2517	23.1
2518	5.6
2519	26
2520	4101.6
2521	148.4
2522	1184.5
2523	5.1
2524	0.5
2525	13.6
2526	151.3
2527	18.7
2528	19.7
2529	15.1
2530	998
2531	913
2532	13.8
2533	122.1
2534	121.5
2535	13.9
2536	41.8
2537	137
2538	1137.4
2539	1458.9
2540	236
2541	107.6
2542	4101.6
2543	31.6
2544	106.1
2545	467.6
2546	236.7
2547	26
2548	295.5
2549	9.9
2550	0.7
2551	118.6
2552	955.8
2553	34.6
2554	1486.4
2555	13.5
2556	13.8
2557	39.4
2558	49.2
2559	853.1
2560	411.7
2561	219.8
2562	101.8
2563	510
2564	1424.6
2565	122.3
2566	7.9
2567	13.6
2568	1059.8
2569	81.1
2570	11.4
2571	7.9
2572	11882.6
2573	6.5
2574	11844.4
2575	93.8
2576	25.5
2577	14.3
2578	18.9
2579	14.8
2580	11741.6
2581	813.3
2582	517.5
2583	37.5
2584	0.6
2585	111.2
2586	90.8
2587	36.7
2588	9.3
2589	102.7
2590	13.6
2591	17.7
2592	195.4
2593	611
2594	33.8
2595	0.2
2596	253.4
2597	36.9
2598	921.6
2599	9.6
2600	11
2601	17
2602	177.9
2603	162.9
2604	78.7
2605	72.8
2606	4.8
2607	95.4
2608	24.7
2609	72
2610	2.4
2611	26
2612	8.8
2613	18.8
2614	475.3
2615	41.9
2616	70.9
2617	546.2
2618	23.9
2619	11672.7
2620	104.7
2621	25.2
2622	27.6
2623	70.4
2624	143.4
2625	584.2
2626	4
2627	68.2
2628	49.1
2629	0.3
2630	18.7
2631	10.4
2632	45.5
2633	56.9
2634	93.1
2635	11.6
2636	93.1
2637	0.3
2638	78.5
2639	588.8
2640	516.2
2641	54
2642	35.1
2643	299.2
2644	102.3
2645	197.8
2646	498.9
2647	8.7
2648	33.6
2649	6.4
2650	146.3
2651	0.1
2652	11.5
2653	65.3
2654	168.7
2655	87.8
2656	185.2
2657	8.6
2658	431.4
2659	68.5
2660	209.3
2661	351.8
2662	91
2663	300.9
2664	32.8
2665	318.7
2666	111.9
2667	7.1
2668	43.2
2669	13.9
2670	45.2
2671	103.4
2672	66
2673	3.4
2674	12.2
2675	191.4
2676	1.6
2677	159.9
2678	26.6
2679	11.7
2680	22.5
2681	11670.4
2682	5261.9
2683	79.9
2684	9
2685	139.8
2686	18.7
2687	22.9
2688	28
2689	6271.9
2690	27.9
2691	5351.1
2692	0.5
2693	33
2694	28.3
2695	1.6
2696	63.4
2697	0.4
2698	123.4
2699	51.9
2700	23.1
2701	3.6
2702	24.3
2703	28.1
2704	3
2705	30.7
2706	30.6
2707	3.4
2708	936.3
2709	129.3
2710	993.8
2711	35.7
2712	0.2
2713	14.6
2714	182.6
2715	27.6
2716	23.1
2717	4631.4
2718	28.9
2719	13.8
2720	46.5
2721	16
2722	22.7
2723	129.4
2724	11.4
2725	1068.6
2726	67
2727	61.4
2728	47.4
2729	27.5
2730	48.7
2731	0
2732	80.3
2733	27.8
2734	44.5
2735	15.9
2736	6.9
2737	123
2738	1183.4
2739	97.3
2740	4563.2
2741	1235.4
2742	25.6
2743	24.3
2744	15.7
2745	46.4
2746	6.9
2747	24.7
2748	0.2
2749	105
2750	80.1
2751	38.8
2752	55.1
2753	9.2
2754	142.1
2755	1645.5
2756	47.2
2757	148
2758	71.5
2759	12.5
2760	8.7
2761	5.9
2762	104
2763	136
2764	32.1
2765	279.8
2766	15.7
2767	2.5
2768	406.5
2769	10.2
2770	175.3
2771	60.1
2772	5662.3
2773	6.6
2774	99.5
2775	3820.9
2776	243.8
2777	31.8
2778	29.2
2779	203.2
2780	3.3
2781	19.4
2782	23.8
2783	15.9
2784	24
2785	143.2
2786	28.2
2787	187.1
2788	7.1
2789	155.1
2790	35.6
2791	43.4
2792	29.4
2793	104
2794	36
2795	7
2796	3978.3
2797	345.9
2798	30.8
2799	16.9
2800	3816.3
2801	78.4
2802	105.8
2803	11.4
2804	10.3
2805	3777.9
2806	15.1
2807	45.6
2808	352
2809	5805.8
2810	2
2811	53.1
2812	12
2813	3938.4
2814	32.2
2815	34.7
2816	249.5
2817	205
2818	43.1
2819	37.3
2820	48.9
2821	266
2822	11.1
2823	50.2
2824	182.9
2825	237.4
2826	178.6
2827	5.8
2828	27.7
2829	22.2
2830	366.6
2831	25.8
2832	274.7
2833	274.3
2834	77.4
2835	31.1
2836	59.7
2837	28.7
2838	55.8
2839	40.6
2840	151.2
2841	29.7
2842	65.7
2843	15.6
2844	8.8
2845	307.9
2846	211.4
2847	203.7
2848	140.1
2849	21.5
2850	3576.4
2851	31.4
2852	27.7
2853	13.5
2854	107.2
2855	44
2856	111.5
2857	24.5
2858	36
2859	382
2860	15.1
2861	255.5
2862	17.8
2863	4.7
2864	3858.4
2865	167.5
2866	28.2
2867	78.3
2868	9.4
2869	56.3
2870	462.6
2871	84.1
2872	2460.9
2873	80
2874	236.4
2875	457.3
2876	3
2877	77.7
2878	24.2
2879	6.8
2880	411.1
2881	19.4
2882	50.5
2883	130.3
2884	136.8
2885	8
2886	33.2
2887	19.5
2888	267.9
2889	27
2890	22.8
2891	220.9
2892	112.7
2893	74.2
2894	77.6
2895	635.8
2896	270.9
2897	181.6
2898	567.3
2899	52.7
2900	214
2901	296.5
2902	12.9
2903	336.2
2904	281.6
2905	135.1
2906	389.2
2907	50.5
2908	53.5
2909	110.9
2910	218.5
2911	48.2
2912	59.4
2913	210.1
2914	160.4
2915	12.2
2916	229.4
2917	29.9
2918	61.5
2919	300.3
2920	4.9
2921	78
2922	183
2923	56.9
2924	897.2
2925	90.5
2926	798.2
2927	11.6
2928	244.6
2929	24.4
2930	276.2
2931	760.8
2932	3059.6
2933	15
2934	33.1
2935	16.3
2936	342.5
2937	20.7
2938	5.7
2939	93
2940	347
2941	667.3
2942	18.1
2943	61.6
2944	3.8
2945	15.8
2946	69.1
2947	966.7
2948	70.9
2949	114
2950	32
2951	91.3
2952	26.5
2953	189.2
2954	23.5
2955	1593.5
2956	2893.9
2957	922
2958	808.3
2959	764.9
2960	176.1
2961	33.3
2962	22.3
2963	69.6
2964	85
2965	17.2
2966	1071.4
2967	179.7
2968	13.5
2969	18.1
2970	10.3
2971	160.8
2972	91.8
2973	462.8
2974	11.3
2975	56.4
2976	1515.1
2977	30.1
2978	122.6
2979	21.7
2980	43.6
2981	64.6
2982	81.1
2983	13.3
2984	109.8
2985	24.2
2986	63.1
2987	27.4
2988	1982
2989	3.9
2990	50.7
2991	42.3
2992	194.7
2993	149.7
2994	119.7
2995	75.2
2996	1342
2997	1480
2998	15
2999	242.4
3000	764
3001	15.9
3002	62.7
3003	199.4
3004	27.8
3005	40
3006	22.9
3007	51.1
3008	22.5
3009	756.7
3010	472.4
3011	11
3012	131.1
3013	17.4
3014	15.9
3015	12.3
3016	161.8
3017	48.9
3018	966.1
3019	11.1
3020	7665.6
3021	213.8
3022	23.2
3023	20.4
3024	44.7
3025	6039.3
3026	18.2
3027	2080.9
3028	5064.6
3029	3288.1
3030	68.4
3031	1245.9
3032	266.7
3033	6.2
3034	94.7
3035	5069.3
3036	471.8
3037	40
3038	414.4
3039	50.5
3040	150.2
3041	58.2
3042	187.5
3043	3350.8
3044	23.6
3045	2253.7
3046	340.7
3047	382.7
3048	34.6
3049	7536.6
3050	58.9
3051	22.1
3052	125
3053	54.2
3054	7424.9
3055	1357.7
3056	3395.2
3057	8.9
3058	3320.2
3059	9.9
3060	23.3
3061	31.6
3062	88.8
3063	781.7
3064	235.9
3065	742.1
3066	80.8
3067	577.3
3068	209.2
3069	15.8
3070	5055.5
3071	1171.6
3072	30.7
3073	103.4
3074	389.8
3075	22.3
3076	43
3077	1342
3078	10.9
3079	31.3
3080	4983.4
3081	5.8
3082	27.9
3083	120.1
3084	13.8
3085	104
3086	44.8
3087	162.2
3088	67.4
3089	58.2
3090	23.7
3091	22.2
3092	70.7
3093	103
3094	76.3
3095	6.7
3096	117.6
3097	50.4
3098	65.7
3099	17.9
3100	1210
3101	102.6
3102	29.3
3103	41.7
3104	53.2
3105	63.7
3106	115.6
3107	445.1
3108	13.8
3109	17.4
3110	12.9
3111	133.2
3112	8.4
3113	170.4
3114	28.5
3115	41.5
3116	41.6
3117	246.1
3118	97.4
3119	73.2
3120	5.4
3121	53.5
3122	3.5
3123	27.2
3124	2
3125	107.1
3126	15
3127	2.2
3128	8.3
3129	15
3130	5.3
3131	45.7
3132	19.8
3133	46
3134	145.3
3135	6.2
3136	97.3
3137	1.8
3138	5.5
3139	151.2
3140	23.7
3141	2.4
3142	23.7
3143	62.1
3144	980.1
3145	2.6
3146	2.8
3147	9.7
3148	60.9
3149	278.7
3150	1.5
3151	38.5
3152	863.2
3153	88.7
3154	44.4
3155	206.4
3156	18
3157	18.5
3158	1.7
3159	41.2
3160	4.8
3161	26.5
3162	36.3
3163	6.6
3164	3.7
3165	5.2
3166	792.3
3167	52.8
3168	97.4
3169	287.5
3170	62.1
3171	15.4
3172	137.5
3173	455.5
3174	45.6
3175	23.7
3176	5.4
3177	463.6
3178	642.3
3179	4.5
3180	4.6
3181	43.3
3182	55.3
3183	22.2
3184	79.9
3185	29.5
3186	18.5
3187	105.2
3188	24
3189	18.2
3190	4.9
3191	24.7
3192	14.2
3193	4.7
3194	55.3
3195	56.3
3196	154.3
3197	34.5
3198	5
3199	45
3200	3.3
3201	119.4
3202	0
3203	56.3
3204	40
3205	15.7
3206	3.5
3207	430.3
3208	116.4
3209	1.1
3210	171.5
3211	53
3212	139
3213	264.7
3214	10.4
3215	4.6
3216	156.4
3217	176.5
3218	44.6
3219	241
3220	5.8
3221	119.4
3222	266.1
3223	6.6
3224	159.4
3225	130.6
3226	83.3
3227	152.2
3228	302.3
3229	2.4
3230	7
3231	3
3232	4.5
3233	8.5
3234	34.9
3235	453.5
3236	20.5
3237	6
3238	182.3
3239	3.7
3240	7.3
3241	11.5
3242	43.5
3243	14.9
3244	305.4
3245	219.9
3246	141.5
3247	1.4
3248	3
3249	7.8
3250	28.7
3251	290.1
3252	30.3
3253	296.8
3254	13.2
3255	9.6
3256	6
3257	19.9
3258	383.2
3259	38.4
3260	15.2
3261	2.4
3262	141.3
3263	175
3264	145.6
3265	8.7
3266	37.2
3267	25.7
3268	156.3
3269	134.3
3270	3
3271	3
3272	93.4
3273	2
3274	177.2
3275	5.4
3276	13.7
3277	31.5
3278	35.4
3279	4.6
3280	41.4
3281	118.8
3282	1.6
3283	9.5
3284	2.9
3285	24.5
3286	247.9
3287	31.4
3288	16.2
3289	25.1
3290	19.4
3291	33
3292	27
3293	10
3294	4.2
3295	7.2
3296	5.8
3297	232.6
3298	15.7
3299	4.4
3300	34.4
3301	6
3302	14.2
3303	20.7
3304	3.5
3305	35.7
3306	4.3
3307	23.2
3308	18.6
3309	38.3
3310	20.2
3311	4.9
3312	7.7
3313	26.8
3314	19.9
3315	5.6
3316	63.2
3317	2.1
3318	36.8
3319	2.5
3320	70.6
3321	12.6
3322	1.5
3323	7.7
3324	18.5
3325	4.8
3326	26.3
3327	14.7
3328	6.5
3329	26.9
3330	7.8
3331	39.9
3332	49.1
3333	3.4
3334	3.9
3335	16.6
3336	5.1
3337	3.1
3338	63
3339	10.5
3340	2.5
3341	34.5
3342	3.4
3343	13.1
3344	9.1
3345	1.6
3346	14.1
3347	31.5
3348	1.1
3349	2
3350	11.5
3351	3.7
3352	31.2
3353	199.8
3354	6.9
3355	18
3356	9.1
3357	5.2
3358	4
3359	6.6
3360	20.1
3361	11.5
3362	2.2
3363	18
3364	3.6
3365	18.6
3366	174.5
3367	5.8
3368	6.2
3369	7
3370	6.6
3371	7.4
3372	10.4
3373	4.7
3374	169.4
3375	2.4
3376	20.1
3377	2.6
3378	2.3
3379	18.4
3380	136.1
3381	7.4
3382	1.5
3383	13.6
3384	78.5
3385	50.6
3386	9.4
3387	8.5
3388	1.6
3389	49.3
3390	33.2
3391	14
3392	5.9
3393	4.5
3394	25.6
3395	15.6
3396	25.3
3397	15.4
3398	9.1
3399	5.6
3400	861.5
3401	332.4
3402	714.9
3403	3214.1
3404	1593.5
3405	1455.7
3406	841.8
3407	4753.8
3408	381.7
3409	4885.7
3410	0
3411	0
3412	179
3413	539.3
3414	344.9
3415	198.8
3416	120.6
3417	186.1
3418	287.4
3419	2739.2
3420	5549.7
3421	8657
3422	198.3
3423	1175.5
3424	68.8
3425	462.4
3426	1415.7
3427	31.9
3428	28.2
3429	174.4
3430	13.4
3431	739.2
3432	1107.8
3433	120.5
3434	230.3
3435	49857.3
3436	2270.5
3437	203.9
3438	49848.4
3439	49859.4
3440	355.7
3441	1798.7
3442	40991.7
3443	529
3444	293.9
3445	49860.1
3446	49868.9
3447	49844.9
3448	9.8
3449	51.7
3450	49866.5
3451	1928.9
3452	512.4
3453	104.9
3454	591.6
3455	120.9
3456	3420.4
3457	511.6
3458	231.8
3459	29.3
3460	1016.9
3461	22308.5
3462	760.8
3463	7438.6
3464	1743.9
3465	9.7
3466	117.5
3467	36.8
3468	17784.7
3469	105.9
3470	9279.6
3471	241.2
3472	157.3
3473	317.6
3474	3562.1
3475	17430
3476	0
3477	182.8
3478	40.6
3479	17430
3480	6507.8
3481	94.9
3482	3044.6
3483	28.3
3484	6321.9
3485	146.2
3486	0.5
3487	1209.1
3488	118.4
3489	5778.1
3490	5685.2
3491	0
3492	73.7
3493	5390.6
3494	363.3
3495	253
3496	1059.2
3497	5056.3
3498	4618.9
3499	1024.5
3500	4521
3501	976.2
3502	96.5
3503	17429.6
3504	17427.2
3505	292.5
3506	2088.1
3507	17427.2
3508	3.6
3509	650.9
3510	17419.3
3511	1795.5
3512	152.9
3513	390.2
3514	17419.3
3515	1390.4
3516	17203.3
3517	80.8
3518	4427.6
3519	194.7
3520	4.6
3521	12128.9
3522	494.4
3523	12037.3
3524	79.9
3525	12019.5
3526	39.7
3527	11882.2
3528	2580.2
3529	139.3
3530	72.6
3531	783.7
3532	31.2
3533	11741.6
3534	11672.4
3535	426.2
3536	4889.5
3537	77
3538	1.2
3539	906.4
3540	635.2
3541	6238.2
3542	4495.3
3543	6115.3
3544	210.5
3545	158.7
3546	102
3547	3867.8
3548	3500.2
3549	312.1
3550	582
3551	879.2
3552	3730.4
3553	3386.8
3554	949.2
3555	2045.6
3556	1182.1
3557	43.4
3558	1319.1
3559	466.8
3560	1334.5
3561	7462.1
3562	367.1
3563	3024.2
3564	701.8
3565	691.4
3566	46.3
3567	2896.5
3568	4965.2
3569	653.2
3570	1170.3
3571	677.5
3572	291.3
3573	316.6
3574	1073.8
3575	228.7
3576	1338.2
3577	1504.9
3578	582.5
3579	962.1
3580	305.6
3581	38.8
3582	286
3583	453.1
3584	610.9
3585	127.4
3586	351.2
3587	59.5
3588	59.4
3589	36.7
3590	98.7
3591	85.2
3592	40.8
3593	16.2
3594	43.2
