"COMID"	"Value"
1	13.1
2	13.5
3	0.4
4	0.1
5	3.1
6	0
7	2
8	1.2
9	9
10	0
11	0.2
12	6.5
13	0
14	9.8
15	0.6
16	1.6
17	13.7
18	2
19	0.3
20	7.6
21	0.8
22	0.9
23	0
24	0.5
25	0.7
26	0.4
27	0.4
28	1.3
29	0.4
30	0
31	28.9
32	0.6
33	1
34	7.9
35	0.1
36	1.4
37	14
38	0
39	3.1
40	27.7
41	7.5
42	0.6
43	41.2
44	0.6
45	13.5
46	48
47	0.7
48	1.5
49	1.9
50	18.6
51	1.1
52	4.1
53	0.7
54	1.3
55	1.5
56	51.5
57	35.4
58	10.8
59	4
60	10
61	0.5
62	0.5
63	0.5
64	21.6
65	1.3
66	1.7
67	5.3
68	0.2
69	0.9
70	0.1
71	2
72	1.3
73	0.7
74	0.2
75	0.3
76	0.1
77	0
78	0.1
79	3.4
80	0.1
81	0
82	0
83	18.8
84	0
85	0.4
86	0.2
87	0.6
88	2.6
89	0.1
90	0.7
91	1.3
92	2.5
93	1.3
94	2.7
95	1.5
96	2
97	8.7
98	2
99	0.1
100	2.7
101	0.2
102	0.4
103	0.8
104	1.9
105	0.6
106	0.9
107	0.2
108	0
109	0.7
110	3
111	0
112	0.8
113	23.7
114	0.9
115	0.6
116	0.2
117	0.4
118	0.8
119	0
120	0.3
121	0
122	3.7
123	1.9
124	0.5
125	0.2
126	1.5
127	0.2
128	1.2
129	1
130	0.9
131	2.6
132	0.1
133	0.3
134	3.9
135	1.5
136	0.3
137	1.8
138	0.5
139	0.2
140	0.5
141	1
142	0.2
143	0
144	0.3
145	24.4
146	0.8
147	0.7
148	2.1
149	0.4
150	4.8
151	0
152	1.6
153	0.1
154	3.3
155	0
156	1.4
157	3
158	0.8
159	1.7
160	1.9
161	1.3
162	0.1
163	0
164	0.1
165	0
166	0.1
167	0.3
168	0
169	0.2
170	0.6
171	0.5
172	0.2
173	0.1
174	44.7
175	0
176	1.5
177	1.5
178	3.9
179	0.4
180	0.2
181	0
182	6.5
183	0
184	0.2
185	0.3
186	1.4
187	0.2
188	0.1
189	0.1
190	0.3
191	0.2
192	0.2
193	8.4
194	1.4
195	0
196	0.4
197	1
198	0.3
199	0.3
200	24.9
201	25.2
202	0.1
203	0.1
204	10.2
205	1.4
206	1.5
207	1.6
208	0.7
209	0.4
210	0.3
211	0.6
212	1.5
213	1.3
214	0.1
215	0.6
216	2
217	0.1
218	0.1
219	0.1
220	12.2
221	0
222	0.3
223	4.6
224	0
225	6.6
226	0.4
227	1.5
228	1
229	0.4
230	6.9
231	0.6
232	0.1
233	1.8
234	4.3
235	6.9
236	0.2
237	0.2
238	0.3
239	0.1
240	0.3
241	0.1
242	1.5
243	0
244	0.5
245	0.5
246	0.4
247	0
248	0
249	1.5
250	0.6
251	0.3
252	2.1
253	0.2
254	0
255	0
256	0
257	0
258	0
259	0
260	0
261	0.2
262	0.1
263	0
264	0
265	0
266	0.2
267	1
268	1.1
269	1.8
270	0
271	0.2
272	0
273	0.4
274	4.3
275	0.1
276	0
277	0.2
278	0.1
279	7.1
280	0
281	0.1
282	0.6
283	0.2
284	0.2
285	0
286	0
287	1.7
288	0.1
289	0.3
290	0.4
291	6.4
292	0.2
293	4.3
294	5.9
295	0.1
296	1.3
297	0.4
298	0
299	0
300	1.8
301	0.2
302	1.7
303	0.5
304	0.1
305	0.8
306	0.3
307	2.5
308	0.1
309	0.4
310	0.5
311	0.4
312	3.4
313	0.6
314	1.9
315	0.4
316	0.7
317	0
318	0.9
319	0
320	0.5
321	1.2
322	0.3
323	0.5
324	0.1
325	0
326	0.7
327	0.1
328	0.3
329	1.2
330	0
331	2.4
332	0.1
333	2.5
334	0.3
335	0.1
336	0.4
337	0
338	2.6
339	1.8
340	0.1
341	3.1
342	4.3
343	1.8
344	7.1
345	0.3
346	0
347	0.1
348	0.3
349	0.3
350	0.3
351	0.3
352	0.4
353	0.1
354	0.4
355	0
356	0.3
357	0.3
358	0.7
359	0
360	0.2
361	0.7
362	0.2
363	0.2
364	0.3
365	0.2
366	1.2
367	4.3
368	2.2
369	0
370	0.1
371	0.3
372	8.9
373	0.4
374	4.6
375	0.8
376	6.6
377	0.2
378	3.6
379	0
380	0.3
381	0
382	0
383	2.9
384	48
385	0
386	4.6
387	11.2
388	3.3
389	3.1
390	12.5
391	5.4
392	2.5
393	0
394	1
395	0
396	0
397	4.6
398	25.7
399	0.3
400	24.2
401	0.3
402	0
403	0
404	0
405	7.3
406	0.9
407	0.3
408	0
409	0
410	13.5
411	0.2
412	0
413	1.3
414	0
415	0
416	0.3
417	0
418	0
419	3.6
420	0
421	0.8
422	0
423	1.2
424	3.2
425	1
426	0.8
427	14.1
428	0.6
429	0.1
430	4.8
431	0
432	0.6
433	20.6
434	6.2
435	0.6
436	21.9
437	22
438	17.8
439	0
440	0.1
441	21.7
442	31.5
443	0.7
444	0.5
445	13.9
446	8.1
447	3.6
448	2
449	1.6
450	0.6
451	0
452	8
453	22.1
454	8
455	7.3
456	5.5
457	0.5
458	2.8
459	8.1
460	0.4
461	5.3
462	2.2
463	39.1
464	23.5
465	5
466	0.6
467	1.7
468	24.5
469	0.6
470	10.2
471	8.2
472	0.1
473	6.1
474	10.7
475	7.1
476	7.1
477	6.6
478	2.8
479	25.3
480	0.1
481	0
482	0.6
483	9.2
484	2.3
485	26
486	0
487	0.5
488	10.1
489	0
490	10.2
491	1.7
492	0.9
493	10.2
494	0.8
495	0
496	0
497	0.6
498	1.4
499	0
500	0.3
501	3
502	1.4
503	0.9
504	1.2
505	0.7
506	2.6
507	1.7
508	6.2
509	5.7
510	4.9
511	3.1
512	1.3
513	0
514	0.4
515	0
516	1.3
517	2.8
518	0.4
519	0.8
520	0
521	9.9
522	0.8
523	0
524	0.9
525	0.7
526	7.6
527	0.6
528	8.1
529	0.9
530	5.6
531	2.3
532	0.4
533	0.9
534	10.7
535	12.5
536	0.2
537	0
538	0
539	0.1
540	0.6
541	26.8
542	2.6
543	1.7
544	0.6
545	0.6
546	2
547	1
548	0
549	0
550	12.5
551	29.8
552	1.7
553	0.4
554	0.6
555	14
556	1.7
557	0.5
558	0
559	1.1
560	1.3
561	0.1
562	2.5
563	0
564	32.6
565	0.8
566	1.8
567	1
568	6.4
569	2
570	0
571	0.2
572	56.5
573	3.5
574	1.5
575	1
576	56.5
577	0
578	0.8
579	1.3
580	48.4
581	89.1
582	10
583	4.7
584	3.5
585	0
586	1.5
587	2.6
588	11.2
589	5.6
590	0
591	0.3
592	0.7
593	47
594	0.9
595	10.8
596	0.6
597	89.1
598	6.7
599	1.7
600	0.4
601	1.8
602	0
603	0
604	11
605	0
606	0.1
607	8.5
608	1.1
609	0
610	1.6
611	0.3
612	0
613	0
614	1.1
615	0
616	0
617	33.1
618	33.1
619	4.4
620	4.4
621	0.1
622	2.3
623	4.8
624	1.6
625	10.6
626	0.5
627	40.3
628	0.8
629	0.9
630	3.9
631	1.5
632	33.1
633	1.1
634	0
635	1.2
636	0.8
637	1.9
638	7.7
639	44.1
640	0
641	26.7
642	0
643	5.6
644	0
645	0
646	0.6
647	12.8
648	0
649	0.5
650	0.7
651	4.7
652	0.6
653	0
654	1.4
655	0
656	2.9
657	4.3
658	0.2
659	0.7
660	0
661	0.3
662	0.8
663	1.6
664	12
665	3.8
666	13.5
667	44.2
668	20.7
669	0.4
670	2.4
671	14
672	9.7
673	0.9
674	0
675	1.5
676	8.8
677	22.9
678	1
679	0.8
680	0
681	3
682	4.6
683	10.7
684	1.9
685	9.5
686	2.8
687	0
688	1.1
689	17.1
690	0.8
691	47.2
692	7.4
693	1
694	0
695	47.6
696	2.3
697	3.7
698	0.7
699	1.8
700	0.8
701	0.3
702	1.2
703	2.6
704	1.2
705	2.2
706	1
707	2
708	3.1
709	4.4
710	10.7
711	0
712	0
713	0.3
714	1
715	19.6
716	0
717	11
718	0.8
719	0.5
720	4.7
721	4.5
722	1.2
723	0.7
724	4.4
725	24.1
726	0
727	0
728	3.7
729	47.9
730	5.9
731	0.4
732	0
733	0.9
734	1.2
735	0
736	2.8
737	2.9
738	1.6
739	7.9
740	7.5
741	1.1
742	0.2
743	0.4
744	0
745	0
746	0.5
747	1
748	0
749	2
750	1.5
751	9.7
752	0.3
753	2
754	2.4
755	0.4
756	1.4
757	2.2
758	0.2
759	1.2
760	1.9
761	0.7
762	1.4
763	0.3
764	4.6
765	9
766	0
767	0.1
768	0.2
769	3.1
770	0.5
771	0.3
772	0.1
773	2.7
774	3.8
775	0.1
776	1
777	12.3
778	4.8
779	0
780	1.9
781	28.5
782	145.2
783	30
784	53.2
785	92.3
786	182.5
787	60
788	46.3
789	55.8
790	139.3
791	43.6
792	28.6
793	541.9
794	36.1
795	96.1
796	11.1
797	50.3
798	8.8
799	55.3
800	26
801	565.4
802	625.8
803	133.2
804	55.1
805	647.9
806	507.6
807	19.6
808	564.3
809	65
810	86.6
811	674.8
812	331
813	533.8
814	13.6
815	17.4
816	1299
817	20.2
818	33.6
819	248.3
820	601.6
821	7.9
822	21.7
823	1290.4
824	346.2
825	7.7
826	75.1
827	27.7
828	33
829	1320.4
830	41.3
831	1398.2
832	395.1
833	56.9
834	86.2
835	88.5
836	95.9
837	15.1
838	59.6
839	10.1
840	45.7
841	136.7
842	1480.8
843	4
844	35.8
845	672.2
846	19.3
847	521.4
848	13.7
849	35.4
850	176.9
851	35.2
852	42.5
853	8
854	31.4
855	30
856	17.3
857	13.6
858	21.8
859	688.5
860	16.3
861	88.1
862	2.3
863	768.6
864	9.4
865	125.7
866	1530.2
867	25.9
868	49.4
869	874.9
870	3.5
871	699.6
872	12.5
873	0.9
874	841.4
875	35.2
876	9.9
877	10
878	13
879	57.1
880	733.5
881	61.5
882	15.4
883	12.6
884	13.8
885	64.4
886	0.8
887	1565.5
888	17
889	104.1
890	55
891	177.8
892	30.1
893	38.3
894	1
895	102.2
896	35.2
897	10
898	910.2
899	15.7
900	57.8
901	808.5
902	16.8
903	28.2
904	48.9
905	18
906	43.8
907	60.7
908	1593
909	41.5
910	0
911	12.7
912	205.8
913	20.8
914	145.4
915	0
916	1122.9
917	23.7
918	27.5
919	11.8
920	19.6
921	13.8
922	43.1
923	2.6
924	828.7
925	9.9
926	40.7
927	10.4
928	0.3
929	1744.2
930	68.2
931	9.8
932	0.9
933	11.3
934	0
935	22.6
936	106
937	21.9
938	70.2
939	18.4
940	1821.3
941	32.9
942	96
943	0
944	105.2
945	30.2
946	138.7
947	0
948	1350.6
949	16.8
950	22.1
951	16.2
952	1812.1
953	18.3
954	0.5
955	29.9
956	212.8
957	9.9
958	17.1
959	1836.4
960	54.2
961	17.9
962	30.8
963	14.2
964	0
965	44.9
966	182.2
967	0
968	1851.7
969	12.3
970	9.3
971	63.8
972	44.6
973	16.3
974	1872.1
975	44.6
976	37.5
977	15.9
978	19.7
979	13.1
980	290.3
981	113.4
982	48.9
983	54.5
984	9.1
985	41.8
986	11.5
987	22.1
988	14
989	67.4
990	0
991	22.6
992	0
993	46.3
994	12.7
995	47.3
996	229.9
997	20.1
998	22.9
999	33.2
1000	0
1001	0.8
1002	25.8
1003	0
1004	266.9
1005	47.8
1006	29.5
1007	0
1008	0.4
1009	0
1010	141.1
1011	58.3
1012	24.9
1013	24.9
1014	12
1015	0.5
1016	0
1017	68.5
1018	24
1019	0.8
1020	43.7
1021	209.6
1022	13.9
1023	93.7
1024	21.3
1025	201.6
1026	47.2
1027	37.8
1028	328.2
1029	25.9
1030	0.1
1031	0
1032	0
1033	0
1034	63.4
1035	0
1036	956.2
1037	1927.8
1038	24
1039	244.1
1040	30.9
1041	13.8
1042	0.5
1043	0
1044	215.4
1045	0.7
1046	1.9
1047	63.1
1048	372.6
1049	16
1050	0
1051	1074.4
1052	602.3
1053	28.3
1054	2363.5
1055	488.6
1056	85.4
1057	0
1058	1306.5
1059	0.1
1060	30.3
1061	0
1062	23.1
1063	26.8
1064	0
1065	2143.5
1066	20.9
1067	0.1
1068	0
1069	0
1070	14.4
1071	8.9
1072	0.1
1073	0
1074	48.1
1075	0
1076	26.5
1077	0.2
1078	127.5
1079	2555.7
1080	2.4
1081	0.1
1082	42.9
1083	0
1084	52.1
1085	34.9
1086	154.7
1087	0
1088	0
1089	0.3
1090	2510.9
1091	26.3
1092	0
1093	0.6
1094	0.1
1095	1.6
1096	0.7
1097	14
1098	0.5
1099	0
1100	0
1101	0.1
1102	1385.5
1103	0
1104	35
1105	0.7
1106	1
1107	0.2
1108	0.5
1109	2563.4
1110	0
1111	0
1112	227.9
1113	26.2
1114	43.3
1115	0.4
1116	0.2
1117	118.3
1118	0.5
1119	35
1120	0.7
1121	0.3
1122	3.3
1123	3.9
1124	19.3
1125	37.9
1126	21
1127	37.4
1128	397.6
1129	115.2
1130	1.1
1131	0
1132	122.9
1133	163.8
1134	2388.9
1135	2582.7
1136	0
1137	0.7
1138	1.8
1139	37.3
1140	1581.8
1141	0.6
1142	0
1143	19.3
1144	5.2
1145	0.5
1146	0.2
1147	2457.8
1148	19
1149	2450.4
1150	37.4
1151	2458.2
1152	462.7
1153	485.4
1154	0
1155	0
1156	11
1157	37.6
1158	179.6
1159	35.1
1160	1.2
1161	0.1
1162	0.5
1163	2.4
1164	22.1
1165	2626
1166	46.9
1167	11.5
1168	137.7
1169	26.4
1170	13.4
1171	2397
1172	52.8
1173	1.6
1174	25
1175	1.1
1176	13.2
1177	0
1178	0.5
1179	25.2
1180	2.2
1181	2395.7
1182	2463.9
1183	0
1184	4255.1
1185	28.3
1186	501.7
1187	2411.5
1188	2465.6
1189	2397.4
1190	2412
1191	25.1
1192	2466.4
1193	16.5
1194	2457.5
1195	15.2
1196	2411.6
1197	4434.7
1198	0
1199	23.9
1200	5.9
1201	2455.8
1202	3.9
1203	4434.7
1204	2401.2
1205	0.3
1206	0
1207	2393.1
1208	0.1
1209	2453.8
1210	39.5
1211	33.1
1212	0
1213	16.9
1214	544.1
1215	2398.9
1216	11.9
1217	3.3
1218	0.2
1219	0.1
1220	15
1221	2465.2
1222	2463.9
1223	0.8
1224	2466
1225	16.5
1226	19.6
1227	9.4
1228	0.4
1229	2398.4
1230	16.7
1231	0
1232	35.1
1233	0.4
1234	4.5
1235	0.5
1236	0
1237	89.1
1238	12
1239	0.1
1240	2467.5
1241	250
1242	61.6
1243	1.3
1244	2468.2
1245	33.1
1246	11.2
1247	71.4
1248	47.6
1249	77.5
1250	10
1251	0.4
1252	4434.7
1253	2486.3
1254	6.9
1255	0
1256	33.7
1257	10
1258	0.4
1259	0
1260	9.4
1261	21.1
1262	0
1263	1.2
1264	11.2
1265	15.3
1266	617.7
1267	4434.7
1268	26.7
1269	4.8
1270	66
1271	0.7
1272	2486.5
1273	9.1
1274	18.9
1275	2485.2
1276	33.7
1277	16.1
1278	141.7
1279	3.3
1280	92.8
1281	7.6
1282	0.1
1283	17.7
1284	39
1285	10.1
1286	21.7
1287	1.1
1288	4.6
1289	103.6
1290	2.8
1291	54.4
1292	1.2
1293	3.2
1294	10.1
1295	12.5
1296	0
1297	16.9
1298	628.5
1299	16.5
1300	8.2
1301	0
1302	3.7
1303	14.5
1304	3.2
1305	29.5
1306	0
1307	305.5
1308	2.2
1309	0
1310	100.5
1311	10.9
1312	13.3
1313	1.2
1314	32.1
1315	92.8
1316	9.8
1317	6.9
1318	1.4
1319	45.7
1320	10.5
1321	0
1322	4434.8
1323	0
1324	1.1
1325	127.5
1326	0
1327	0
1328	208.6
1329	10.8
1330	75.1
1331	19
1332	8.5
1333	19.7
1334	89.3
1335	2.1
1336	20.7
1337	0
1338	0
1339	0.7
1340	10.7
1341	24.6
1342	214
1343	0
1344	0
1345	0.5
1346	92.8
1347	287.3
1348	13.6
1349	0.3
1350	4434.8
1351	7.8
1352	2.9
1353	197.7
1354	0
1355	17.2
1356	4.6
1357	8.7
1358	9.7
1359	0.8
1360	0.1
1361	0.7
1362	14.1
1363	92.8
1364	0.1
1365	105.2
1366	0
1367	92.8
1368	7.5
1369	0
1370	0.9
1371	0.1
1372	2.4
1373	152.4
1374	3
1375	60.6
1376	2.8
1377	3.4
1378	0.4
1379	0.4
1380	39.4
1381	92.8
1382	15.6
1383	0.1
1384	3.1
1385	3.7
1386	11.5
1387	0.2
1388	0
1389	0
1390	11
1391	760.6
1392	20.8
1393	0
1394	0
1395	40.7
1396	0
1397	14.4
1398	0
1399	92.8
1400	5
1401	0.1
1402	0.1
1403	293.5
1404	1.4
1405	3.1
1406	0
1407	92.8
1408	0.1
1409	777.4
1410	0.1
1411	267.2
1412	0.2
1413	40.7
1414	2
1415	18.7
1416	97.2
1417	0
1418	13.2
1419	0
1420	3.1
1421	0
1422	0
1423	10.8
1424	199
1425	0.2
1426	244.7
1427	0.2
1428	0
1429	0
1430	11.3
1431	320.8
1432	0
1433	10.7
1434	4527.8
1435	34
1436	4434.8
1437	199
1438	0.2
1439	0.3
1440	7.6
1441	8.2
1442	31321.9
1443	28.4
1444	0
1445	0
1446	1236.5
1447	0.2
1448	47
1449	92.8
1450	0.1
1451	31321.9
1452	4527.6
1453	53.6
1454	12.8
1455	0.1
1456	26794.1
1457	373.6
1458	6.7
1459	0.6
1460	0.1
1461	113.1
1462	31322.5
1463	0
1464	0
1465	0.1
1466	17.7
1467	0
1468	31322.2
1469	10
1470	1190.2
1471	0
1472	31321.9
1473	888
1474	3.2
1475	21.9
1476	31322.2
1477	0.1
1478	18
1479	205.7
1480	0
1481	53.7
1482	7.4
1483	0
1484	26793.3
1485	8.9
1486	0.2
1487	0
1488	52.9
1489	34.6
1490	0.3
1491	9.8
1492	8.7
1493	1276.7
1494	16.3
1495	218.6
1496	188
1497	144
1498	0
1499	20.2
1500	1323
1501	15.4
1502	54.5
1503	0.8
1504	248.8
1505	21.5
1506	22
1507	0
1508	0.4
1509	5.7
1510	0.3
1511	26786.7
1512	0
1513	46.3
1514	0
1515	0.1
1516	0
1517	1331
1518	0
1519	12.5
1520	3.4
1521	0
1522	0.1
1523	0
1524	248.8
1525	0
1526	0.1
1527	35.3
1528	0
1529	18
1530	45.9
1531	0.1
1532	0.8
1533	0.1
1534	18.5
1535	3
1536	13.4
1537	0.3
1538	3.8
1539	3.5
1540	0
1541	31323.1
1542	0
1543	31.4
1544	0
1545	0.2
1546	7.5
1547	16.4
1548	31322.8
1549	0
1550	0
1551	261.4
1552	399.2
1553	29.9
1554	33.9
1555	9.9
1556	26.5
1557	0.1
1558	0.2
1559	36.5
1560	1331.3
1561	0
1562	0
1563	3.9
1564	0
1565	106.4
1566	3.7
1567	31322.8
1568	0
1569	11.8
1570	6.5
1571	0
1572	0.1
1573	74.5
1574	0.1
1575	26.5
1576	26786.6
1577	13.4
1578	0
1579	0
1580	467.4
1581	484.6
1582	18.2
1583	9.2
1584	3.3
1585	45.2
1586	11.7
1587	0.1
1588	1369.7
1589	0.2
1590	0.2
1591	31322.8
1592	1344
1593	0.1
1594	24.6
1595	41.6
1596	1019.5
1597	31322.8
1598	28.2
1599	1008.9
1600	18.4
1601	21.9
1602	11.8
1603	49.1
1604	6.7
1605	1.5
1606	0
1607	0.1
1608	22.4
1609	0.1
1610	10.6
1611	4.3
1612	25.7
1613	1019.5
1614	75.7
1615	26672.5
1616	25.1
1617	0
1618	32.5
1619	1369.9
1620	26545.1
1621	536.8
1622	22.2
1623	0.1
1624	14.1
1625	32.5
1626	231
1627	0.1
1628	39.3
1629	31323.6
1630	41.7
1631	6.7
1632	62.1
1633	0
1634	106.4
1635	113.9
1636	1091.3
1637	51.2
1638	10.9
1639	1.7
1640	0
1641	50.4
1642	23.4
1643	29.4
1644	0.1
1645	27.8
1646	45.1
1647	31323.7
1648	0.7
1649	0.6
1650	0.2
1651	119.4
1652	13.1
1653	0.1
1654	26306.1
1655	40.9
1656	32.9
1657	56.6
1658	1166.9
1659	66.1
1660	66.9
1661	1.4
1662	0.1
1663	122.7
1664	0.8
1665	0.3
1666	162.6
1667	15.7
1668	117
1669	33.8
1670	1951.1
1671	12.5
1672	26278.4
1673	92.9
1674	38.8
1675	282.9
1676	1
1677	2.9
1678	11.7
1679	343.6
1680	23.2
1681	422.4
1682	958.6
1683	46.4
1684	35.1
1685	40.5
1686	8.6
1687	343.6
1688	206.6
1689	1.4
1690	60.8
1691	2.1
1692	12709.8
1693	13451.9
1694	52.4
1695	34.3
1696	3371
1697	11365
1698	958.6
1699	7.1
1700	8.2
1701	12661.9
1702	11326.5
1703	435.1
1704	3371
1705	0.2
1706	33.7
1707	958.7
1708	958.9
1709	31
1710	5.8
1711	8.6
1712	372.5
1713	12647.8
1714	85.8
1715	37.2
1716	57.4
1717	15.9
1718	83.5
1719	21.4
1720	19.9
1721	13564.1
1722	30.2
1723	399.2
1724	57.4
1725	2076.2
1726	11.6
1727	22.1
1728	394.3
1729	2.8
1730	62.1
1731	6.9
1732	341.3
1733	78.1
1734	11489
1735	11
1736	958.7
1737	13.9
1738	7.4
1739	1409.8
1740	0.1
1741	2.9
1742	0.2
1743	178.1
1744	22.5
1745	74.7
1746	3390.4
1747	445.2
1748	64.7
1749	14
1750	15.4
1751	3402.9
1752	3419.4
1753	21.8
1754	188.5
1755	13.2
1756	1887.7
1757	52.1
1758	9.9
1759	215
1760	1393.8
1761	94.6
1762	12.1
1763	26.9
1764	16.4
1765	1.8
1766	39.6
1767	3825.2
1768	0.1
1769	4251
1770	83.5
1771	12.5
1772	0.1
1773	12.8
1774	414.9
1775	0
1776	18.3
1777	10850.7
1778	0.1
1779	0.6
1780	0.3
1781	4150.6
1782	321.1
1783	4368.1
1784	483.3
1785	12579.8
1786	11.3
1787	120.5
1788	21.3
1789	10.7
1790	0.3
1791	9.1
1792	268.2
1793	1373.3
1794	64.1
1795	12531.5
1796	12704.8
1797	33.2
1798	19.5
1799	0
1800	24.9
1801	13.1
1802	11.5
1803	0.2
1804	513.5
1805	0.9
1806	93.8
1807	91.7
1808	513.5
1809	30.7
1810	62.8
1811	10200.5
1812	0
1813	20.2
1814	60.4
1815	5417.3
1816	19.5
1817	12.3
1818	5409.4
1819	67.3
1820	29.2
1821	11.2
1822	31.4
1823	7.1
1824	0
1825	142.7
1826	104.2
1827	4764.5
1828	10183.4
1829	262.4
1830	0.1
1831	829.5
1832	0
1833	19.1
1834	0
1835	12501.4
1836	12470.7
1837	0
1838	0
1839	21.1
1840	91.6
1841	752.3
1842	907.9
1843	101.4
1844	10191.5
1845	21.1
1846	0
1847	818.5
1848	17.4
1849	109.9
1850	25.9
1851	37.6
1852	233.4
1853	33
1854	204.1
1855	12.9
1856	326.4
1857	0
1858	39
1859	132.7
1860	1358.1
1861	0
1862	15.5
1863	12348.2
1864	20.7
1865	9.8
1866	21.5
1867	12368.7
1868	75.7
1869	23
1870	136.9
1871	25.3
1872	422.8
1873	270.9
1874	75.5
1875	12348.3
1876	76.2
1877	0
1878	12348.2
1879	52.4
1880	57
1881	39.2
1882	0
1883	15.5
1884	13.8
1885	18.8
1886	18.6
1887	0.2
1888	18
1889	0.1
1890	57
1891	147.7
1892	54.1
1893	12
1894	14.3
1895	132.7
1896	16.6
1897	27.4
1898	58.2
1899	393
1900	0
1901	16.4
1902	12.9
1903	24.2
1904	14.9
1905	4762.8
1906	0
1907	0
1908	1201.7
1909	6.9
1910	150.4
1911	27.1
1912	23.2
1913	0
1914	28.7
1915	0.2
1916	128.4
1917	11.5
1918	14.6
1919	0
1920	12348.1
1921	24.2
1922	0.2
1923	0
1924	12348.2
1925	21.8
1926	79.3
1927	28.2
1928	4497.6
1929	0
1930	0
1931	0
1932	44.3
1933	13.3
1934	22.8
1935	0
1936	23.2
1937	12348.1
1938	74.5
1939	31.7
1940	0
1941	326.4
1942	52.8
1943	12348.1
1944	42.1
1945	0
1946	0
1947	0.2
1948	826.5
1949	11.8
1950	77
1951	0
1952	4.5
1953	158.4
1954	12348.1
1955	6.5
1956	26
1957	32.1
1958	0.1
1959	6.5
1960	4398
1961	37.1
1962	53.1
1963	0
1964	0
1965	0.1
1966	8.2
1967	823.8
1968	7.9
1969	0
1970	180.2
1971	0
1972	0.1
1973	12348.1
1974	197.5
1975	175.9
1976	4.8
1977	826.5
1978	62.2
1979	61.4
1980	0
1981	4349
1982	11.5
1983	0
1984	0.1
1985	95.9
1986	7.4
1987	22.2
1988	85.8
1989	369.6
1990	104.9
1991	0.1
1992	0
1993	8.6
1994	14.5
1995	4007
1996	0
1997	16.4
1998	70.4
1999	0
2000	151
2001	56.8
2002	9.2
2003	9.9
2004	12348.1
2005	0.2
2006	12.1
2007	0.1
2008	823.8
2009	0
2010	137.6
2011	254.3
2012	0.2
2013	177
2014	149.8
2015	16.4
2016	0
2017	0
2018	6.8
2019	12348.1
2020	0
2021	444.6
2022	402
2023	18.7
2024	123.8
2025	37.4
2026	0
2027	4.5
2028	38.1
2029	273.6
2030	0
2031	19.1
2032	2.2
2033	0
2034	0
2035	55.2
2036	10.7
2037	28.3
2038	90.9
2039	0
2040	0
2041	13.7
2042	5.7
2043	52.3
2044	20.3
2045	0
2046	12347.9
2047	4.1
2048	0
2049	0
2050	108.9
2051	4.3
2052	0
2053	39.9
2054	14.2
2055	4.2
2056	225.1
2057	31.6
2058	18
2059	0
2060	394.3
2061	1.7
2062	4104.1
2063	0
2064	12
2065	0
2066	0
2067	5.3
2068	0.1
2069	17.1
2070	12.2
2071	15.1
2072	0
2073	11.4
2074	15.1
2075	0
2076	17.3
2077	0
2078	9
2079	0
2080	0
2081	9.4
2082	0
2083	5.1
2084	3705.7
2085	0
2086	11.7
2087	0
2088	54.9
2089	4.8
2090	18.4
2091	8.8
2092	11.8
2093	8.1
2094	0
2095	5.4
2096	0
2097	370.6
2098	26.5
2099	9.7
2100	30.3
2101	0
2102	34
2103	12347.9
2104	12347.9
2105	0
2106	0.1
2107	0.1
2108	25.5
2109	0
2110	0
2111	0
2112	60.3
2113	3691.8
2114	0
2115	20.4
2116	10.1
2117	5.7
2118	203.6
2119	3463.6
2120	14.1
2121	2.3
2122	46.3
2123	0.1
2124	39.7
2125	4.1
2126	0
2127	329.2
2128	0.1
2129	12347.9
2130	0
2131	15.6
2132	8.8
2133	0
2134	0
2135	3462.7
2136	32.5
2137	20.2
2138	5.8
2139	23
2140	12347.9
2141	65
2142	50.5
2143	0
2144	0
2145	36.5
2146	4
2147	24.9
2148	23.8
2149	0.1
2150	39.9
2151	0
2152	27.5
2153	244
2154	19
2155	0
2156	0
2157	0
2158	7.7
2159	4
2160	299.2
2161	0
2162	0
2163	47.5
2164	0
2165	6.7
2166	12347.9
2167	0
2168	0.1
2169	49.6
2170	0
2171	0.1
2172	0
2173	65.7
2174	0
2175	4.2
2176	0
2177	508.2
2178	8.8
2179	0
2180	4
2181	123.3
2182	0
2183	0
2184	0
2185	25.3
2186	4.2
2187	3.2
2188	12347.9
2189	0
2190	307.9
2191	0
2192	0
2193	0
2194	38.8
2195	6.4
2196	0
2197	22.4
2198	12347.9
2199	508.2
2200	0
2201	7.4
2202	14.9
2203	0
2204	12347.9
2205	0.1
2206	273.9
2207	4.3
2208	2.2
2209	0
2210	140.2
2211	0
2212	7.4
2213	907.4
2214	0
2215	6.6
2216	231.3
2217	0
2218	0
2219	61.7
2220	21.7
2221	0
2222	218.3
2223	0
2224	0
2225	248.6
2226	58.6
2227	153.2
2228	0
2229	0
2230	8.6
2231	0
2232	3055.1
2233	0
2234	38.1
2235	0
2236	0
2237	0
2238	0
2239	216.2
2240	0
2241	7.4
2242	0
2243	0
2244	0
2245	27.1
2246	0.7
2247	0
2248	46.4
2249	83
2250	12347.9
2251	2.6
2252	2090.7
2253	0
2254	2.7
2255	0
2256	38.4
2257	24.9
2258	0
2259	1993.1
2260	0
2261	0
2262	0
2263	40.5
2264	108.8
2265	1897.5
2266	0
2267	0
2268	86.4
2269	211.7
2270	0
2271	25.9
2272	0
2273	23
2274	0
2275	43
2276	5.9
2277	0
2278	0.7
2279	12347.2
2280	0
2281	0
2282	1878.4
2283	8
2284	0.7
2285	1738.2
2286	70.7
2287	13.2
2288	39.8
2289	0
2290	0
2291	12347.2
2292	1708.1
2293	194.9
2294	194.9
2295	18
2296	13.1
2297	83.9
2298	0
2299	1.9
2300	0
2301	0.6
2302	0
2303	0.7
2304	0
2305	12347.2
2306	1268.9
2307	174.8
2308	0
2309	14.8
2310	157.9
2311	0.1
2312	0
2313	5.2
2314	0
2315	0.6
2316	12342
2317	53.4
2318	12342
2319	5.2
2320	27.8
2321	58.1
2322	0.1
2323	0.1
2324	111.7
2325	63
2326	7.9
2327	5.2
2328	31.5
2329	5.2
2330	0.1
2331	0.1
2332	174.6
2333	5.2
2334	30.5
2335	0.4
2336	23.2
2337	0
2338	12.5
2339	162.6
2340	46.8
2341	12.7
2342	0.3
2343	6.6
2344	4.2
2345	155.9
2346	52.1
2347	0
2348	5.2
2349	122.8
2350	0
2351	41
2352	5.2
2353	14.7
2354	1
2355	17
2356	0.1
2357	4.2
2358	2.9
2359	1079.3
2360	8.8
2361	10.6
2362	13.2
2363	57.7
2364	12.8
2365	8.7
2366	0.2
2367	0.6
2368	14
2369	7.2
2370	18
2371	0
2372	4.3
2373	36.8
2374	1.5
2375	0.8
2376	0.4
2377	9.5
2378	11.7
2379	3444.9
2380	14
2381	9.6
2382	22.3
2383	0.2
2384	3.6
2385	3.1
2386	0
2387	0
2388	309.9
2389	42.2
2390	4.8
2391	324.7
2392	1034.2
2393	1.1
2394	850.7
2395	107.9
2396	3435.1
2397	0.1
2398	1.2
2399	15.5
2400	0.2
2401	8.6
2402	92.8
2403	4.2
2404	4.7
2405	46.1
2406	401.8
2407	0.5
2408	17.4
2409	54.3
2410	290.7
2411	266
2412	94.3
2413	0.7
2414	9.2
2415	156.3
2416	3416.6
2417	408.1
2418	20.8
2419	8322.9
2420	24.6
2421	0.5
2422	33
2423	12.9
2424	142.9
2425	2.4
2426	0.4
2427	0.1
2428	58.9
2429	2.4
2430	0.2
2431	8
2432	3388.2
2433	19.3
2434	17
2435	0.1
2436	3388
2437	75.4
2438	79
2439	79.7
2440	8.4
2441	1
2442	7.6
2443	8.9
2444	822.3
2445	14.9
2446	6.4
2447	16
2448	253.5
2449	0.4
2450	0.2
2451	5.4
2452	18.6
2453	698.6
2454	0.2
2455	3387.6
2456	58.5
2457	0.4
2458	8312.3
2459	12.5
2460	17.2
2461	123.1
2462	29.9
2463	2.5
2464	344.4
2465	0.8
2466	0.2
2467	846.4
2468	286
2469	10.1
2470	75
2471	8312.3
2472	12.5
2473	13.7
2474	27.5
2475	8272
2476	3.1
2477	38.1
2478	5
2479	1.9
2480	7.6
2481	15.9
2482	53.1
2483	0.3
2484	3384
2485	257.6
2486	25.8
2487	0.3
2488	7.2
2489	159
2490	74.1
2491	1.8
2492	35.3
2493	1
2494	18.3
2495	9.8
2496	1.1
2497	801
2498	232.6
2499	46.3
2500	3283.4
2501	28.4
2502	18.5
2503	32.7
2504	58.2
2505	3283.4
2506	16.4
2507	0.4
2508	39.6
2509	1.8
2510	18.4
2511	74.4
2512	3231.4
2513	43.1
2514	189.6
2515	197.4
2516	8157.6
2517	8.3
2518	3.3
2519	23.1
2520	3142.2
2521	120.9
2522	948.6
2523	1.8
2524	0.2
2525	5.2
2526	123.3
2527	14
2528	11.1
2529	8.1
2530	846.4
2531	787
2532	10.1
2533	64.5
2534	44.8
2535	12.4
2536	20.9
2537	55.1
2538	920.8
2539	1126.1
2540	194.3
2541	75.3
2542	3142.2
2543	19.8
2544	38.6
2545	317.8
2546	126.2
2547	23.1
2548	223.9
2549	13.6
2550	0.5
2551	33.7
2552	772.9
2553	30.9
2554	1093
2555	8.1
2556	12.4
2557	23
2558	29
2559	739.2
2560	359.3
2561	164.4
2562	78.2
2563	340.4
2564	1049.1
2565	114.8
2566	2.1
2567	16.9
2568	863.6
2569	54.4
2570	8.3
2571	1.4
2572	8152.4
2573	0.4
2574	8109.4
2575	36.2
2576	20.8
2577	9.5
2578	11.1
2579	10
2580	8011
2581	647
2582	449.6
2583	24
2584	0.6
2585	117.6
2586	55.5
2587	26.2
2588	7.3
2589	82.7
2590	8.1
2591	10.5
2592	149.3
2593	559.9
2594	18.3
2595	0.3
2596	202.3
2597	30
2598	744.7
2599	7.1
2600	7.8
2601	10.3
2602	126.7
2603	123.6
2604	54.1
2605	69.6
2606	2.2
2607	79.2
2608	21.3
2609	52.7
2610	0.4
2611	24.2
2612	7.2
2613	13.7
2614	412.5
2615	10.5
2616	69.7
2617	427
2618	17.4
2619	7945.3
2620	82.1
2621	13
2622	21.7
2623	45.3
2624	111.4
2625	490.5
2626	2.8
2627	65.1
2628	15
2629	0.2
2630	18.3
2631	8.2
2632	42.5
2633	45.4
2634	70.3
2635	8.2
2636	65.9
2637	0.3
2638	38.5
2639	540.4
2640	481.7
2641	16.3
2642	25.5
2643	256.1
2644	53.3
2645	181.2
2646	469.3
2647	3.3
2648	28.4
2649	8.4
2650	91.5
2651	0.1
2652	10.9
2653	61.3
2654	69.1
2655	51.6
2656	164
2657	3.7
2658	406.4
2659	55.2
2660	182.9
2661	208.5
2662	86.8
2663	153
2664	21.3
2665	169.6
2666	51.3
2667	2.9
2668	23.4
2669	6.6
2670	42.7
2671	87.7
2672	73
2673	0.5
2674	7
2675	90.5
2676	0.9
2677	138.3
2678	26.1
2679	8.6
2680	11
2681	7943.5
2682	4141.1
2683	54.4
2684	6.8
2685	120.4
2686	15.6
2687	27.4
2688	48.7
2689	3624.4
2690	29.9
2691	4266.8
2692	0.3
2693	41.3
2694	25
2695	1
2696	46.7
2697	0.3
2698	105.8
2699	14.7
2700	26.5
2701	1.3
2702	28.8
2703	25.1
2704	0.8
2705	25.7
2706	17.2
2707	2.4
2708	729.2
2709	88.8
2710	804.3
2711	20.5
2712	0.1
2713	6.9
2714	145.4
2715	33
2716	31
2717	3523.2
2718	34.7
2719	11.3
2720	68.4
2721	11.1
2722	40.8
2723	113.4
2724	5
2725	912.3
2726	45.3
2727	64.9
2728	57.9
2729	30.2
2730	70.6
2731	0
2732	50.2
2733	19.3
2734	52.8
2735	19.5
2736	4.8
2737	82.7
2738	1056
2739	62.3
2740	3423.2
2741	1114.4
2742	13.1
2743	19.3
2744	19.7
2745	28.1
2746	4.8
2747	16.3
2748	0.1
2749	116.9
2750	86.6
2751	28.4
2752	56.3
2753	11.7
2754	138.9
2755	1429.6
2756	32.2
2757	166.2
2758	78.1
2759	10.4
2760	6.7
2761	3.6
2762	108.3
2763	76.9
2764	34.5
2765	273.5
2766	18.9
2767	1.5
2768	313.7
2769	7.5
2770	193.5
2771	87.9
2772	3115.8
2773	5.2
2774	70.5
2775	2442.4
2776	254.6
2777	35.5
2778	63.8
2779	219
2780	3
2781	22.8
2782	18.6
2783	17.5
2784	22.8
2785	83.8
2786	20.3
2787	164.4
2788	5.9
2789	251.7
2790	43.5
2791	61.7
2792	78.1
2793	64.2
2794	29.2
2795	5.8
2796	1671.8
2797	218.4
2798	44.6
2799	16.9
2800	2433.9
2801	71.1
2802	132.3
2803	9.4
2804	9.6
2805	2339.2
2806	14.8
2807	45
2808	487.9
2809	3193.1
2810	1.4
2811	118.1
2812	6.3
2813	1653
2814	28.9
2815	76.7
2816	210.3
2817	175.6
2818	22.5
2819	27.5
2820	38.3
2821	369.1
2822	9
2823	24.4
2824	110.3
2825	200.3
2826	107.1
2827	5.5
2828	14.9
2829	14.5
2830	348.9
2831	27.8
2832	315.7
2833	227.6
2834	57.3
2835	20.3
2836	40.4
2837	34.1
2838	40.6
2839	63
2840	107.1
2841	39.4
2842	38.2
2843	9.9
2844	6.4
2845	254.7
2846	123.2
2847	141.9
2848	138.6
2849	32.7
2850	2067.1
2851	17.8
2852	27.3
2853	9.3
2854	80.2
2855	22.1
2856	71
2857	21.2
2858	22
2859	358.7
2860	10.1
2861	294
2862	7.4
2863	3.6
2864	1617.6
2865	182.1
2866	25.1
2867	53.6
2868	5.9
2869	27.8
2870	413.5
2871	77.6
2872	1435.2
2873	42
2874	134.6
2875	491.4
2876	2.1
2877	62.9
2878	11.4
2879	4.6
2880	450.7
2881	16
2882	78
2883	69.5
2884	76.9
2885	5
2886	19.2
2887	12.2
2888	152.9
2889	11.8
2890	9.6
2891	255.4
2892	151.6
2893	43.3
2894	26.2
2895	235.8
2896	155
2897	85
2898	493.7
2899	29.8
2900	115.2
2901	170
2902	17.5
2903	119.4
2904	161.7
2905	65
2906	331.6
2907	28.8
2908	52.7
2909	89.3
2910	108.8
2911	22.1
2912	70
2913	190.5
2914	170.7
2915	8.2
2916	74.7
2917	17.3
2918	30.9
2919	172.2
2920	3
2921	52
2922	91.8
2923	33.9
2924	457.8
2925	86.2
2926	401
2927	8.5
2928	91.1
2929	15.9
2930	91
2931	716.8
2932	1270.2
2933	13.1
2934	22.1
2935	19.4
2936	200.1
2937	12
2938	4.1
2939	102.2
2940	203.4
2941	590
2942	11
2943	53.3
2944	2.8
2945	14.7
2946	52
2947	485.8
2948	74.1
2949	123.8
2950	15.2
2951	29.4
2952	25.2
2953	136.8
2954	16.7
2955	818.8
2956	1208.7
2957	469.6
2958	761.8
2959	380.5
2960	175.2
2961	37
2962	27.1
2963	29.7
2964	63.7
2965	9.2
2966	515.4
2967	52.2
2968	12.4
2969	11
2970	8.1
2971	161.1
2972	33.2
2973	247.6
2974	11.8
2975	43.4
2976	614.9
2977	7.7
2978	41.3
2979	22.5
2980	37.2
2981	49.7
2982	52.8
2983	15
2984	91.2
2985	17.4
2986	68.5
2987	23.6
2988	1672.2
2989	2.9
2990	29.1
2991	35.3
2992	60.6
2993	161.9
2994	129.4
2995	77.2
2996	585.3
2997	602.1
2998	9
2999	136.7
3000	651.1
3001	6.6
3002	55.6
3003	198.8
3004	8.7
3005	16.8
3006	18.1
3007	38.8
3008	20.7
3009	402.1
3010	254.3
3011	12.7
3012	29
3013	23.2
3014	11.3
3015	7.8
3016	165.5
3017	68.1
3018	852.6
3019	6.1
3020	7104
3021	109.3
3022	8.9
3023	6.8
3024	35.9
3025	5043.5
3026	19.8
3027	1773.1
3028	4183.7
3029	2865.9
3030	22.1
3031	519.6
3032	81.8
3033	3.9
3034	26.4
3035	4187.8
3036	253.9
3037	15
3038	256.8
3039	43.7
3040	167.3
3041	53.3
3042	106.9
3043	2898
3044	15.1
3045	1955.8
3046	220.7
3047	244.2
3048	25.4
3049	6995
3050	59.2
3051	10.6
3052	106.3
3053	37.9
3054	6905.5
3055	1843.2
3056	2918.8
3057	4.7
3058	2879.3
3059	7.1
3060	9
3061	9.1
3062	41.2
3063	496.7
3064	258.1
3065	364.5
3066	31.5
3067	292.1
3068	118.9
3069	9
3070	4175.1
3071	484.5
3072	24.3
3073	46.9
3074	388.5
3075	14.6
3076	17.4
3077	1832.4
3078	9.4
3079	20.2
3080	4118.2
3081	3.5
3082	7.6
3083	145.6
3084	6.1
3085	89.4
3086	15.2
3087	166.2
3088	26.8
3089	76.8
3090	21.4
3091	8.5
3092	27.1
3093	48.4
3094	29.6
3095	4.1
3096	103.7
3097	18.8
3098	86.7
3099	11.4
3100	1718.5
3101	46.6
3102	14.5
3103	26.7
3104	30.9
3105	20.7
3106	79.1
3107	475.7
3108	8.4
3109	11.6
3110	8.4
3111	118.2
3112	6.2
3113	118.6
3114	19.4
3115	14.4
3116	20.6
3117	169.8
3118	43.9
3119	34.2
3120	4.5
3121	59.2
3122	1.8
3123	47.3
3124	1.6
3125	56
3126	9
3127	1.9
3128	5.6
3129	6.2
3130	3.5
3131	22.9
3132	21.9
3133	52.4
3134	123.6
3135	3.2
3136	161.6
3137	1.2
3138	2.1
3139	105.1
3140	19.8
3141	2
3142	21.4
3143	56.7
3144	365.7
3145	1.9
3146	2
3147	5.8
3148	32.6
3149	125.7
3150	1.2
3151	55.2
3152	656.7
3153	101.1
3154	41.4
3155	152.8
3156	6.7
3157	6.8
3158	1.3
3159	32.8
3160	3.6
3161	55.2
3162	31
3163	3.1
3164	2.1
3165	4.2
3166	596.2
3167	26.9
3168	73.5
3169	131.1
3170	63.3
3171	4.3
3172	126.6
3173	133.2
3174	66
3175	19.8
3176	1.6
3177	136.9
3178	202.1
3179	2.7
3180	2.8
3181	21.4
3182	52.7
3183	16.5
3184	115.9
3185	55.8
3186	8.9
3187	70.2
3188	31.5
3189	10.6
3190	1.2
3191	7
3192	22.7
3193	2.3
3194	45.2
3195	49
3196	97.1
3197	16.4
3198	3.1
3199	24.3
3200	2.4
3201	36.1
3202	0
3203	39.2
3204	19.3
3205	39.1
3206	2.2
3207	118.9
3208	35.1
3209	0.6
3210	282.1
3211	85.7
3212	89.1
3213	116.4
3214	4.8
3215	1.3
3216	57
3217	64.4
3218	142
3219	311.7
3220	2.4
3221	36.1
3222	535.4
3223	2
3224	98.6
3225	41
3226	45.2
3227	54.6
3228	84.4
3229	1
3230	4.2
3231	1.2
3232	1.2
3233	4.4
3234	19.7
3235	387.1
3236	55.5
3237	4.4
3238	178.8
3239	2
3240	3.6
3241	3.7
3242	13.5
3243	38.8
3244	85.4
3245	86.9
3246	49.7
3247	0.8
3248	1.3
3249	2
3250	14
3251	198.8
3252	41.5
3253	82.6
3254	40.8
3255	7.2
3256	1
3257	64.6
3258	104.1
3259	20.8
3260	3.2
3261	1.2
3262	108.1
3263	66.4
3264	48.5
3265	4
3266	11.7
3267	10
3268	138.4
3269	91.3
3270	1
3271	1.7
3272	63.8
3273	1.3
3274	139.9
3275	1.1
3276	3.6
3277	10.4
3278	21.6
3279	3.2
3280	18
3281	40.7
3282	0.9
3283	9.7
3284	0.7
3285	15
3286	206.5
3287	11.1
3288	10.9
3289	8.4
3290	3
3291	28
3292	5.7
3293	5.2
3294	2.1
3295	2.9
3296	4
3297	64.9
3298	7.7
3299	1.2
3300	22.4
3301	1.3
3302	5.7
3303	18.4
3304	2.3
3305	21.1
3306	1.4
3307	7.8
3308	13.1
3309	9.1
3310	6.6
3311	1.7
3312	5.5
3313	8.4
3314	12.4
3315	2
3316	38.5
3317	1.1
3318	26.6
3319	2
3320	18.8
3321	2.9
3322	1.1
3323	5.1
3324	6.1
3325	1.4
3326	6.4
3327	8.7
3328	2.3
3329	6.2
3330	5.2
3331	13
3332	15.8
3333	0.9
3334	2.7
3335	9.9
3336	1.1
3337	2.5
3338	17.4
3339	5.3
3340	1.2
3341	18.3
3342	0.7
3343	4.2
3344	2
3345	1.3
3346	5.8
3347	8.6
3348	0.9
3349	0.5
3350	8.3
3351	1.5
3352	18.5
3353	54.2
3354	2.1
3355	5.6
3356	2.9
3357	1.8
3358	1.8
3359	2
3360	14.3
3361	2.5
3362	0.7
3363	9.1
3364	1.8
3365	5.8
3366	45.8
3367	2
3368	3
3369	2.7
3370	3.4
3371	2.1
3372	3.3
3373	2.2
3374	43.8
3375	0.7
3376	8.8
3377	0.7
3378	0.7
3379	4.8
3380	30.7
3381	2
3382	0.4
3383	5.8
3384	18.4
3385	10.4
3386	2.4
3387	2.1
3388	0.4
3389	13.6
3390	8.8
3391	4.3
3392	1.6
3393	1.1
3394	3.8
3395	3.1
3396	6.6
3397	2.2
3398	2.6
3399	1.8
3400	435.8
3401	191.7
3402	372.4
3403	1415.7
3404	814.3
3405	752.1
3406	430
3407	2211.6
3408	218.6
3409	2282
3410	0
3411	0
3412	80.1
3413	337.4
3414	157.2
3415	119.3
3416	34.4
3417	77.2
3418	154.8
3419	1629.1
3420	2452.1
3421	4434.7
3422	91.3
3423	585.9
3424	52.7
3425	269.9
3426	721.1
3427	6.2
3428	25.3
3429	90.1
3430	12.5
3431	382.2
3432	645
3433	77.7
3434	149.8
3435	31322.5
3436	1201.4
3437	132.2
3438	31322.2
3439	31322.7
3440	210.5
3441	938.8
3442	26793.1
3443	355.8
3444	172.2
3445	31322.7
3446	31323.5
3447	31322
3448	5.8
3449	35.3
3450	31323.1
3451	997.1
3452	315.9
3453	56.2
3454	399.2
3455	103.6
3456	1948.6
3457	307.6
3458	152.7
3459	9.8
3460	453.5
3461	13445.7
3462	464.4
3463	3371
3464	946.3
3465	4.1
3466	56
3467	24.5
3468	10782.5
3469	46.4
3470	4843.4
3471	146
3472	82.6
3473	299.1
3474	1327.3
3475	12348.2
3476	0
3477	152.6
3478	39
3479	12348.2
3480	4516.4
3481	88.8
3482	1011.3
3483	25.3
3484	4352.7
3485	104.6
3486	0.1
3487	290.6
3488	81.2
3489	3980
3490	3911.3
3491	0
3492	61.4
3493	3680.7
3494	186.7
3495	184.1
3496	324.9
3497	3444.9
3498	3123.3
3499	680.3
3500	3043.6
3501	296
3502	28.6
3503	12347.9
3504	12347.2
3505	202.9
3506	1460.3
3507	12347.2
3508	2.7
3509	187.2
3510	12341.9
3511	1208.1
3512	104.9
3513	137.3
3514	12341.9
3515	914.4
3516	12189.4
3517	58.5
3518	3413
3519	115.2
3520	3.3
3521	8317.1
3522	324.4
3523	8261.3
3524	62.3
3525	8248.9
3526	10.2
3527	8151.9
3528	2031.3
3529	112
3530	56.3
3531	641.9
3532	10.7
3533	8011
3534	7945.1
3535	401.8
3536	3908.9
3537	29.1
3538	0.7
3539	692.2
3540	445.8
3541	3564.9
3542	3295.5
3543	3430.4
3544	143.1
3545	98.5
3546	152.8
3547	1621.4
3548	1922.3
3549	357.9
3550	578.9
3551	835.9
3552	1554.9
3553	1428.4
3554	921.9
3555	1083.1
3556	1159.4
3557	18.9
3558	646.4
3559	251
3560	556.3
3561	6934.6
3562	236.5
3563	2610.1
3564	382.4
3565	378.3
3566	29
3567	2520.8
3568	4105.7
3569	363
3570	1679.5
3571	1135.7
3572	189.7
3573	379
3574	427.1
3575	161.5
3576	1019.2
3577	1151.1
3578	1026.9
3579	352.4
3580	143.1
3581	11
3582	580.2
3583	131.6
3584	481.1
3585	39.2
3586	310.1
3587	17.7
3588	13.9
3589	11.3
3590	26.6
3591	61.4
3592	11.8
3593	4.3
3594	8.4
