"COMID"	"Value"
1	12.1
2	21.1
3	1.7
4	0.5
5	3.6
6	0
7	9.2
8	1.4
9	14
10	0
11	1.3
12	7.1
13	0
14	19.7
15	0.7
16	4.5
17	11.3
18	9.5
19	1.1
20	23
21	1.4
22	2.5
23	0
24	0.5
25	2.9
26	2.8
27	0.7
28	1.7
29	0.9
30	0
31	52.6
32	0.6
33	1.9
34	8.5
35	0.1
36	1.4
37	26.2
38	0
39	3.1
40	13.4
41	15.8
42	0.7
43	17.3
44	0.5
45	26.3
46	109.5
47	3.6
48	2.8
49	5.1
50	27.8
51	1.1
52	28.9
53	0.7
54	2.5
55	3.4
56	40.4
57	15.9
58	15.8
59	5.1
60	10.6
61	0.5
62	0.5
63	2.5
64	42.5
65	1.3
66	7.2
67	11.5
68	1.3
69	3.3
70	0.1
71	5.4
72	2.9
73	0.7
74	1.8
75	0.3
76	0.1
77	0.1
78	0.1
79	7.7
80	0.1
81	0
82	0
83	36.1
84	0
85	1.2
86	1.2
87	0.6
88	2.6
89	0.1
90	1
91	1.3
92	6
93	3.8
94	2.7
95	6
96	2
97	19.9
98	5.4
99	0.1
100	6.9
101	1.5
102	1
103	0.8
104	8.8
105	0.6
106	1.7
107	0.2
108	0
109	0.7
110	3
111	0
112	1.1
113	47.3
114	1.4
115	1
116	1.8
117	0.7
118	2.5
119	0
120	0.3
121	0.4
122	11.1
123	8.9
124	1.7
125	1.4
126	5.2
127	0.3
128	2
129	1
130	1.3
131	18.8
132	0.1
133	0.6
134	11.6
135	4.8
136	2.4
137	3.8
138	0.5
139	0.2
140	0.9
141	1.7
142	0.2
143	0
144	0.4
145	47.9
146	1.8
147	2.8
148	4.5
149	1.1
150	17.1
151	0.4
152	4.6
153	0.1
154	10
155	0
156	2.2
157	9
158	0.7
159	11.4
160	6.5
161	2.1
162	0.1
163	0.5
164	0.1
165	0
166	0.1
167	1.4
168	0
169	0.6
170	1.8
171	3.4
172	0.2
173	0.1
174	67.8
175	0.5
176	3.4
177	9.5
178	11.9
179	1.6
180	0.2
181	0.4
182	18.9
183	0
184	0.2
185	0.3
186	3.3
187	0.5
188	0.1
189	0.1
190	0.8
191	0.2
192	1.1
193	22.7
194	2.1
195	0
196	0.4
197	5.7
198	0.3
199	1.3
200	48.4
201	48.7
202	0.1
203	0.1
204	25.3
205	1.9
206	6.1
207	3.5
208	1.7
209	1.7
210	1.6
211	2.8
212	7.4
213	7
214	0.1
215	4
216	9.9
217	0.9
218	0.1
219	0.2
220	27.8
221	0
222	1.5
223	9.7
224	0
225	24.2
226	3.8
227	6.1
228	5.6
229	0.4
230	25.9
231	3.6
232	0.6
233	3.8
234	29.8
235	25.9
236	1.1
237	2.4
238	1.7
239	0.7
240	1.7
241	0.6
242	6.1
243	0
244	1
245	3
246	1
247	0
248	0
249	6.1
250	1.3
251	2.9
252	2.6
253	1
254	0
255	0
256	0
257	0
258	0
259	0
260	0
261	1
262	1.9
263	0
264	0
265	0
266	1
267	1.9
268	2.1
269	3.8
270	0
271	1.3
272	0.3
273	0.9
274	29.8
275	1.5
276	0
277	0.2
278	1
279	26.2
280	0.2
281	0.6
282	1
283	0.2
284	0.2
285	0
286	0.2
287	2.1
288	0.1
289	0.3
290	0.4
291	9.7
292	0.2
293	29.8
294	8.8
295	0.1
296	3.3
297	0.8
298	0
299	0.1
300	4.3
301	0.2
302	4.1
303	0.9
304	0.1
305	1.4
306	0.3
307	5.8
308	0.4
309	0.4
310	0.6
311	1
312	7.5
313	0.9
314	4.3
315	0.4
316	0.7
317	0
318	1.3
319	0
320	1.2
321	1.2
322	0.4
323	1.1
324	0.1
325	0
326	1.4
327	0.1
328	0.3
329	1.2
330	0
331	4.8
332	0.1
333	4.9
334	0.3
335	0.5
336	0.4
337	0
338	5
339	2.3
340	0.1
341	5.5
342	29.8
343	2.3
344	11.1
345	0.3
346	0
347	0.1
348	0.3
349	0.3
350	0.3
351	0.3
352	0.4
353	0.9
354	0.4
355	0
356	0.3
357	2.2
358	0.7
359	0
360	0.2
361	0.7
362	0.2
363	0.2
364	2.2
365	1.7
366	1.2
367	29.8
368	5.3
369	0
370	0.6
371	2.2
372	12.9
373	0.5
374	32
375	1.9
376	7.4
377	0.7
378	7.8
379	0
380	1.1
381	0
382	0
383	18.9
384	109.5
385	0
386	32
387	15.2
388	25
389	23.2
390	16.1
391	9.7
392	18.4
393	0
394	1
395	0
396	0
397	32
398	33.3
399	1.3
400	31.8
401	0.5
402	0
403	0.1
404	0
405	14.9
406	2.1
407	1.3
408	0
409	0
410	14.3
411	0.5
412	0.3
413	2
414	0
415	0
416	1.3
417	0
418	0
419	5.2
420	0
421	2.3
422	0
423	4.7
424	6.9
425	2
426	2.3
427	6.3
428	1.5
429	0.2
430	3
431	0
432	0.6
433	31.9
434	12.1
435	0.6
436	34.3
437	34.5
438	26.7
439	0
440	0.2
441	11.8
442	29.9
443	1.8
444	0.5
445	20.7
446	14.7
447	5.4
448	3.8
449	1.6
450	0.9
451	0
452	10.1
453	34.7
454	18.7
455	12.3
456	5.5
457	2.6
458	9
459	5.4
460	0.4
461	10.8
462	1.6
463	62.2
464	47.1
465	7.6
466	3.1
467	2.9
468	48
469	1
470	25.3
471	22.5
472	0.5
473	23
474	25.8
475	26.2
476	26.2
477	3.7
478	3.3
479	18.2
480	0.7
481	0
482	3.1
483	7.1
484	2.6
485	18.9
486	0.1
487	1.2
488	11.1
489	0.1
490	11.9
491	4.2
492	3.9
493	11.9
494	2
495	0
496	0
497	1.3
498	3.7
499	0
500	1
501	1.2
502	2.8
503	0.9
504	1.2
505	1.8
506	4.7
507	2.6
508	12.4
509	10.9
510	1.4
511	7.5
512	3.3
513	0
514	0.7
515	0
516	1.3
517	5.3
518	0.4
519	0.9
520	0.1
521	5.1
522	0.8
523	0
524	3.1
525	1.9
526	14.2
527	1
528	14.7
529	3.2
530	4.4
531	2.8
532	1.3
533	1.2
534	7.4
535	10.1
536	0.9
537	0
538	0
539	0.1
540	0.6
541	25.6
542	3.1
543	3.6
544	2.3
545	2.3
546	2.3
547	1.5
548	0
549	0.2
550	11.1
551	29.4
552	1.8
553	2.1
554	2.3
555	12.6
556	1.6
557	0.6
558	0.2
559	3.5
560	1.8
561	0.7
562	2.3
563	0.3
564	33
565	2.9
566	1.8
567	1
568	6.4
569	6.3
570	0
571	1
572	61.8
573	10.2
574	1.7
575	1
576	61.8
577	0
578	2.7
579	4.2
580	53.4
581	94.8
582	12.3
583	4.7
584	3.5
585	0
586	1.9
587	2.8
588	20.3
589	8.1
590	0
591	0.9
592	2.2
593	52
594	1.4
595	15.4
596	0.6
597	94.8
598	13.5
599	1.9
600	0.6
601	2.5
602	0
603	1.2
604	17
605	0
606	0.9
607	16
608	1.1
609	0
610	1.6
611	0.4
612	0
613	0
614	0.9
615	0
616	0
617	49.6
618	52.3
619	12.3
620	12.3
621	1.4
622	1.4
623	3.3
624	1.2
625	18.1
626	0.5
627	44.7
628	0.8
629	1.5
630	3.1
631	1.5
632	50.9
633	2.3
634	0
635	3
636	1.1
637	2.9
638	18.4
639	82.8
640	0
641	29.7
642	0
643	4.2
644	0
645	0.4
646	1.6
647	20.3
648	0.8
649	0.7
650	0.7
651	3.2
652	0.6
653	0
654	1.8
655	0
656	3.8
657	5.9
658	0.8
659	1.2
660	0
661	1
662	1.3
663	3.1
664	23.6
665	4.7
666	25.5
667	84
668	29
669	4.4
670	2.4
671	21.5
672	9.8
673	1.3
674	0
675	2.6
676	11.8
677	25.5
678	1.1
679	0.8
680	0
681	6.6
682	6.9
683	22
684	4
685	9.6
686	3.1
687	0
688	1.7
689	24.6
690	1.2
691	103.4
692	9.8
693	1
694	0
695	107.9
696	4.4
697	3.8
698	2.4
699	1.8
700	1.5
701	1
702	2.3
703	4.6
704	0.8
705	1.8
706	1
707	2.2
708	5.2
709	2.3
710	12.1
711	0
712	0.5
713	0.9
714	1
715	24.3
716	0
717	29.3
718	1.8
719	1.1
720	8
721	4.5
722	0.8
723	1.5
724	3.3
725	36.2
726	0
727	0
728	1.6
729	109
730	16.3
731	0.4
732	0
733	2.3
734	1.9
735	0.5
736	2.8
737	2.2
738	2.8
739	5.6
740	5.3
741	0.7
742	2
743	1
744	0
745	1
746	0.8
747	1.9
748	1
749	6.3
750	1.5
751	16
752	0.7
753	4.2
754	5.8
755	1.9
756	1.4
757	11.3
758	1.3
759	1.2
760	2.9
761	0.7
762	1.4
763	0.9
764	6.4
765	19.2
766	0
767	0.8
768	0.9
769	4
770	1.6
771	2.3
772	1
773	4.2
774	5.1
775	0.5
776	1
777	10
778	5.4
779	0
780	3.2
781	51.2
782	175.7
783	38.2
784	57.5
785	116
786	226.5
787	64.1
788	73.2
789	82.3
790	171.6
791	75.5
792	59
793	752.3
794	46.5
795	127.3
796	19.4
797	67.7
798	25.7
799	109.1
800	46.4
801	782
802	881.3
803	223.9
804	87.4
805	927.4
806	805.8
807	42.5
808	945.6
809	123.6
810	134.5
811	1003.3
812	492.3
813	877.6
814	30.5
815	46.2
816	2097.6
817	43.4
818	65.1
819	395.6
820	1040.4
821	20
822	50.1
823	2077.1
824	585.8
825	20.2
826	107.7
827	70
828	74
829	2147.9
830	81.3
831	2313.8
832	710.2
833	153.5
834	143.6
835	193.4
836	201.9
837	30.5
838	120.9
839	21.7
840	82.6
841	281
842	2534.2
843	6.5
844	47
845	1271.1
846	42
847	966.4
848	29.8
849	84
850	287.5
851	69
852	72.3
853	14.6
854	55.6
855	55.5
856	30.6
857	28.5
858	41.5
859	1303.6
860	38.1
861	163.2
862	2.9
863	1450
864	20.3
865	235.9
866	2650.7
867	46.3
868	84.4
869	1650.9
870	5.3
871	1326.5
872	24.1
873	1.2
874	1586.1
875	65.8
876	22.5
877	16.6
878	21.8
879	103.6
880	1380.8
881	121.9
882	32.8
883	22.8
884	22.3
885	107.5
886	0.9
887	2716.9
888	24.6
889	171.3
890	128.8
891	292.6
892	56.3
893	68
894	1.1
895	193.6
896	65.8
897	18
898	1721.4
899	23.9
900	98.6
901	1517.6
902	29.3
903	51.6
904	84.9
905	18.9
906	76.2
907	112.5
908	2760.2
909	62.4
910	0
911	18.8
912	341.4
913	27.4
914	283.2
915	0
916	2071.2
917	39.7
918	32.8
919	18.4
920	32.9
921	26.6
922	58.3
923	4.7
924	1539.3
925	20.8
926	41.8
927	17.7
928	4
929	3051.9
930	95.1
931	17.4
932	8.3
933	16.4
934	0
935	39.1
936	109.2
937	41.7
938	126.2
939	35.1
940	3179.1
941	75.4
942	168.5
943	0
944	198.4
945	24
946	156.6
947	0
948	2342.9
949	23.7
950	40.8
951	49.1
952	3165.1
953	68.3
954	3.8
955	75.3
956	253.7
957	12.6
958	57.8
959	3197.7
960	96
961	47.2
962	24.6
963	14.7
964	0
965	73.6
966	305.5
967	0
968	3217.3
969	16.1
970	21.8
971	125.1
972	34.2
973	22.2
974	3240.1
975	108.8
976	77.2
977	34.6
978	80.5
979	24.8
980	598.8
981	205.5
982	77.5
983	109.8
984	22.8
985	85.8
986	28.9
987	97
988	36.2
989	95.7
990	0
991	41.2
992	0
993	96.2
994	14.1
995	96.1
996	486.4
997	47.7
998	100.1
999	33.9
1000	0
1001	4.5
1002	48.2
1003	0
1004	556.7
1005	122.5
1006	19.6
1007	0
1008	1.8
1009	0
1010	215.5
1011	50.5
1012	19.2
1013	107.7
1014	23.5
1015	1.3
1016	0
1017	132
1018	102.8
1019	3
1020	83.6
1021	186.3
1022	26.7
1023	65.4
1024	39.9
1025	338.8
1026	80.1
1027	40.9
1028	634.2
1029	111.3
1030	0.1
1031	0
1032	0
1033	0.1
1034	75.7
1035	0
1036	1344.8
1037	3344
1038	40.7
1039	460.6
1040	128
1041	41.2
1042	1.9
1043	0
1044	380.3
1045	1.8
1046	4.6
1047	92.3
1048	676.6
1049	19.2
1050	0
1051	1448.2
1052	851
1053	117.3
1054	4123.9
1055	769.9
1056	172.6
1057	0
1058	1667.1
1059	0.1
1060	45.9
1061	0
1062	67.2
1063	36
1064	0
1065	3727.4
1066	17.8
1067	0.2
1068	0
1069	0
1070	16.4
1071	11.8
1072	0.1
1073	0.1
1074	46.9
1075	0
1076	21.4
1077	0.2
1078	281.8
1079	4372.9
1080	9.9
1081	0
1082	40.9
1083	0
1084	80.8
1085	29.6
1086	206.7
1087	0
1088	0
1089	1.8
1090	4320.7
1091	35.1
1092	0
1093	2.4
1094	0.1
1095	2.9
1096	2.1
1097	21.3
1098	2
1099	0
1100	0
1101	0.1
1102	1759.2
1103	0
1104	139.3
1105	1.8
1106	5.4
1107	0.2
1108	2.3
1109	4380.4
1110	0
1111	0
1112	277.6
1113	43.7
1114	48.3
1115	1.3
1116	1.2
1117	176.5
1118	2.8
1119	139.3
1120	1.6
1121	1.8
1122	8.2
1123	10.9
1124	18.1
1125	153.1
1126	22.8
1127	151
1128	507
1129	99.6
1130	4.4
1131	0
1132	126.6
1133	223.5
1134	4193
1135	4398.5
1136	0
1137	2.2
1138	9.3
1139	150.1
1140	1990
1141	1.2
1142	0
1143	20.2
1144	15.3
1145	2.4
1146	0.9
1147	4468.6
1148	28.8
1149	4448
1150	150.9
1151	4470.5
1152	572.1
1153	596.6
1154	0
1155	0
1156	23.8
1157	152.2
1158	362.6
1159	49.1
1160	1.8
1161	0.1
1162	1.8
1163	8.9
1164	27.5
1165	4446.8
1166	48.1
1167	13.7
1168	134.1
1169	27.4
1170	25.3
1171	4225.7
1172	72.8
1173	6.8
1174	39
1175	3.8
1176	17.1
1177	0
1178	1.1
1179	22.1
1180	10
1181	4219.8
1182	4488.1
1183	0
1184	6486.4
1185	35.8
1186	617.9
1187	4291.9
1188	4496.1
1189	4226.5
1190	4293.6
1191	32.1
1192	4499
1193	17.7
1194	4467
1195	21.9
1196	4292.3
1197	6849
1198	0
1199	28.7
1200	6.3
1201	4461.3
1202	15.2
1203	6849
1204	4240.3
1205	1.2
1206	0
1207	4210.1
1208	0
1209	4457.4
1210	38.7
1211	32.7
1212	0
1213	19.5
1214	677.9
1215	4230.9
1216	18.2
1217	2.6
1218	0.2
1219	0.1
1220	15.5
1221	4494.4
1222	4488.1
1223	2.7
1224	4497.2
1225	23.3
1226	26.5
1227	8.2
1228	1.8
1229	4229.8
1230	26.7
1231	0
1232	37.8
1233	1.5
1234	17.6
1235	1.6
1236	0
1237	130.6
1238	11.5
1239	0.1
1240	4501.7
1241	278.5
1242	61.7
1243	3.9
1244	4503.6
1245	60.9
1246	16.9
1247	90.3
1248	62.8
1249	82.7
1250	10.9
1251	2
1252	6849
1253	4593.6
1254	27.5
1255	0
1256	36.2
1257	58.4
1258	2.9
1259	0
1260	12.6
1261	22
1262	0
1263	6.3
1264	67.8
1265	10.8
1266	790.9
1267	6849
1268	23
1269	6.5
1270	74.9
1271	2.5
1272	4594.5
1273	53.3
1274	29.8
1275	4589.6
1276	36.2
1277	12.8
1278	201
1279	3.9
1280	93.5
1281	43.1
1282	0.2
1283	27.3
1284	51.9
1285	59.7
1286	33.5
1287	7.9
1288	25.4
1289	97.3
1290	14.8
1291	64.4
1292	7.1
1293	3.5
1294	51
1295	11.2
1296	0.1
1297	20.7
1298	811.4
1299	85.2
1300	47.6
1301	0
1302	18.3
1303	81
1304	4.4
1305	40.7
1306	0.1
1307	360.2
1308	12.1
1309	0.2
1310	126.8
1311	18.7
1312	21.4
1313	7.6
1314	33.1
1315	93.6
1316	12.4
1317	8.8
1318	3.4
1319	53.2
1320	16.1
1321	0.3
1322	6849.3
1323	0.1
1324	6.8
1325	118.6
1326	0.2
1327	0.2
1328	257.5
1329	15.3
1330	90.5
1331	23.2
1332	10.3
1333	29.9
1334	102.9
1335	0.7
1336	24.2
1337	0.2
1338	0.2
1339	3.7
1340	64.7
1341	30.4
1342	264.7
1343	0.2
1344	0
1345	2.2
1346	93.8
1347	372.3
1348	22.2
1349	2.3
1350	6849.4
1351	12.6
1352	4.4
1353	240.4
1354	0.3
1355	29.8
1356	6
1357	14.5
1358	16.9
1359	4.8
1360	0.8
1361	5.7
1362	17.9
1363	94.1
1364	0.1
1365	129.2
1366	0.6
1367	93.7
1368	11.3
1369	0.4
1370	0.7
1371	0.6
1372	18.6
1373	149.5
1374	1.4
1375	80.7
1376	3.9
1377	24.1
1378	3.4
1379	2.2
1380	50.4
1381	93.7
1382	25.9
1383	1.3
1384	22.5
1385	4.9
1386	17.8
1387	1.4
1388	1.7
1389	0.7
1390	19.1
1391	1081.5
1392	34.2
1393	0
1394	0.1
1395	65.9
1396	0.1
1397	30.3
1398	0.1
1399	94.3
1400	8.3
1401	0.6
1402	0.6
1403	369.9
1404	8.9
1405	1.6
1406	0.1
1407	94.4
1408	1.2
1409	997.6
1410	3.1
1411	339.4
1412	0.3
1413	57.8
1414	14.9
1415	17.9
1416	140.2
1417	1.9
1418	19.3
1419	0.3
1420	22.5
1421	0.2
1422	0.1
1423	15.6
1424	271.5
1425	1.2
1426	302.5
1427	1.9
1428	1.1
1429	0.8
1430	20.5
1431	410.7
1432	0.4
1433	17.5
1434	6946.4
1435	57.1
1436	6849.8
1437	271.5
1438	1.9
1439	2.9
1440	12.3
1441	14.1
1442	29077
1443	39.8
1444	1.1
1445	0.2
1446	1506.3
1447	0.5
1448	82
1449	94.6
1450	1
1451	29077.2
1452	6944.6
1453	69.7
1454	17.2
1455	0.1
1456	22130.6
1457	486.9
1458	14.5
1459	3
1460	1.5
1461	164.4
1462	29085.9
1463	0.2
1464	0.2
1465	0.3
1466	39.7
1467	0.2
1468	29081.4
1469	20.4
1470	1458.7
1471	0.8
1472	29077.7
1473	1349
1474	1.9
1475	43.2
1476	29081.3
1477	0.2
1478	21.7
1479	286
1480	0.1
1481	113.4
1482	11.8
1483	0.1
1484	22129.3
1485	11
1486	1.9
1487	0.5
1488	76.7
1489	78.1
1490	1
1491	13.2
1492	10.8
1493	1564.7
1494	26.6
1495	318.3
1496	212.6
1497	212.6
1498	0.1
1499	39.2
1500	1645.3
1501	20
1502	102.4
1503	1.2
1504	378
1505	27.3
1506	23.6
1507	0.1
1508	1.8
1509	6.6
1510	0.8
1511	22118.8
1512	0.3
1513	80.5
1514	0.2
1515	0.3
1516	0.3
1517	1659.7
1518	0.8
1519	24.7
1520	2.3
1521	0.8
1522	0.1
1523	0.3
1524	378
1525	0.1
1526	0.3
1527	50.3
1528	0.1
1529	29.8
1530	56.6
1531	0.2
1532	2.3
1533	0.2
1534	27.7
1535	4.3
1536	23.5
1537	2.2
1538	4.9
1539	2.5
1540	0.1
1541	29091.4
1542	0.2
1543	46.1
1544	0.5
1545	0.8
1546	10.5
1547	18.9
1548	29088
1549	0.1
1550	0.2
1551	403
1552	520.5
1553	47.2
1554	40
1555	17.8
1556	44.8
1557	0.2
1558	0.7
1559	63.6
1560	1661.2
1561	0.1
1562	0.1
1563	3.1
1564	0.2
1565	131.7
1566	2.7
1567	29089
1568	0.1
1569	16.4
1570	12.2
1571	0.3
1572	0.4
1573	118
1574	0.1
1575	29.7
1576	22118.4
1577	18.1
1578	0.1
1579	0.1
1580	639.9
1581	667.7
1582	32.5
1583	10.4
1584	4.7
1585	75.8
1586	23.2
1587	0.1
1588	1732.7
1589	0.3
1590	1.6
1591	29088.7
1592	1686.4
1593	0.2
1594	37.1
1595	68.1
1596	1568.8
1597	29088.6
1598	56.2
1599	1556
1600	30.8
1601	30.3
1602	20.9
1603	78.5
1604	8.3
1605	2.8
1606	0.1
1607	0.2
1608	48.5
1609	0.1
1610	16.2
1611	3.8
1612	51.1
1613	1568.8
1614	131.8
1615	21990.1
1616	27
1617	0.1
1618	43.9
1619	1733.1
1620	21856.4
1621	765.7
1622	29.9
1623	0.1
1624	33.8
1625	43.9
1626	225.7
1627	0.1
1628	45.9
1629	29093
1630	55.2
1631	8.8
1632	109.9
1633	0.1
1634	220.7
1635	185.7
1636	1646.4
1637	56.4
1638	12.5
1639	7.7
1640	0.1
1641	66.2
1642	51.9
1643	27.5
1644	0.3
1645	58.8
1646	48.5
1647	29093.1
1648	2.3
1649	0.6
1650	0.7
1651	126.5
1652	14.7
1653	0.8
1654	21623.2
1655	71.7
1656	29.4
1657	92.3
1658	1723.3
1659	69.8
1660	84.8
1661	3.7
1662	0.1
1663	144.1
1664	2.8
1665	1.6
1666	156.5
1667	36.8
1668	118.2
1669	47.5
1670	2578.2
1671	26.2
1672	21599.1
1673	103.5
1674	40.7
1675	315.2
1676	1.3
1677	1.8
1678	32.8
1679	655
1680	41.6
1681	550.1
1682	1423.9
1683	67.8
1684	37.6
1685	57.5
1686	11
1687	655
1688	220.9
1689	1.3
1690	61.8
1691	2
1692	6662
1693	14822.4
1694	71.4
1695	36.6
1696	4101
1697	12003
1698	1423.9
1699	14.1
1700	9.5
1701	6607.9
1702	11935.4
1703	569.1
1704	4101
1705	1.2
1706	41.1
1707	1425.1
1708	1426.9
1709	32.2
1710	9.5
1711	17.9
1712	554.3
1713	6584
1714	156.3
1715	41.7
1716	79.7
1717	17.2
1718	159.9
1719	26.7
1720	37.5
1721	14932.3
1722	48.7
1723	520.5
1724	79.7
1725	2230.2
1726	21.1
1727	42.7
1728	594.9
1729	2.6
1730	81
1731	13.2
1732	557.8
1733	89.1
1734	12231.8
1735	19.7
1736	1425.1
1737	14
1738	11.5
1739	1416.4
1740	0.1
1741	4.3
1742	0.9
1743	251.1
1744	28.9
1745	129.6
1746	4137.7
1747	584.5
1748	78.3
1749	14.4
1750	25.8
1751	4159.1
1752	4187.7
1753	41.1
1754	274.3
1755	22.5
1756	1955.9
1757	98.7
1758	15.4
1759	308.7
1760	1393.6
1761	118.7
1762	11.8
1763	45.3
1764	21.5
1765	2.5
1766	73.1
1767	4801
1768	0.1
1769	5327.6
1770	159.9
1771	12.6
1772	0.1
1773	24.1
1774	657.3
1775	0
1776	20
1777	11027.7
1778	0.9
1779	2.7
1780	1
1781	5200
1782	392.6
1783	5486.9
1784	631.4
1785	6491
1786	18.9
1787	225.8
1788	37.8
1789	9.7
1790	0.6
1791	9.3
1792	256.1
1793	1365.9
1794	80.4
1795	6411.7
1796	6655.7
1797	57.9
1798	25.2
1799	0
1800	30.5
1801	19.1
1802	17.3
1803	0.2
1804	662.2
1805	1.8
1806	143
1807	127.9
1808	662.2
1809	38.6
1810	89.4
1811	10182
1812	0
1813	28.8
1814	73.4
1815	6931.7
1816	26.7
1817	19.7
1818	6923.2
1819	96.5
1820	35.2
1821	17.9
1822	42.4
1823	11.9
1824	0
1825	150
1826	129.8
1827	3225.1
1828	10158.8
1829	246.2
1830	0.1
1831	1178.4
1832	0
1833	31.4
1834	0
1835	6365.1
1836	6321.2
1837	0
1838	0
1839	24.6
1840	113.8
1841	1039
1842	1328.3
1843	99.6
1844	10167.2
1845	34.3
1846	0
1847	1153.1
1848	20
1849	149.3
1850	34
1851	56.6
1852	188.5
1853	42.5
1854	305.1
1855	15.7
1856	460.9
1857	0
1858	35.2
1859	63.4
1860	1345.3
1861	0
1862	26.1
1863	6136.8
1864	14.8
1865	16
1866	28
1867	6166.6
1868	99.4
1869	30.3
1870	157.3
1871	36.1
1872	573.3
1873	385.2
1874	103.7
1875	6136.9
1876	89.1
1877	0
1878	6136.8
1879	59.3
1880	50.7
1881	29.7
1882	0
1883	30.9
1884	19
1885	22.5
1886	26.5
1887	0.9
1888	11.3
1889	0.1
1890	50.7
1891	169.3
1892	23.9
1893	9
1894	13.5
1895	63.4
1896	12
1897	42.4
1898	82.7
1899	538.1
1900	0
1901	17.6
1902	17
1903	10.1
1904	15
1905	3223
1906	0
1907	0
1908	1145.8
1909	8
1910	172.3
1911	16.8
1912	17
1913	0
1914	41.8
1915	0.9
1916	205.7
1917	14.3
1918	17.7
1919	0
1920	6136.7
1921	10.1
1922	0.9
1923	0
1924	6136.8
1925	13.5
1926	126.2
1927	34.4
1928	3008.7
1929	0
1930	0
1931	0
1932	47.2
1933	27.3
1934	19.2
1935	0
1936	9.9
1937	6136.7
1938	89.7
1939	33.6
1940	0
1941	445.8
1942	51.5
1943	6136.7
1944	19.7
1945	0
1946	0
1947	0.9
1948	748.9
1949	23
1950	56.9
1951	0
1952	4.2
1953	142
1954	6136.7
1955	3.3
1956	21.3
1957	25.9
1958	0.1
1959	8.1
1960	2930.5
1961	34.4
1962	72.2
1963	0
1964	0
1965	0
1966	6.9
1967	744.8
1968	5.3
1969	0
1970	157.2
1971	0
1972	0.8
1973	6136.6
1974	172.4
1975	161.2
1976	2.7
1977	748.9
1978	50.1
1979	49.9
1980	0
1981	2887.5
1982	9.5
1983	0
1984	0
1985	84
1986	4.1
1987	21.9
1988	75.7
1989	314.2
1990	79.8
1991	0.6
1992	0
1993	11.3
1994	12.6
1995	2594.2
1996	0
1997	10
1998	47.8
1999	0
2000	136.9
2001	81
2002	4.8
2003	7.2
2004	6136.6
2005	0
2006	14.5
2007	0
2008	744.8
2009	0
2010	108.2
2011	209.1
2012	0.9
2013	133.7
2014	116.8
2015	10.4
2016	0.2
2017	0
2018	12
2019	6136.5
2020	0
2021	405.8
2022	357.8
2023	19.1
2024	95.4
2025	31.6
2026	0
2027	4.1
2028	27.1
2029	369.4
2030	0
2031	12
2032	1.2
2033	0
2034	0
2035	45.2
2036	8.8
2037	48.6
2038	79.6
2039	0.1
2040	0.1
2041	16
2042	5.9
2043	78.1
2044	14.4
2045	0
2046	6136.5
2047	4.6
2048	0.1
2049	0
2050	104.4
2051	7.5
2052	0
2053	40.5
2054	14.5
2055	4.4
2056	290.5
2057	32.1
2058	18.2
2059	0
2060	343.6
2061	0.9
2062	2674.6
2063	0
2064	12.2
2065	0.1
2066	0
2067	5.2
2068	0.5
2069	19.4
2070	7.8
2071	12.2
2072	0
2073	10.4
2074	15.6
2075	0
2076	15
2077	0.1
2078	10.5
2079	0
2080	0
2081	11.2
2082	0
2083	5.4
2084	2304.7
2085	0
2086	10.9
2087	0.1
2088	50.7
2089	8.4
2090	21.7
2091	7.7
2092	18
2093	10.7
2094	0
2095	5
2096	0
2097	318.9
2098	21.7
2099	11.5
2100	33.9
2101	0
2102	42.6
2103	6136.5
2104	6136.5
2105	0
2106	0.3
2107	0.5
2108	26.9
2109	0
2110	0
2111	0
2112	53.3
2113	2286.4
2114	0
2115	15.5
2116	8.1
2117	6.5
2118	168.7
2119	2087.1
2120	13.6
2121	2.2
2122	65.4
2123	0.4
2124	31.2
2125	4.8
2126	0
2127	279.9
2128	0.3
2129	6136.5
2130	0
2131	19.4
2132	10.7
2133	0
2134	0
2135	2086.3
2136	25.6
2137	17.4
2138	5.7
2139	17.5
2140	6136.5
2141	50.4
2142	40
2143	0.1
2144	0
2145	28.6
2146	3.6
2147	23
2148	37.9
2149	0.3
2150	55.9
2151	0
2152	29.5
2153	178.3
2154	23.2
2155	0
2156	0
2157	0.1
2158	5.4
2159	3.5
2160	217.5
2161	0
2162	0
2163	34.4
2164	0
2165	4.3
2166	6136.5
2167	0
2168	0.3
2169	83
2170	0
2171	0.3
2172	0
2173	70.7
2174	0
2175	1
2176	0
2177	343.1
2178	10.4
2179	0
2180	6.2
2181	68.8
2182	0
2183	0
2184	0
2185	17.8
2186	1
2187	2.8
2188	6136.5
2189	0
2190	263.4
2191	0
2192	0.1
2193	0
2194	44.1
2195	5
2196	0
2197	11.7
2198	6136.4
2199	343.1
2200	0
2201	2.2
2202	8.2
2203	0
2204	6136.4
2205	0.3
2206	246.6
2207	3.8
2208	1.9
2209	0
2210	71.1
2211	0
2212	5.5
2213	555.9
2214	0.1
2215	9.7
2216	206.4
2217	0
2218	0
2219	35.5
2220	14.5
2221	0
2222	118.8
2223	0
2224	0
2225	215.9
2226	42.5
2227	80.4
2228	0
2229	0
2230	6.2
2231	0
2232	1679.3
2233	0
2234	20.8
2235	0
2236	0.1
2237	0
2238	0
2239	192.5
2240	0
2241	8.3
2242	0
2243	0
2244	0
2245	13.1
2246	1.1
2247	0.1
2248	26.8
2249	80.6
2250	6136.4
2251	3
2252	1060.6
2253	0.1
2254	2.1
2255	0
2256	23.2
2257	16.1
2258	0
2259	986.3
2260	0
2261	0
2262	0
2263	17.7
2264	59.3
2265	934.2
2266	0.1
2267	0.1
2268	83.3
2269	189.3
2270	0
2271	17.8
2272	0.2
2273	14.4
2274	0
2275	35.4
2276	3.9
2277	0.1
2278	1
2279	6135.3
2280	0.1
2281	0.1
2282	924.4
2283	4.9
2284	0.9
2285	878.3
2286	64.3
2287	12.2
2288	23.3
2289	0.4
2290	0
2291	6135.3
2292	864.7
2293	174
2294	174
2295	13.4
2296	15.1
2297	27.9
2298	0.1
2299	2.5
2300	0
2301	0.7
2302	0
2303	1.1
2304	0
2305	6135.3
2306	677.8
2307	75.7
2308	0.2
2309	17.7
2310	73.2
2311	0.2
2312	0
2313	2.5
2314	0.5
2315	0.7
2316	6132.5
2317	20.9
2318	6132.8
2319	2.5
2320	24.9
2321	29.8
2322	0.1
2323	0.6
2324	49.9
2325	50.9
2326	7.9
2327	2.5
2328	12.3
2329	2.5
2330	0.1
2331	0.1
2332	156.3
2333	2.4
2334	16.5
2335	0.5
2336	45
2337	0
2338	5.3
2339	147.1
2340	19.7
2341	22.5
2342	0.3
2343	2.9
2344	1.9
2345	141.9
2346	79.8
2347	0.1
2348	2.4
2349	205.4
2350	0.1
2351	22.4
2352	2.5
2353	27.4
2354	0.5
2355	12.2
2356	0.1
2357	1.9
2358	2.4
2359	576.7
2360	15.9
2361	23.4
2362	10.7
2363	30.9
2364	8.6
2365	12.3
2366	0.1
2367	0.6
2368	23.1
2369	4
2370	15.6
2371	0
2372	9.3
2373	35.2
2374	1.9
2375	0.4
2376	0.5
2377	9.3
2378	19.6
2379	1385.1
2380	23.1
2381	17.1
2382	12.1
2383	0.1
2384	1.3
2385	3.1
2386	0.1
2387	0
2388	324.7
2389	32.7
2390	3.1
2391	359.7
2392	549.1
2393	0.3
2394	437.4
2395	114.8
2396	1370.2
2397	0
2398	1.1
2399	16.5
2400	0.1
2401	10.9
2402	47.8
2403	7.4
2404	5.9
2405	51
2406	449.2
2407	0.1
2408	18.2
2409	64.1
2410	289.9
2411	263.3
2412	78.6
2413	0.4
2414	10.5
2415	174.2
2416	1343
2417	458.3
2418	20.9
2419	4014.6
2420	13.8
2421	0.2
2422	20.7
2423	13.3
2424	162.5
2425	2.8
2426	0.1
2427	0
2428	30.2
2429	1
2430	0.1
2431	10
2432	1314.3
2433	10.5
2434	20.5
2435	0.1
2436	1314.2
2437	82.5
2438	87.8
2439	37.2
2440	8.2
2441	0.4
2442	8.3
2443	11
2444	421.2
2445	18.2
2446	7.3
2447	19.9
2448	119.4
2449	0.2
2450	0.1
2451	7.8
2452	25
2453	344.2
2454	0.1
2455	1314
2456	26.3
2457	0.2
2458	3999.6
2459	13.6
2460	21.8
2461	55.6
2462	13.1
2463	2.8
2464	160.3
2465	0.4
2466	0.1
2467	681.7
2468	306.7
2469	12.7
2470	34.5
2471	3999.6
2472	13.6
2473	17.3
2474	11.9
2475	3952.9
2476	1
2477	41
2478	7.1
2479	0.6
2480	7.2
2481	8.7
2482	55.1
2483	0.1
2484	1312.8
2485	268.2
2486	28.1
2487	0.1
2488	5.8
2489	97.9
2490	46
2491	2.2
2492	21.2
2493	0.4
2494	25
2495	12.9
2496	1.5
2497	626.5
2498	236.9
2499	47.3
2500	1249.5
2501	38.5
2502	24
2503	42.3
2504	34
2505	1249.5
2506	16.3
2507	0.2
2508	18.1
2509	0.6
2510	9
2511	31
2512	1216.2
2513	39.1
2514	190.8
2515	198.7
2516	3839.2
2517	11
2518	3
2519	19.5
2520	1162.8
2521	117.3
2522	185.4
2523	2.5
2524	0.1
2525	6.3
2526	119.4
2527	15.1
2528	13.1
2529	9.7
2530	681.7
2531	607
2532	9.6
2533	45.7
2534	41.7
2535	12.3
2536	16
2537	49.6
2538	173.2
2539	270.3
2540	106.4
2541	45.2
2542	1162.8
2543	21.2
2544	34.6
2545	193
2546	84.7
2547	19.5
2548	128.8
2549	7.5
2550	0.3
2551	29.6
2552	245.9
2553	29.9
2554	581.6
2555	9
2556	12.4
2557	24.9
2558	32.4
2559	560.7
2560	68.6
2561	148
2562	24.9
2563	206.9
2564	562.7
2565	58.7
2566	3.5
2567	8.3
2568	154.5
2569	58.8
2570	5.5
2571	2.5
2572	3834.1
2573	0.9
2574	3808.1
2575	31.7
2576	17.3
2577	11
2578	11.7
2579	11
2580	3744.9
2581	333.1
2582	145.4
2583	14.3
2584	0.2
2585	23.1
2586	19.9
2587	27.4
2588	5.9
2589	69.5
2590	10.7
2591	11.4
2592	130
2593	392.4
2594	15.3
2595	0.1
2596	35.9
2597	28.6
2598	237.5
2599	6.8
2600	8.7
2601	12.7
2602	72.9
2603	104
2604	18.3
2605	44.5
2606	2.8
2607	15.6
2608	21.2
2609	28
2610	0.2
2611	12.4
2612	8.2
2613	13.1
2614	213.1
2615	9.3
2616	34.9
2617	65.6
2618	16.1
2619	3701.1
2620	25.6
2621	11.2
2622	17.8
2623	7.1
2624	88.9
2625	246.1
2626	2.2
2627	43.7
2628	10.4
2629	0.1
2630	11.1
2631	7.3
2632	8.2
2633	39.8
2634	53.5
2635	7.9
2636	40.7
2637	0
2638	34.4
2639	370.5
2640	316.7
2641	16
2642	5.9
2643	84.8
2644	46.3
2645	56.3
2646	304.2
2647	3
2648	16.2
2649	2.1
2650	14.2
2651	0
2652	4.1
2653	37.7
2654	57.9
2655	56.2
2656	98.3
2657	3.3
2658	264.9
2659	36.3
2660	26
2661	131.2
2662	26
2663	114.4
2664	23.5
2665	120.2
2666	40.8
2667	2.5
2668	18
2669	7.8
2670	12.7
2671	54.4
2672	39.3
2673	0.7
2674	6.2
2675	65.7
2676	0.8
2677	54.3
2678	13.4
2679	3.5
2680	9
2681	3700.8
2682	1480.7
2683	54.4
2684	7.1
2685	74.9
2686	9.1
2687	14.5
2688	11.7
2689	2181.8
2690	8
2691	1504.2
2692	0.4
2693	8.7
2694	13.2
2695	0.1
2696	45.1
2697	0.1
2698	57.9
2699	7
2700	15.1
2701	1.5
2702	7.3
2703	20.5
2704	1.3
2705	20.8
2706	11
2707	1.5
2708	264
2709	17.4
2710	283.1
2711	13
2712	0
2713	12.4
2714	32.2
2715	18.8
2716	9.9
2717	1282.6
2718	19.7
2719	5.8
2720	18.7
2721	16.9
2722	6.4
2723	68.1
2724	3.3
2725	323.7
2726	65.1
2727	46.7
2728	32.8
2729	21
2730	10.9
2731	0
2732	28.9
2733	10
2734	8.8
2735	10.7
2736	4
2737	115.8
2738	383.6
2739	91.9
2740	1256.9
2741	405.3
2742	7.8
2743	22.6
2744	11.2
2745	22.9
2746	4
2747	23.5
2748	0
2749	73.3
2750	35
2751	8.1
2752	33.9
2753	6.9
2754	58.5
2755	580.2
2756	44.7
2757	111.3
2758	25.3
2759	12.3
2760	7.7
2761	5.5
2762	79.2
2763	39.5
2764	5.6
2765	112.3
2766	8.6
2767	1.5
2768	173.5
2769	8.1
2770	135
2771	32.8
2772	2053.4
2773	5.8
2774	35.3
2775	963.2
2776	189.9
2777	13.7
2778	7.8
2779	158.6
2780	3.2
2781	16.1
2782	19.2
2783	10.2
2784	13.3
2785	42.6
2786	9.8
2787	80
2788	6.3
2789	32.5
2790	27.3
2791	22
2792	8.8
2793	52
2794	33.1
2795	6.3
2796	1461.2
2797	104.3
2798	16.2
2799	14.1
2800	961.8
2801	14.7
2802	55.5
2803	9.5
2804	10.2
2805	950.6
2806	13.1
2807	18.4
2808	146.3
2809	2085.8
2810	1.7
2811	15.9
2812	6.4
2813	1443.1
2814	25.1
2815	12.2
2816	199.1
2817	164.4
2818	8.9
2819	25.6
2820	9.4
2821	113
2822	9.3
2823	12
2824	60.6
2825	188.6
2826	57.4
2827	5.8
2828	14.4
2829	8.3
2830	274.8
2831	15.4
2832	133.7
2833	216.9
2834	30.3
2835	13.3
2836	38.9
2837	19.3
2838	21.9
2839	22.1
2840	28.3
2841	19.1
2842	40.8
2843	9.8
2844	6.8
2845	241.5
2846	71.3
2847	50.4
2848	31.1
2849	10.9
2850	901.5
2851	13.7
2852	20.4
2853	8.9
2854	25.9
2855	22.9
2856	49.2
2857	18.7
2858	13.1
2859	284.2
2860	10.7
2861	121.8
2862	7.7
2863	4.9
2864	1421.3
2865	70.5
2866	6
2867	50.2
2868	6.9
2869	12.9
2870	335.8
2871	18.5
2872	637.3
2873	19
2874	79.4
2875	234.4
2876	1.9
2877	60.9
2878	11.4
2879	5.1
2880	201.3
2881	14.6
2882	27.6
2883	71.2
2884	45
2885	6
2886	13.1
2887	17.5
2888	91.6
2889	9.5
2890	6.9
2891	101.6
2892	41.6
2893	27.7
2894	16.9
2895	134.2
2896	93.5
2897	48.8
2898	417.4
2899	14.5
2900	64.8
2901	111.2
2902	10.5
2903	76.6
2904	100.8
2905	74.3
2906	74.9
2907	30.4
2908	60.5
2909	18.7
2910	130.4
2911	14
2912	51.9
2913	40.8
2914	66.6
2915	9.6
2916	36.9
2917	11.2
2918	14.8
2919	113.9
2920	3.5
2921	35.8
2922	106.8
2923	35.5
2924	467
2925	37.6
2926	420.6
2927	9.4
2928	61.9
2929	18.1
2930	58.6
2931	402.3
2932	1191.9
2933	13
2934	24.8
2935	25.5
2936	145.6
2937	14.7
2938	4.9
2939	97.2
2940	149.3
2941	518
2942	12.4
2943	11.9
2944	3.2
2945	20.4
2946	35.4
2947	486.6
2948	46.2
2949	124.4
2950	21.4
2951	15.1
2952	26.4
2953	41.8
2954	11.5
2955	458.6
2956	1158.9
2957	477
2958	437.4
2959	398.6
2960	201.5
2961	36.4
2962	22.5
2963	19.7
2964	20.2
2965	12.9
2966	504.6
2967	23.9
2968	20.6
2969	12.4
2970	9.3
2971	178.1
2972	29
2973	215.5
2974	11.9
2975	36.7
2976	604.4
2977	7.8
2978	29.9
2979	20.7
2980	40.7
2981	33.9
2982	20.2
2983	19.2
2984	97.5
2985	12.5
2986	64.8
2987	22.7
2988	1289.7
2989	3.4
2990	38.4
2991	39.6
2992	39.2
2993	170.1
2994	115
2995	84.9
2996	546.3
2997	593.4
2998	11.3
2999	52.5
3000	586.4
3001	8.7
3002	60.3
3003	180.3
3004	4.1
3005	10
3006	19.7
3007	27.1
3008	19.3
3009	254.1
3010	223.7
3011	16.5
3012	19.6
3013	29.4
3014	11.2
3015	3.4
3016	149.6
3017	76.8
3018	768.6
3019	4
3020	4748.2
3021	85.7
3022	13.8
3023	3.1
3024	37.7
3025	3962.3
3026	23.2
3027	1396
3028	3187.2
3029	2426.7
3030	36.6
3031	543.9
3032	43.9
3033	2.5
3034	15.7
3035	3190.9
3036	223.2
3037	8.3
3038	181
3039	41.5
3040	134.6
3041	54.2
3042	82.5
3043	2460.5
3044	10.8
3045	1546.8
3046	159.1
3047	172.6
3048	29.6
3049	4649.6
3050	62.9
3051	8.1
3052	95.8
3053	44.6
3054	4563.5
3055	581.3
3056	2487.3
3057	3.2
3058	2440.8
3059	8.3
3060	7.9
3061	16.7
3062	26.5
3063	455.3
3064	215.8
3065	379.9
3066	28.3
3067	277.8
3068	95.3
3069	3.9
3070	3180.2
3071	528.8
3072	23.3
3073	68.7
3074	357.6
3075	7.9
3076	8.5
3077	568.7
3078	8.3
3079	16.1
3080	3116.6
3081	3.4
3082	12.8
3083	114.2
3084	9.7
3085	83
3086	14.7
3087	135.2
3088	26.8
3089	59.4
3090	20.9
3091	6.1
3092	41
3093	19.6
3094	45.2
3095	2.8
3096	81.5
3097	26.9
3098	73
3099	12.2
3100	476
3101	68.2
3102	9.5
3103	19.8
3104	28.1
3105	29.8
3106	72.9
3107	233.2
3108	5.6
3109	4.7
3110	9
3111	126.9
3112	6.7
3113	116.8
3114	8.5
3115	19.5
3116	12.8
3117	108.3
3118	36.5
3119	35.5
3120	4.6
3121	39.6
3122	3.1
3123	18
3124	2
3125	57.4
3126	13.9
3127	2.2
3128	3.2
3129	7.4
3130	1.9
3131	19.2
3132	16.9
3133	26.3
3134	66.6
3135	5.4
3136	37.9
3137	1.8
3138	2.4
3139	59.6
3140	18.7
3141	2.7
3142	20.9
3143	41
3144	478
3145	2.2
3146	1.4
3147	9.2
3148	31.9
3149	176.1
3150	1.1
3151	9
3152	276.6
3153	46.5
3154	39.4
3155	91.9
3156	7.9
3157	8.8
3158	1.2
3159	30.1
3160	3.6
3161	8.2
3162	11.4
3163	3.4
3164	3.5
3165	3.2
3166	256
3167	26.1
3168	40
3169	179.7
3170	31.5
3171	8.9
3172	94.5
3173	210.5
3174	12.7
3175	18.7
3176	3.5
3177	214.2
3178	278.5
3179	1.6
3180	4.4
3181	21
3182	41.3
3183	14.2
3184	11.2
3185	5.5
3186	7.1
3187	62.4
3188	5.9
3189	6.7
3190	3.2
3191	15.1
3192	3.8
3193	2.4
3194	33.9
3195	14.8
3196	72.9
3197	16.1
3198	2.8
3199	14.2
3200	1.6
3201	84.9
3202	0
3203	28.2
3204	19.1
3205	3.3
3206	1.6
3207	198.3
3208	83.2
3209	0.7
3210	23.3
3211	6.4
3212	50.7
3213	168
3214	5
3215	2.7
3216	58
3217	63.5
3218	11.7
3219	54.3
3220	2.5
3221	84.9
3222	44.9
3223	5.9
3224	55.6
3225	92.1
3226	24.2
3227	56.3
3228	134.2
3229	1.2
3230	4.6
3231	1.3
3232	2.8
3233	3.8
3234	8.3
3235	151.4
3236	4.4
3237	3.2
3238	42.3
3239	2.3
3240	3.5
3241	4.6
3242	21.2
3243	3.3
3244	135.6
3245	151.4
3246	51.6
3247	0.9
3248	2.2
3249	5.2
3250	13.6
3251	139.3
3252	9.1
3253	131.4
3254	3.7
3255	4.9
3256	2.6
3257	5.4
3258	175.7
3259	21.7
3260	8.1
3261	1.6
3262	34.2
3263	129.3
3264	100.5
3265	4
3266	18.4
3267	8.7
3268	38.4
3269	56.4
3270	1.5
3271	3
3272	40.2
3273	1.9
3274	71.4
3275	2.4
3276	7.5
3277	15.7
3278	9.2
3279	2.3
3280	20.8
3281	44.1
3282	1.8
3283	2.6
3284	1.5
3285	26
3286	98.1
3287	15.4
3288	9.8
3289	12.8
3290	8.7
3291	15
3292	15.6
3293	6.9
3294	2.9
3295	2.7
3296	8.3
3297	99.5
3298	6.2
3299	2.7
3300	11.6
3301	2.5
3302	5.3
3303	6.8
3304	2.3
3305	5.1
3306	1.8
3307	12.2
3308	6.3
3309	22
3310	10.4
3311	4.3
3312	4.4
3313	13.4
3314	21.6
3315	2.8
3316	29.3
3317	1.8
3318	11.4
3319	4
3320	34.6
3321	7
3322	2.3
3323	4.6
3324	9.5
3325	2.2
3326	15.3
3327	14.1
3328	4
3329	12.6
3330	3.9
3331	15.8
3332	19.7
3333	1.6
3334	5.5
3335	8.3
3336	3
3337	3.8
3338	31.3
3339	8.7
3340	1.9
3341	13.8
3342	1.9
3343	6.4
3344	3.9
3345	2.1
3346	7
3347	15.6
3348	1.2
3349	1.2
3350	3.5
3351	1.8
3352	9
3353	80.3
3354	3.7
3355	10
3356	4
3357	2.8
3358	2.3
3359	2.3
3360	5.8
3361	4.8
3362	1.5
3363	9
3364	2.3
3365	8
3366	67.5
3367	2.5
3368	5
3369	3.2
3370	4.4
3371	2.3
3372	4.7
3373	2.2
3374	65.6
3375	1.8
3376	8.6
3377	1.8
3378	1.8
3379	10.2
3380	52.3
3381	2.8
3382	1.1
3383	5.6
3384	31
3385	18.8
3386	4
3387	5.8
3388	1.1
3389	22.5
3390	15.4
3391	6.3
3392	2.5
3393	3
3394	7.1
3395	6
3396	12.1
3397	4.8
3398	5.1
3399	3.3
3400	549.7
3401	258.1
3402	575.6
3403	2354
3404	1530.4
3405	1423.3
3406	871.9
3407	3921.4
3408	450.7
3409	4008.6
3410	0
3411	0
3412	176.5
3413	481.1
3414	346.2
3415	164.8
3416	136.9
3417	118.8
3418	188.3
3419	2039.6
3420	4451.9
3421	6849
3422	108.5
3423	739.7
3424	62.1
3425	374.7
3426	925.6
3427	34.5
3428	32.7
3429	134.6
3430	15.1
3431	433.7
3432	897.2
3433	106.6
3434	188.5
3435	29085.8
3436	1468.3
3437	194.9
3438	29081.2
3439	29087.3
3440	253.8
3441	1449.6
3442	22128.6
3443	455.8
3444	208.6
3445	29087.6
3446	29092.9
3447	29078.5
3448	7.6
3449	50.3
3450	29091.3
3451	1539.6
3452	484.4
3453	70.2
3454	520.5
3455	159.8
3456	2572
3457	576.3
3458	271.3
3459	23.7
3460	509.2
3461	14815.9
3462	885.6
3463	4101
3464	1388.3
3465	7.8
3466	72.2
3467	27.2
3468	10908.9
3469	48.8
3470	6217.6
3471	199.3
3472	100.1
3473	359
3474	1306.1
3475	6136.8
3476	0
3477	129.7
3478	36
3479	6136.8
3480	3021.3
3481	91.8
3482	924
3483	14.3
3484	2891.1
3485	89.8
3486	0.6
3487	248.5
3488	71.3
3489	2568.1
3490	2516.4
3491	0
3492	50.6
3493	2272.4
3494	244.1
3495	137.7
3496	275.9
3497	2066.6
3498	1752.6
3499	430.1
3500	1667.1
3501	253.6
3502	20.1
3503	6136.4
3504	6135.3
3505	177.6
3506	761.1
3507	6135.3
3508	1.3
3509	167.1
3510	6131.9
3511	650.1
3512	177.4
3513	133.5
3514	6131.8
3515	487.9
3516	5879.4
3517	68.1
3518	1338.4
3519	132.8
3520	1.1
3521	4005.5
3522	171.5
3523	3941.1
3524	57.7
3525	3929.3
3526	14.9
3527	3833.9
3528	565.6
3529	109.7
3530	54.6
3531	206.4
3532	8.4
3533	3744.9
3534	3701
3535	261.4
3536	1343.8
3537	18.3
3538	0.1
3539	254.2
3540	190.2
3541	2171.8
3542	1235.2
3543	2144.5
3544	89.8
3545	70.3
3546	53.1
3547	1424.7
3548	876.8
3549	158.5
3550	302.9
3551	483.6
3552	1377.8
3553	1291.9
3554	542.6
3555	554.6
3556	816.2
3557	26.1
3558	402.4
3559	219.4
3560	567.1
3561	4591.3
3562	167.5
3563	2163.2
3564	245.1
3565	242.9
3566	29.2
3567	2083.6
3568	3103
3569	316.5
3570	439.3
3571	169.4
3572	128.5
3573	150.7
3574	505.1
3575	100.4
3576	498.8
3577	583.3
3578	117.8
3579	472.3
3580	188
3581	26.4
3582	48.7
3583	209
3584	193.3
3585	89.7
3586	127.5
3587	41.7
3588	32.7
3589	27.4
3590	51.9
3591	24.8
3592	20.3
3593	10.2
3594	16
