"COMID"	"Value"
1	2.4
2	13.4
3	0.1
4	0.1
5	0.5
6	0
7	1.9
8	1.3
9	10.2
10	0
11	0.3
12	7.1
13	0
14	6.6
15	0.7
16	1.7
17	4.5
18	1.9
19	0.2
20	2.1
21	0.8
22	0.2
23	0
24	0.5
25	0.8
26	0.5
27	0.5
28	0.2
29	0.4
30	0
31	6.8
32	0.1
33	0.6
34	8.5
35	0.1
36	1.5
37	8.7
38	0
39	3.1
40	5.6
41	5.5
42	0.6
43	7.9
44	0.1
45	12.7
46	56.1
47	1.1
48	0.9
49	2.1
50	18.6
51	1.1
52	6.3
53	0.8
54	0.6
55	0.8
56	14.1
57	6.9
58	12
59	4.1
60	10.7
61	0.5
62	0.5
63	0.5
64	16.8
65	1.4
66	1.5
67	4.1
68	0.3
69	1
70	0.1
71	2.1
72	1.3
73	0.7
74	0.2
75	0.3
76	0.1
77	0
78	0.1
79	1.9
80	0.1
81	0.1
82	0
83	13.7
84	0
85	0.5
86	0.3
87	0.6
88	2.7
89	0.2
90	0.7
91	1.3
92	2.1
93	1.4
94	2.8
95	1.1
96	2
97	5.2
98	2.1
99	0.1
100	1.9
101	0.3
102	0.4
103	0.8
104	1.8
105	0.6
106	0.5
107	0.2
108	0
109	0.7
110	3
111	0
112	0.4
113	19.1
114	0.5
115	0.6
116	0.3
117	0.1
118	0.6
119	0
120	0.3
121	0.1
122	3.8
123	1.8
124	0.4
125	0.2
126	1.4
127	0.3
128	0.3
129	1
130	0.9
131	3.7
132	0.1
133	0.1
134	4
135	1.1
136	0.4
137	0.4
138	0.5
139	0.2
140	0.5
141	1.1
142	0.2
143	0
144	0.4
145	19.8
146	0.5
147	0.6
148	0.5
149	0.2
150	1.5
151	0
152	1.1
153	0.1
154	2.3
155	0
156	1.6
157	0.9
158	0.8
159	2.3
160	2
161	1.5
162	0.1
163	0.1
164	0.1
165	0
166	0.1
167	0.1
168	0
169	0.1
170	0.6
171	0.7
172	0.2
173	0.1
174	44
175	0.1
176	1.1
177	1.9
178	2.7
179	0.3
180	0.2
181	0
182	6.7
183	0
184	0.2
185	0.3
186	1.6
187	0.2
188	0.1
189	0.1
190	0.3
191	0.2
192	0.3
193	8.9
194	0.8
195	0
196	0.4
197	1.1
198	0.3
199	0.3
200	20.3
201	20.6
202	0.1
203	0.1
204	10.9
205	1.5
206	1.3
207	1.9
208	0.6
209	0.4
210	0.3
211	0.5
212	0.5
213	1.5
214	0.1
215	0.3
216	2.2
217	0.2
218	0.1
219	0.2
220	13
221	0
222	0.1
223	3.7
224	0
225	5.9
226	0.1
227	1.3
228	1.2
229	0.4
230	6.4
231	0.7
232	0.2
233	1.8
234	6.7
235	6.4
236	0.2
237	0.5
238	0.5
239	0.1
240	0.3
241	0
242	1.3
243	0
244	0.4
245	0.6
246	0.4
247	0
248	0
249	1.3
250	0.5
251	0.1
252	1.3
253	0.3
254	0
255	0
256	0
257	0
258	0
259	0
260	0
261	0.2
262	0
263	0
264	0
265	0
266	0.2
267	1
268	1
269	1.8
270	0
271	0.3
272	0
273	0.4
274	6.7
275	0
276	0
277	0.2
278	0
279	6.7
280	0
281	0
282	0.6
283	0.2
284	0.2
285	0
286	0
287	1
288	0.1
289	0.3
290	0.4
291	4.7
292	0.2
293	6.7
294	4.2
295	0.1
296	1.4
297	0.4
298	0
299	0
300	1.8
301	0.2
302	1.7
303	0.5
304	0.1
305	0.8
306	0.3
307	2.5
308	0.1
309	0.4
310	0.5
311	0.4
312	3.4
313	0.6
314	2
315	0.4
316	0.7
317	0
318	0.9
319	0
320	0.5
321	1.2
322	0.3
323	0.5
324	0.1
325	0
326	0.7
327	0.1
328	0.3
329	1.2
330	0
331	2.5
332	0.1
333	2.6
334	0.3
335	0.1
336	0.4
337	0
338	2.7
339	1.8
340	0.1
341	3.2
342	6.7
343	1.8
344	5.4
345	0.3
346	0
347	0.1
348	0.3
349	0.3
350	0.3
351	0.3
352	0.4
353	0.2
354	0.4
355	0
356	0.3
357	0.4
358	0.7
359	0
360	0.2
361	0.7
362	0.2
363	0.2
364	0.4
365	0.3
366	1.2
367	6.7
368	2.1
369	0
370	0.1
371	0.4
372	7.2
373	0.4
374	7.1
375	0.8
376	2.1
377	0.2
378	3.5
379	0
380	0.3
381	0
382	0
383	3.2
384	56.1
385	0
386	7.1
387	10.7
388	5
389	4.6
390	12
391	5.3
392	3.6
393	0
394	1
395	0
396	0
397	7.1
398	24.7
399	0.3
400	23.2
401	0.2
402	0
403	0
404	0
405	6.3
406	0.8
407	0.3
408	0
409	0
410	8.8
411	0.3
412	0
413	0.7
414	0
415	0
416	0.3
417	0
418	0
419	3.7
420	0
421	0.8
422	0
423	1
424	2.5
425	1.4
426	0.8
427	3.1
428	0.6
429	0.2
430	1.5
431	0
432	0.6
433	20.5
434	5.7
435	0.6
436	22.2
437	22.4
438	17.4
439	0
440	0.1
441	5.5
442	14.5
443	0.8
444	0.5
445	13.4
446	7.3
447	3.7
448	2.2
449	1.6
450	0.6
451	0
452	1.9
453	22.5
454	8.3
455	8.4
456	5.7
457	0.6
458	0.7
459	1.1
460	0.4
461	4.3
462	0.9
463	38.4
464	18.8
465	2.4
466	0.7
467	1
468	19.9
469	0.7
470	10.9
471	8.7
472	0.1
473	5.3
474	11.4
475	6.7
476	6.7
477	2
478	2.8
479	8.5
480	0.1
481	0
482	0.7
483	3.3
484	2.3
485	9.2
486	0
487	0.5
488	4.3
489	0
490	4.4
491	1.4
492	1
493	4.4
494	0.6
495	0
496	0
497	0.6
498	1.5
499	0
500	0.3
501	0.4
502	0.9
503	0.9
504	1.2
505	0.8
506	2.2
507	1.3
508	5.1
509	4.6
510	0.6
511	2.4
512	1.2
513	0
514	0.4
515	0
516	1.3
517	2.1
518	0.4
519	0.8
520	0
521	1.5
522	0.8
523	0
524	0.8
525	0.4
526	6.8
527	0.2
528	7.3
529	0.8
530	2.6
531	1.8
532	0.3
533	0.2
534	2
535	7.9
536	0.1
537	0
538	0
539	0.1
540	0.6
541	17.4
542	2.1
543	0.7
544	0.4
545	0.4
546	1.5
547	0.2
548	0
549	0
550	2.8
551	19.9
552	0.6
553	0.7
554	0.4
555	4.3
556	0.5
557	0.5
558	0
559	1.2
560	1.2
561	0.2
562	1.9
563	0
564	22.6
565	0.8
566	1.4
567	1
568	5.1
569	2.1
570	0
571	0.3
572	41
573	3.7
574	0.6
575	1
576	41
577	0
578	0.8
579	1.2
580	34.3
581	63.6
582	3
583	4.7
584	3.5
585	0
586	0.6
587	2.3
588	3.2
589	5.5
590	0
591	0.1
592	0.6
593	33.1
594	0.9
595	3.2
596	0.6
597	63.6
598	6.9
599	1.4
600	0.5
601	1.9
602	0
603	0
604	3.2
605	0
606	0
607	8.8
608	1.1
609	0
610	1.6
611	0.5
612	0
613	0
614	0.2
615	0
616	0
617	38.9
618	39
619	4.4
620	4.4
621	0
622	0.2
623	0.5
624	0.2
625	10.9
626	0.5
627	27.1
628	0.8
629	1
630	2
631	1.5
632	39
633	1.2
634	0
635	1.4
636	0.8
637	2
638	8
639	51
640	0.1
641	16.4
642	0
643	0.6
644	0
645	0
646	0.8
647	13.1
648	0.1
649	0.2
650	0.7
651	1.8
652	0.6
653	0
654	1.4
655	0
656	3
657	0.7
658	0.2
659	0.1
660	0
661	0.4
662	0.9
663	0.3
664	12.4
665	3.9
666	13.9
667	51.2
668	26.8
669	0.8
670	2.4
671	14.3
672	10
673	1
674	0
675	1.4
676	2.2
677	13.7
678	1.1
679	0.8
680	0
681	3.6
682	1.1
683	11.5
684	0.4
685	9.8
686	1.6
687	0
688	0.9
689	17.4
690	0.9
691	54.5
692	5.2
693	1
694	0
695	55.3
696	1.7
697	3.8
698	0.2
699	0.6
700	0.9
701	0.5
702	0.9
703	2.6
704	0.4
705	0.5
706	1.1
707	1.1
708	2.9
709	0.4
710	1.5
711	0
712	0.1
713	0.2
714	1.1
715	3.8
716	0
717	12
718	0.7
719	0.2
720	4.6
721	4.6
722	0.1
723	0.7
724	1.2
725	24.8
726	0
727	0
728	0.2
729	55.8
730	1.4
731	0.5
732	0
733	0.5
734	1.3
735	0.1
736	2.9
737	0.9
738	1.7
739	1.9
740	1.8
741	0.1
742	0.3
743	0.1
744	0
745	0.2
746	0.6
747	1.1
748	0.2
749	0.5
750	1.5
751	9.4
752	0.2
753	2.1
754	2.4
755	0.2
756	1.5
757	2.1
758	0.2
759	1.2
760	2
761	0.7
762	0.2
763	0.2
764	3.5
765	8
766	0
767	0.1
768	0.2
769	1.2
770	0.3
771	0.4
772	0.2
773	2.8
774	4
775	0.3
776	1
777	1.9
778	5.3
779	0
780	0.9
781	6.6
782	57.4
783	12.1
784	21.5
785	36.9
786	73.5
787	25.6
788	24.5
789	26.4
790	59.6
791	25.2
792	16.1
793	239.9
794	13.5
795	36.7
796	7.5
797	18.8
798	8
799	31.2
800	12.5
801	254.9
802	291.4
803	68.5
804	25.9
805	308.2
806	240.3
807	13.4
808	282.5
809	39.9
810	43.8
811	336.1
812	145.7
813	261.5
814	9.7
815	12.3
816	682.3
817	12.5
818	19.3
819	141.5
820	317.9
821	10.3
822	20.8
823	672.9
824	200.8
825	9.1
826	43.7
827	21.1
828	27.6
829	705.9
830	27.5
831	796.9
832	237.6
833	68.6
834	61.8
835	85.3
836	71.6
837	10.2
838	69.3
839	9
840	51.5
841	140.2
842	895.4
843	3.1
844	23.1
845	503.6
846	15.3
847	345.6
848	15.6
849	32
850	123.7
851	28.4
852	35.2
853	7.7
854	25.6
855	32.1
856	21.7
857	19.6
858	18.9
859	526.7
860	21.7
861	79.2
862	2.3
863	689.8
864	13.7
865	110.2
866	947.5
867	23.1
868	42.9
869	792.9
870	3.3
871	542.6
872	18.1
873	0.9
874	755.6
875	33.8
876	13
877	8.7
878	13.3
879	51.5
880	582.6
881	67.1
882	19.2
883	11.9
884	11.4
885	48.9
886	0.8
887	994.3
888	24.5
889	83.9
890	66
891	161.7
892	41.8
893	49.4
894	1
895	93.5
896	33.8
897	11.3
898	839.9
899	22.8
900	77.6
901	663.8
902	17.8
903	23.9
904	36.7
905	16.9
906	43
907	78.7
908	1032.8
909	41.4
910	0
911	10
912	197.3
913	20.1
914	190
915	0
916	1042.8
917	17.5
918	27.8
919	18.6
920	23.3
921	14
922	45.1
923	2.7
924	684
925	8.4
926	33.2
927	9.5
928	0.4
929	1230.8
930	70.1
931	11.4
932	0.4
933	16.7
934	0
935	31.1
936	87.4
937	19.8
938	69.3
939	14.5
940	1338.5
941	35.5
942	119.8
943	0
944	99.6
945	18.2
946	126
947	0
948	1254.5
949	20.7
950	33.9
951	20.3
952	1321.1
953	21.6
954	0.3
955	39.1
956	197.7
957	13.8
958	21
959	1358
960	71.8
961	21.2
962	25.2
963	14.6
964	0
965	64.9
966	207.1
967	0
968	1371.6
969	10.9
970	10.4
971	82
972	30.6
973	16.8
974	1391.6
975	47.6
976	39
977	15.7
978	22.9
979	11.2
980	289.9
981	155.7
982	62
983	82
984	9.3
985	44.4
986	13.8
987	25.3
988	16.2
989	80.3
990	0
991	33.1
992	0
993	51.9
994	16.3
995	51.4
996	257.4
997	23.7
998	25.6
999	40.1
1000	0
1001	0.4
1002	26.8
1003	0
1004	301.6
1005	60.3
1006	16
1007	0
1008	0.2
1009	0
1010	158.5
1011	32.9
1012	15
1013	26.5
1014	13.1
1015	0.2
1016	0
1017	77
1018	26
1019	0.5
1020	46.1
1021	154.4
1022	13.1
1023	53.7
1024	26.4
1025	227.8
1026	40.1
1027	32.7
1028	370.1
1029	27.2
1030	0.1
1031	0
1032	0
1033	0.1
1034	83.1
1035	0
1036	953.5
1037	1452.9
1038	33
1039	280.3
1040	30.2
1041	19.2
1042	0.4
1043	0
1044	247.1
1045	0.6
1046	0.9
1047	71.6
1048	410.3
1049	18.1
1050	0
1051	1031.7
1052	568.7
1053	28.3
1054	2145.3
1055	502.4
1056	80.8
1057	0
1058	1213.6
1059	0.1
1060	36.8
1061	0
1062	30.6
1063	28
1064	0
1065	1700.5
1066	20.7
1067	0.2
1068	0
1069	0
1070	20.4
1071	8.6
1072	0.1
1073	0.1
1074	50.9
1075	0
1076	21.2
1077	0.3
1078	130.1
1079	2353.7
1080	1.7
1081	0.1
1082	49.2
1083	0
1084	45.6
1085	39.4
1086	189.5
1087	0
1088	0
1089	0.2
1090	2324.2
1091	33.3
1092	0
1093	0.6
1094	0.1
1095	0.4
1096	0.2
1097	20.3
1098	0.2
1099	0
1100	0
1101	0.1
1102	1307.2
1103	0
1104	33.7
1105	0.2
1106	0.8
1107	0.3
1108	0.2
1109	2359.4
1110	0
1111	0
1112	271.9
1113	39.3
1114	35.6
1115	0.3
1116	0.3
1117	190.4
1118	0.6
1119	33.7
1120	0.4
1121	0.1
1122	1.2
1123	1.5
1124	14.2
1125	36.1
1126	23.1
1127	35.3
1128	536.4
1129	123.4
1130	0.7
1131	0
1132	127.7
1133	257.2
1134	1981.5
1135	2373.6
1136	0
1137	0.5
1138	1.2
1139	35.2
1140	1515.5
1141	0.2
1142	0
1143	19.3
1144	2
1145	0.4
1146	0.2
1147	2039.3
1148	38.2
1149	2034.9
1150	35.3
1151	2039.6
1152	609.5
1153	632.1
1154	0
1155	0
1156	15.3
1157	35.6
1158	175.7
1159	58.6
1160	0.4
1161	0.1
1162	0.3
1163	1.4
1164	23.4
1165	2409.2
1166	46.1
1167	21.9
1168	149.2
1169	39.2
1170	18.6
1171	1986.1
1172	86.4
1173	1.2
1174	47.2
1175	0.5
1176	18.3
1177	0
1178	0.2
1179	22.5
1180	1.9
1181	1985.6
1182	2041.8
1183	0
1184	3970.6
1185	23.9
1186	646.5
1187	1997.4
1188	2042.4
1189	1986.2
1190	1998.5
1191	23.5
1192	2042.7
1193	15.8
1194	2039
1195	17.6
1196	1997.7
1197	4146.3
1198	0
1199	26.4
1200	5.8
1201	2037.9
1202	2.6
1203	4146.3
1204	1988.5
1205	0.2
1206	0.1
1207	1984.1
1208	0
1209	2037.1
1210	48
1211	53.4
1212	0
1213	27
1214	685.4
1215	1987
1216	12.8
1217	3.3
1218	0.3
1219	0.1
1220	17.1
1221	2042.3
1222	2041.8
1223	0.5
1224	2042.5
1225	22.3
1226	20
1227	8.1
1228	0.2
1229	1986.8
1230	16.4
1231	0
1232	37
1233	0.1
1234	2.9
1235	0.2
1236	0
1237	153.9
1238	16.6
1239	0
1240	2042.9
1241	258.9
1242	65.2
1243	1.4
1244	2043
1245	48.8
1246	17.6
1247	69.5
1248	45.1
1249	84.9
1250	6.1
1251	0.3
1252	4146.3
1253	2053.6
1254	4.8
1255	0
1256	21.3
1257	7.9
1258	0.3
1259	0
1260	9.4
1261	13.5
1262	0.1
1263	1
1264	8.7
1265	16
1266	765.3
1267	4146.3
1268	28.5
1269	4.6
1270	104.9
1271	0.4
1272	2053.7
1273	7.1
1274	24.3
1275	2053.2
1276	21.3
1277	16.9
1278	237.4
1279	3.3
1280	100.9
1281	5.9
1282	0
1283	25.1
1284	37.2
1285	8
1286	27.8
1287	1.6
1288	3.9
1289	106.9
1290	2.9
1291	40.1
1292	1.5
1293	3.1
1294	8.7
1295	11
1296	0.2
1297	16.6
1298	779.6
1299	10.1
1300	6.4
1301	0
1302	3.4
1303	9.7
1304	2.7
1305	40.8
1306	0
1307	327.6
1308	2.4
1309	0
1310	153.4
1311	14.2
1312	15.3
1313	0.7
1314	31.5
1315	100.9
1316	5.7
1317	4.2
1318	0.3
1319	61.1
1320	15.5
1321	0
1322	4146.3
1323	0
1324	0.4
1325	130
1326	0
1327	0
1328	275
1329	10
1330	52.4
1331	13.3
1332	8.4
1333	18.5
1334	103.5
1335	1.4
1336	20.7
1337	0
1338	0
1339	0.6
1340	8.4
1341	22.6
1342	280
1343	0
1344	0
1345	0.4
1346	100.9
1347	269.7
1348	14
1349	0.2
1350	4146.3
1351	9.4
1352	2.8
1353	263.2
1354	0
1355	22
1356	4.5
1357	9
1358	17.6
1359	0.6
1360	0
1361	0.4
1362	10.5
1363	100.9
1364	0.1
1365	68
1366	0
1367	100.9
1368	6.2
1369	0
1370	0.7
1371	0
1372	1.5
1373	154.3
1374	2.2
1375	50.7
1376	2.6
1377	1.7
1378	0.3
1379	0.2
1380	24.9
1381	100.9
1382	21.3
1383	0
1384	1.6
1385	3.5
1386	7.7
1387	0
1388	0
1389	0
1390	9.6
1391	885.5
1392	17.4
1393	0
1394	0
1395	30.2
1396	0
1397	13.5
1398	0
1399	100.9
1400	5.6
1401	0
1402	0
1403	347
1404	1.1
1405	2.4
1406	0
1407	100.9
1408	0
1409	949.3
1410	0
1411	246.3
1412	0.5
1413	52.7
1414	1.4
1415	19.2
1416	134
1417	0
1418	10.5
1419	0
1420	1.6
1421	0
1422	0.1
1423	10.8
1424	132.6
1425	0
1426	220.8
1427	0.1
1428	0
1429	0
1430	12.6
1431	369.9
1432	0
1433	11.4
1434	4247.2
1435	36.9
1436	4146.3
1437	132.6
1438	0
1439	0.1
1440	6.5
1441	8.7
1442	22018.6
1443	27.4
1444	0
1445	0
1446	1428.1
1447	0.5
1448	64.6
1449	100.9
1450	0
1451	22018.6
1452	4247.2
1453	59.8
1454	11.3
1455	0.1
1456	17771.4
1457	434.4
1458	6.3
1459	0.1
1460	0
1461	149.7
1462	22018.7
1463	0
1464	0
1465	0
1466	12.8
1467	0
1468	22018.7
1469	10.7
1470	1379.8
1471	0
1472	22018.6
1473	1002.7
1474	2.7
1475	26.9
1476	22018.7
1477	0
1478	24.4
1479	138.9
1480	0
1481	51.4
1482	6.7
1483	0
1484	17770.9
1485	6.5
1486	0
1487	0
1488	41.8
1489	34.9
1490	0.5
1491	8.4
1492	6.1
1493	1480.5
1494	19.4
1495	151
1496	193.9
1497	178.2
1498	0
1499	23.4
1500	1546.7
1501	10.2
1502	61.7
1503	0.5
1504	185.1
1505	17
1506	20.8
1507	0
1508	0.1
1509	3.7
1510	0.7
1511	17765.9
1512	0
1513	66.2
1514	0
1515	0
1516	0
1517	1556.4
1518	0
1519	10.7
1520	3
1521	0
1522	0
1523	0
1524	185.1
1525	0
1526	0
1527	26.2
1528	0
1529	12.7
1530	48
1531	0.1
1532	1.3
1533	0.1
1534	16.6
1535	2.8
1536	13.4
1537	0
1538	2.9
1539	3.2
1540	0
1541	22018.8
1542	0
1543	25.9
1544	0
1545	0.1
1546	6.8
1547	13.5
1548	22018.8
1549	0
1550	0
1551	195.8
1552	424.6
1553	33.9
1554	23.7
1555	9.5
1556	17.5
1557	0.1
1558	0.1
1559	34.9
1560	1557
1561	0
1562	0.1
1563	3.3
1564	0
1565	91.7
1566	3.3
1567	22018.8
1568	0
1569	10.7
1570	9.9
1571	0
1572	0.1
1573	68.9
1574	0.1
1575	22.2
1576	17765.8
1577	18.2
1578	0
1579	0
1580	531.3
1581	550.7
1582	13
1583	8.9
1584	3
1585	47.1
1586	16.5
1587	0
1588	1597.2
1589	0
1590	0.3
1591	22018.8
1592	1571.8
1593	0
1594	22.1
1595	31.3
1596	1132.2
1597	22018.8
1598	40
1599	1123.1
1600	9.7
1601	18.9
1602	17.8
1603	32.5
1604	5.6
1605	1.5
1606	0
1607	0
1608	15
1609	0
1610	5.7
1611	3.3
1612	37.1
1613	1132.2
1614	71.4
1615	17693.1
1616	22.5
1617	0
1618	25.8
1619	1597.3
1620	17619.3
1621	615.1
1622	8.8
1623	0
1624	25.6
1625	25.8
1626	90.8
1627	0
1628	36.4
1629	22018.8
1630	18.9
1631	7.6
1632	74.9
1633	0
1634	121.6
1635	128.3
1636	1196.8
1637	46.6
1638	12.7
1639	2
1640	0
1641	38.7
1642	37.1
1643	29.6
1644	0.1
1645	18.7
1646	40.4
1647	22018.8
1648	0.9
1649	0.3
1650	0.1
1651	69.7
1652	9.2
1653	0.1
1654	17525.1
1655	41
1656	11.9
1657	38.2
1658	1264.3
1659	66.8
1660	50.2
1661	0.4
1662	0
1663	113.7
1664	0.9
1665	0.2
1666	65.2
1667	22.1
1668	112.5
1669	31
1670	2254.4
1671	12
1672	17513.7
1673	60.9
1674	40.5
1675	246.8
1676	0.7
1677	0.2
1678	13.3
1679	419.6
1680	17.4
1681	448.1
1682	772.9
1683	44.1
1684	36.5
1685	40.6
1686	11.6
1687	419.6
1688	189
1689	1
1690	36
1691	1.2
1692	5460.6
1693	11996.3
1694	45.1
1695	20.4
1696	3300.5
1697	9629.9
1698	772.9
1699	8.6
1700	10.6
1701	5413.4
1702	9602.4
1703	460.4
1704	3300.5
1705	0.2
1706	33.7
1707	773
1708	773
1709	30.3
1710	7.4
1711	9.8
1712	257.2
1713	5400.3
1714	94.4
1715	25.7
1716	50.4
1717	15.1
1718	67.6
1719	27.8
1720	11.9
1721	12050.4
1722	34.2
1723	424.6
1724	50.4
1725	1913.5
1726	10.1
1727	17
1728	270.2
1729	1.4
1730	64.6
1731	8.4
1732	248
1733	66.8
1734	9737.8
1735	10.5
1736	773
1737	11.4
1738	7
1739	1292.7
1740	0
1741	0.8
1742	0.2
1743	170.7
1744	11.3
1745	93.2
1746	3315.3
1747	466.9
1748	32.9
1749	15.6
1750	19
1751	3324.8
1752	3336.9
1753	19.9
1754	191.9
1755	9.7
1756	1721.6
1757	42.1
1758	7.3
1759	210.4
1760	1278.5
1761	48.2
1762	12.9
1763	14.9
1764	12.5
1765	2.5
1766	31
1767	3615.1
1768	0
1769	3884
1770	67.6
1771	11.7
1772	0
1773	11.2
1774	303.1
1775	0
1776	10.4
1777	9039.5
1778	0.3
1779	0.6
1780	0.1
1781	3832.4
1782	214.6
1783	3952.8
1784	491.8
1785	5329.6
1786	8.3
1787	106.2
1788	10
1789	8.2
1790	0.1
1791	9.5
1792	174.6
1793	1262.5
1794	74.8
1795	5291.1
1796	5456.9
1797	31.9
1798	18.5
1799	0
1800	23.7
1801	8.5
1802	9.8
1803	0
1804	513.7
1805	2.2
1806	48.3
1807	54.5
1808	513.7
1809	30.5
1810	32.8
1811	8486.3
1812	0
1813	14.3
1814	35.2
1815	4833.7
1816	10.9
1817	12.2
1818	4828.1
1819	35.5
1820	14.7
1821	13.1
1822	34.1
1823	6.6
1824	0
1825	80.2
1826	107.1
1827	3636.5
1828	8471.6
1829	169.8
1830	0
1831	652.1
1832	0
1833	25.3
1834	0
1835	5257
1836	5235.6
1837	0
1838	0
1839	12.2
1840	85.2
1841	559.4
1842	726.9
1843	58.5
1844	8477.9
1845	23.9
1846	0
1847	639
1848	9
1849	91.5
1850	13.4
1851	32
1852	140.2
1853	18.5
1854	178.5
1855	8.5
1856	283
1857	0
1858	16.8
1859	54.4
1860	1251.9
1861	0
1862	17
1863	5168
1864	8.2
1865	9.6
1866	13.3
1867	5182.5
1868	77.1
1869	22.7
1870	144.2
1871	28
1872	272.9
1873	243.5
1874	69.8
1875	5168
1876	69.7
1877	0
1878	5168
1879	50.4
1880	35.3
1881	22.2
1882	0
1883	12.9
1884	13.2
1885	11.2
1886	17.3
1887	0.2
1888	8.9
1889	0
1890	35.3
1891	152.8
1892	22.9
1893	5.6
1894	6.4
1895	54.4
1896	6.7
1897	29.7
1898	37
1899	251.3
1900	0
1901	14.3
1902	9
1903	10
1904	9.6
1905	3635.1
1906	0
1907	0
1908	1107.1
1909	5.7
1910	155.1
1911	13.9
1912	10.9
1913	0
1914	31.7
1915	0.2
1916	101.4
1917	8.3
1918	12.1
1919	0
1920	5168
1921	10
1922	0.2
1923	0
1924	5168
1925	10.9
1926	59.2
1927	23.2
1928	3511.1
1929	0
1930	0
1931	0
1932	42.3
1933	11.5
1934	23.4
1935	0
1936	8.7
1937	5168
1938	76.5
1939	32
1940	0
1941	207.4
1942	49.5
1943	5168
1944	14.2
1945	0
1946	0
1947	0.2
1948	811.3
1949	11
1950	105.4
1951	0
1952	3.7
1953	89.2
1954	5168
1955	4.6
1956	10.5
1957	27.4
1958	0
1959	8.2
1960	3452.5
1961	38
1962	37
1963	0
1964	0
1965	0
1966	7.3
1967	808.9
1968	11.3
1969	0
1970	146.2
1971	0
1972	0.2
1973	5168
1974	158.7
1975	98.1
1976	1.9
1977	811.3
1978	41
1979	87.9
1980	0
1981	3431.4
1982	18.4
1983	0
1984	0
1985	59.1
1986	10
1987	22.2
1988	53.9
1989	573.4
1990	139
1991	0.1
1992	0
1993	7.2
1994	11.2
1995	3143.1
1996	0
1997	10.5
1998	64.2
1999	0
2000	86.1
2001	39.1
2002	4.5
2003	6.6
2004	5168
2005	0
2006	8.5
2007	0
2008	808.9
2009	0
2010	109.6
2011	414.8
2012	0.2
2013	150.2
2014	215.9
2015	15.6
2016	0.1
2017	0
2018	2.8
2019	5168
2020	0
2021	229.5
2022	208.8
2023	17.5
2024	176.3
2025	32
2026	0
2027	3.1
2028	39.6
2029	174.5
2030	0
2031	11.1
2032	0.9
2033	0
2034	0
2035	33.4
2036	20.9
2037	17.7
2038	183
2039	0
2040	0.1
2041	20.1
2042	3.6
2043	33.9
2044	19.5
2045	0
2046	5168
2047	3.1
2048	0
2049	0
2050	79
2051	2.4
2052	0
2053	19.3
2054	8.9
2055	5.9
2056	145.8
2057	17.7
2058	28.2
2059	0
2060	205.6
2061	0.8
2062	3236.1
2063	0
2064	7
2065	0
2066	0
2067	3
2068	0.1
2069	7.6
2070	8.3
2071	6.4
2072	0
2073	15.6
2074	14.8
2075	0
2076	40.3
2077	0
2078	6.6
2079	0
2080	0
2081	7.6
2082	0
2083	3.1
2084	2876.4
2085	0
2086	8.9
2087	0
2088	38.5
2089	7.6
2090	14.2
2091	7.8
2092	17.6
2093	7.9
2094	0
2095	3.1
2096	0
2097	196.1
2098	19.9
2099	16.7
2100	17.2
2101	0
2102	34.2
2103	5168
2104	5168
2105	0
2106	0
2107	0.1
2108	35.9
2109	0
2110	0
2111	0
2112	114.8
2113	2864
2114	0
2115	18.1
2116	8.9
2117	6.2
2118	210.7
2119	2618.6
2120	15.2
2121	1.3
2122	32.9
2123	0
2124	33.6
2125	5.2
2126	0
2127	178.6
2128	0
2129	5168
2130	0
2131	17.3
2132	8.9
2133	0
2134	0
2135	2617.8
2136	26.6
2137	8.3
2138	6.7
2139	17.9
2140	5168
2141	57.4
2142	29.8
2143	0
2144	0
2145	30.4
2146	1.6
2147	10.9
2148	18
2149	0
2150	55.4
2151	0
2152	20.9
2153	192.9
2154	12.5
2155	0
2156	0
2157	0
2158	2.9
2159	2.2
2160	238.9
2161	0
2162	0
2163	42.4
2164	0
2165	2.3
2166	5168
2167	0
2168	0
2169	35.5
2170	0
2171	0
2172	0
2173	78.7
2174	0
2175	2.7
2176	0
2177	383.1
2178	8.4
2179	0
2180	3.7
2181	94.9
2182	0
2183	0
2184	0
2185	22.9
2186	2.7
2187	1.8
2188	5168
2189	0
2190	168.5
2191	0
2192	0
2193	0
2194	33.5
2195	2.7
2196	0
2197	17.9
2198	5168
2199	383.1
2200	0
2201	5.1
2202	8.4
2203	0
2204	5168
2205	0
2206	297.7
2207	1.9
2208	1.3
2209	0
2210	112
2211	0
2212	6
2213	725
2214	0
2215	5.2
2216	130.3
2217	0
2218	0
2219	50.8
2220	11.9
2221	0
2222	192.6
2223	0
2224	0
2225	280
2226	29.1
2227	130
2228	0
2229	0
2230	7.1
2231	0
2232	2158.5
2233	0
2234	33.6
2235	0
2236	0
2237	0
2238	0
2239	122.7
2240	0
2241	4.7
2242	0
2243	0
2244	0
2245	26.1
2246	0.2
2247	0
2248	48
2249	75.2
2250	5168
2251	1.9
2252	1382.2
2253	0
2254	1.3
2255	0
2256	35.1
2257	10.1
2258	0
2259	1279.7
2260	0
2261	0
2262	0
2263	38.4
2264	86.9
2265	1179.3
2266	0
2267	0
2268	78
2269	120.5
2270	0
2271	19.8
2272	0
2273	9
2274	0
2275	55.1
2276	2.6
2277	0
2278	0.2
2279	5167.8
2280	0
2281	0
2282	1159.9
2283	2.9
2284	0.2
2285	1053.7
2286	67.8
2287	6.5
2288	27.9
2289	0
2290	0
2291	5167.8
2292	1029.7
2293	113.2
2294	113.2
2295	28.2
2296	12.4
2297	55.6
2298	0
2299	1.2
2300	0
2301	0.1
2302	0
2303	0.2
2304	0
2305	5167.8
2306	752.1
2307	106
2308	0
2309	4.9
2310	100.5
2311	0.1
2312	0
2313	1.1
2314	0
2315	0.1
2316	5166.7
2317	30.1
2318	5166.7
2319	1.1
2320	30.4
2321	37.7
2322	0
2323	0
2324	69.4
2325	74.2
2326	3.5
2327	1.1
2328	18.4
2329	1.1
2330	0.1
2331	0
2332	104.2
2333	1.1
2334	20
2335	0.1
2336	12.4
2337	0
2338	5.9
2339	99.1
2340	23.9
2341	7.5
2342	0
2343	2.4
2344	1.1
2345	95.7
2346	23.8
2347	0
2348	1.1
2349	66.2
2350	0
2351	29.2
2352	1.1
2353	9.4
2354	0
2355	12.4
2356	0
2357	1.1
2358	1.9
2359	624.8
2360	5.2
2361	6.3
2362	9.8
2363	37.4
2364	9.8
2365	6.8
2366	0
2367	0.2
2368	8.4
2369	2.8
2370	10.9
2371	0
2372	3.2
2373	18.4
2374	1.3
2375	0
2376	0.2
2377	4.4
2378	8.1
2379	1696.4
2380	8.4
2381	7.1
2382	13.7
2383	0
2384	0.9
2385	2.4
2386	0
2387	0
2388	146.1
2389	28
2390	3.4
2391	156.3
2392	597.1
2393	0.3
2394	484.4
2395	69.6
2396	1691.5
2397	0
2398	0.9
2399	7.5
2400	0
2401	4
2402	58.9
2403	2.2
2404	3.1
2405	22.5
2406	198.1
2407	0.2
2408	11.8
2409	34.7
2410	133.6
2411	122.3
2412	38
2413	0
2414	5.7
2415	79.5
2416	1682.9
2417	201.8
2418	11.3
2419	3171.2
2420	13.7
2421	0.2
2422	21.5
2423	6.5
2424	75
2425	1.6
2426	0.1
2427	0
2428	40.8
2429	0.6
2430	0
2431	6.4
2432	1669
2433	11.3
2434	10.9
2435	0
2436	1669
2437	50.4
2438	46.9
2439	64.1
2440	3
2441	0.3
2442	4.3
2443	6.4
2444	468.5
2445	9.9
2446	3.9
2447	7.7
2448	178.5
2449	0
2450	0.1
2451	3
2452	9.9
2453	415.9
2454	0
2455	1669
2456	37.9
2457	0
2458	3165.8
2459	4.9
2460	12.5
2461	82.9
2462	20
2463	1.6
2464	237.4
2465	0.2
2466	0
2467	390.8
2468	163.8
2469	4.2
2470	51.1
2471	3165.8
2472	4.9
2473	9.4
2474	16.3
2475	3146.1
2476	0.2
2477	16.1
2478	3
2479	0.1
2480	3.4
2481	9.6
2482	34.1
2483	0
2484	1668.8
2485	144.4
2486	9.6
2487	0
2488	3.1
2489	92
2490	29.5
2491	1.4
2492	15.7
2493	0.1
2494	11.1
2495	5
2496	1
2497	361.3
2498	129.7
2499	27.9
2500	1633.5
2501	19.4
2502	11.5
2503	17.3
2504	30.2
2505	1633.5
2506	5.7
2507	0
2508	21.3
2509	0.1
2510	9.8
2511	47.2
2512	1611.8
2513	12.5
2514	105.5
2515	109.8
2516	3103.6
2517	5.7
2518	2.4
2519	6.2
2520	1580
2521	64.9
2522	602.4
2523	1.4
2524	0
2525	4.3
2526	66.2
2527	9
2528	6.8
2529	5.1
2530	390.8
2531	352.3
2532	5.4
2533	35.3
2534	36.5
2535	6.6
2536	14.8
2537	43.3
2538	589.1
2539	677.9
2540	105.1
2541	37.2
2542	1580
2543	11.7
2544	31.5
2545	181.1
2546	76.1
2547	6.2
2548	126.5
2549	2.6
2550	0
2551	18.4
2552	331.4
2553	15.6
2554	526.5
2555	5.4
2556	5.5
2557	13.5
2558	12.6
2559	325
2560	208.7
2561	89.1
2562	19.7
2563	189.6
2564	513
2565	65
2566	1.7
2567	3
2568	550.4
2569	31.8
2570	4.7
2571	1.1
2572	3101.8
2573	0.2
2574	3092.7
2575	29.9
2576	8.3
2577	6.3
2578	6.5
2579	6.6
2580	3064.4
2581	301.1
2582	216.4
2583	16.1
2584	0.1
2585	59.4
2586	20.4
2587	14.5
2588	2.8
2589	37.5
2590	4.5
2591	6
2592	78.7
2593	225.6
2594	16.3
2595	0
2596	124.2
2597	14.2
2598	324.9
2599	3.3
2600	4.5
2601	7.1
2602	70
2603	63.1
2604	20.6
2605	20.9
2606	0.2
2607	50.3
2608	13.5
2609	29.3
2610	0.2
2611	16.8
2612	4.7
2613	7.2
2614	191.8
2615	5.4
2616	34.7
2617	298.8
2618	5.6
2619	3045
2620	39.1
2621	12
2622	9.3
2623	31.8
2624	54.6
2625	221.5
2626	2.4
2627	19.4
2628	7.3
2629	0
2630	7.5
2631	5.2
2632	24.7
2633	21.1
2634	31.8
2635	4.5
2636	37.7
2637	0
2638	13.7
2639	212.8
2640	179.3
2641	6.3
2642	19.1
2643	118.7
2644	14.8
2645	92.3
2646	170.5
2647	2.8
2648	17
2649	0.6
2650	69.4
2651	0
2652	0.7
2653	24.5
2654	29.6
2655	34.8
2656	92.5
2657	3.4
2658	144.7
2659	22.4
2660	137.5
2661	52.8
2662	41
2663	46.1
2664	15.3
2665	47.2
2666	23.2
2667	2.2
2668	10.9
2669	4.9
2670	18.4
2671	32.4
2672	39.5
2673	0.2
2674	6.7
2675	30.8
2676	0.9
2677	51.7
2678	7.7
2679	0.7
2680	5.7
2681	3044.7
2682	1232.1
2683	43.6
2684	5.9
2685	44.2
2686	5.1
2687	14.5
2688	5.8
2689	1779.5
2690	7.2
2691	1254.4
2692	0.3
2693	12.4
2694	7.8
2695	0.3
2696	37.7
2697	0.1
2698	45.4
2699	8.1
2700	15.2
2701	1
2702	7.3
2703	18.9
2704	0.7
2705	15.2
2706	6.2
2707	1.6
2708	371.3
2709	16.6
2710	392.2
2711	9.3
2712	0
2713	6.4
2714	29.4
2715	15.4
2716	9.4
2717	1131.7
2718	16.3
2719	3.2
2720	10
2721	10.3
2722	6.1
2723	37
2724	2.6
2725	428.7
2726	43.8
2727	23.5
2728	27.1
2729	10.5
2730	9.9
2731	0
2732	19.1
2733	6.6
2734	5.6
2735	8.1
2736	3.4
2737	75.3
2738	489
2739	59.2
2740	1117.6
2741	509.6
2742	6.2
2743	15.2
2744	8.7
2745	18.7
2746	3.4
2747	17.9
2748	0
2749	40.3
2750	20.9
2751	14.9
2752	18.8
2753	6.1
2754	36.7
2755	667.8
2756	31.4
2757	58.6
2758	31.5
2759	8
2760	5.4
2761	3.5
2762	64
2763	39.3
2764	4.6
2765	70.6
2766	5.4
2767	1.2
2768	157.2
2769	5.9
2770	71
2771	30.7
2772	1662.5
2773	4.6
2774	48.5
2775	925.5
2776	101.3
2777	8.2
2778	7.8
2779	83.6
2780	2.9
2781	8.7
2782	16.1
2783	5.7
2784	7.2
2785	45.3
2786	9.8
2787	84.1
2788	4.1
2789	26.8
2790	16
2791	13.5
2792	8
2793	54.9
2794	21.5
2795	4.7
2796	987.1
2797	180.9
2798	10.5
2799	7.6
2800	924.1
2801	10.8
2802	57
2803	6.5
2804	9.1
2805	914.1
2806	6.6
2807	26.3
2808	93.2
2809	1688.6
2810	1.3
2811	14
2812	3.6
2813	976.2
2814	13.2
2815	11.3
2816	142.3
2817	116.9
2818	18.8
2819	15.7
2820	9.4
2821	71
2822	6.2
2823	9.5
2824	64.5
2825	134.5
2826	61.8
2827	5.2
2828	8.1
2829	8.9
2830	165.1
2831	7.4
2832	81
2833	154.1
2834	31.9
2835	10.1
2836	30.8
2837	10.7
2838	20.8
2839	12.3
2840	31.6
2841	9.7
2842	34
2843	7.1
2844	5.2
2845	169
2846	72.6
2847	67.6
2848	22.3
2849	6.3
2850	876.2
2851	14.4
2852	11.9
2853	7.5
2854	36
2855	15.3
2856	32.1
2857	10.7
2858	9.2
2859	171.6
2860	6.2
2861	75.1
2862	4.9
2863	3.6
2864	960.9
2865	48.1
2866	4.6
2867	39.3
2868	4.6
2869	11.7
2870	211.8
2871	13
2872	632.3
2873	26.4
2874	78.7
2875	144.2
2876	1
2877	41.9
2878	7.8
2879	3.6
2880	124.4
2881	8.5
2882	20.5
2883	45.3
2884	45.1
2885	3.7
2886	8.1
2887	11.6
2888	87.7
2889	7.3
2890	5.4
2891	65
2892	27
2893	24.7
2894	15.8
2895	109.6
2896	88.7
2897	42.9
2898	265.3
2899	17.9
2900	67.1
2901	100.4
2902	7.9
2903	53.1
2904	93.4
2905	40.7
2906	94.6
2907	20.6
2908	31.4
2909	30.3
2910	70
2911	9.9
2912	32.3
2913	50
2914	45.5
2915	6.6
2916	38.7
2917	8.5
2918	17.5
2919	102.2
2920	2.3
2921	24
2922	57.8
2923	22.5
2924	324.7
2925	25.7
2926	286.9
2927	7.1
2928	55.5
2929	12.5
2930	40.9
2931	271.2
2932	756.9
2933	7.6
2934	17.4
2935	12
2936	124.3
2937	7.5
2938	3.5
2939	52.2
2940	127.1
2941	320.4
2942	7.9
2943	24.2
2944	2.4
2945	10.2
2946	33.6
2947	341.3
2948	33.6
2949	66.5
2950	11
2951	14
2952	15
2953	58.9
2954	11.8
2955	417.8
2956	725.6
2957	332
2958	291.4
2959	271.3
2960	131.3
2961	22.5
2962	14
2963	17.7
2964	27.9
2965	6.6
2966	356
2967	27.6
2968	10.2
2969	7.9
2970	7.2
2971	119.7
2972	22.5
2973	163
2974	6.6
2975	34.5
2976	332.1
2977	4.6
2978	22.9
2979	13.3
2980	21.8
2981	30.6
2982	21.3
2983	8.6
2984	72.8
2985	12
2986	40.3
2987	12
2988	937.8
2989	2.7
2990	21.9
2991	28.3
2992	26.8
2993	89.9
2994	69.4
2995	45.6
2996	388.2
2997	325
2998	6.3
2999	59.4
3000	359
3001	4.5
3002	31.9
3003	102.4
3004	4.6
3005	6.6
3006	9.6
3007	27.6
3008	8.6
3009	213.6
3010	169.1
3011	7.5
3012	13.8
3013	14.8
3014	6.8
3015	3.7
3016	85.9
3017	45.3
3018	462.6
3019	3.6
3020	3051.2
3021	56.8
3022	6.9
3023	3.4
3024	18.6
3025	2562.6
3026	11.5
3027	994.2
3028	2096.2
3029	1583.7
3030	18.9
3031	290.7
3032	41.4
3033	1.9
3034	11.2
3035	2098.3
3036	168.7
3037	6
3038	139.7
3039	17.3
3040	104.8
3041	41.6
3042	86.5
3043	1598.8
3044	11.6
3045	1108.6
3046	120.4
3047	132.7
3048	10.2
3049	3009.1
3050	35.8
3051	9.4
3052	40.5
3053	22.1
3054	2967.9
3055	393.8
3056	1608.4
3057	2.4
3058	1591
3059	4.3
3060	4.4
3061	8
3062	21.1
3063	398.3
3064	145.1
3065	257.4
3066	26.6
3067	199.3
3068	96.7
3069	3.3
3070	2092.1
3071	275.7
3072	10.8
3073	37.6
3074	197.3
3075	6.9
3076	8
3077	387.3
3078	4.1
3079	13.4
3080	2066.4
3081	2.2
3082	6.3
3083	92.6
3084	5
3085	32.8
3086	11.7
3087	94.5
3088	22
3089	47.9
3090	8.7
3091	4.4
3092	21.2
3093	23.5
3094	23.2
3095	1.9
3096	36.7
3097	14.4
3098	47.7
3099	8.2
3100	345.1
3101	37.3
3102	7.8
3103	13.4
3104	14
3105	16.3
3106	31.3
3107	97.8
3108	3.9
3109	5.3
3110	5.4
3111	44.8
3112	4.7
3113	56.6
3114	8.7
3115	10.8
3116	10.3
3117	88.8
3118	29.7
3119	31.3
3120	3.9
3121	37
3122	1.5
3123	7.4
3124	1.5
3125	34.1
3126	7.8
3127	1.8
3128	2.5
3129	4
3130	1.6
3131	16.9
3132	6.6
3133	10.1
3134	32.2
3135	2.7
3136	12.4
3137	1.1
3138	1.2
3139	58.2
3140	7.4
3141	1.6
3142	8.7
3143	35.2
3144	213.3
3145	1.5
3146	1.2
3147	5.1
3148	18.8
3149	89.3
3150	0.9
3151	2.7
3152	222.9
3153	21.4
3154	14.9
3155	80
3156	6
3157	5.7
3158	1
3159	11.1
3160	2.6
3161	1.8
3162	4.9
3163	1.9
3164	1.8
3165	2.1
3166	211.6
3167	15.5
3168	43.3
3169	91.5
3170	14.9
3171	3.6
3172	63.9
3173	66.6
3174	28.3
3175	7.4
3176	1.5
3177	69.2
3178	106.7
3179	0.9
3180	2.5
3181	12.3
3182	18.4
3183	5.4
3184	9.7
3185	2.6
3186	5.8
3187	65
3188	13.7
3189	6.8
3190	1.1
3191	6.1
3192	9.3
3193	0.9
3194	15.7
3195	8.8
3196	46.1
3197	9.5
3198	1.7
3199	12.3
3200	1
3201	34.4
3202	0
3203	11.7
3204	11.2
3205	4.5
3206	1
3207	59.9
3208	33.6
3209	0.5
3210	46
3211	18.6
3212	31.6
3213	83.3
3214	3
3215	1
3216	34
3217	37
3218	38.2
3219	82.6
3220	1.5
3221	34.4
3222	102.6
3223	2.1
3224	30.5
3225	38.4
3226	12.6
3227	33
3228	42.3
3229	0.8
3230	2.5
3231	0.5
3232	1.1
3233	2.3
3234	4.1
3235	155
3236	15.8
3237	2.2
3238	61
3239	1.7
3240	2.1
3241	1.8
3242	7.2
3243	10.1
3244	42.6
3245	73.4
3246	30.7
3247	0.7
3248	1.2
3249	1.8
3250	8
3251	64.9
3252	16.8
3253	41.4
3254	11.7
3255	3.2
3256	0.9
3257	18.1
3258	52.3
3259	11.3
3260	3
3261	0.9
3262	39.3
3263	60.2
3264	43.3
3265	2
3266	6.2
3267	3.8
3268	52.3
3269	36.8
3270	0.6
3271	1.5
3272	25.5
3273	1.1
3274	58.6
3275	0.6
3276	2.1
3277	5.4
3278	7.3
3279	1.4
3280	12.5
3281	27.2
3282	0.9
3283	4.7
3284	0.4
3285	15.4
3286	89.9
3287	9.2
3288	5.7
3289	4.5
3290	3
3291	12.9
3292	5.8
3293	3.6
3294	1.5
3295	1.6
3296	4.4
3297	32.7
3298	3.2
3299	0.6
3300	9.1
3301	0.6
3302	2.6
3303	8.7
3304	1.3
3305	5.5
3306	0.5
3307	7.3
3308	5.7
3309	5.3
3310	3.2
3311	1.8
3312	2.7
3313	4
3314	13
3315	1.1
3316	15.9
3317	1
3318	6.3
3319	2.1
3320	9.3
3321	1.5
3322	1.2
3323	3
3324	3.2
3325	0.6
3326	4
3327	9.1
3328	2.3
3329	3.2
3330	2.5
3331	11
3332	11.7
3333	0.4
3334	3
3335	3.7
3336	0.6
3337	2.8
3338	8.6
3339	5.4
3340	1.2
3341	8.5
3342	0.4
3343	4
3344	1
3345	1.5
3346	5.3
3347	4.4
3348	0.9
3349	0.4
3350	2.2
3351	1.3
3352	5.6
3353	27.1
3354	1.1
3355	2.7
3356	1.1
3357	1.1
3358	1.7
3359	0.9
3360	2.2
3361	1.3
3362	0.5
3363	4
3364	1.1
3365	4.4
3366	23
3367	0.8
3368	3.1
3369	2.4
3370	2
3371	0.8
3372	2.8
3373	0.7
3374	22.3
3375	0.5
3376	2.9
3377	0.5
3378	0.5
3379	2.9
3380	17.7
3381	0.9
3382	0.3
3383	1.9
3384	11.3
3385	5.6
3386	1.2
3387	1.7
3388	0.4
3389	8.8
3390	6.4
3391	2.1
3392	0.8
3393	0.8
3394	2
3395	1.8
3396	5.3
3397	1.4
3398	2.2
3399	1.9
3400	180.8
3401	73.7
3402	170
3403	815.6
3404	728.1
3405	673.7
3406	420.3
3407	1972.9
3408	219.4
3409	2052.3
3410	0
3411	0
3412	88.5
3413	375.5
3414	175
3415	154.6
3416	33.1
3417	114.5
3418	172.4
3419	1561.4
3420	2035.5
3421	4146.3
3422	87
3423	733
3424	38.7
3425	373.8
3426	887.1
3427	5.1
3428	24.6
3429	112.5
3430	12.3
3431	403.6
3432	754.6
3433	104.8
3434	95.8
3435	22018.7
3436	1389.9
3437	167.6
3438	22018.7
3439	22018.8
3440	186.6
3441	1052.5
3442	17770.7
3443	391.1
3444	150.2
3445	22018.8
3446	22018.8
3447	22018.7
3448	4.7
3449	26.2
3450	22018.8
3451	1112.4
3452	227.7
3453	54.6
3454	424.6
3455	66.2
3456	2253.8
3457	367.6
3458	127.6
3459	11.2
3460	405.6
3461	11995.2
3462	553.8
3463	3300.5
3464	759.3
3465	6.1
3466	67.3
3467	19.7
3468	8986.6
3469	46.4
3470	4291.1
3471	151.1
3472	91.6
3473	199.1
3474	1224.1
3475	5168
3476	0
3477	66.9
3478	17.6
3479	5168
3480	3518.5
3481	70.4
3482	916.7
3483	27.5
3484	3433
3485	79.2
3486	0.1
3487	468.8
3488	50.7
3489	3117.8
3490	3050.2
3491	0
3492	48.5
3493	2850.9
3494	124.2
3495	150.4
3496	176.2
3497	2599.6
3498	2239.2
3499	522.9
3500	2147.5
3501	162.7
3502	12.6
3503	5168
3504	5167.8
3505	222.6
3506	869.8
3507	5167.8
3508	1.7
3509	110.1
3510	5166.7
3511	714.4
3512	54.4
3513	86.4
3514	5166.7
3515	525.2
3516	5079.6
3517	31.8
3518	1681.6
3519	64.8
3520	0.2
3521	3168.6
3522	169.3
3523	3140.9
3524	19.3
3525	3135.5
3526	7.5
3527	3101.8
3528	1045.6
3529	60.4
3530	28.9
3531	292.8
3532	7.9
3533	3064.4
3534	3045
3535	141.8
3536	1174.8
3537	16.7
3538	0.2
3539	361.8
3540	295.9
3541	1768.9
3542	1101.4
3543	1746.1
3544	69.2
3545	86.3
3546	31.8
3547	962.9
3548	856.7
3549	95.2
3550	188.1
3551	325
3552	930.1
3553	853
3554	361.1
3555	532.3
3556	531
3557	14.1
3558	341.2
3559	166.2
3560	306
3561	2981.5
3562	128.6
3563	1444.6
3564	202.2
3565	199.5
3566	19.1
3567	1396.1
3568	2061.1
3569	302.1
3570	330.6
3571	218.3
3572	100.1
3573	62.5
3574	247.4
3575	84.5
3576	383.8
3577	434.3
3578	195.1
3579	207.4
3580	96.9
3581	10.1
3582	105.2
3583	65.4
3584	177.2
3585	37
3586	133.8
3587	17.7
3588	7.7
3589	11.8
3590	14.2
3591	18.8
3592	5.7
3593	3
3594	4.7
