"COMID"	"Value"
1	59.8
2	195
3	14
4	4.6
5	24.9
6	0
7	46.4
8	4.3
9	54.8
10	0
11	10.9
12	21.5
13	6.5
14	172.7
15	2.3
16	33.3
17	25
18	48.1
19	11.4
20	153.7
21	11.5
22	25.9
23	0
24	0.5
25	21.8
26	28.5
27	2.6
28	13.1
29	7.3
30	0
31	285.4
32	3.8
33	22.2
34	23
35	3.6
36	1.4
37	229.1
38	0
39	3.1
40	101
41	135.5
42	7.6
43	128.3
44	2.9
45	193.7
46	897.9
47	45.1
48	34.6
49	32.2
50	226.5
51	1.1
52	433.4
53	0.7
54	24.1
55	20.9
56	290.2
57	118.2
58	56.6
59	33.6
60	25.1
61	0.5
62	0.5
63	16.7
64	349.7
65	1.3
66	45.7
67	93.9
68	16.9
69	34.8
70	0.1
71	40.6
72	23.2
73	0.7
74	11.5
75	0.3
76	0.1
77	0.1
78	0.7
79	56.1
80	0.1
81	2.2
82	0
83	311.2
84	0
85	8.7
86	12.5
87	0.6
88	2.6
89	3
90	7.8
91	2
92	37
93	24.4
94	2.8
95	30.9
96	2.7
97	149.1
98	40.6
99	0.2
100	55.6
101	4.9
102	7.2
103	0.8
104	50.6
105	0.6
106	12.1
107	1
108	0
109	0.7
110	3.7
111	0
112	6.8
113	395.8
114	9.1
115	12
116	23.4
117	9.7
118	19.2
119	0
120	2.8
121	4.9
122	66.7
123	50.7
124	15.8
125	20
126	31
127	1.1
128	26.9
129	1
130	14.9
131	301.9
132	0.1
133	7.5
134	68.4
135	39.6
136	33.5
137	48.4
138	0.5
139	0.2
140	5
141	13.4
142	0.2
143	0
144	2.2
145	397.3
146	14.5
147	15.7
148	55.8
149	7.3
150	154.3
151	0
152	36.3
153	0.1
154	79.8
155	0
156	15.9
157	96.1
158	0.8
159	173.6
160	32.2
161	15.7
162	0.1
163	6.1
164	0.1
165	0
166	0.1
167	16.6
168	0
169	6.1
170	8.1
171	35.4
172	0.2
173	0.1
174	463.2
175	6.4
176	21.6
177	124.7
178	92.7
179	12
180	0.2
181	0
182	105.3
183	0
184	0.2
185	0.3
186	17.9
187	2.8
188	0.1
189	0.1
190	4.2
191	0.2
192	9.1
193	124.2
194	11.5
195	0
196	0.4
197	80.8
198	0.3
199	8.3
200	397.8
201	398.1
202	0.1
203	0.1
204	140.5
205	16.3
206	32.8
207	18.6
208	7.6
209	10.2
210	20.8
211	16.5
212	50.5
213	33.6
214	0.1
215	35.8
216	50.6
217	23.7
218	1.4
219	3.1
220	157.4
221	0
222	10.5
223	33.8
224	0
225	161.2
226	26.7
227	32.8
228	26
229	0.4
230	170.5
231	48
232	3
233	13.9
234	439.8
235	170.5
236	5.7
237	52
238	9.3
239	4.1
240	19.5
241	4
242	32.9
243	0
244	3
245	14.5
246	3.5
247	0
248	0
249	32.9
250	4.3
251	21.4
252	12.7
253	5.6
254	0
255	0
256	0
257	0
258	0.1
259	0
260	0
261	4.2
262	14.5
263	0
264	0
265	0
266	4.2
267	7.1
268	8.7
269	13.9
270	0
271	16.6
272	2.4
273	3.3
274	439.9
275	11.6
276	0.1
277	0.2
278	7.6
279	175
280	1.3
281	4.1
282	3.8
283	0.2
284	0.3
285	0
286	1.8
287	13.5
288	0.2
289	0.5
290	0.4
291	50.8
292	0.3
293	439.9
294	47.3
295	0.1
296	10.6
297	3.6
298	0
299	3.9
300	19.5
301	0.2
302	18.6
303	4
304	0.1
305	6.3
306	0.6
307	26.8
308	3.9
309	0.7
310	3.9
311	4.2
312	34.2
313	5
314	14.8
315	0.4
316	1
317	0.1
318	7.4
319	0
320	4.7
321	1.5
322	2.2
323	4.2
324	0.1
325	0.1
326	9.6
327	0.1
328	0.3
329	1.5
330	0
331	15.6
332	0.1
333	15.7
334	0.3
335	7.9
336	0.4
337	0.1
338	15.8
339	11.7
340	0.1
341	16.3
342	440
343	11.7
344	60.4
345	0.3
346	0.2
347	0.1
348	0.5
349	0.5
350	0.3
351	0.3
352	0.4
353	6.3
354	0.4
355	0.1
356	0.5
357	19.8
358	0.9
359	0.1
360	0.2
361	0.9
362	0.2
363	0.2
364	20.1
365	11.9
366	1.6
367	440
368	16.9
369	0
370	5
371	20
372	62.6
373	0.7
374	460.1
375	9.5
376	70.5
377	9.6
378	27.2
379	0
380	17.1
381	0
382	0
383	164.3
384	904.5
385	0
386	460.1
387	36
388	378.9
389	355.3
390	39.2
391	29.3
392	295.6
393	0
394	1
395	0
396	0
397	460.1
398	77.2
399	20
400	75.7
401	11.2
402	0
403	0.1
404	0
405	149.8
406	22.3
407	20
408	0
409	0
410	55.5
411	22.2
412	0.3
413	18.3
414	0
415	0
416	20
417	0
418	0
419	10.5
420	0
421	53.7
422	0
423	29
424	65.2
425	7.5
426	53.7
427	53.2
428	15.2
429	8.1
430	19.9
431	0
432	0.6
433	89.6
434	95.4
435	0.6
436	97.6
437	105.7
438	76.4
439	0
440	2.3
441	97.3
442	212.1
443	12.9
444	0.5
445	57.6
446	89.4
447	17.1
448	9.8
449	1.6
450	1.7
451	0
452	31.3
453	108.7
454	121.5
455	52.7
456	6.8
457	22.1
458	68.2
459	24.1
460	0.4
461	96.2
462	5.8
463	456.9
464	392.7
465	49.1
466	24.8
467	33.1
468	397.4
469	2.8
470	140.5
471	124
472	2.7
473	153.2
474	141
475	175
476	175
477	14.5
478	12.7
479	149.7
480	5.5
481	0
482	24.8
483	33.1
484	3.4
485	151.2
486	0.1
487	8.3
488	60.5
489	0.1
490	66.2
491	35.8
492	27
493	66.3
494	20.6
495	0.1
496	0
497	20.4
498	14.9
499	0
500	18.7
501	18.7
502	30.3
503	0.9
504	1.2
505	12.3
506	51.2
507	19.5
508	133.8
509	111.5
510	20.7
511	59.1
512	25.8
513	0
514	3.7
515	0
516	1.3
517	46.5
518	0.5
519	1
520	0.4
521	80.8
522	0.8
523	0
524	41.2
525	32.2
526	88.9
527	18
528	89.4
529	41.6
530	22.2
531	5.7
532	22.1
533	19.3
534	114.6
535	95.2
536	7.9
537	0
538	0
539	0.1
540	0.6
541	155.6
542	7.9
543	48.6
544	30.2
545	30.2
546	10.4
547	15.3
548	0
549	0.3
550	163.3
551	170.2
552	14.2
553	85.3
554	30.2
555	164.8
556	13.3
557	0.7
558	0.3
559	15.4
560	5.4
561	28.9
562	9.5
563	0.3
564	177.9
565	13.4
566	6.2
567	1
568	25.8
569	29.3
570	0
571	39
572	226.1
573	45.2
574	16.4
575	1
576	226.1
577	0
578	14.6
579	34.8
580	196.1
581	404
582	175.3
583	4.7
584	3.5
585	0
586	29.5
587	6
588	480.7
589	16.3
590	0
591	24
592	25.8
593	192.9
594	4.3
595	254.9
596	0.6
597	404
598	48.6
599	3.6
600	1.6
601	6.5
602	0
603	6.4
604	313.2
605	0
606	32.3
607	55.1
608	1.7
609	0
610	1.6
611	43.6
612	0
613	0
614	2.4
615	3.3
616	0
617	176.1
618	190.5
619	88.1
620	88.1
621	102.7
622	7.3
623	15.8
624	5.9
625	57.8
626	0.5
627	179.3
628	0.9
629	6.8
630	12.2
631	1.5
632	183.1
633	6.4
634	0
635	20.8
636	4.7
637	12.1
638	121.2
639	338.8
640	7.5
641	146.1
642	0
643	21.6
644	0
645	2.7
646	6.9
647	60
648	4.7
649	4.5
650	0.7
651	17.6
652	0.6
653	0
654	5.1
655	0
656	12.8
657	34.8
658	72.8
659	9
660	0
661	98.7
662	3.7
663	20.6
664	135.4
665	13.7
666	140.6
667	376.1
668	93.5
669	172.3
670	2.5
671	61.2
672	12.7
673	6.3
674	4.8
675	30.3
676	41.8
677	130.7
678	2.2
679	0.8
680	0
681	28.1
682	16.6
683	94.8
684	26.3
685	12.5
686	14.3
687	0
688	19.9
689	64.4
690	10.6
691	563.4
692	61.1
693	1.5
694	1.3
695	741.4
696	39.2
697	5.4
698	13.3
699	2.8
700	17.4
701	119.3
702	28.1
703	52.7
704	1.3
705	6.8
706	1.5
707	12.2
708	70
709	11.5
710	69.5
711	6.3
712	0.7
713	3.9
714	1.5
715	112.8
716	0
717	138.5
718	12.9
719	3.5
720	88.6
721	5.3
722	4.1
723	11.5
724	6.1
725	154.2
726	0
727	3.8
728	8.2
729	874.6
730	114.6
731	0.8
732	1.5
733	8.3
734	15.3
735	1.8
736	3.6
737	4.4
738	26
739	13.4
740	12.5
741	3.5
742	4.2
743	6.2
744	0.1
745	2.5
746	6.4
747	18.7
748	2.5
749	53.2
750	1.5
751	168.2
752	2
753	32.7
754	45.8
755	14.9
756	4.1
757	59.6
758	11.1
759	1.2
760	20.7
761	0.7
762	8.4
763	2.6
764	41.7
765	155.3
766	0
767	6.5
768	6
769	38.6
770	8.9
771	23.3
772	11.8
773	28.9
774	26.8
775	20.3
776	1.1
777	53.8
778	17.1
779	0
780	31.6
781	280
782	222.9
783	46.5
784	73.7
785	138.4
786	282.9
787	94.8
788	84.3
789	90.4
790	237.8
791	76.1
792	90.6
793	1001.1
794	52.4
795	140.6
796	22.7
797	68.8
798	30.1
799	154.4
800	51.1
801	1039.9
802	1145.6
803	247.8
804	83.8
805	1200
806	858.3
807	37.4
808	980.3
809	126.5
810	136.3
811	1305
812	521.9
813	915.8
814	29.8
815	35.2
816	2502.3
817	48.6
818	69.6
819	436.6
820	1088.3
821	21.9
822	47.8
823	2455
824	610.2
825	32.5
826	143.8
827	39.9
828	67.3
829	2607.5
830	83.1
831	2848.2
832	684.4
833	184
834	157.4
835	195.9
836	162.5
837	32.2
838	181.6
839	27.7
840	105.5
841	306.9
842	3111.7
843	5.7
844	61.7
845	1256.2
846	62.6
847	918.6
848	47.4
849	120.8
850	332.4
851	69.3
852	68.9
853	16.5
854	66.2
855	71.3
856	49
857	37
858	46.3
859	1300
860	55.4
861	192.8
862	2.7
863	1599.7
864	27.9
865	267
866	3283
867	43.9
868	107.8
869	1853.5
870	4.6
871	1331.8
872	35.2
873	1.1
874	1772
875	68.1
876	25
877	25.9
878	33.9
879	128.7
880	1404.1
881	169.4
882	44.6
883	23.1
884	34.5
885	139.5
886	0.8
887	3381.1
888	37.5
889	240.7
890	232.4
891	408.9
892	82.2
893	103.3
894	1.1
895	220
896	72.8
897	30.1
898	1948.3
899	36.7
900	152.1
901	1592
902	29.2
903	63.6
904	111.3
905	25
906	71
907	164.9
908	3442.4
909	76.5
910	0
911	22.1
912	488.4
913	37.6
914	463
915	0
916	2448.6
917	56.7
918	46.2
919	28.8
920	56.7
921	25.6
922	56.5
923	5.1
924	1620.4
925	28.7
926	51
927	18.4
928	3.1
929	3918.6
930	99.6
931	17.8
932	8.8
933	20.8
934	0
935	75.1
936	145.4
937	39
938	118.8
939	42
940	4092
941	65.1
942	235.5
943	0
944	182
945	24.2
946	234.8
947	0
948	2895.1
949	20.3
950	37.8
951	38.7
952	4070.1
953	56.6
954	4.1
955	54.8
956	422.4
957	20.5
958	46.2
959	4123
960	119.7
961	37.4
962	36.9
963	21.4
964	0
965	66.3
966	371.1
967	0
968	4150.5
969	21.9
970	18.6
971	133.3
972	42.1
973	26.2
974	4191.1
975	91.3
976	82.9
977	37.4
978	66.9
979	27.8
980	586.7
981	207.2
982	95.8
983	122.4
984	19.8
985	99.2
986	29.5
987	87.6
988	37.4
989	157
990	0
991	54.5
992	0
993	123.4
994	20.9
995	93.2
996	594.8
997	56.4
998	92.3
999	45
1000	0
1001	5.8
1002	56.9
1003	0
1004	691.7
1005	92.2
1006	34.9
1007	0
1008	3
1009	0
1010	275.2
1011	98.6
1012	36.9
1013	103.6
1014	29.3
1015	2.5
1016	0
1017	182.9
1018	97.1
1019	5.8
1020	97.9
1021	308.3
1022	33.5
1023	122
1024	57
1025	439.8
1026	117
1027	82.8
1028	842
1029	110.5
1030	0.1
1031	0
1032	0
1033	0.2
1034	104.5
1035	0.1
1036	1882.8
1037	4348.8
1038	87.6
1039	507.7
1040	138.6
1041	69.2
1042	3.4
1043	0
1044	509.9
1045	3.5
1046	9.1
1047	143.8
1048	937.2
1049	41.6
1050	0
1051	2054.8
1052	1280.5
1053	121.9
1054	4922.1
1055	1126.2
1056	225.7
1057	0.1
1058	2396.5
1059	0.5
1060	58.3
1061	0
1062	96.6
1063	64.1
1064	0.1
1065	4865.4
1066	40.9
1067	0.8
1068	0.2
1069	0.1
1070	34
1071	21.5
1072	0.4
1073	0.3
1074	73.8
1075	0
1076	52.5
1077	0.9
1078	390.2
1079	5351.8
1080	15.2
1081	0.1
1082	89.1
1083	0.2
1084	113
1085	76.8
1086	352.7
1087	0
1088	0.1
1089	2.9
1090	5247.4
1091	76.9
1092	0.1
1093	4.4
1094	0.6
1095	9.1
1096	5
1097	50.3
1098	3.9
1099	0
1100	0
1101	0.5
1102	2537.8
1103	0.3
1104	157.8
1105	3
1106	10.4
1107	1.3
1108	3
1109	5371.8
1110	0.1
1111	0.3
1112	507.1
1113	95.5
1114	88.7
1115	4
1116	2.8
1117	358.1
1118	7.7
1119	157.8
1120	4.8
1121	1.9
1122	21.3
1123	26.3
1124	48.3
1125	177.5
1126	53.5
1127	172.1
1128	981.7
1129	248.4
1130	5.4
1131	0.1
1132	259
1133	460
1134	5377.3
1135	5420.1
1136	0.1
1137	2.2
1138	14.8
1139	169.4
1140	3021.9
1141	3.8
1142	0.1
1143	52.3
1144	35.1
1145	1.8
1146	2.1
1147	5767.3
1148	48.6
1149	5714.6
1150	171.7
1151	5771.9
1152	1134.2
1153	1200.8
1154	0
1155	0.1
1156	41.7
1157	174.9
1158	503.4
1159	72.4
1160	4.8
1161	0.7
1162	1.8
1163	10.2
1164	72.2
1165	5508.8
1166	134.1
1167	20.2
1168	322.1
1169	58.2
1170	51.9
1171	5417.2
1172	102.3
1173	9
1174	78.2
1175	5.2
1176	20
1177	0
1178	3
1179	62.1
1180	22.4
1181	5411.9
1182	5811.9
1183	0.2
1184	8665.1
1185	90.9
1186	1265.5
1187	5526.4
1188	5826
1189	5418.7
1190	5532.9
1191	108.6
1192	5830.8
1193	43
1194	5763.9
1195	53
1196	5527.9
1197	9168.6
1198	0.3
1199	60.4
1200	6.2
1201	5746.4
1202	30
1203	9168.6
1204	5441.6
1205	3.1
1206	0.2
1207	5400.8
1208	0.3
1209	5736.4
1210	85.4
1211	55.3
1212	0
1213	25.6
1214	1446.7
1215	5426.7
1216	29.7
1217	6.7
1218	1.8
1219	0.5
1220	28.1
1221	5823.8
1222	5811.9
1223	8.3
1224	5828.1
1225	47.7
1226	61.3
1227	13.9
1228	2.6
1229	5424.4
1230	41
1231	0.1
1232	79.4
1233	3.3
1234	33.6
1235	2.8
1236	0.1
1237	213.5
1238	18
1239	0.3
1240	5837.7
1241	662.3
1242	122
1243	8.7
1244	5842.4
1245	132
1246	36.5
1247	88.8
1248	57.5
1249	201.1
1250	15.8
1251	2.3
1252	9168.6
1253	6009.9
1254	43.8
1255	0
1256	53.9
1257	88.2
1258	4.5
1259	0.1
1260	21.1
1261	33
1262	0.2
1263	10
1264	107
1265	32.4
1266	1646.5
1267	9168.6
1268	38.4
1269	6.1
1270	132.9
1271	4.5
1272	6012
1273	76.8
1274	54.1
1275	5996.3
1276	53.9
1277	25.9
1278	319.1
1279	3.9
1280	233.7
1281	60.7
1282	0.5
1283	38.8
1284	47.3
1285	90.4
1286	52.9
1287	8.2
1288	34.5
1289	187.8
1290	22.6
1291	100.5
1292	14.4
1293	3.5
1294	82.4
1295	28.1
1296	0.6
1297	20.1
1298	1675.2
1299	151.4
1300	66.8
1301	0
1302	27.9
1303	139.5
1304	3.9
1305	55.4
1306	0
1307	847.2
1308	20.2
1309	0.2
1310	230.1
1311	30.5
1312	24.5
1313	12.9
1314	73
1315	233.9
1316	18.8
1317	13.7
1318	8.9
1319	88.1
1320	25.6
1321	1
1322	9169.2
1323	0.1
1324	15.8
1325	236.1
1326	0.2
1327	1
1328	431
1329	12.8
1330	138.4
1331	35.9
1332	10
1333	31.2
1334	162.5
1335	4.8
1336	47.3
1337	0.2
1338	0.3
1339	4.3
1340	100
1341	54.3
1342	441.8
1343	0.2
1344	0.1
1345	1.9
1346	234.5
1347	518.3
1348	27.4
1349	2
1350	9169.2
1351	16.1
1352	3.8
1353	407.5
1354	1
1355	41.5
1356	5.7
1357	14
1358	25
1359	8.7
1360	0.4
1361	5.4
1362	39.6
1363	234.8
1364	0.1
1365	193.3
1366	0.9
1367	234.4
1368	14.5
1369	2.5
1370	6.2
1371	1.5
1372	56.9
1373	298.2
1374	11.1
1375	139
1376	3.3
1377	77
1378	6.6
1379	4.9
1380	76.6
1381	234.4
1382	44.4
1383	0.4
1384	70.4
1385	4.3
1386	23.2
1387	1.5
1388	5.8
1389	3.3
1390	20.4
1391	1443.3
1392	39.8
1393	0
1394	0.2
1395	81
1396	0.1
1397	34.1
1398	0.1
1399	234.9
1400	8.9
1401	1
1402	0.9
1403	620.8
1404	28.1
1405	11.3
1406	0.4
1407	234.9
1408	4.5
1409	2031.7
1410	12
1411	482.4
1412	0.8
1413	96
1414	46.2
1415	19.3
1416	209.9
1417	7.4
1418	28.4
1419	0.6
1420	70.4
1421	0.4
1422	0.1
1423	15.7
1424	379.1
1425	2
1426	441.3
1427	6.9
1428	2.4
1429	1.8
1430	25
1431	681.7
1432	1
1433	21.6
1434	9405.8
1435	68.9
1436	9169.5
1437	379.1
1438	3.4
1439	8.8
1440	17
1441	19
1442	59305.7
1443	42.2
1444	2.4
1445	0.4
1446	3138.8
1447	2
1448	92.1
1449	235
1450	0.9
1451	59306.5
1452	9404.6
1453	118.3
1454	18
1455	0.2
1456	49899.8
1457	804.3
1458	16.8
1459	11
1460	4
1461	240.9
1462	59334.5
1463	1.5
1464	1
1465	2
1466	44.3
1467	0.6
1468	59320.2
1469	23.1
1470	3078.9
1471	2.4
1472	59308.8
1473	1760.8
1474	11.8
1475	56.2
1476	59319.8
1477	0.4
1478	34.9
1479	396
1480	0.6
1481	171.2
1482	13.5
1483	0.6
1484	49894.9
1485	11.8
1486	6.4
1487	2.7
1488	106.9
1489	117.4
1490	3
1491	14.8
1492	17.2
1493	3226
1494	41.1
1495	430
1496	386.1
1497	303.5
1498	0.4
1499	43
1500	3338.2
1501	28.6
1502	132.9
1503	4.7
1504	496.2
1505	40.4
1506	37.4
1507	0.6
1508	2
1509	8.3
1510	2
1511	49868.8
1512	1.5
1513	111.8
1514	0.7
1515	1.4
1516	1.6
1517	3363.8
1518	2.1
1519	29.2
1520	13
1521	3.9
1522	0.3
1523	1.4
1524	496.2
1525	0.1
1526	1.1
1527	75
1528	0.3
1529	40.5
1530	86
1531	1.1
1532	5.6
1533	0.3
1534	40.1
1535	4.4
1536	28
1537	8
1538	5.8
1539	14.1
1540	0.1
1541	59357.9
1542	0.2
1543	79.8
1544	1.1
1545	1.8
1546	11.9
1547	29.1
1548	59342.1
1549	0.4
1550	1.6
1551	525.9
1552	826.1
1553	68.5
1554	51
1555	23.1
1556	63.1
1557	0.5
1558	1.4
1559	101.1
1560	3372.3
1561	0.4
1562	0.5
1563	15.2
1564	1.3
1565	199.8
1566	14.7
1567	59348.3
1568	0.9
1569	28.8
1570	24.6
1571	1.8
1572	0.8
1573	195.5
1574	0.3
1575	51.3
1576	49868.2
1577	40.8
1578	0.8
1579	0.5
1580	1024.5
1581	1073.8
1582	44.7
1583	27.5
1584	5.7
1585	100.7
1586	45.1
1587	0.2
1588	3503.1
1589	0.7
1590	3
1591	59346.1
1592	3421.7
1593	0.3
1594	73.9
1595	81.4
1596	2053.2
1597	59345.4
1598	112.6
1599	2032.3
1600	33.2
1601	40.3
1602	30.9
1603	103.5
1604	13.6
1605	9.3
1606	0.4
1607	0.3
1608	60.7
1609	0.3
1610	19.3
1611	15.6
1612	103.9
1613	2053.2
1614	173.1
1615	49569
1616	46
1617	0.3
1618	70.3
1619	3504.7
1620	49158.9
1621	1246.6
1622	24.5
1623	0.3
1624	45.5
1625	70.3
1626	312.5
1627	0.1
1628	78.6
1629	59364.6
1630	75.9
1631	17.2
1632	147.3
1633	0.4
1634	324.7
1635	306.8
1636	2176.3
1637	78.9
1638	29.3
1639	21.7
1640	0.8
1641	106.7
1642	86.7
1643	71.5
1644	1.3
1645	71.7
1646	77.9
1647	59364.9
1648	9
1649	2.8
1650	1.7
1651	390.4
1652	27.7
1653	2
1654	48828.3
1655	125.3
1656	51.7
1657	118.5
1658	2280.7
1659	186.7
1660	140.9
1661	7.1
1662	0.1
1663	237.8
1664	8.1
1665	4
1666	228.3
1667	61.5
1668	301.9
1669	101.4
1670	4894.7
1671	34.1
1672	48781.5
1673	251.5
1674	50.4
1675	652.1
1676	4.1
1677	3.9
1678	88
1679	990
1680	76.5
1681	874.4
1682	2777.8
1683	143.9
1684	109.1
1685	124.3
1686	19.8
1687	990
1688	495.6
1689	4.8
1690	186.3
1691	15.6
1692	22004
1693	26635.8
1694	144.8
1695	116.8
1696	7012.6
1697	21407.9
1698	2777.8
1699	40
1700	21.5
1701	21836.4
1702	21268.8
1703	912.8
1704	7012.6
1705	2.1
1706	47.6
1707	2782
1708	2788.2
1709	77.6
1710	29.2
1711	49.3
1712	734.1
1713	21779.2
1714	203.3
1715	125.3
1716	167.2
1717	24.1
1718	197.4
1719	51.9
1720	47.8
1721	26768.6
1722	100
1723	826.1
1724	167.2
1725	4564.6
1726	41.8
1727	68.5
1728	785.7
1729	2.1
1730	201.9
1731	37.3
1732	701
1733	170.3
1734	21714.7
1735	48.2
1736	2782
1737	32.7
1738	28.8
1739	3194.6
1740	0.2
1741	2.8
1742	2.7
1743	551.1
1744	38.4
1745	210.6
1746	7051.3
1747	934.4
1748	113.5
1749	28.1
1750	40.6
1751	7070.8
1752	7099
1753	44.3
1754	376.3
1755	21.6
1756	4188.3
1757	100.3
1758	13.7
1759	666.7
1760	3168
1761	168.7
1762	28.4
1763	48.1
1764	28.2
1765	10.3
1766	64.5
1767	7905
1768	0.2
1769	8623.1
1770	197.4
1771	31.2
1772	0.1
1773	22.5
1774	842.9
1775	0.1
1776	32.3
1777	19931.6
1778	1.3
1779	4.7
1780	5.7
1781	8442.1
1782	529.1
1783	8819.1
1784	1029.1
1785	21559.6
1786	17.8
1787	298.5
1788	49.1
1789	26.7
1790	1.9
1791	20.6
1792	615.2
1793	3132.6
1794	144.3
1795	21457.6
1796	21990.1
1797	63.6
1798	62.5
1799	0.1
1800	56.2
1801	18
1802	20
1803	0.4
1804	1108.2
1805	4.9
1806	193.6
1807	153.6
1808	1108.2
1809	103.8
1810	119.7
1811	18237.7
1812	0
1813	47.2
1814	100.5
1815	10981
1816	27.8
1817	22.7
1818	10956.1
1819	131.3
1820	39.6
1821	22.5
1822	98.1
1823	35.6
1824	0.1
1825	216.4
1826	214.8
1827	7181
1828	18168.8
1829	595.1
1830	0.2
1831	2368.9
1832	0.1
1833	46.2
1834	0
1835	21365.9
1836	21284.3
1837	0.1
1838	0.2
1839	20.4
1840	172.2
1841	2144.8
1842	2571.2
1843	163.4
1844	18198.6
1845	69.9
1846	0
1847	2339.9
1848	23.7
1849	225.3
1850	33.5
1851	99.3
1852	508.4
1853	54.1
1854	512.3
1855	21.1
1856	816.2
1857	1
1858	58.1
1859	171.3
1860	3103.6
1861	0.1
1862	37.1
1863	21015.3
1864	28
1865	23.3
1866	38.2
1867	21068.7
1868	189
1869	51.4
1870	294.3
1871	69.5
1872	1320.9
1873	664.6
1874	171.1
1875	21016.1
1876	136.6
1877	0.1
1878	21015.3
1879	115.6
1880	102.9
1881	82.8
1882	0.1
1883	38.6
1884	29.3
1885	32.5
1886	35.4
1887	5.3
1888	31
1889	0.2
1890	102.9
1891	308.5
1892	67.5
1893	24.2
1894	22.3
1895	171.3
1896	21.4
1897	94.9
1898	106.9
1899	1220.9
1900	0.1
1901	37.3
1902	32.4
1903	30.1
1904	52.3
1905	7174.2
1906	0.1
1907	0.1
1908	2810.2
1909	9.3
1910	311.7
1911	46.7
1912	30.6
1913	0.1
1914	102.6
1915	5.1
1916	323.3
1917	17.4
1918	26.7
1919	0.1
1920	21015
1921	30.1
1922	5
1923	0
1924	21015.1
1925	33.6
1926	182.3
1927	49.8
1928	6695.6
1929	0
1930	0.9
1931	0
1932	73
1933	29.2
1934	37.7
1935	0
1936	27.5
1937	21015
1938	149.7
1939	66.5
1940	0.1
1941	1021.5
1942	119.1
1943	21015
1944	47
1945	0
1946	0.5
1947	4.5
1948	2157
1949	41
1950	159.2
1951	0.8
1952	6.8
1953	245.6
1954	21015
1955	12.8
1956	38.8
1957	48.7
1958	0.5
1959	17.6
1960	6553.3
1961	77.2
1962	145.4
1963	0.1
1964	0.1
1965	0.1
1966	38.3
1967	2153.6
1968	20.1
1969	0.3
1970	286.6
1971	0.1
1972	4.1
1973	21014.5
1974	318.3
1975	265.9
1976	9.9
1977	2157
1978	91.4
1979	127.7
1980	0.2
1981	6481.2
1982	20
1983	0.1
1984	0.4
1985	145.9
1986	18.7
1987	34.4
1988	132.7
1989	1002.7
1990	242.1
1991	3
1992	0.8
1993	24.5
1994	26.3
1995	5895.9
1996	0.1
1997	38.8
1998	106.2
1999	0.7
2000	238.1
2001	130.3
2002	10.8
2003	16.2
2004	21014.3
2005	0.5
2006	34.4
2007	0.4
2008	2153.6
2009	0.5
2010	289.8
2011	712.6
2012	4.4
2013	400.9
2014	352.1
2015	46.8
2016	1
2017	0.1
2018	16.4
2019	21013.9
2020	0.1
2021	1109.7
2022	1027.9
2023	25.4
2024	298.5
2025	72.1
2026	0
2027	5.1
2028	58.8
2029	837.4
2030	0.1
2031	27
2032	2.3
2033	0.1
2034	0.1
2035	88.4
2036	35.8
2037	105.8
2038	314.7
2039	0.4
2040	0.8
2041	47.5
2042	9.1
2043	164.3
2044	29.8
2045	0.1
2046	21013.3
2047	5.9
2048	0.6
2049	0.1
2050	121.1
2051	15.7
2052	0
2053	70.5
2054	25
2055	20.2
2056	650.7
2057	53.1
2058	59.4
2059	0
2060	1008.7
2061	2.5
2062	6074
2063	0.1
2064	24.2
2065	0.2
2066	0
2067	11
2068	2.6
2069	45.9
2070	29.9
2071	18.9
2072	0.1
2073	46.8
2074	21.2
2075	0.4
2076	103.1
2077	0.3
2078	10.9
2079	0
2080	0.1
2081	10.3
2082	0
2083	12.7
2084	5468.1
2085	0.2
2086	21.4
2087	0.4
2088	65
2089	13.2
2090	21.2
2091	14.3
2092	36.8
2093	14.7
2094	0.2
2095	8.8
2096	0
2097	972.9
2098	42.3
2099	38.6
2100	83.4
2101	0.2
2102	65.4
2103	21013
2104	21012.9
2105	0
2106	1.8
2107	2.5
2108	52.5
2109	0.1
2110	0
2111	0
2112	159.2
2113	5444
2114	0.1
2115	35.3
2116	15.6
2117	10.1
2118	522.9
2119	4854.6
2120	25.8
2121	4.3
2122	136.3
2123	1.9
2124	67.8
2125	6.5
2126	0
2127	902.4
2128	1.7
2129	21012.8
2130	0.1
2131	29.5
2132	17.6
2133	0.1
2134	0
2135	4852.5
2136	48.4
2137	32.8
2138	12.8
2139	37.3
2140	21012.8
2141	111
2142	81.7
2143	0.2
2144	0.1
2145	62.1
2146	6.2
2147	37.9
2148	76.2
2149	1.5
2150	94.7
2151	0.1
2152	60.9
2153	376.4
2154	49.9
2155	0
2156	0
2157	0.2
2158	9.4
2159	6.8
2160	460.2
2161	0
2162	0.1
2163	75.4
2164	0
2165	9.6
2166	21012.7
2167	0
2168	1.3
2169	155.4
2170	0
2171	1
2172	0
2173	121.8
2174	0
2175	4.5
2176	0.1
2177	733.4
2178	35.5
2179	0
2180	6.2
2181	176.3
2182	0.4
2183	0
2184	0
2185	43.9
2186	6.4
2187	5.5
2188	21012.7
2189	0.1
2190	867.7
2191	0.1
2192	0.4
2193	0.1
2194	56.3
2195	10.3
2196	0
2197	36.4
2198	21012.3
2199	733.4
2200	0.1
2201	13.7
2202	26.3
2203	0.1
2204	21012.3
2205	0.9
2206	438.9
2207	7.8
2208	3.9
2209	0.3
2210	212
2211	0.1
2212	12.7
2213	1324.4
2214	0.4
2215	9.1
2216	699.7
2217	0
2218	0
2219	108.1
2220	40.3
2221	0.2
2222	339.5
2223	0.2
2224	0.1
2225	407.3
2226	135.9
2227	245.1
2228	0.1
2229	0.1
2230	14.6
2231	0.2
2232	4126.1
2233	0
2234	67.1
2235	0.1
2236	0.1
2237	0.1
2238	0.1
2239	670.7
2240	0
2241	9.5
2242	0.2
2243	0.2
2244	0.1
2245	44.2
2246	4.4
2247	0.1
2248	55.4
2249	147
2250	21011.9
2251	8.8
2252	2725.1
2253	0.3
2254	4.3
2255	0
2256	65.9
2257	64.5
2258	0
2259	2610
2260	0.1
2261	0
2262	0
2263	55
2264	176.3
2265	2477.1
2266	0.1
2267	0.1
2268	152.9
2269	663.4
2270	0.1
2271	47.5
2272	0.2
2273	57.2
2274	0.1
2275	57.1
2276	20
2277	0.1
2278	4
2279	21007.3
2280	0.2
2281	0.1
2282	2450.3
2283	16.8
2284	3.9
2285	2286.2
2286	124.2
2287	25.7
2288	70.6
2289	0.3
2290	0
2291	21007.5
2292	2247.1
2293	629.1
2294	629.1
2295	27.1
2296	22.4
2297	89.7
2298	0.2
2299	4.7
2300	0
2301	3.4
2302	0.1
2303	4.3
2304	0.1
2305	21007.3
2306	1744.2
2307	186.5
2308	0.5
2309	21.8
2310	198.2
2311	0.5
2312	0
2313	10.5
2314	0.4
2315	3.4
2316	20996.1
2317	51.6
2318	20996.8
2319	10.5
2320	50.4
2321	90.2
2322	0.2
2323	0.6
2324	122.4
2325	112.9
2326	12
2327	10.4
2328	31.3
2329	10.3
2330	0.9
2331	0.4
2332	563.4
2333	10.1
2334	42.4
2335	2.6
2336	52.6
2337	0.2
2338	37
2339	518.8
2340	53.6
2341	28.3
2342	1.2
2343	11.7
2344	8.3
2345	488.3
2346	112.4
2347	0.1
2348	9.9
2349	294.2
2350	0.2
2351	55
2352	10.3
2353	50.2
2354	1.6
2355	33.7
2356	0.3
2357	8
2358	11.8
2359	1481
2360	30.7
2361	41.3
2362	58.6
2363	78.2
2364	23.5
2365	20.6
2366	0.4
2367	2.4
2368	33.2
2369	8.4
2370	36.7
2371	0.1
2372	15.2
2373	61.4
2374	7.6
2375	1.2
2376	1.8
2377	17.2
2378	34.8
2379	3657.1
2380	33.2
2381	27.9
2382	26.8
2383	0.4
2384	5.5
2385	7.3
2386	0.1
2387	0.1
2388	603.2
2389	73.7
2390	8.7
2391	660.9
2392	1414.8
2393	1.6
2394	1169.6
2395	341
2396	3635.3
2397	0.1
2398	2.9
2399	29.6
2400	0.3
2401	12.4
2402	98.3
2403	8.4
2404	16
2405	89.2
2406	814.2
2407	0.7
2408	48.4
2409	144.4
2410	544
2411	494.4
2412	136.1
2413	1
2414	23.7
2415	336.6
2416	3602.2
2417	825.6
2418	28.3
2419	16115.5
2420	23.3
2421	0.8
2422	49.6
2423	22.4
2424	318.9
2425	6.1
2426	0.5
2427	0.1
2428	65
2429	3.7
2430	0.2
2431	18.8
2432	3564.5
2433	17.8
2434	49.6
2435	0.1
2436	3564
2437	260.2
2438	195.7
2439	114.7
2440	10.6
2441	1.4
2442	14.6
2443	20
2444	1140.7
2445	48.4
2446	16.4
2447	36.3
2448	376.2
2449	0.6
2450	0.3
2451	13.4
2452	45
2453	1004.7
2454	0.5
2455	3563.6
2456	103.4
2457	0.4
2458	16092.1
2459	34.8
2460	49
2461	206.9
2462	51.6
2463	5.6
2464	501.3
2465	1.4
2466	0.6
2467	1337.5
2468	619.5
2469	24.2
2470	106
2471	16092.1
2472	34.8
2473	41.6
2474	48.3
2475	15995.9
2476	2.3
2477	70.4
2478	12.9
2479	1.3
2480	16
2481	32.7
2482	201.1
2483	0.2
2484	3560.7
2485	545.1
2486	42.9
2487	0.7
2488	12.4
2489	251
2490	91.4
2491	3.9
2492	45.2
2493	0.7
2494	54
2495	23.9
2496	3
2497	1248.4
2498	488.8
2499	188
2500	3457
2501	74.4
2502	39.7
2503	112.2
2504	102.1
2505	3457
2506	33.2
2507	1.7
2508	51.8
2509	1.2
2510	22
2511	66
2512	3394.7
2513	81.6
2514	390.8
2515	405.4
2516	15751.5
2517	29.5
2518	6.1
2519	42.3
2520	3310.1
2521	227.8
2522	708.4
2523	7.4
2524	0.7
2525	14.6
2526	232.3
2527	30.1
2528	30.5
2529	23.9
2530	1337.5
2531	1213.7
2532	20.2
2533	113.9
2534	116.8
2535	22.4
2536	41.1
2537	132.6
2538	681.4
2539	876
2540	280
2541	114
2542	3310.1
2543	49.6
2544	100.3
2545	506.6
2546	215
2547	42.3
2548	339.5
2549	15.4
2550	1.1
2551	128.9
2552	709.4
2553	54
2554	1593.9
2555	19.9
2556	21.4
2557	58.7
2558	74.9
2559	1129.2
2560	235.9
2561	314.6
2562	56.7
2563	543
2564	1551.1
2565	159.3
2566	12.1
2567	22.2
2568	636.4
2569	132.3
2570	10.7
2571	10.4
2572	15739.6
2573	6.3
2574	15679.4
2575	88.3
2576	43.7
2577	21.6
2578	28.3
2579	23
2580	15507.8
2581	936.3
2582	428.1
2583	41.4
2584	1.1
2585	66
2586	64
2587	60.6
2588	16
2589	147.2
2590	24
2591	26.1
2592	278.7
2593	781.7
2594	31.6
2595	0.4
2596	147
2597	55.2
2598	689.4
2599	15.8
2600	17.4
2601	25.5
2602	206
2603	231.1
2604	52
2605	121.5
2606	10.2
2607	58.7
2608	32.6
2609	82.7
2610	2.7
2611	34.2
2612	12.6
2613	28.3
2614	594.6
2615	49.6
2616	95.7
2617	348.7
2618	35.5
2619	15403.5
2620	74.8
2621	23.2
2622	39
2623	42.2
2624	201.8
2625	688.1
2626	3.9
2627	102.8
2628	48.7
2629	0.6
2630	25.8
2631	14.5
2632	28.2
2633	81.5
2634	130.5
2635	15.2
2636	111.7
2637	0.6
2638	119.3
2639	751
2640	658.4
2641	76.9
2642	21.9
2643	259
2644	161.9
2645	154.9
2646	634.2
2647	7.8
2648	50.9
2649	9.4
2650	93.5
2651	0.3
2652	16.6
2653	87.8
2654	232.4
2655	116.2
2656	268.2
2657	7.5
2658	543.5
2659	90.9
2660	149.8
2661	508.2
2662	81.4
2663	437.1
2664	42.5
2665	462.8
2666	151.2
2667	6.4
2668	58
2669	21.1
2670	44.2
2671	136.3
2672	105.7
2673	4.2
2674	11.8
2675	264.8
2676	1.8
2677	166.3
2678	34.3
2679	16.4
2680	30.2
2681	15397.4
2682	5831.3
2683	115.4
2684	12.5
2685	182.8
2686	23.8
2687	35.1
2688	37.2
2689	9378.4
2690	27.9
2691	5950.6
2692	0.5
2693	35.9
2694	37.4
2695	4.4
2696	90.2
2697	1
2698	153.5
2699	33.9
2700	38.8
2701	3.6
2702	27.1
2703	37
2704	3.2
2705	37
2706	39.8
2707	3.5
2708	1032.7
2709	114.9
2710	1100.3
2711	48.4
2712	0.7
2713	26.3
2714	168.5
2715	32.8
2716	36.9
2717	4949.4
2718	34.4
2719	18.5
2720	58.5
2721	26
2722	31.3
2723	165.4
2724	12.2
2725	1206.8
2726	108.7
2727	73.1
2728	57.2
2729	32.4
2730	66.4
2731	0
2732	106.8
2733	38.5
2734	60.5
2735	19
2736	7.6
2737	205.1
2738	1377.7
2739	162.1
2740	4861.8
2741	1468.1
2742	49.5
2743	40.6
2744	19.2
2745	58.7
2746	7.6
2747	38.6
2748	0.5
2749	141.3
2750	108.8
2751	42.1
2752	75.3
2753	12
2754	192.8
2755	2073.4
2756	75.9
2757	194.8
2758	83.7
2759	20.8
2760	14.6
2761	10
2762	142.5
2763	135.7
2764	47.3
2765	371.7
2766	21.5
2767	3.3
2768	598
2769	17.3
2770	230.8
2771	82.1
2772	8520.7
2773	7.6
2774	106.5
2775	3938.5
2776	329.6
2777	42.7
2778	36.8
2779	269.8
2780	3.4
2781	24.8
2782	27.6
2783	22.5
2784	33.4
2785	146.8
2786	39.1
2787	269.2
2788	12
2789	207.7
2790	48.6
2791	55.7
2792	35.9
2793	149
2794	56.1
2795	11.8
2796	6373.6
2797	412.2
2798	40.9
2799	22.4
2800	3933.1
2801	107.1
2802	153.9
2803	18.8
2804	10.8
2805	3886.7
2806	21
2807	58.7
2808	414.8
2809	8749.4
2810	2.7
2811	65
2812	22
2813	6296
2814	47.5
2815	42
2816	387.1
2817	310.6
2818	46.9
2819	58.1
2820	62.1
2821	308.8
2822	18.6
2823	67.8
2824	212.6
2825	366.9
2826	206.7
2827	6.1
2828	47.5
2829	39.6
2830	523.9
2831	36
2832	334.4
2833	429.5
2834	103.2
2835	45.2
2836	102
2837	39.2
2838	78.7
2839	49.5
2840	176.2
2841	37.3
2842	103.1
2843	26.7
2844	10.7
2845	486.4
2846	250.8
2847	223.1
2848	158.7
2849	24.3
2850	3653.3
2851	41.4
2852	37.1
2853	24.2
2854	118.7
2855	74.6
2856	166.6
2857	35
2858	51.3
2859	551.7
2860	27
2861	307.4
2862	28.8
2863	8.3
2864	6179.4
2865	194.1
2866	32.3
2867	136.3
2868	16.7
2869	68.4
2870	692.2
2871	94.1
2872	2535.8
2873	85.3
2874	279.5
2875	576.3
2876	3.7
2877	136.1
2878	39.4
2879	8.8
2880	513.9
2881	29.1
2882	57.6
2883	221.9
2884	195
2885	13.2
2886	49
2887	33.2
2888	314.7
2889	36.1
2890	25.9
2891	260.3
2892	120.2
2893	107.6
2894	89.8
2895	595.1
2896	318.4
2897	187.2
2898	875.5
2899	73.1
2900	300.2
2901	352.2
2902	20.3
2903	323.7
2904	332.3
2905	222.1
2906	359.6
2907	82.8
2908	93
2909	92.7
2910	348.5
2911	48.4
2912	97.6
2913	196.2
2914	185.6
2915	18.1
2916	195.3
2917	33.1
2918	82.6
2919	357
2920	7.2
2921	113.8
2922	294.6
2923	91.1
2924	1212.3
2925	117.7
2926	1057.5
2927	15.6
2928	273.6
2929	35.1
2930	263.6
2931	1023.5
2932	5162.5
2933	23.8
2934	47.5
2935	25.7
2936	417.6
2937	31
2938	7.5
2939	151.9
2940	423.4
2941	1035
2942	27.4
2943	47.2
2944	4.9
2945	23.6
2946	100.7
2947	1307.5
2948	114.1
2949	182.7
2950	48.5
2951	105.3
2952	40.7
2953	158.1
2954	33.4
2955	1713.6
2956	4959.9
2957	1249.5
2958	1099.1
2959	1009
2960	236.1
2961	50.1
2962	31.9
2963	77.7
2964	71.7
2965	26.4
2966	1428.9
2967	147
2968	19.1
2969	27.4
2970	11.6
2971	214.6
2972	112.3
2973	600.6
2974	14.8
2975	79.9
2976	3207.3
2977	39.8
2978	134.6
2979	29.6
2980	61
2981	93.7
2982	68.9
2983	17.5
2984	150.3
2985	34.3
2986	90.5
2987	38.2
2988	2663.6
2989	4
2990	76.6
2991	55.4
2992	186.6
2993	234.8
2994	169.7
2995	93.1
2996	1710.4
2997	3167
2998	22.6
2999	242.4
3000	1183.8
3001	28.5
3002	86.1
3003	281.6
3004	24.4
3005	44.3
3006	29.3
3007	71.1
3008	31.2
3009	918.8
3010	610.7
3011	14.3
3012	142.1
3013	22.4
3014	22.2
3015	12.3
3016	229.5
3017	61.5
3018	1468.8
3019	12.1
3020	9753.5
3021	259.5
3022	37.7
3023	19.1
3024	57.7
3025	7828.8
3026	22.9
3027	2785.6
3028	6348.5
3029	4319.9
3030	101.5
3031	2913.3
3032	245
3033	9.1
3034	99.2
3035	6354.8
3036	610.1
3037	42.3
3038	561.5
3039	70.2
3040	170.4
3041	75.2
3042	275.2
3043	4404.5
3044	35
3045	2982.6
3046	479.1
3047	525.2
3048	47.7
3049	9574.9
3050	71.7
3051	32.3
3052	172.7
3053	63.7
3054	9419.5
3055	1552
3056	4465.7
3057	10.8
3058	4363.7
3059	14.6
3060	30.5
3061	51.8
3062	108.8
3063	998.1
3064	261.6
3065	980.9
3066	125.2
3067	738.5
3068	303.3
3069	18.3
3070	6336.2
3071	2835.8
3072	41.3
3073	152.6
3074	457.3
3075	31.9
3076	43.5
3077	1529.3
3078	14.1
3079	40.9
3080	6234.9
3081	7.6
3082	39.5
3083	135.3
3084	17.2
3085	144.1
3086	72.7
3087	177.2
3088	94
3089	64.8
3090	33.4
3091	26.4
3092	95.2
3093	105.1
3094	103.6
3095	10.4
3096	153.5
3097	68.7
3098	74.8
3099	27.2
3100	1354.8
3101	151.6
3102	36.2
3103	58.4
3104	76.6
3105	75.3
3106	167
3107	598
3108	21.9
3109	23.2
3110	20
3111	170.3
3112	14
3113	222.9
3114	42.1
3115	55.4
3116	53.9
3117	340.2
3118	137
3119	78.3
3120	7.4
3121	56.1
3122	5.6
3123	35.6
3124	3.2
3125	158.7
3126	30.2
3127	3
3128	15.1
3129	28.4
3130	8.8
3131	57.9
3132	27.5
3133	61
3134	195.5
3135	9.6
3136	118.4
3137	3.2
3138	11.5
3139	164.7
3140	32.7
3141	4.7
3142	33.4
3143	63.6
3144	2597.6
3145	4.4
3146	6.1
3147	21
3148	66.7
3149	860.6
3150	2.6
3151	45.2
3152	879.4
3153	114.6
3154	62.7
3155	271.7
3156	19.4
3157	25.3
3158	3
3159	56.7
3160	8
3161	30.5
3162	46.2
3163	15.3
3164	7.3
3165	6.3
3166	795.8
3167	54.1
3168	104.1
3169	879.3
3170	80.2
3171	40.8
3172	154.2
3173	1015
3174	49
3175	32.7
3176	10.9
3177	1032.9
3178	1598
3179	9
3180	11
3181	44.3
3182	73.6
3183	29
3184	86
3185	30.5
3186	20.5
3187	102.6
3188	21.2
3189	17.8
3190	15.7
3191	62.3
3192	18.7
3193	11
3194	69.5
3195	64.5
3196	200.9
3197	35.3
3198	4.5
3199	50
3200	8
3201	396.9
3202	0
3203	66.2
3204	40.9
3205	14.3
3206	10.2
3207	949.4
3208	386
3209	1.2
3210	168.7
3211	50.7
3212	167
3213	836.6
3214	24.4
3215	3.8
3216	513.3
3217	560.3
3218	34.3
3219	182.9
3220	5.1
3221	396.9
3222	248.8
3223	24.2
3224	201.4
3225	438.7
3226	95.9
3227	502
3228	574.1
3229	3.2
3230	8.1
3231	9.2
3232	15.9
3233	26
3234	39.1
3235	389.6
3236	15.3
3237	18
3238	131.5
3239	4.5
3240	7.9
3241	17.2
3242	160.9
3243	11.9
3244	578.7
3245	742.9
3246	469.8
3247	1.8
3248	13.6
3249	26.7
3250	30.2
3251	328.2
3252	25.2
3253	567.3
3254	10.4
3255	27.8
3256	19.6
3257	14.3
3258	779.9
3259	56.4
3260	52.7
3261	3.5
3262	99.4
3263	594.7
3264	479.7
3265	26.8
3266	141.1
3267	33.8
3268	111.1
3269	109.6
3270	10.3
3271	10.4
3272	76.3
3273	8.6
3274	141.4
3275	11.6
3276	19.2
3277	124.2
3278	33.6
3279	13.6
3280	139.2
3281	401.6
3282	5.3
3283	6.7
3284	8.9
3285	100.2
3286	199.2
3287	110.1
3288	21.7
3289	100.6
3290	65.6
3291	28.5
3292	99.2
3293	15
3294	6.2
3295	23.2
3296	23.9
3297	423.8
3298	18.9
3299	6.2
3300	32.9
3301	8.8
3302	46.5
3303	14.8
3304	4.9
3305	24.8
3306	16
3307	84.6
3308	13.7
3309	110.8
3310	30.3
3311	22.8
3312	9.6
3313	39.5
3314	82.2
3315	23.7
3316	52.8
3317	9.2
3318	24.9
3319	8.4
3320	101.6
3321	37.1
3322	5.4
3323	8.2
3324	73
3325	6.7
3326	79.6
3327	60.7
3328	26
3329	37.5
3330	6.9
3331	139.7
3332	171.2
3333	4.7
3334	16.8
3335	13.7
3336	16.7
3337	8.6
3338	141.5
3339	47.9
3340	10.5
3341	28.1
3342	10.7
3343	48
3344	12.3
3345	4.2
3346	51.5
3347	82.3
3348	3.1
3349	7.1
3350	8.1
3351	11.7
3352	23.6
3353	368.8
3354	26.5
3355	32
3356	17.2
3357	19.9
3358	14.7
3359	9.5
3360	12.9
3361	16.1
3362	8.4
3363	16.3
3364	3.4
3365	64.5
3366	329.4
3367	11.4
3368	29.3
3369	27.1
3370	6.3
3371	10.9
3372	33.4
3373	8.3
3374	321.4
3375	8.7
3376	39.2
3377	8.4
3378	7.9
3379	55.3
3380	261.5
3381	10.9
3382	5.4
3383	27.7
3384	168.2
3385	82.1
3386	13.4
3387	29.9
3388	6
3389	118.9
3390	83
3391	32
3392	12.3
3393	15.4
3394	43
3395	25.9
3396	66.8
3397	27.5
3398	25.6
3399	21.4
3400	705.1
3401	277.9
3402	606.1
3403	2895
3404	1696.4
3405	1558
3406	914.5
3407	4569.6
3408	410.4
3409	4724.1
3410	0
3411	0
3412	206.7
3413	578.3
3414	400.6
3415	255.4
3416	153.4
3417	252.8
3418	375.4
3419	3156.3
3420	5725.3
3421	9168.6
3422	267.7
3423	1571.4
3424	96.3
3425	508.8
3426	1909.7
3427	47
3428	30.9
3429	191.7
3430	14.6
3431	1003.5
3432	1198.8
3433	164.7
3434	279.5
3435	59334.3
3436	3093
3437	282.3
3438	59318.8
3439	59338.9
3440	388.4
3441	1874
3442	49894
3443	734.5
3444	324.3
3445	59340.6
3446	59364.3
3447	59313
3448	22.4
3449	75
3450	59357.3
3451	2003.5
3452	633.9
3453	121.4
3454	826.1
3455	190.2
3456	4883
3457	864
3458	351.3
3459	63.1
3460	960.6
3461	26628.8
3462	1304.3
3463	7012.6
3464	2679.3
3465	22.9
3466	129.8
3467	70.6
3468	19805.4
3469	106.2
3470	9762.5
3471	297.6
3472	176.8
3473	496.9
3474	3046.6
3475	21015.3
3476	1.2
3477	269
3478	58.1
3479	21015.1
3480	6723.3
3481	142.3
3482	2435.5
3483	57.3
3484	6486.9
3485	218
3486	2.9
3487	834.6
3488	127.5
3489	5853.5
3490	5753.5
3491	0.2
3492	101.2
3493	5426.7
3494	537.3
3495	298
3496	894.5
3497	4796.8
3498	4251.2
3499	975.6
3500	4113.7
3501	845.8
3502	76.8
3503	21012.3
3504	21007.3
3505	347.5
3506	1951.7
3507	21007.3
3508	3.5
3509	611.2
3510	20995.5
3511	1671.2
3512	248.6
3513	426.6
3514	20995.4
3515	1285.2
3516	20630.2
3517	119.2
3518	3596.8
3519	273.7
3520	2.5
3521	16105.8
3522	475.2
3523	15971.6
3524	119.9
3525	15946.3
3526	54.1
3527	15738.7
3528	1686.8
3529	213.7
3530	109.6
3531	607.2
3532	30.2
3533	15507.7
3534	15402.8
3535	537
3536	5296.2
3537	61.7
3538	3.4
3539	998.3
3540	725.6
3541	9332.1
3542	4776.5
3543	9144.9
3544	311.7
3545	214.6
3546	126.1
3547	6193.9
3548	3562.2
3549	384.8
3550	758.8
3551	1213.2
3552	5997.8
3553	5603.1
3554	1322
3555	2144.9
3556	1639.5
3557	71
3558	1487.4
3559	604.8
3560	3014.2
3561	9469.8
3562	507
3563	3930.3
3564	870.4
3565	859.7
3566	66
3567	3762.2
3568	6209.4
3569	836.9
3570	1297.3
3571	633.4
3572	409
3573	413
3574	2723.6
3575	313.7
3576	1425.7
3577	1651.9
3578	509.9
3579	2564.9
3580	928.3
3581	111.7
3582	267
3583	1010.4
3584	567
3585	426.1
3586	290.3
3587	217
3588	164.9
3589	135.6
3590	140.6
3591	60.3
3592	59.7
3593	53
3594	71.2
