"COMID"	"Value"
1	85.2
2	21.9
3	132.6
4	149.5
5	31.6
6	6.5
7	122.7
8	32.8
9	0.6
10	1.8
11	183.9
12	0.3
13	2.1
14	120.7
15	31.4
16	5.3
17	76.4
18	84.9
19	158.4
20	98.2
21	60.1
22	138.7
23	0.2
24	0.2
25	85.9
26	65
27	56.3
28	34.7
29	5.1
30	27.7
31	89.3
32	28.6
33	135.6
34	0.1
35	80.8
36	0.8
37	91.8
38	1.8
39	0.1
40	3.4
41	110.3
42	34.7
43	2.3
44	31
45	19.2
46	3
47	22.4
48	128.9
49	59.6
50	32.7
51	0.1
52	7.8
53	1.2
54	130.6
55	120.3
56	86.5
57	2.9
58	0.1
59	26.1
60	0
61	0.3
62	0.7
63	135.8
64	31.8
65	0.1
66	51.5
67	96
68	24.1
69	13.7
70	9.6
71	6
72	67
73	0
74	100
75	11.9
76	7
77	47.5
78	8.3
79	105.2
80	3.5
81	32
82	21.9
83	52.6
84	1.1
85	57.6
86	28.5
87	0.1
88	0.1
89	3.2
90	34.4
91	35.2
92	102.9
93	69
94	0.8
95	111.5
96	2.1
97	97.5
98	0.4
99	11.7
100	105.9
101	92.8
102	43.8
103	0.1
104	30.7
105	5
106	94.9
107	6.5
108	1
109	1.6
110	0.8
111	4.5
112	83.2
113	1.1
114	79.9
115	29.5
116	33.2
117	43.1
118	51.5
119	0.6
120	13.9
121	6.4
122	52.4
123	5.7
124	45.8
125	66.4
126	101.4
127	49.8
128	44.6
129	0.1
130	15.6
131	8.3
132	1.9
133	44.3
134	38.4
135	46.1
136	65.2
137	46.1
138	0.9
139	0.5
140	37.2
141	24.5
142	4.2
143	0.8
144	15.6
145	0.6
146	40.4
147	119.1
148	47
149	48.6
150	45.1
151	34.7
152	39.8
153	0.5
154	34.2
155	5.3
156	15.1
157	50.8
158	1.8
159	20
160	74.9
161	13.1
162	0.8
163	7.3
164	6.7
165	0.6
166	0.6
167	42.1
168	1.2
169	44.2
170	46
171	31.2
172	4.5
173	17.9
174	0.6
175	8.2
176	97.6
177	18.5
178	20.8
179	33.3
180	0.5
181	2
182	18.2
183	8.4
184	0.6
185	1.6
186	19.3
187	16.6
188	0.5
189	0.6
190	26.2
191	0.6
192	24.8
193	5.5
194	90.7
195	15.1
196	0.5
197	17.6
198	0.7
199	28.8
200	0.6
201	0.7
202	3
203	0.7
204	0.6
205	2.8
206	35
207	21.2
208	85.4
209	28.9
210	31.4
211	115.8
212	48.5
213	23.9
214	0.9
215	40.3
216	12.7
217	12.1
218	2.4
219	3.6
220	0.6
221	1.2
222	42.2
223	71.1
224	1.4
225	4.8
226	31.6
227	6
228	28.6
229	0.3
230	25.1
231	19.1
232	8.8
233	56.3
234	2.3
235	9.1
236	19.4
237	11.6
238	2.5
239	33.3
240	43.6
241	30.5
242	0.8
243	0.9
244	53.4
245	32.8
246	63
247	6.3
248	3.7
249	0.7
250	56.7
251	29.5
252	49.6
253	10.5
254	1.2
255	0.4
256	32
257	0.7
258	30.6
259	6.5
260	2.4
261	31.2
262	28.7
263	12.1
264	0.3
265	0.3
266	22.8
267	52.9
268	34.5
269	55.6
270	0.2
271	28.9
272	26.3
273	53.7
274	0.6
275	25.2
276	1.3
277	0.3
278	25.1
279	0.4
280	21.3
281	23
282	45.6
283	0.4
284	26.2
285	1.2
286	20.2
287	55.3
288	11.1
289	0.9
290	0.1
291	20.8
292	13.1
293	0.6
294	38.8
295	0.1
296	26.3
297	34.5
298	0.4
299	10.1
300	32.1
301	0.3
302	37.4
303	18
304	9.4
305	35.5
306	22.4
307	30.5
308	20.7
309	1.8
310	10.3
311	31.7
312	23.4
313	16.3
314	8.4
315	0.6
316	0.6
317	0.8
318	15
319	1.1
320	24.6
321	0.2
322	9.7
323	28.4
324	2.4
325	1.4
326	30.8
327	2
328	1.9
329	0.2
330	1.5
331	0.9
332	0.3
333	0.7
334	0.8
335	8.4
336	0.7
337	2.1
338	0.7
339	3.9
340	1.5
341	0.6
342	0.8
343	0.7
344	29.5
345	3.7
346	3
347	0.7
348	15.2
349	6.2
350	0.7
351	0.6
352	0.5
353	31.6
354	4.1
355	1.3
356	0.6
357	1.4
358	3.2
359	0.8
360	3.3
361	1
362	3.3
363	2.7
364	0.7
365	11
366	7.4
367	0.5
368	207.2
369	0.4
370	33.8
371	0.8
372	0.9
373	10.1
374	0.5
375	48.4
376	0
377	30.4
378	8.9
379	0.7
380	29.5
381	0.3
382	0.5
383	48.4
384	0.8
385	1.6
386	0.3
387	217.8
388	10.1
389	6.9
390	199.7
391	1.7
392	16.6
393	2.4
394	2.3
395	0.4
396	3
397	2.5
398	0.5
399	9.4
400	0.8
401	49
402	1.3
403	2.2
404	0.4
405	1.1
406	70.1
407	5.6
408	0.3
409	0.8
410	49.2
411	47.2
412	1.8
413	79
414	1.5
415	3.9
416	0.1
417	0.7
418	0.3
419	16
420	0.3
421	3.6
422	4.1
423	85.7
424	61.7
425	235.2
426	1.5
427	21
428	62.7
429	24.1
430	19.8
431	2.1
432	3.4
433	193.6
434	5.9
435	0.6
436	67.1
437	8
438	370.7
439	0.7
440	23.9
441	14.8
442	0.1
443	53.2
444	5.6
445	568.7
446	0.5
447	592.1
448	490.6
449	0.1
450	16.9
451	1.4
452	106.4
453	1.5
454	0.1
455	10.9
456	0
457	65.8
458	102.5
459	39.9
460	4.8
461	101.7
462	149
463	10.8
464	4.1
465	81.6
466	3.5
467	13.5
468	0.6
469	3.3
470	1.4
471	5.8
472	22.9
473	9.9
474	0.5
475	10.4
476	0.2
477	151.2
478	0.5
479	6.3
480	66
481	1.3
482	0.9
483	111.7
484	0.5
485	1.4
486	8.7
487	7
488	32.3
489	1.4
490	20.3
491	11.6
492	96
493	2.7
494	71.6
495	23.9
496	0.8
497	41.3
498	5.1
499	3.4
500	33
501	2.6
502	70.2
503	0.1
504	0.6
505	11.9
506	27.8
507	37.2
508	11.1
509	24.1
510	2.5
511	45.1
512	51.9
513	0.6
514	14.8
515	2.4
516	2.5
517	39.9
518	5.6
519	12.9
520	36.2
521	1.9
522	0.9
523	1.4
524	122.2
525	1.7
526	7.6
527	2
528	0.4
529	3
530	64.9
531	44.6
532	159
533	2
534	0.2
535	75.8
536	110.9
537	21.5
538	6.3
539	0
540	0.5
541	35.3
542	43
543	0.5
544	3.5
545	28.3
546	49.6
547	0
548	24.7
549	45.3
550	0
551	25.2
552	0
553	14.9
554	1.7
555	0.3
556	0
557	6.3
558	27.2
559	44.4
560	33.6
561	29.7
562	52.8
563	4.4
564	13.1
565	49.9
566	48.7
567	0.4
568	39.6
569	13.4
570	1
571	29.8
572	23.6
573	3.8
574	0
575	0.2
576	55.3
577	8.7
578	40.2
579	47
580	29.7
581	9
582	0
583	0.2
584	0.1
585	77.6
586	0
587	39
588	0
589	27.7
590	1.9
591	0
592	53.9
593	30.5
594	10.3
595	0
596	0.1
597	1.3
598	0.7
599	42.9
600	6
601	0.8
602	1.6
603	302.6
604	0
605	5.1
606	0
607	0.1
608	2.7
609	17.6
610	0.1
611	9.9
612	17.2
613	0.8
614	120.4
615	5.4
616	8.8
617	49
618	211.9
619	17.7
620	8.4
621	0
622	142.7
623	145.2
624	131.3
625	0.1
626	0.2
627	39
628	0.5
629	17.3
630	74.3
631	0
632	282.9
633	124.6
634	0.8
635	21.1
636	16.7
637	12
638	0.1
639	216
640	5.8
641	56.4
642	4.5
643	118.7
644	13.5
645	282
646	150.6
647	0
648	405.5
649	111.4
650	0.1
651	81.2
652	0.8
653	0.6
654	0.1
655	0.8
656	1.3
657	131.8
658	19.8
659	120.6
660	22.5
661	13.6
662	134
663	117.8
664	0.1
665	0.1
666	0.1
667	20.6
668	54.8
669	26
670	0.1
671	0
672	0
673	165
674	4.7
675	127.4
676	97
677	60.5
678	8.1
679	0.4
680	1.6
681	167
682	111
683	70
684	106
685	0
686	66.9
687	0.8
688	115.8
689	0
690	189.6
691	14.2
692	61.4
693	6.1
694	2.2
695	12.5
696	133.7
697	0.2
698	108.9
699	92.5
700	114.5
701	7.5
702	141.8
703	111.2
704	79.7
705	45
706	5.3
707	66.8
708	125.9
709	45.7
710	96.7
711	1.6
712	54.5
713	99.6
714	1.8
715	86.4
716	6.1
717	379.1
718	128.2
719	92.6
720	102.1
721	0
722	43.6
723	118.6
724	115.9
725	0.1
726	2.2
727	3.2
728	47.4
729	8.7
730	88.5
731	7.8
732	2
733	84.4
734	88.4
735	64.9
736	4.9
737	95
738	83.3
739	102.8
740	120.7
741	42.7
742	534.2
743	99.6
744	2
745	1.4
746	71.7
747	100.1
748	0.1
749	112.3
750	1.2
751	55.2
752	82.3
753	101.1
754	114.3
755	107
756	75.6
757	121.5
758	190.7
759	0.1
760	55.3
761	0.2
762	36.5
763	81.8
764	55.4
765	64.2
766	4.9
767	211
768	147.6
769	140.7
770	130
771	127.5
772	181.4
773	34.4
774	33.6
775	10.9
776	3.4
777	31.7
778	83.7
779	1.5
780	143.5
781	84.3
782	836.4
783	780
784	857.5
785	839.9
786	757.5
787	864.4
788	719.8
789	786.9
790	810.8
791	731.5
792	767.2
793	696.9
794	817.1
795	849.1
796	671.4
797	834.5
798	725.4
799	732.7
800	782.8
801	662.3
802	651.5
803	754.4
804	643.4
805	688.5
806	691.3
807	549.6
808	682.8
809	776.4
810	808.2
811	740.9
812	776.9
813	698.8
814	695.8
815	723.5
816	718.3
817	616.7
818	765.2
819	796.3
820	723
821	812.5
822	965.8
823	716.2
824	764.4
825	817.9
826	784.5
827	970.6
828	973.4
829	855.7
830	1006.2
831	752
832	970
833	807.8
834	1043.7
835	941.5
836	935.1
837	722.9
838	872.1
839	837.9
840	936.1
841	919.5
842	774.6
843	446.1
844	1052.3
845	864.3
846	907.9
847	946.9
848	915.7
849	840.9
850	1039.2
851	1000
852	872.5
853	957.9
854	993.5
855	958.8
856	879.3
857	903.3
858	1029.1
859	806.7
860	750.1
861	960.2
862	242.7
863	944.7
864	850.9
865	932.9
866	762.6
867	827.6
868	1091.8
869	891.1
870	633.9
871	815
872	839.3
873	309
874	1000
875	1029.2
876	893.9
877	991.4
878	957.6
879	1006.5
880	835.1
881	877.3
882	809.1
883	812.4
884	994.7
885	970.7
886	179.4
887	739.8
888	790.4
889	1008.3
890	881.3
891	929.8
892	756.2
893	851.4
894	198.6
895	998.7
896	1057.2
897	921.6
898	825.8
899	866.4
900	875.7
901	852.9
902	1055.6
903	1050.3
904	966.6
905	852.3
906	1028.6
907	772.3
908	746.6
909	973.1
910	184.8
911	956.2
912	847.4
913	763.2
914	803.5
915	224.2
916	780.8
917	1024.4
918	838.1
919	765.4
920	905
921	833.7
922	791.4
923	480.8
924	849
925	1040.2
926	875.9
927	966.3
928	739.8
929	743
930	755
931	965
932	821.8
933	917.9
934	188.1
935	903.3
936	873
937	1057
938	1037.3
939	990.7
940	759.9
941	984.7
942	769.9
943	144.9
944	1035.5
945	811.9
946	887.3
947	168.1
948	850.5
949	916.5
950	937.5
951	857.8
952	763.2
953	785.4
954	812.9
955	806.2
956	833.7
957	753.3
958	781
959	743.2
960	829.6
961	834.4
962	868.5
963	847.9
964	102.8
965	888.5
966	830.2
967	119.4
968	747.3
969	761.9
970	644.5
971	923.9
972	853.1
973	782.3
974	763.1
975	1033.8
976	992.8
977	956.1
978	809
979	805.2
980	1020.5
981	861.2
982	861.6
983	894.8
984	992
985	965.9
986	933.3
987	835.4
988	959.4
989	953.7
990	238.4
991	882.3
992	556.7
993	1014.1
994	895.3
995	1071.4
996	941.4
997	966.6
998	845.6
999	886.6
1000	92.1
1001	849.9
1002	1051.5
1003	195.2
1004	927.3
1005	797.9
1006	938.6
1007	104.4
1008	858.1
1009	446.5
1010	836.9
1011	895.3
1012	934
1013	858.3
1014	999.4
1015	845.6
1016	123.3
1017	1003.4
1018	837.9
1019	864.4
1020	874.5
1021	902.4
1022	895.4
1023	923.3
1024	1015.6
1025	882.5
1026	947.8
1027	924.8
1028	935.2
1029	852.4
1030	775
1031	117
1032	213.3
1033	807
1034	894.1
1035	728.1
1036	854.6
1037	836.9
1038	896.9
1039	755.3
1040	854.2
1041	891
1042	841
1043	126.2
1044	684.1
1045	823.3
1046	838.5
1047	974.3
1048	944.9
1049	965.1
1050	118.8
1051	856.4
1052	896
1053	826.6
1054	851
1055	909.5
1056	883.2
1057	773.1
1058	898.1
1059	811.7
1060	907.7
1061	126.4
1062	952.2
1063	975.5
1064	721.8
1065	720.9
1066	927.5
1067	791.2
1068	802.3
1069	722.9
1070	934.3
1071	883.1
1072	741.9
1073	741
1074	934.5
1075	530.3
1076	944
1077	754.5
1078	928.1
1079	874.3
1080	833.4
1081	763.7
1082	924.8
1083	746.9
1084	878.5
1085	934
1086	939.1
1087	132.2
1088	749.4
1089	766.6
1090	842
1091	994.9
1092	753.6
1093	790.6
1094	699.9
1095	757.7
1096	785.2
1097	1002.9
1098	776.9
1099	529.9
1100	121.7
1101	696.6
1102	891.9
1103	749.9
1104	787.3
1105	743.1
1106	745.5
1107	770.3
1108	835.6
1109	840.8
1110	746.5
1111	750.8
1112	931.5
1113	978.8
1114	838.2
1115	732.2
1116	741.5
1117	950.3
1118	732.8
1119	799.7
1120	724.1
1121	829.4
1122	740.3
1123	745.3
1124	843.8
1125	709.4
1126	981
1127	722.1
1128	918
1129	921.5
1130	817.3
1131	721.5
1132	963.9
1133	930.6
1134	764.2
1135	838.4
1136	707.1
1137	765.7
1138	754.4
1139	770.6
1140	876.1
1141	732.9
1142	725.7
1143	930.1
1144	724
1145	801.9
1146	704.8
1147	695.6
1148	916.1
1149	708.6
1150	734.6
1151	696.1
1152	897.5
1153	924.7
1154	111.6
1155	842.5
1156	943.4
1157	693.8
1158	891.4
1159	799.7
1160	733.5
1161	710.7
1162	814.8
1163	806.2
1164	951.9
1165	852.9
1166	938.5
1167	865.9
1168	942.1
1169	899.4
1170	960.6
1171	833.8
1172	834
1173	780.2
1174	975.8
1175	728.3
1176	658.1
1177	842.5
1178	689.6
1179	949.3
1180	720.2
1181	825.2
1182	701.2
1183	703.8
1184	840.5
1185	941.1
1186	880.7
1187	715.7
1188	692
1189	818.4
1190	702.9
1191	943.1
1192	686.8
1193	859
1194	748.5
1195	1000.4
1196	724.1
1197	834.2
1198	684.3
1199	953.5
1200	233.4
1201	750.3
1202	756.9
1203	801.8
1204	762.1
1205	739.3
1206	773.8
1207	752.3
1208	760.3
1209	751.2
1210	863.6
1211	856.3
1212	845.1
1213	782.4
1214	896.4
1215	811.2
1216	926.3
1217	903.5
1218	703.8
1219	764.8
1220	898.3
1221	688.1
1222	713.6
1223	807
1224	680.1
1225	994.6
1226	840.5
1227	853.6
1228	743.6
1229	835.7
1230	870
1231	767
1232	900.3
1233	724
1234	756.1
1235	807.1
1236	687.4
1237	951
1238	830.2
1239	907
1240	693
1241	911.4
1242	892.8
1243	744.3
1244	676.4
1245	925.3
1246	870.9
1247	699.8
1248	321
1249	939.3
1250	863.9
1251	748.6
1252	845.5
1253	744
1254	770.8
1255	872.7
1256	863.2
1257	806.5
1258	830.4
1259	921.4
1260	933.7
1261	886.2
1262	763.3
1263	793.8
1264	753.9
1265	908.1
1266	792.7
1267	887.8
1268	935
1269	310.7
1270	875.8
1271	825.7
1272	687.5
1273	785.7
1274	855.1
1275	674.2
1276	833.1
1277	884.5
1278	917.2
1279	240
1280	908.4
1281	782.3
1282	959
1283	1062.6
1284	354.4
1285	767.1
1286	1055
1287	803.7
1288	781.4
1289	930.1
1290	805.2
1291	944.2
1292	800.2
1293	190.4
1294	807.8
1295	913
1296	764.5
1297	366.3
1298	834.3
1299	703.5
1300	784
1301	885.7
1302	791.8
1303	755.7
1304	423.3
1305	1065.8
1306	886.5
1307	901.6
1308	823.2
1309	916.7
1310	877.9
1311	906
1312	851.3
1313	764.2
1314	918.4
1315	915.8
1316	889.7
1317	856.8
1318	770.4
1319	977.2
1320	1028.2
1321	783.3
1322	936.8
1323	992.4
1324	800.4
1325	937.4
1326	791.4
1327	781
1328	864.3
1329	381.1
1330	935.4
1331	848.8
1332	183.7
1333	687.6
1334	863.3
1335	238.3
1336	994.3
1337	782.7
1338	792.7
1339	779.6
1340	775.8
1341	866.5
1342	895.9
1343	983.4
1344	967.4
1345	799.4
1346	1002.6
1347	928.7
1348	894.4
1349	780.7
1350	917
1351	941.1
1352	349.3
1353	899.5
1354	788.3
1355	1021
1356	282.5
1357	720.7
1358	1055.1
1359	787.2
1360	799.6
1361	801
1362	917.2
1363	975.6
1364	683.8
1365	907.2
1366	782
1367	978.5
1368	878.6
1369	780.1
1370	248.7
1371	727.9
1372	827.2
1373	922
1374	667.5
1375	939.9
1376	364.1
1377	816.2
1378	810.9
1379	803.7
1380	900.9
1381	975.4
1382	1008.2
1383	790.4
1384	838.5
1385	310.9
1386	893.1
1387	782.1
1388	793
1389	800
1390	897.4
1391	1006.1
1392	918.1
1393	710.8
1394	676.5
1395	931.2
1396	970.9
1397	1063.9
1398	967.5
1399	948.5
1400	686.7
1401	759.5
1402	738.8
1403	916.3
1404	827.1
1405	674.3
1406	764.6
1407	957.7
1408	755.7
1409	870
1410	733.2
1411	842.3
1412	680.8
1413	938.1
1414	842.2
1415	877.2
1416	1001.1
1417	770.6
1418	936.5
1419	807.2
1420	805.2
1421	779.5
1422	671.7
1423	549.1
1424	921
1425	734.6
1426	852.4
1427	860
1428	777.1
1429	788.7
1430	959.8
1431	973.8
1432	811
1433	970.7
1434	760.6
1435	941.7
1436	985
1437	713
1438	758.6
1439	840.3
1440	992.5
1441	998.5
1442	707.2
1443	694.4
1444	770.6
1445	687.8
1446	902.3
1447	692
1448	987.6
1449	999.9
1450	729
1451	702.8
1452	981.4
1453	949.6
1454	522.3
1455	716.2
1456	728.4
1457	981
1458	911.6
1459	821.4
1460	765.9
1461	952.5
1462	693.2
1463	791.8
1464	795.3
1465	806.5
1466	982.4
1467	731.7
1468	723.6
1469	917.4
1470	881.6
1471	721.8
1472	711
1473	996.6
1474	719.5
1475	1013.7
1476	715.9
1477	731.1
1478	903.5
1479	949.1
1480	716.4
1481	992.1
1482	969.3
1483	774.4
1484	780.6
1485	516.9
1486	762.6
1487	783.5
1488	971.3
1489	1005.9
1490	673.7
1491	659.2
1492	937.5
1493	943.7
1494	995.2
1495	705.5
1496	970.2
1497	939.8
1498	729.5
1499	921.2
1500	124.1
1501	942
1502	946.7
1503	745.1
1504	709.7
1505	931.8
1506	881.1
1507	715.7
1508	763.9
1509	513.1
1510	737.6
1511	809
1512	687.3
1513	928.5
1514	721
1515	749.2
1516	710.1
1517	951.7
1518	734.9
1519	956.1
1520	749.3
1521	740.3
1522	697.7
1523	723.9
1524	705.4
1525	746.4
1526	719.3
1527	941
1528	681.8
1529	969.8
1530	957.5
1531	764.3
1532	733.4
1533	811.2
1534	927.5
1535	313.7
1536	922.6
1537	741.5
1538	432.4
1539	727.3
1540	743.4
1541	708.5
1542	702
1543	994.5
1544	738.9
1545	607.8
1546	367.4
1547	790.5
1548	662.5
1549	679.3
1550	694.7
1551	698.2
1552	945.9
1553	951.7
1554	605.4
1555	927
1556	966.2
1557	770.5
1558	643.4
1559	987.5
1560	127.4
1561	739.2
1562	762.5
1563	770.4
1564	630.8
1565	651.2
1566	751.1
1567	704.5
1568	723.1
1569	938.5
1570	936.1
1571	671.7
1572	686.6
1573	900.9
1574	734.5
1575	877.3
1576	927.1
1577	911.5
1578	719.2
1579	709.5
1580	939.7
1581	965.3
1582	964.7
1583	987.4
1584	365.4
1585	923.6
1586	930.1
1587	705.6
1588	967.8
1589	755.7
1590	756.9
1591	710.5
1592	986.7
1593	752.5
1594	990.7
1595	957.6
1596	881.3
1597	705.8
1598	946.2
1599	952.7
1600	1012.8
1601	563.9
1602	922.6
1603	1041.5
1604	932.6
1605	122.8
1606	702.8
1607	677
1608	1041.9
1609	652.4
1610	973.7
1611	764.8
1612	969.6
1613	934.3
1614	982.2
1615	928.4
1616	922.1
1617	651
1618	868.8
1619	121.6
1620	931.7
1621	943.6
1622	950.1
1623	635.9
1624	929.5
1625	862.9
1626	923
1627	716.1
1628	814
1629	644.6
1630	970.6
1631	729.5
1632	939.6
1633	650.2
1634	934.8
1635	927.7
1636	910.1
1637	963.4
1638	850.3
1639	721.7
1640	691
1641	871.9
1642	943.8
1643	937.5
1644	726.8
1645	976.8
1646	941.8
1647	605.6
1648	752.2
1649	749.3
1650	693.5
1651	967.4
1652	875.8
1653	682.9
1654	921.2
1655	1010.8
1656	971
1657	962.7
1658	963.4
1659	930.2
1660	838.4
1661	121.7
1662	784.3
1663	886.5
1664	734.8
1665	662.5
1666	947.9
1667	1006.2
1668	893.1
1669	964.5
1670	123.7
1671	1015.3
1672	894.9
1673	924
1674	915.4
1675	852.2
1676	746
1677	118.7
1678	700
1679	963.5
1680	1056.3
1681	979.3
1682	672.8
1683	930.9
1684	943.4
1685	919.7
1686	720.7
1687	935.9
1688	850.7
1689	750.4
1690	953.4
1691	124.5
1692	902.7
1693	119.4
1694	991.8
1695	938.2
1696	747.5
1697	1059.7
1698	698.6
1699	720
1700	813.4
1701	899.8
1702	1020
1703	1012.5
1704	747.3
1705	683.6
1706	907.9
1707	668.8
1708	662.2
1709	922
1710	741.5
1711	696.1
1712	1006.6
1713	865.7
1714	906.8
1715	932.7
1716	927.9
1717	917.9
1718	125.5
1719	694.8
1720	998.2
1721	898.8
1722	920.7
1723	966.2
1724	924.5
1725	1047.5
1726	973.6
1727	1025.1
1728	966.1
1729	120
1730	870.9
1731	741.8
1732	905.6
1733	924.7
1734	119.6
1735	930.4
1736	682.2
1737	937
1738	907.8
1739	878.1
1740	782.6
1741	123.3
1742	712.8
1743	911.8
1744	981.3
1745	912.4
1746	983.5
1747	943.6
1748	990.4
1749	739.5
1750	692
1751	970.9
1752	938
1753	904.4
1754	1034.9
1755	950.9
1756	885
1757	983.9
1758	990.1
1759	928.5
1760	912.7
1761	1003.3
1762	870.9
1763	852.3
1764	975.8
1765	719.8
1766	882.4
1767	956.8
1768	734.7
1769	989.9
1770	996.5
1771	908.4
1772	825.7
1773	894.6
1774	897.4
1775	453.6
1776	879.2
1777	890.8
1778	641.3
1779	696.3
1780	671.8
1781	965.9
1782	950.9
1783	936.2
1784	900.9
1785	845.7
1786	1000.7
1787	1002.3
1788	768.1
1789	919.2
1790	641.2
1791	781.6
1792	944.7
1793	918.6
1794	611.1
1795	858.6
1796	923.1
1797	1123.1
1798	931
1799	895.9
1800	892.8
1801	1017.6
1802	909.7
1803	753.6
1804	904.7
1805	668.6
1806	770.5
1807	966.4
1808	893.2
1809	910.4
1810	816.7
1811	989.2
1812	865.5
1813	792.9
1814	881.6
1815	961.2
1816	948.4
1817	925.5
1818	896.5
1819	776
1820	1148.2
1821	937.9
1822	871.2
1823	1046.7
1824	890.5
1825	1076.5
1826	963.8
1827	998.1
1828	1016.7
1829	911.9
1830	835.9
1831	789.8
1832	922.5
1833	767.2
1834	937.4
1835	720
1836	741.3
1837	406.6
1838	897.4
1839	1059.5
1840	878.2
1841	736.5
1842	783.8
1843	1176.7
1844	1025.6
1845	830
1846	363.4
1847	745.6
1848	1180.5
1849	1044.6
1850	1009.6
1851	796.2
1852	1008.8
1853	980.6
1854	868.8
1855	961
1856	749.2
1857	866.7
1858	918.6
1859	973.2
1860	828.4
1861	852.8
1862	747.4
1863	837.4
1864	893.6
1865	930.3
1866	1172.6
1867	887
1868	850.7
1869	931.8
1870	487.7
1871	859.3
1872	783.8
1873	814.2
1874	1145
1875	876.8
1876	904.2
1877	857.8
1878	797.1
1879	1173.1
1880	1160.4
1881	1025.9
1882	878.3
1883	1138.9
1884	839.8
1885	940.7
1886	855.8
1887	835.1
1888	1012.2
1889	815
1890	1126.7
1891	462.4
1892	1007.4
1893	927.1
1894	919.2
1895	993.6
1896	894.7
1897	788.4
1898	1061.8
1899	792.8
1900	857.6
1901	1141.5
1902	793.3
1903	1035.2
1904	835.1
1905	977
1906	822.3
1907	364.9
1908	708.9
1909	403.8
1910	348.9
1911	1028.6
1912	926.4
1913	710
1914	961.4
1915	792.3
1916	797.4
1917	1059.9
1918	751.4
1919	812.7
1920	844.4
1921	1070.6
1922	556.9
1923	748
1924	795
1925	1050.7
1926	788.4
1927	1160.2
1928	919.3
1929	244.1
1930	831.9
1931	343.6
1932	765.6
1933	826.7
1934	97.6
1935	827.1
1936	1095.4
1937	527
1938	957.6
1939	1078.3
1940	800.1
1941	830.1
1942	87.6
1943	561.2
1944	1049.5
1945	258.8
1946	561.7
1947	559.1
1948	225.1
1949	818.1
1950	0
1951	822.3
1952	573.3
1953	79.3
1954	559.7
1955	60.7
1956	1009.7
1957	1194.8
1958	891.3
1959	92.9
1960	963.8
1961	95.8
1962	809.7
1963	523.5
1964	546.9
1965	823.9
1966	0
1967	371.5
1968	71.4
1969	809.6
1970	1080.9
1971	885.4
1972	564
1973	532.8
1974	1048.8
1975	70
1976	54.8
1977	518.2
1978	1056.4
1979	0
1980	578.9
1981	1017.8
1982	0
1983	852.9
1984	804.9
1985	84
1986	65.5
1987	1052.2
1988	76
1989	0
1990	0
1991	574.4
1992	832.1
1993	100.4
1994	1175.1
1995	1010
1996	534.8
1997	50.8
1998	1200.2
1999	853.7
2000	107.9
2001	841.7
2002	62.6
2003	65.8
2004	546.5
2005	542.8
2006	99.9
2007	812
2008	134.8
2009	851.3
2010	47.2
2011	0
2012	541.6
2013	63
2014	0
2015	56.2
2016	548.7
2017	873.8
2018	203.5
2019	542.5
2020	567.5
2021	173.4
2022	172.4
2023	598.6
2024	0
2025	1177
2026	518
2027	75.5
2028	1100.7
2029	859.1
2030	809.2
2031	61.4
2032	153.5
2033	808.6
2034	863.1
2035	68.8
2036	0
2037	866.3
2038	0
2039	535.8
2040	553.2
2041	0
2042	210.4
2043	830
2044	1052.6
2045	760.3
2046	551.3
2047	94.4
2048	551
2049	891.5
2050	1016.9
2051	134.4
2052	787.5
2053	135.8
2054	87.4
2055	65.8
2056	873.2
2057	128.5
2058	0
2059	531.1
2060	167.7
2061	153.1
2062	1159.5
2063	543.6
2064	131
2065	562.8
2066	811.1
2067	252.9
2068	819.4
2069	891.8
2070	167.3
2071	181.1
2072	849.1
2073	69.2
2074	974
2075	845.3
2076	0
2077	506.8
2078	966
2079	564.8
2080	558
2081	980.1
2082	770.3
2083	126.4
2084	945.4
2085	885.7
2086	839.9
2087	566.5
2088	1110.9
2089	568.9
2090	1030.7
2091	804.9
2092	657.5
2093	923.1
2094	557.3
2095	126
2096	530.5
2097	162.5
2098	947.4
2099	57.4
2100	826.5
2101	809.6
2102	921.5
2103	499.6
2104	428.5
2105	751.4
2106	583.6
2107	591.1
2108	914.9
2109	795
2110	838.6
2111	467.1
2112	0
2113	846
2114	583.8
2115	970.7
2116	976.8
2117	862.7
2118	56.6
2119	41.6
2120	1019.9
2121	149.7
2122	812.8
2123	645
2124	979
2125	684
2126	846.8
2127	132.8
2128	557.9
2129	444.1
2130	648.2
2131	880.3
2132	930.2
2133	527.3
2134	830.6
2135	38.8
2136	1122.7
2137	164.8
2138	51.6
2139	997.5
2140	453
2141	1035.3
2142	121.5
2143	533.6
2144	798.5
2145	1015.4
2146	162.9
2147	148.6
2148	841.1
2149	569.2
2150	503.2
2151	575
2152	861.4
2153	1207.7
2154	849.2
2155	468
2156	531.3
2157	569.2
2158	171.2
2159	154.4
2160	1255.4
2161	566.6
2162	907.4
2163	1029
2164	600.9
2165	174.7
2166	489.1
2167	493.2
2168	615.5
2169	822
2170	558.6
2171	624.1
2172	558.8
2173	636.7
2174	552.4
2175	14.4
2176	551.8
2177	1143.8
2178	57.5
2179	545.1
2180	433.1
2181	1255
2182	580.2
2183	592.2
2184	500.6
2185	1034
2186	12.4
2187	163.2
2188	481.6
2189	593.8
2190	165.7
2191	576.4
2192	497.5
2193	536.9
2194	1029.2
2195	158.7
2196	494.3
2197	1177.4
2198	482.8
2199	1229.7
2200	521.6
2201	9.3
2202	152.7
2203	567.7
2204	494.4
2205	592.2
2206	456.5
2207	163.1
2208	166.2
2209	551.5
2210	1168.6
2211	551.3
2212	878.5
2213	1016.6
2214	551.2
2215	478.3
2216	158.2
2217	611.4
2218	522.5
2219	1182.1
2220	150.2
2221	425.2
2222	1127.2
2223	466.3
2224	559.4
2225	539
2226	158.8
2227	1200.2
2228	561.4
2229	557.3
2230	911.9
2231	456.9
2232	592.4
2233	561
2234	1169.6
2235	565.7
2236	595
2237	591.1
2238	587
2239	169.8
2240	533.3
2241	603.7
2242	615.1
2243	603.7
2244	553.1
2245	1204.8
2246	450.8
2247	612.4
2248	1185
2249	678.7
2250	463.8
2251	151.9
2252	1073.7
2253	636.7
2254	186.3
2255	621
2256	1107.9
2257	176.4
2258	523.4
2259	1158.1
2260	614
2261	510.7
2262	491.9
2263	1214.7
2264	1221.7
2265	1146.4
2266	526.7
2267	558.7
2268	941.3
2269	195.2
2270	829.1
2271	1025.9
2272	517.8
2273	183.3
2274	797.7
2275	1024.4
2276	213.9
2277	582.6
2278	815.6
2279	489.8
2280	562.2
2281	886.7
2282	1227.3
2283	218.3
2284	828.5
2285	1135.2
2286	981
2287	166.2
2288	1066.6
2289	547.5
2290	566.1
2291	543.6
2292	1119.2
2293	187.3
2294	202.3
2295	1036.5
2296	1040.7
2297	1208.2
2298	535.6
2299	151.2
2300	566.7
2301	848.3
2302	608.5
2303	643.1
2304	626.9
2305	511.7
2306	1082.2
2307	1074.4
2308	598.5
2309	889.4
2310	1177
2311	928.2
2312	868.7
2313	799.7
2314	628.5
2315	963.9
2316	573.7
2317	1146
2318	504.5
2319	487.6
2320	1066.8
2321	1109
2322	638.8
2323	595.8
2324	1155.4
2325	1059.2
2326	875.3
2327	554.2
2328	1144.4
2329	597
2330	980.5
2331	935.7
2332	203.2
2333	803.1
2334	1039.5
2335	992
2336	896.1
2337	869.8
2338	221
2339	197.4
2340	1154.8
2341	946.9
2342	1002
2343	203.2
2344	813.1
2345	211.8
2346	924.3
2347	561.8
2348	820.1
2349	887.5
2350	808.9
2351	987.7
2352	606.4
2353	884.2
2354	837
2355	1136.2
2356	976.3
2357	889.1
2358	175.9
2359	1131.5
2360	970.2
2361	986.6
2362	194.8
2363	1150.5
2364	994.1
2365	831.3
2366	996
2367	930.6
2368	836.6
2369	147.9
2370	1167.3
2371	788.8
2372	862.1
2373	921.6
2374	160
2375	791.7
2376	999.8
2377	979.4
2378	950.7
2379	826.2
2380	826.3
2381	857.3
2382	1130.5
2383	982.4
2384	912.7
2385	784.2
2386	549.4
2387	556.3
2388	955.5
2389	1152.6
2390	891.8
2391	863.7
2392	1158
2393	958.2
2394	1134.2
2395	156.7
2396	818.1
2397	829
2398	771.9
2399	943.1
2400	869
2401	807.1
2402	1172.5
2403	815.2
2404	142.5
2405	900.7
2406	818.2
2407	993.6
2408	881.8
2409	878.3
2410	958.6
2411	972.5
2412	1002.4
2413	779.5
2414	129.8
2415	961.8
2416	823.5
2417	821
2418	817
2419	867.4
2420	1113.3
2421	988.7
2422	1017.4
2423	769.9
2424	923.8
2425	133.8
2426	977.5
2427	801.2
2428	1160.7
2429	957.5
2430	886.7
2431	946.5
2432	834.1
2433	1151.9
2434	131.5
2435	925.4
2436	769.1
2437	106.5
2438	873.9
2439	511.9
2440	924
2441	998
2442	783.4
2443	860
2444	1096.5
2445	897.5
2446	147.9
2447	977.4
2448	531.6
2449	907.6
2450	964.4
2451	859.7
2452	866.6
2453	484.6
2454	968.1
2455	859.2
2456	528.3
2457	893.2
2458	891
2459	1007
2460	108.4
2461	543.6
2462	490.5
2463	144.2
2464	507.4
2465	1012.2
2466	998.2
2467	678.7
2468	837.4
2469	1020.1
2470	543.6
2471	935.8
2472	1018
2473	144.6
2474	509.3
2475	937.5
2476	664.9
2477	941.3
2478	867.3
2479	617.2
2480	966.1
2481	444.5
2482	99.1
2483	662.7
2484	873.5
2485	859.5
2486	863.1
2487	1064.2
2488	934.9
2489	514.7
2490	1117
2491	138
2492	922.2
2493	672.8
2494	861.1
2495	849.5
2496	135.5
2497	722.9
2498	832.9
2499	113.8
2500	929
2501	821.1
2502	858.4
2503	612.1
2504	443.6
2505	820.7
2506	854.6
2507	1059.7
2508	487.2
2509	661.8
2510	488.3
2511	0
2512	817.6
2513	836.2
2514	814.7
2515	839.3
2516	909.5
2517	161.7
2518	344.6
2519	826.5
2520	958.2
2521	796.6
2522	0
2523	158.1
2524	1037.2
2525	349.6
2526	799.5
2527	779.7
2528	772.6
2529	805.8
2530	751.2
2531	741.7
2532	733.9
2533	955.2
2534	362.4
2535	793.4
2536	997.1
2537	392.2
2538	0
2539	1112.6
2540	956.6
2541	1035.2
2542	849.4
2543	820.2
2544	399
2545	919.4
2546	474.1
2547	834.7
2548	946.7
2549	844.7
2550	1041.5
2551	185.9
2552	1102.7
2553	737.6
2554	991.2
2555	767.3
2556	831.5
2557	881
2558	811.6
2559	740
2560	0
2561	747.4
2562	1104.9
2563	919.1
2564	988.9
2565	956.1
2566	179
2567	871.8
2568	0
2569	852.9
2570	369
2571	207.1
2572	904.4
2573	528.3
2574	878.8
2575	415.8
2576	812.1
2577	770.6
2578	827.9
2579	804.8
2580	896.1
2581	983.4
2582	1107.1
2583	933.5
2584	1010
2585	0
2586	1066.8
2587	804.1
2588	848.6
2589	794.1
2590	832
2591	802.3
2592	754
2593	701.1
2594	338
2595	992.2
2596	0
2597	792.1
2598	1091.2
2599	855.4
2600	773.3
2601	760.3
2602	964.4
2603	744.9
2604	1098.1
2605	864.8
2606	391.8
2607	0
2608	665.8
2609	939.4
2610	505.1
2611	916.7
2612	738
2613	768
2614	968.4
2615	219.9
2616	917.6
2617	0
2618	908
2619	955.6
2620	1079.1
2621	320.6
2622	805.4
2623	0
2624	719.7
2625	1037.6
2626	277.4
2627	845.7
2628	199.6
2629	986.2
2630	752.9
2631	703.5
2632	0
2633	782
2634	799.9
2635	718.5
2636	936.3
2637	874.9
2638	299.1
2639	716.1
2640	675.1
2641	349.9
2642	0
2643	1084.5
2644	405.6
2645	1079.9
2646	667.3
2647	353.6
2648	883
2649	360.8
2650	0
2651	864.5
2652	382.1
2653	776.7
2654	416.9
2655	714.2
2656	930.7
2657	342.1
2658	710.6
2659	877.9
2660	0
2661	292.3
2662	1035.7
2663	371
2664	727.2
2665	370.6
2666	344.4
2667	223.3
2668	306.7
2669	827.8
2670	1025.1
2671	839.3
2672	859.3
2673	446.1
2674	309
2675	375.6
2676	148.6
2677	1029.1
2678	894.4
2679	393.7
2680	321
2681	323
2682	300.8
2683	786.1
2684	757.2
2685	777.2
2686	874.3
2687	877.1
2688	276.8
2689	304.9
2690	361
2691	305.5
2692	116.4
2693	370.2
2694	659.4
2695	934.4
2696	827.2
2697	923.5
2698	992.5
2699	25.9
2700	834.7
2701	187.8
2702	360.5
2703	695.8
2704	713.1
2705	696.1
2706	336.9
2707	15.4
2708	359.9
2709	310.8
2710	357.1
2711	321.2
2712	818
2713	818.4
2714	373.6
2715	615.2
2716	343.9
2717	285.3
2718	640.9
2719	661
2720	285.8
2721	716.9
2722	304.2
2723	835.2
2724	56
2725	330.9
2726	773.2
2727	781.3
2728	655.5
2729	772.4
2730	308.7
2731	826.9
2732	311
2733	308.1
2734	314.2
2735	667.6
2736	56.6
2737	697.6
2738	302.1
2739	713.2
2740	288.8
2741	312.1
2742	308.3
2743	688.8
2744	675.8
2745	305.9
2746	66.1
2747	649.4
2748	873.6
2749	747.1
2750	294.6
2751	406.9
2752	797.3
2753	685.7
2754	321.4
2755	301.5
2756	636.7
2757	735.5
2758	415.6
2759	641.1
2760	676
2761	635.4
2762	711.3
2763	59.9
2764	331
2765	311.1
2766	301.2
2767	75
2768	311.6
2769	644.8
2770	717.4
2771	400.4
2772	314.2
2773	222.7
2774	431.2
2775	345
2776	745.6
2777	294.3
2778	344.8
2779	756.8
2780	155.8
2781	787.2
2782	331.2
2783	655.9
2784	667.8
2785	69.9
2786	70
2787	344.5
2788	630.2
2789	332.8
2790	844.3
2791	328.2
2792	362.4
2793	421.3
2794	732.2
2795	623.9
2796	301.7
2797	434.3
2798	320.5
2799	771.1
2800	360.3
2801	350.5
2802	399
2803	593.4
2804	166.8
2805	362.4
2806	776.5
2807	442.6
2808	349.8
2809	358.2
2810	71.8
2811	372.6
2812	303.2
2813	342.2
2814	824.2
2815	382.6
2816	590.7
2817	697.9
2818	398.5
2819	839
2820	378.6
2821	327.9
2822	717.2
2823	367.9
2824	59.2
2825	695.8
2826	71.6
2827	148.3
2828	319.8
2829	77.9
2830	784.6
2831	749.8
2832	733.3
2833	642.8
2834	428.1
2835	378.4
2836	829.5
2837	668.8
2838	393.5
2839	349.1
2840	375.9
2841	779.7
2842	385.9
2843	714
2844	235.3
2845	678.4
2846	65.3
2847	385.8
2848	355.8
2849	341
2850	365.8
2851	376.8
2852	835.8
2853	818.8
2854	385.9
2855	781
2856	354.2
2857	835
2858	388.8
2859	751
2860	751.6
2861	738.1
2862	337.1
2863	285.7
2864	337.9
2865	782.2
2866	352.1
2867	799.7
2868	306.6
2869	359.8
2870	752.1
2871	350.5
2872	370.1
2873	384.9
2874	70.8
2875	827.6
2876	70
2877	815.5
2878	786.2
2879	259
2880	880.8
2881	872.6
2882	797
2883	776.9
2884	358.2
2885	320.8
2886	381.6
2887	307.1
2888	63.6
2889	75.1
2890	75.4
2891	767.4
2892	351
2893	395.2
2894	364.5
2895	396.4
2896	69.2
2897	395
2898	766.2
2899	407
2900	323.5
2901	279.3
2902	902.2
2903	406.8
2904	198.5
2905	773.5
2906	365.5
2907	326.6
2908	815.2
2909	380.7
2910	766.3
2911	404
2912	841.1
2913	370.5
2914	815.2
2915	280
2916	404.7
2917	72.4
2918	415.6
2919	260.3
2920	278
2921	722
2922	732.4
2923	740.7
2924	373.5
2925	751.7
2926	336.3
2927	213.9
2928	360.3
2929	326.7
2930	413.4
2931	912
2932	405.4
2933	847.2
2934	195.2
2935	819.8
2936	226.8
2937	694.3
2938	242.7
2939	833.7
2940	212.4
2941	723.9
2942	233.5
2943	376.3
2944	215.9
2945	842.3
2946	741
2947	434
2948	918.2
2949	789.8
2950	728.4
2951	449.8
2952	864.5
2953	379.1
2954	718.5
2955	409.6
2956	427.2
2957	363
2958	932.5
2959	277
2960	801.6
2961	839.3
2962	784.7
2963	378.3
2964	372.9
2965	734.5
2966	458
2967	410.2
2968	824.7
2969	286.3
2970	207.5
2971	800.5
2972	385.9
2973	176.8
2974	815.5
2975	1015.2
2976	415.6
2977	407.7
2978	380.8
2979	864.9
2980	839
2981	772.3
2982	371.7
2983	854.8
2984	889.2
2985	717.8
2986	793.2
2987	772.8
2988	851
2989	203.5
2990	676.4
2991	1042.7
2992	393.8
2993	833.9
2994	826.5
2995	883.5
2996	455.6
2997	419.1
2998	710.1
2999	358.3
3000	729.1
3001	347.8
3002	855.6
3003	794.6
3004	305.6
3005	374.2
3006	858.1
3007	762
3008	865.7
3009	293.5
3010	193
3011	873.9
3012	430.8
3013	918.6
3014	695.3
3015	251.7
3016	843.3
3017	1043.5
3018	736.3
3019	250.8
3020	704.7
3021	293.6
3022	327.6
3023	297.5
3024	871.3
3025	704.4
3026	941.8
3027	932.5
3028	788.4
3029	898.2
3030	249.9
3031	386
3032	386
3033	256.3
3034	407.8
3035	741.9
3036	243.5
3037	388.7
3038	248.5
3039	762.6
3040	1010.8
3041	894.5
3042	936.3
3043	962
3044	862
3045	997
3046	211.4
3047	241.2
3048	920.6
3049	720.1
3050	1015.2
3051	945.4
3052	821.4
3053	1045.5
3054	739.8
3055	784.7
3056	971.1
3057	235.2
3058	1001.1
3059	838.3
3060	253.7
3061	333
3062	278.2
3063	1017.7
3064	1066.3
3065	286.3
3066	980.5
3067	284.8
3068	957.3
3069	291.5
3070	852.1
3071	394.3
3072	827.7
3073	172.3
3074	1021.5
3075	371.7
3076	385.6
3077	882.4
3078	797.7
3079	961.3
3080	958.7
3081	255.9
3082	329.4
3083	1063.1
3084	282.5
3085	843.7
3086	954.2
3087	1149.4
3088	1016.7
3089	1105.6
3090	882.9
3091	271.7
3092	230.7
3093	400.7
3094	199.1
3095	246.2
3096	941.1
3097	220.5
3098	1126.5
3099	229.2
3100	938.9
3101	141.4
3102	344.2
3103	1009.3
3104	1030.2
3105	305.6
3106	1027.2
3107	1000.8
3108	249.2
3109	359.4
3110	225.8
3111	1194.7
3112	133.2
3113	1139
3114	296.6
3115	311.1
3116	348.3
3117	280.6
3118	1039
3119	1029.2
3120	116.7
3121	1005.2
3122	188.8
3123	1032.4
3124	249.4
3125	434.2
3126	171.2
3127	102.3
3128	233.9
3129	231.2
3130	248.5
3131	1015.9
3132	1018.3
3133	1097.5
3134	1092.4
3135	204.5
3136	1092.7
3137	159.5
3138	247.8
3139	993.9
3140	906.5
3141	305.4
3142	963.1
3143	994.3
3144	255.7
3145	136.9
3146	206.1
3147	149.9
3148	372.6
3149	216.6
3150	153.6
3151	179.1
3152	956
3153	1031.5
3154	954.7
3155	0.2
3156	853.5
3157	827.3
3158	149.3
3159	959.7
3160	147.5
3161	170.3
3162	959.2
3163	223.6
3164	197.6
3165	22.8
3166	947
3167	23.9
3168	981.8
3169	213.3
3170	1031.3
3171	262.7
3172	994
3173	204.1
3174	0.1
3175	994.4
3176	247.5
3177	228.5
3178	234.6
3179	242.6
3180	183.2
3181	20.4
3182	1021.6
3183	1046.5
3184	165.2
3185	166
3186	803.6
3187	908.3
3188	0.1
3189	784.8
3190	251.1
3191	241.5
3192	0.1
3193	412.7
3194	1041.2
3195	940.1
3196	197.8
3197	20.6
3198	18.8
3199	899.7
3200	218.9
3201	233.8
3202	961
3203	1066.9
3204	25.5
3205	143.4
3206	221.9
3207	461.9
3208	228.9
3209	483.2
3210	150.5
3211	150.6
3212	919.2
3213	230.8
3214	209.4
3215	231.9
3216	228.4
3217	259.7
3218	149
3219	154.7
3220	18.6
3221	248.2
3222	151
3223	228.1
3224	941.2
3225	244.3
3226	923.3
3227	245.2
3228	399.4
3229	478.8
3230	32.8
3231	403.9
3232	248.1
3233	227.4
3234	923.7
3235	925
3236	158
3237	203.2
3238	168.1
3239	454.1
3240	40.3
3241	693.9
3242	425.9
3243	161.3
3244	454.3
3245	245.1
3246	282
3247	452.9
3248	222.1
3249	246
3250	28.3
3251	1050
3252	891.7
3253	428.4
3254	153.1
3255	216.8
3256	270.1
3257	156.7
3258	461.3
3259	743.6
3260	240.1
3261	527
3262	140
3263	214.1
3264	204.5
3265	218.2
3266	402.7
3267	781.9
3268	146.2
3269	884.2
3270	388.4
3271	186.4
3272	857.5
3273	197.5
3274	886.9
3275	433.6
3276	331.1
3277	389.2
3278	853.4
3279	225.2
3280	211.8
3281	279.8
3282	181.6
3283	106.2
3284	416.2
3285	191.4
3286	874.3
3287	220.2
3288	636.8
3289	413.7
3290	258.8
3291	859.9
3292	203.5
3293	606.6
3294	654.4
3295	258.8
3296	181.5
3297	231.3
3298	710
3299	272.9
3300	769.3
3301	341.3
3302	255.8
3303	895.9
3304	729.5
3305	117.4
3306	454.1
3307	225.7
3308	864.3
3309	427.2
3310	338.5
3311	201.9
3312	700.1
3313	301.5
3314	196.6
3315	422.4
3316	772.4
3317	216.5
3318	86.9
3319	152.9
3320	268.3
3321	439.4
3322	159.5
3323	575.6
3324	448.6
3325	316.2
3326	420.9
3327	147.5
3328	224.9
3329	254.3
3330	732.9
3331	262.7
3332	256.7
3333	295.3
3334	153.1
3335	797.9
3336	433
3337	139.8
3338	267.2
3339	194.9
3340	204.6
3341	780.3
3342	418.2
3343	226.8
3344	283.9
3345	117.8
3346	210.3
3347	413.8
3348	143.2
3349	408
3350	106.2
3351	213.8
3352	98.9
3353	247.7
3354	460
3355	283.5
3356	290.7
3357	446.5
3358	212.5
3359	236.8
3360	116.9
3361	262.8
3362	406.1
3363	664.4
3364	516.8
3365	241.1
3366	235.6
3367	266.6
3368	196.1
3369	225.3
3370	505
3371	250
3372	228.4
3373	253.5
3374	239.8
3375	412.9
3376	232.2
3377	388.2
3378	401.1
3379	413.5
3380	238.5
3381	250.1
3382	398.3
3383	267.6
3384	242.7
3385	251.2
3386	250
3387	428.7
3388	399.8
3389	268.9
3390	274.1
3391	279.7
3392	289.8
3393	433.9
3394	292.3
3395	268.4
3396	278.2
3397	293.2
3398	250.8
3399	188.7
3400	739.3
3401	778.1
3402	733.7
3403	795.7
3404	963.1
3405	930.6
3406	991.1
3407	876
3408	1028.5
3409	925.6
3410	130.2
3411	142.7
3412	903.4
3413	886.4
3414	948.4
3415	847.1
3416	805.3
3417	955.4
3418	931.5
3419	861.2
3420	707.3
3421	821.7
3422	920.8
3423	820.9
3424	930.1
3425	970.9
3426	922.5
3427	795
3428	387.4
3429	1028.3
3430	355.3
3431	870.1
3432	1048.4
3433	1042.4
3434	932.8
3435	731.2
3436	866.8
3437	962.1
3438	727.1
3439	644.5
3440	789.3
3441	960.8
3442	808.7
3443	913.2
3444	695.1
3445	615.8
3446	680.8
3447	719.7
3448	767.3
3449	946.7
3450	707.1
3451	904
3452	941.8
3453	752.3
3454	942.4
3455	963.9
3456	123.1
3457	935.6
3458	871.2
3459	708.2
3460	913.4
3461	120.8
3462	964.4
3463	1022.8
3464	683.5
3465	684.7
3466	643.3
3467	923.1
3468	926.8
3469	675.1
3470	870.8
3471	990.9
3472	505.7
3473	950
3474	853.4
3475	876.7
3476	871.9
3477	973.2
3478	912.4
3479	824.6
3480	980.8
3481	1064.8
3482	349.1
3483	45.6
3484	977.1
3485	52.1
3486	831
3487	0
3488	78.4
3489	1046.3
3490	1037.9
3491	583.1
3492	936.5
3493	47.9
3494	832.2
3495	1122.1
3496	147.1
3497	380.2
3498	383.8
3499	1087.1
3500	593.9
3501	178.7
3502	170.1
3503	473.8
3504	487.8
3505	968.8
3506	1093.8
3507	465.8
3508	1081.6
3509	193.4
3510	563.2
3511	1116.2
3512	899.2
3513	206.6
3514	820
3515	1137.9
3516	842.6
3517	783.9
3518	849.8
3519	925
3520	943.2
3521	957.3
3522	511.4
3523	946.3
3524	866.1
3525	896.2
3526	181.6
3527	849
3528	992.1
3529	754
3530	733.9
3531	1102.5
3532	388.2
3533	975.3
3534	929.3
3535	808.8
3536	297.4
3537	84.4
3538	894.6
3539	373.7
3540	415.6
3541	318.6
3542	339.8
3543	330.3
3544	311.5
3545	437.9
3546	308
3547	321.2
3548	376.2
3549	921.9
3550	843.7
3551	881.8
3552	310.5
3553	332
3554	882
3555	389.4
3556	838.3
3557	201
3558	394
3559	176.9
3560	408.8
3561	698.6
3562	228.6
3563	937.7
3564	258.5
3565	286.1
3566	255.4
3567	928.6
3568	1000.8
3569	942
3570	967.8
3571	1007.4
3572	250.1
3573	1042.5
3574	374.5
3575	306.4
3576	973.4
3577	1089.1
3578	153.7
3579	231.5
3580	229.8
3581	227.7
3582	154.1
3583	210.5
3584	951.1
3585	254.4
3586	912.1
3587	227.7
3588	465.5
3589	201.9
3590	249.5
3591	109.9
3592	284.4
3593	383
3594	255.8
