"COMID"	"Value"
1	30.5
2	1.2
3	29.6
4	30.8
5	11.1
6	0.7
7	36.4
8	2.6
9	0.1
10	0.3
11	43.6
12	0.1
13	0.5
14	26
15	2.6
16	0.2
17	37
18	19.4
19	28.3
20	27.3
21	5.7
22	28.4
23	0.3
24	0.1
25	12.6
26	13.5
27	7.9
28	15.3
29	0.1
30	5.4
31	27.2
32	11.7
33	28.5
34	0.1
35	15.9
36	0.1
37	20.7
38	0.3
39	0.1
40	0.4
41	23.9
42	5.3
43	0.4
44	13.7
45	1.6
46	0.6
47	2.5
48	26.9
49	9
50	7.1
51	0
52	1.3
53	0.2
54	22.6
55	24.7
56	25.3
57	0.3
58	0
59	2.8
60	0.1
61	0.2
62	0.2
63	20.7
64	4
65	0.2
66	4.6
67	21.4
68	2.3
69	2.1
70	2.8
71	0.6
72	14.2
73	0
74	18.9
75	4.1
76	3.1
77	4.6
78	1.9
79	21
80	2.4
81	8.9
82	1.9
83	9.7
84	0.3
85	12.2
86	2.5
87	0.1
88	0.1
89	0.8
90	4.1
91	9.5
92	22.7
93	15.2
94	0.1
95	34.4
96	0.9
97	22.1
98	0.2
99	1.4
100	19.9
101	10.9
102	8.5
103	0
104	2.7
105	2.7
106	23
107	1.1
108	0.3
109	1.5
110	0.8
111	0.5
112	29.9
113	0.2
114	30.7
115	5.6
116	2.3
117	17.5
118	6.8
119	0.1
120	3.2
121	0.9
122	11.4
123	0.6
124	7.5
125	5
126	21.4
127	17.1
128	21.8
129	0.1
130	7.4
131	0.5
132	0.8
133	18.1
134	5.4
135	5.4
136	6.7
137	27.4
138	0.8
139	0.5
140	4.3
141	3.6
142	1.8
143	0.3
144	1.5
145	0.6
146	16.5
147	19.5
148	36
149	5.1
150	25.5
151	4.4
152	6.1
153	0.4
154	3.8
155	0.6
156	6
157	30.5
158	0.9
159	1.4
160	12.3
161	4.7
162	1.1
163	1
164	2.5
165	0.1
166	1
167	13.7
168	0.2
169	17.7
170	7.9
171	5.8
172	2.5
173	7.2
174	0.8
175	1.2
176	46
177	1.5
178	3.2
179	6.1
180	0.9
181	0.3
182	2.8
183	1
184	0.8
185	1.4
186	3.6
187	3.1
188	0.9
189	0.8
190	6.3
191	0.8
192	3.9
193	2.5
194	41.4
195	2.3
196	0.7
197	1.5
198	0.8
199	5.3
200	0.7
201	0.8
202	2
203	0.8
204	0.5
205	1.7
206	4.2
207	10.4
208	38.9
209	5.1
210	3.6
211	17.5
212	16.7
213	4.5
214	1.2
215	11.7
216	3.5
217	1.2
218	2.2
219	1.5
220	0.8
221	0.3
222	9.5
223	33.6
224	0.1
225	3.1
226	7.6
227	0.6
228	5.3
229	0.5
230	24.6
231	1.9
232	3.3
233	27
234	0.4
235	10.9
236	4.5
237	2
238	1.8
239	8.5
240	7.6
241	6.1
242	0.3
243	0.2
244	33.6
245	6.6
246	19.4
247	5
248	3.2
249	0.1
250	24.7
251	8.6
252	5.3
253	3.1
254	1.3
255	1
256	20.9
257	1.7
258	2.7
259	5.5
260	2.1
261	5.8
262	8.7
263	10.1
264	1.1
265	0.8
266	4.2
267	16.7
268	1.4
269	21.1
270	0.8
271	5.2
272	6.6
273	16.2
274	0.2
275	9.7
276	0.4
277	0.5
278	9.6
279	1.1
280	7.8
281	6.2
282	14.1
283	0.8
284	16
285	0.3
286	9.8
287	5.4
288	6.8
289	0.9
290	0.2
291	0.4
292	7.6
293	0.2
294	1.3
295	0.7
296	7.3
297	18.6
298	0.4
299	2.6
300	17.4
301	1.3
302	12.9
303	4.8
304	7.1
305	15.7
306	15.1
307	15.9
308	5.1
309	2.8
310	2.7
311	11
312	10.8
313	4.9
314	7.6
315	1.4
316	1.5
317	0.2
318	12.2
319	0.3
320	10.2
321	1.2
322	3.6
323	9.3
324	2.9
325	0.4
326	0.7
327	3
328	2.9
329	1.6
330	0.7
331	3.4
332	2.2
333	6.2
334	2.5
335	2.2
336	5.2
337	0.6
338	5.9
339	5
340	3.6
341	5.7
342	0.3
343	4.1
344	7.3
345	5.4
346	0.8
347	4.4
348	14.3
349	8.7
350	4.9
351	3.5
352	2.5
353	9.3
354	5.7
355	0.4
356	2.3
357	0.7
358	4.9
359	0.2
360	5
361	1.6
362	4.6
363	4.5
364	0.2
365	2.7
366	0.4
367	0.3
368	61.2
369	0.2
370	12
371	0.2
372	0.3
373	0.3
374	0.3
375	2.3
376	0
377	12.1
378	0.3
379	0.3
380	11.4
381	0.2
382	0.4
383	8.8
384	0.3
385	0.8
386	0.2
387	64.5
388	1.4
389	0.4
390	56.7
391	0.3
392	0.9
393	0.9
394	0.2
395	0.5
396	0.9
397	0.8
398	0.7
399	3
400	0.1
401	23.8
402	0.5
403	0.6
404	0.4
405	0.3
406	3.5
407	2.6
408	0.4
409	0.4
410	7.4
411	21.5
412	0.4
413	6.7
414	0.4
415	1.2
416	0.4
417	0.5
418	0.4
419	0.5
420	0.4
421	2.2
422	1.6
423	9.1
424	2.3
425	269.9
426	0.6
427	4.2
428	2.5
429	10.4
430	5
431	1
432	0.1
433	210.9
434	0.1
435	0.1
436	92.4
437	3.2
438	370.3
439	0.4
440	8.6
441	1.6
442	0
443	1.8
444	0.1
445	506.6
446	0.1
447	528.8
448	460.4
449	0.1
450	0.2
451	0.4
452	33
453	0.5
454	0
455	0.2
456	0.1
457	25.7
458	26.8
459	10.2
460	0.2
461	11.3
462	86.1
463	2.6
464	0.7
465	23.3
466	0.9
467	0.9
468	0.7
469	0.1
470	1.3
471	3.1
472	7.6
473	3.4
474	0.5
475	8.9
476	0.8
477	84.3
478	2.8
479	0.2
480	18.5
481	0.5
482	0.2
483	37.6
484	0.1
485	0.1
486	2.8
487	0.2
488	8.1
489	0.5
490	5.5
491	0.5
492	18.5
493	1
494	3
495	5.1
496	0.5
497	3
498	0.1
499	1
500	1.6
501	0.3
502	3.6
503	0.1
504	0.2
505	0.8
506	2.7
507	5.2
508	0.8
509	1.6
510	0.4
511	0.6
512	1.1
513	0.7
514	1.4
515	1
516	0.1
517	9.9
518	0.2
519	0.2
520	6.2
521	0.1
522	0.1
523	0.9
524	27.7
525	0.1
526	0.1
527	0.1
528	0.1
529	1.1
530	15
531	7.7
532	37.8
533	0
534	0
535	17.5
536	16.4
537	3.2
538	1.1
539	0
540	0
541	2.8
542	9.5
543	0
544	1
545	4.2
546	8.1
547	0
548	3
549	5.6
550	0
551	2.3
552	0
553	4.8
554	0.6
555	0.1
556	0
557	0.2
558	3
559	0.9
560	4.6
561	7.1
562	9.3
563	1
564	0.9
565	1
566	9.7
567	0.1
568	6.4
569	0.2
570	0.3
571	8
572	2.5
573	0.1
574	0
575	0.1
576	16.4
577	1
578	0.6
579	1.2
580	5
581	1.1
582	0
583	0.1
584	0.1
585	26.2
586	0
587	11.4
588	0
589	5.4
590	0.4
591	0
592	1.6
593	4.8
594	0.1
595	0
596	0.1
597	0.4
598	0.1
599	10.7
600	0
601	0.1
602	0.5
603	444.4
604	0
605	0.7
606	0
607	0.1
608	0
609	2.1
610	0.1
611	2.3
612	2.1
613	0.3
614	49.5
615	1
616	1.2
617	5.2
618	363.4
619	0.2
620	0.1
621	0
622	52.6
623	50.6
624	52.1
625	0
626	0
627	6.9
628	0
629	0.8
630	20.5
631	0.1
632	388.9
633	36.1
634	0.3
635	0.3
636	0.5
637	0.3
638	0
639	403.3
640	1.4
641	10.8
642	0.8
643	37
644	2.5
645	397.8
646	37.3
647	0.1
648	472.4
649	36.9
650	0.1
651	23.1
652	0
653	0.3
654	0.1
655	0.2
656	0
657	40.9
658	4.7
659	38.8
660	3.9
661	4.2
662	34.8
663	34.1
664	0
665	0
666	0.1
667	4.8
668	12.4
669	6.5
670	0.1
671	0.1
672	0
673	36.1
674	1.5
675	10.5
676	25.4
677	12.8
678	0.2
679	0
680	0.4
681	42
682	44.5
683	11.6
684	33
685	0.1
686	11.2
687	0.3
688	8.7
689	0.2
690	40.3
691	2.7
692	5.8
693	0.1
694	0.8
695	2.6
696	19.5
697	0
698	32.5
699	39.5
700	9.9
701	2
702	17.7
703	8
704	36.3
705	16.9
706	0.1
707	8.8
708	11.6
709	14.3
710	30.7
711	0.4
712	6.9
713	25.5
714	0
715	20.8
716	1
717	436.6
718	17.5
719	29
720	7.4
721	0.1
722	9.8
723	12.6
724	45.7
725	0.1
726	0.4
727	0.9
728	13.1
729	2.1
730	29.6
731	0.2
732	0.7
733	27.2
734	6.8
735	5.7
736	0.1
737	41.2
738	7.7
739	45.4
740	44.5
741	10.3
742	485.1
743	28.1
744	0.7
745	0.3
746	5.5
747	8.2
748	0.2
749	29.6
750	0.1
751	4.4
752	28.3
753	7.9
754	14.2
755	29
756	15.3
757	30
758	40.1
759	0.1
760	4.4
761	0.1
762	14.6
763	28.3
764	6
765	4.6
766	1.4
767	54.8
768	27.1
769	32.8
770	29.8
771	25
772	34.7
773	3
774	2.2
775	2.3
776	0.1
777	10.6
778	17.3
779	0.6
780	31
781	26.3
782	695.9
783	673.9
784	696.8
785	719.1
786	671.2
787	685.5
788	581.8
789	629.2
790	674.9
791	636.8
792	643.7
793	605.6
794	694.9
795	708.2
796	604.2
797	713.7
798	606.2
799	628.6
800	650.4
801	615.4
802	643.6
803	638.2
804	566.1
805	631.7
806	642.2
807	534.4
808	651.2
809	706.6
810	734.4
811	634.7
812	671.3
813	642.1
814	655.9
815	660.5
816	624.3
817	580.9
818	652.5
819	760.6
820	647.1
821	792.6
822	912.2
823	630.1
824	694.4
825	760.9
826	720.1
827	946.3
828	935.6
829	787.1
830	939
831	779.6
832	952
833	830.5
834	1003.7
835	887.2
836	936.8
837	754.3
838	820.1
839	822.2
840	887.7
841	862.7
842	830.4
843	468.7
844	1001
845	838.4
846	830.7
847	892.9
848	850
849	816.4
850	1025.4
851	1006.6
852	897.4
853	911.3
854	944.5
855	909.8
856	823.9
857	846.9
858	1015.7
859	780.3
860	804.4
861	977.1
862	240.8
863	887.9
864	815.7
865	942.7
866	797.8
867	845.6
868	1014.2
869	808.2
870	691.6
871	797.8
872	821.5
873	309.7
874	909.8
875	972.8
876	818.4
877	915.2
878	944.2
879	968.3
880	838.1
881	851.4
882	800.2
883	825.1
884	936.4
885	911.5
886	157.5
887	769
888	813.4
889	899.2
890	832.2
891	823.9
892	780
893	860.1
894	168.7
895	950.2
896	981.7
897	824.3
898	794.6
899	890.3
900	870.8
901	856.3
902	1021.3
903	980.6
904	899.9
905	840.3
906	1005.6
907	800.3
908	782.2
909	897.9
910	152.2
911	900.5
912	790.9
913	780.2
914	828.9
915	209.6
916	746.5
917	940
918	826.3
919	794.6
920	818.6
921	817.4
922	794.4
923	449.3
924	828.4
925	955.4
926	834.5
927	902.5
928	610.1
929	780.6
930	830.3
931	907.9
932	632.6
933	882.3
934	153.6
935	804.7
936	817.1
937	1008.2
938	975.8
939	931
940	777.9
941	927.7
942	820.7
943	118.8
944	976.7
945	826.6
946	809.2
947	143.8
948	787.2
949	910.6
950	895.7
951	812.7
952	777.6
953	648.1
954	658.4
955	827.6
956	761.8
957	776.2
958	620.6
959	753.7
960	858.4
961	846.3
962	842.1
963	803
964	89.7
965	903.9
966	854.3
967	107.4
968	765.6
969	804.3
970	634.6
971	897
972	862
973	852.5
974	770.9
975	961.7
976	893.6
977	917.1
978	647.6
979	865.1
980	939
981	888.3
982	851.3
983	888.7
984	901.3
985	904.8
986	873.7
987	624
988	893.4
989	887.6
990	234.3
991	861.4
992	546.6
993	882.5
994	821.6
995	957.6
996	853.9
997	872.7
998	617.7
999	819.4
1000	95
1001	611.9
1002	900
1003	192.2
1004	855.2
1005	652.8
1006	929.3
1007	106.1
1008	630.6
1009	427.9
1010	843.7
1011	856.8
1012	915.2
1013	603.5
1014	883.6
1015	627.9
1016	115.9
1017	884.5
1018	616.6
1019	610.3
1020	846.1
1021	836.6
1022	843.8
1023	905.2
1024	894.4
1025	828.2
1026	886.7
1027	891.1
1028	863.9
1029	612.2
1030	663.2
1031	109.9
1032	183.2
1033	642.6
1034	794.8
1035	600.8
1036	841.6
1037	833.5
1038	792.2
1039	640.7
1040	624.1
1041	815.9
1042	639.3
1043	110.4
1044	598.7
1045	657.3
1046	616.5
1047	864.6
1048	939.9
1049	914.3
1050	106
1051	834.1
1052	860.3
1053	615.6
1054	773.3
1055	915.9
1056	845.1
1057	644.7
1058	805.5
1059	643.9
1060	816
1061	118.7
1062	884.1
1063	859.7
1064	608.7
1065	602
1066	911.3
1067	614
1068	662.6
1069	622.6
1070	892.5
1071	812.9
1072	605.1
1073	623.4
1074	815.7
1075	466.3
1076	829.3
1077	600.6
1078	868.2
1079	801.4
1080	618
1081	629.1
1082	892.7
1083	579
1084	868.9
1085	858.5
1086	867.6
1087	114.6
1088	586.8
1089	623
1090	768.4
1091	868.5
1092	630.9
1093	605.1
1094	600.7
1095	572.6
1096	601
1097	860.9
1098	615.2
1099	490.4
1100	113.1
1101	587.2
1102	789.8
1103	582.8
1104	605.1
1105	641.8
1106	626.7
1107	595.9
1108	596.1
1109	780.9
1110	621.5
1111	595.5
1112	876.5
1113	849.9
1114	817.9
1115	658.8
1116	588.2
1117	886.2
1118	660.3
1119	601.9
1120	575.1
1121	592
1122	605.8
1123	615.6
1124	762.4
1125	583.4
1126	814.7
1127	601.8
1128	832.8
1129	837.5
1130	615.8
1131	579.3
1132	813.8
1133	867.8
1134	603.1
1135	779.1
1136	583.1
1137	619.7
1138	593.1
1139	598.8
1140	758.9
1141	574.5
1142	588.9
1143	823.5
1144	623.2
1145	628.1
1146	579.2
1147	587.2
1148	878.1
1149	585.4
1150	604.8
1151	598.5
1152	787.3
1153	783.3
1154	102.7
1155	819.2
1156	797.1
1157	604.7
1158	853.7
1159	767.4
1160	583
1161	581
1162	646.1
1163	623.4
1164	811.6
1165	800.4
1166	803.7
1167	824.5
1168	777.8
1169	840
1170	808.9
1171	627.3
1172	774.5
1173	634.6
1174	851.8
1175	592.5
1176	624.2
1177	788.1
1178	583.4
1179	835.4
1180	630.2
1181	652.4
1182	598.5
1183	606.9
1184	783.6
1185	806.3
1186	762.1
1187	595.1
1188	566.9
1189	646
1190	616.4
1191	787.5
1192	555.3
1193	759.9
1194	581.7
1195	844.6
1196	607
1197	766.8
1198	538.4
1199	821.8
1200	216.4
1201	585.1
1202	593.3
1203	771
1204	598.8
1205	597.1
1206	621.8
1207	610.5
1208	589.6
1209	604.6
1210	789.5
1211	803.7
1212	803.3
1213	734.4
1214	771.1
1215	625.9
1216	777.9
1217	821.1
1218	547.5
1219	584.1
1220	849.4
1221	570.9
1222	592.9
1223	593.9
1224	549.4
1225	862.2
1226	741.2
1227	757.9
1228	582.8
1229	655.8
1230	788.9
1231	621
1232	834.2
1233	528.1
1234	572
1235	609.9
1236	536.7
1237	840.3
1238	804.1
1239	829.5
1240	525
1241	768.1
1242	828.7
1243	590.3
1244	514
1245	794.3
1246	782.9
1247	665
1248	300.5
1249	874
1250	771.9
1251	587.2
1252	774.7
1253	541.9
1254	602.9
1255	760.4
1256	773.9
1257	628.1
1258	610.5
1259	823.2
1260	805.8
1261	775.3
1262	594.6
1263	592.4
1264	589.1
1265	840
1266	748.3
1267	761
1268	829.8
1269	304.6
1270	804.2
1271	577.5
1272	507.4
1273	639.3
1274	766.9
1275	521.3
1276	763.6
1277	829.7
1278	829.7
1279	251.3
1280	840.5
1281	618.9
1282	807.6
1283	938.2
1284	338
1285	624.3
1286	915.2
1287	627.3
1288	563.6
1289	841.6
1290	558.9
1291	824.3
1292	585.2
1293	204.9
1294	608.5
1295	795
1296	609.9
1297	371
1298	750
1299	539.9
1300	630.3
1301	802.4
1302	547.5
1303	581.3
1304	412.3
1305	948.7
1306	762.3
1307	800.6
1308	573.5
1309	778
1310	787.3
1311	788.8
1312	789.1
1313	603.9
1314	803.7
1315	820.5
1316	808
1317	773.6
1318	590.5
1319	838.2
1320	856.1
1321	595.2
1322	789.4
1323	834.4
1324	581.4
1325	833.2
1326	610.7
1327	598.5
1328	751.9
1329	399.1
1330	834.1
1331	774.1
1332	199.1
1333	656.8
1334	799.9
1335	190.9
1336	869.4
1337	613.9
1338	625.1
1339	569.6
1340	597.4
1341	808
1342	766.2
1343	860.7
1344	812.5
1345	542.2
1346	829.4
1347	851
1348	812.1
1349	564.8
1350	806.8
1351	831.4
1352	369.8
1353	755.3
1354	582.8
1355	854.1
1356	312.1
1357	724.8
1358	887.2
1359	597.2
1360	618.7
1361	538.9
1362	824
1363	832.9
1364	615.7
1365	810.3
1366	582.3
1367	833.5
1368	800.4
1369	543.3
1370	181.2
1371	552.2
1372	554.8
1373	810.5
1374	614
1375	786.4
1376	395
1377	541.8
1378	571.4
1379	580.6
1380	792.4
1381	866.3
1382	861.3
1383	632.4
1384	548.8
1385	334.9
1386	794.7
1387	602.8
1388	558
1389	542.3
1390	819.3
1391	875.9
1392	826.5
1393	561
1394	650.1
1395	822.7
1396	886.9
1397	949.3
1398	874.1
1399	833.6
1400	737
1401	516.7
1402	535
1403	796.2
1404	559
1405	648
1406	582.4
1407	849.1
1408	514.6
1409	788.2
1410	497
1411	823.7
1412	636
1413	810.2
1414	559.5
1415	827
1416	848.5
1417	499.1
1418	790.5
1419	520.2
1420	538.6
1421	525.3
1422	620.4
1423	603.8
1424	837.3
1425	513.7
1426	858
1427	552.8
1428	520.9
1429	522.5
1430	846.2
1431	800.7
1432	524.2
1433	846
1434	583.7
1435	852
1436	851.5
1437	588.1
1438	533.8
1439	550.3
1440	838.8
1441	833
1442	546.1
1443	750.2
1444	523.7
1445	615.2
1446	783.2
1447	638.6
1448	929.1
1449	864.1
1450	603.1
1451	541
1452	843.8
1453	805.2
1454	561.3
1455	658.1
1456	583.7
1457	776.5
1458	832.4
1459	554.7
1460	518.7
1461	810
1462	493.2
1463	514.7
1464	517.7
1465	517.5
1466	891
1467	524.6
1468	487.5
1469	838
1470	772
1471	491.4
1472	523.8
1473	883.5
1474	624.9
1475	936
1476	481
1477	583.3
1478	758.3
1479	873.1
1480	493.4
1481	813.7
1482	815.3
1483	507
1484	632.8
1485	537.3
1486	518.7
1487	521.9
1488	769.7
1489	822.7
1490	590.8
1491	683.3
1492	816
1493	772.9
1494	935.4
1495	598.2
1496	835.5
1497	777.5
1498	509.2
1499	846.2
1500	49.3
1501	828.6
1502	885.8
1503	598
1504	601.6
1505	808.8
1506	856.7
1507	512.8
1508	606.8
1509	525.5
1510	619.6
1511	661.4
1512	498.7
1513	773
1514	558.6
1515	530.3
1516	529.8
1517	756.3
1518	546.4
1519	870.6
1520	580.1
1521	498.9
1522	534.8
1523	516.7
1524	598.6
1525	629.3
1526	509.1
1527	826.1
1528	487.7
1529	852.5
1530	917.7
1531	569.8
1532	606.7
1533	662
1534	800.6
1535	361.5
1536	793.1
1537	503.2
1538	472.1
1539	554.6
1540	630.2
1541	470.3
1542	598.8
1543	831.3
1544	575.3
1545	471.1
1546	406.3
1547	763.1
1548	499.9
1549	464.4
1550	483.6
1551	596.3
1552	794.3
1553	911.4
1554	638.8
1555	865.5
1556	830.4
1557	600.4
1558	493.7
1559	824.4
1560	46
1561	563.8
1562	570.6
1563	608.2
1564	486.6
1565	685.7
1566	592.2
1567	508
1568	519.5
1569	879.8
1570	793.3
1571	497.8
1572	530.5
1573	862.9
1574	566.3
1575	810.7
1576	718.8
1577	855.6
1578	492.2
1579	489.2
1580	785.5
1581	787.5
1582	824.3
1583	801.8
1584	399.7
1585	835
1586	783.2
1587	660.5
1588	756.8
1589	550
1590	585.8
1591	495.2
1592	763.2
1593	583.1
1594	792.7
1595	840.3
1596	802.2
1597	488.4
1598	754.6
1599	865.1
1600	846.9
1601	587.8
1602	849.2
1603	835.9
1604	840.8
1605	66.5
1606	497.7
1607	506.8
1608	843.1
1609	483.3
1610	839.2
1611	587.9
1612	787.9
1613	848.4
1614	833.4
1615	710.4
1616	869
1617	488.2
1618	779.3
1619	45
1620	685.9
1621	746.6
1622	755
1623	502.5
1624	837.3
1625	783.4
1626	689.7
1627	676.1
1628	766.8
1629	495.1
1630	779.9
1631	673.6
1632	866.9
1633	473.8
1634	803.1
1635	866.9
1636	827.7
1637	907.3
1638	768.2
1639	535.1
1640	486.9
1641	757.1
1642	810.3
1643	814.3
1644	562.9
1645	817
1646	839.5
1647	486.1
1648	587.1
1649	565.9
1650	519.7
1651	720.7
1652	775.1
1653	508.7
1654	673.4
1655	756.4
1656	816.9
1657	857.2
1658	886.9
1659	794.8
1660	729.9
1661	57.8
1662	669.4
1663	818.2
1664	583.1
1665	497.4
1666	770.5
1667	798.7
1668	781.9
1669	847.4
1670	76
1671	785
1672	694
1673	712.1
1674	813
1675	733.1
1676	590.5
1677	86.4
1678	514.3
1679	790.6
1680	780
1681	847.9
1682	497.2
1683	842.8
1684	806.6
1685	826.3
1686	654.3
1687	866.2
1688	754.1
1689	562
1690	694.6
1691	65.8
1692	713.6
1693	86.9
1694	808.3
1695	697.6
1696	580.6
1697	765.4
1698	506.2
1699	550.2
1700	735.9
1701	736.5
1702	806
1703	859.4
1704	553.7
1705	533.1
1706	775.4
1707	471.4
1708	459.8
1709	786.3
1710	578.1
1711	557.2
1712	869.7
1713	744.2
1714	800.2
1715	702.5
1716	793.3
1717	783.5
1718	28.2
1719	617.9
1720	848.5
1721	770.9
1722	836.2
1723	803.2
1724	802.6
1725	849
1726	813.7
1727	765.5
1728	862.7
1729	88.1
1730	750.2
1731	568
1732	815.2
1733	783.3
1734	62.4
1735	746.1
1736	456.8
1737	779.5
1738	788.4
1739	739.6
1740	568
1741	92.3
1742	528.6
1743	790.5
1744	884.1
1745	840.5
1746	814.3
1747	795.4
1748	867.3
1749	681.3
1750	611.6
1751	835.4
1752	856.5
1753	789.5
1754	833.8
1755	843.7
1756	756.4
1757	731.3
1758	825.8
1759	799.8
1760	736.9
1761	871.8
1762	757.7
1763	741.5
1764	792.6
1765	539.2
1766	768.5
1767	879.6
1768	546.1
1769	835.3
1770	728.8
1771	766.6
1772	584.5
1773	749.1
1774	742
1775	355.9
1776	747.5
1777	754
1778	534
1779	533.5
1780	491.9
1781	864.6
1782	892.4
1783	773.3
1784	785.1
1785	742.2
1786	886.8
1787	752.9
1788	611.3
1789	749.5
1790	485.8
1791	693
1792	768.5
1793	751.4
1794	554.6
1795	737.5
1796	738.2
1797	863.1
1798	753.3
1799	694.1
1800	741.2
1801	910.7
1802	740.4
1803	575.2
1804	729.9
1805	547.1
1806	599.7
1807	839.6
1808	711.9
1809	742.3
1810	634.1
1811	770.5
1812	706.6
1813	578.8
1814	741.1
1815	737.1
1816	878.8
1817	756
1818	728
1819	598.1
1820	940.4
1821	758.4
1822	725.5
1823	812.6
1824	706.3
1825	964.8
1826	781.2
1827	749
1828	769.3
1829	746
1830	599.6
1831	648.8
1832	685.6
1833	679.9
1834	697.4
1835	569.4
1836	580.9
1837	326.7
1838	677.6
1839	995.3
1840	725.1
1841	648.9
1842	640.5
1843	968.5
1844	781.3
1845	690.9
1846	296
1847	649.1
1848	936.1
1849	1004.7
1850	970.7
1851	637.9
1852	786.8
1853	863.3
1854	740.3
1855	830.4
1856	639.5
1857	720.3
1858	745.2
1859	751.4
1860	695.8
1861	713.9
1862	642
1863	682.6
1864	696.3
1865	747.5
1866	977
1867	722.5
1868	715.4
1869	740.9
1870	414.3
1871	713.5
1872	641.7
1873	694.4
1874	1000.8
1875	697.4
1876	726.3
1877	690.4
1878	674.7
1879	1001.6
1880	950.3
1881	788
1882	706.9
1883	1003.3
1884	698
1885	781.9
1886	710.7
1887	675.6
1888	762.8
1889	618.7
1890	934.3
1891	395.5
1892	775.6
1893	699.3
1894	734
1895	761.3
1896	711
1897	659.6
1898	957.7
1899	642.3
1900	685.7
1901	948.8
1902	681.9
1903	773.7
1904	655.6
1905	749.1
1906	672.8
1907	323.9
1908	602.3
1909	389.2
1910	304.5
1911	769.5
1912	723.7
1913	560.8
1914	734.6
1915	656.4
1916	679
1917	835.8
1918	594.3
1919	650.4
1920	674.7
1921	778.1
1922	420.1
1923	589.8
1924	616.2
1925	760.9
1926	679.2
1927	947.8
1928	685.6
1929	206.4
1930	671.7
1931	306.8
1932	604.6
1933	689.9
1934	42.7
1935	663.4
1936	780.2
1937	395.2
1938	767.1
1939	886.8
1940	666.6
1941	660.3
1942	36.5
1943	430
1944	768.4
1945	206
1946	435.3
1947	397.1
1948	160.5
1949	673.3
1950	0
1951	672.8
1952	435.4
1953	25.5
1954	395
1955	34.7
1956	788.6
1957	933.5
1958	691
1959	38.8
1960	734
1961	40.7
1962	659.5
1963	376.3
1964	423.9
1965	588.5
1966	0
1967	305.4
1968	49.2
1969	660.8
1970	830.1
1971	596.8
1972	399.6
1973	362.4
1974	778.9
1975	18
1976	22.9
1977	404.9
1978	758.2
1979	0
1980	408.1
1981	763.5
1982	0
1983	572.2
1984	584
1985	25.9
1986	43.5
1987	781
1988	27.8
1989	0
1990	0
1991	385
1992	665
1993	46
1994	900.8
1995	758.3
1996	396.5
1997	27.2
1998	930.9
1999	656.8
2000	25.3
2001	677.7
2002	34
2003	38.6
2004	381.6
2005	432.3
2006	46.8
2007	576.5
2008	40.9
2009	634.4
2010	22.5
2011	0
2012	371.5
2013	35.8
2014	0
2015	28.3
2016	385.2
2017	670.9
2018	60.4
2019	420.2
2020	396.2
2021	52.6
2022	49.8
2023	451.1
2024	0
2025	901.7
2026	373
2027	28.6
2028	798.8
2029	660.2
2030	561.5
2031	39.3
2032	100.1
2033	563.4
2034	653.6
2035	28.6
2036	0
2037	667.8
2038	0
2039	404.5
2040	396.1
2041	0
2042	87.9
2043	656.7
2044	772
2045	557.7
2046	435.6
2047	35.8
2048	395.6
2049	700.7
2050	786.1
2051	49.3
2052	566
2053	45.2
2054	26.9
2055	29.8
2056	646.4
2057	35.5
2058	0
2059	413.3
2060	55.6
2061	91.9
2062	894.7
2063	407.4
2064	52.8
2065	416
2066	649.2
2067	95.4
2068	656
2069	653.6
2070	103.4
2071	73.5
2072	656.7
2073	34.8
2074	745.4
2075	633.6
2076	0
2077	380.5
2078	726.5
2079	395.4
2080	410.2
2081	771
2082	573.8
2083	62.3
2084	667.1
2085	689.7
2086	592.5
2087	422.1
2088	912.8
2089	440.5
2090	833.3
2091	619.5
2092	486.2
2093	698.2
2094	421.8
2095	64.6
2096	395.8
2097	61.8
2098	689.3
2099	22.3
2100	621
2101	599.6
2102	651.5
2103	360.2
2104	303.5
2105	572.4
2106	402.8
2107	434.1
2108	747.4
2109	587.4
2110	667.7
2111	328.6
2112	0
2113	669.7
2114	420.5
2115	748.6
2116	776.8
2117	641
2118	24.1
2119	9.5
2120	800.9
2121	70.2
2122	643.5
2123	436.8
2124	835.6
2125	576.3
2126	651.2
2127	60.7
2128	406.4
2129	311.3
2130	438.2
2131	647.2
2132	677
2133	361.9
2134	628.7
2135	8.4
2136	868.2
2137	61.5
2138	15.5
2139	758.9
2140	304.9
2141	900.7
2142	43.3
2143	388.1
2144	597.3
2145	788.3
2146	61.4
2147	73.4
2148	662.5
2149	411.4
2150	352
2151	362.9
2152	686.4
2153	970.1
2154	666.5
2155	318.8
2156	358.4
2157	412.9
2158	72.1
2159	52.4
2160	966.4
2161	361.8
2162	684.3
2163	816.1
2164	396.4
2165	84.4
2166	299.3
2167	319.9
2168	441.7
2169	630.7
2170	339.6
2171	436.8
2172	365.8
2173	410.4
2174	339.8
2175	7.4
2176	399.8
2177	883.1
2178	13.1
2179	376.4
2180	284.2
2181	996.8
2182	405.8
2183	398.8
2184	337.2
2185	781.4
2186	6.9
2187	40.1
2188	291.6
2189	361.2
2190	56.6
2191	394.8
2192	295.6
2193	360.2
2194	755.6
2195	61.3
2196	349.3
2197	896.7
2198	281.6
2199	947.4
2200	356.9
2201	4.4
2202	53.5
2203	388.2
2204	322.2
2205	398.3
2206	298.2
2207	54.2
2208	38.8
2209	398.5
2210	933.3
2211	389.8
2212	622.4
2213	742.6
2214	370.1
2215	301.4
2216	37.9
2217	377.8
2218	318.1
2219	884.9
2220	43.4
2221	247.7
2222	882.9
2223	285.7
2224	395.7
2225	347.2
2226	41.9
2227	929.8
2228	371.1
2229	387.8
2230	650.6
2231	256
2232	361.9
2233	348.6
2234	864
2235	354.1
2236	352.3
2237	381.2
2238	374.8
2239	37.5
2240	381.2
2241	364.6
2242	382.6
2243	374.3
2244	368.8
2245	890.2
2246	267.5
2247	378.2
2248	889.5
2249	377.5
2250	286
2251	39.1
2252	765.6
2253	411
2254	40.1
2255	359.8
2256	803.1
2257	53.4
2258	296.6
2259	817.7
2260	344.1
2261	340.7
2262	328.3
2263	870.3
2264	905.3
2265	830.7
2266	373
2267	378.5
2268	629.4
2269	34.4
2270	593.6
2271	697.7
2272	347.1
2273	60.6
2274	540.9
2275	743.1
2276	87.9
2277	368.6
2278	551.2
2279	338.3
2280	369.2
2281	615.5
2282	891.7
2283	86.8
2284	569.8
2285	843.2
2286	678.6
2287	41.3
2288	716.9
2289	346.9
2290	345.3
2291	341.7
2292	838.7
2293	37.8
2294	39.7
2295	814.7
2296	770.6
2297	885.7
2298	347.2
2299	32.7
2300	365.1
2301	571.5
2302	380.4
2303	376.6
2304	386
2305	324.9
2306	831.9
2307	819.4
2308	374.8
2309	637.9
2310	911.8
2311	695.2
2312	581.7
2313	553.1
2314	378
2315	680.8
2316	333.3
2317	922.8
2318	303.2
2319	305.7
2320	828.2
2321	731.2
2322	402.1
2323	382.8
2324	953.1
2325	805.3
2326	673.2
2327	345.1
2328	883.7
2329	375.3
2330	722.9
2331	630.1
2332	48.4
2333	566.8
2334	715.3
2335	679.2
2336	668.2
2337	604.1
2338	82.9
2339	61.8
2340	919.8
2341	705.1
2342	671.6
2343	53.7
2344	595.3
2345	79.5
2346	698
2347	349.4
2348	620.6
2349	689.9
2350	588.1
2351	687.1
2352	375.6
2353	713
2354	637.4
2355	835.1
2356	673.3
2357	638.8
2358	57.1
2359	857.3
2360	734.7
2361	729.9
2362	73.8
2363	891.9
2364	697
2365	687.4
2366	703.3
2367	654.7
2368	688.4
2369	43.9
2370	886.6
2371	591.6
2372	689.4
2373	744.9
2374	48.7
2375	602.9
2376	701.8
2377	768.2
2378	723.2
2379	706
2380	662.9
2381	675.7
2382	861.8
2383	704.8
2384	648.1
2385	482.1
2386	399.4
2387	395.3
2388	729
2389	889.5
2390	598.3
2391	697.1
2392	878.9
2393	677
2394	890.4
2395	55.6
2396	695.8
2397	639.1
2398	475.7
2399	721.3
2400	643.7
2401	712
2402	893
2403	694.6
2404	49.7
2405	735.8
2406	680.3
2407	772.7
2408	738.6
2409	744.2
2410	718.2
2411	742.6
2412	772.1
2413	621.1
2414	46.7
2415	749.8
2416	683
2417	697.1
2418	736.6
2419	710.9
2420	910.1
2421	751.3
2422	724.4
2423	666.2
2424	763.7
2425	60.5
2426	756.5
2427	705.5
2428	916.6
2429	714.6
2430	641
2431	767.9
2432	687.8
2433	943.5
2434	40.8
2435	710.6
2436	687.6
2437	35.3
2438	724.1
2439	376.7
2440	770.6
2441	753.6
2442	670.8
2443	722.5
2444	889.3
2445	732.7
2446	57.9
2447	777.9
2448	435.6
2449	640.9
2450	709.5
2451	705.2
2452	714.5
2453	377.4
2454	802.1
2455	742.7
2456	420.3
2457	716.7
2458	720
2459	782.5
2460	33.8
2461	451.9
2462	342.8
2463	45.6
2464	404.6
2465	730.8
2466	798.1
2467	571.5
2468	642.8
2469	772.1
2470	435.8
2471	755.5
2472	773.7
2473	41.3
2474	371.8
2475	724
2476	421
2477	748.7
2478	696.6
2479	390.7
2480	770.2
2481	277.3
2482	34.6
2483	413.2
2484	715.6
2485	641.3
2486	707.7
2487	790.1
2488	770.9
2489	364.9
2490	852.7
2491	46.2
2492	751.1
2493	459.1
2494	688.7
2495	672.9
2496	38.9
2497	585.4
2498	631.6
2499	30.7
2500	702.7
2501	649.3
2502	672
2503	401.6
2504	255.5
2505	669.1
2506	700.9
2507	739.7
2508	311.4
2509	431.8
2510	328.2
2511	0
2512	657.4
2513	705.2
2514	645.2
2515	660.7
2516	675
2517	57.3
2518	168.3
2519	689.2
2520	753.4
2521	642.7
2522	0
2523	58.5
2524	761.2
2525	139.2
2526	641
2527	620.1
2528	612
2529	635.5
2530	599.2
2531	588
2532	601.7
2533	745
2534	167
2535	615.5
2536	756.9
2537	204.9
2538	0
2539	853
2540	731
2541	798.3
2542	664.2
2543	644.1
2544	161.9
2545	686.6
2546	286.1
2547	673.6
2548	703.8
2549	710.1
2550	772.8
2551	66.7
2552	849.5
2553	595.8
2554	757.7
2555	594
2556	634.2
2557	630
2558	651
2559	599.8
2560	0
2561	607.3
2562	855.1
2563	690.2
2564	734
2565	739.2
2566	50.3
2567	684.4
2568	0
2569	651.1
2570	158.2
2571	52.5
2572	691.2
2573	247.7
2574	689.9
2575	162.8
2576	639.1
2577	588.7
2578	600.1
2579	639.9
2580	666.7
2581	706.8
2582	850.8
2583	702.8
2584	779.7
2585	0
2586	799.5
2587	611.2
2588	647.4
2589	592.5
2590	603.4
2591	595
2592	586.3
2593	611.6
2594	133.7
2595	766.2
2596	0
2597	622.3
2598	840.9
2599	649.1
2600	608.2
2601	588.1
2602	678.7
2603	591.9
2604	858
2605	665.6
2606	183.6
2607	0
2608	591.2
2609	701.1
2610	239.7
2611	725.6
2612	598.5
2613	607.3
2614	702.8
2615	67.3
2616	730.9
2617	0
2618	674.6
2619	727.8
2620	847.9
2621	113.6
2622	625.2
2623	0
2624	564.4
2625	767.8
2626	105.6
2627	643.6
2628	66
2629	782.8
2630	542.5
2631	549.7
2632	0
2633	616.5
2634	609.5
2635	609.7
2636	696.4
2637	638.3
2638	154.6
2639	589.7
2640	549.4
2641	192.4
2642	0
2643	856.1
2644	195.7
2645	886.2
2646	533.8
2647	126.6
2648	695.9
2649	182.1
2650	0
2651	591.1
2652	214.8
2653	584.4
2654	222.4
2655	595.5
2656	714.8
2657	126.2
2658	557.8
2659	687.2
2660	0
2661	115.5
2662	840.7
2663	209.5
2664	566.2
2665	196.8
2666	213
2667	103.8
2668	222.9
2669	614
2670	802.7
2671	666.4
2672	682.3
2673	212.9
2674	125.3
2675	209.4
2676	62.4
2677	796.4
2678	693.5
2679	241.9
2680	238.3
2681	158.1
2682	124.1
2683	584.7
2684	567.8
2685	617.6
2686	665.6
2687	718.8
2688	143.5
2689	192.4
2690	216.5
2691	146.9
2692	49.3
2693	238.8
2694	507
2695	723.9
2696	592.7
2697	738.6
2698	781.4
2699	8.3
2700	681.2
2701	78.2
2702	195.9
2703	543.9
2704	423.1
2705	548.1
2706	198.5
2707	7.4
2708	192
2709	175.9
2710	227
2711	215
2712	642.4
2713	613.4
2714	239.9
2715	514.4
2716	241.8
2717	147.3
2718	517.6
2719	478
2720	153.9
2721	555
2722	186.2
2723	635.2
2724	14.3
2725	209.4
2726	577.5
2727	601.7
2728	528.5
2729	607.3
2730	158.7
2731	653.8
2732	182.1
2733	198
2734	145.7
2735	520
2736	18.3
2737	528.7
2738	210.5
2739	545.6
2740	152.8
2741	222.7
2742	199.9
2743	520.6
2744	510.9
2745	162.1
2746	18.4
2747	506.3
2748	702.1
2749	584.7
2750	185.5
2751	288
2752	629.2
2753	528.9
2754	208.1
2755	181.2
2756	497.1
2757	568.4
2758	301.7
2759	514.2
2760	526.9
2761	500.2
2762	552
2763	19.2
2764	177.5
2765	177.9
2766	208
2767	22.2
2768	226.8
2769	490.7
2770	535.4
2771	256.5
2772	187
2773	96.9
2774	312.1
2775	190.8
2776	559.4
2777	193.8
2778	176
2779	558.3
2780	65
2781	614
2782	152
2783	504.8
2784	507.2
2785	29.7
2786	18.1
2787	247.5
2788	519.6
2789	164
2790	656
2791	216.4
2792	175.9
2793	316
2794	578.3
2795	491.6
2796	170.5
2797	355.4
2798	213.3
2799	589.4
2800	194.2
2801	202.3
2802	253.3
2803	472.6
2804	62.1
2805	190.8
2806	586
2807	280.5
2808	190.5
2809	253.1
2810	27.1
2811	181.5
2812	185.7
2813	184.6
2814	624.2
2815	171.5
2816	476.6
2817	539.7
2818	271.2
2819	651
2820	292.5
2821	190.8
2822	554.1
2823	252.9
2824	20.5
2825	557.2
2826	24.1
2827	66.1
2828	213.2
2829	25.5
2830	593.5
2831	505
2832	488.4
2833	525.4
2834	286.8
2835	303.9
2836	633.1
2837	453.6
2838	309.8
2839	237.1
2840	294.5
2841	543.7
2842	225.8
2843	554.4
2844	90.9
2845	551.8
2846	23.2
2847	181.6
2848	200.9
2849	230
2850	177.9
2851	216.5
2852	622.2
2853	629.9
2854	268.1
2855	597
2856	276.7
2857	628.2
2858	280.8
2859	551.7
2860	576.3
2861	462.9
2862	191.4
2863	130
2864	200.7
2865	507.5
2866	209.7
2867	599.1
2868	146.5
2869	232
2870	549
2871	197.3
2872	193.9
2873	281.6
2874	17.6
2875	610
2876	18.8
2877	639.3
2878	583
2879	89.4
2880	632.7
2881	663.6
2882	556.8
2883	594.7
2884	210.3
2885	172.7
2886	254
2887	140.3
2888	16.6
2889	20.1
2890	21.4
2891	488.2
2892	205.9
2893	276.8
2894	225.2
2895	211.6
2896	14.7
2897	261.7
2898	575.9
2899	290.6
2900	203.3
2901	101.2
2902	692.5
2903	265
2904	58.4
2905	579.3
2906	204.3
2907	167.2
2908	639.8
2909	216.5
2910	562.8
2911	278.4
2912	643.8
2913	217
2914	546.7
2915	143.9
2916	225.2
2917	16.4
2918	287
2919	96.5
2920	128.1
2921	470.3
2922	539.9
2923	558.8
2924	203
2925	493.1
2926	151.1
2927	92.3
2928	258.8
2929	154.2
2930	277.3
2931	654.9
2932	255.4
2933	636.2
2934	76.8
2935	662.8
2936	87.2
2937	526.7
2938	114.9
2939	669.9
2940	88
2941	553.3
2942	98.4
2943	231
2944	95.5
2945	653.9
2946	543.2
2947	265.9
2948	687.4
2949	638.3
2950	516.1
2951	297
2952	673.9
2953	214
2954	542.5
2955	208.9
2956	253.6
2957	179.7
2958	681.4
2959	119.5
2960	597.2
2961	655.7
2962	609.5
2963	274.3
2964	259.2
2965	517.3
2966	301.4
2967	248.9
2968	649
2969	129.8
2970	101.8
2971	611
2972	262.1
2973	81.9
2974	646.4
2975	799.1
2976	275
2977	232.7
2978	234
2979	658.5
2980	629.7
2981	577.5
2982	227.7
2983	608.8
2984	688.6
2985	530.7
2986	600.9
2987	548.9
2988	613.9
2989	98.2
2990	480.1
2991	849.9
2992	239.5
2993	651.1
2994	602.9
2995	610.6
2996	319.6
2997	298.4
2998	500.4
2999	212.4
3000	522.3
3001	157.3
3002	651.5
3003	519.4
3004	153.5
3005	240
3006	619.4
3007	546
3008	639.1
3009	122.7
3010	99
3011	660.9
3012	274.9
3013	689.7
3014	472.6
3015	102.5
3016	568.3
3017	810.2
3018	480
3019	102.8
3020	499.6
3021	132.4
3022	136.7
3023	152.8
3024	631.5
3025	458.8
3026	709
3027	658.7
3028	518.1
3029	645.6
3030	126.9
3031	253.8
3032	217.9
3033	102.8
3034	290.5
3035	482.7
3036	129.2
3037	284.4
3038	106.7
3039	504.8
3040	702.5
3041	680
3042	672.7
3043	683.8
3044	594.8
3045	704
3046	77.4
3047	117.3
3048	677
3049	497.4
3050	771.3
3051	639.8
3052	540.6
3053	769.7
3054	470.9
3055	491.9
3056	695.8
3057	110.2
3058	680.9
3059	552.9
3060	148
3061	124.1
3062	129.1
3063	784
3064	792.8
3065	144.6
3066	670.3
3067	144.6
3068	689.8
3069	187
3070	603
3071	266.6
3072	523.8
3073	65
3074	741.4
3075	246.7
3076	221.3
3077	561
3078	523
3079	678.5
3080	688.3
3081	106.5
3082	132.1
3083	825.7
3084	167
3085	550
3086	575.6
3087	932.3
3088	708
3089	894.4
3090	564.9
3091	154.4
3092	96.7
3093	252
3094	72.8
3095	130.6
3096	620.7
3097	101.1
3098	921.5
3099	83
3100	646
3101	55.4
3102	191.8
3103	709.5
3104	734.8
3105	166
3106	723.3
3107	708.8
3108	126.6
3109	212.6
3110	96
3111	961.5
3112	53.1
3113	885.4
3114	168
3115	148.3
3116	191.6
3117	143.1
3118	717.1
3119	858.9
3120	45.8
3121	838.3
3122	71.8
3123	755.7
3124	110.1
3125	179
3126	55.4
3127	41.2
3128	126
3129	117.2
3130	123.5
3131	747
3132	704.6
3133	798.7
3134	790.7
3135	78.3
3136	813.1
3137	65.3
3138	121.5
3139	870.6
3140	599.8
3141	125.9
3142	646.1
3143	847
3144	123.2
3145	46.8
3146	100.5
3147	48.8
3148	154.3
3149	73.6
3150	82.7
3151	77.7
3152	723
3153	742.5
3154	633.6
3155	0
3156	599.4
3157	542.5
3158	76.9
3159	636.2
3160	55.4
3161	83.3
3162	702.9
3163	114.2
3164	75.7
3165	6.4
3166	744.4
3167	5.2
3168	875.7
3169	75.8
3170	747.7
3171	70.4
3172	861
3173	79.6
3174	0
3175	671.2
3176	70.1
3177	87.9
3178	82.9
3179	88.4
3180	60.5
3181	3.9
3182	722.9
3183	704.7
3184	109.7
3185	99.9
3186	570.4
3187	736.1
3188	0
3189	550.6
3190	56.2
3191	61.6
3192	0
3193	218.1
3194	735.3
3195	759.6
3196	72.8
3197	4.5
3198	3.7
3199	717.7
3200	77.7
3201	75.5
3202	791.6
3203	725.5
3204	8.3
3205	95.3
3206	73
3207	229.3
3208	71.6
3209	279.9
3210	122.4
3211	129.4
3212	744.1
3213	78.3
3214	71.2
3215	74.6
3216	71.4
3217	83.9
3218	109.7
3219	94.6
3220	4.9
3221	84.8
3222	129
3223	50
3224	753.5
3225	81.2
3226	685.6
3227	71.4
3228	176
3229	288.6
3230	13.9
3231	184.7
3232	68.7
3233	72.2
3234	690.7
3235	751.2
3236	135
3237	69.8
3238	95.2
3239	265.7
3240	17.7
3241	489.2
3242	211.7
3243	100.4
3244	217
3245	86.4
3246	78.5
3247	268.7
3248	77.6
3249	60.3
3250	12.9
3251	720.2
3252	823.8
3253	190.4
3254	109
3255	74.8
3256	77.3
3257	130
3258	233.2
3259	545.7
3260	69.9
3261	318.5
3262	98.9
3263	72.1
3264	69.1
3265	59.2
3266	203.4
3267	542.4
3268	104
3269	770.3
3270	184.3
3271	65.7
3272	718.4
3273	69
3274	787
3275	211.3
3276	155.8
3277	187.3
3278	652
3279	73.5
3280	73.6
3281	84.2
3282	59.8
3283	91.7
3284	199.9
3285	60.4
3286	775.8
3287	70.5
3288	430.2
3289	191.5
3290	68.2
3291	713.1
3292	59.9
3293	401.2
3294	404.4
3295	77.4
3296	54.5
3297	70.3
3298	486.3
3299	116.7
3300	590.7
3301	135.3
3302	72.6
3303	714.4
3304	470.7
3305	77.4
3306	208.2
3307	59.6
3308	675.6
3309	206.8
3310	151.2
3311	48
3312	463.9
3313	112.1
3314	55.7
3315	191.1
3316	620.8
3317	57.5
3318	70.3
3319	49
3320	112.6
3321	205.5
3322	52.2
3323	364.4
3324	193.5
3325	136.7
3326	206.2
3327	35.6
3328	54.1
3329	99.6
3330	498.3
3331	71.3
3332	70.1
3333	120
3334	41.6
3335	567.9
3336	200.7
3337	32
3338	93.6
3339	47.5
3340	47.1
3341	556.8
3342	194.7
3343	55.1
3344	117
3345	34.8
3346	49.2
3347	203
3348	34.1
3349	183
3350	70.5
3351	49.5
3352	61.3
3353	95.2
3354	205.8
3355	109.3
3356	113.4
3357	191.9
3358	46.4
3359	99.3
3360	70.5
3361	117.4
3362	177.1
3363	458.6
3364	356.9
3365	62.2
3366	98.6
3367	102.3
3368	41.8
3369	48.9
3370	361.4
3371	112.1
3372	53.8
3373	98.7
3374	96.3
3375	176.4
3376	87.9
3377	163.1
3378	164.2
3379	186.8
3380	96.3
3381	120.2
3382	163.2
3383	98.1
3384	99.4
3385	112
3386	120.6
3387	187.7
3388	165.5
3389	113
3390	115.5
3391	101.1
3392	112.9
3393	192.6
3394	121.7
3395	119
3396	123.9
3397	124.1
3398	86.5
3399	69.1
3400	642.7
3401	678.8
3402	628.7
3403	815.1
3404	897.3
3405	924
3406	947.6
3407	840.4
3408	949.5
3409	836.4
3410	120.1
3411	145.9
3412	888.7
3413	877.1
3414	849.2
3415	785.6
3416	627.1
3417	903.5
3418	787.1
3419	769.1
3420	574.2
3421	763.9
3422	752.3
3423	745
3424	810.3
3425	878.9
3426	821
3427	597.5
3428	385.7
3429	897.9
3430	379.9
3431	793.2
3432	933.2
3433	872.1
3434	820.6
3435	503.3
3436	763.7
3437	799.7
3438	468
3439	488.4
3440	804.9
3441	900.8
3442	638
3443	780.7
3444	700.5
3445	471
3446	509.7
3447	540
3448	591.1
3449	808.5
3450	474
3451	829.8
3452	864.4
3453	732.3
3454	775.2
3455	876.8
3456	60.8
3457	849.6
3458	789.7
3459	532.9
3460	789.5
3461	83.5
3462	773
3463	863.6
3464	515.5
3465	525.5
3466	574.9
3467	774.1
3468	775.6
3469	584
3470	737.6
3471	799.1
3472	461.2
3473	918
3474	716.2
3475	685.6
3476	721.1
3477	740.8
3478	706.8
3479	671.9
3480	704.3
3481	819.7
3482	293.5
3483	27.4
3484	746
3485	20
3486	641.7
3487	0
3488	31.2
3489	782.2
3490	742.6
3491	419.6
3492	744.8
3493	14.6
3494	639.4
3495	930
3496	69
3497	259.4
3498	243.2
3499	870.3
3500	349.1
3501	40
3502	47.6
3503	310.3
3504	319.1
3505	677.2
3506	824.4
3507	304.3
3508	841
3509	50.3
3510	369.2
3511	842.3
3512	710.3
3513	84.4
3514	654.6
3515	886.5
3516	690.9
3517	672.2
3518	716
3519	735
3520	723
3521	746.3
3522	395
3523	734.9
3524	726.2
3525	714.9
3526	59.2
3527	702.4
3528	777.8
3529	625
3530	609.1
3531	842
3532	156.3
3533	751.4
3534	721.3
3535	640.9
3536	124.7
3537	21.4
3538	700.9
3539	211.6
3540	340.9
3541	196
3542	180
3543	231.9
3544	258.6
3545	378.3
3546	198
3547	174
3548	168.8
3549	652.4
3550	623.6
3551	669.7
3552	193.5
3553	230.1
3554	671.7
3555	213
3556	635.7
3557	94.1
3558	200.8
3559	92.9
3560	288.6
3561	479.8
3562	94.1
3563	643.6
3564	117.6
3565	132.8
3566	103.1
3567	654.4
3568	698.5
3569	725.3
3570	682
3571	706.4
3572	115.2
3573	759.7
3574	227
3575	153.2
3576	788.3
3577	808.2
3578	75.1
3579	79.9
3580	73.7
3581	51.6
3582	105.2
3583	69.7
3584	760.8
3585	84.5
3586	809.6
3587	75.7
3588	221.9
3589	61.6
3590	100.9
3591	80.6
3592	115.6
3593	176.5
3594	118.3
