"COMID"	"Value"
1	167.8
2	82.2
3	193
4	246.4
5	82
6	9.8
7	75.4
8	105
9	1.8
10	2.3
11	259
12	1.3
13	3.8
14	197.3
15	96.4
16	9.5
17	131.3
18	45.1
19	155.9
20	179.5
21	163.7
22	202
23	0.3
24	0.7
25	141.8
26	133.7
27	101.9
28	88.4
29	8.6
30	97
31	169
32	75
33	213.4
34	0.5
35	191.3
36	3.9
37	175.3
38	2.4
39	0.5
40	3.2
41	192.3
42	120.5
43	2.9
44	77.8
45	74.5
46	2.1
47	12.8
48	212.3
49	134.8
50	102.5
51	0.7
52	3.6
53	7
54	197.6
55	174.9
56	147.1
57	3
58	0.4
59	105.9
60	0.4
61	1.8
62	4.8
63	130.6
64	100.7
65	1
66	49.1
67	183.5
68	16.4
69	38.9
70	60.2
71	8.5
72	161.5
73	0.4
74	61.6
75	65.5
76	49.2
77	46.3
78	33.6
79	166.3
80	25.5
81	147.3
82	23.9
83	154.7
84	1.3
85	147
86	23.6
87	0.5
88	0.4
89	21.3
90	116
91	179.7
92	183.9
93	151.9
94	6.2
95	75.8
96	31.3
97	156.2
98	0.3
99	36.9
100	181.2
101	94.1
102	141.3
103	0.6
104	34
105	87.3
106	147.8
107	67.8
108	1
109	59
110	20.1
111	5.4
112	131.2
113	7.9
114	130.8
115	138.3
116	34.2
117	81.7
118	96.9
119	0.3
120	104.5
121	3.6
122	137.8
123	7.1
124	89.6
125	56.4
126	172
127	164.8
128	80.7
129	0.4
130	86
131	11.5
132	10.5
133	81.2
134	111.8
135	88.3
136	49.9
137	76.5
138	6.3
139	2.4
140	125.6
141	128.9
142	22.9
143	0.3
144	98.7
145	13.2
146	80.4
147	129.9
148	72.8
149	98.6
150	74
151	39.9
152	83.3
153	1.6
154	88.2
155	6.4
156	81.7
157	74.2
158	16.5
159	20.2
160	163.1
161	64.6
162	37.4
163	5
164	71.4
165	0.2
166	50.3
167	81.4
168	0.8
169	76.6
170	177.7
171	28
172	77.3
173	96.5
174	10.3
175	6.2
176	135.6
177	17.2
178	93.3
179	86.9
180	24.6
181	2.2
182	104.5
183	11.8
184	41.2
185	21.1
186	160.8
187	90.9
188	44
189	23.2
190	182.2
191	18.3
192	99.8
193	29.9
194	140.7
195	22.4
196	20.5
197	13.6
198	29.7
199	91
200	20.4
201	26.3
202	26.5
203	19.1
204	13.8
205	32
206	58.3
207	194.3
208	126.7
209	92.4
210	28.7
211	135.1
212	69.6
213	98
214	6.1
215	81.3
216	95
217	6.9
218	62.4
219	83.7
220	13.4
221	2
222	76.5
223	114.4
224	1.4
225	74.4
226	67
227	9.8
228	89
229	3.4
230	148
231	11.6
232	104.4
233	96.4
234	1.8
235	74.1
236	95.4
237	7.1
238	60.2
239	62.8
240	40.7
241	72.3
242	0.5
243	0.9
244	91.1
245	85.7
246	109.2
247	44.8
248	23.6
249	0.5
250	98
251	67
252	60.3
253	94.7
254	6.1
255	2.2
256	229.2
257	3.4
258	42.4
259	48.7
260	12.2
261	80.3
262	69.3
263	75
264	1.1
265	2.1
266	67.6
267	102.4
268	46.8
269	102.7
270	0.7
271	17
272	75.5
273	102.8
274	1.4
275	59.1
276	1.9
277	3.9
278	68.3
279	2
280	50.6
281	73.8
282	91.5
283	2.8
284	108.1
285	0.7
286	58.7
287	69.6
288	71
289	12.4
290	0.7
291	31.6
292	64.3
293	1.4
294	51.5
295	0.4
296	95.9
297	94.4
298	0.1
299	3.4
300	104.9
301	1.1
302	122.7
303	95.9
304	52.2
305	96.8
306	110.3
307	114.1
308	7.2
309	14.8
310	82.3
311	122.2
312	99.5
313	100.9
314	66
315	5.2
316	5.2
317	1.3
318	140.4
319	1.3
320	108.6
321	1.1
322	92.8
323	119.8
324	15.7
325	1.2
326	43.2
327	13.9
328	12.7
329	1.7
330	0.6
331	7.8
332	1.2
333	4
334	5.7
335	1.6
336	2.2
337	1.3
338	3.1
339	42.7
340	20.4
341	2.1
342	2.1
343	4.6
344	32.6
345	36.5
346	0.9
347	4.4
348	84
349	47.4
350	3.6
351	8.4
352	6.4
353	12.3
354	33
355	0.7
356	9.6
357	0.3
358	27.5
359	0.7
360	25
361	7.9
362	19.9
363	15
364	1.1
365	1.8
366	11.3
367	1.7
368	217.2
369	1.4
370	17.5
371	0.6
372	0.8
373	16.2
374	1.5
375	62.5
376	0
377	16.4
378	14.2
379	1.3
380	15.6
381	0.9
382	0.4
383	33.6
384	1
385	0.3
386	1
387	226.8
388	5.5
389	5.7
390	214.6
391	1.7
392	22
393	4.2
394	3.5
395	0.2
396	0.4
397	3.8
398	0.5
399	2.8
400	1.3
401	42.7
402	1.9
403	1.2
404	0.4
405	1
406	93.4
407	2.5
408	0.3
409	1
410	41.5
411	37.2
412	0.5
413	95.8
414	0.8
415	3.1
416	0
417	0.5
418	0.1
419	27.1
420	0.1
421	2.4
422	2.3
423	79.5
424	81.4
425	255.3
426	0.6
427	27.4
428	82.6
429	23.8
430	26.6
431	2.2
432	5.4
433	192.4
434	10.5
435	1.4
436	73.3
437	9.1
438	339.2
439	0.6
440	21
441	26.6
442	0.4
443	70.9
444	8.1
445	552.7
446	0.8
447	559.5
448	445.2
449	0.3
450	30.9
451	0.9
452	176.1
453	1.2
454	0.1
455	27.9
456	0.3
457	50.7
458	160.5
459	80.6
460	8.8
461	171
462	134.9
463	57.8
464	14
465	137
466	2.4
467	26.4
468	24.4
469	7.3
470	11.8
471	44.2
472	16.2
473	91.4
474	11.7
475	80.6
476	3.7
477	146.2
478	2.3
479	15.8
480	58.4
481	0.8
482	0.3
483	102.6
484	1
485	3.8
486	6
487	16.9
488	21.4
489	0.6
490	13
491	21.3
492	66.3
493	1.3
494	100.9
495	13.8
496	0.2
497	44.2
498	12.4
499	1.8
500	39.9
501	3.2
502	98.4
503	0.4
504	1.2
505	13.1
506	34.9
507	29.8
508	16.1
509	34.4
510	3.2
511	72.4
512	82.3
513	0.2
514	14.1
515	1.3
516	5.5
517	28.9
518	10.8
519	23.1
520	26.9
521	2.7
522	2.2
523	0.8
524	73.6
525	2.7
526	16
527	2.9
528	0.6
529	1.2
530	69.5
531	39.8
532	125.8
533	2.8
534	0.8
535	75.6
536	84
537	13.4
538	3.2
539	0.1
540	0.4
541	33.3
542	33.1
543	1.7
544	1.4
545	19.1
546	33.1
547	0
548	16.9
549	32.4
550	0.1
551	22.6
552	0
553	85.8
554	0.3
555	0.3
556	0
557	13.9
558	19.9
559	68.6
560	22.3
561	117.6
562	35.1
563	2.4
564	10
565	73.2
566	29.5
567	0.5
568	29.4
569	32.9
570	0.2
571	113.9
572	16.3
573	12
574	0
575	0.5
576	28.5
577	5.5
578	70.3
579	82.4
580	20.6
581	4.8
582	0
583	0.3
584	0.4
585	42.9
586	0
587	29.4
588	0
589	46.5
590	0.7
591	0
592	99.1
593	21.9
594	35.7
595	0
596	0.6
597	0.2
598	2.5
599	40.2
600	24.7
601	4.3
602	0.5
603	405
604	0
605	2.9
606	0
607	0.5
608	10.2
609	12.3
610	0.4
611	58.7
612	13.6
613	0.3
614	170.5
615	30.1
616	7.4
617	62.6
618	279.8
619	44.6
620	26.4
621	0
622	184.9
623	185.1
624	185.2
625	0.3
626	0.7
627	43.6
628	1.9
629	47.3
630	75.1
631	0.3
632	328.7
633	197.4
634	0.4
635	65.3
636	41.7
637	42.3
638	0.1
639	298.5
640	33
641	61.4
642	4.3
643	181
644	18.5
645	297.7
646	237.2
647	0.5
648	416
649	180
650	0.2
651	81.4
652	2.6
653	0.3
654	0.2
655	0.9
656	4.4
657	181.5
658	68.5
659	182.6
660	33.2
661	41.5
662	201.7
663	174.2
664	0.1
665	0.2
666	0.1
667	47.2
668	62.8
669	73.4
670	0.2
671	0.5
672	0.2
673	211.1
674	35.4
675	157.5
676	169.4
677	53.3
678	20.7
679	1.2
680	7.1
681	266.4
682	163.7
683	60.7
684	169.5
685	0.3
686	60.2
687	1.5
688	146.4
689	0.5
690	250.9
691	9.8
692	59.9
693	15.1
694	25
695	7.3
696	185.1
697	0.8
698	167.1
699	144.2
700	149.7
701	15.2
702	192.9
703	134.9
704	122.3
705	79.7
706	12.2
707	69.5
708	170.4
709	83.7
710	173.9
711	6.3
712	63.9
713	168.6
714	5.1
715	158.6
716	10.8
717	340
718	186
719	154.1
720	134.6
721	0.3
722	83.6
723	179.2
724	181.1
725	0.4
726	3.5
727	13
728	87.3
729	5.2
730	154.3
731	20.3
732	14.4
733	158.4
734	135.1
735	81.1
736	12.2
737	149.9
738	151.3
739	176
740	189.6
741	87.2
742	479.9
743	161.8
744	1.8
745	1.8
746	131.7
747	167.8
748	0.2
749	179.9
750	2.9
751	112.9
752	164.3
753	169.8
754	188
755	180.2
756	146.5
757	76.2
758	293.9
759	0.3
760	131.3
761	0.5
762	87.2
763	172
764	66.9
765	158.6
766	1.7
767	272.5
768	133.3
769	211.2
770	123.2
771	246.4
772	323
773	98.2
774	107.6
775	4.7
776	10.5
777	78.1
778	152.8
779	1.2
780	211.9
781	171.5
782	822.7
783	768.4
784	836.6
785	830.7
786	753.7
787	841.2
788	683.9
789	740.5
790	810.7
791	728
792	803.2
793	762
794	821.4
795	828.2
796	670.6
797	821.6
798	670.8
799	778.5
800	809.9
801	709.3
802	700.8
803	778.7
804	608.7
805	684.4
806	700
807	491.2
808	734.2
809	758.5
810	850.5
811	708.1
812	831.4
813	719.7
814	732.6
815	751.5
816	760.5
817	598.2
818	803.7
819	833
820	712.7
821	779.6
822	970.4
823	744.9
824	804.8
825	814.1
826	819.5
827	984.4
828	1016.3
829	891.1
830	1045.8
831	767.2
832	1003.8
833	778.6
834	1087.6
835	937.1
836	970.8
837	715.1
838	888.2
839	836.6
840	968
841	893.3
842	744.8
843	443.2
844	1083.5
845	893.5
846	904.6
847	971.5
848	927.3
849	818.8
850	1112.2
851	1062.8
852	909.8
853	971.8
854	1016.8
855	993.3
856	903.1
857	916
858	1082.4
859	859.4
860	750.5
861	1015.4
862	244.3
863	978
864	879
865	1000.4
866	739.8
867	851
868	1118.3
869	852.6
870	640.8
871	839.5
872	860.6
873	304.7
874	1002.3
875	1052.1
876	856.1
877	1007.1
878	977.3
879	1034.9
880	843.1
881	882.6
882	780.4
883	831.7
884	1009.3
885	1003.2
886	180.8
887	715.8
888	727.7
889	1009.9
890	878.8
891	907.1
892	749.1
893	859.2
894	210.5
895	991.1
896	1078.5
897	906
898	828.6
899	854.2
900	855.2
901	852.2
902	1098
903	1076
904	991.9
905	848.4
906	1070.2
907	798.9
908	698.5
909	976
910	223.9
911	983.5
912	856
913	799.7
914	753.6
915	255.1
916	798
917	1007.9
918	843.9
919	764.2
920	909.5
921	854.4
922	780.6
923	486.4
924	823.9
925	1038.8
926	877
927	972.9
928	682.3
929	751.2
930	743.5
931	960.2
932	780.9
933	854.4
934	216.9
935	909
936	883.3
937	1085.5
938	1074.1
939	977.7
940	762.3
941	1012.4
942	807.3
943	176.2
944	1057.6
945	841
946	931.4
947	184.8
948	853.7
949	891.7
950	924.8
951	811.9
952	790.1
953	723.5
954	759.2
955	769.5
956	877.3
957	784.9
958	740.2
959	787.7
960	799.8
961	816.9
962	907.7
963	836
964	129.5
965	869.8
966	825.1
967	126.2
968	794.6
969	810.1
970	662.2
971	936.8
972	897.8
973	794.6
974	791.2
975	1067.4
976	1005.2
977	985.5
978	708.5
979	827.6
980	1015.9
981	865
982	837.6
983	926.7
984	997.8
985	987
986	964.5
987	716
988	988.4
989	924
990	237.6
991	899.1
992	590.9
993	1025
994	885.7
995	1115.9
996	951.9
997	991.7
998	739.4
999	868.1
1000	114.3
1001	767
1002	1082.9
1003	215
1004	937.3
1005	737
1006	1003.3
1007	118.4
1008	738.9
1009	490.2
1010	818.9
1011	919.7
1012	997.2
1013	747.7
1014	989.1
1015	739.6
1016	147.8
1017	1031.7
1018	735.4
1019	766
1020	843
1021	925.3
1022	892.3
1023	976
1024	1015.3
1025	873
1026	941.7
1027	961.1
1028	942.2
1029	725.1
1030	815.7
1031	135.4
1032	254.5
1033	852.1
1034	866.2
1035	789.3
1036	882.6
1037	837.7
1038	917.9
1039	732.8
1040	741.9
1041	878
1042	739.1
1043	142.6
1044	691.8
1045	748.4
1046	735.5
1047	984.3
1048	1002.1
1049	960
1050	140.8
1051	861.7
1052	919.7
1053	726.4
1054	910.2
1055	964.4
1056	875.5
1057	827.9
1058	842.2
1059	849.9
1060	867.5
1061	146.5
1062	920.1
1063	990.2
1064	756.7
1065	689.1
1066	964.9
1067	825.2
1068	842.5
1069	767.8
1070	926.2
1071	880.7
1072	802.7
1073	774.3
1074	913.4
1075	593.1
1076	968.6
1077	808.1
1078	968.7
1079	948
1080	728.5
1081	815.9
1082	930.2
1083	811.3
1084	924.1
1085	951.4
1086	915.3
1087	144.7
1088	821.9
1089	709.4
1090	908.3
1091	995.4
1092	814.3
1093	734.8
1094	765.4
1095	811.9
1096	820.7
1097	1021.9
1098	802.7
1099	588.5
1100	141.3
1101	764.1
1102	859.7
1103	821.8
1104	661.7
1105	772.3
1106	715.2
1107	845.8
1108	703.2
1109	933.9
1110	815
1111	814.3
1112	920.4
1113	1010
1114	910.2
1115	737
1116	722.1
1117	939.6
1118	734.9
1119	663.8
1120	774.7
1121	711
1122	762.6
1123	772.4
1124	917.9
1125	737.3
1126	975.9
1127	738.8
1128	930.5
1129	941.9
1130	713.5
1131	776.1
1132	945
1133	936.1
1134	655.3
1135	832.9
1136	773.2
1137	682.7
1138	666.3
1139	712.8
1140	934.8
1141	776.7
1142	756.7
1143	941.5
1144	782.9
1145	698
1146	737.6
1147	730.1
1148	936.3
1149	747.3
1150	745.2
1151	752.6
1152	941.7
1153	979
1154	114.9
1155	843
1156	936.4
1157	738
1158	894.1
1159	864
1160	779.7
1161	741.4
1162	721.1
1163	731.1
1164	990.9
1165	831.6
1166	958.5
1167	882.8
1168	935.7
1169	941
1170	965.5
1171	734.6
1172	899.7
1173	741.5
1174	1059.7
1175	702.8
1176	697.3
1177	845.9
1178	741.3
1179	1019.3
1180	710.7
1181	734.6
1182	771.4
1183	736.6
1184	848.3
1185	970.4
1186	920.9
1187	737.2
1188	731.4
1189	755.9
1190	763.6
1191	976.2
1192	727.7
1193	892
1194	798.1
1195	1015.1
1196	757.4
1197	872.3
1198	735
1199	996.5
1200	241.5
1201	781.8
1202	725.4
1203	827.8
1204	738.4
1205	797.3
1206	821.4
1207	678.1
1208	810.6
1209	766.4
1210	903
1211	899
1212	832.9
1213	857
1214	914.4
1215	740.6
1216	901
1217	955
1218	761.5
1219	825.6
1220	923.7
1221	753.4
1222	789.1
1223	838.1
1224	740.3
1225	968.6
1226	849.5
1227	962.1
1228	723.7
1229	768.2
1230	886.8
1231	807.8
1232	938.8
1233	768.1
1234	720.4
1235	721.6
1236	759.2
1237	996.6
1238	859.2
1239	941.5
1240	747.8
1241	896.5
1242	927.1
1243	757.4
1244	742.3
1245	918.5
1246	869.1
1247	743.1
1248	335.3
1249	1016.5
1250	924.3
1251	701.9
1252	851.2
1253	810
1254	687
1255	863.2
1256	921.8
1257	819.5
1258	797.2
1259	941.9
1260	992.6
1261	961.9
1262	800.3
1263	788.8
1264	801.7
1265	988.1
1266	824.5
1267	882.9
1268	960.4
1269	369.6
1270	880.9
1271	816.9
1272	705.8
1273	786.2
1274	852.1
1275	732.5
1276	921.4
1277	930.4
1278	963.7
1279	286.4
1280	962.8
1281	739.5
1282	958.1
1283	1122
1284	408.1
1285	794.3
1286	1120
1287	709
1288	716.7
1289	964.2
1290	749.8
1291	1036.3
1292	784.1
1293	240.2
1294	745.1
1295	896.6
1296	815.6
1297	417.2
1298	815.1
1299	770.8
1300	762.9
1301	895
1302	732.7
1303	799.2
1304	433.8
1305	1125.1
1306	856.7
1307	895.7
1308	778.7
1309	854.4
1310	879.9
1311	860.5
1312	884.3
1313	721.4
1314	898.2
1315	927.9
1316	995.5
1317	953.1
1318	794.8
1319	988.4
1320	997.3
1321	754.8
1322	908.1
1323	869.9
1324	797.6
1325	987.6
1326	668
1327	786.6
1328	830.9
1329	417.1
1330	1040.7
1331	935.2
1332	231.9
1333	702.2
1334	878.5
1335	237.8
1336	977.9
1337	680.3
1338	682.2
1339	772.3
1340	795
1341	911.8
1342	840.7
1343	880
1344	977.2
1345	752.6
1346	955.1
1347	955.7
1348	942.5
1349	727.6
1350	846.2
1351	960.9
1352	389
1353	851.1
1354	727.5
1355	969.9
1356	317.5
1357	743.2
1358	971.2
1359	793.7
1360	668.4
1361	738
1362	966.7
1363	934.2
1364	652.2
1365	1017.5
1366	724.8
1367	958.8
1368	942
1369	798.1
1370	246
1371	747.6
1372	758.4
1373	948.3
1374	646.9
1375	886.1
1376	368.1
1377	798.8
1378	812.3
1379	816.8
1380	1007.4
1381	916.5
1382	959
1383	660.5
1384	783.3
1385	331.1
1386	965.1
1387	709.5
1388	769.6
1389	797
1390	922.2
1391	1069.1
1392	989
1393	761.7
1394	640.8
1395	1013.4
1396	905.6
1397	1101.9
1398	924.2
1399	862.6
1400	723.4
1401	729.1
1402	726.2
1403	855.2
1404	810.1
1405	624.1
1406	737.5
1407	885.9
1408	734.4
1409	851.7
1410	698.1
1411	873.6
1412	654.9
1413	864.2
1414	792.4
1415	845.7
1416	925.8
1417	766.9
1418	872.2
1419	775.4
1420	827.5
1421	775.6
1422	630.9
1423	569.7
1424	984.6
1425	695.1
1426	890.5
1427	831.2
1428	776
1429	761.5
1430	928.8
1431	859.5
1432	770.9
1433	916.2
1434	674.2
1435	927.7
1436	858.3
1437	764.5
1438	731.6
1439	823.7
1440	954.4
1441	937.9
1442	693
1443	742.2
1444	739.9
1445	683.1
1446	870.9
1447	675.5
1448	1003.7
1449	866.7
1450	704.4
1451	708.6
1452	865.5
1453	877.8
1454	554.7
1455	664.1
1456	659.1
1457	854.1
1458	964.3
1459	831.9
1460	760.5
1461	932.1
1462	671.9
1463	815.9
1464	813.5
1465	808.5
1466	1062.2
1467	715.8
1468	682.9
1469	945.7
1470	855.7
1471	693
1472	696.5
1473	1074.9
1474	678.2
1475	1049.3
1476	692.2
1477	699
1478	850.1
1479	1026.2
1480	696.2
1481	937.7
1482	915.1
1483	780.5
1484	653.2
1485	580.2
1486	773.3
1487	771.9
1488	880.9
1489	951.4
1490	675.1
1491	703.8
1492	968.1
1493	885.3
1494	1029.9
1495	755.5
1496	924.7
1497	925.7
1498	741.6
1499	935.7
1500	102
1501	972.1
1502	991.9
1503	667.6
1504	765.3
1505	935.7
1506	944.7
1507	751
1508	653.5
1509	619.2
1510	656.5
1511	661.1
1512	727.3
1513	812
1514	710.1
1515	781.2
1516	707.2
1517	852.3
1518	731.1
1519	1004.4
1520	649.5
1521	727.7
1522	747.9
1523	718.9
1524	774.2
1525	813.1
1526	708.1
1527	954.1
1528	684.9
1529	1017.7
1530	999
1531	715.2
1532	688.1
1533	677.3
1534	877
1535	365.4
1536	860
1537	746.1
1538	494.6
1539	701.4
1540	825.5
1541	726.8
1542	782.1
1543	939.7
1544	699.7
1545	645.8
1546	406.2
1547	881.2
1548	639.4
1549	682.1
1550	729.5
1551	758.9
1552	927.9
1553	982
1554	708.2
1555	980.3
1556	1038.8
1557	693.4
1558	695.9
1559	944.3
1560	106.9
1561	685.5
1562	727.4
1563	728.4
1564	632.4
1565	738
1566	725.3
1567	734.8
1568	695.4
1569	1013.9
1570	847.8
1571	641.3
1572	696.4
1573	880.4
1574	727.7
1575	960
1576	842.2
1577	939.1
1578	737.7
1579	726.9
1580	826.5
1581	865.6
1582	984.6
1583	1020.9
1584	383.3
1585	887.5
1586	853.9
1587	796.4
1588	877.4
1589	664
1590	723.1
1591	720.7
1592	896
1593	733.1
1594	986.8
1595	970.5
1596	949.7
1597	677.6
1598	892.1
1599	1048.7
1600	1015.5
1601	620.3
1602	898.2
1603	1021
1604	983.3
1605	115.2
1606	695.1
1607	686.1
1608	1022.5
1609	676.3
1610	967.7
1611	739.2
1612	939
1613	1014.1
1614	988.7
1615	890.3
1616	988.6
1617	679.6
1618	973.6
1619	114.6
1620	881.4
1621	872.6
1622	902
1623	682.1
1624	890.2
1625	959
1626	880.7
1627	778.2
1628	910
1629	678.1
1630	956.4
1631	784
1632	901.4
1633	677.4
1634	879.3
1635	904
1636	966.3
1637	1044.1
1638	926.8
1639	731.6
1640	714.6
1641	963.9
1642	890.2
1643	1037.6
1644	721.6
1645	879.3
1646	987.5
1647	674.1
1648	757.6
1649	730.3
1650	715.2
1651	955.5
1652	985.2
1653	708.2
1654	887.6
1655	960
1656	973.1
1657	865.3
1658	991.4
1659	1045
1660	918.8
1661	114.6
1662	789.7
1663	974.5
1664	751.8
1665	681.2
1666	922.1
1667	962.9
1668	1006.9
1669	985.1
1670	121.7
1671	952.5
1672	875.2
1673	943.7
1674	945.2
1675	932.9
1676	784.9
1677	120.9
1678	698
1679	915.2
1680	1031
1681	926.7
1682	673.2
1683	962
1684	1010.2
1685	940.8
1686	743.5
1687	916.5
1688	919.7
1689	794.5
1690	975.6
1691	128.7
1692	894.8
1693	108.4
1694	974.9
1695	985.9
1696	768.2
1697	1074.7
1698	707.2
1699	762.2
1700	846.1
1701	898.3
1702	1001.1
1703	981.9
1704	747
1705	718.1
1706	933.4
1707	694.1
1708	677.3
1709	988.7
1710	791.1
1711	733.8
1712	1020.6
1713	869.6
1714	882.9
1715	958.3
1716	923
1717	962.8
1718	122.8
1719	714.2
1720	978.1
1721	883.3
1722	942
1723	915.7
1724	931.9
1725	1007.5
1726	965.2
1727	1012.8
1728	957.3
1729	113.3
1730	882.4
1731	791.5
1732	815.4
1733	985.6
1734	124.4
1735	962.6
1736	738.3
1737	993.9
1738	894.9
1739	899.7
1740	768.2
1741	113.8
1742	759.6
1743	934.9
1744	902.8
1745	908.5
1746	987.1
1747	917.9
1748	953.7
1749	796.9
1750	680.6
1751	931.3
1752	927
1753	892.7
1754	1015.8
1755	923.2
1756	911.2
1757	958.8
1758	997.4
1759	944.2
1760	910.1
1761	938.1
1762	922.8
1763	845.2
1764	997.3
1765	766.8
1766	868.5
1767	937.3
1768	755.4
1769	894.6
1770	978.3
1771	956.5
1772	822.5
1773	889.3
1774	825.5
1775	452.3
1776	855.4
1777	883.3
1778	700.7
1779	741.7
1780	737.1
1781	926.1
1782	925.5
1783	836.1
1784	897.9
1785	863.8
1786	988.6
1787	1006
1788	781.4
1789	922.2
1790	695.5
1791	842.9
1792	970.2
1793	977
1794	672.8
1795	877.7
1796	970.9
1797	1119.9
1798	939.1
1799	885.6
1800	960.4
1801	1005.4
1802	930.2
1803	765.4
1804	925.2
1805	727
1806	765.1
1807	899.5
1808	909.3
1809	967.3
1810	818.5
1811	1020.6
1812	856.4
1813	812.3
1814	845.1
1815	978.2
1816	912.8
1817	957.7
1818	916.4
1819	773
1820	1087.6
1821	992.2
1822	934
1823	1095.4
1824	880.7
1825	1020.7
1826	1031.2
1827	1028
1828	1062
1829	922.7
1830	844
1831	841.3
1832	938.9
1833	840.8
1834	929.9
1835	735.2
1836	745.5
1837	418.1
1838	889.2
1839	1000.2
1840	948.1
1841	806.7
1842	826.7
1843	1093.3
1844	1087.3
1845	855.1
1846	394.3
1847	810.4
1848	1141.2
1849	1015.1
1850	1000.9
1851	857.2
1852	1034.6
1853	951.1
1854	945.7
1855	936.9
1856	812.6
1857	904.4
1858	913.9
1859	984.4
1860	915.3
1861	880.7
1862	819.6
1863	848
1864	915.1
1865	1004.3
1866	1135.7
1867	896.8
1868	926.3
1869	1018.8
1870	559.9
1871	902.7
1872	870.8
1873	887.7
1874	1124.2
1875	930.9
1876	1003.8
1877	905.6
1878	838.5
1879	1176.2
1880	1138.2
1881	1067.1
1882	894.4
1883	1147.7
1884	886
1885	924.9
1886	984.3
1887	897.6
1888	1056.9
1889	809.7
1890	1149.7
1891	538.5
1892	1030.3
1893	939
1894	913.8
1895	1009.6
1896	892.9
1897	878.5
1898	1070
1899	880.3
1900	906.6
1901	1168.3
1902	871.1
1903	1074.1
1904	957
1905	988.4
1906	892.8
1907	411.3
1908	829.6
1909	442.1
1910	397.6
1911	1060.1
1912	903.8
1913	745.3
1914	968
1915	851.3
1916	868.6
1917	943.1
1918	860
1919	894.4
1920	869.4
1921	1108.3
1922	607
1923	788.5
1924	853.3
1925	1053.9
1926	852.6
1927	1097.1
1928	887.5
1929	278.6
1930	893.8
1931	390.1
1932	832.6
1933	884.9
1934	102
1935	882.1
1936	1110
1937	570
1938	1003.7
1939	1113.8
1940	859.5
1941	921.6
1942	103.8
1943	603.2
1944	1060.8
1945	305.5
1946	615.1
1947	608.9
1948	269.8
1949	893.6
1950	0
1951	889.5
1952	608.9
1953	96.6
1954	606.2
1955	65.9
1956	1010.6
1957	1129.3
1958	909.3
1959	107.8
1960	937.9
1961	111.2
1962	879.9
1963	571.5
1964	579.9
1965	845.1
1966	0
1967	406.6
1968	69.8
1969	878.6
1970	1085.9
1971	908.3
1972	609
1973	589.2
1974	1070.9
1975	83
1976	62.9
1977	543.6
1978	1050.9
1979	0
1980	637
1981	1022.2
1982	0
1983	901
1984	832.4
1985	102.9
1986	66.7
1987	1057.1
1988	85.2
1989	0
1990	0
1991	621.7
1992	902.8
1993	113.3
1994	1141.5
1995	1018.9
1996	574.6
1997	56.9
1998	1154.8
1999	919.2
2000	119.4
2001	906.9
2002	64.5
2003	70.2
2004	588.1
2005	579.7
2006	112.4
2007	859.7
2008	149
2009	915.4
2010	56.7
2011	0
2012	593.9
2013	63.8
2014	0
2015	61.4
2016	594.2
2017	926.3
2018	196.1
2019	588.5
2020	612.6
2021	177.4
2022	167.4
2023	591.1
2024	0
2025	1152.2
2026	558.1
2027	79.6
2028	1140.6
2029	948.9
2030	861.7
2031	66.6
2032	155.3
2033	853.6
2034	933.4
2035	75.1
2036	0
2037	950.3
2038	0
2039	570.5
2040	586.9
2041	0
2042	209.9
2043	905.2
2044	1099.9
2045	798.6
2046	583
2047	91.8
2048	596.8
2049	924.8
2050	984.1
2051	148.3
2052	843.7
2053	134.3
2054	92
2055	66.7
2056	957.4
2057	129.1
2058	0
2059	567.6
2060	152.8
2061	149.3
2062	1119.4
2063	581.1
2064	123
2065	619.9
2066	931.9
2067	251.5
2068	905.9
2069	983.1
2070	173.4
2071	160.3
2072	937.5
2073	68.5
2074	1023.7
2075	934.8
2076	0
2077	536
2078	940
2079	605.2
2080	601.9
2081	949.4
2082	826.4
2083	139.2
2084	953.3
2085	945.5
2086	812
2087	617.6
2088	1030
2089	597
2090	968.8
2091	761.2
2092	657.3
2093	973.2
2094	611
2095	109.2
2096	566.2
2097	131.6
2098	923.7
2099	57.9
2100	922.3
2101	918.1
2102	957.8
2103	524.1
2104	461.9
2105	805.8
2106	609.3
2107	658.3
2108	873.1
2109	904.6
2110	895.5
2111	492.2
2112	0
2113	896.1
2114	625.2
2115	900.6
2116	960.2
2117	895.5
2118	57.8
2119	49.4
2120	941.1
2121	138.3
2122	902.4
2123	646.7
2124	966.5
2125	752.1
2126	885.4
2127	112.6
2128	612.4
2129	478.3
2130	639.7
2131	913.6
2132	984.1
2133	576.4
2134	887
2135	40.9
2136	1036.7
2137	126.5
2138	51.9
2139	978.4
2140	494.7
2141	1013.1
2142	123.5
2143	551.7
2144	876.4
2145	992.6
2146	118.3
2147	107.1
2148	902.9
2149	613.7
2150	503.5
2151	580.9
2152	899.4
2153	1126.2
2154	912.4
2155	491.7
2156	544.9
2157	592.8
2158	131.7
2159	139.3
2160	1156.5
2161	566.6
2162	944.2
2163	983
2164	611.9
2165	149.3
2166	490.9
2167	483.3
2168	633
2169	895.8
2170	546.7
2171	649.1
2172	542.9
2173	556.4
2174	506.8
2175	13.6
2176	578.9
2177	1054.4
2178	51.7
2179	549.3
2180	447
2181	1215.4
2182	633.7
2183	568.3
2184	477.8
2185	1015.7
2186	15.7
2187	144.5
2188	453.6
2189	565.3
2190	153
2191	570.7
2192	443.4
2193	497.8
2194	916.2
2195	128
2196	501.8
2197	1185.4
2198	423.6
2199	1177.3
2200	457.6
2201	9.8
2202	117.4
2203	610.3
2204	477.1
2205	652.6
2206	468.3
2207	135.3
2208	143.2
2209	620.7
2210	1150.5
2211	622.2
2212	854.5
2213	981.1
2214	492.1
2215	459.8
2216	131.1
2217	539.1
2218	456.3
2219	1191.6
2220	104.1
2221	386.5
2222	1157.9
2223	429.9
2224	611.6
2225	503.7
2226	123.3
2227	1239.3
2228	568.3
2229	626
2230	883.3
2231	411
2232	562.8
2233	482
2234	1176
2235	585.1
2236	540.1
2237	625.4
2238	603.8
2239	149.3
2240	594.8
2241	547.6
2242	550.3
2243	631.7
2244	606.2
2245	1244
2246	442.3
2247	574.4
2248	1222.9
2249	588.4
2250	483.5
2251	95.5
2252	1065.4
2253	554.3
2254	161.5
2255	566.3
2256	1108.7
2257	121.8
2258	469.7
2259	1204.8
2260	530.5
2261	569
2262	551.8
2263	1275.2
2264	1272.4
2265	1200.2
2266	583
2267	611.9
2268	870.2
2269	161.7
2270	786.7
2271	1034.2
2272	559.1
2273	145.6
2274	754.4
2275	996.7
2276	165.4
2277	600.4
2278	735.4
2279	544.6
2280	587.4
2281	813.1
2282	1306
2283	197.5
2284	747.9
2285	1195.7
2286	927.6
2287	131.2
2288	1091.8
2289	555.7
2290	578.9
2291	517.2
2292	1193.6
2293	195.6
2294	201
2295	1024.1
2296	1015
2297	1283.9
2298	546.1
2299	129
2300	574.3
2301	756.5
2302	566.9
2303	542.9
2304	533.8
2305	512.5
2306	1074.2
2307	1106.9
2308	604.5
2309	938
2310	1245.9
2311	916.2
2312	796.4
2313	739.6
2314	623
2315	961.1
2316	526.4
2317	1208.8
2318	490.4
2319	498.5
2320	1052.8
2321	1155.7
2322	664.3
2323	633.9
2324	1194.5
2325	1032.5
2326	928.9
2327	574.2
2328	1181.3
2329	596.6
2330	1004.7
2331	894.5
2332	241.6
2333	767.8
2334	1081.1
2335	1001.3
2336	957.9
2337	830.2
2338	263
2339	193.1
2340	1171.1
2341	999.1
2342	996.2
2343	239.3
2344	795.7
2345	248.6
2346	998
2347	596
2348	808.9
2349	978.4
2350	816.1
2351	1008.9
2352	643.2
2353	987.3
2354	880.7
2355	1138.7
2356	978.7
2357	898.7
2358	138.5
2359	1171
2360	1040.2
2361	1039.2
2362	212.1
2363	1173
2364	1032.7
2365	1002.5
2366	1019.4
2367	912.8
2368	1016.8
2369	178.4
2370	1241.2
2371	860.9
2372	950.4
2373	957
2374	133
2375	889.3
2376	999.5
2377	1000.3
2378	990.6
2379	998.8
2380	976.5
2381	941.3
2382	1176.2
2383	1000.8
2384	926.5
2385	819.4
2386	663.7
2387	667.6
2388	982.1
2389	1206.9
2390	926.9
2391	895.9
2392	1241.4
2393	991.5
2394	1259.5
2395	187.2
2396	981.5
2397	905.5
2398	798.4
2399	977.6
2400	926.3
2401	949.3
2402	1260.5
2403	933.9
2404	166
2405	905.8
2406	886.6
2407	1033.7
2408	969.9
2409	937.5
2410	993.3
2411	1010.1
2412	1002.9
2413	896.9
2414	169.4
2415	1025.7
2416	907
2417	928.3
2418	959.1
2419	943.2
2420	1205.3
2421	1056.8
2422	1059.3
2423	887
2424	974.7
2425	147.2
2426	1037
2427	926.4
2428	1222.7
2429	1044.1
2430	975.1
2431	945.5
2432	927.2
2433	1237.8
2434	165.6
2435	981.5
2436	924
2437	131.2
2438	961.1
2439	538.6
2440	948.1
2441	1082.1
2442	861.3
2443	904.6
2444	1193.1
2445	1020.8
2446	154
2447	979.6
2448	560.1
2449	1010.3
2450	1054.5
2451	923.4
2452	927.9
2453	547.7
2454	1135.8
2455	1045.8
2456	560.5
2457	1023.8
2458	931.8
2459	993.3
2460	113
2461	569.2
2462	508.4
2463	139.4
2464	566.5
2465	1090
2466	1111.4
2467	739.3
2468	927.3
2469	1013.5
2470	572.3
2471	943.9
2472	1057.8
2473	133.9
2474	538
2475	947.3
2476	699.9
2477	953.9
2478	928.7
2479	681.2
2480	990.2
2481	465.7
2482	99.4
2483	691.1
2484	1033.5
2485	968.3
2486	929
2487	1169.3
2488	950.5
2489	567.7
2490	1218.5
2491	116.7
2492	1061.4
2493	682.7
2494	959.6
2495	917.9
2496	103.5
2497	812
2498	905.9
2499	99.7
2500	1053.6
2501	926
2502	917.3
2503	685.7
2504	475.3
2505	966.4
2506	940.2
2507	1134.9
2508	519
2509	684.8
2510	518.1
2511	0
2512	978.9
2513	926.6
2514	898.4
2515	898.4
2516	969.3
2517	145.3
2518	348.8
2519	936.1
2520	1062.6
2521	895.7
2522	0
2523	136.1
2524	1106.8
2525	359.1
2526	895.2
2527	889.5
2528	895.7
2529	932.3
2530	775.3
2531	803.5
2532	820
2533	1069.5
2534	359.2
2535	888.9
2536	1060.6
2537	382.5
2538	0
2539	1165.1
2540	1036
2541	1098.2
2542	982.7
2543	928.1
2544	398.3
2545	995.4
2546	507.9
2547	942.7
2548	1016.7
2549	946.2
2550	1107.2
2551	163.1
2552	1151.2
2553	851.5
2554	1070.2
2555	864.4
2556	930
2557	904.4
2558	912.9
2559	766.8
2560	0
2561	817.6
2562	1159.6
2563	1009.2
2564	1069.1
2565	1037.4
2566	150
2567	973.5
2568	0
2569	936.1
2570	351.8
2571	175.7
2572	973.3
2573	527.2
2574	951.4
2575	409.1
2576	908.3
2577	842.9
2578	894.3
2579	897.8
2580	960.7
2581	1061.9
2582	1160.3
2583	1028.3
2584	1092.2
2585	0
2586	1138.1
2587	910.5
2588	923.7
2589	862.5
2590	927.6
2591	887.8
2592	823.1
2593	739.8
2594	317.5
2595	1050.9
2596	0
2597	912.1
2598	1142.6
2599	949.1
2600	879
2601	847.6
2602	1058.4
2603	789.9
2604	1139.7
2605	960.1
2606	447.8
2607	0
2608	713.2
2609	1047.3
2610	519.9
2611	1011.1
2612	783.6
2613	885.9
2614	1084.9
2615	208.7
2616	1009.8
2617	0
2618	1001.1
2619	1040.8
2620	1124.9
2621	306.8
2622	896.2
2623	0
2624	801.5
2625	1120.1
2626	269
2627	939.2
2628	204.1
2629	1075.8
2630	864
2631	794.7
2632	0
2633	886.2
2634	891.4
2635	810.4
2636	1046
2637	993.2
2638	369.1
2639	793.4
2640	734
2641	421
2642	0
2643	1162.7
2644	468.7
2645	1139
2646	739.6
2647	359.8
2648	980.8
2649	423.9
2650	0
2651	969.1
2652	461.4
2653	905.8
2654	484.8
2655	819.1
2656	1043.3
2657	367.1
2658	816.6
2659	985
2660	0
2661	355.9
2662	1133.5
2663	444.9
2664	793.3
2665	447.4
2666	412.2
2667	258.6
2668	378.6
2669	901.8
2670	1151.1
2671	975.9
2672	978.9
2673	447.2
2674	354.8
2675	445.3
2676	183.1
2677	1175.9
2678	1016.2
2679	466.6
2680	393.2
2681	372.5
2682	368.2
2683	867.9
2684	801.2
2685	899.6
2686	1000
2687	1002.7
2688	342.7
2689	360.5
2690	418.7
2691	363.9
2692	154.7
2693	452.4
2694	759.7
2695	1019.7
2696	878.6
2697	1041.4
2698	1130.6
2699	33.4
2700	961.4
2701	222.2
2702	430.2
2703	763.6
2704	774.5
2705	805.4
2706	398.5
2707	23.2
2708	433.9
2709	357.4
2710	446.7
2711	394.1
2712	928.3
2713	879.7
2714	430.7
2715	718.2
2716	432
2717	354.8
2718	732.6
2719	755.5
2720	349.4
2721	767.7
2722	366.4
2723	934.8
2724	77.6
2725	432.1
2726	804.8
2727	925.2
2728	742.5
2729	890.6
2730	378.8
2731	913.2
2732	378.7
2733	379.5
2734	390.3
2735	785.9
2736	71.7
2737	735.8
2738	367.7
2739	760.9
2740	352.5
2741	356.6
2742	364.9
2743	752
2744	775.8
2745	349.3
2746	87.7
2747	707.8
2748	947.4
2749	857.2
2750	369.3
2751	456.8
2752	866.6
2753	777.2
2754	381.6
2755	336.6
2756	692.9
2757	849.2
2758	467.6
2759	704.7
2760	755.3
2761	695.2
2762	795
2763	74.6
2764	394.2
2765	356.3
2766	355.5
2767	92.9
2768	330.9
2769	739.4
2770	799.7
2771	448.4
2772	361.6
2773	245.3
2774	480.6
2775	384.1
2776	835
2777	350.8
2778	393.5
2779	833.8
2780	166.6
2781	880.6
2782	385.3
2783	692.1
2784	712.9
2785	81.1
2786	84.6
2787	352
2788	713.8
2789	394.3
2790	900.9
2791	367.7
2792	392.3
2793	481.3
2794	842.8
2795	693.2
2796	325.9
2797	490.1
2798	357.9
2799	861.8
2800	393.9
2801	406.1
2802	436
2803	690.5
2804	197.4
2805	395.2
2806	853.2
2807	448.8
2808	389.4
2809	401.6
2810	75.8
2811	400.4
2812	321.9
2813	368.3
2814	903.2
2815	403.4
2816	670
2817	778.6
2818	470.7
2819	927.8
2820	417.8
2821	364.9
2822	839
2823	394.6
2824	67.9
2825	781.1
2826	82.2
2827	163.5
2828	334.7
2829	89.3
2830	893.3
2831	783.1
2832	769.4
2833	720.6
2834	438
2835	382.2
2836	921.8
2837	715.8
2838	395.3
2839	366.2
2840	421.1
2841	798.3
2842	444.9
2843	812.3
2844	293.6
2845	781.6
2846	73.2
2847	406.1
2848	395.2
2849	370.7
2850	392.2
2851	436.2
2852	896.2
2853	911.9
2854	418.9
2855	908.1
2856	361.4
2857	864.3
2858	417.9
2859	869.3
2860	832.4
2861	774.4
2862	341.7
2863	336.5
2864	351.4
2865	820.7
2866	395.6
2867	907.6
2868	356.3
2869	384.1
2870	853.6
2871	399.8
2872	388.7
2873	413.3
2874	92.5
2875	866
2876	95.3
2877	879.4
2878	927.3
2879	305.1
2880	925.7
2881	882.9
2882	837.7
2883	881.8
2884	380.2
2885	377.8
2886	416.1
2887	352.1
2888	94.8
2889	89.7
2890	94.1
2891	818.4
2892	395.8
2893	409
2894	388.2
2895	404.7
2896	104.7
2897	416.8
2898	835.6
2899	426.2
2900	355.4
2901	316.3
2902	884.1
2903	426.2
2904	225.8
2905	900.9
2906	401.7
2907	387.1
2908	866.9
2909	444.1
2910	776.8
2911	424.8
2912	870.1
2913	438.9
2914	901.9
2915	349.8
2916	431.4
2917	89.5
2918	433.1
2919	299.3
2920	343.8
2921	775.9
2922	787.7
2923	844.4
2924	407.6
2925	826.8
2926	395.6
2927	256.1
2928	381.1
2929	391.7
2930	442.4
2931	946.9
2932	422.2
2933	881.9
2934	231.9
2935	840.5
2936	273.5
2937	784.2
2938	311.9
2939	848.6
2940	273.7
2941	775.3
2942	274.2
2943	447.6
2944	277.9
2945	836.3
2946	796.6
2947	449.1
2948	977.1
2949	793.9
2950	771.3
2951	464.5
2952	902.8
2953	446.9
2954	783.9
2955	459.7
2956	436.4
2957	389.8
2958	985.8
2959	326.4
2960	820.9
2961	849.9
2962	793.6
2963	388.6
2964	450.8
2965	768.5
2966	480
2967	465.1
2968	842.1
2969	333.2
2970	280.2
2971	810.6
2972	390.8
2973	229.3
2974	835.3
2975	1078.5
2976	409.2
2977	435
2978	397.3
2979	873.9
2980	862.6
2981	823.3
2982	442.2
2983	899.4
2984	893.2
2985	757.7
2986	822.6
2987	813.4
2988	882
2989	286.4
2990	688.4
2991	1099.5
2992	428.2
2993	827.7
2994	865.6
2995	943.5
2996	471.3
2997	423.3
2998	746.5
2999	430.7
3000	785.5
3001	400.9
3002	861.3
3003	808.8
3004	357
3005	401.5
3006	906.9
3007	793.2
3008	910.7
3009	346.1
3010	256.3
3011	909.8
3012	474.6
3013	939.3
3014	742.9
3015	312.2
3016	858.4
3017	1056.5
3018	787.6
3019	311.8
3020	778.9
3021	351.6
3022	368.1
3023	346.2
3024	906.1
3025	752
3026	975.7
3027	987.9
3028	813.5
3029	949
3030	266.6
3031	417
3032	433.8
3033	305.7
3034	447
3035	785.7
3036	278.7
3037	416.8
3038	298.5
3039	819.3
3040	1083.7
3041	927.4
3042	976.4
3043	1027.5
3044	911.7
3045	1057.7
3046	271.7
3047	291.1
3048	965.9
3049	773.5
3050	1058.6
3051	1007.5
3052	882
3053	1106.3
3054	781
3055	825.6
3056	1035.8
3057	289.9
3058	1080.4
3059	857.7
3060	272.5
3061	369.8
3062	322.9
3063	1041.9
3064	1134.9
3065	334.5
3066	1026
3067	349
3068	985.5
3069	313
3070	883.5
3071	416.2
3072	857.4
3073	222.5
3074	1096.3
3075	392.5
3076	426.1
3077	901.1
3078	827.6
3079	1026.9
3080	1001.4
3081	299
3082	360.8
3083	1108.6
3084	341.8
3085	876.8
3086	1034.2
3087	1181
3088	1075.3
3089	1148.9
3090	897.8
3091	324.4
3092	283.6
3093	429.1
3094	268.3
3095	267.3
3096	933.7
3097	273.4
3098	1160.4
3099	284.3
3100	934.3
3101	179.8
3102	389.7
3103	1075.7
3104	1085
3105	354.4
3106	1069.2
3107	1048.2
3108	272.7
3109	399.7
3110	269.4
3111	1256.2
3112	152.6
3113	1218.4
3114	331.7
3115	367
3116	391.2
3117	319.4
3118	1105.4
3119	1060.3
3120	131.3
3121	1047
3122	232.6
3123	1072.4
3124	310.7
3125	503.2
3126	208.7
3127	152.3
3128	275.5
3129	260.9
3130	282.4
3131	1069.8
3132	1009.5
3133	1156.6
3134	1168
3135	229.3
3136	1135
3137	184.2
3138	280.7
3139	1034.8
3140	911
3141	360.7
3142	951
3143	1060.7
3144	300.8
3145	147.7
3146	239.4
3147	176.3
3148	424.4
3149	247.3
3150	169.8
3151	185.3
3152	1023.3
3153	1061.8
3154	956.8
3155	0.1
3156	930.9
3157	909.3
3158	167
3159	974
3160	156.5
3161	175.6
3162	1040.7
3163	263.7
3164	207.8
3165	36
3166	1040.2
3167	38.9
3168	1072.3
3169	245.6
3170	1068.7
3171	296.9
3172	1059.3
3173	241.5
3174	0.1
3175	987.7
3176	275.2
3177	273.5
3178	284.4
3179	265.9
3180	194.6
3181	35.6
3182	1018.9
3183	1057.7
3184	188.5
3185	182.6
3186	931.8
3187	968.8
3188	0.1
3189	901.5
3190	286.6
3191	269.2
3192	0.1
3193	505.9
3194	1047.3
3195	1063.1
3196	262.1
3197	38.9
3198	34.5
3199	1011
3200	238.2
3201	250.6
3202	1034
3203	1085.9
3204	37.9
3205	166.5
3206	246.9
3207	573.5
3208	244.6
3209	541.6
3210	183.4
3211	188.3
3212	1007
3213	262.4
3214	229.6
3215	298.2
3216	273.3
3217	316.2
3218	170.6
3219	170.4
3220	38.6
3221	274.5
3222	183.8
3223	252.2
3224	1067.8
3225	277.9
3226	1086.7
3227	296.1
3228	489.2
3229	549.3
3230	39.6
3231	447.2
3232	303.2
3233	258.4
3234	1072.3
3235	1086.9
3236	183.2
3237	221
3238	181.3
3239	520.2
3240	50.1
3241	822
3242	517.1
3243	174.4
3244	533.1
3245	296.2
3246	331
3247	517.9
3248	257.4
3249	293.3
3250	45.5
3251	1073.9
3252	1052.6
3253	510.9
3254	173
3255	246.2
3256	343.7
3257	179.9
3258	575.9
3259	880.7
3260	312.8
3261	607.7
3262	171.6
3263	266.3
3264	244
3265	264
3266	487.6
3267	923.8
3268	171.7
3269	1032.5
3270	438.8
3271	230.6
3272	986.2
3273	225.6
3274	1055.3
3275	510.3
3276	398.7
3277	441.8
3278	1022.4
3279	272.4
3280	268.6
3281	324.2
3282	232
3283	154.4
3284	476.7
3285	218.8
3286	1057.6
3287	278.8
3288	722
3289	472.1
3290	347.7
3291	1021.9
3292	278.3
3293	691.5
3294	728.8
3295	305.1
3296	242.9
3297	305.3
3298	841
3299	370.5
3300	917.4
3301	415.9
3302	302.8
3303	1060.7
3304	805.9
3305	173
3306	523.6
3307	281.6
3308	1018.2
3309	504.9
3310	405.1
3311	289.9
3312	792.2
3313	381.9
3314	217.8
3315	483.8
3316	872.9
3317	249.4
3318	132.9
3319	176.3
3320	364.2
3321	506.7
3322	206.9
3323	651.3
3324	505.3
3325	384.8
3326	517
3327	165.9
3328	272.6
3329	346
3330	822.2
3331	312.1
3332	298.8
3333	369.1
3334	218
3335	946.9
3336	507.7
3337	155.8
3338	338.7
3339	222.1
3340	236.3
3341	922.1
3342	502
3343	275
3344	374.9
3345	164
3346	229.8
3347	520.8
3348	168.5
3349	488.1
3350	165.4
3351	240.4
3352	155.1
3353	330.6
3354	526.8
3355	350.6
3356	359.6
3357	496.5
3358	227.2
3359	339.9
3360	174.5
3361	366.8
3362	477
3363	784.8
3364	622.9
3365	288.8
3366	335.7
3367	348.2
3368	243.5
3369	254.8
3370	614
3371	358.5
3372	274.9
3373	338.2
3374	334.2
3375	503.6
3376	342.3
3377	472.5
3378	487.1
3379	518.3
3380	353.1
3381	355.3
3382	499.5
3383	359.9
3384	357.1
3385	365
3386	351.2
3387	521
3388	509.9
3389	387
3390	386.3
3391	370.2
3392	390
3393	519.5
3394	421.7
3395	383.9
3396	404.5
3397	416.6
3398	343.6
3399	329.1
3400	770.7
3401	807
3402	727
3403	795.3
3404	1001.4
3405	973.8
3406	1019
3407	825.4
3408	1050.3
3409	931
3410	152.5
3411	155.4
3412	935.2
3413	937.2
3414	956.9
3415	878
3416	725.6
3417	960.4
3418	914.9
3419	872.3
3420	750.9
3421	834.3
3422	925.3
3423	846.6
3424	993.1
3425	1018.5
3426	905.4
3427	739.5
3428	458.3
3429	1115.6
3430	388.5
3431	846.8
3432	1086.4
3433	949.6
3434	1003.8
3435	680.4
3436	853
3437	942.7
3438	701.1
3439	673.4
3440	842.4
3441	1044.9
3442	643.2
3443	917.8
3444	768
3445	628.9
3446	711.3
3447	687
3448	668.7
3449	967.1
3450	712.5
3451	994.9
3452	972.5
3453	859.1
3454	899.1
3455	900.8
3456	120.8
3457	918.6
3458	796.8
3459	715.5
3460	979.4
3461	117.7
3462	928.7
3463	1005.7
3464	713.1
3465	743
3466	705.1
3467	913.8
3468	946.4
3469	725.4
3470	857.3
3471	1027.9
3472	560.1
3473	918.6
3474	936.1
3475	900.1
3476	878.1
3477	1002.3
3478	932.9
3479	869.6
3480	970.2
3481	980.5
3482	408.6
3483	57
3484	963.1
3485	60.9
3486	872.8
3487	0
3488	85.7
3489	1070.6
3490	1053
3491	612.1
3492	900
3493	54.9
3494	923.6
3495	1073.7
3496	130.2
3497	395.8
3498	391.6
3499	1058.4
3500	537.9
3501	153.4
3502	122.9
3503	478.3
3504	492
3505	906.5
3506	1148.8
3507	496.3
3508	1090.6
3509	205.4
3510	595.7
3511	1115.5
3512	991.5
3513	246.4
3514	932.7
3515	1256.9
3516	967
3517	838.2
3518	932.1
3519	962.7
3520	1083.1
3521	1037.5
3522	572
3523	956.2
3524	924.6
3525	946.9
3526	153.4
3527	930.3
3528	1072.9
3529	857.8
3530	848
3531	1156.4
3532	394.1
3533	1043.4
3534	1038
3535	947.1
3536	372.5
3537	106.2
3538	992.9
3539	426.4
3540	469.7
3541	377.4
3542	384.4
3543	386.8
3544	324.6
3545	490.3
3546	359.8
3547	337.5
3548	397.3
3549	950.8
3550	854.9
3551	892.2
3552	333.2
3553	357.5
3554	923.7
3555	428
3556	859.7
3557	238.2
3558	448.2
3559	218.8
3560	419.3
3561	753
3562	279
3563	1000.6
3564	308.9
3565	330.4
3566	303.2
3567	977
3568	1057.9
3569	964.7
3570	995.5
3571	1027.1
3572	305.5
3573	1088.9
3574	392.9
3575	347.1
3576	1014.7
3577	1160.7
3578	166
3579	283.2
3580	274.3
3581	258.2
3582	175.6
3583	248.6
3584	1089
3585	284.8
3586	1086.5
3587	278.1
3588	547.2
3589	273.5
3590	327.2
3591	155.7
3592	363.6
3593	489.8
3594	369.2
