"COMID"	"Value"
1	39.5
2	16.8
3	60.6
4	101.7
5	10.5
6	2.1
7	45.9
8	25.1
9	0.1
10	0.7
11	122.4
12	0.1
13	10.5
14	64.1
15	22.8
16	0
17	63
18	23.7
19	45.9
20	41
21	36.4
22	59.3
23	0.4
24	0.1
25	43.5
26	55.4
27	32.8
28	17.1
29	0
30	32.1
31	38.4
32	20.7
33	63.6
34	0.2
35	83.3
36	0.4
37	59.6
38	0.7
39	0.1
40	0.2
41	58.3
42	36.6
43	0.3
44	19.1
45	12.2
46	10.1
47	8.9
48	59.7
49	40.4
50	51.6
51	0
52	13
53	0.6
54	53.7
55	55.5
56	39.9
57	0.1
58	0.1
59	21.2
60	0.1
61	0.4
62	0.3
63	41.8
64	23.8
65	0.2
66	13.1
67	51.8
68	8.4
69	12.8
70	21.5
71	1.8
72	43.2
73	0.1
74	28.4
75	20.9
76	10.1
77	12.9
78	12.2
79	52
80	4.6
81	79.4
82	6.3
83	41.8
84	0.5
85	37.4
86	9.1
87	0.1
88	0.1
89	4.8
90	27.7
91	78.4
92	54.7
93	40.4
94	0.3
95	41.4
96	3.3
97	45.8
98	0.4
99	8.7
100	49.6
101	28.6
102	32.8
103	0
104	8
105	9.3
106	47
107	12.9
108	1.1
109	2.1
110	1.1
111	1.3
112	45.9
113	1.3
114	45.5
115	33.4
116	8.5
117	14.3
118	14.4
119	1
120	21.7
121	11.7
122	30.1
123	1.8
124	12.7
125	11.5
126	51.2
127	94.3
128	15
129	0
130	33.3
131	3.7
132	3
133	14.6
134	21.1
135	11.4
136	11
137	16.2
138	1.4
139	0.7
140	24.3
141	24.9
142	7.1
143	1
144	16.4
145	1.4
146	13.6
147	38.5
148	16.5
149	12
150	19
151	12.9
152	10.8
153	0.4
154	9.4
155	1.8
156	28.8
157	17.3
158	3.8
159	5.6
160	39
161	22.2
162	1.7
163	11
164	18.4
165	1
166	0.7
167	13.7
168	3.1
169	14
170	31.7
171	8.5
172	12.2
173	33.7
174	0.7
175	10.9
176	57.8
177	6.5
178	7.4
179	11.8
180	0.5
181	0.8
182	16.1
183	2.7
184	0.3
185	2.1
186	23.6
187	5.7
188	0.4
189	0.3
190	28.2
191	0.2
192	10.3
193	9
194	57.5
195	6.2
196	0.4
197	6.6
198	0.1
199	12.5
200	0.3
201	0.3
202	4.1
203	0.7
204	0.4
205	4.2
206	17
207	66.8
208	52.5
209	13.2
210	8.9
211	37.8
212	15
213	12.2
214	1.9
215	12.9
216	8.5
217	6.2
218	3.3
219	4.1
220	0.6
221	2.8
222	12.6
223	44.1
224	0.3
225	4.4
226	9.5
227	1.7
228	12.7
229	0.7
230	88.9
231	6.9
232	8.1
233	35.4
234	6.9
235	46.1
236	10.5
237	13.2
238	3.1
239	10.3
240	12.9
241	10.1
242	0.7
243	2.1
244	33.8
245	14.2
246	37.6
247	19.7
248	9.3
249	0.1
250	34.3
251	9.1
252	5.3
253	7.3
254	2
255	0.7
256	104.1
257	1.5
258	10
259	23.2
260	4.1
261	13.8
262	9.7
263	41.4
264	0.6
265	0.4
266	11
267	32.6
268	3.3
269	33.2
270	0.2
271	10.1
272	10.6
273	35.1
274	2.2
275	9.7
276	2.9
277	0.4
278	10
279	0.6
280	8.5
281	10
282	32.4
283	0.6
284	49.3
285	0.6
286	9
287	6.2
288	26.1
289	2.7
290	0
291	1.9
292	22.8
293	2.8
294	3.9
295	0.2
296	28.9
297	35.4
298	0.5
299	10.4
300	36.5
301	0.4
302	37.5
303	26.6
304	17
305	35.5
306	58.8
307	35.3
308	14.6
309	4.2
310	19.6
311	34.3
312	27.3
313	23.9
314	30.6
315	1.5
316	1.1
317	3
318	87.7
319	2.3
320	26.4
321	0.1
322	17.8
323	26.8
324	3.2
325	2.9
326	2.9
327	2.5
328	2.3
329	0.3
330	1.1
331	1.8
332	0.2
333	0.5
334	1
335	8.1
336	0.4
337	4.4
338	0.5
339	17.5
340	5.4
341	0.3
342	3.8
343	1.4
344	17.5
345	16
346	4.4
347	1.2
348	50.6
349	23.6
350	0.8
351	2.3
352	1.7
353	19.7
354	12.1
355	2.5
356	2.3
357	2.1
358	11.1
359	2.7
360	8.8
361	2.2
362	8.3
363	7.4
364	2.9
365	10.3
366	1.1
367	3.2
368	130.9
369	2
370	21.7
371	2
372	0.8
373	1.2
374	2.7
375	7.4
376	0
377	21.8
378	1.1
379	2.6
380	23.3
381	1.5
382	1.8
383	24.1
384	2.6
385	2.7
386	2.2
387	150.3
388	12.1
389	3.7
390	113.7
391	0.4
392	4.6
393	4.6
394	0.3
395	1.4
396	3.9
397	6.3
398	0.3
399	11.9
400	0.2
401	39.1
402	4.3
403	2.5
404	2.3
405	0.2
406	8
407	11.2
408	1.9
409	2.9
410	2.6
411	45.5
412	1.4
413	10.4
414	0.5
415	9.8
416	0.7
417	2.3
418	1.2
419	1.8
420	1
421	8.2
422	8.5
423	23
424	7
425	433.4
426	3.2
427	1.4
428	8.7
429	31.7
430	2.3
431	5.4
432	0.3
433	336.9
434	0.6
435	0.1
436	217.5
437	16.5
438	454.5
439	2.7
440	22.8
441	0.9
442	0
443	7.5
444	0.4
445	544.1
446	0.2
447	577.8
448	536.4
449	0.1
450	2.1
451	2
452	59.5
453	3.3
454	0
455	1.1
456	0.2
457	46
458	38.3
459	10.8
460	0.8
461	38.6
462	68.6
463	18
464	3.3
465	40.9
466	3.4
467	0.5
468	0.6
469	0.1
470	2.1
471	14.4
472	22.4
473	6.2
474	0.4
475	39.2
476	0.1
477	67
478	0.8
479	0.2
480	42.6
481	1.7
482	1
483	55.8
484	0.2
485	0.2
486	10
487	0.2
488	22.1
489	2.3
490	18.3
491	0.3
492	34.8
493	4.3
494	7.1
495	18.6
496	1.3
497	2
498	0.1
499	2.6
500	1.8
501	0.1
502	7.1
503	0.2
504	0.3
505	0.8
506	1
507	1.7
508	0.5
509	0.9
510	0
511	4
512	5
513	1.2
514	0.8
515	1.9
516	0.3
517	2.4
518	0.6
519	1.1
520	18.1
521	0
522	0.3
523	1
524	37.3
525	0
526	0.6
527	0
528	0.2
529	2
530	5.9
531	4.3
532	43.1
533	0
534	0
535	6.9
536	29
537	10.8
538	3.7
539	0
540	0.1
541	1.6
542	4.7
543	0
544	2.9
545	12.1
546	3.1
547	0
548	10.2
549	13.6
550	0
551	1.1
552	0
553	19.4
554	1.7
555	0.1
556	0
557	0.7
558	7.8
559	5.2
560	1.8
561	24.3
562	5.1
563	3.1
564	0.6
565	6.5
566	5
567	0.1
568	2.7
569	1.7
570	1
571	26.2
572	1.1
573	0.3
574	0
575	0.1
576	26.1
577	2.4
578	5.4
579	5.3
580	2.2
581	2.1
582	0
583	0.1
584	0.3
585	36.2
586	0
587	5.9
588	0
589	12.3
590	1.1
591	0
592	6.4
593	2.7
594	1.1
595	0
596	0.1
597	0.8
598	0
599	6.6
600	0.6
601	0.1
602	0.8
603	492.9
604	0
605	1.1
606	0
607	0.1
608	0.2
609	3.4
610	0.2
611	16.7
612	3.1
613	0.3
614	71.3
615	12.3
616	1.4
617	14.7
618	427.8
619	1.8
620	0.8
621	0
622	77
623	80.8
624	75
625	0.1
626	0
627	3.2
628	0.1
629	2.5
630	10.1
631	0.1
632	470.1
633	89.7
634	0.3
635	2.2
636	2.2
637	1.3
638	0
639	525.2
640	17.9
641	4.6
642	0.9
643	55.3
644	4.1
645	500.6
646	110.3
647	0.2
648	542.9
649	65
650	0.2
651	12.7
652	0.1
653	0.4
654	0.2
655	0.5
656	0.1
657	63.7
658	25.1
659	57.2
660	7.9
661	27.6
662	91.8
663	53.9
664	0.2
665	0
666	0.4
667	22.1
668	25.3
669	26.2
670	0.3
671	0.2
672	0.2
673	111
674	23
675	47.7
676	43.5
677	5.4
678	0.8
679	0.1
680	8.3
681	113
682	62.7
683	22.5
684	42.8
685	0.2
686	6.7
687	0.7
688	43.2
689	0.2
690	128.6
691	17.9
692	4.2
693	0.5
694	20.6
695	18.8
696	54.4
697	0.1
698	46.2
699	61.5
700	48.4
701	20.6
702	53.7
703	43.5
704	53.4
705	15
706	0.4
707	7.2
708	49.4
709	15.5
710	39
711	13.1
712	17.7
713	45.7
714	0.2
715	35.2
716	2.6
717	537
718	49.9
719	47.5
720	42.1
721	0.2
722	12.8
723	44.7
724	70.7
725	0.2
726	1
727	16.8
728	18.7
729	17.7
730	36
731	0.9
732	17
733	39.8
734	45.3
735	20.8
736	0.4
737	60.7
738	39
739	67.8
740	71.3
741	15.3
742	531.7
743	45.5
744	8.9
745	0.7
746	40.5
747	42
748	0.4
749	49.7
750	0.2
751	31.2
752	44.2
753	38.9
754	44.5
755	49.3
756	64.1
757	38.4
758	119.5
759	0.3
760	36
761	0.2
762	17
763	41.2
764	5
765	28.7
766	14.2
767	135.8
768	42.7
769	69.2
770	40
771	84.6
772	123.8
773	23.4
774	25.5
775	16.7
776	0.4
777	9.2
778	79.4
779	4.8
780	68.5
781	37.2
782	732.3
783	730.9
784	717.3
785	734.4
786	696.5
787	721.3
788	613.1
789	665
790	709
791	692.7
792	698.2
793	661.7
794	735.7
795	739.2
796	643.2
797	735.1
798	665.7
799	695.2
800	714.6
801	650.2
802	679.5
803	709.9
804	574.2
805	671.3
806	700.8
807	518.2
808	692.6
809	702.6
810	751.8
811	678.9
812	714
813	706.5
814	712.3
815	727.5
816	710.4
817	595.2
818	696.2
819	743.5
820	690.1
821	851.8
822	961.2
823	700.9
824	726.7
825	839.3
826	726.1
827	1009.2
828	975.8
829	888
830	967.9
831	815.3
832	1010.2
833	886.6
834	1002.3
835	917.4
836	959.1
837	737.1
838	891
839	920.5
840	919.9
841	875.1
842	912.4
843	458.9
844	1015.5
845	858
846	961.3
847	924.3
848	945.6
849	953.6
850	1024.4
851	1020.7
852	887.3
853	925
854	957.2
855	943.7
856	897.9
857	852.5
858	1024
859	807.8
860	881.9
861	993.3
862	245.9
863	880.2
864	823.6
865	954
866	897.8
867	832.2
868	1051.4
869	813.9
870	665.2
871	834.3
872	842.7
873	314.9
874	965.4
875	1006.7
876	861.8
877	904.9
878	914
879	979.5
880	871.5
881	922.6
882	922.9
883	812.1
884	922.1
885	903.8
886	172.1
887	841
888	868.9
889	945.7
890	956.1
891	879.5
892	883.9
893	927.2
894	189.6
895	947.9
896	1012.5
897	872.1
898	832.5
899	936.4
900	919
901	886.4
902	1035.1
903	1012.9
904	922
905	875.9
906	1025.6
907	903.4
908	861.1
909	938.9
910	164.2
911	924.4
912	857.2
913	893.6
914	872.1
915	205.6
916	828.5
917	959.7
918	874.1
919	890.7
920	897.8
921	822.3
922	918.9
923	480
924	885.4
925	989.1
926	874.2
927	940.1
928	756.2
929	850.8
930	938.1
931	939.3
932	793.6
933	952.7
934	171.6
935	879.5
936	888.9
937	1027.3
938	1003.2
939	966.7
940	868.7
941	967.9
942	912.1
943	134.4
944	1014.6
945	850.2
946	904.1
947	166.6
948	867.1
949	926.4
950	920
951	940.5
952	866
953	782.8
954	801.4
955	935.7
956	843.1
957	872.5
958	775
959	854.6
960	899.2
961	962.4
962	885.4
963	870.5
964	99.1
965	893.3
966	952.9
967	125.9
968	875.5
969	901
970	668.1
971	931.2
972	879.9
973	890.3
974	865.8
975	1013
976	967.4
977	976.8
978	782.6
979	947.5
980	977.5
981	869.5
982	898.3
983	919.8
984	966.6
985	963.4
986	937.8
987	786.9
988	969.7
989	950.1
990	264.3
991	904.8
992	576.1
993	972.6
994	895.5
995	1021.2
996	937.9
997	953.7
998	774.7
999	889.5
1000	96.7
1001	781.7
1002	988.7
1003	223.8
1004	936.8
1005	777.6
1006	965
1007	111.5
1008	785.6
1009	464.7
1010	937.8
1011	906.3
1012	950.1
1013	767
1014	974.6
1015	771.8
1016	132.9
1017	968.3
1018	754.6
1019	782
1020	934.2
1021	910.7
1022	954.2
1023	940.8
1024	986.7
1025	963.6
1026	972.9
1027	921.4
1028	930.1
1029	782.3
1030	719.4
1031	122.5
1032	216.8
1033	706.2
1034	877
1035	662.6
1036	875
1037	951.3
1038	890.2
1039	764.6
1040	814.1
1041	943.3
1042	816.3
1043	126.8
1044	733.7
1045	814.5
1046	761.8
1047	946.6
1048	942.5
1049	944.7
1050	123.8
1051	900.5
1052	896.9
1053	779.4
1054	881.7
1055	928.1
1056	945.7
1057	692
1058	918.9
1059	703.6
1060	903
1061	129.2
1062	985.9
1063	921.6
1064	670.7
1065	745
1066	914.2
1067	680
1068	707.6
1069	689.8
1070	914.1
1071	871.1
1072	666.9
1073	691.2
1074	907.9
1075	483.6
1076	897
1077	665.4
1078	974.5
1079	913
1080	768.8
1081	675.2
1082	884.4
1083	648.7
1084	960
1085	898.7
1086	916.8
1087	125.7
1088	658.1
1089	759.7
1090	835.3
1091	934.1
1092	673.3
1093	725.6
1094	665.3
1095	697.6
1096	724.4
1097	946.2
1098	725.8
1099	490
1100	118.7
1101	661
1102	865.2
1103	668.5
1104	701.9
1105	739
1106	760.3
1107	672.8
1108	715.9
1109	864.4
1110	669
1111	661.3
1112	895.4
1113	940
1114	901.6
1115	773.7
1116	706.1
1117	960.9
1118	767.5
1119	717.5
1120	685
1121	713.6
1122	711.2
1123	719.1
1124	827.2
1125	704.6
1126	928.6
1127	705.8
1128	894.3
1129	888.7
1130	734.7
1131	653
1132	911
1133	912.3
1134	731
1135	838.3
1136	654.8
1137	728.9
1138	730.5
1139	719.1
1140	823.1
1141	695.7
1142	687.7
1143	903.6
1144	716.2
1145	740.5
1146	681
1147	683.2
1148	954.2
1149	692.4
1150	719.8
1151	689.2
1152	872.9
1153	890.5
1154	106.5
1155	876.8
1156	883.8
1157	716.8
1158	925
1159	774.6
1160	683.2
1161	676.4
1162	747.5
1163	736.5
1164	873.2
1165	850.3
1166	881
1167	917.1
1168	866.9
1169	933.5
1170	900.1
1171	740
1172	847.2
1173	745.3
1174	932.1
1175	734.5
1176	649
1177	915.1
1178	711.8
1179	866
1180	760.6
1181	754.3
1182	690.2
1183	686.1
1184	833.1
1185	879.7
1186	858.7
1187	741.1
1188	702.5
1189	739.6
1190	764.1
1191	889.1
1192	700.1
1193	850.9
1194	687.7
1195	926.1
1196	780.3
1197	873.1
1198	618.3
1199	905.5
1200	238.6
1201	687.6
1202	757.4
1203	891.9
1204	744.5
1205	690.9
1206	709.8
1207	730.9
1208	692.1
1209	701.5
1210	885
1211	924.5
1212	934.3
1213	788.5
1214	849.8
1215	743.8
1216	855.3
1217	848.6
1218	631
1219	675.8
1220	887
1221	698.5
1222	688.4
1223	708.8
1224	690.8
1225	939.9
1226	846.8
1227	834.1
1228	746.8
1229	771.8
1230	854.4
1231	731.5
1232	855.2
1233	677.4
1234	757.6
1235	756.4
1236	631.2
1237	936.7
1238	907.9
1239	876.5
1240	658.6
1241	878.3
1242	873.8
1243	718.8
1244	621.8
1245	903.4
1246	893.5
1247	715.6
1248	332.8
1249	874.5
1250	827.5
1251	759.6
1252	895.2
1253	684.8
1254	753.8
1255	921.3
1256	848.6
1257	725.4
1258	733.7
1259	948.9
1260	916.3
1261	843.4
1262	719.5
1263	708.4
1264	714.6
1265	842.9
1266	814.1
1267	912.9
1268	902.9
1269	321.2
1270	909.7
1271	707.4
1272	639.6
1273	743.8
1274	857.5
1275	638
1276	838.2
1277	894.6
1278	909.5
1279	252.1
1280	853.2
1281	732.7
1282	949.4
1283	1021.1
1284	381.1
1285	730.3
1286	1028.9
1287	756.1
1288	683.4
1289	935
1290	697.1
1291	948.8
1292	719.5
1293	206.7
1294	764
1295	880.8
1296	728.9
1297	381.4
1298	818.3
1299	652.7
1300	752.9
1301	867.8
1302	690.1
1303	716.4
1304	459.5
1305	1025.8
1306	931
1307	885.5
1308	706.3
1309	949.6
1310	905.1
1311	846.9
1312	867.5
1313	730.8
1314	881.7
1315	921.6
1316	914.3
1317	864.6
1318	709.7
1319	923
1320	959.4
1321	731.7
1322	936.3
1323	963.3
1324	749.2
1325	895.8
1326	726.8
1327	717.3
1328	846.5
1329	434
1330	954.6
1331	846.2
1332	203.7
1333	723.2
1334	896.9
1335	234.6
1336	982.8
1337	713.9
1338	737.5
1339	714.1
1340	743.1
1341	886
1342	864.7
1343	968.4
1344	941.4
1345	711
1346	984.3
1347	932.3
1348	886.5
1349	710.5
1350	931.9
1351	918.3
1352	377.4
1353	875.7
1354	723.4
1355	979.5
1356	309.6
1357	794.3
1358	1019.1
1359	754.5
1360	729.5
1361	714.1
1362	906.3
1363	953.5
1364	712.7
1365	925
1366	737.1
1367	971.3
1368	879.1
1369	672.8
1370	244.2
1371	700.9
1372	692.9
1373	902.6
1374	727.1
1375	917.4
1376	423.7
1377	691.9
1378	746.3
1379	748.4
1380	907.3
1381	969.4
1382	984.5
1383	761.3
1384	690.3
1385	347.2
1386	894.3
1387	745.2
1388	727.7
1389	692.1
1390	903.4
1391	995.8
1392	925
1393	685.3
1394	646.1
1395	940.6
1396	949.5
1397	1035.8
1398	958.7
1399	946.1
1400	778.2
1401	707.7
1402	719.6
1403	896
1404	747.3
1405	737.6
1406	744
1407	968.4
1408	655.6
1409	844.6
1410	648.4
1411	883.9
1412	661.5
1413	896.4
1414	713.8
1415	920.8
1416	978.2
1417	667.1
1418	894.6
1419	715.4
1420	694.1
1421	726.1
1422	736.9
1423	643.9
1424	919.5
1425	695.3
1426	890.1
1427	721.4
1428	704.7
1429	723
1430	979.1
1431	911.5
1432	713.4
1433	966.6
1434	718
1435	968.2
1436	950.3
1437	675.3
1438	720.7
1439	701.3
1440	948.5
1441	952.3
1442	682.1
1443	790.6
1444	713.2
1445	703.1
1446	910.5
1447	667.8
1448	986
1449	946.1
1450	712.9
1451	691.3
1452	963.6
1453	890.1
1454	596.7
1455	684.7
1456	700.8
1457	913.4
1458	892.1
1459	711
1460	678.8
1461	907.1
1462	658.9
1463	699.6
1464	680.5
1465	699.4
1466	1001.2
1467	687.5
1468	651.8
1469	901.4
1470	844.9
1471	663.2
1472	683.1
1473	988.5
1474	718.3
1475	1002.3
1476	651.1
1477	688.1
1478	863
1479	931.3
1480	650.7
1481	938
1482	945.8
1483	676.7
1484	703.9
1485	565.6
1486	666.5
1487	681.3
1488	889.9
1489	957.8
1490	699.5
1491	730.7
1492	936
1493	906.5
1494	974.3
1495	669.1
1496	966.3
1497	905.2
1498	663.6
1499	921.9
1500	111.7
1501	935.7
1502	976.7
1503	717.4
1504	683.6
1505	914.3
1506	886.7
1507	648.2
1508	691.9
1509	571
1510	689.5
1511	740.2
1512	629.8
1513	869
1514	694.7
1515	669
1516	676.7
1517	859.5
1518	675.4
1519	939
1520	713.4
1521	656.1
1522	654.7
1523	674.8
1524	678.9
1525	722.4
1526	678.2
1527	944.4
1528	660.8
1529	921.3
1530	940.8
1531	711.9
1532	733.5
1533	729.1
1534	848.1
1535	374.4
1536	863.7
1537	654.9
1538	499.5
1539	695.4
1540	717.8
1541	643.8
1542	677.3
1543	899.8
1544	691.5
1545	595.4
1546	431.1
1547	812
1548	639.3
1549	635.3
1550	629.5
1551	660.5
1552	920.2
1553	955.8
1554	682.5
1555	955.1
1556	907.2
1557	705.3
1558	615.3
1559	927.1
1560	112.8
1561	708.1
1562	684.6
1563	750.3
1564	618.3
1565	737.2
1566	740.6
1567	652.2
1568	673.9
1569	948.7
1570	880.7
1571	627.3
1572	644.7
1573	843.6
1574	702.2
1575	866.1
1576	851.8
1577	828
1578	666.1
1579	673.3
1580	892
1581	886.3
1582	928.7
1583	875
1584	423.2
1585	880.9
1586	867.6
1587	696.3
1588	893.1
1589	677.3
1590	691.8
1591	632.6
1592	916.6
1593	730.5
1594	920.9
1595	929.5
1596	906.4
1597	629.3
1598	913.8
1599	970
1600	946.9
1601	635.9
1602	865.6
1603	959.9
1604	924.9
1605	97.6
1606	629.4
1607	629.2
1608	968.4
1609	649.4
1610	911.1
1611	720.2
1612	929.4
1613	942.2
1614	947.2
1615	833.6
1616	902.9
1617	614.8
1618	850.8
1619	81.2
1620	810
1621	862.1
1622	852.5
1623	606
1624	871
1625	852.5
1626	814
1627	700.1
1628	825.2
1629	619.4
1630	901.8
1631	747.2
1632	895.1
1633	613.4
1634	881.8
1635	878.1
1636	896.5
1637	955.5
1638	833.4
1639	664.7
1640	632.1
1641	836.5
1642	882.9
1643	888.4
1644	709.7
1645	934.9
1646	896.3
1647	630.7
1648	708
1649	730
1650	650.7
1651	840.8
1652	849.1
1653	648.8
1654	792.5
1655	910.8
1656	913.7
1657	934.1
1658	921.4
1659	893.9
1660	809.6
1661	89.3
1662	728.1
1663	868.3
1664	699
1665	622.9
1666	859.9
1667	956.9
1668	864.5
1669	874.7
1670	99.3
1671	953.7
1672	802.8
1673	873.6
1674	860.1
1675	815.8
1676	729.5
1677	115.4
1678	629.7
1679	918.4
1680	926.8
1681	895.7
1682	612.6
1683	880.8
1684	883.6
1685	873.4
1686	694.2
1687	917.7
1688	835.7
1689	742.6
1690	830.6
1691	100.9
1692	824.1
1693	116.3
1694	898.4
1695	839.1
1696	637.9
1697	919.6
1698	636.2
1699	696.2
1700	773
1701	843.4
1702	923.7
1703	951.6
1704	651.4
1705	682.4
1706	850.6
1707	617.1
1708	620.9
1709	872.3
1710	719.6
1711	680.1
1712	909.1
1713	865.4
1714	895.9
1715	842.3
1716	853.7
1717	902.8
1718	81.9
1719	667.8
1720	873
1721	854.9
1722	894.8
1723	893.4
1724	854.7
1725	950.2
1726	939
1727	893.1
1728	874.4
1729	112
1730	873.1
1731	711
1732	850.7
1733	893.2
1734	100.3
1735	887.5
1736	616.8
1737	865
1738	850.4
1739	862.2
1740	688.7
1741	114.4
1742	679.4
1743	859.6
1744	906.1
1745	896.3
1746	876.8
1747	942
1748	890.7
1749	723.9
1750	666.9
1751	882.5
1752	867.1
1753	905.3
1754	952.7
1755	876.6
1756	859.4
1757	848.4
1758	907.7
1759	862.7
1760	869.4
1761	933.3
1762	795.7
1763	860.7
1764	938.9
1765	684.9
1766	880.3
1767	899.6
1768	652.4
1769	947.9
1770	861
1771	821.3
1772	709.2
1773	847.8
1774	861.5
1775	419.1
1776	853
1777	861.1
1778	687.5
1779	680.3
1780	629.1
1781	926.5
1782	914.1
1783	886.5
1784	854.3
1785	860.7
1786	928.7
1787	871.5
1788	712.7
1789	808.2
1790	637.8
1791	733.3
1792	885.4
1793	877.8
1794	619.6
1795	860.8
1796	878.7
1797	979
1798	821.5
1799	801.2
1800	829.9
1801	946.7
1802	863.1
1803	658.9
1804	822.4
1805	685.1
1806	710.6
1807	951.1
1808	794.2
1809	893.9
1810	722.3
1811	875.2
1812	853.5
1813	682.7
1814	859.3
1815	854.9
1816	929.7
1817	859
1818	849.8
1819	712.9
1820	1002.4
1821	835.8
1822	880.2
1823	929
1824	858.5
1825	994.8
1826	836.1
1827	871.4
1828	886
1829	850.2
1830	690
1831	800.7
1832	790.8
1833	817.9
1834	870.8
1835	671.8
1836	686.6
1837	382.3
1838	785.4
1839	987.2
1840	753.4
1841	765.4
1842	804.5
1843	1039.1
1844	878.9
1845	796.6
1846	344.2
1847	782.2
1848	1015.6
1849	972.8
1850	956.3
1851	791.2
1852	901.9
1853	959.2
1854	839.6
1855	936.5
1856	743.4
1857	827.8
1858	908.7
1859	844.3
1860	766.1
1861	801.2
1862	776.5
1863	738.4
1864	882.1
1865	796.5
1866	1033.4
1867	833.2
1868	821.6
1869	797.6
1870	481.3
1871	831.5
1872	754.4
1873	804.8
1874	1024.7
1875	771.8
1876	774.7
1877	803.6
1878	728.6
1879	1043.9
1880	1011.2
1881	888.2
1882	798.7
1883	1034.5
1884	828
1885	939.2
1886	760.3
1887	763.1
1888	865
1889	675.6
1890	967.9
1891	438.3
1892	862.3
1893	871.1
1894	907.3
1895	839.1
1896	889.2
1897	794.1
1898	1005.1
1899	744.3
1900	814.1
1901	985.2
1902	793.1
1903	864.3
1904	785.6
1905	898.3
1906	739.2
1907	341.7
1908	645
1909	394.9
1910	309
1911	888
1912	882.8
1913	576.8
1914	836.4
1915	734.2
1916	786.6
1917	950.4
1918	643.9
1919	736.9
1920	758.8
1921	886.8
1922	500.5
1923	603.6
1924	706.7
1925	892.1
1926	808.4
1927	1011
1928	827.9
1929	197.9
1930	782.2
1931	300
1932	648.1
1933	836.2
1934	58.1
1935	800.5
1936	906.4
1937	466.2
1938	817.4
1939	940.6
1940	744.4
1941	771.9
1942	43.8
1943	502.3
1944	874.4
1945	211.5
1946	505.9
1947	481.9
1948	166.3
1949	796.2
1950	0
1951	784.8
1952	497.5
1953	38.1
1954	481.1
1955	38.4
1956	895.3
1957	1006.4
1958	788.3
1959	57.1
1960	828.2
1961	53.6
1962	777.9
1963	439.8
1964	483
1965	687.3
1966	0
1967	316.7
1968	48.5
1969	739.3
1970	920.1
1971	719.8
1972	473.5
1973	428.6
1974	883.1
1975	30.7
1976	24.8
1977	448.6
1978	889.3
1979	0
1980	510.5
1981	867.7
1982	0
1983	675.2
1984	669.6
1985	42.1
1986	40.1
1987	916.1
1988	39.4
1989	0
1990	0
1991	476.8
1992	775.7
1993	49
1994	997.6
1995	861
1996	435.5
1997	25
1998	1006.2
1999	792
2000	50.4
2001	815.8
2002	25.3
2003	28.4
2004	434.3
2005	491.6
2006	46.5
2007	674.1
2008	68.9
2009	772.1
2010	21.5
2011	0
2012	443.2
2013	34.8
2014	0
2015	25.1
2016	461.3
2017	823.2
2018	115.4
2019	471.1
2020	477.8
2021	101.6
2022	101
2023	476.5
2024	0
2025	1011
2026	434.9
2027	34
2028	927.7
2029	804.9
2030	652
2031	27.4
2032	87.2
2033	670
2034	823
2035	24.2
2036	0
2037	819
2038	0
2039	453.1
2040	459.9
2041	0
2042	105.4
2043	789.5
2044	879.4
2045	652.9
2046	537.2
2047	29.8
2048	450.1
2049	837.6
2050	942.5
2051	82.9
2052	698.5
2053	80.1
2054	29.2
2055	34.7
2056	771.3
2057	51.6
2058	0
2059	494.9
2060	90.4
2061	87
2062	1013.9
2063	458.9
2064	81.8
2065	476.7
2066	725.5
2067	120.4
2068	740.1
2069	778.4
2070	95.5
2071	84.6
2072	786.7
2073	33.2
2074	880.8
2075	752.8
2076	0
2077	460.8
2078	869
2079	517.4
2080	483
2081	917.4
2082	701.4
2083	82.6
2084	803.8
2085	834.1
2086	604.7
2087	483
2088	1043.5
2089	512.9
2090	978.2
2091	608.5
2092	552.6
2093	836.1
2094	468.9
2095	76.1
2096	538.3
2097	74.1
2098	713.3
2099	53
2100	727.9
2101	710.6
2102	798.3
2103	492.6
2104	446.4
2105	703
2106	482.4
2107	498.1
2108	775.1
2109	705.5
2110	752.4
2111	430.5
2112	0
2113	785.5
2114	497.6
2115	765.3
2116	787.6
2117	797.6
2118	38.2
2119	36.7
2120	851
2121	65.5
2122	780.6
2123	526.1
2124	808.3
2125	666.5
2126	753.5
2127	52.6
2128	465.5
2129	438.6
2130	525
2131	795.3
2132	800.6
2133	517.9
2134	730.8
2135	29.1
2136	910.8
2137	73.4
2138	44.8
2139	776.9
2140	428.7
2141	846.3
2142	42.3
2143	482
2144	720.2
2145	804.4
2146	81.5
2147	78.5
2148	832.7
2149	478
2150	457.1
2151	469.7
2152	771.8
2153	965.6
2154	821.1
2155	431.6
2156	479.6
2157	496.8
2158	83.3
2159	58.3
2160	1003.9
2161	484.5
2162	778.2
2163	824.4
2164	495.2
2165	77.5
2166	388.3
2167	423.8
2168	496.6
2169	777.2
2170	434.2
2171	501.8
2172	447
2173	499.1
2174	427.1
2175	1.2
2176	478.8
2177	964
2178	41.5
2179	480.3
2180	364.9
2181	996.3
2182	480.1
2183	488.3
2184	449.2
2185	825.3
2186	1
2187	56.6
2188	358.4
2189	475.2
2190	57.9
2191	501.1
2192	362.5
2193	433
2194	856
2195	59.7
2196	454.7
2197	919.9
2198	343.5
2199	976.1
2200	417.6
2201	0.4
2202	48.3
2203	503.7
2204	390
2205	519.7
2206	413
2207	57.6
2208	52.5
2209	477.9
2210	912
2211	494.3
2212	679.8
2213	841.9
2214	445.5
2215	410.7
2216	51.2
2217	480.2
2218	401.8
2219	894.3
2220	49
2221	321.5
2222	936.4
2223	357.2
2224	509.5
2225	485.3
2226	51.9
2227	916.9
2228	499.1
2229	491
2230	684.4
2231	334.7
2232	482.6
2233	429.2
2234	869.9
2235	495.2
2236	459
2237	507.9
2238	520.8
2239	51.6
2240	482.3
2241	508.5
2242	465.5
2243	458.7
2244	441.7
2245	903
2246	337.9
2247	457.1
2248	962.4
2249	500
2250	357.2
2251	54.1
2252	901.3
2253	475.7
2254	53.9
2255	448.1
2256	823.9
2257	60
2258	379.4
2259	928.4
2260	446.2
2261	461.7
2262	422.7
2263	948.4
2264	935.1
2265	911.3
2266	458.4
2267	500.7
2268	747.2
2269	50.5
2270	692.6
2271	750.7
2272	416.9
2273	64.1
2274	648.7
2275	857.7
2276	80.1
2277	490.7
2278	696
2279	437.2
2280	498.8
2281	736.1
2282	962.8
2283	85.1
2284	704.4
2285	912
2286	777.1
2287	54.5
2288	776.4
2289	443.7
2290	444.4
2291	433.3
2292	909.8
2293	57.1
2294	58.1
2295	866.2
2296	870.2
2297	948.8
2298	459.1
2299	46.2
2300	476
2301	704.1
2302	502.5
2303	504.2
2304	499.1
2305	458.3
2306	878.5
2307	869.8
2308	485.6
2309	796.8
2310	948.6
2311	773.8
2312	717.4
2313	694.4
2314	512.9
2315	794
2316	455.1
2317	940.8
2318	436
2319	447.5
2320	852.4
2321	794.1
2322	515.5
2323	486.9
2324	942.3
2325	831.2
2326	772
2327	491.7
2328	887.5
2329	508.2
2330	769.7
2331	791.6
2332	59.7
2333	689.8
2334	759
2335	804.6
2336	782.8
2337	749.4
2338	72.9
2339	59.2
2340	912.8
2341	797.3
2342	767.8
2343	66.7
2344	688.7
2345	65.1
2346	805.7
2347	495.8
2348	670.7
2349	758.5
2350	646.5
2351	720.9
2352	501.1
2353	733.7
2354	670.3
2355	845.6
2356	731.1
2357	741.6
2358	55.4
2359	878.6
2360	799
2361	831.1
2362	59.9
2363	905.8
2364	728.9
2365	770.3
2366	773
2367	799.7
2368	829.1
2369	48.7
2370	916.6
2371	649.9
2372	738
2373	783.8
2374	48.2
2375	679.3
2376	825.5
2377	815.3
2378	798.2
2379	790
2380	804.6
2381	739.8
2382	892.9
2383	832.4
2384	785.3
2385	540.5
2386	501.9
2387	494.4
2388	822.2
2389	904
2390	656.9
2391	771.4
2392	903.4
2393	822.7
2394	920.8
2395	50.1
2396	792
2397	747.1
2398	533.2
2399	800.8
2400	748.1
2401	786.3
2402	921.5
2403	748.1
2404	49.4
2405	805.8
2406	723.7
2407	830.3
2408	765.6
2409	785.7
2410	810.1
2411	842.3
2412	857.9
2413	735.1
2414	38.6
2415	845.6
2416	760.5
2417	736.6
2418	791.1
2419	766.3
2420	957.5
2421	890.1
2422	769.7
2423	691.7
2424	816.2
2425	56.8
2426	859.9
2427	737
2428	915.1
2429	876.9
2430	820.6
2431	827.1
2432	755.9
2433	969.8
2434	37.5
2435	796.7
2436	706.9
2437	30.6
2438	765.3
2439	351.7
2440	816.9
2441	934.1
2442	716.7
2443	773.6
2444	972.6
2445	754.7
2446	56.6
2447	838
2448	437.3
2449	827.5
2450	863.2
2451	737.1
2452	734.5
2453	418.8
2454	850.4
2455	768.8
2456	374.4
2457	807.4
2458	816.1
2459	833.1
2460	32.6
2461	403.7
2462	323.1
2463	50.7
2464	419.4
2465	917.2
2466	866.1
2467	634.1
2468	707.9
2469	842.6
2470	418.6
2471	802.7
2472	825.6
2473	46.5
2474	349.8
2475	816.6
2476	556.9
2477	808.9
2478	733.6
2479	508
2480	801.7
2481	291
2482	36.2
2483	548.1
2484	760.1
2485	729.4
2486	743.7
2487	879.4
2488	791.2
2489	413.7
2490	977.4
2491	51.3
2492	784.6
2493	564.7
2494	743.8
2495	718
2496	52.2
2497	665.6
2498	693.8
2499	45
2500	808.4
2501	681.6
2502	701.8
2503	473.8
2504	299.9
2505	735.8
2506	760.4
2507	875.3
2508	355.5
2509	556.4
2510	369.7
2511	0
2512	735.7
2513	762.1
2514	654.4
2515	679.1
2516	799.4
2517	59.8
2518	215.8
2519	749.8
2520	847.7
2521	642.6
2522	0
2523	63.3
2524	866.3
2525	205.3
2526	651.9
2527	637.2
2528	681.6
2529	690.8
2530	689.8
2531	664.9
2532	667.3
2533	779.8
2534	211.2
2535	663.1
2536	786
2537	252.6
2538	0
2539	975.9
2540	760.3
2541	833.7
2542	733.2
2543	698.2
2544	222.9
2545	732.4
2546	346.8
2547	739.3
2548	744.2
2549	744.7
2550	886.5
2551	68.2
2552	947.9
2553	625.6
2554	854.3
2555	700
2556	698.7
2557	752.8
2558	721.7
2559	667.5
2560	0
2561	677.5
2562	943.6
2563	752.1
2564	823
2565	770.4
2566	65.9
2567	747.8
2568	0
2569	702.8
2570	219.2
2571	71.4
2572	812.5
2573	340.2
2574	779.6
2575	234.1
2576	720.4
2577	700
2578	708.2
2579	673.6
2580	771.2
2581	794.4
2582	924.2
2583	752.3
2584	861.7
2585	0
2586	890.2
2587	699.5
2588	731.3
2589	681.1
2590	697
2591	700.4
2592	682.1
2593	628.8
2594	202.9
2595	838.7
2596	0
2597	688
2598	900.3
2599	756.5
2600	663.9
2601	683
2602	781.8
2603	662.9
2604	907.9
2605	740.8
2606	274.3
2607	0
2608	619.6
2609	767.4
2610	347.9
2611	755.6
2612	653.8
2613	674.4
2614	823.2
2615	86.8
2616	766.1
2617	0
2618	785.4
2619	820.2
2620	885.3
2621	195.2
2622	690.6
2623	0
2624	643.5
2625	867.8
2626	171.9
2627	731.2
2628	83.2
2629	863.9
2630	656.5
2631	635
2632	0
2633	684.1
2634	691.2
2635	641
2636	780.3
2637	749.9
2638	194.3
2639	630.7
2640	615.7
2641	217.9
2642	0
2643	923.5
2644	285.3
2645	915
2646	610.7
2647	221.8
2648	743.3
2649	260.2
2650	0
2651	725
2652	286.6
2653	688.4
2654	297.8
2655	651
2656	790.3
2657	214
2658	642.4
2659	749.5
2660	0
2661	187.1
2662	874.5
2663	286.3
2664	625.1
2665	271.6
2666	221.5
2667	126.9
2668	201.4
2669	694.3
2670	854.2
2671	742.5
2672	734.9
2673	322.4
2674	201.2
2675	280.3
2676	93.1
2677	868.3
2678	761.6
2679	288.8
2680	208.8
2681	231.9
2682	198.6
2683	665.1
2684	622.9
2685	691.5
2686	755.6
2687	762.5
2688	211.1
2689	237.7
2690	260.4
2691	216.5
2692	73.7
2693	255.1
2694	516
2695	804
2696	682.8
2697	800.2
2698	840.4
2699	3.6
2700	722.8
2701	100.1
2702	238.3
2703	570.3
2704	603.4
2705	608.2
2706	225
2707	5.5
2708	232.2
2709	197.9
2710	246.2
2711	212.8
2712	705.7
2713	696.7
2714	274
2715	505.3
2716	241.6
2717	201.9
2718	515.4
2719	514.2
2720	209.8
2721	631.6
2722	235
2723	700.7
2724	10.9
2725	219.3
2726	653.1
2727	697.3
2728	526.9
2729	674.4
2730	218
2731	717.9
2732	222.2
2733	192.5
2734	209.1
2735	552.9
2736	19
2737	611.8
2738	211.7
2739	622.8
2740	209.7
2741	223.3
2742	230.7
2743	606.4
2744	557.7
2745	189.2
2746	19.4
2747	584
2748	774.2
2749	645.7
2750	187.6
2751	270.4
2752	656.3
2753	568.9
2754	213.3
2755	203.1
2756	560.2
2757	648.6
2758	314
2759	570.4
2760	593.8
2761	567.7
2762	609.2
2763	14
2764	251.1
2765	232.8
2766	205.2
2767	20.4
2768	213.2
2769	565.9
2770	612.6
2771	278.6
2772	217
2773	130.9
2774	309.2
2775	263.5
2776	635.6
2777	195.5
2778	239.8
2779	640.2
2780	78.7
2781	686.5
2782	197.5
2783	516.7
2784	518.3
2785	18.5
2786	13.5
2787	255.1
2788	562.8
2789	233.1
2790	707
2791	228.1
2792	275.9
2793	311.7
2794	646.6
2795	543.7
2796	195.1
2797	353.3
2798	219.3
2799	672.7
2800	282.7
2801	274.5
2802	283.3
2803	527.9
2804	80.6
2805	295.7
2806	671.1
2807	306.5
2808	265.4
2809	272.8
2810	19.8
2811	294.7
2812	214.7
2813	219.2
2814	707.5
2815	305.5
2816	531.5
2817	623.9
2818	271.6
2819	725.8
2820	295.9
2821	241.7
2822	641.9
2823	253.3
2824	19.4
2825	614.4
2826	21.1
2827	68
2828	230.7
2829	21.7
2830	677.4
2831	607
2832	594.3
2833	575.9
2834	286.7
2835	290.4
2836	716.4
2837	546.1
2838	291.1
2839	255.1
2840	310.1
2841	637.5
2842	244.1
2843	636.3
2844	118.5
2845	606.5
2846	20.4
2847	315
2848	300.1
2849	270.6
2850	308.5
2851	232.8
2852	728
2853	710.1
2854	330.5
2855	700.9
2856	273.2
2857	739.3
2858	284.2
2859	664.1
2860	658.5
2861	582.9
2862	226.7
2863	143.1
2864	218.3
2865	636.1
2866	298.3
2867	697.3
2868	171.6
2869	239.9
2870	682
2871	284.6
2872	322.1
2873	324.7
2874	20.4
2875	735.3
2876	14.6
2877	719.6
2878	716.1
2879	120.5
2880	753.6
2881	770.6
2882	694.6
2883	701.1
2884	257.1
2885	190.4
2886	269.6
2887	163.1
2888	18.4
2889	20.1
2890	20.4
2891	622.3
2892	294.9
2893	286.8
2894	266.8
2895	361.9
2896	13.9
2897	339.1
2898	710.6
2899	299.1
2900	261.8
2901	135
2902	813.8
2903	384.9
2904	91.4
2905	718.2
2906	321.4
2907	201
2908	768.3
2909	344.8
2910	684.3
2911	345.6
2912	789.5
2913	326.9
2914	693.5
2915	165.6
2916	374.4
2917	17.3
2918	307.7
2919	127.1
2920	158.8
2921	605.3
2922	672.4
2923	690
2924	231
2925	626.8
2926	187.7
2927	125
2928	313.9
2929	179.6
2930	341.5
2931	809
2932	322.3
2933	863.3
2934	112
2935	816.1
2936	118.8
2937	668.7
2938	134.1
2939	858.4
2940	126
2941	687.4
2942	140.7
2943	355
2944	117.7
2945	879.7
2946	692.3
2947	283.5
2948	860.2
2949	822.6
2950	664.5
2951	338.3
2952	849.9
2953	352.3
2954	642.7
2955	348.5
2956	326.6
2957	221.6
2958	853
2959	141
2960	804.8
2961	805.7
2962	754.7
2963	285.9
2964	308.5
2965	659.9
2966	317.5
2967	344.9
2968	850.2
2969	173.5
2970	102.8
2971	826.2
2972	302.9
2973	101.1
2974	871.4
2975	998.4
2976	316.7
2977	265.5
2978	266.4
2979	842.3
2980	869.5
2981	710.9
2982	281.6
2983	832.6
2984	911.2
2985	622.1
2986	778.9
2987	703
2988	847.9
2989	103.6
2990	612.1
2991	1033.7
2992	274.8
2993	849
2994	788.5
2995	840.9
2996	342.3
2997	305.5
2998	627.7
2999	279
3000	674.2
3001	207.6
3002	883.6
3003	674.3
3004	203.5
3005	255.7
3006	853.8
3007	621.8
3008	853.5
3009	208.6
3010	111.1
3011	851.3
3012	290.4
3013	906.4
3014	595.7
3015	173.1
3016	763
3017	1031.8
3018	621.3
3019	159.6
3020	626.4
3021	190.1
3022	197.3
3023	189.6
3024	865.3
3025	593
3026	899.5
3027	878.6
3028	685.9
3029	852
3030	152.2
3031	254.6
3032	259.6
3033	138.8
3034	280.5
3035	646.9
3036	146.2
3037	267.5
3038	160
3039	641.3
3040	933.4
3041	824.9
3042	775.3
3043	898.6
3044	679.1
3045	933.3
3046	131.8
3047	149.7
3048	922.9
3049	629.7
3050	964
3051	729.8
3052	688.4
3053	957.7
3054	627.7
3055	680.2
3056	920.6
3057	148
3058	930.1
3059	767.3
3060	153.8
3061	199.6
3062	174.4
3063	974.8
3064	966.2
3065	177.6
3066	781.4
3067	179.4
3068	827.9
3069	185.2
3070	830.2
3071	259
3072	736.5
3073	76.8
3074	950.6
3075	251.5
3076	262.7
3077	789.4
3078	693.6
3079	899
3080	931.3
3081	144.5
3082	193.5
3083	1001.7
3084	200
3085	712.9
3086	693.5
3087	1067.7
3088	813.1
3089	1044.7
3090	808.8
3091	173.1
3092	134.7
3093	263.5
3094	102.1
3095	148.5
3096	858.3
3097	134.8
3098	1052.8
3099	126.1
3100	882.7
3101	82.1
3102	230.5
3103	967
3104	1003.6
3105	190.3
3106	985.5
3107	948.9
3108	144.3
3109	224.2
3110	125.9
3111	1113
3112	84.5
3113	1051
3114	165.8
3115	179.5
3116	230.1
3117	166.9
3118	807.7
3119	869.4
3120	60.9
3121	887.2
3122	109.2
3123	990.3
3124	165.4
3125	264.6
3126	94
3127	65.3
3128	138.9
3129	132.9
3130	135.8
3131	807
3132	953.3
3133	1046.3
3134	1019
3135	111.9
3136	1041.8
3137	100.7
3138	150.1
3139	906.6
3140	839.6
3141	207.2
3142	916.4
3143	866.4
3144	138.8
3145	75.4
3146	123.9
3147	84.7
3148	251.7
3149	93.4
3150	96.4
3151	178.2
3152	866.8
3153	968.8
3154	880.4
3155	0.2
3156	678.7
3157	653.4
3158	88.6
3159	868.8
3160	74.1
3161	166.2
3162	873.4
3163	141.5
3164	110.2
3165	7.9
3166	865.9
3167	6.7
3168	867.9
3169	101.3
3170	955.7
3171	136.1
3172	895.2
3173	116.2
3174	0.1
3175	932.2
3176	130.1
3177	127.6
3178	122.7
3179	106.8
3180	90.6
3181	6.5
3182	965.9
3183	963.2
3184	172.3
3185	168.3
3186	663.7
3187	766.2
3188	0.1
3189	650.7
3190	128.1
3191	126.9
3192	0.1
3193	282.1
3194	976.1
3195	860.1
3196	133.1
3197	6.3
3198	7.2
3199	757.2
3200	104.9
3201	97
3202	847.7
3203	976.9
3204	8.3
3205	151.6
3206	122.5
3207	311
3208	112.2
3209	382.6
3210	146.7
3211	144.5
3212	791.8
3213	97.4
3214	81.1
3215	152.7
3216	126.7
3217	139.4
3218	140.5
3219	156.4
3220	7.2
3221	103.7
3222	144.3
3223	122.8
3224	789.8
3225	96.7
3226	752.2
3227	132.2
3228	281.1
3229	429.4
3230	15.4
3231	264.7
3232	122.8
3233	128.4
3234	747.4
3235	782
3236	138.6
3237	121.2
3238	155
3239	389.2
3240	21.9
3241	622.3
3242	298.9
3243	148.9
3244	324.9
3245	127.3
3246	146.1
3247	370.1
3248	101.5
3249	125.6
3250	14.1
3251	952
3252	819.5
3253	303.6
3254	127.9
3255	127.6
3256	142.4
3257	128.7
3258	331.3
3259	644.6
3260	124.2
3261	457
3262	125.1
3263	102.2
3264	91.6
3265	118.1
3266	302.4
3267	668.8
3268	123.4
3269	767.3
3270	279.5
3271	92.3
3272	733.3
3273	92.5
3274	766.2
3275	324.8
3276	252.3
3277	280.4
3278	711.3
3279	136.4
3280	118.7
3281	165.9
3282	93.2
3283	82
3284	301.6
3285	92.8
3286	764.1
3287	129.3
3288	542.4
3289	297.6
3290	145.3
3291	710.4
3292	116.3
3293	535.3
3294	551.1
3295	158.2
3296	99.2
3297	137.2
3298	622.4
3299	200.5
3300	664.7
3301	238.8
3302	150.4
3303	714.5
3304	595.1
3305	153
3306	327.6
3307	127.6
3308	683.8
3309	323.9
3310	231.6
3311	121.1
3312	559.5
3313	211.4
3314	97.5
3315	331.8
3316	639.6
3317	109.5
3318	74.2
3319	82.7
3320	204.3
3321	332.8
3322	93.4
3323	459.3
3324	339.9
3325	214.1
3326	332.9
3327	74
3328	122.9
3329	193
3330	574.8
3331	166.2
3332	162.2
3333	207.1
3334	98.2
3335	627.2
3336	337.4
3337	71.7
3338	173
3339	108.4
3340	123.2
3341	615.2
3342	333
3343	138.4
3344	208.2
3345	77.4
3346	142.3
3347	334.5
3348	86
3349	335.4
3350	69.1
3351	145
3352	78.1
3353	179.8
3354	356.9
3355	194.6
3356	193.9
3357	357.6
3358	136.3
3359	177.9
3360	70.1
3361	204.5
3362	343.8
3363	514.4
3364	395.8
3365	148.1
3366	177.9
3367	187.6
3368	127.5
3369	145.2
3370	407.8
3371	190.1
3372	146.5
3373	186.4
3374	181.7
3375	355.2
3376	183.8
3377	321.5
3378	337.3
3379	344
3380	191.9
3381	191
3382	335.6
3383	195.5
3384	197
3385	200.6
3386	190
3387	358.4
3388	341.1
3389	210.6
3390	213.3
3391	205.5
3392	221
3393	366.2
3394	225.1
3395	199.7
3396	227.7
3397	219.1
3398	201.7
3399	195.7
3400	684.7
3401	716.8
3402	693.6
3403	891.1
3404	915
3405	914.9
3406	949.2
3407	908
3408	993.1
3409	913.7
3410	132.6
3411	164.5
3412	929.4
3413	907.6
3414	932.3
3415	854.2
3416	752.1
3417	975.1
3418	849.7
3419	811.4
3420	674
3421	866.3
3422	834.5
3423	808.7
3424	922.6
3425	948.5
3426	873.2
3427	710.7
3428	416.1
3429	1010.8
3430	378.6
3431	872.3
3432	1028.8
3433	1018.1
3434	948.3
3435	677.1
3436	853.2
3437	911.2
3438	658.9
3439	615.7
3440	841.5
3441	990.6
3442	696.4
3443	905.1
3444	750.2
3445	602.1
3446	644.1
3447	695.2
3448	719.8
3449	888.2
3450	649.9
3451	932.9
3452	897.7
3453	789.2
3454	884.4
3455	913.6
3456	86.4
3457	902.2
3458	822.5
3459	662
3460	886.6
3461	112.2
3462	912.2
3463	957.5
3464	667.3
3465	682.7
3466	641.8
3467	823.2
3468	882.2
3469	633.3
3470	853.8
3471	891.8
3472	518.7
3473	929.5
3474	764.9
3475	760.5
3476	822.2
3477	906.7
3478	897.1
3479	755.3
3480	825.7
3481	927.9
3482	293
3483	27.7
3484	838.4
3485	22.2
3486	762.6
3487	0
3488	35.2
3489	950
3490	872
3491	524.3
3492	745.2
3493	38.9
3494	742.2
3495	906.1
3496	59
3497	330.2
3498	285.1
3499	875.7
3500	437.8
3501	55.1
3502	53.7
3503	378.9
3504	421.6
3505	801
3506	887.4
3507	433.5
3508	869.7
3509	58.9
3510	472.7
3511	854.8
3512	745.1
3513	66
3514	746
3515	910.2
3516	751
3517	718.3
3518	786
3519	789
3520	813.4
3521	848.7
3522	417.9
3523	814.2
3524	767.2
3525	807.5
3526	67.4
3527	781.9
3528	875.8
3529	642.6
3530	639.2
3531	926.7
3532	230.9
3533	826.8
3534	828.5
3535	739.3
3536	199.5
3537	22.9
3538	768.3
3539	251.2
3540	325.1
3541	253.9
3542	250.6
3543	278.3
3544	225.8
3545	355.6
3546	212.9
3547	198.3
3548	304.1
3549	770.7
3550	748.9
3551	792.4
3552	236.1
3553	299.3
3554	843.3
3555	352.9
3556	851.1
3557	115.8
3558	328.6
3559	95
3560	284.6
3561	601.6
3562	148.5
3563	879.2
3564	170.2
3565	181.2
3566	146.1
3567	874.7
3568	938.9
3569	853.2
3570	921.8
3571	944.9
3572	152.7
3573	997.9
3574	235.2
3575	182.7
3576	876.6
3577	1001.9
3578	150.2
3579	116.6
3580	116.7
3581	117.4
3582	151.4
3583	104.6
3584	824.7
3585	98.8
3586	786.1
3587	108.3
3588	336.7
3589	107.7
3590	180.6
3591	98.6
3592	217.7
3593	316
3594	203.2
