"COMID"	"Value"
1	117.5
2	42
3	146.8
4	199.9
5	41.6
6	6.8
7	166.8
8	53.3
9	0.8
10	2.1
11	226.1
12	0.7
13	9.9
14	149
15	56.4
16	3.6
17	96.6
18	121.9
19	150.2
20	122.8
21	109.2
22	148.8
23	0.5
24	0.3
25	115.8
26	121.5
27	85.4
28	46.7
29	4.6
30	52.9
31	125.2
32	39.6
33	158
34	0.3
35	166.4
36	1.9
37	134.7
38	2.1
39	0.1
40	2.5
41	144.4
42	90.3
43	1.7
44	42.2
45	41.3
46	11.1
47	48.4
48	153.6
49	99.8
50	69
51	0.2
52	20.3
53	2.9
54	137.9
55	135.7
56	122.5
57	1.9
58	0.2
59	59
60	0.3
61	0.9
62	1.8
63	136.4
64	76.4
65	0.5
66	55.8
67	135.5
68	47.6
69	47.6
70	32.4
71	7.6
72	117.2
73	0.3
74	135.5
75	30.2
76	21.8
77	51.2
78	33.4
79	133.7
80	12.8
81	110.7
82	25.6
83	102.1
84	1.5
85	101.2
86	54.1
87	0.3
88	0.3
89	13.3
90	73.3
91	90.7
92	138.3
93	106.7
94	1.9
95	155.5
96	9.4
97	129.8
98	0.7
99	24
100	134.9
101	105.9
102	86.5
103	0.4
104	35.9
105	20.2
106	126.6
107	30.8
108	2
109	9.3
110	5.8
111	5.9
112	116.9
113	4.4
114	118.4
115	71.5
116	55.8
117	63.6
118	60.2
119	1.5
120	45.3
121	11.3
122	86.6
123	7.6
124	55.5
125	88.3
126	131.7
127	93.3
128	66.1
129	0.4
130	35
131	16.9
132	5.7
133	60.5
134	69.6
135	51.2
136	75.1
137	67.3
138	5.3
139	4.2
140	71.5
141	62.5
142	10.5
143	0.6
144	40.4
145	4.3
146	53.9
147	131.2
148	67.4
149	54.7
150	73.9
151	44.9
152	46.4
153	3.7
154	45.8
155	7.1
156	33.1
157	73.4
158	9.5
159	20.5
160	106.9
161	27.2
162	6
163	14.2
164	26.3
165	0.9
166	5.4
167	59.4
168	2.5
169	62.8
170	87.2
171	28.4
172	20
173	39.6
174	4.8
175	17.2
176	149.3
177	13
178	41.8
179	51.6
180	4.6
181	3
182	45.7
183	11.7
184	4.3
185	4.5
186	56.3
187	34.1
188	5
189	4.3
190	75.6
191	3.9
192	50.2
193	11.6
194	137.6
195	22.4
196	3.5
197	9.9
198	4.5
199	53.9
200	3.4
201	3.4
202	6.2
203	3.1
204	2.2
205	6.6
206	55.4
207	66
208	134.9
209	54.4
210	31.4
211	129.9
212	69.2
213	52.6
214	3.4
215	61.3
216	40.2
217	11.9
218	14.9
219	19.5
220	3.2
221	3.5
222	63
223	118.1
224	1.7
225	21.9
226	53.8
227	7.6
228	56.8
229	2.1
230	86
231	16.5
232	40.4
233	103.5
234	4.9
235	38.1
236	50.1
237	18.9
238	15.5
239	53.5
240	67
241	53.7
242	0.8
243	1.5
244	95.8
245	61.3
246	110.6
247	22.1
248	13.2
249	0.6
250	100.4
251	51
252	52.9
253	37.7
254	4.4
255	2.8
256	97.3
257	3.6
258	38.3
259	23.9
260	8.6
261	57.9
262	51.3
263	34.8
264	2.4
265	1.8
266	46.1
267	102.5
268	40
269	101
270	1.6
271	44.4
272	51.1
273	104.6
274	1.8
275	49.2
276	4.4
277	1.7
278	51.9
279	2.8
280	43.9
281	48.2
282	95
283	2.3
284	59.2
285	0.8
286	47.3
287	58.3
288	27.9
289	2.7
290	1.1
291	23.4
292	26.2
293	2.4
294	43.4
295	1.4
296	69.2
297	92.8
298	0.1
299	14.6
300	97.7
301	1.4
302	101.2
303	61.7
304	16.6
305	91.9
306	54.7
307	95.6
308	32.4
309	2.3
310	44.9
311	95.1
312	79.6
313	64.5
314	23.8
315	2.3
316	1.7
317	2.6
318	73.9
319	3.7
320	82.9
321	0.6
322	47.6
323	84
324	3.5
325	4
326	32.6
327	3.2
328	3.3
329	0.7
330	0.5
331	1.4
332	0.6
333	1.1
334	1.7
335	14.6
336	1.2
337	5.1
338	1.1
339	14.9
340	5.7
341	1.1
342	2.4
343	1.6
344	34.3
345	14.4
346	6.3
347	1.6
348	46.3
349	23.5
350	1.3
351	2.2
352	1.8
353	58.3
354	13.9
355	2.9
356	2.5
357	3.3
358	12.2
359	2.3
360	11.1
361	2.4
362	10.8
363	9.4
364	2.4
365	20.1
366	6.8
367	2.5
368	249.4
369	1.4
370	66.5
371	2.2
372	0.5
373	9.8
374	2.4
375	55.9
376	0
377	68.9
378	9.5
379	2.3
380	71.4
381	1.4
382	1.9
383	112.3
384	2.9
385	3.6
386	1.8
387	248.7
388	20.4
389	15
390	235.9
391	1.3
392	24.6
393	5.4
394	1.8
395	1.8
396	7.2
397	5.3
398	0.2
399	26.8
400	0.3
401	102.1
402	3.4
403	2.8
404	1.7
405	0.8
406	68.7
407	19.1
408	1.7
409	2.5
410	54.7
411	111.3
412	1.3
413	75.9
414	0.9
415	10.7
416	1
417	3.3
418	1.8
419	14.9
420	1.6
421	13.3
422	15.1
423	84.6
424	59.1
425	553.2
426	5.8
427	19.8
428	59.5
429	79.6
430	20.7
431	8.4
432	3.2
433	438.2
434	5.6
435	0.6
436	249.2
437	32
438	568
439	3.7
440	54.6
441	16.2
442	0.1
443	50.4
444	5.3
445	700.5
446	0.3
447	736.2
448	663.9
449	0.3
450	15.8
451	5.2
452	104.8
453	5
454	0.1
455	10.8
456	0
457	115.6
458	122.7
459	43.7
460	4.9
461	115.2
462	168.6
463	30.4
464	10.4
465	122.3
466	8.7
467	13.3
468	3.9
469	2.8
470	3.5
471	14.3
472	52.5
473	35
474	2.5
475	38.1
476	1.8
477	165.1
478	1.6
479	5.6
480	119.8
481	3
482	1.6
483	150.7
484	0.7
485	1.1
486	21.3
487	5.6
488	67.1
489	1.9
490	50.5
491	8.3
492	103.1
493	6.8
494	58.5
495	49.6
496	0.9
497	42.7
498	3.4
499	5
500	29
501	1.4
502	55.2
503	0.2
504	0.7
505	12.5
506	26.3
507	42.6
508	9
509	20.5
510	1.3
511	40.7
512	44.5
513	0.5
514	12.4
515	2.2
516	2.1
517	39.3
518	4.4
519	10.8
520	44.8
521	0.8
522	0.7
523	0.6
524	118.6
525	0.6
526	7.6
527	0.8
528	0.3
529	2
530	71.1
531	55.6
532	148
533	1
534	0.1
535	76
536	106.6
537	20.2
538	4.9
539	0
540	0.3
541	34.9
542	51.8
543	0.1
544	2.3
545	26.4
546	52.5
547	0
548	21.5
549	43.7
550	0
551	25.6
552	0
553	59.8
554	0.9
555	0.2
556	0
557	6
558	27.4
559	40.1
560	35.2
561	92.5
562	52.8
563	2.8
564	13.3
565	48.3
566	42.5
567	0.2
568	38.2
569	16
570	0.7
571	90.1
572	22.2
573	4.3
574	0
575	0.1
576	58.5
577	8.7
578	46
579	52.5
580	26.7
581	8.6
582	0
583	0.1
584	0.1
585	72.2
586	0
587	35.3
588	0
589	63.4
590	1.2
591	0
592	58.7
593	28.1
594	14.5
595	0
596	0.1
597	0.8
598	0.8
599	41.8
600	8.9
601	1.1
602	1.2
603	725.6
604	0
605	4.1
606	0
607	0.1
608	4.1
609	14
610	0.1
611	41.1
612	13.7
613	0.4
614	113.9
615	23.7
616	7.1
617	93
618	609.7
619	26.2
620	13.6
621	0
622	138.1
623	141.8
624	126.7
625	0.1
626	0.3
627	38.5
628	0.7
629	28.9
630	77.8
631	0.1
632	663.7
633	209.3
634	0.5
635	28.9
636	25.7
637	18.9
638	0.1
639	693.5
640	28.9
641	59.4
642	3.9
643	125.9
644	14.9
645	691.9
646	222.2
647	0
648	741.4
649	110.9
650	0.1
651	83.2
652	1.2
653	0.5
654	0.1
655	0.7
656	2
657	136.7
658	91.2
659	137.2
660	28.2
661	71.8
662	172.9
663	132.8
664	0.1
665	0.1
666	0
667	102.2
668	84.4
669	102.4
670	0.1
671	0.1
672	0
673	186
674	32.9
675	121.1
676	99.9
677	58.2
678	10.6
679	0.5
680	5.3
681	210.1
682	112.6
683	102.9
684	126.8
685	0
686	59.1
687	1
688	112.1
689	0.1
690	209
691	65.9
692	49.4
693	6.9
694	20.1
695	58.4
696	137.3
697	0.3
698	132.9
699	108.5
700	114.6
701	45.5
702	139.6
703	103.3
704	91.1
705	43.9
706	4.9
707	57.6
708	123.3
709	46.4
710	113.9
711	8.6
712	59.8
713	106
714	1.8
715	101.7
716	7.3
717	771.3
718	133.9
719	105.5
720	99.1
721	0.1
722	45.9
723	124.3
724	131.8
725	0
726	2.4
727	23
728	50.2
729	38.9
730	112.4
731	8.6
732	16.2
733	110.7
734	93.1
735	66.1
736	4.3
737	110
738	100.5
739	125.4
740	137.4
741	48.7
742	743.4
743	123.9
744	4.9
745	1.4
746	88.3
747	111.9
748	0.2
749	141.3
750	1.1
751	70.6
752	112.7
753	111.3
754	131.7
755	129
756	119.4
757	165.5
758	234.1
759	0.1
760	77.5
761	0.2
762	46.7
763	120.3
764	47.1
765	97.5
766	5.1
767	247.6
768	139.3
769	162
770	122.4
771	187.9
772	251.9
773	57.1
774	57.1
775	38.8
776	4
777	41.2
778	133.4
779	3
780	161.2
781	116.4
782	847.1
783	804.6
784	871.2
785	845.6
786	786.4
787	876.1
788	756.2
789	811.1
790	828.8
791	784
792	798.1
793	751.3
794	837.5
795	879.4
796	735.4
797	886.9
798	772.5
799	774.7
800	804.9
801	728.9
802	714.6
803	782.3
804	732
805	740.1
806	738.8
807	680.4
808	735.7
809	873.1
810	855.6
811	787.9
812	803
813	751.3
814	744.1
815	774
816	780.8
817	755.2
818	790.1
819	868.7
820	775.3
821	907.4
822	1037.7
823	765.5
824	803.6
825	919
826	860.5
827	1048.5
828	1045.6
829	948.6
830	1070.9
831	869.5
832	1042.8
833	883.2
834	1133.9
835	1011.2
836	1015.8
837	843.1
838	944.8
839	917.8
840	1003.6
841	966.4
842	804.8
843	525.7
844	1136.5
845	914
846	978.8
847	998.2
848	1017.3
849	894
850	1112.5
851	1077.1
852	960.2
853	1051.8
854	1079.1
855	1009.6
856	958.2
857	936
858	1103.4
859	861.8
860	784.8
861	1032.2
862	286.7
863	1039.3
864	879.3
865	995.2
866	799.7
867	887.3
868	1154.5
869	903.3
870	693.6
871	877.9
872	864.4
873	343.4
874	1040.1
875	1087.4
876	903.1
877	1069
878	1044.2
879	1076.4
880	901.7
881	962.5
882	873.9
883	859.2
884	1075.9
885	1040
886	203.5
887	787.4
888	823.5
889	1061.6
890	942.6
891	944.6
892	818.4
893	909.1
894	230
895	1064.3
896	1113.3
897	923.9
898	837.8
899	904.8
900	911.4
901	896.2
902	1099.9
903	1112.5
904	1047.4
905	890
906	1080.7
907	838.6
908	794
909	1025.4
910	242.7
911	1029.5
912	846.3
913	825.6
914	839.9
915	320.7
916	814.4
917	1103.2
918	878
919	821.9
920	901.9
921	879.9
922	829.4
923	519
924	858.7
925	1110.2
926	913.5
927	1038.6
928	750.2
929	796.1
930	806.8
931	1026.1
932	816.6
933	933.3
934	264.2
935	893.7
936	890.2
937	1099.6
938	1093.7
939	1074
940	806.3
941	1028.5
942	839.2
943	223.3
944	1084.6
945	856.8
946	900.7
947	249.1
948	876.1
949	945.4
950	986.1
951	891.1
952	822.5
953	786.3
954	804
955	843.6
956	860.8
957	809.7
958	784.6
959	804.4
960	886.1
961	881.7
962	899
963	872.2
964	167
965	914.7
966	884.8
967	152.1
968	805.5
969	826.1
970	695.9
971	1002.1
972	895.8
973	860.1
974	827.5
975	1091.4
976	1075.9
977	1039.7
978	799.3
979	864.6
980	1096.1
981	890
982	932
983	972.2
984	1073.5
985	1047.9
986	1010.5
987	808.2
988	1034.4
989	1004.2
990	278.1
991	934
992	607.5
993	1079.5
994	937.6
995	1133.8
996	1004.9
997	1037.6
998	810.3
999	922.2
1000	146.8
1001	812.7
1002	1129.5
1003	250.5
1004	991.1
1005	794.1
1006	972.3
1007	148.9
1008	828.6
1009	499.9
1010	887
1011	932.1
1012	973
1013	815.9
1014	1078.1
1015	815.5
1016	162.2
1017	1078
1018	801.7
1019	820.2
1020	922.4
1021	937.1
1022	953
1023	947.2
1024	1091.2
1025	923.9
1026	1003.8
1027	961.1
1028	972
1029	800.9
1030	809.2
1031	163.3
1032	254.6
1033	842.1
1034	939.4
1035	765.8
1036	894.7
1037	879.7
1038	941.7
1039	768.1
1040	799.3
1041	935.4
1042	788.3
1043	164.4
1044	710.8
1045	776.5
1046	799.3
1047	1042.5
1048	978.5
1049	990.5
1050	148.1
1051	899.3
1052	932.2
1053	768.9
1054	900.6
1055	942.1
1056	932.2
1057	806.4
1058	935.3
1059	839
1060	948.2
1061	185.1
1062	995.7
1063	1034
1064	772.9
1065	723.1
1066	953.1
1067	824.4
1068	828.8
1069	778.1
1070	960
1071	915.9
1072	787.9
1073	793.7
1074	965.8
1075	574.6
1076	979.6
1077	795.1
1078	970.5
1079	923.1
1080	788.3
1081	805.2
1082	950.9
1083	786.5
1084	918
1085	959.8
1086	967.7
1087	169.5
1088	789.9
1089	744.4
1090	882.4
1091	1032
1092	802.5
1093	746.7
1094	752.9
1095	747.5
1096	781.8
1097	1042.3
1098	776.2
1099	585.5
1100	180.1
1101	748.5
1102	918.5
1103	782.1
1104	729.4
1105	743.1
1106	739.9
1107	803.6
1108	772.6
1109	876.5
1110	798.9
1111	802.8
1112	958.4
1113	1028.8
1114	868
1115	740.4
1116	720.3
1117	986.6
1118	753.6
1119	730
1120	717
1121	763.2
1122	746.5
1123	753.8
1124	879.9
1125	695.9
1126	987.5
1127	698.9
1128	943.1
1129	940.9
1130	773.8
1131	767
1132	983.6
1133	957.5
1134	722.1
1135	838.4
1136	756
1137	728.8
1138	708.4
1139	730.9
1140	918.1
1141	717.4
1142	775.3
1143	953.7
1144	740.3
1145	745
1146	699.5
1147	699.2
1148	959.4
1149	692
1150	711.2
1151	708.3
1152	919.2
1153	948.6
1154	148.1
1155	858.4
1156	957.9
1157	677.6
1158	914.6
1159	887.1
1160	726.9
1161	764.1
1162	762.2
1163	765.8
1164	984.7
1165	860.9
1166	946.9
1167	909.3
1168	940.9
1169	936.2
1170	992.6
1171	782.4
1172	926.1
1173	744.9
1174	1063.1
1175	709.7
1176	741.1
1177	866.9
1178	687.9
1179	976.5
1180	726.9
1181	780.5
1182	721.1
1183	752.2
1184	854.4
1185	949.2
1186	897.7
1187	691.1
1188	715.5
1189	776.4
1190	695.2
1191	963
1192	709.9
1193	863.7
1194	747.2
1195	1028.6
1196	706.4
1197	848
1198	744.7
1199	1030.6
1200	303.2
1201	736.9
1202	743.2
1203	821.5
1204	733
1205	752.8
1206	816.3
1207	719.6
1208	806.6
1209	740.6
1210	884.9
1211	890.5
1212	863.4
1213	864.3
1214	916.7
1215	769.6
1216	928.5
1217	977
1218	755
1219	809.5
1220	960
1221	715.9
1222	737.4
1223	799.3
1224	709.9
1225	1029.8
1226	853.6
1227	957.1
1228	741.7
1229	791.4
1230	883.7
1231	807.7
1232	968
1233	761.4
1234	741.5
1235	773
1236	747.2
1237	1024.2
1238	853.4
1239	914.4
1240	725.9
1241	921.6
1242	946.4
1243	735.7
1244	711.5
1245	951.2
1246	871.7
1247	792.1
1248	427.8
1249	974
1250	994.2
1251	736.2
1252	856
1253	777.2
1254	749.2
1255	873.5
1256	990.3
1257	822.4
1258	837.3
1259	929.9
1260	1044.8
1261	1004.1
1262	805.3
1263	798.2
1264	785.7
1265	943.1
1266	803.6
1267	886.6
1268	997.9
1269	487.1
1270	875.4
1271	828.8
1272	706
1273	811.2
1274	862.9
1275	701.2
1276	969.6
1277	915
1278	990.4
1279	392.8
1280	925.6
1281	796.4
1282	963.1
1283	1122.4
1284	512.9
1285	797
1286	1120.7
1287	775.8
1288	801.5
1289	960.2
1290	814.9
1291	1061.2
1292	791.1
1293	320.1
1294	773.4
1295	898.2
1296	807.1
1297	564.9
1298	831.9
1299	731
1300	802.9
1301	883.7
1302	806.1
1303	778.4
1304	562
1305	1116
1306	865.4
1307	892.5
1308	827
1309	895.1
1310	871.7
1311	895.1
1312	940.9
1313	776.5
1314	904.5
1315	914.7
1316	1025.3
1317	990.4
1318	795.1
1319	1040.7
1320	1083.2
1321	754.5
1322	917.1
1323	950.4
1324	816.4
1325	958.4
1326	751.1
1327	755.2
1328	855
1329	539.2
1330	1056.2
1331	973.6
1332	320.8
1333	802.7
1334	865.1
1335	248.3
1336	1020.8
1337	750.9
1338	757.3
1339	792.7
1340	801.3
1341	864.4
1342	884.9
1343	923.1
1344	968.5
1345	805.1
1346	1001.9
1347	1013.2
1348	985.5
1349	791.4
1350	867.2
1351	1015.3
1352	518.8
1353	885.4
1354	762.1
1355	1076.4
1356	451.1
1357	832.2
1358	1087.1
1359	795.4
1360	766.9
1361	805.9
1362	938.3
1363	964.9
1364	686.1
1365	1051.3
1366	770.4
1367	979.6
1368	987.5
1369	765.7
1370	252.7
1371	735
1372	825.6
1373	966.8
1374	668.7
1375	919.3
1376	497.6
1377	817.8
1378	805.4
1379	795.2
1380	1040.7
1381	987.2
1382	1044.7
1383	755.6
1384	833.9
1385	453
1386	1015
1387	761.3
1388	783.9
1389	784.6
1390	998.8
1391	1118.2
1392	1025.4
1393	801.9
1394	661.1
1395	1057
1396	978
1397	1163.4
1398	956.6
1399	904.4
1400	791.3
1401	752.9
1402	747.4
1403	912.6
1404	818.8
1405	674.5
1406	750.2
1407	922.7
1408	746
1409	857.1
1410	724.9
1411	943.3
1412	678.3
1413	926.7
1414	837.6
1415	865
1416	1049.8
1417	758.7
1418	926.5
1419	796.2
1420	802.8
1421	761.6
1422	673.6
1423	669.5
1424	1038.6
1425	727.8
1426	951.4
1427	835.4
1428	751.4
1429	770.2
1430	1022.7
1431	971.6
1432	795.1
1433	1024.9
1434	730.5
1435	1007.7
1436	937.9
1437	792.8
1438	751.4
1439	818.3
1440	1030.8
1441	1042.8
1442	685.5
1443	800.6
1444	746.3
1445	688.7
1446	892.3
1447	696.4
1448	1081
1449	953.5
1450	713
1451	687.6
1452	939.4
1453	928.9
1454	667.4
1455	691.2
1456	699.5
1457	966.9
1458	1014.6
1459	807
1460	738.8
1461	995.1
1462	689.8
1463	757.2
1464	762.6
1465	768.4
1466	1093.2
1467	725.1
1468	717.3
1469	1010.4
1470	857.4
1471	714.9
1472	702.1
1473	1110.2
1474	704.8
1475	1107.3
1476	709
1477	708.8
1478	873.4
1479	1053
1480	710.7
1481	987.3
1482	1003.1
1483	742.2
1484	757.6
1485	692.9
1486	737.9
1487	752.2
1488	962.9
1489	1015.4
1490	677.3
1491	800.2
1492	1005.4
1493	922.7
1494	1084
1495	773.6
1496	1005.1
1497	981.8
1498	716.3
1499	1008.1
1500	115.8
1501	1016.6
1502	1043.7
1503	714.7
1504	779.4
1505	979.6
1506	975.8
1507	715.2
1508	726.6
1509	715.2
1510	725.9
1511	771.4
1512	684.7
1513	877.6
1514	696.4
1515	739
1516	693.7
1517	901.8
1518	728.8
1519	1049.2
1520	723.3
1521	730.8
1522	709
1523	720.8
1524	774
1525	806.2
1526	714.1
1527	993.5
1528	683.5
1529	1060.3
1530	1043.5
1531	733.6
1532	724.5
1533	783.1
1534	912.9
1535	548.6
1536	894.4
1537	730.1
1538	629.8
1539	730.7
1540	802
1541	716.3
1542	769.9
1543	1003.2
1544	727.6
1545	608.7
1546	559.7
1547	897.1
1548	669
1549	692.4
1550	708.5
1551	763.1
1552	981.9
1553	1034.4
1554	789
1555	1014.6
1556	1051.1
1557	755.2
1558	643.7
1559	1013.3
1560	121.7
1561	722.2
1562	755
1563	781.6
1564	639.5
1565	806.7
1566	758
1567	704.5
1568	702.4
1569	1023.9
1570	882.4
1571	669.4
1572	683.4
1573	898.9
1574	736.9
1575	974.2
1576	910.8
1577	922.4
1578	706.3
1579	704.3
1580	895.9
1581	921
1582	1005.5
1583	1013.6
1584	574.7
1585	902.3
1586	881.4
1587	762.2
1588	935.8
1589	749.2
1590	746.7
1591	720.5
1592	957.2
1593	767
1594	1023.1
1595	1032.6
1596	964.3
1597	703.4
1598	930.7
1599	1038.5
1600	1065.3
1601	749.9
1602	907.6
1603	1092.9
1604	1014.1
1605	123.2
1606	695.2
1607	692.9
1608	1085.6
1609	656.7
1610	1038.9
1611	792.7
1612	943.8
1613	1015.5
1614	1028.4
1615	932.8
1616	997.9
1617	670.1
1618	978.4
1619	121.9
1620	953.9
1621	917.2
1622	1021.6
1623	657.2
1624	894.6
1625	961.3
1626	976.3
1627	762.9
1628	936.6
1629	666
1630	996.1
1631	878.2
1632	900.3
1633	667.9
1634	902.9
1635	906.7
1636	984.6
1637	1032.6
1638	976.6
1639	732.8
1640	698.5
1641	968.9
1642	902.9
1643	1043.4
1644	725.4
1645	1013.5
1646	1014.7
1647	619.6
1648	756.7
1649	736.9
1650	728.8
1651	976.9
1652	995.3
1653	716.2
1654	974.4
1655	988.2
1656	1008.7
1657	1002.3
1658	1029.6
1659	1030.6
1660	937.5
1661	125.4
1662	826.3
1663	973.8
1664	756.2
1665	696.9
1666	1023.1
1667	970.7
1668	1007.1
1669	983.1
1670	131.6
1671	987.5
1672	962.2
1673	910.3
1674	980.8
1675	942.2
1676	765.8
1677	132.6
1678	727
1679	926
1680	1042.8
1681	1003.9
1682	695.8
1683	954
1684	1037
1685	941.7
1686	852.2
1687	906.7
1688	953.6
1689	763.1
1690	990
1691	129.3
1692	967.5
1693	134.2
1694	1016.4
1695	955.5
1696	791.6
1697	1063.6
1698	717.5
1699	769.3
1700	921.6
1701	970.8
1702	1002.3
1703	1058.6
1704	789.6
1705	728.8
1706	969.5
1707	700.6
1708	689.2
1709	996.8
1710	775.8
1711	741.7
1712	1059.7
1713	946.5
1714	884.1
1715	987
1716	949
1717	989.2
1718	135.6
1719	821.8
1720	1049.2
1721	977.2
1722	928.2
1723	996.8
1724	937.2
1725	1099.9
1726	1012.2
1727	1020.6
1728	999.6
1729	129.7
1730	949
1731	780.8
1732	942.3
1733	999.7
1734	129.8
1735	1002.9
1736	722.5
1737	993.6
1738	929.9
1739	922.1
1740	816.2
1741	134.2
1742	760.7
1743	903.1
1744	1023.7
1745	901.6
1746	1042.1
1747	980.9
1748	1031.8
1749	830.7
1750	852.8
1751	1017.8
1752	967.4
1753	875.5
1754	1080.3
1755	989.2
1756	931.1
1757	979.9
1758	1037.1
1759	907.1
1760	962.8
1761	1028.8
1762	905.1
1763	924.5
1764	1032
1765	759.3
1766	861.4
1767	980.6
1768	769.9
1769	1001.2
1770	1000.6
1771	951
1772	848
1773	877.5
1774	908.8
1775	583.4
1776	902
1777	860.7
1778	680.2
1779	737.5
1780	704.9
1781	991.6
1782	974.5
1783	943.1
1784	924.4
1785	925.4
1786	1022.6
1787	1004.7
1788	824.9
1789	924.5
1790	671.2
1791	818.2
1792	912.4
1793	979.3
1794	706.2
1795	944.6
1796	979.7
1797	1140.1
1798	908.9
1799	908.7
1800	940.5
1801	1038.4
1802	954.7
1803	772.8
1804	923.1
1805	705.4
1806	842
1807	982.7
1808	906.3
1809	970.8
1810	857.2
1811	959.8
1812	855.7
1813	824.2
1814	883.6
1815	944.3
1816	977.7
1817	960.2
1818	904.3
1819	836.4
1820	1154.1
1821	968.8
1822	934.4
1823	1016.8
1824	905
1825	1101.6
1826	988
1827	966.2
1828	982.7
1829	883.1
1830	839.6
1831	831.5
1832	934.8
1833	800.7
1834	940.3
1835	796.9
1836	818.1
1837	530
1838	931.4
1839	1097.4
1840	934.9
1841	772.8
1842	830.8
1843	1201.5
1844	987.7
1845	905
1846	460.4
1847	774.1
1848	1185.7
1849	1086.1
1850	1044.3
1851	846.2
1852	975.9
1853	992.9
1854	926.5
1855	959.1
1856	792.7
1857	947.9
1858	927.1
1859	940.6
1860	862.9
1861	939.3
1862	781.9
1863	876.9
1864	898.8
1865	984.5
1866	1210.2
1867	945.6
1868	924
1869	978
1870	506.7
1871	941.4
1872	826.3
1873	863
1874	1178.8
1875	897
1876	954.9
1877	923.9
1878	855.8
1879	1192.2
1880	1180.1
1881	988.4
1882	953.9
1883	1151.4
1884	942.7
1885	946.9
1886	890.8
1887	879.7
1888	968.1
1889	821.1
1890	1150.2
1891	482.4
1892	967.6
1893	910.4
1894	933.2
1895	956.2
1896	901.4
1897	819.2
1898	1068.7
1899	844.1
1900	963.4
1901	1158.4
1902	856
1903	996.3
1904	880.4
1905	944.5
1906	865.9
1907	456
1908	725.7
1909	475.1
1910	385.1
1911	982.3
1912	918.4
1913	721.7
1914	942
1915	858.9
1916	874.9
1917	1019.4
1918	789.5
1919	868.5
1920	894.6
1921	1029.3
1922	620.4
1923	746.2
1924	822.2
1925	1006.2
1926	872.2
1927	1114.6
1928	895.9
1929	321.3
1930	911
1931	462.8
1932	804.5
1933	922.1
1934	106.2
1935	926.2
1936	1062.9
1937	517.7
1938	986.5
1939	1055.3
1940	867.9
1941	878.5
1942	91.6
1943	555.1
1944	1020.4
1945	354.7
1946	620.2
1947	612
1948	285
1949	891.4
1950	0
1951	909.9
1952	594.4
1953	106.8
1954	576.1
1955	52.3
1956	975.6
1957	1141.2
1958	904.5
1959	104.3
1960	934.4
1961	103.9
1962	875.7
1963	507.6
1964	528.7
1965	807.7
1966	0
1967	438.8
1968	63.5
1969	867.1
1970	1013.3
1971	853.6
1972	615.2
1973	513.4
1974	966.7
1975	89.5
1976	48.5
1977	589.3
1978	1006.1
1979	0
1980	636.7
1981	937.4
1982	0
1983	816.3
1984	788.6
1985	119.2
1986	55.7
1987	984.6
1988	98.8
1989	0
1990	0
1991	634
1992	905.7
1993	106.7
1994	1093.4
1995	945.6
1996	511.5
1997	40.2
1998	1132.6
1999	932.2
2000	142.7
2001	905.1
2002	57.3
2003	63.9
2004	526.4
2005	524
2006	102.1
2007	796.5
2008	181.2
2009	905.1
2010	38.5
2011	0
2012	546.3
2013	52.4
2014	0
2015	48.3
2016	585.2
2017	947
2018	247.9
2019	530.7
2020	623
2021	217.1
2022	220.2
2023	584.7
2024	0
2025	1090.9
2026	513.9
2027	88.9
2028	1029.4
2029	905.8
2030	779.5
2031	57
2032	156.2
2033	769.3
2034	934.6
2035	85.6
2036	0
2037	913.3
2038	0
2039	532.4
2040	573.2
2041	0
2042	217.7
2043	883.6
2044	987.5
2045	726.7
2046	541.3
2047	120.8
2048	565.9
2049	954.7
2050	948
2051	184.3
2052	743
2053	186.5
2054	99.9
2055	59.5
2056	908.1
2057	162.5
2058	0
2059	524.9
2060	218.6
2061	155.8
2062	1096.2
2063	545.1
2064	182
2065	606.5
2066	832.8
2067	261.5
2068	850
2069	925.5
2070	163.3
2071	219.7
2072	897.9
2073	64.1
2074	921.9
2075	879.8
2076	0
2077	492.3
2078	919.9
2079	544.5
2080	533.9
2081	950
2082	735.1
2083	175.6
2084	879.2
2085	948.5
2086	824.8
2087	550.4
2088	1094.1
2089	578.4
2090	1004.9
2091	779.4
2092	662.5
2093	871.3
2094	562.4
2095	171.4
2096	510.9
2097	194.2
2098	949
2099	60.8
2100	856
2101	848.4
2102	858.9
2103	485.4
2104	404
2105	722.7
2106	585.8
2107	605.2
2108	924
2109	827.1
2110	874.1
2111	427.1
2112	0
2113	801.7
2114	564.7
2115	977.1
2116	983.1
2117	820.9
2118	54.5
2119	41
2120	1022.6
2121	157.3
2122	830.4
2123	655.1
2124	985.3
2125	624.8
2126	884.7
2127	144.2
2128	540.8
2129	413.2
2130	645.3
2131	845.8
2132	896.3
2133	510.1
2134	860.4
2135	36.3
2136	1109.4
2137	184.7
2138	47.2
2139	997.9
2140	430.7
2141	1038.5
2142	128.9
2143	493.8
2144	834.3
2145	1012.8
2146	181.5
2147	179
2148	872.4
2149	553.9
2150	499.7
2151	564.6
2152	878.6
2153	1174.6
2154	875.2
2155	431.5
2156	501.4
2157	538
2158	185.4
2159	162.8
2160	1208.9
2161	537.7
2162	921.2
2163	1014.8
2164	589.7
2165	186.1
2166	462.5
2167	451.5
2168	604.7
2169	852.8
2170	534.1
2171	619.4
2172	534.3
2173	589
2174	522.7
2175	15.2
2176	527.3
2177	1107.2
2178	47.5
2179	513.7
2180	427.3
2181	1226.8
2182	570.9
2183	569
2184	456.6
2185	1018.7
2186	12.7
2187	174.5
2188	447.5
2189	565.4
2190	179
2191	550
2192	465.6
2193	504.2
2194	972.8
2195	173.8
2196	455.2
2197	1172.4
2198	448.9
2199	1202.5
2200	476
2201	9.4
2202	169.6
2203	543.7
2204	445.1
2205	603.1
2206	466.6
2207	181.9
2208	180.3
2209	534
2210	1160.9
2211	545.7
2212	866.6
2213	974.9
2214	516.1
2215	463.8
2216	174.3
2217	565.4
2218	490.8
2219	1184.6
2220	166.7
2221	380.3
2222	1120.8
2223	420.1
2224	545.6
2225	498.2
2226	178.8
2227	1205.6
2228	517.5
2229	544.3
2230	901.4
2231	410.6
2232	562.8
2233	523.4
2234	1172.6
2235	511.8
2236	552.7
2237	568
2238	555
2239	179.7
2240	516.7
2241	565.9
2242	578.7
2243	577.8
2244	536.4
2245	1215
2246	408.1
2247	568.1
2248	1192.2
2249	634.2
2250	419.4
2251	177.3
2252	1038.8
2253	578.2
2254	200.8
2255	584.4
2256	1113.2
2257	192
2258	485.9
2259	1148.3
2260	580.8
2261	482.9
2262	462.7
2263	1216.7
2264	1236.7
2265	1129.9
2266	507.1
2267	547.4
2268	909.6
2269	219.3
2270	801.2
2271	1038.2
2272	492.6
2273	200.6
2274	776.9
2275	985.7
2276	217.4
2277	557.8
2278	805.8
2279	485.7
2280	537.3
2281	866
2282	1233.4
2283	233.1
2284	821.3
2285	1117.9
2286	960.1
2287	193.9
2288	1093.2
2289	518.5
2290	533.1
2291	546.5
2292	1099.9
2293	209.2
2294	226.9
2295	1018.5
2296	1022.3
2297	1218.4
2298	533.4
2299	187.9
2300	558.4
2301	856.2
2302	623.9
2303	635.6
2304	628
2305	530.3
2306	1061
2307	1048.8
2308	575.2
2309	857.7
2310	1191.9
2311	918.2
2312	871
2313	800.4
2314	591.3
2315	958.8
2316	554.1
2317	1141.9
2318	502.3
2319	506.6
2320	1034.1
2321	1130.8
2322	610.2
2323	586.1
2324	1155.3
2325	1022.5
2326	853.6
2327	568.6
2328	1158.6
2329	598
2330	959.9
2331	921.5
2332	225.4
2333	808.5
2334	1046
2335	979.5
2336	867
2337	858.6
2338	249.9
2339	203.7
2340	1128.4
2341	913
2342	977.1
2343	230.6
2344	807.1
2345	225.6
2346	914.9
2347	579.3
2348	811.7
2349	872
2350	796.9
2351	955.2
2352	611.9
2353	872.7
2354	826.3
2355	1068.2
2356	951.3
2357	879.1
2358	159.3
2359	1053.4
2360	955.9
2361	972.4
2362	195
2363	1105.2
2364	933.7
2365	871.8
2366	973
2367	899.7
2368	923.2
2369	164.9
2370	1108.6
2371	797.8
2372	844.1
2373	902.9
2374	145.7
2375	812.2
2376	972.1
2377	975.5
2378	928
2379	886.4
2380	889.7
2381	819.8
2382	1072.6
2383	956.9
2384	887
2385	714
2386	599.6
2387	592.6
2388	930.5
2389	1106.6
2390	814.5
2391	824.7
2392	1092.7
2393	933.7
2394	1063.6
2395	170.2
2396	906.1
2397	851.4
2398	686.4
2399	922
2400	868.4
2401	891.2
2402	1116.4
2403	858.1
2404	146.2
2405	859.7
2406	784.2
2407	987.6
2408	889.8
2409	882.3
2410	941.9
2411	964.2
2412	1000.1
2413	831
2414	142.7
2415	965.1
2416	878.7
2417	834.8
2418	887.2
2419	887.7
2420	1106.9
2421	989.7
2422	948.2
2423	783.8
2424	924
2425	139.4
2426	993.8
2427	843.3
2428	1130.3
2429	960.9
2430	908.6
2431	924.5
2432	870.7
2433	1139.7
2434	142.8
2435	932.7
2436	812.3
2437	109.3
2438	885.9
2439	523.2
2440	916
2441	1016.6
2442	795.9
2443	863.5
2444	1111.5
2445	925.5
2446	160.8
2447	972
2448	551.5
2449	922.3
2450	978.5
2451	883.7
2452	883.2
2453	514
2454	984.5
2455	889.6
2456	547.2
2457	914.7
2458	881.2
2459	990.3
2460	115.8
2461	556.9
2462	504
2463	156.2
2464	528.4
2465	1026.1
2466	1007.1
2467	702.1
2468	876.5
2469	1004.1
2470	557.1
2471	919.2
2472	1011.4
2473	157.6
2474	520.6
2475	905.3
2476	668.5
2477	924
2478	878.9
2479	607
2480	955.1
2481	447
2482	101.1
2483	659.8
2484	886.6
2485	887.9
2486	866.7
2487	1034.2
2488	905.7
2489	518.4
2490	1134
2491	149.9
2492	909.7
2493	677.2
2494	878.9
2495	853.3
2496	142.7
2497	752.2
2498	844.8
2499	118
2500	919.8
2501	853.2
2502	884.9
2503	612.2
2504	440.7
2505	817.5
2506	850.7
2507	1018.4
2508	473.3
2509	656.1
2510	476.2
2511	0
2512	794.7
2513	818.5
2514	825.4
2515	852.1
2516	878.9
2517	167.9
2518	319.4
2519	814.7
2520	927
2521	813.6
2522	0
2523	157.5
2524	997.3
2525	324.5
2526	807.9
2527	799.5
2528	791.3
2529	823.7
2530	761.5
2531	749.3
2532	744.1
2533	912.8
2534	330.7
2535	801.3
2536	921.1
2537	357
2538	0
2539	1101.5
2540	898.3
2541	974.4
2542	806.9
2543	835.3
2544	375.1
2545	862.1
2546	473.7
2547	806.2
2548	883.6
2549	818.9
2550	1007.6
2551	180.6
2552	1074.7
2553	741.3
2554	935.3
2555	819.1
2556	843.2
2557	937.9
2558	811.2
2559	748.8
2560	0
2561	780
2562	1085.2
2563	855.4
2564	921.2
2565	909.2
2566	172.2
2567	846.1
2568	0
2569	858.9
2570	339.6
2571	194.6
2572	891.5
2573	504.4
2574	872.8
2575	395.9
2576	785.4
2577	819.8
2578	856
2579	811.5
2580	894.4
2581	908.4
2582	1046.7
2583	888.2
2584	985.1
2585	0
2586	1000.5
2587	803.1
2588	811.3
2589	804.2
2590	837
2591	847.5
2592	775.4
2593	707.8
2594	300.4
2595	967.3
2596	0
2597	812
2598	1061.2
2599	831.3
2600	781.9
2601	807.7
2602	889.4
2603	760.1
2604	1062
2605	844.9
2606	378.5
2607	0
2608	666.7
2609	891.5
2610	492.9
2611	885.4
2612	754.6
2613	790.4
2614	908.9
2615	209.3
2616	882.4
2617	0
2618	871.1
2619	919.4
2620	1035.5
2621	277.1
2622	835.5
2623	0
2624	750.7
2625	973.7
2626	228
2627	816.3
2628	195.6
2629	933
2630	798
2631	742.7
2632	0
2633	810.2
2634	834
2635	694.2
2636	878.5
2637	849.2
2638	289.7
2639	730.1
2640	708
2641	328.7
2642	0
2643	1033.9
2644	371.4
2645	1033.4
2646	702.9
2647	341.5
2648	818.4
2649	342
2650	0
2651	835.6
2652	355.9
2653	818.2
2654	380.7
2655	706.6
2656	863.6
2657	324.3
2658	741.5
2659	891.2
2660	0
2661	280.1
2662	986.3
2663	344.3
2664	722.2
2665	349
2666	324.2
2667	202.6
2668	293.2
2669	806.8
2670	971.5
2671	860.4
2672	793
2673	460.3
2674	286.1
2675	345.6
2676	129.4
2677	975.1
2678	899.4
2679	373.7
2680	303.3
2681	303.4
2682	286.2
2683	778.7
2684	740.3
2685	785.7
2686	868.7
2687	808
2688	259.9
2689	286.5
2690	339.7
2691	290.4
2692	106.5
2693	348.4
2694	649.3
2695	875.1
2696	804.5
2697	863.1
2698	925
2699	19.6
2700	768.9
2701	171
2702	336.8
2703	689.1
2704	731
2705	727.7
2706	314.9
2707	12.8
2708	335.2
2709	303.4
2710	330.5
2711	300.9
2712	747.9
2713	833.7
2714	356.7
2715	617.1
2716	313.5
2717	266.2
2718	622
2719	651.3
2720	270.2
2721	732.6
2722	287.5
2723	824
2724	55.6
2725	303.6
2726	787.5
2727	799.6
2728	635.3
2729	774.5
2730	291.6
2731	763
2732	285.8
2733	291.1
2734	295.9
2735	670.1
2736	53.1
2737	707.9
2738	279.5
2739	734.7
2740	266
2741	292.9
2742	282.4
2743	705.1
2744	672.9
2745	292.5
2746	64.9
2747	667.3
2748	807.3
2749	733.3
2750	277.7
2751	403.4
2752	761.7
2753	684.8
2754	289.9
2755	272.6
2756	671.1
2757	734.2
2758	409
2759	661.7
2760	695.5
2761	674.6
2762	699.9
2763	56.1
2764	301.6
2765	269.2
2766	274.9
2767	74.3
2768	293.4
2769	679
2770	714.8
2771	388.1
2772	283
2773	235.5
2774	428.6
2775	295.9
2776	752.8
2777	272.5
2778	313.7
2779	757.7
2780	166.6
2781	755.6
2782	341.8
2783	609.9
2784	627.6
2785	67.9
2786	70.8
2787	334.2
2788	666.6
2789	308.1
2790	789
2791	279.3
2792	316.2
2793	412
2794	744.7
2795	650.2
2796	273.7
2797	429.7
2798	276.3
2799	755.1
2800	300.9
2801	318.8
2802	386.6
2803	624
2804	191.1
2805	299.6
2806	774.5
2807	426.1
2808	288.5
2809	326.4
2810	72.5
2811	326.1
2812	270.2
2813	299.4
2814	825.8
2815	332.6
2816	619.6
2817	727.6
2818	400.9
2819	845.5
2820	346.9
2821	266.6
2822	728
2823	323.3
2824	58.4
2825	723.6
2826	69.5
2827	164
2828	283
2829	77.8
2830	796.9
2831	672.7
2832	656.3
2833	673.8
2834	406
2835	360.8
2836	833.1
2837	605.7
2838	377.3
2839	285.8
2840	343.1
2841	685.6
2842	371.5
2843	749.4
2844	261.3
2845	697.1
2846	67.8
2847	329.2
2848	289.8
2849	274.6
2850	301.9
2851	375.7
2852	796.2
2853	814.5
2854	340
2855	810.4
2856	328.8
2857	806.2
2858	369.1
2859	738.7
2860	788.4
2861	653.5
2862	279.6
2863	257.2
2864	274
2865	691.4
2866	278.3
2867	797.9
2868	281.5
2869	301.9
2870	715.7
2871	276.3
2872	287.2
2873	329.2
2874	77.7
2875	786.3
2876	75.2
2877	792.8
2878	816.3
2879	268.5
2880	810.3
2881	828.8
2882	699
2883	816
2884	309.8
2885	292.6
2886	355
2887	291.9
2888	68.6
2889	76.4
2890	77.2
2891	678.3
2892	283.5
2893	354.7
2894	298.5
2895	301.2
2896	72.7
2897	324.4
2898	753.3
2899	366.2
2900	272.3
2901	267.1
2902	838.1
2903	312.6
2904	208.6
2905	802.5
2906	267.3
2907	298
2908	805.7
2909	296.7
2910	812.2
2911	312.2
2912	805.4
2913	301.9
2914	703.9
2915	246.9
2916	302.2
2917	73
2918	374
2919	252
2920	256.5
2921	650.7
2922	783.7
2923	750.2
2924	336.9
2925	656.3
2926	300.9
2927	249.5
2928	284.9
2929	289
2930	313.5
2931	844.6
2932	356.3
2933	862.9
2934	219
2935	817.2
2936	231.9
2937	729.7
2938	210.8
2939	838
2940	211.8
2941	757.1
2942	256.3
2943	289.9
2944	193.9
2945	843.9
2946	669.5
2947	393
2948	863.1
2949	775.4
2950	781.7
2951	403.2
2952	825.4
2953	288.4
2954	620.9
2955	300.4
2956	358.2
2957	324.2
2958	865.1
2959	241.6
2960	738.2
2961	857.8
2962	821.2
2963	282.8
2964	293.7
2965	750.4
2966	414.4
2967	305.9
2968	783.3
2969	289.9
2970	172.5
2971	752
2972	296.4
2973	159.4
2974	792.6
2975	955.2
2976	326.3
2977	357.2
2978	283.2
2979	878.3
2980	815.2
2981	700.9
2982	277.9
2983	800.4
2984	840
2985	601
2986	800.7
2987	796.3
2988	810.6
2989	161.2
2990	724.7
2991	991
2992	276.6
2993	830.5
2994	841.2
2995	823.7
2996	395.8
2997	324.5
2998	716.5
2999	280.6
3000	756.4
3001	343.9
3002	842.7
3003	774.7
3004	184.9
3005	266.7
3006	809.2
3007	649.3
3008	876.4
3009	174.4
3010	138.2
3011	811.7
3012	374.9
3013	861.1
3014	695.6
3015	147.8
3016	836.9
3017	993.1
3018	712.6
3019	150.7
3020	765.6
3021	201.3
3022	299.1
3023	186.2
3024	829.3
3025	687.5
3026	881.9
3027	875.8
3028	766.7
3029	895.7
3030	189
3031	283.4
3032	266.7
3033	188.3
3034	338.6
3035	723
3036	182.6
3037	304.5
3038	128.6
3039	793.4
3040	962.6
3041	846.6
3042	872.1
3043	970.7
3044	731.1
3045	941.8
3046	109.8
3047	121.6
3048	925.1
3049	762.6
3050	952.3
3051	844.7
3052	862
3053	986.8
3054	735.2
3055	770.8
3056	981.4
3057	123.8
3058	996.9
3059	824.2
3060	164.7
3061	299.5
3062	177.6
3063	961.1
3064	1002.9
3065	231
3066	907.1
3067	232.2
3068	901.9
3069	200.4
3070	834.6
3071	286.2
3072	824.3
3073	109.2
3074	950.7
3075	268.7
3076	279.1
3077	870.6
3078	809.2
3079	907.6
3080	942.8
3081	172.9
3082	285.8
3083	1011.9
3084	230.7
3085	861.8
3086	851
3087	1093.3
3088	961.5
3089	1061.1
3090	880.6
3091	166.6
3092	176.7
3093	289.6
3094	144.4
3095	161.9
3096	927.4
3097	162.2
3098	1081.2
3099	163.7
3100	913.3
3101	92.1
3102	244.6
3103	960.1
3104	986
3105	253.2
3106	990.1
3107	968.5
3108	163.3
3109	260.1
3110	142
3111	1147.9
3112	89.4
3113	1076.4
3114	205.6
3115	260.6
3116	252.8
3117	195.8
3118	1000
3119	998.9
3120	71.2
3121	992.7
3122	158.6
3123	985.9
3124	187.6
3125	359.2
3126	135.4
3127	80.4
3128	159.7
3129	146.5
3130	169.1
3131	982.6
3132	976.1
3133	1031.7
3134	1034.9
3135	178.5
3136	1031.7
3137	160.3
3138	163.4
3139	955.4
3140	882.6
3141	270.6
3142	930.3
3143	978.8
3144	175.4
3145	108.9
3146	134.9
3147	142.5
3148	363.9
3149	143.3
3150	83.8
3151	158.8
3152	907
3153	976.7
3154	917
3155	0.1
3156	799
3157	768.7
3158	81.2
3159	925.4
3160	106
3161	154.7
3162	914.8
3163	152
3164	209.8
3165	31.9
3166	907.5
3167	32.4
3168	967.9
3169	139
3170	975.3
3171	269.6
3172	975.7
3173	119.1
3174	0.1
3175	949
3176	252.2
3177	158.5
3178	175.7
3179	163.3
3180	190.9
3181	30.3
3182	975
3183	993.3
3184	152.8
3185	151
3186	753.5
3187	867.3
3188	0.1
3189	712.2
3190	276.8
3191	273.4
3192	0.1
3193	332
3194	1000.1
3195	919.5
3196	185.5
3197	28.9
3198	28.7
3199	864.8
3200	142.6
3201	245.6
3202	915.9
3203	1022.1
3204	34.1
3205	131.9
3206	144.7
3207	409.3
3208	265.6
3209	375.5
3210	139.9
3211	144.8
3212	874.6
3213	179
3214	205
3215	240.9
3216	150.4
3217	189.5
3218	138.5
3219	146.1
3220	27.1
3221	281.7
3222	139.9
3223	266.4
3224	921
3225	276
3226	921.3
3227	177.7
3228	367.7
3229	405.6
3230	40
3231	307.7
3232	288.9
3233	155.9
3234	917.3
3235	925.1
3236	149
3237	125.3
3238	156.7
3239	379.1
3240	48.8
3241	625.5
3242	373.8
3243	156
3244	429.3
3245	226.5
3246	213.9
3247	361.9
3248	277.4
3249	293
3250	38
3251	1021.1
3252	897
3253	398.6
3254	151.6
3255	148
3256	305.9
3257	156.5
3258	434.9
3259	687.7
3260	295.7
3261	444
3262	130.2
3263	236.9
3264	245.9
3265	176.1
3266	357.8
3267	735.9
3268	144.1
3269	904
3270	326.9
3271	262.5
3272	870.5
3273	252.9
3274	907.9
3275	402.8
3276	330
3277	342.1
3278	821.7
3279	185
3280	223.1
3281	223.7
3282	265.6
3283	112.6
3284	380.7
3285	235.1
3286	886.6
3287	242.3
3288	534
3289	396
3290	300.7
3291	867.5
3292	279.4
3293	510
3294	547.3
3295	217.2
3296	266.4
3297	236.9
3298	638
3299	316.3
3300	716.5
3301	333.5
3302	220.7
3303	911
3304	611.7
3305	121
3306	431.5
3307	231.4
3308	892.2
3309	425.9
3310	305.8
3311	270.2
3312	588.9
3313	301
3314	243.1
3315	413.5
3316	780.5
3317	239.5
3318	102.3
3319	235.6
3320	313.7
3321	426.5
3322	254.7
3323	495
3324	432.3
3325	304.8
3326	458.7
3327	194.7
3328	237.9
3329	290.9
3330	690.5
3331	239.5
3332	230.2
3333	299.1
3334	241
3335	847.1
3336	443.3
3337	170.3
3338	297.1
3339	214.6
3340	219
3341	777.5
3342	447.4
3343	229.7
3344	309.3
3345	180.1
3346	207.1
3347	470
3348	164.8
3349	433.6
3350	135.4
3351	212.5
3352	128
3353	281.9
3354	449.9
3355	314.7
3356	332.6
3357	422.8
3358	212.3
3359	278.5
3360	141.6
3361	304.6
3362	418
3363	672.5
3364	524.8
3365	239.3
3366	281.2
3367	312.3
3368	229.3
3369	231.6
3370	531.7
3371	303.6
3372	236.3
3373	294.6
3374	285.3
3375	446.1
3376	289.9
3377	429.9
3378	436.2
3379	461.8
3380	304.1
3381	315.2
3382	440
3383	315.8
3384	311.9
3385	322.5
3386	321
3387	478.8
3388	449.1
3389	340.3
3390	344.9
3391	332.1
3392	354.6
3393	491
3394	368.4
3395	334.6
3396	364.8
3397	360
3398	318.5
3399	292.3
3400	777.3
3401	816.9
3402	776
3403	875.2
3404	1035.3
3405	1013.2
3406	1061.4
3407	886.3
3408	1099.8
3409	972.5
3410	195.4
3411	190.8
3412	989.6
3413	924
3414	1010.6
3415	887.5
3416	745.7
3417	997
3418	969.1
3419	864.2
3420	701.9
3421	842.2
3422	918.7
3423	841.6
3424	1044.7
3425	1034.7
3426	904.7
3427	811
3428	582
3429	1104.8
3430	533.7
3431	846.5
3432	1122.3
3433	1082.6
3434	1068.2
3435	727
3436	853.6
3437	1001
3438	716.1
3439	646
3440	892.9
3441	1049.1
3442	763.4
3443	953.6
3444	814
3445	621.1
3446	695.8
3447	709.9
3448	765.2
3449	983.1
3450	704
3451	993.7
3452	1017.5
3453	908.8
3454	974.2
3455	1004.9
3456	125.4
3457	897
3458	900.9
3459	740.1
3460	983.3
3461	130.7
3462	936
3463	1085.4
3464	712.5
3465	716.4
3466	757.5
3467	933.3
3468	891.6
3469	703
3470	874.8
3471	1008.3
3472	570.1
3473	979.5
3474	913.9
3475	898.8
3476	954.2
3477	965.2
3478	921.4
3479	896.3
3480	938.7
3481	1020.9
3482	375.7
3483	36.5
3484	925.5
3485	48.2
3486	900.5
3487	0
3488	101.8
3489	966.9
3490	945.2
3491	571.1
3492	937.5
3493	48.3
3494	857.5
3495	1117.1
3496	155.4
3497	380.1
3498	388
3499	1066.5
3500	554
3501	192.1
3502	189.8
3503	411.6
3504	490.3
3505	923.9
3506	1072.9
3507	473.2
3508	1057
3509	214
3510	560.6
3511	1056.2
3512	881.1
3513	225.8
3514	833.3
3515	1063
3516	833.1
3517	762
3518	892
3519	923.7
3520	955.8
3521	947.9
3522	523.2
3523	904.7
3524	830.9
3525	859.7
3526	178.6
3527	830.6
3528	951.5
3529	757.3
3530	734.8
3531	1057
3532	365.1
3533	943.5
3534	879.2
3535	845.7
3536	280.1
3537	81
3538	837.2
3539	358.2
3540	409.1
3541	296
3542	302.5
3543	301.1
3544	298.9
3545	430
3546	255.7
3547	260.2
3548	315.1
3549	831.4
3550	785.3
3551	818.8
3552	247.6
3553	264.7
3554	841.2
3555	277.1
3556	805.6
3557	161.8
3558	290.3
3559	132
3560	306.7
3561	720.7
3562	119.9
3563	913.2
3564	140.4
3565	184.7
3566	165.1
3567	873.6
3568	990.6
3569	902.7
3570	939.6
3571	972.9
3572	144.4
3573	998.4
3574	265.2
3575	221.1
3576	926.8
3577	1029.9
3578	140.9
3579	162.9
3580	163.5
3581	278.9
3582	138
3583	132.5
3584	939.5
3585	282.8
3586	916.4
3587	281.2
3588	434.3
3589	278.7
3590	259.1
3591	110
3592	305.2
3593	436.6
3594	335.7
