"COMID"	"Value"
1	51.2
2	12.6
3	99
4	135.7
5	14.1
6	5.8
7	101.6
8	24.8
9	0.2
10	1.6
11	159.7
12	0.1
13	6.5
14	104.3
15	28
16	1.3
17	56.8
18	72.8
19	117.3
20	69.3
21	56.4
22	102.4
23	0.1
24	0.1
25	68.6
26	65
27	43.1
28	16.8
29	1.3
30	23.5
31	56.7
32	14.8
33	107.3
34	0
35	91.6
36	0.4
37	93.4
38	1.7
39	0.2
40	0.2
41	97.6
42	39.5
43	0.1
44	14.7
45	12.7
46	7.1
47	29.8
48	103.9
49	56.3
50	24.6
51	0.1
52	16.3
53	0.8
54	99.3
55	97.8
56	62.3
57	0.2
58	0.1
59	24.6
60	0.1
61	0.2
62	0.4
63	106.6
64	36.4
65	0.1
66	39.9
67	91.7
68	34.9
69	13.1
70	7.3
71	6.1
72	78.8
73	0.1
74	89.7
75	10.2
76	7.3
77	46.5
78	9.9
79	93.5
80	3.7
81	56.3
82	22.7
83	66.7
84	1.1
85	69.6
86	38
87	0.1
88	0.1
89	4.2
90	47.5
91	53
92	95
93	75.6
94	0.5
95	94.9
96	2.6
97	83.7
98	0.5
99	12.8
100	90.5
101	82
102	57.3
103	0.1
104	25.4
105	7.1
106	71.9
107	11.3
108	1.1
109	1.7
110	0.6
111	4.2
112	62.3
113	1.2
114	62.4
115	44.1
116	37.7
117	28.2
118	35.2
119	1.8
120	23
121	11.2
122	58.9
123	5.4
124	28.1
125	51.9
126	91.1
127	84.3
128	30.5
129	0.1
130	23.3
131	12.4
132	2.4
133	27.1
134	45.3
135	28.1
136	50.8
137	32.3
138	0.8
139	0.4
140	42.4
141	32.4
142	6.2
143	1.4
144	16.2
145	0.7
146	24
147	98.7
148	33.1
149	30.7
150	36.4
151	37.3
152	24.3
153	0.4
154	23.6
155	5.1
156	17.6
157	37.1
158	1.4
159	20.6
160	71
161	13.7
162	0.9
163	12.8
164	12.1
165	1.1
166	0.3
167	26.8
168	2.3
169	29.1
170	58.5
171	33.7
172	7.6
173	22.8
174	0.5
175	16
176	91.6
177	22.2
178	19.2
179	24.5
180	0.3
181	2
182	29
183	8.9
184	0.2
185	1.5
186	43
187	15.2
188	0.3
189	0.3
190	54
191	0.3
192	24.2
193	5.4
194	82.7
195	19
196	0.3
197	23.8
198	0.2
199	25.5
200	0.2
201	0.2
202	2.9
203	0.4
204	0.4
205	3.5
206	50.5
207	65.6
208	80.4
209	25.6
210	34.4
211	102.2
212	34.4
213	23.8
214	0.9
215	28.8
216	17
217	17.9
218	6
219	10.6
220	0.3
221	3
222	32.7
223	66.7
224	1
225	8.3
226	27.4
227	5.3
228	27.1
229	0.2
230	51.3
231	25
232	17.1
233	53.8
234	4.3
235	23.4
236	22.3
237	23.1
238	6.3
239	26.4
240	46.2
241	29.8
242	0.5
243	2.2
244	50.4
245	31.2
246	64.2
247	18.3
248	9.4
249	0.2
250	53.5
251	28.1
252	29.2
253	18.4
254	1.3
255	0.4
256	102.2
257	1.2
258	26.8
259	20
260	4.4
261	34.7
262	30.2
263	27
264	0.5
265	0.1
266	26
267	55.3
268	20.8
269	52.9
270	0.1
271	36.3
272	31.3
273	61.8
274	2.4
275	28.7
276	4.2
277	0.1
278	31.2
279	0.5
280	24.2
281	30.1
282	56.5
283	0.6
284	52.5
285	0.4
286	28
287	32.1
288	24.7
289	1.3
290	0.1
291	11.1
292	21.8
293	2.9
294	23
295	0.2
296	41.8
297	65
298	0
299	21.1
300	68.5
301	0.4
302	73.2
303	40.1
304	13
305	60.5
306	42.2
307	63.5
308	31.2
309	2.4
310	25.2
311	66.4
312	47.3
313	41.2
314	17.8
315	1.1
316	0.9
317	2.9
318	54.9
319	3.4
320	51.5
321	0.8
322	31
323	58.7
324	2.6
325	4.3
326	16.8
327	2.3
328	2.3
329	1
330	0.3
331	1.1
332	0.8
333	0.8
334	1
335	13.2
336	0.8
337	6.4
338	0.8
339	10.9
340	3.7
341	0.8
342	3.4
343	1
344	23.8
345	11.5
346	7.2
347	1
348	45
349	16
350	0.9
351	0.9
352	0.9
353	50.6
354	8.4
355	3.5
356	1
357	2.6
358	8
359	2.1
360	5.9
361	2.1
362	6.1
363	5.1
364	2.4
365	19
366	3
367	2.7
368	185.8
369	1.8
370	59.2
371	1.9
372	0.1
373	3.9
374	2.1
375	31.7
376	0
377	59.2
378	4
379	2
380	61.9
381	1.1
382	1.5
383	57.6
384	2.4
385	3.3
386	1.5
387	203.2
388	18.8
389	11
390	178.8
391	0.4
392	18.6
393	3.6
394	0.8
395	1.5
396	6.6
397	4.6
398	0.2
399	25.1
400	0.2
401	94.7
402	3.4
403	3.5
404	1.6
405	0.2
406	39.3
407	16.1
408	1.3
409	2.3
410	22.9
411	106.5
412	1.6
413	46
414	0.7
415	8.4
416	0.6
417	1.9
418	1.5
419	8.3
420	1.2
421	11.2
422	8
423	70.1
424	34.7
425	520.9
426	2.9
427	5.9
428	37.4
429	72.6
430	5.2
431	6
432	1.2
433	374.6
434	2.6
435	0.2
436	185
437	28.4
438	501.7
439	2.6
440	38.8
441	4.2
442	0
443	31.7
444	2.3
445	638.4
446	0.2
447	664.2
448	579.9
449	0
450	8.8
451	3
452	67.4
453	3.8
454	0.1
455	5
456	0.2
457	78.7
458	67.4
459	16.6
460	2.3
461	73.6
462	124.4
463	10.2
464	3.6
465	68
466	6.1
467	3.3
468	0.3
469	0.8
470	1.1
471	9.7
472	39.3
473	14.3
474	0.3
475	28.6
476	0
477	129
478	0.7
479	1.4
480	84.6
481	2.7
482	1.5
483	111.2
484	0.2
485	0.3
486	14.2
487	1.5
488	52.9
489	3.1
490	31.6
491	2.1
492	93.6
493	4.7
494	30.5
495	35.9
496	1.6
497	17.9
498	0.6
499	4.3
500	13.9
501	0.2
502	30.4
503	0
504	0.2
505	5.8
506	10.5
507	16.5
508	4.1
509	8.5
510	0.1
511	16
512	22.9
513	0.6
514	5.9
515	2.1
516	0.7
517	17.3
518	1.5
519	4.2
520	35.6
521	0.1
522	0.2
523	0.7
524	88.6
525	0
526	3.4
527	0
528	0.1
529	2.6
530	35.2
531	25.3
532	102.8
533	0
534	0
535	34.3
536	81.1
537	23.4
538	6.6
539	0
540	0.1
541	15.1
542	22.8
543	0
544	3.8
545	29.2
546	24
547	0
548	27.3
549	40.6
550	0
551	11.1
552	0
553	32.3
554	1.5
555	0.1
556	0
557	3
558	25.3
559	19.3
560	15.4
561	49.2
562	26.1
563	4.6
564	5.8
565	22.9
566	23.2
567	0.1
568	18.3
569	6.8
570	0.9
571	52.7
572	9.6
573	1.8
574	0
575	0.1
576	48
577	7.6
578	20.9
579	24.4
580	13.7
581	6.4
582	0
583	0.1
584	0.1
585	61.8
586	0
587	20.8
588	0
589	32
590	1.3
591	0
592	27.5
593	15.8
594	5.9
595	0
596	0.1
597	0.8
598	0.3
599	25.4
600	3.4
601	0.4
602	1
603	500.8
604	0
605	2.8
606	0
607	0.1
608	1.4
609	10.3
610	0.1
611	26
612	9.8
613	0.3
614	80.5
615	10.5
616	4.8
617	51.1
618	394.3
619	9.6
620	4.2
621	0
622	97.4
623	102.7
624	86.1
625	0.1
626	0.1
627	19.1
628	0.2
629	11.4
630	43.6
631	0.1
632	479.4
633	134.5
634	0.3
635	12.2
636	9.9
637	7.6
638	0.1
639	478.3
640	12.6
641	29
642	2.7
643	81.5
644	11
645	515.7
646	159.2
647	0.2
648	625.2
649	70.6
650	0.1
651	48
652	0.4
653	0.2
654	0.1
655	0.5
656	0.7
657	94.2
658	51.5
659	89
660	21.4
661	40.8
662	126.4
663	85.6
664	0.1
665	0.1
666	0.1
667	54.6
668	48.8
669	60.6
670	0.1
671	0.2
672	0.1
673	159.5
674	15.8
675	87.5
676	61.4
677	31.2
678	3.9
679	0.1
680	1.9
681	151.1
682	74.3
683	59.7
684	74
685	0.1
686	35.1
687	0.9
688	78.4
689	0.2
690	189.7
691	36.8
692	30.4
693	2.6
694	10
695	34
696	97.4
697	0.1
698	77.6
699	74.7
700	87.5
701	26
702	99.2
703	74.1
704	62.8
705	21.6
706	1.9
707	36.2
708	86.6
709	21.2
710	66.5
711	4.1
712	46
713	60.3
714	0.7
715	50.8
716	6.4
717	596.5
718	91.8
719	52.8
720	67.5
721	0.2
722	18.7
723	82.6
724	87.6
725	0.2
726	2
727	13.8
728	24
729	23.5
730	62.5
731	3.4
732	10.2
733	45.4
734	65.6
735	58.9
736	1.6
737	72.5
738	59.7
739	77.2
740	88.5
741	20.7
742	629.1
743	74.5
744	3.3
745	1.1
746	61.2
747	68
748	0.1
749	85.4
750	0.4
751	39.1
752	46.4
753	66.7
754	84.5
755	81.4
756	101
757	97.1
758	168.9
759	0.2
760	45.9
761	0.1
762	19
763	47.2
764	31
765	48.6
766	3.7
767	184.3
768	109
769	113.7
770	96.7
771	117.2
772	177.5
773	23.5
774	23.2
775	25.5
776	1.7
777	13.3
778	104.6
779	2.5
780	110.4
781	50.2
782	807.8
783	778.7
784	819
785	813.8
786	766.2
787	817.3
788	731
789	773.8
790	794
791	756.6
792	772.1
793	727.2
794	806.5
795	831.9
796	703.5
797	835.7
798	743.5
799	755.4
800	785.3
801	695.8
802	693.7
803	776.1
804	704.6
805	726.8
806	747.8
807	632.7
808	712.7
809	819.9
810	828.8
811	751.3
812	792.1
813	754.3
814	740.3
815	778.9
816	727.8
817	700.1
818	784.1
819	835.5
820	752.9
821	846.9
822	1031.3
823	729.8
824	797.8
825	839
826	813.9
827	1073.5
828	1045.2
829	872.7
830	1065.6
831	783.2
832	1068.9
833	852.2
834	1093.7
835	995.5
836	1021.9
837	793.6
838	894.7
839	852
840	977.6
841	953.8
842	819.3
843	479
844	1089
845	899.9
846	911.1
847	972.5
848	923.5
849	866.3
850	1095.1
851	1063
852	930.9
853	1022.5
854	1055.4
855	989.7
856	896.4
857	931
858	1075.5
859	824.7
860	774.1
861	1018
862	245.4
863	971.8
864	882
865	975.5
866	785.5
867	878
868	1114.3
869	900.6
870	676.8
871	836
872	864.2
873	311
874	1016.8
875	1065.2
876	903.3
877	999.5
878	997.6
879	1045.7
880	853.5
881	895.9
882	829.7
883	853.8
884	1019
885	973.2
886	176.4
887	745.1
888	790
889	1004.8
890	890.8
891	923.4
892	780.5
893	847.3
894	198.9
895	1037.8
896	1077.1
897	909.7
898	843.5
899	857
900	880.1
901	840.7
902	1073.3
903	1069.2
904	1001.5
905	839.9
906	1057.9
907	807.7
908	773.4
909	975
910	192
911	988.1
912	869.8
913	784.2
914	819.2
915	241.5
916	798.2
917	1061.5
918	838.1
919	800.4
920	905.2
921	862.7
922	793.8
923	485.2
924	837.2
925	1061.2
926	884.6
927	1015.8
928	750.1
929	784.7
930	775.9
931	1006.6
932	842.2
933	896.7
934	199.1
935	910.2
936	871.4
937	1065.8
938	1050
939	1039.4
940	799.2
941	1003.3
942	800.6
943	160.8
944	1049.5
945	829.9
946	883.7
947	183.3
948	857.2
949	936.7
950	976.6
951	893.1
952	801.4
953	824.4
954	844.9
955	829.9
956	850.1
957	798.1
958	799.1
959	789.7
960	848.4
961	859.8
962	860.1
963	838.6
964	116.1
965	890.7
966	858.2
967	125.7
968	799
969	807
970	665
971	982.9
972	852
973	821.9
974	786.4
975	1047.2
976	1036.2
977	1012.7
978	824.7
979	850.5
980	1049.9
981	848.4
982	866.8
983	960.3
984	1023.4
985	1018.6
986	1003.6
987	812.8
988	1020.3
989	935.7
990	248.9
991	911.5
992	580.9
993	1043.9
994	869.1
995	1067.5
996	980.1
997	1015.5
998	792.2
999	855.5
1000	100.2
1001	818.4
1002	1059.9
1003	214.6
1004	952.7
1005	791.5
1006	904.6
1007	111.7
1008	794.1
1009	467
1010	848.1
1011	874.4
1012	905.5
1013	785.1
1014	1034.3
1015	776.6
1016	136
1017	1027.1
1018	773.8
1019	790.7
1020	887
1021	885.1
1022	914.2
1023	876.3
1024	1031.8
1025	922.3
1026	952.1
1027	900.1
1028	913.2
1029	766.1
1030	744.9
1031	125.1
1032	226.6
1033	769.4
1034	850.7
1035	702.3
1036	810.8
1037	872.7
1038	879.2
1039	753.3
1040	764.1
1041	939
1042	763.2
1043	136
1044	718.3
1045	752.7
1046	770.2
1047	971.3
1048	911.9
1049	935.6
1050	128.6
1051	826.7
1052	837.2
1053	748.2
1054	848.4
1055	869.1
1056	929.2
1057	736.5
1058	858
1059	765.7
1060	858.8
1061	136.2
1062	984.5
1063	956.2
1064	703.4
1065	725.7
1066	899.1
1067	756.1
1068	756.8
1069	714.8
1070	902.8
1071	836.2
1072	718.2
1073	728.8
1074	866.9
1075	533.6
1076	878.9
1077	731.5
1078	976.3
1079	871.3
1080	771.5
1081	735.9
1082	897
1083	712
1084	915.9
1085	879.1
1086	904.8
1087	139.6
1088	714.7
1089	758.3
1090	812
1091	960.1
1092	731
1093	735.5
1094	685.3
1095	748.1
1096	774.9
1097	968
1098	771.3
1099	542.8
1100	131.2
1101	683.7
1102	841
1103	708.8
1104	727.5
1105	744.2
1106	742.7
1107	727.8
1108	760.1
1109	837.7
1110	727.6
1111	731.2
1112	903.6
1113	953.1
1114	854.4
1115	732
1116	697.6
1117	918.5
1118	744.3
1119	732.5
1120	705.3
1121	777.2
1122	743.9
1123	744.9
1124	818.9
1125	676.2
1126	909
1127	688.9
1128	878.6
1129	877.3
1130	759.1
1131	696.1
1132	907.7
1133	887.8
1134	726.4
1135	824.5
1136	685.6
1137	718.7
1138	731
1139	736.2
1140	847.8
1141	709.1
1142	703.8
1143	902.7
1144	729.4
1145	763.5
1146	693.4
1147	695.5
1148	906.1
1149	687.3
1150	707.5
1151	703
1152	862.8
1153	911.1
1154	119.5
1155	860
1156	917.6
1157	666.3
1158	908.2
1159	829.5
1160	706.4
1161	690.6
1162	773.3
1163	761.7
1164	931.6
1165	846.4
1166	891.8
1167	844.7
1168	890.2
1169	872.1
1170	941.1
1171	791.3
1172	859.8
1173	748.4
1174	993.2
1175	725.5
1176	683.9
1177	854.9
1178	680.3
1179	924.1
1180	724.8
1181	775.6
1182	716.3
1183	681.9
1184	830.4
1185	905.8
1186	863.7
1187	687.9
1188	719.3
1189	767.6
1190	690
1191	914.9
1192	703.5
1193	818.1
1194	730.1
1195	976.9
1196	701.5
1197	833.4
1198	665.1
1199	936.3
1200	255.3
1201	727.9
1202	724.3
1203	812.9
1204	731.6
1205	731.5
1206	755
1207	707.3
1208	739.1
1209	742.8
1210	824.1
1211	821.3
1212	862
1213	811.3
1214	871.1
1215	765.3
1216	887.9
1217	878.2
1218	684.3
1219	741.3
1220	869.4
1221	718.4
1222	732.4
1223	775.2
1224	700
1225	961.4
1226	810.9
1227	855.8
1228	730.8
1229	785.2
1230	868.6
1231	748.3
1232	874.5
1233	720.8
1234	725.2
1235	766.4
1236	687.7
1237	957.7
1238	792.8
1239	869.6
1240	694
1241	875.2
1242	862
1243	724
1244	664.5
1245	898.3
1246	837.7
1247	750.2
1248	364.6
1249	909.3
1250	896.8
1251	734
1252	857.8
1253	733
1254	729
1255	882.6
1256	897.4
1257	786.5
1258	803
1259	897.5
1260	952.9
1261	912.5
1262	737.3
1263	770.1
1264	762.9
1265	867
1266	803.1
1267	906.7
1268	900.9
1269	374.7
1270	834.2
1271	787.4
1272	673.7
1273	783
1274	840.6
1275	661.9
1276	865.9
1277	849.6
1278	939.1
1279	287.5
1280	860.7
1281	777.6
1282	953
1283	1065.3
1284	428.5
1285	776.5
1286	1052.7
1287	768.2
1288	760.9
1289	895.8
1290	781.5
1291	966.9
1292	785.9
1293	229.4
1294	775.6
1295	850.3
1296	736.7
1297	449.8
1298	814
1299	683.2
1300	778.8
1301	836.3
1302	769
1303	741.9
1304	494.9
1305	1071.6
1306	888.9
1307	842.8
1308	796.5
1309	897.8
1310	857.3
1311	857
1312	913.1
1313	752.9
1314	861.2
1315	884.4
1316	925.3
1317	880.5
1318	750.6
1319	932.3
1320	971.9
1321	770.2
1322	943.6
1323	946.3
1324	773.3
1325	906
1326	750.1
1327	769.1
1328	824.2
1329	458.8
1330	967.3
1331	859.7
1332	216.8
1333	760.4
1334	821
1335	199
1336	946.1
1337	747.2
1338	747.9
1339	791.6
1340	769.3
1341	841.6
1342	838.2
1343	942.1
1344	924.9
1345	792
1346	998
1347	976.1
1348	880
1349	757.6
1350	899
1351	909.9
1352	422
1353	844.2
1354	761.1
1355	966.4
1356	343.5
1357	797.3
1358	991
1359	769.7
1360	780.3
1361	784.4
1362	894.8
1363	972.7
1364	641.9
1365	948.5
1366	752.4
1367	945.7
1368	883.3
1369	754.6
1370	202.1
1371	733.8
1372	785.4
1373	899.8
1374	634.2
1375	884.1
1376	424
1377	773.2
1378	785.9
1379	772.8
1380	932.3
1381	947.8
1382	956.8
1383	800.9
1384	791.5
1385	369.5
1386	915.6
1387	749.5
1388	759.2
1389	760.8
1390	906.2
1391	1039.2
1392	944.9
1393	725.1
1394	623.6
1395	968.2
1396	953.4
1397	1079.1
1398	981
1399	959
1400	746.8
1401	744.2
1402	740.1
1403	870
1404	778.8
1405	638.2
1406	746.1
1407	979.6
1408	723
1409	809.7
1410	705.6
1411	898
1412	641.1
1413	876.8
1414	795.3
1415	832.9
1416	953.8
1417	733.1
1418	891.4
1419	788.2
1420	766.7
1421	751
1422	637.7
1423	612
1424	960.7
1425	709.8
1426	897.8
1427	801.7
1428	735.8
1429	761.9
1430	923
1431	906
1432	781
1433	927.3
1434	737.8
1435	917.3
1436	977
1437	722.8
1438	744.6
1439	804.8
1440	952.5
1441	952.4
1442	724.5
1443	753.5
1444	741
1445	708.4
1446	852.1
1447	648.7
1448	1017.9
1449	984.5
1450	755.3
1451	736.7
1452	999
1453	877.3
1454	598.3
1455	658.4
1456	733.1
1457	901
1458	936.6
1459	787.7
1460	737.3
1461	909.2
1462	688.7
1463	745.1
1464	762.3
1465	760.1
1466	1010
1467	709.5
1468	699.4
1469	928.5
1470	815.6
1471	696.4
1472	719.4
1473	1021.8
1474	667.7
1475	1023.3
1476	690.2
1477	720.5
1478	832.5
1479	980.4
1480	701
1481	941.2
1482	930
1483	735.4
1484	747.4
1485	605.9
1486	745.3
1487	758.5
1488	910.2
1489	959.5
1490	683.9
1491	753.4
1492	909.3
1493	878.5
1494	1004.4
1495	713.6
1496	938.7
1497	904.3
1498	731.7
1499	921.1
1500	79.1
1501	920.8
1502	976.1
1503	736.3
1504	714.5
1505	894
1506	924.1
1507	712
1508	722
1509	601.3
1510	670.2
1511	770.7
1512	688.5
1513	841.9
1514	744.2
1515	737.4
1516	738.1
1517	854.5
1518	738.3
1519	955.6
1520	688.6
1521	735.4
1522	703.4
1523	705.6
1524	705.4
1525	743
1526	699.1
1527	908
1528	696.5
1529	955.4
1530	979
1531	724.8
1532	736.6
1533	747.8
1534	880.7
1535	371.6
1536	874.3
1537	725.6
1538	502.7
1539	698.3
1540	732.9
1541	721.9
1542	698.7
1543	947.5
1544	744.2
1545	618.3
1546	424.7
1547	858.5
1548	660.3
1549	691
1550	704.6
1551	690.4
1552	918.2
1553	957.5
1554	705.1
1555	948.9
1556	959.6
1557	705.6
1558	666.4
1559	945
1560	91.7
1561	731
1562	718.9
1563	805.3
1564	641.8
1565	752.8
1566	749.7
1567	719.2
1568	701.6
1569	934.5
1570	839
1571	671.8
1572	709.8
1573	845.9
1574	718
1575	914.5
1576	853.4
1577	864.1
1578	736.2
1579	725.7
1580	850
1581	863.2
1582	933.3
1583	935.4
1584	423.8
1585	873.2
1586	833.3
1587	708.1
1588	880.7
1589	700.2
1590	750
1591	712.5
1592	912.1
1593	771.5
1594	944.9
1595	943.3
1596	878.9
1597	707.4
1598	867.5
1599	967.1
1600	989.7
1601	655.9
1602	867
1603	999.4
1604	919.4
1605	111.7
1606	701.7
1607	686.2
1608	998.6
1609	675.8
1610	962.6
1611	822.6
1612	881.3
1613	939.8
1614	944.5
1615	828.1
1616	912.3
1617	656.1
1618	918.6
1619	103
1620	828.3
1621	875.4
1622	964.3
1623	669.2
1624	872.9
1625	909.7
1626	862.1
1627	712.9
1628	881.2
1629	665.7
1630	972
1631	809.3
1632	897.3
1633	652.6
1634	870
1635	879.8
1636	900.8
1637	964.3
1638	901.9
1639	725.4
1640	688.6
1641	903.4
1642	857.3
1643	958.3
1644	692.8
1645	927.4
1646	928.5
1647	666.2
1648	722.7
1649	702.4
1650	697.6
1651	875.7
1652	922
1653	689.2
1654	834.5
1655	935.2
1656	956.6
1657	925.6
1658	953.2
1659	950.4
1660	879.4
1661	117.8
1662	756.9
1663	900
1664	714.4
1665	670.9
1666	902.6
1667	926.9
1668	932.2
1669	915.8
1670	127.1
1671	952.5
1672	844.6
1673	873.3
1674	907.3
1675	877.4
1676	703.9
1677	127.1
1678	698.9
1679	889.9
1680	990.6
1681	908.5
1682	670.2
1683	892.9
1684	947.9
1685	879.6
1686	770.1
1687	888.3
1688	890.2
1689	710.6
1690	878.3
1691	102
1692	861.3
1693	128.3
1694	932.2
1695	878.2
1696	718.1
1697	992.1
1698	689
1699	702.9
1700	841.3
1701	871.8
1702	963.9
1703	943.2
1704	715.6
1705	695.1
1706	898.7
1707	672.7
1708	669.7
1709	929.1
1710	696.1
1711	693.1
1712	984.4
1713	887.7
1714	850.8
1715	868.8
1716	866.9
1717	930.9
1718	101.4
1719	734.2
1720	975.4
1721	879.5
1722	871.4
1723	906.5
1724	863
1725	1019.4
1726	923.1
1727	963.8
1728	954.6
1729	127.7
1730	903
1731	701.5
1732	872.5
1733	937.8
1734	113.5
1735	922.2
1736	683.7
1737	921.1
1738	852.3
1739	865.9
1740	738.6
1741	132.5
1742	683.6
1743	839.8
1744	952.6
1745	859.1
1746	968.7
1747	906.9
1748	960.1
1749	767.1
1750	745.2
1751	950.4
1752	925.7
1753	857.1
1754	994.5
1755	931.5
1756	867.2
1757	916.1
1758	970.8
1759	857.2
1760	894.2
1761	967.8
1762	853.7
1763	878.5
1764	970.5
1765	681.8
1766	849.7
1767	938.7
1768	706.5
1769	939.5
1770	927.4
1771	885.7
1772	761.1
1773	859.7
1774	845.2
1775	491.7
1776	831.7
1777	835
1778	666.4
1779	685.3
1780	662.2
1781	939.8
1782	932.6
1783	878.4
1784	852.9
1785	870.1
1786	964.4
1787	946.9
1788	793.4
1789	829
1790	623.6
1791	781.1
1792	839.9
1793	913.4
1794	652.6
1795	885.1
1796	874.9
1797	1053.1
1798	822.2
1799	839.3
1800	876.9
1801	976.9
1802	888.4
1803	711.2
1804	835.2
1805	664.9
1806	780.7
1807	934.9
1808	808.6
1809	896
1810	812.6
1811	862
1812	817
1813	770.6
1814	822.3
1815	830.2
1816	934.3
1817	893.4
1818	822.2
1819	770.5
1820	1055.8
1821	901.3
1822	883
1823	911.5
1824	835.6
1825	1023.2
1826	918.4
1827	849.6
1828	867.5
1829	838.7
1830	759.2
1831	785.9
1832	866.5
1833	777.3
1834	848.5
1835	735.4
1836	744.1
1837	448.2
1838	854.9
1839	1023.2
1840	860.7
1841	735
1842	773.6
1843	1088.6
1844	874.8
1845	841.2
1846	409.4
1847	742.3
1848	1094.2
1849	1023.8
1850	996.6
1851	784
1852	882.4
1853	944.2
1854	855.9
1855	906.6
1856	732.6
1857	860.9
1858	850.7
1859	842.9
1860	827
1861	854.5
1862	758.6
1863	797
1864	804.1
1865	910
1866	1094.8
1867	857.3
1868	839.2
1869	916
1870	509.7
1871	854.2
1872	768.8
1873	805.3
1874	1088.4
1875	805.7
1876	887.9
1877	833.8
1878	759.1
1879	1102.2
1880	1076.7
1881	891.8
1882	833.9
1883	1087
1884	834.5
1885	874.3
1886	850.7
1887	793.9
1888	869.4
1889	743.9
1890	1041.6
1891	471.5
1892	871.2
1893	817.1
1894	843.1
1895	852.3
1896	809.6
1897	782
1898	1015.8
1899	782.3
1900	871.8
1901	1051.3
1902	779.9
1903	890
1904	812.8
1905	852.1
1906	776.7
1907	423.2
1908	714.3
1909	437.6
1910	346.9
1911	879.6
1912	829.7
1913	644.2
1914	842.3
1915	759.5
1916	783.1
1917	954.5
1918	769.3
1919	769.4
1920	782.7
1921	913.8
1922	520.6
1923	662.5
1924	736.7
1925	904.8
1926	802
1927	1036.9
1928	811
1929	255.7
1930	846.5
1931	394
1932	780.7
1933	856.9
1934	61.9
1935	864.1
1936	937
1937	483.2
1938	929.4
1939	980.8
1940	777.9
1941	808.2
1942	51.1
1943	508.1
1944	909.9
1945	284.2
1946	516.6
1947	511.7
1948	241.9
1949	808
1950	0
1951	842.8
1952	601.6
1953	62.2
1954	521.2
1955	28.2
1956	902.1
1957	1033.3
1958	816.9
1959	60.9
1960	861.6
1961	58.9
1962	794.6
1963	466.1
1964	508.5
1965	722.3
1966	0
1967	405
1968	37.6
1969	739.2
1970	938.6
1971	758.2
1972	505.7
1973	466.2
1974	920.8
1975	54.5
1976	22.8
1977	588.8
1978	928.8
1979	0
1980	520.4
1981	901.6
1982	0
1983	739
1984	713.5
1985	70.8
1986	31.1
1987	943.6
1988	57.9
1989	0
1990	0
1991	501.9
1992	802.9
1993	63.9
1994	1009.3
1995	892.6
1996	468.1
1997	21
1998	1019.5
1999	815.5
2000	84.1
2001	811.1
2002	28.3
2003	32.9
2004	465.5
2005	485.3
2006	59.7
2007	711.9
2008	125.4
2009	799.7
2010	18.7
2011	0
2012	480.9
2013	26.7
2014	0
2015	26
2016	493.8
2017	816
2018	182.3
2019	474.9
2020	499.7
2021	159.6
2022	162.4
2023	571.2
2024	0
2025	1024.7
2026	458.6
2027	47.2
2028	959.1
2029	820.4
2030	700.1
2031	31
2032	104.7
2033	690
2034	824.8
2035	38.8
2036	0
2037	836.9
2038	0
2039	476.7
2040	492.6
2041	0
2042	158.1
2043	796
2044	910.4
2045	645.8
2046	488.6
2047	62.9
2048	489
2049	827.7
2050	931.8
2051	139.4
2052	679
2053	140.1
2054	48.1
2055	33.4
2056	813.1
2057	100.5
2058	0
2059	470.6
2060	160.5
2061	101.5
2062	1012
2063	489.9
2064	140.2
2065	500.7
2066	757.2
2067	187.9
2068	752.9
2069	820.8
2070	112.3
2071	161.1
2072	812.5
2073	38.1
2074	871.8
2075	796
2076	0
2077	445.2
2078	879.8
2079	478.2
2080	484.2
2081	899.3
2082	673.1
2083	135.5
2084	829
2085	841
2086	738.9
2087	491.7
2088	1021.7
2089	497.1
2090	956.5
2091	696.4
2092	568.8
2093	818.6
2094	493.3
2095	127.2
2096	463.1
2097	140.9
2098	866.5
2099	39.3
2100	748.8
2101	754.9
2102	806.4
2103	427.5
2104	360.2
2105	657.4
2106	517.1
2107	535.1
2108	820.4
2109	733.7
2110	791.8
2111	380.8
2112	0
2113	749.9
2114	508.4
2115	863.2
2116	906.1
2117	754.2
2118	31.3
2119	22.8
2120	919.1
2121	119.5
2122	733.8
2123	574.7
2124	907.4
2125	594.1
2126	804.9
2127	101.8
2128	481
2129	368.3
2130	567.2
2131	776.6
2132	816.3
2133	455.1
2134	784.9
2135	20.1
2136	1018.3
2137	134.1
2138	23.1
2139	927.8
2140	379.2
2141	960.4
2142	85.3
2143	445.5
2144	751.9
2145	943.3
2146	138
2147	134
2148	777.7
2149	483.8
2150	429.4
2151	464.6
2152	768
2153	1095.6
2154	771.5
2155	385.1
2156	426.3
2157	477.4
2158	147.9
2159	125.1
2160	1130.2
2161	440.1
2162	844.5
2163	962.1
2164	500.8
2165	147.5
2166	376.3
2167	394.8
2168	523.7
2169	764.7
2170	441.1
2171	544.5
2172	452.5
2173	544.7
2174	410.7
2175	4.9
2176	455
2177	1053.1
2178	21
2179	433.5
2180	328.7
2181	1133.4
2182	518.3
2183	473.5
2184	407.1
2185	957.3
2186	4.4
2187	127.3
2188	355.2
2189	469.5
2190	132.3
2191	466.3
2192	364
2193	433.2
2194	936.8
2195	140.1
2196	400.6
2197	1065
2198	351.6
2199	1105.4
2200	412.4
2201	2.2
2202	132.1
2203	473.4
2204	380
2205	548.6
2206	356.7
2207	144.4
2208	124.9
2209	472.9
2210	1039.8
2211	498
2212	800.6
2213	884.6
2214	433.4
2215	358.8
2216	117.5
2217	483.4
2218	397.3
2219	1053.6
2220	127.5
2221	313.6
2222	1001.8
2223	349
2224	487.9
2225	403.6
2226	124.5
2227	1066.3
2228	444.9
2229	465.2
2230	818.3
2231	341
2232	470.9
2233	443.6
2234	1038.8
2235	453.8
2236	462.4
2237	488.9
2238	488.2
2239	119.1
2240	449.9
2241	451
2242	499.7
2243	497.8
2244	458.2
2245	1077
2246	352
2247	506.5
2248	1058.3
2249	509.5
2250	365.9
2251	133.1
2252	930.9
2253	501.3
2254	128.9
2255	494.5
2256	986.8
2257	137.7
2258	405.9
2259	1015.7
2260	494
2261	444.5
2262	425
2263	1075.3
2264	1089.9
2265	1008.9
2266	450.2
2267	469.2
2268	785.2
2269	131.7
2270	722.1
2271	911.2
2272	425
2273	139
2274	696.8
2275	890.3
2276	160.7
2277	468.8
2278	699.9
2279	435.5
2280	474
2281	786.4
2282	1096.4
2283	167.3
2284	714.3
2285	1012.5
2286	836.9
2287	122
2288	950.7
2289	441.5
2290	444
2291	460.2
2292	1016.1
2293	132.9
2294	144
2295	933.4
2296	949.9
2297	1095.3
2298	457.9
2299	111.9
2300	475.4
2301	730.7
2302	529.2
2303	536.8
2304	525
2305	455.6
2306	986.1
2307	985.4
2308	493.6
2309	765.2
2310	1092.8
2311	848
2312	743.6
2313	704.6
2314	498.6
2315	856.9
2316	477.6
2317	1070.4
2318	435.7
2319	435.2
2320	957.5
2321	990
2322	524.6
2323	513.5
2324	1084.6
2325	932.6
2326	765.2
2327	485.2
2328	1058.6
2329	520.1
2330	866.3
2331	809.7
2332	146.4
2333	725.4
2334	939.5
2335	867.8
2336	766.7
2337	759.3
2338	165.6
2339	141.1
2340	1070.5
2341	805.4
2342	871.3
2343	150.9
2344	722.2
2345	152.7
2346	818.7
2347	493.1
2348	732.8
2349	790.1
2350	716.4
2351	901.6
2352	526.5
2353	800.3
2354	730.8
2355	1012.8
2356	861.8
2357	770.3
2358	118.4
2359	1038.1
2360	873.1
2361	885.3
2362	134.9
2363	1072.5
2364	916.4
2365	814.2
2366	890.9
2367	817.8
2368	821.9
2369	108.1
2370	1063.4
2371	718.7
2372	800.4
2373	798.6
2374	102.6
2375	738
2376	889.4
2377	866.8
2378	837
2379	826.5
2380	789.8
2381	784.5
2382	1059.8
2383	881.7
2384	824.7
2385	676.6
2386	526.4
2387	512.8
2388	861.1
2389	1040.4
2390	815.6
2391	804.3
2392	1071.8
2393	872.1
2394	1039.7
2395	107.2
2396	802.6
2397	792
2398	659.1
2399	820.7
2400	794.7
2401	773.2
2402	1093.2
2403	786
2404	90.2
2405	822.6
2406	756.8
2407	888.1
2408	795.8
2409	798.1
2410	842.8
2411	854.5
2412	898.2
2413	769.1
2414	81.1
2415	859.8
2416	765.1
2417	779.2
2418	784.1
2419	802.1
2420	1035.4
2421	909.2
2422	941.2
2423	714.9
2424	830.7
2425	94.5
2426	890.2
2427	768.2
2428	1099.8
2429	902.3
2430	852.5
2431	837
2432	770.7
2433	1104.6
2434	84.3
2435	827.3
2436	746.8
2437	68.8
2438	797.3
2439	463.9
2440	821.6
2441	943.4
2442	708.3
2443	779.2
2444	1055.7
2445	796.5
2446	112.5
2447	857.2
2448	504.8
2449	877.9
2450	908.1
2451	779.3
2452	785.8
2453	459.9
2454	907.5
2455	858.2
2456	475.2
2457	877.9
2458	789.3
2459	864.9
2460	71.3
2461	496.3
2462	431
2463	103.4
2464	474.8
2465	949.5
2466	906.4
2467	621.8
2468	726.3
2469	873.1
2470	494.4
2471	805
2472	870.8
2473	100.3
2474	449.5
2475	795.3
2476	610.3
2477	822.3
2478	776.5
2479	579.3
2480	817.1
2481	381.3
2482	68.8
2483	611.8
2484	846.9
2485	746.4
2486	772.1
2487	918.7
2488	784.7
2489	452.1
2490	1055.1
2491	101.1
2492	849.5
2493	621.1
2494	766.2
2495	760.4
2496	90
2497	679
2498	725
2499	74.8
2500	893.2
2501	717.5
2502	749.7
2503	513.9
2504	383.2
2505	794.3
2506	760.7
2507	900.1
2508	412
2509	611
2510	417.2
2511	0
2512	782.1
2513	745.9
2514	709.5
2515	730.9
2516	787.7
2517	117.7
2518	278.8
2519	758.5
2520	910.2
2521	694.8
2522	0
2523	107.4
2524	890.8
2525	281.5
2526	696.1
2527	680.7
2528	699.8
2529	728.1
2530	692.5
2531	700.8
2532	702.9
2533	846.9
2534	282.2
2535	693.6
2536	853.1
2537	311.1
2538	0
2539	1046.2
2540	816.5
2541	883.7
2542	776.3
2543	736.9
2544	312.4
2545	786.3
2546	415.4
2547	766.6
2548	800.9
2549	770.4
2550	915.1
2551	129.6
2552	1010.6
2553	665
2554	901.7
2555	728.8
2556	746.9
2557	834
2558	732.2
2559	682.6
2560	0
2561	696.2
2562	1023.1
2563	809.2
2564	879.9
2565	825.8
2566	129.9
2567	802
2568	0
2569	752.8
2570	296.9
2571	148.8
2572	815.8
2573	445.6
2574	806.4
2575	326.4
2576	744
2577	723
2578	764.3
2579	711.1
2580	798.8
2581	864.8
2582	997.4
2583	810
2584	902.4
2585	0
2586	955.2
2587	731.7
2588	766
2589	708.4
2590	744.8
2591	758.1
2592	696.4
2593	637.8
2594	255.3
2595	881.3
2596	0
2597	733.1
2598	1005.1
2599	774.6
2600	702.2
2601	719.1
2602	857.2
2603	685.9
2604	1009.4
2605	797.8
2606	339.1
2607	0
2608	620.3
2609	825.6
2610	409.2
2611	803.5
2612	681
2613	718.8
2614	889.2
2615	169.2
2616	809.6
2617	0
2618	816.1
2619	839.2
2620	991
2621	221
2622	743.3
2623	0
2624	673.7
2625	943.7
2626	194.5
2627	783
2628	148.7
2629	881.9
2630	699.6
2631	667
2632	0
2633	728.8
2634	741.4
2635	667.2
2636	830.4
2637	806.8
2638	250.8
2639	668
2640	653
2641	287.4
2642	0
2643	1003.6
2644	345
2645	1000.5
2646	654.5
2647	252.2
2648	772.9
2649	312.6
2650	0
2651	814.6
2652	327.7
2653	741
2654	357.8
2655	661.2
2656	828
2657	241.6
2658	710.8
2659	833.1
2660	0
2661	250.3
2662	958.7
2663	320.9
2664	689
2665	320.7
2666	287
2667	169.9
2668	263.5
2669	752.1
2670	942.9
2671	805.3
2672	763.6
2673	363.6
2674	216
2675	325.6
2676	100.1
2677	945.4
2678	846.7
2679	347.5
2680	275.2
2681	269.6
2682	259.6
2683	724.7
2684	684.1
2685	738.3
2686	815.3
2687	773
2688	242.7
2689	264
2690	319.2
2691	266.5
2692	76.4
2693	318.9
2694	608.3
2695	837.3
2696	745.8
2697	828.2
2698	896.4
2699	8.1
2700	723.7
2701	130.5
2702	311.8
2703	642.1
2704	618.8
2705	697.7
2706	287.8
2707	4.9
2708	306.8
2709	255
2710	303.1
2711	272.9
2712	706.8
2713	739.8
2714	329.1
2715	576.2
2716	272.8
2717	250.7
2718	577.5
2719	599.7
2720	252.3
2721	674
2722	267
2723	764.2
2724	31.2
2725	263.7
2726	692.7
2727	776.7
2728	592.7
2729	737.8
2730	265.3
2731	705.5
2732	266.4
2733	260.3
2734	270.1
2735	619.1
2736	27.9
2737	642.3
2738	211.3
2739	652.2
2740	256.9
2741	223.3
2742	240.6
2743	638.8
2744	606.4
2745	243.2
2746	32.4
2747	622.6
2748	785.9
2749	700.9
2750	250.7
2751	344.2
2752	706.1
2753	624.8
2754	275.1
2755	217.1
2756	591.1
2757	701.2
2758	361.3
2759	590.7
2760	629.5
2761	602
2762	674.2
2763	30.1
2764	284.3
2765	271.8
2766	259.4
2767	35.8
2768	219.9
2769	610.3
2770	658.7
2771	342.4
2772	236.2
2773	170.9
2774	366.1
2775	295.9
2776	692.9
2777	244.3
2778	299.6
2779	685.7
2780	103.3
2781	717.9
2782	272.1
2783	575.3
2784	587.5
2785	36.2
2786	40.5
2787	250.1
2788	592.1
2789	288.1
2790	757.2
2791	279.7
2792	311.5
2793	348.3
2794	717.9
2795	584.1
2796	220.8
2797	368.8
2798	266
2799	689
2800	302.6
2801	301.6
2802	326.5
2803	560.7
2804	121.4
2805	301.6
2806	694.3
2807	360
2808	291.1
2809	295.1
2810	35.3
2811	321.4
2812	227.9
2813	261.5
2814	752.5
2815	332.7
2816	564.1
2817	663.3
2818	330.5
2819	794.3
2820	320.3
2821	267.5
2822	679.6
2823	298.1
2824	28.2
2825	648.7
2826	34.9
2827	104.2
2828	244.9
2829	44.3
2830	742.3
2831	656.2
2832	641.8
2833	613.1
2834	339.1
2835	291.3
2836	777.7
2837	585.7
2838	301.5
2839	283.4
2840	321.3
2841	681.3
2842	298.4
2843	689.6
2844	184.3
2845	635.5
2846	33.6
2847	334.7
2848	293.8
2849	282.3
2850	310
2851	300.1
2852	747.3
2853	746.8
2854	332
2855	746.4
2856	278.3
2857	752.6
2858	309.1
2859	672
2860	715.7
2861	649.1
2862	261.8
2863	186.3
2864	269.4
2865	697.2
2866	286.9
2867	709.7
2868	218.8
2869	297.5
2870	667.2
2871	283.8
2872	309.9
2873	327.2
2874	36.9
2875	763
2876	34.7
2877	750.9
2878	762.7
2879	184.4
2880	810.6
2881	798.1
2882	719.1
2883	738.9
2884	285
2885	238.6
2886	309.4
2887	217.1
2888	29.4
2889	40.6
2890	41.5
2891	685.9
2892	295.1
2893	321.2
2894	303.6
2895	333.2
2896	31.5
2897	336.7
2898	694.9
2899	333.4
2900	263.4
2901	189.4
2902	814.9
2903	348.3
2904	124.1
2905	739.2
2906	298.9
2907	253.6
2908	766.3
2909	311.9
2910	710.9
2911	345
2912	775.9
2913	306.5
2914	735.2
2915	213
2916	339.9
2917	38.1
2918	342.6
2919	167
2920	203.8
2921	650.7
2922	688.4
2923	691.9
2924	305.5
2925	674.2
2926	265
2927	154.6
2928	301.2
2929	255.6
2930	348.7
2931	828.3
2932	334.7
2933	810.9
2934	127.1
2935	791.4
2936	147.9
2937	662.9
2938	182.6
2939	817.6
2940	146.1
2941	672.9
2942	164.7
2943	306.3
2944	151.4
2945	806.3
2946	657.7
2947	359.6
2948	827.6
2949	746.2
2950	688.1
2951	369.8
2952	799.2
2953	311.9
2954	637.6
2955	339.7
2956	350.4
2957	305.2
2958	836.9
2959	215.2
2960	732.3
2961	783.2
2962	724.7
2963	321.1
2964	298.9
2965	675.8
2966	377.1
2967	339
2968	773.5
2969	213.7
2970	147.9
2971	749.1
2972	327.2
2973	122
2974	757.4
2975	925
2976	344.4
2977	346
2978	319.7
2979	791.1
2980	776.1
2981	682.2
2982	298.2
2983	780.4
2984	839.9
2985	621
2986	726.2
2987	701.7
2988	779.1
2989	139
2990	608
2991	970.4
2992	328.5
2993	768.2
2994	750.6
2995	793.9
2996	373.3
2997	342.6
2998	630.7
2999	285.2
3000	679.9
3001	283.5
3002	781.8
3003	690.7
3004	248.6
3005	315.6
3006	769.7
3007	652.1
3008	788.2
3009	239
3010	131.2
3011	800.3
3012	358.6
3013	846.3
3014	597.6
3015	200.5
3016	737.2
3017	979.7
3018	636.5
3019	198.9
3020	619.2
3021	228.7
3022	262.3
3023	238.7
3024	776.1
3025	593.5
3026	858.4
3027	837.1
3028	681.1
3029	813.8
3030	187.7
3031	322.4
3032	320.2
3033	183.6
3034	339.9
3035	637.3
3036	181.7
3037	328.9
3038	199.2
3039	659.4
3040	909.3
3041	809.9
3042	812.8
3043	878.8
3044	731.6
3045	894.9
3046	169.6
3047	195
3048	845.5
3049	629.5
3050	925.3
3051	804.7
3052	709.5
3053	951.8
3054	614.9
3055	666.2
3056	884.4
3057	190.7
3058	907.1
3059	739.1
3060	218.2
3061	271.3
3062	224
3063	932
3064	985.2
3065	239.6
3066	837.1
3067	228.5
3068	828.7
3069	251.9
3070	770.7
3071	331.7
3072	707.4
3073	123.5
3074	928.2
3075	325.3
3076	312.7
3077	773.5
3078	679.9
3079	850.5
3080	887.3
3081	196.1
3082	262.7
3083	970.1
3084	219.7
3085	714.2
3086	796.6
3087	1084.2
3088	870.7
3089	1022.7
3090	769.9
3091	219.8
3092	171
3093	326.2
3094	141.2
3095	216
3096	855.3
3097	153.5
3098	1049.7
3099	165.4
3100	865
3101	96.5
3102	283.9
3103	901.2
3104	935.7
3105	241.3
3106	957.3
3107	926.8
3108	213.2
3109	289.5
3110	176.2
3111	1138.6
3112	93.5
3113	1070.8
3114	228.2
3115	244.2
3116	284.5
3117	229
3118	885.2
3119	902.9
3120	92.1
3121	920.4
3122	135
3123	956
3124	171
3125	322.8
3126	118
3127	69.6
3128	179.3
3129	181.5
3130	196.9
3131	864.9
3132	949
3133	1038.1
3134	1015.7
3135	151.5
3136	1027.5
3137	113
3138	202.3
3139	932.5
3140	811.3
3141	205.5
3142	878.7
3143	921.8
3144	192.9
3145	99.3
3146	150.6
3147	103.9
3148	257.5
3149	164.8
3150	105.2
3151	145.1
3152	888.6
3153	946.8
3154	869.9
3155	0
3156	741.7
3157	694.4
3158	106.3
3159	877.8
3160	112.6
3161	139.3
3162	888
3163	180.4
3164	150.1
3165	5.9
3166	880.6
3167	7.3
3168	917.5
3169	156.3
3170	947.3
3171	214.9
3172	938.1
3173	141
3174	0
3175	911.5
3176	209
3177	163
3178	169.4
3179	189
3180	138.5
3181	7.9
3182	953.3
3183	966.3
3184	129.9
3185	129.5
3186	754
3187	808.7
3188	0
3189	718.6
3190	208.2
3191	206.4
3192	0
3193	361.1
3194	967.3
3195	872.7
3196	150.4
3197	8.8
3198	6.8
3199	841.3
3200	167.9
3201	189
3202	890.6
3203	987.3
3204	10.9
3205	107.7
3206	159
3207	420.9
3208	189.2
3209	387.2
3210	113.5
3211	114.2
3212	856.4
3213	187.2
3214	172.1
3215	207.9
3216	162.1
3217	185.7
3218	109.1
3219	112.8
3220	8.7
3221	202.9
3222	114.5
3223	195.3
3224	873.6
3225	203.1
3226	853
3227	177.9
3228	364
3229	434.2
3230	15.5
3231	348.4
3232	200.6
3233	163.6
3234	854.7
3235	856.1
3236	118.9
3237	149.7
3238	118.4
3239	394.2
3240	20.3
3241	656.8
3242	389.3
3243	114.1
3244	423.9
3245	207.1
3246	209.8
3247	366.8
3248	185.6
3249	211.9
3250	14.3
3251	972.6
3252	837.4
3253	394.1
3254	108.6
3255	172.9
3256	224.7
3257	114.9
3258	428.6
3259	691.8
3260	198.4
3261	445.1
3262	105.7
3263	185.3
3264	177.2
3265	171.7
3266	371.5
3267	723.7
3268	104.8
3269	809.4
3270	348.2
3271	164
3272	780.6
3273	171.3
3274	813.3
3275	401.3
3276	302.6
3277	354.9
3278	786.2
3279	185.7
3280	181
3281	217
3282	168.2
3283	82.8
3284	385
3285	160.5
3286	808.2
3287	171.6
3288	531.1
3289	387
3290	228.9
3291	770.7
3292	183.5
3293	509.4
3294	534.2
3295	207.6
3296	167.8
3297	204.8
3298	645.8
3299	273.1
3300	689.2
3301	299
3302	208.5
3303	792
3304	595.4
3305	92.7
3306	419.8
3307	175.4
3308	772.9
3309	411.7
3310	271.3
3311	193.2
3312	572.2
3313	262.3
3314	156.3
3315	403.7
3316	706.9
3317	166
3318	78.7
3319	146
3320	270.4
3321	414.5
3322	162.5
3323	442.1
3324	415.7
3325	265
3326	414.5
3327	117.3
3328	174.2
3329	247.5
3330	599.9
3331	215.6
3332	214.4
3333	256
3334	155.4
3335	734.1
3336	411.8
3337	108.1
3338	256.1
3339	154.5
3340	167
3341	673.1
3342	401.3
3343	185
3344	252.7
3345	113.5
3346	177.9
3347	407
3348	123.1
3349	385.7
3350	88.8
3351	186.4
3352	88.1
3353	240.3
3354	424.4
3355	276
3356	275.8
3357	412.9
3358	176.5
3359	213.8
3360	95.1
3361	240.5
3362	385.7
3363	589.4
3364	463.7
3365	208.4
3366	217
3367	249.1
3368	181.5
3369	191.2
3370	464.9
3371	226.9
3372	200.3
3373	236.2
3374	225
3375	396.8
3376	220.3
3377	363.6
3378	376.1
3379	394
3380	226.7
3381	228.6
3382	370.8
3383	245.7
3384	231.9
3385	234.7
3386	230.6
3387	397
3388	376.4
3389	261.5
3390	267.5
3391	258.7
3392	281.4
3393	408.8
3394	281.2
3395	256.2
3396	287.4
3397	278.9
3398	258.8
3399	236.8
3400	756.6
3401	786.9
3402	774
3403	821
3404	992.7
3405	980.8
3406	1027.1
3407	862.9
3408	1052.9
3409	912.7
3410	143.4
3411	155.9
3412	991.5
3413	866.3
3414	1000.5
3415	823.7
3416	724.7
3417	941.9
3418	898.3
3419	826.2
3420	696.2
3421	829
3422	877.5
3423	818.6
3424	951.3
3425	999.7
3426	865.7
3427	780.2
3428	481.6
3429	1038.4
3430	432.5
3431	807.5
3432	1067.3
3433	986.3
3434	981.4
3435	708
3436	807.8
3437	918.3
3438	691.5
3439	652.8
3440	842.3
3441	993.4
3442	736.9
3443	898.5
3444	775.9
3445	614.4
3446	690.7
3447	720.7
3448	757.6
3449	916
3450	727.9
3451	918.3
3452	943.5
3453	837.6
3454	888.6
3455	934.7
3456	103.8
3457	878.3
3458	816.9
3459	717.8
3460	913.1
3461	126.1
3462	896.6
3463	1008.8
3464	684.2
3465	668.7
3466	685.2
3467	849.5
3468	841.3
3469	677.4
3470	812.3
3471	940.5
3472	549.3
3473	934
3474	850.6
3475	822.9
3476	865.3
3477	857.8
3478	826.4
3479	786.5
3480	854
3481	936
3482	350.3
3483	20
3484	875.9
3485	22.1
3486	747
3487	0
3488	55.7
3489	938.8
3490	907
3491	500.3
3492	841.6
3493	29.5
3494	756.7
3495	1024.9
3496	115.1
3497	301.9
3498	305
3499	966.8
3500	491.4
3501	131.2
3502	128.6
3503	363
3504	424.4
3505	821.4
3506	991.7
3507	421.1
3508	998.7
3509	141.2
3510	496.3
3511	999.8
3512	804.7
3513	150.3
3514	764.8
3515	1041.5
3516	797.1
3517	725.4
3518	778.6
3519	841.5
3520	920.2
3521	847.1
3522	465.2
3523	798.7
3524	747.6
3525	779.6
3526	121.3
3527	760.1
3528	925.3
3529	671.8
3530	667.2
3531	994.8
3532	291
3533	855.4
3534	837.5
3535	809.3
3536	255.3
3537	46.6
3538	798.9
3539	320
3540	358.2
3541	270.4
3542	295.6
3543	279.5
3544	221.5
3545	364.5
3546	250.7
3547	242.5
3548	324.5
3549	823.5
3550	776.8
3551	802.5
3552	252.3
3553	279.8
3554	813
3555	321.9
3556	777.9
3557	140.9
3558	327.7
3559	117.8
3560	335.7
3561	600.4
3562	183.4
3563	831.2
3564	208.6
3565	229
3566	198.7
3567	816.5
3568	912.8
3569	832.4
3570	900.2
3571	934
3572	204.9
3573	975.8
3574	308.8
3575	253
3576	905.9
3577	1001.2
3578	122.9
3579	165
3580	165.5
3581	200.9
3582	118.6
3583	155.4
3584	878.7
3585	209.8
3586	846.2
3587	184.9
3588	434.4
3589	173.3
3590	229.3
3591	89.5
3592	276.7
3593	375.5
3594	242.5
