"COMID"	"Value"
1	115.2
2	31.7
3	115.8
4	167.5
5	43.6
6	7.2
7	89.5
8	42.5
9	2.1
10	1.9
11	192.2
12	3.5
13	75.1
14	145.8
15	53.6
16	8.7
17	85
18	64.3
19	152.5
20	115.2
21	94.2
22	132.6
23	0.3
24	0.9
25	99.1
26	89.1
27	73
28	52.5
29	6.8
30	45.7
31	119.9
32	47
33	141.9
34	0.9
35	120.3
36	6.4
37	113.8
38	1.8
39	0.5
40	2.1
41	136.4
42	66.9
43	2.2
44	57.5
45	30.9
46	91.4
47	75.9
48	131.7
49	83.5
50	38.7
51	0.6
52	86.9
53	8
54	110
55	112
56	109.4
57	2.3
58	0.6
59	54.2
60	0.9
61	3.8
62	4.4
63	126.1
64	52.6
65	2
66	33
67	117.6
68	72
69	28.4
70	14.4
71	4.9
72	102.6
73	1.1
74	86.9
75	21.8
76	20.4
77	34.8
78	21.4
79	110.2
80	11.1
81	70.8
82	16.1
83	80.3
84	0.8
85	91.2
86	71.1
87	1.1
88	1.4
89	10.3
90	52
91	60.2
92	119.4
93	90.1
94	4.6
95	90.9
96	5.4
97	118.3
98	0.2
99	16
100	113.2
101	87.5
102	81.4
103	0.6
104	24.2
105	13
106	128.4
107	19.3
108	0.7
109	5.2
110	2.7
111	5.3
112	122
113	2.6
114	114.2
115	53.9
116	81.5
117	68.3
118	71.7
119	10.6
120	39.4
121	65.4
122	66.7
123	7.4
124	70.6
125	95.3
126	130.6
127	69.2
128	72.5
129	0.4
130	35.4
131	58.2
132	3.1
133	68.6
134	52.6
135	73.3
136	75.5
137	75.4
138	2.8
139	1.8
140	71.1
141	68.3
142	6.9
143	1
144	60.9
145	1.7
146	69.5
147	128.5
148	76.5
149	76.4
150	77.1
151	36.9
152	67.9
153	1.4
154	69.6
155	8.3
156	36.1
157	76.1
158	4.4
159	56.5
160	104.3
161	31.3
162	1.9
163	64.1
164	14.9
165	5.5
166	1.4
167	69.1
168	23
169	72.1
170	79.6
171	41.4
172	11.3
173	41.2
174	1.8
175	68.8
176	137
177	58
178	51.1
179	69.5
180	1.4
181	3.8
182	42.8
183	12.8
184	0.8
185	2.8
186	42.6
187	39.7
188	1
189	1.1
190	53.2
191	1
192	64
193	13.3
194	134.6
195	19.3
196	1
197	46.9
198	0.9
199	69.2
200	0.9
201	0.8
202	6.7
203	1.2
204	0.8
205	5.9
206	51.5
207	39.5
208	129.5
209	68
210	44
211	129.1
212	65.4
213	67
214	2.5
215	69.3
216	47
217	40
218	11.5
219	14.1
220	1.1
221	38.8
222	68.8
223	120
224	1.8
225	23.1
226	61
227	7.9
228	62.8
229	0.6
230	48.5
231	41.1
232	46.3
233	116.3
234	46
235	15.9
236	58.6
237	57.1
238	18.8
239	60
240	58.5
241	60.8
242	0.7
243	10.4
244	113.2
245	63.1
246	108
247	11
248	6.3
249	0.4
250	113.3
251	61.8
252	66.9
253	36.9
254	2.3
255	0.9
256	56.9
257	1.4
258	32.2
259	11.7
260	4.5
261	60.5
262	59
263	17.7
264	0.5
265	0.4
266	52.3
267	109
268	46.8
269	118.7
270	0.3
271	44.7
272	56.5
273	100.6
274	16.1
275	55.6
276	49.7
277	0.3
278	53.9
279	0.6
280	52.1
281	53.7
282	92.3
283	0.4
284	37
285	0.6
286	49.5
287	77
288	15.7
289	0.8
290	0.1
291	22.7
292	17.5
293	20.4
294	47.8
295	0.2
296	59.4
297	88.9
298	0.1
299	30.2
300	85.2
301	0.3
302	97.4
303	55.3
304	18.6
305	84.5
306	42.6
307	83.8
308	29.1
309	4.6
310	44.9
311	78.9
312	73.9
313	59.4
314	22
315	0.7
316	0.5
317	22.2
318	49.5
319	39.6
320	73.5
321	0.2
322	36.3
323	67.7
324	4.7
325	37.6
326	32.5
327	3.4
328	2.7
329	0.3
330	0.6
331	1.6
332	0.2
333	0.5
334	0.9
335	13
336	0.5
337	36.8
338	0.5
339	10.8
340	4.3
341	0.5
342	18
343	0.8
344	24.8
345	10.2
346	19.4
347	0.8
348	31.6
349	13.8
350	0.7
351	1.7
352	1.1
353	29.9
354	10.4
355	20.1
356	1.8
357	8.1
358	7.8
359	17.9
360	7.5
361	1.1
362	6.9
363	5.2
364	20.7
365	13.1
366	8.3
367	23.2
368	209.4
369	11.2
370	34.7
371	15.8
372	0.5
373	10.8
374	22.8
375	61.4
376	0
377	40.4
378	8.7
379	21.8
380	41.3
381	9
382	7.5
383	103.2
384	16.7
385	6.7
386	8.9
387	206.9
388	66.1
389	52.2
390	197
391	1.3
392	62.6
393	18.7
394	1.9
395	4.5
396	6.5
397	14.7
398	0.2
399	14
400	0.4
401	74.2
402	11.1
403	5.2
404	4.7
405	1.2
406	101.2
407	10.2
408	2.8
409	11.3
410	51.7
411	82
412	3
413	105.8
414	0.9
415	8.8
416	1.1
417	2.7
418	2.1
419	19.7
420	1.4
421	9.8
422	5.8
423	69.2
424	71.8
425	235.8
426	2.5
427	27.1
428	67.7
429	54.4
430	26.7
431	6.9
432	2.4
433	187.7
434	5.3
435	0.3
436	69.5
437	24.2
438	354.1
439	3.4
440	36.1
441	23.4
442	0.3
443	49.5
444	4.5
445	568.1
446	0.8
447	591
448	494.3
449	0.1
450	12.3
451	7.6
452	127
453	4.4
454	0.3
455	18.9
456	0.3
457	96.5
458	118.8
459	48.9
460	4.4
461	131.1
462	171.3
463	17.7
464	5.7
465	110.2
466	14.8
467	22.2
468	1
469	4.1
470	3
471	13.9
472	56.2
473	28.2
474	0.8
475	18.7
476	0.4
477	176
478	0.5
479	9.1
480	118.5
481	7.1
482	3.2
483	154.3
484	0.4
485	2.2
486	28.8
487	10.4
488	62.6
489	7.5
490	47.3
491	16.6
492	124.9
493	10.9
494	81.9
495	43.2
496	2.7
497	66.6
498	7.7
499	6.7
500	53.3
501	3.4
502	81.9
503	0.2
504	0.7
505	21.5
506	46.6
507	45.8
508	15.1
509	38.1
510	3.2
511	50.3
512	61.8
513	1
514	17.9
515	2.9
516	1.9
517	44.1
518	4
519	10.8
520	40.2
521	2.2
522	0.9
523	1.8
524	115.6
525	2.1
526	10.4
527	2.6
528	0.5
529	3.3
530	66.8
531	44.5
532	153.1
533	2.4
534	0.4
535	75.6
536	105.9
537	24.9
538	7.4
539	0.1
540	0.7
541	43.4
542	47
543	0.9
544	4.5
545	31.1
546	57
547	0
548	27.6
549	46.8
550	0.1
551	35.3
552	0
553	130.9
554	2.7
555	0.4
556	0
557	9.2
558	32.3
559	43.9
560	38.2
561	159.7
562	52.6
563	3.6
564	16.2
565	48.2
566	43.6
567	0.6
568	35.8
569	18.6
570	1.8
571	169.9
572	18.9
573	6.5
574	0
575	0.4
576	43.2
577	9.7
578	40.8
579	57.6
580	20
581	8.7
582	0
583	0.3
584	0.3
585	51.8
586	0
587	40.4
588	0
589	44.5
590	1.8
591	0
592	74.2
593	19.4
594	13.1
595	0
596	0.3
597	1.4
598	1.4
599	36.7
600	6.3
601	2
602	2.1
603	404.4
604	0
605	4.7
606	0
607	0.4
608	3.5
609	10.3
610	0.3
611	156.2
612	8.4
613	0.5
614	125.4
615	120.7
616	4.3
617	69.7
618	358.6
619	19.3
620	9.7
621	0
622	153.4
623	161.3
624	139.7
625	0.2
626	0.3
627	28.8
628	0.5
629	35.3
630	74.3
631	0.2
632	357.7
633	140.5
634	0.4
635	23.9
636	34
637	18
638	0.2
639	452.3
640	123.3
641	60.2
642	2.6
643	140.8
644	10.6
645	413.3
646	173.4
647	0.2
648	474.8
649	132.1
650	0.2
651	91
652	2.4
653	0.4
654	0.2
655	0.6
656	4.7
657	154.2
658	198.2
659	146.5
660	23.6
661	194.3
662	128.9
663	148.4
664	0.2
665	0.3
666	0.2
667	135.1
668	63.3
669	161.7
670	0.2
671	0.3
672	0.2
673	132.7
674	120.7
675	127.7
676	115.4
677	65.1
678	15.4
679	1.4
680	27.8
681	183.2
682	126.1
683	77.6
684	126.4
685	0.3
686	86.1
687	1.1
688	119.8
689	0.4
690	149.2
691	106.4
692	69.3
693	10
694	82.1
695	128.8
696	147.2
697	0.9
698	135.9
699	109.3
700	116.4
701	162
702	151.7
703	104.5
704	99.1
705	62.5
706	7
707	91.9
708	118.6
709	65.3
710	109
711	39.1
712	61.6
713	121.5
714	3.2
715	113.9
716	8
717	433.9
718	141.5
719	115.7
720	94.7
721	0.3
722	53.4
723	142
724	137.2
725	0.3
726	2.7
727	118.2
728	64.2
729	127.6
730	105
731	14
732	85.9
733	116.9
734	81.4
735	68.3
736	6.8
737	114.3
738	87.2
739	127.1
740	142.2
741	54
742	413.5
743	107
744	25.1
745	1.6
746	74.8
747	92.8
748	0.2
749	134.1
750	2.3
751	67.2
752	110.1
753	102.2
754	138.8
755	106.9
756	89.1
757	108.7
758	217.9
759	0.3
760	62.2
761	0.7
762	47.8
763	110.3
764	73.1
765	86.5
766	16.3
767	220
768	135.3
769	155.4
770	136.6
771	143.9
772	208.6
773	47.4
774	45
775	94.5
776	9.4
777	42.5
778	105.2
779	11.8
780	164.4
781	116.1
782	821.5
783	763.7
784	834.4
785	821.9
786	758.5
787	809
788	653.6
789	723.8
790	756.8
791	725.4
792	726.4
793	734.6
794	765.3
795	793.9
796	654.3
797	787.6
798	630.1
799	680.2
800	693.9
801	695.6
802	640.9
803	667.9
804	620.7
805	593.8
806	636.9
807	520.8
808	647.8
809	771
810	810.7
811	570.4
812	752.4
813	646
814	634.1
815	663.2
816	605.9
817	609.5
818	737.9
819	844.2
820	590.2
821	744.5
822	862.6
823	595.2
824	789.1
825	740.9
826	828
827	966.1
828	919.1
829	782
830	997.9
831	730.2
832	963.9
833	729
834	1096.5
835	815
836	962.5
837	713.9
838	782.2
839	774.9
840	865.9
841	785.6
842	646.5
843	437.3
844	1097.7
845	794
846	800
847	861.5
848	844.8
849	701.3
850	1106.2
851	1054.4
852	898.6
853	982.8
854	988.4
855	923.8
856	809.6
857	790.9
858	1103.3
859	747.6
860	695.5
861	1037.5
862	222.2
863	992.9
864	745.1
865	1012
866	672.4
867	823.7
868	1125.3
869	715.3
870	616.1
871	758.6
872	736.5
873	278.7
874	919.5
875	1038.5
876	729.9
877	1015
878	1003
879	1062.7
880	766.6
881	801.6
882	754.9
883	795.9
884	1043.1
885	1012.5
886	162.9
887	693.6
888	680.9
889	968.5
890	782.8
891	793.2
892	719.4
893	811.3
894	195.7
895	966.3
896	1049.4
897	772.5
898	699.8
899	797.1
900	753.2
901	797
902	1099.3
903	1051.7
904	1016.9
905	772.5
906	1068.6
907	802.7
908	682.1
909	958
910	197.3
911	1002.4
912	715.5
913	800.6
914	710
915	241.4
916	706.7
917	1001.1
918	757.7
919	793.4
920	806.5
921	859
922	765.4
923	483.1
924	766.4
925	1005.5
926	850.5
927	957
928	611.9
929	734.3
930	781.6
931	942.8
932	719.6
933	804
934	195.5
935	776.6
936	835.6
937	1116.8
938	1110
939	960.6
940	814.4
941	1035.2
942	838.3
943	172.2
944	1102.1
945	829.5
946	856
947	179.1
948	753.3
949	906.3
950	912.1
951	792.5
952	808.2
953	692.2
954	713.1
955	761
956	733.8
957	830.3
958	697.9
959	803.2
960	764
961	828.3
962	915.8
963	781.5
964	123
965	900.5
966	848.3
967	118.8
968	744.2
969	806.3
970	633
971	907.5
972	907.7
973	797
974	763.1
975	1075.8
976	1025.9
977	983.1
978	667.3
979	840.8
980	999.8
981	890.2
982	796
983	885.8
984	1012.3
985	973.3
986	925.9
987	678.2
988	953.8
989	830.3
990	222.3
991	843.7
992	556.9
993	969.8
994	850.5
995	1104.9
996	863.6
997	936.4
998	701
999	849.3
1000	105.5
1001	719.5
1002	1050.8
1003	200.1
1004	839.3
1005	715.7
1006	1000.6
1007	112.8
1008	684.7
1009	441.8
1010	832.5
1011	820.6
1012	978.8
1013	733.4
1014	934.2
1015	685.2
1016	130.1
1017	964.4
1018	721.7
1019	739.3
1020	870.3
1021	834.3
1022	925.6
1023	972
1024	968.9
1025	869
1026	926.9
1027	917.8
1028	876.1
1029	741.5
1030	792.4
1031	111.8
1032	206.2
1033	828.8
1034	895.3
1035	746.1
1036	810.3
1037	816.2
1038	861.6
1039	721.9
1040	750.2
1041	892.2
1042	725.5
1043	117.5
1044	674
1045	738.6
1046	717.7
1047	956.5
1048	950.9
1049	892.2
1050	116.7
1051	787.2
1052	890.4
1053	750.1
1054	885.9
1055	934.9
1056	863.1
1057	782.7
1058	851.3
1059	817.5
1060	905
1061	118.1
1062	927.5
1063	961.7
1064	751.5
1065	618.5
1066	925.5
1067	804
1068	799
1069	764.4
1070	897.7
1071	890
1072	785.1
1073	762.1
1074	887.9
1075	506.9
1076	920.3
1077	795
1078	930.8
1079	950.3
1080	720
1081	785
1082	909.7
1083	813.4
1084	897
1085	880.8
1086	890.1
1087	114.4
1088	808.8
1089	589.9
1090	906.4
1091	926.3
1092	766.7
1093	757.8
1094	790
1095	789.7
1096	806.1
1097	947.4
1098	785.8
1099	505.8
1100	107.2
1101	789.4
1102	892.6
1103	776.8
1104	679.7
1105	765.3
1106	663.1
1107	792.9
1108	636.1
1109	891.1
1110	739.9
1111	770.3
1112	898.2
1113	943
1114	868.8
1115	690.7
1116	747.6
1117	915.2
1118	724.5
1119	687.4
1120	755.3
1121	649
1122	731.2
1123	760.9
1124	893.7
1125	751.1
1126	952
1127	719.6
1128	954.9
1129	877.9
1130	644.5
1131	782.7
1132	919.2
1133	974.5
1134	613.5
1135	768.3
1136	805.9
1137	649.5
1138	621.9
1139	712.7
1140	906.9
1141	778.2
1142	704.8
1143	901.1
1144	776.4
1145	731.6
1146	698.1
1147	697.9
1148	910.4
1149	724.3
1150	716.9
1151	734.5
1152	948.7
1153	878.5
1154	97.2
1155	813.3
1156	914.4
1157	714.4
1158	868.7
1159	751.7
1160	803.2
1161	711.9
1162	752.5
1163	690.2
1164	934.9
1165	778.7
1166	912.2
1167	896.5
1168	922.3
1169	962.5
1170	935.4
1171	745.8
1172	765.6
1173	716.7
1174	941.4
1175	639.7
1176	601.2
1177	798.5
1178	728.3
1179	947.6
1180	644.5
1181	752
1182	773.8
1183	723.2
1184	782
1185	880.1
1186	863.5
1187	704.7
1188	719.1
1189	765.1
1190	739.3
1191	880.2
1192	704.6
1193	944.1
1194	749.5
1195	921.4
1196	739.3
1197	827.9
1198	751.1
1199	987.4
1200	201.5
1201	762.3
1202	671.7
1203	803.1
1204	691
1205	794.2
1206	752.3
1207	666.4
1208	763.6
1209	758
1210	961.7
1211	945.8
1212	774.7
1213	763
1214	810.8
1215	724.1
1216	862
1217	946.6
1218	745.7
1219	765.2
1220	921.4
1221	741.3
1222	779.8
1223	744.7
1224	713.1
1225	883.6
1226	830.2
1227	962
1228	663.5
1229	788.5
1230	769.1
1231	746.3
1232	922.9
1233	714.8
1234	712.8
1235	714.4
1236	729.7
1237	894.5
1238	937.3
1239	931.8
1240	705.2
1241	874.4
1242	913
1243	753.2
1244	731.6
1245	876.5
1246	864.5
1247	646.7
1248	267.8
1249	971.8
1250	873.6
1251	725.4
1252	826.7
1253	737.5
1254	717.7
1255	825.2
1256	865.9
1257	770.2
1258	749.7
1259	955.5
1260	926.4
1261	916.8
1262	760.4
1263	794.1
1264	787.6
1265	977.3
1266	803.8
1267	856.1
1268	946.9
1269	288.2
1270	946.6
1271	829.4
1272	677.7
1273	798.6
1274	834.7
1275	726.7
1276	871.9
1277	940
1278	861.8
1279	235.2
1280	948.5
1281	734.8
1282	927.8
1283	1026.8
1284	321.4
1285	808.7
1286	1025.6
1287	754.1
1288	736.6
1289	931.9
1290	767.9
1291	893.8
1292	740.8
1293	196.2
1294	738.4
1295	876.4
1296	753.1
1297	329.6
1298	846
1299	744.1
1300	767.2
1301	847.1
1302	760.6
1303	767.8
1304	367.2
1305	1047.6
1306	864.3
1307	896.9
1308	781.4
1309	864.2
1310	878.9
1311	877.3
1312	778.3
1313	729
1314	878.8
1315	880.3
1316	889.1
1317	882.6
1318	738
1319	973.8
1320	965
1321	687.5
1322	905.8
1323	910.1
1324	768.9
1325	963.1
1326	687.3
1327	671.6
1328	847.4
1329	331.6
1330	915.5
1331	883.2
1332	187.1
1333	602.3
1334	926.3
1335	260.8
1336	977.9
1337	738
1338	725.1
1339	762.6
1340	805.8
1341	920.2
1342	835.9
1343	900.8
1344	926.6
1345	762.5
1346	913.2
1347	883.4
1348	928.4
1349	740.3
1350	861.2
1351	951.3
1352	301
1353	836.2
1354	696.4
1355	939.2
1356	264.1
1357	682.9
1358	968.2
1359	798.1
1360	706.7
1361	739.4
1362	939.8
1363	921.2
1364	708.3
1365	883.5
1366	736.8
1367	922.1
1368	897.1
1369	669.7
1370	266.8
1371	672.2
1372	710.6
1373	925.6
1374	710.8
1375	868
1376	314.8
1377	805
1378	804.1
1379	827.3
1380	888.8
1381	905.5
1382	960.7
1383	705.4
1384	757.7
1385	278.7
1386	872.3
1387	750.2
1388	751.3
1389	712.4
1390	871.5
1391	969.8
1392	876.7
1393	660.7
1394	618.3
1395	878.6
1396	866.9
1397	987.1
1398	927.9
1399	914.4
1400	671.5
1401	691.9
1402	699
1403	797.4
1404	753.6
1405	661.6
1406	786.3
1407	937.2
1408	676.7
1409	860.1
1410	655.7
1411	805.6
1412	663
1413	825.6
1414	685.9
1415	918.4
1416	945.1
1417	692.4
1418	810.9
1419	725.7
1420	834.5
1421	779.6
1422	718.3
1423	512.8
1424	879
1425	671.7
1426	841
1427	679.6
1428	791.2
1429	736.7
1430	905.5
1431	806.3
1432	705.9
1433	940.6
1434	724
1435	906.7
1436	933.8
1437	676.2
1438	735.5
1439	706.6
1440	950.9
1441	940.2
1442	745.1
1443	683.5
1444	725.2
1445	625.4
1446	929.9
1447	663.3
1448	906.4
1449	950.7
1450	695
1451	750.5
1452	946.3
1453	851.6
1454	470.2
1455	651.1
1456	714.7
1457	815.5
1458	877.2
1459	797.3
1460	735.1
1461	926.2
1462	629.1
1463	653
1464	674
1465	717.6
1466	881.9
1467	693.9
1468	641.4
1469	887.1
1470	832.3
1471	643
1472	703.2
1473	907.9
1474	713
1475	907.2
1476	642.8
1477	738.5
1478	874.5
1479	893.4
1480	641.5
1481	897.5
1482	914.9
1483	651.2
1484	728.6
1485	480.5
1486	720.7
1487	653
1488	826.8
1489	925.3
1490	677.2
1491	620
1492	926.1
1493	940.6
1494	875.2
1495	662.2
1496	932.8
1497	902.9
1498	713.4
1499	902.5
1500	132.3
1501	925
1502	817.3
1503	712.2
1504	699
1505	933.5
1506	863
1507	669.7
1508	731.5
1509	514.3
1510	685.6
1511	744.3
1512	658.5
1513	851.2
1514	732.8
1515	760
1516	708.8
1517	931.1
1518	668.4
1519	964.7
1520	648
1521	658.9
1522	771.6
1523	710.1
1524	750.7
1525	725.1
1526	725.2
1527	942.4
1528	693.2
1529	981.6
1530	887.5
1531	713.2
1532	727
1533	762
1534	825.6
1535	307.2
1536	835
1537	678.5
1538	425.7
1539	728.7
1540	758.9
1541	680.8
1542	740.5
1543	851.7
1544	642.4
1545	663.7
1546	366.5
1547	761.3
1548	607.9
1549	656.2
1550	677.9
1551	730.1
1552	915.1
1553	844.3
1554	628.3
1555	792.8
1556	990
1557	780.9
1558	706.9
1559	896.9
1560	121.7
1561	619.7
1562	735.2
1563	789
1564	566.7
1565	657.8
1566	777.5
1567	665.2
1568	684.8
1569	843.8
1570	841.9
1571	590
1572	691
1573	827.3
1574	802.7
1575	836.6
1576	923.6
1577	859.6
1578	654.5
1579	670.5
1580	837.9
1581	924.8
1582	963.6
1583	916.1
1584	332.5
1585	826.3
1586	821
1587	721.8
1588	880.4
1589	743
1590	678.2
1591	657.6
1592	874.8
1593	813.9
1594	913
1595	945.7
1596	806.9
1597	613.5
1598	846.2
1599	891
1600	1011.4
1601	547.9
1602	806.7
1603	1013.6
1604	848.7
1605	133.2
1606	671.6
1607	725.1
1608	1004.2
1609	668.1
1610	913.5
1611	818.8
1612	868.7
1613	875.4
1614	963.4
1615	969.9
1616	865.7
1617	720.9
1618	810
1619	115.1
1620	948.2
1621	850.2
1622	1005.2
1623	683.6
1624	811
1625	799.4
1626	989.2
1627	693.9
1628	787.3
1629	685
1630	997.8
1631	686.3
1632	822.1
1633	673.3
1634	827.7
1635	819
1636	846.1
1637	926.3
1638	810.3
1639	691.1
1640	691.7
1641	764.5
1642	845.1
1643	907.9
1644	772
1645	847.9
1646	864.4
1647	664.3
1648	749.3
1649	794.4
1650	734.8
1651	991.3
1652	813.5
1653	738
1654	963
1655	868
1656	975.6
1657	835.5
1658	909.3
1659	888.5
1660	724.1
1661	134.3
1662	746.1
1663	831.4
1664	771.6
1665	692.9
1666	985.8
1667	849.7
1668	840.8
1669	875.4
1670	131.1
1671	842.8
1672	888.4
1673	968.8
1674	821.9
1675	738.1
1676	878.2
1677	128.2
1678	676.5
1679	798.8
1680	889.3
1681	893.6
1682	645.6
1683	832.5
1684	844.9
1685	806.5
1686	622
1687	815.1
1688	731.6
1689	826.8
1690	966.1
1691	128.1
1692	877.9
1693	127.8
1694	891.8
1695	950.8
1696	711.3
1697	959.2
1698	629.8
1699	831.1
1700	694.2
1701	888.5
1702	935.7
1703	949.7
1704	671.3
1705	750.6
1706	752.5
1707	649.6
1708	653.8
1709	814.1
1710	868.9
1711	791.1
1712	882.2
1713	862.9
1714	820.8
1715	910.6
1716	819.7
1717	780.5
1718	136
1719	563.5
1720	843.2
1721	916.9
1722	825.1
1723	898.9
1724	820.7
1725	823.8
1726	849.2
1727	986.5
1728	836.5
1729	127.4
1730	859.3
1731	862.8
1732	784.2
1733	796.7
1734	126.8
1735	882.7
1736	704.9
1737	786
1738	800.4
1739	692.8
1740	656.4
1741	128.6
1742	814.4
1743	820.2
1744	835.4
1745	839.5
1746	891.9
1747	848.8
1748	847
1749	629.2
1750	548.5
1751	841.6
1752	813.9
1753	869.6
1754	767
1755	826.4
1756	694.8
1757	957.3
1758	913.5
1759	899.5
1760	698.4
1761	864.6
1762	724.4
1763	824.8
1764	825.5
1765	789.4
1766	822.8
1767	837.6
1768	679.6
1769	861.9
1770	977.8
1771	749.6
1772	675.8
1773	869
1774	838.3
1775	368.3
1776	807.7
1777	843.6
1778	787.4
1779	809.3
1780	687.3
1781	822.9
1782	838.9
1783	853.7
1784	807.8
1785	858.3
1786	888.5
1787	1001.1
1788	762.6
1789	843
1790	681.5
1791	640.9
1792	900.2
1793	795.3
1794	514.2
1795	882.6
1796	898.4
1797	857.9
1798	858.4
1799	874.6
1800	762.4
1801	916.3
1802	716.5
1803	683.6
1804	837.4
1805	757.9
1806	766.1
1807	861.7
1808	813.9
1809	913.9
1810	818.6
1811	916.5
1812	767.2
1813	836.4
1814	868
1815	835.1
1816	839
1817	728.1
1818	843.7
1819	804.8
1820	999.9
1821	760
1822	935.5
1823	973.6
1824	843.5
1825	983.6
1826	799.3
1827	852.5
1828	887.6
1829	867.2
1830	696.3
1831	959.3
1832	948.8
1833	855
1834	838
1835	757.7
1836	761.8
1837	334.7
1838	890.2
1839	1000.6
1840	719.5
1841	817.1
1842	877.2
1843	1049
1844	910.7
1845	903.7
1846	281.7
1847	887.7
1848	1020.9
1849	995.2
1850	969.8
1851	868.2
1852	937.7
1853	934.7
1854	934.1
1855	948.2
1856	817.1
1857	906.6
1858	929.9
1859	882.8
1860	685.6
1861	896.5
1862	885.6
1863	836.1
1864	851
1865	775.7
1866	1066.7
1867	933.6
1868	909.2
1869	816.7
1870	349.4
1871	931.4
1872	837.2
1873	881.6
1874	1044.2
1875	946.7
1876	742.7
1877	933.4
1878	783.7
1879	1061.3
1880	1040.2
1881	960.8
1882	819.7
1883	1056.6
1884	916
1885	859.8
1886	692.6
1887	913.8
1888	940.4
1889	710.7
1890	1038
1891	331.2
1892	946.4
1893	830.9
1894	852
1895	896.9
1896	815.5
1897	885.3
1898	1001.6
1899	844.8
1900	893.9
1901	1031.5
1902	837.1
1903	962.1
1904	892.2
1905	870.6
1906	832.2
1907	258.8
1908	546.7
1909	280.8
1910	238.8
1911	924.6
1912	811.1
1913	630.6
1914	891.6
1915	861.2
1916	837.5
1917	821.1
1918	588.5
1919	851.5
1920	835.2
1921	987.8
1922	634.9
1923	676.3
1924	870.8
1925	961
1926	833.3
1927	969
1928	790.2
1929	165
1930	932.9
1931	244
1932	617.7
1933	897.4
1934	85.4
1935	917.6
1936	1025.6
1937	568.2
1938	824.2
1939	967.3
1940	924
1941	874.7
1942	67.3
1943	577.6
1944	1001.9
1945	181.1
1946	660.1
1947	650.9
1948	131.3
1949	802.1
1950	0
1951	949.1
1952	437.3
1953	42.7
1954	635.4
1955	47.5
1956	867.4
1957	999.1
1958	838.8
1959	62.4
1960	871.4
1961	68.5
1962	816.6
1963	584.1
1964	635.6
1965	860.9
1966	0
1967	222
1968	62.3
1969	899.1
1970	886.4
1971	886.3
1972	642.3
1973	594.2
1974	880.3
1975	37.2
1976	44.2
1977	318.5
1978	999.3
1979	0
1980	633.6
1981	879.5
1982	0
1983	885
1984	858.7
1985	49
1986	59.3
1987	956.7
1988	34.4
1989	0
1990	0
1991	626
1992	923.4
1993	57.5
1994	959.9
1995	920.3
1996	578.2
1997	48.3
1998	1002.9
1999	907.5
2000	61.6
2001	872.8
2002	44.5
2003	39.6
2004	554.1
2005	576.9
2006	57.9
2007	881.1
2008	46.8
2009	893.9
2010	40.8
2011	0
2012	610.6
2013	52.9
2014	0
2015	54.5
2016	608.3
2017	888.4
2018	132
2019	567.3
2020	597.3
2021	85.6
2022	109.3
2023	451.4
2024	0
2025	974.8
2026	563.2
2027	50.5
2028	1019.9
2029	830.6
2030	845.6
2031	54.8
2032	117.2
2033	812.8
2034	875.6
2035	43.6
2036	0
2037	865
2038	0
2039	560.8
2040	603.6
2041	0
2042	154.8
2043	829.4
2044	1006.1
2045	762.6
2046	567.1
2047	59.4
2048	605.2
2049	853.6
2050	905.8
2051	99.8
2052	791.9
2053	103.2
2054	60
2055	47.4
2056	867
2057	86.4
2058	0
2059	558.2
2060	125.7
2061	122.1
2062	1011.4
2063	562.5
2064	117
2065	584.3
2066	830.7
2067	194.3
2068	822.3
2069	932.6
2070	152.2
2071	143.7
2072	860
2073	57
2074	918.4
2075	891.4
2076	0
2077	511.1
2078	791
2079	592.6
2080	508.7
2081	856.7
2082	763.1
2083	138.8
2084	744.1
2085	882.4
2086	730.5
2087	514.7
2088	1056.1
2089	442.3
2090	962.4
2091	707.3
2092	513.1
2093	830.6
2094	541.9
2095	136.1
2096	542
2097	136.3
2098	876.1
2099	55.3
2100	834
2101	827.4
2102	779.1
2103	507.4
2104	414.6
2105	738.2
2106	520
2107	569.7
2108	830.6
2109	798.4
2110	839.7
2111	413.1
2112	0
2113	712.3
2114	483.8
2115	906.6
2116	951.6
2117	740.6
2118	41.4
2119	33.6
2120	990.4
2121	114.6
2122	762.2
2123	594
2124	939.4
2125	590.4
2126	836.2
2127	101.2
2128	516.2
2129	400.7
2130	583.1
2131	803.4
2132	920.9
2133	527.6
2134	826.6
2135	39.5
2136	1104.4
2137	147
2138	39.1
2139	928.8
2140	429
2141	963.1
2142	106.2
2143	453.3
2144	786.2
2145	915.4
2146	155.9
2147	142
2148	766.5
2149	562.9
2150	435.7
2151	506.8
2152	814.9
2153	1195.2
2154	811.2
2155	416.6
2156	413.6
2157	504.7
2158	163.7
2159	131.1
2160	1210.6
2161	424.3
2162	885.2
2163	914.1
2164	535.9
2165	170.6
2166	412.3
2167	449.5
2168	602.1
2169	772.4
2170	420
2171	617.6
2172	456.5
2173	552.5
2174	385.9
2175	15.8
2176	542
2177	1112.5
2178	46.4
2179	527.9
2180	351
2181	1210.5
2182	585.2
2183	465.5
2184	444.3
2185	926.1
2186	17.8
2187	144.8
2188	335.2
2189	448.5
2190	167.3
2191	531.5
2192	329.5
2193	437.4
2194	909.3
2195	152.8
2196	448.9
2197	1107.1
2198	316
2199	1173.3
2200	413.3
2201	13.1
2202	152.5
2203	546.7
2204	356.5
2205	590.9
2206	357.6
2207	144.3
2208	137.4
2209	535.3
2210	1073.9
2211	544
2212	732.4
2213	877.2
2214	413.6
2215	365.7
2216	125.1
2217	444.1
2218	389.1
2219	1085.7
2220	133.2
2221	291.6
2222	1088.3
2223	333.2
2224	538.2
2225	394
2226	143.1
2227	1107.6
2228	472
2229	524.4
2230	729.3
2231	319.7
2232	435
2233	432.7
2234	1034.7
2235	433.9
2236	441
2237	538.1
2238	530.3
2239	120.2
2240	525.1
2241	413.4
2242	482.9
2243	529.4
2244	493.1
2245	1073.3
2246	364.5
2247	519.4
2248	1146.8
2249	439.6
2250	346
2251	120.2
2252	934.9
2253	486.1
2254	119.6
2255	489.6
2256	935.9
2257	161.9
2258	382.3
2259	1074.9
2260	436.1
2261	435
2262	393.5
2263	1140.5
2264	1125.1
2265	1049.4
2266	485.7
2267	512.4
2268	747.1
2269	145.8
2270	705.5
2271	813.6
2272	468.8
2273	177.5
2274	706.4
2275	862.2
2276	208.4
2277	531.9
2278	679.2
2279	416.8
2280	499.2
2281	739.5
2282	1165.9
2283	211.4
2284	685.5
2285	1040.6
2286	827.6
2287	143.5
2288	863.6
2289	486.6
2290	528.5
2291	432.4
2292	1030.3
2293	136.9
2294	174.8
2295	940.2
2296	929.6
2297	1152.9
2298	429.2
2299	134.2
2300	473.1
2301	723.9
2302	545.1
2303	504.5
2304	512.4
2305	460.8
2306	965.4
2307	965
2308	506.9
2309	904
2310	1141.2
2311	825.2
2312	760.9
2313	740.7
2314	563.4
2315	874.9
2316	407.2
2317	1094.1
2318	365.9
2319	411.2
2320	935.4
2321	948
2322	576.5
2323	478.3
2324	1096.7
2325	919.4
2326	863.5
2327	469.3
2328	1059.2
2329	516.2
2330	855.5
2331	809.3
2332	162.9
2333	744
2334	887.3
2335	866.3
2336	853.6
2337	795.1
2338	225.9
2339	191.8
2340	1068.5
2341	877.3
2342	817.4
2343	179.2
2344	796.7
2345	236.9
2346	825.5
2347	450.5
2348	784.2
2349	784.2
2350	734.8
2351	840.7
2352	518.7
2353	794.2
2354	840.5
2355	966.5
2356	832.5
2357	856.5
2358	178.5
2359	993.7
2360	814.5
2361	790.3
2362	218.5
2363	1070.1
2364	862.9
2365	802.7
2366	895.4
2367	855.2
2368	846.8
2369	128.4
2370	1055.8
2371	799.5
2372	753.2
2373	843.6
2374	157.3
2375	839
2376	895.7
2377	845.7
2378	803
2379	824.9
2380	796.8
2381	744.3
2382	1041.6
2383	941.8
2384	878.7
2385	594
2386	566.7
2387	551.6
2388	797.5
2389	1041.1
2390	751.1
2391	746
2392	1054.9
2393	938.4
2394	1062
2395	153.5
2396	831
2397	846.9
2398	581.4
2399	865.4
2400	867.4
2401	828.1
2402	1078
2403	781.4
2404	147.5
2405	792.4
2406	743.8
2407	972.2
2408	814.5
2409	840.1
2410	850
2411	909.5
2412	914.2
2413	794.5
2414	150.8
2415	925.2
2416	787.4
2417	776.2
2418	842.1
2419	787.7
2420	1087.2
2421	1017.9
2422	892.7
2423	736.2
2424	909.2
2425	145.1
2426	980.4
2427	820.6
2428	1088
2429	956.4
2430	858.7
2431	854.7
2432	837.3
2433	1115.7
2434	126
2435	805.8
2436	834.1
2437	94.1
2438	833.7
2439	494.8
2440	880.2
2441	1020.8
2442	733
2443	814.3
2444	1092.4
2445	843.5
2446	142.9
2447	849.3
2448	528.2
2449	905.3
2450	983.9
2451	823.6
2452	852.2
2453	521
2454	960.7
2455	890.6
2456	524.1
2457	906.8
2458	757.7
2459	822.5
2460	98.8
2461	528.9
2462	473.6
2463	130.1
2464	515.2
2465	1024.4
2466	940.5
2467	693.8
2468	760
2469	828.8
2470	526.6
2471	788.6
2472	851.5
2473	131.2
2474	493.9
2475	760.6
2476	650.7
2477	835
2478	843.2
2479	610.9
2480	826
2481	421.7
2482	91
2483	638.4
2484	881.1
2485	776.5
2486	866.5
2487	1019.7
2488	812.5
2489	513
2490	1102.6
2491	121.3
2492	888.3
2493	635.4
2494	804.2
2495	836
2496	115.2
2497	724.2
2498	775.5
2499	93.5
2500	954.7
2501	770.3
2502	778.7
2503	578.1
2504	411.1
2505	828.5
2506	820.3
2507	992.4
2508	459.9
2509	631.9
2510	452.4
2511	0
2512	812.3
2513	812.9
2514	802.6
2515	798
2516	814.5
2517	165.5
2518	301.9
2519	827.5
2520	961.7
2521	773
2522	0
2523	163.1
2524	1004.7
2525	315.8
2526	796.3
2527	721.7
2528	782.2
2529	811.3
2530	761.6
2531	794.9
2532	802.9
2533	911.7
2534	318.1
2535	719.7
2536	915.6
2537	316
2538	0
2539	1080.9
2540	990.9
2541	994.1
2542	836.9
2543	812.1
2544	363.4
2545	920.3
2546	423.4
2547	847.1
2548	943
2549	901.1
2550	1040.8
2551	163.4
2552	1097.9
2553	744.9
2554	933.4
2555	801.9
2556	786.7
2557	771.2
2558	799.4
2559	731.2
2560	0
2561	745.9
2562	1117.5
2563	894
2564	918.9
2565	1012.2
2566	168.7
2567	933.3
2568	0
2569	838.5
2570	283.6
2571	183
2572	932.2
2573	455.3
2574	900.4
2575	366.5
2576	829.3
2577	696.9
2578	769.5
2579	803.1
2580	949.9
2581	944.8
2582	1085.7
2583	993
2584	1058.4
2585	0
2586	1030.7
2587	805.7
2588	840.1
2589	764
2590	799.1
2591	748.2
2592	748.2
2593	729.7
2594	287.8
2595	1053.8
2596	0
2597	766.5
2598	1111.1
2599	858.2
2600	756.7
2601	709.3
2602	984.3
2603	676.5
2604	1139.4
2605	921.7
2606	373.2
2607	0
2608	723
2609	1011.2
2610	458.7
2611	988.7
2612	722.3
2613	764.9
2614	1067.1
2615	212.6
2616	973.5
2617	0
2618	882.6
2619	1025.8
2620	1145.1
2621	246.7
2622	782.7
2623	0
2624	700.1
2625	1105.4
2626	217.9
2627	902.7
2628	214
2629	1044.2
2630	777.5
2631	697.7
2632	0
2633	771.7
2634	785.1
2635	711.1
2636	999.6
2637	991.9
2638	312
2639	735.9
2640	629.5
2641	325.9
2642	0
2643	1177.4
2644	367.1
2645	1174.7
2646	638.4
2647	280.3
2648	900.8
2649	397.8
2650	0
2651	950
2652	391.3
2653	811
2654	337.2
2655	678.3
2656	993.9
2657	278.8
2658	728.4
2659	931.1
2660	0
2661	363.5
2662	1151.5
2663	393
2664	710.7
2665	406.8
2666	335.4
2667	187.6
2668	353.1
2669	753.8
2670	1143.9
2671	835.8
2672	918.3
2673	376.2
2674	262.1
2675	368.1
2676	132.8
2677	1163.6
2678	967.9
2679	405.7
2680	359.5
2681	388.6
2682	379.4
2683	729.1
2684	716.9
2685	798.4
2686	911.8
2687	948.9
2688	328.1
2689	383.3
2690	402
2691	381.6
2692	107.8
2693	427.1
2694	722.8
2695	981.7
2696	755.6
2697	996.3
2698	1090.3
2699	29.8
2700	888
2701	150.3
2702	393.6
2703	708.2
2704	630.2
2705	736.8
2706	359.3
2707	24.1
2708	375.6
2709	340.2
2710	410.4
2711	355.1
2712	872.7
2713	787.1
2714	398.4
2715	696
2716	400.5
2717	340.3
2718	704.3
2719	741.6
2720	359.8
2721	694.2
2722	390.9
2723	877.3
2724	79.4
2725	379.2
2726	723.6
2727	846.2
2728	708.8
2729	822
2730	388.2
2731	855.6
2732	348.6
2733	354.6
2734	373.4
2735	766.6
2736	65
2737	682
2738	358.2
2739	678.8
2740	360.9
2741	351.7
2742	342.8
2743	669
2744	756.9
2745	299.7
2746	74.5
2747	644.7
2748	898.9
2749	781
2750	387.9
2751	451.7
2752	825.9
2753	740.3
2754	388.2
2755	317.5
2756	650.5
2757	792.1
2758	431.1
2759	641.5
2760	656
2761	662.9
2762	715.9
2763	72.9
2764	378.3
2765	356.9
2766	398.8
2767	77.9
2768	331.3
2769	642.1
2770	762.2
2771	407
2772	339.8
2773	208.1
2774	475.7
2775	400
2776	749.6
2777	392.6
2778	411.5
2779	770
2780	131.9
2781	835.1
2782	340.4
2783	737.1
2784	742.9
2785	84
2786	87.7
2787	380.3
2788	649.5
2789	394.8
2790	934.4
2791	394.2
2792	411.5
2793	448.1
2794	765.3
2795	613.8
2796	317.1
2797	475.5
2798	389
2799	819.9
2800	403.2
2801	386.7
2802	431.6
2803	595.4
2804	160.2
2805	412.2
2806	825
2807	474.7
2808	392.3
2809	380.4
2810	71
2811	415.4
2812	319.1
2813	353.5
2814	849.8
2815	423.2
2816	589.5
2817	722.9
2818	434.1
2819	858.4
2820	395.8
2821	383.9
2822	752.3
2823	370.9
2824	69.9
2825	714.7
2826	81.4
2827	127.8
2828	333.5
2829	94.7
2830	786.8
2831	821.9
2832	808.9
2833	617.2
2834	453.5
2835	405.7
2836	814.8
2837	763.3
2838	421.7
2839	382
2840	404.3
2841	831
2842	397.8
2843	712.9
2844	226.2
2845	683.4
2846	72.4
2847	418.6
2848	418.9
2849	387.1
2850	418.5
2851	389.5
2852	927.6
2853	770
2854	407.9
2855	785.1
2856	378.8
2857	864.4
2858	417.6
2859	711.6
2860	714.3
2861	811.2
2862	317.4
2863	277
2864	318.6
2865	880
2866	414.2
2867	747.7
2868	316.4
2869	355.9
2870	673.6
2871	404.2
2872	404.4
2873	393.4
2874	93.6
2875	907.4
2876	80.6
2877	790.2
2878	800.7
2879	244.7
2880	987.5
2881	871
2882	908.2
2883	733.9
2884	355.4
2885	332.2
2886	407.5
2887	303.9
2888	92.9
2889	94.3
2890	96.4
2891	872.6
2892	418.8
2893	399.5
2894	357
2895	392.3
2896	90.3
2897	396.4
2898	719.5
2899	417.2
2900	336.4
2901	268.5
2902	907.9
2903	390.7
2904	190.2
2905	742.9
2906	401
2907	337.6
2908	792.2
2909	449.1
2910	667.7
2911	382.4
2912	873.8
2913	452.3
2914	929.8
2915	288.5
2916	405.8
2917	97.4
2918	429.2
2919	258.2
2920	289
2921	823.5
2922	677.6
2923	737.8
2924	388.3
2925	856.5
2926	340.4
2927	232.8
2928	358
2929	325.8
2930	401.4
2931	995
2932	419.2
2933	926.1
2934	215
2935	832.4
2936	242.5
2937	656.5
2938	242.4
2939	860
2940	231.8
2941	746.8
2942	253.8
2943	470.3
2944	226.4
2945	909.4
2946	796.6
2947	439.5
2948	967.8
2949	854.7
2950	666.5
2951	454.3
2952	941.9
2953	470.5
2954	786.5
2955	453
2956	415.5
2957	362.1
2958	984.5
2959	259
2960	889.3
2961	833.1
2962	800.8
2963	353.8
2964	471.8
2965	680.9
2966	462.4
2967	441.5
2968	910.6
2969	297.2
2970	193.6
2971	879.8
2972	362.7
2973	197.8
2974	886.2
2975	1084.4
2976	401.9
2977	402.2
2978	346.4
2979	913.1
2980	935.4
2981	806.4
2982	453.3
2983	996.1
2984	970.9
2985	720.5
2986	881.4
2987	805.8
2988	969.8
2989	175.6
2990	631
2991	1153
2992	376.6
2993	862.8
2994	862.2
2995	1016.9
2996	457.2
2997	405
2998	678.5
2999	434.3
3000	737.8
3001	355.4
3002	914.4
3003	849.4
3004	330.4
3005	353.7
3006	970.1
3007	754.3
3008	941.8
3009	326.6
3010	157.9
3011	967.9
3012	440.9
3013	994.2
3014	718
3015	284.7
3016	886
3017	1124.7
3018	817.8
3019	278
3020	727.7
3021	338.9
3022	332
3023	321.4
3024	967.8
3025	757.3
3026	1006.8
3027	1032.7
3028	860.4
3029	1009.1
3030	235.2
3031	382.7
3032	398.3
3033	266.4
3034	421.2
3035	806.4
3036	209.3
3037	383.8
3038	265
3039	812.3
3040	1099.3
3041	955.6
3042	972.1
3043	1070.8
3044	846.8
3045	1083.1
3046	220.4
3047	239.1
3048	1031.7
3049	741.3
3050	1039.4
3051	939.5
3052	883.9
3053	1106
3054	780.7
3055	848.9
3056	1074.1
3057	232
3058	1136.5
3059	895.9
3060	223.7
3061	323.7
3062	314.4
3063	1052.6
3064	1119.4
3065	260.5
3066	963
3067	249.6
3068	958.6
3069	281.7
3070	930.7
3071	395.4
3072	894.8
3073	142.5
3074	1093.9
3075	370.9
3076	420.6
3077	974.4
3078	842.2
3079	1072.9
3080	1041.7
3081	257.6
3082	294.2
3083	1087.4
3084	244
3085	892.8
3086	886.6
3087	1127.7
3088	984.1
3089	1124.2
3090	966.3
3091	276.8
3092	178.9
3093	419.7
3094	158
3095	231.7
3096	1040.7
3097	169.8
3098	1128.5
3099	235.1
3100	1001.5
3101	110.7
3102	362.6
3103	1131.4
3104	1117.8
3105	270.6
3106	1089.5
3107	1064.5
3108	236
3109	355
3110	212.4
3111	1202
3112	105.3
3113	1202.9
3114	309.5
3115	261.2
3116	357.2
3117	259
3118	1003.5
3119	1014.6
3120	95.3
3121	988.8
3122	146.3
3123	1106
3124	219.9
3125	394.2
3126	137.5
3127	106.9
3128	220.8
3129	205.8
3130	247.2
3131	985.8
3132	1053.2
3133	1185.3
3134	1197.2
3135	162.1
3136	1182.1
3137	140
3138	215.7
3139	1059
3140	969.7
3141	268.4
3142	1035.2
3143	984.1
3144	257.5
3145	114.5
3146	185.1
3147	129
3148	340
3149	194.6
3150	118.5
3151	186.3
3152	1056.6
3153	1089.8
3154	1022.9
3155	0.2
3156	786.3
3157	755.7
3158	116.8
3159	1026.1
3160	118.1
3161	183.7
3162	1065.8
3163	198.3
3164	166.1
3165	32.9
3166	1056.3
3167	33.5
3168	1049.1
3169	190.2
3170	1093.2
3171	240.4
3172	1024.1
3173	170.9
3174	0.1
3175	1055.6
3176	207.5
3177	224.2
3178	256.4
3179	208.8
3180	146.9
3181	27.5
3182	1076.1
3183	1109.5
3184	193.8
3185	187.4
3186	805
3187	889
3188	0.1
3189	733.5
3190	208.2
3191	199.6
3192	0.1
3193	369.3
3194	1095.7
3195	1074.2
3196	183
3197	30.9
3198	29
3199	962.9
3200	177.2
3201	205.2
3202	1056.3
3203	1110.4
3204	30.1
3205	192
3206	194.5
3207	447.7
3208	185.6
3209	361.3
3210	187.7
3211	194.3
3212	996.8
3213	197.8
3214	175.5
3215	234.8
3216	199.6
3217	265.3
3218	190.7
3219	187.1
3220	33.1
3221	234.7
3222	187.3
3223	165.9
3224	1073.5
3225	240.6
3226	1070.5
3227	237.4
3228	377.9
3229	441.4
3230	37.2
3231	327.8
3232	225.4
3233	199.9
3234	1064
3235	1063.3
3236	189.6
3237	156.8
3238	184
3239	400.1
3240	49.9
3241	744.3
3242	395.5
3243	183.5
3244	445.9
3245	232.8
3246	286.8
3247	369.3
3248	212
3249	230.1
3250	44.4
3251	1075.5
3252	1010.3
3253	403.8
3254	183.6
3255	164
3256	270.8
3257	190.9
3258	473
3259	793.6
3260	228.5
3261	479.3
3262	170.1
3263	206
3264	185
3265	214.1
3266	388.5
3267	806.3
3268	174.1
3269	989.6
3270	347.1
3271	176.6
3272	899.5
3273	176.3
3274	1007.9
3275	435.7
3276	316.5
3277	369.5
3278	908.9
3279	179.4
3280	187.2
3281	263.7
3282	176.4
3283	145
3284	411.8
3285	133.9
3286	989.8
3287	191.7
3288	609.4
3289	413
3290	292.1
3291	940.4
3292	205
3293	574.9
3294	594.9
3295	210.6
3296	172.8
3297	249.2
3298	696.7
3299	296.2
3300	788.2
3301	354.8
3302	260.4
3303	946.1
3304	680.3
3305	148
3306	449.1
3307	213.1
3308	877.1
3309	414.3
3310	323
3311	241.1
3312	650
3313	328.7
3314	136.9
3315	419.4
3316	748.6
3317	159.6
3318	103.6
3319	123.1
3320	278.7
3321	438.5
3322	145.3
3323	517.4
3324	437.2
3325	337.7
3326	432.9
3327	115
3328	209.5
3329	261.3
3330	669.2
3331	247.9
3332	242.7
3333	326
3334	161
3335	806.2
3336	433.3
3337	112.7
3338	275.7
3339	160.7
3340	183.1
3341	740.3
3342	424.5
3343	229.7
3344	329
3345	116.6
3346	233.9
3347	436.4
3348	121
3349	418.4
3350	126.9
3351	235.2
3352	115.8
3353	274.1
3354	444.1
3355	308.2
3356	319.4
3357	401.3
3358	213.9
3359	283.5
3360	134.2
3361	300.7
3362	388.1
3363	640.1
3364	506.6
3365	237.7
3366	292.1
3367	304.9
3368	176.9
3369	232.5
3370	503.9
3371	302.6
3372	239.5
3373	305.4
3374	300.7
3375	395
3376	302.7
3377	401
3378	398.3
3379	437
3380	300.8
3381	301.6
3382	414.2
3383	302.9
3384	299.7
3385	299.6
3386	297
3387	419.6
3388	416
3389	331.6
3390	332.9
3391	304.8
3392	316.3
3393	429.9
3394	319.2
3395	294
3396	318.5
3397	307.3
3398	253.9
3399	208.2
3400	758
3401	731
3402	656.4
3403	755.1
3404	992.7
3405	964.7
3406	1058
3407	779.8
3408	1090.5
3409	828
3410	152.2
3411	154.5
3412	913.8
3413	937.3
3414	892.6
3415	867.6
3416	753.3
3417	920.1
3418	933.4
3419	821.2
3420	740.2
3421	804.7
3422	913.4
3423	780.1
3424	899.4
3425	930.7
3426	896.6
3427	729.2
3428	354.7
3429	1043.4
3430	301.9
3431	865.6
3432	1012.8
3433	945.2
3434	882.3
3435	655.2
3436	890.7
3437	928.2
3438	636.9
3439	655
3440	777.2
3441	851.8
3442	732.7
3443	894.1
3444	673.5
3445	612.9
3446	724.1
3447	639.5
3448	753.5
3449	949.5
3450	635.7
3451	806.9
3452	883
3453	767.7
3454	868.1
3455	835.3
3456	130
3457	817.7
3458	784.7
3459	688.1
3460	807
3461	129.9
3462	875.9
3463	907.2
3464	656.9
3465	789.4
3466	543.3
3467	840.2
3468	898.4
3469	504.3
3470	869.2
3471	764.5
3472	391.1
3473	860.2
3474	738.9
3475	917.8
3476	905.6
3477	887.5
3478	898.4
3479	811.2
3480	907.3
3481	826.9
3482	226.4
3483	40.8
3484	855.6
3485	41.9
3486	838.1
3487	0
3488	42.4
3489	947.2
3490	835.8
3491	596.5
3492	885.2
3493	48.8
3494	797.9
3495	1105.9
3496	119.1
3497	341.4
3498	317.7
3499	990.8
3500	430.9
3501	172.2
3502	141.8
3503	355.2
3504	389.8
3505	783.3
3506	997.9
3507	362.2
3508	968.2
3509	184.8
3510	449.1
3511	975.1
3512	815
3513	227.3
3514	729.7
3515	1058.2
3516	775.8
3517	737.4
3518	847.3
3519	877.6
3520	943.3
3521	866
3522	523.2
3523	800.3
3524	786.5
3525	798.6
3526	178
3527	815.8
3528	967.5
3529	776.6
3530	752.1
3531	1080.2
3532	350.4
3533	1008.5
3534	1060.5
3535	881.9
3536	360.4
3537	90
3538	934.3
3539	370.7
3540	457.2
3541	377.2
3542	406.3
3543	350.3
3544	349.7
3545	475.7
3546	378.3
3547	305.2
3548	418.5
3549	1001.8
3550	904
3551	896.3
3552	309.7
3553	340.1
3554	952.5
3555	407.7
3556	935.3
3557	218
3558	459.7
3559	156.3
3560	388.9
3561	721.5
3562	241.7
3563	1078.5
3564	285.3
3565	324.5
3566	278
3567	1027.6
3568	1078.3
3569	954.3
3570	1021.6
3571	1043.7
3572	240
3573	1133.3
3574	379
3575	302.4
3576	1058.8
3577	1191.7
3578	177.2
3579	238.9
3580	232.7
3581	181.5
3582	190.7
3583	178.4
3584	1095.9
3585	244.2
3586	1042.4
3587	210.7
3588	457.1
3589	210.9
3590	253.8
3591	138.7
3592	280.4
3593	390.2
3594	296.6
