"COMID"	"Value"
1	98.7
2	25.8
3	153.3
4	168.4
5	46.8
6	17.1
7	180.1
8	53.2
9	1.6
10	4.6
11	209.7
12	1.2
13	99.6
14	154.9
15	64.2
16	13.6
17	85.6
18	148.9
19	171.6
20	110.2
21	108.2
22	164.6
23	0.6
24	0.5
25	104.3
26	89.9
27	67.1
28	60.6
29	14.5
30	49.7
31	106.9
32	47.3
33	171.2
34	0.3
35	136.7
36	3.1
37	127.4
38	4.7
39	0.2
40	2.8
41	142.7
42	70.8
43	2.4
44	52.7
45	34
46	100.2
47	110.4
48	165.3
49	84.7
50	39.6
51	0.3
52	126.4
53	4.4
54	153.4
55	130.3
56	108.7
57	2.4
58	0.2
59	53
60	0.2
61	1.3
62	2.2
63	154.8
64	51.7
65	0.4
66	75.1
67	126.9
68	119.2
69	30.4
70	18.5
71	18.8
72	111.5
73	0.2
74	178.4
75	28.3
76	26
77	88.6
78	24.9
79	110.7
80	13.5
81	86.8
82	57.5
83	100.6
84	3.2
85	97.5
86	121.7
87	0.2
88	0.2
89	12.3
90	64.1
91	80.5
92	122.5
93	98
94	2.6
95	182.9
96	7.6
97	113
98	1.8
99	21
100	123.9
101	134.3
102	90.4
103	0.1
104	64.9
105	24.3
106	120.5
107	21.9
108	3.2
109	11.3
110	4.9
111	13.4
112	112.2
113	3.6
114	108.8
115	62.4
116	129.3
117	67.4
118	61.8
119	28.8
120	37.6
121	118.3
122	93
123	16.9
124	60.9
125	138.5
126	129.1
127	85.8
128	75.1
129	0.1
130	37.4
131	115.4
132	6.6
133	66.4
134	78.8
135	63.4
136	139.8
137	75
138	3.2
139	2.3
140	86
141	67.1
142	11.3
143	19.1
144	56.3
145	5.7
146	60
147	154.2
148	72
149	68.7
150	74
151	83.1
152	61.2
153	2.3
154	60.8
155	15.5
156	41.9
157	73
158	5.7
159	128.6
160	122.6
161	39.7
162	6.3
163	140.6
164	23.7
165	14.1
166	5.4
167	65.8
168	32.9
169	67.2
170	100.3
171	129.8
172	19.9
173	52.5
174	3.9
175	154.2
176	134.5
177	130.5
178	52.2
179	61.8
180	4.5
181	4.5
182	57.5
183	21.1
184	5.2
185	6.5
186	66.2
187	39.7
188	5.2
189	4.5
190	68.6
191	4.3
192	62.4
193	18.7
194	115.2
195	37.6
196	5.3
197	130.6
198	4.8
199	60.2
200	4.8
201	4.2
202	10.5
203	5.6
204	4.6
205	9.8
206	85.3
207	70.7
208	106.1
209	58.9
210	133.6
211	158.4
212	63.7
213	59.2
214	5.9
215	65.2
216	43.8
217	129.2
218	10.9
219	15.8
220	6.2
221	43.7
222	64
223	92.7
224	2.2
225	22
226	54.5
227	12.7
228	60.8
229	3.2
230	64.7
231	130.1
232	47.3
233	79.6
234	60.3
235	26.3
236	55.5
237	169.5
238	19.8
239	47.5
240	135.9
241	54.8
242	1
243	15.1
244	77.2
245	60.1
246	84.7
247	17.6
248	9.9
249	0.7
250	81.3
251	49.3
252	66.6
253	45.3
254	5
255	2
256	82.6
257	1.7
258	55.4
259	19.1
260	7.5
261	57.2
262	52.7
263	34.5
264	0.8
265	1.2
266	45.5
267	83
268	60.8
269	85.4
270	0.6
271	131.2
272	56.7
273	80.4
274	17.7
275	48.2
276	54.9
277	2.1
278	56.2
279	1.1
280	42.2
281	56.3
282	73.6
283	1.3
284	64.6
285	0.7
286	51.6
287	74.1
288	36.3
289	6.2
290	0.4
291	51.4
292	41.7
293	19
294	70.4
295	0.3
296	54.1
297	81.3
298	0.1
299	129.2
300	89.8
301	0.7
302	94.7
303	52.7
304	31
305	69.5
306	52.7
307	78.9
308	144.5
309	8.7
310	37.6
311	80.3
312	56.1
313	51.9
314	27.2
315	2.4
316	2.9
317	20.3
318	54
319	37.5
320	66.6
321	0.2
322	41.1
323	73.2
324	10.2
325	46
326	67.5
327	9
328	8.4
329	0.2
330	0.5
331	3.7
332	0.4
333	1.6
334	3.6
335	92.2
336	1.1
337	62.9
338	1.4
339	14.6
340	6.7
341	1.3
342	17.9
343	2.2
344	40.3
345	15.3
346	65
347	2.1
348	53.4
349	30.1
350	1.9
351	2.6
352	2
353	165.4
354	17.8
355	34.8
356	2.5
357	28.2
358	14.6
359	17.1
360	12.9
361	3.5
362	12.2
363	9.1
364	17.2
365	108
366	15.2
367	15.1
368	246.6
369	9.3
370	165.9
371	17
372	0.9
373	21
374	14.5
375	78.3
376	0
377	155.9
378	21.3
379	16.3
380	160
381	6.6
382	13.3
383	175.7
384	41.6
385	26.8
386	9.6
387	239.2
388	137.5
389	104.6
390	223.8
391	2.1
392	123.6
393	24.1
394	3.9
395	15.1
396	44.8
397	32
398	0.4
399	111.8
400	1.1
401	196
402	26
403	13.6
404	10.9
405	2.9
406	97.7
407	90.7
408	9.7
409	18.2
410	67.4
411	219.8
412	3.5
413	95.1
414	1.2
415	57.6
416	5.4
417	16.7
418	13
419	42.5
420	9.9
421	66.6
422	66.9
423	105.8
424	91.2
425	755.8
426	27.1
427	23.5
428	95.2
429	195.9
430	20
431	44.3
432	9.4
433	569.8
434	15.6
435	2.3
436	372.5
437	136.9
438	663
439	18
440	137.6
441	18.8
442	0.4
443	85.8
444	11.7
445	768.4
446	0.9
447	810
448	730.2
449	0.3
450	47
451	19.9
452	113.7
453	22.5
454	0.4
455	24.4
456	0.2
457	182.4
458	104.8
459	44.9
460	11.8
461	150.2
462	193.5
463	21.1
464	7.5
465	109.1
466	36.6
467	19.5
468	5.7
469	7.8
470	6.1
471	23.8
472	129.3
473	34.7
474	4.9
475	30.9
476	1
477	190.4
478	1.6
479	10.7
480	186.3
481	15.4
482	8.4
483	195.9
484	1.2
485	3.1
486	55.5
487	11.9
488	116.9
489	12.5
490	94.9
491	17.1
492	159.2
493	17.8
494	92.8
495	98.1
496	5
497	70.3
498	10.9
499	15
500	69.5
501	3.2
502	92.1
503	0.4
504	1.5
505	46.6
506	59.7
507	54
508	40.1
509	58.4
510	3.2
511	70.2
512	85.7
513	1.8
514	39.8
515	6.2
516	4.9
517	56.8
518	9.7
519	23.2
520	100.8
521	2.7
522	1.5
523	1.8
524	170.5
525	2.7
526	21.3
527	2.9
528	0.6
529	7.4
530	79.1
531	57.8
532	198.1
533	2.8
534	0.9
535	86.5
536	158.3
537	52.9
538	17.4
539	0.1
540	1.2
541	53.7
542	60.7
543	1.8
544	7.9
545	62.5
546	63.6
547	0
548	52.4
549	71.5
550	0.1
551	41.4
552	0
553	158.4
554	2.8
555	0.9
556	0
557	24.3
558	46
559	79.4
560	47
561	184.7
562	65.6
563	6.4
564	21.5
565	83.8
566	55.6
567	1.3
568	55.6
569	47.6
570	1.9
571	184.9
572	33
573	18.6
574	0
575	1
576	59
577	15.3
578	80.4
579	83.3
580	36.8
581	13
582	0
583	0.4
584	0.4
585	72.9
586	0
587	37.8
588	0
589	96.2
590	2.7
591	0
592	94.9
593	30
594	42.1
595	0
596	0.4
597	1.6
598	3.8
599	41.4
600	27.9
601	5.5
602	2.1
603	799.5
604	0
605	6
606	0
607	0.5
608	11.3
609	17.1
610	0.3
611	144.8
612	16.6
613	0.6
614	117.9
615	97
616	8.9
617	126.1
618	657.8
619	54.4
620	28.2
621	0
622	141.1
623	147.4
624	131.7
625	0.2
626	1
627	44.6
628	2.8
629	50.2
630	73.6
631	0.2
632	711
633	221.2
634	0.5
635	64.6
636	48.7
637	43.2
638	0.5
639	855.9
640	116.3
641	62.2
642	5.2
643	129
644	22.7
645	749
646	252.1
647	0.2
648	765.8
649	120.2
650	0.2
651	80.6
652	3.7
653	0.4
654	0.4
655	1.4
656	5.7
657	141.6
658	195.1
659	135.5
660	47.3
661	185.5
662	183.3
663	131.5
664	0.3
665	0.4
666	0.2
667	191.7
668	119.9
669	194.4
670	0.2
671	0.3
672	0.2
673	202.7
674	146.8
675	156.3
676	104.2
677	61.1
678	23.8
679	1.5
680	39.1
681	241.1
682	112.1
683	125.9
684	111.5
685	0.2
686	72.2
687	2.5
688	140.3
689	0.4
690	249.9
691	184.5
692	74.9
693	16
694	130
695	179.4
696	169.6
697	1
698	125.6
699	101.2
700	153.6
701	165.9
702	180
703	127.9
704	86.1
705	50.1
706	11.6
707	81.3
708	151.4
709	54.8
710	110.6
711	75.9
712	88.3
713	102.3
714	5
715	90.4
716	16.4
717	815.4
718	165.9
719	91
720	116.5
721	0.2
722	49.8
723	160.4
724	128.9
725	0.3
726	5.4
727	142.8
728	57.3
729	158.9
730	104.1
731	19.3
732	123.8
733	86.7
734	114.3
735	117.5
736	10.8
737	102.9
738	107.1
739	119.6
740	134.2
741	53.3
742	675.4
743	118.6
744	54.1
745	3.1
746	116.2
747	125.7
748	0.4
749	143.8
750	2.7
751	70.3
752	92.8
753	135.7
754	161.9
755	124.9
756	149.4
757	179
758	225.8
759	0.2
760	85.3
761	0.4
762	53.3
763	97.4
764	81.8
765	111
766	60.9
767	243
768	144.4
769	175.3
770	133.8
771	144
772	247
773	46.2
774	44.7
775	155.4
776	9.4
777	40.5
778	158.6
779	39.4
780	178.8
781	95
782	882.3
783	838.8
784	881
785	882.3
786	811.3
787	872.8
788	738.4
789	792.2
790	847.7
791	792.1
792	837.2
793	814.5
794	840.7
795	873.7
796	725
797	867.6
798	718.9
799	804.5
800	808.9
801	754.2
802	728.7
803	790.8
804	682
805	708.6
806	720.5
807	582.8
808	752.8
809	826.6
810	876.5
811	723.2
812	842.2
813	740
814	735.5
815	759.3
816	784.3
817	700.9
818	820.3
819	882.2
820	719.7
821	820.9
822	965.6
823	755.7
824	829
825	868.9
826	879
827	1009.6
828	1012.3
829	947
830	1081.5
831	762.3
832	1019.1
833	817.8
834	1167.6
835	935.4
836	992.2
837	800.3
838	912.7
839	836.5
840	978.2
841	899.1
842	760.6
843	476
844	1165.6
845	905.7
846	912.1
847	985.2
848	966
849	854.6
850	1166.2
851	1129
852	964.6
853	1019.3
854	1074.5
855	1017.5
856	932
857	918
858	1169.9
859	870.1
860	747.4
861	1116.5
862	250.8
863	1042.2
864	880.9
865	1109
866	769.6
867	908.3
868	1217.7
869	844.9
870	695.2
871	854.7
872	869.8
873	323
874	1042.8
875	1141.2
876	855.7
877	1089.6
878	1084.7
879	1158.9
880	846.9
881	888.6
882	816.9
883	907.4
884	1119.8
885	1089.9
886	186.9
887	719.7
888	741.7
889	1079.8
890	912
891	937.9
892	762
893	878.9
894	213.1
895	1107.4
896	1168.6
897	940
898	847.6
899	876
900	877.5
901	857.3
902	1182.5
903	1163.7
904	1080
905	857.8
906	1148.3
907	844.6
908	725.9
909	1042.9
910	209.2
911	1060.2
912	891.8
913	840.3
914	774.6
915	240.2
916	838.5
917	1106.7
918	866.1
919	810.2
920	954.2
921	943.1
922	792
923	530.1
924	850.1
925	1131.1
926	926.2
927	1039.1
928	701.7
929	779.4
930	774
931	1022.7
932	805.9
933	878.2
934	212.9
935	959.3
936	933.8
937	1181.3
938	1155.8
939	1054.5
940	810.9
941	1099.4
942	862.4
943	178.3
944	1156.8
945	869
946	990.3
947	189.6
948	890.4
949	937.7
950	982.3
951	833.6
952	826.2
953	754.5
954	789.4
955	777.7
956	917.3
957	827.4
958	767.7
959	815.8
960	815
961	846.2
962	940.8
963	871.9
964	129.5
965	912.9
966	864.3
967	135.7
968	810.1
969	847.4
970	710.2
971	995.9
972	919.6
973	794.2
974	806.1
975	1152.5
976	1097.9
977	1057.8
978	742.8
979	868.5
980	1104.2
981	911.8
982	832.2
983	985.9
984	1084.1
985	1063.8
986	1040.4
987	742.7
988	1064.6
989	920.3
990	266.8
991	962.2
992	629
993	1105.7
994	875.3
995	1181.8
996	1018.4
997	1073.2
998	761.6
999	873.4
1000	113.1
1001	792.6
1002	1150.8
1003	239.9
1004	999.9
1005	772.5
1006	1030.6
1007	128.9
1008	764.9
1009	522.5
1010	843.4
1011	943.2
1012	1032.8
1013	772.8
1014	1053.4
1015	757.3
1016	155.6
1017	1097.3
1018	758
1019	787.3
1020	868.3
1021	948.1
1022	911.8
1023	997.3
1024	1067.4
1025	898.3
1026	937.5
1027	1006.1
1028	982
1029	747.8
1030	860
1031	143.5
1032	263.8
1033	888.2
1034	847.1
1035	824.3
1036	886.1
1037	856.9
1038	897.9
1039	751.8
1040	755.2
1041	926.1
1042	749.9
1043	152.3
1044	711.7
1045	758.2
1046	751.8
1047	1020.3
1048	1024.2
1049	993.7
1050	148.1
1051	839.9
1052	932.8
1053	742.1
1054	883.5
1055	972.7
1056	878.8
1057	861.3
1058	816.6
1059	875.1
1060	845.3
1061	155.7
1062	958.2
1063	1018.7
1064	788.3
1065	702
1066	988.4
1067	844.7
1068	865.8
1069	804.2
1070	955.1
1071	855.4
1072	832.8
1073	811.1
1074	904.1
1075	592.8
1076	973
1077	812.5
1078	975.2
1079	917
1080	736.7
1081	828.8
1082	952.3
1083	825.9
1084	898.7
1085	952.9
1086	938.9
1087	148.3
1088	830.8
1089	713.7
1090	873.2
1091	1021
1092	822.7
1093	751.5
1094	786.3
1095	837.6
1096	864.6
1097	1053.1
1098	859.1
1099	573.5
1100	143.7
1101	783.2
1102	857
1103	824.6
1104	669.4
1105	824.2
1106	734.5
1107	850.6
1108	675.5
1109	896.1
1110	821.2
1111	822.5
1112	950.3
1113	1041.4
1114	870.7
1115	757.4
1116	743.9
1117	962.3
1118	765.2
1119	660.9
1120	797.3
1121	692.2
1122	812.5
1123	836.4
1124	883.9
1125	760.4
1126	973.3
1127	759.6
1128	975.1
1129	942.1
1130	694.6
1131	790
1132	939.2
1133	974.6
1134	650.4
1135	819
1136	792.1
1137	671.4
1138	659.9
1139	729.7
1140	903.5
1141	801.6
1142	783.7
1143	973.2
1144	842.2
1145	708.5
1146	761.8
1147	777.5
1148	960.1
1149	767.4
1150	773.2
1151	812.4
1152	978.3
1153	1000.2
1154	120.6
1155	841.2
1156	942.6
1157	766.2
1158	907.6
1159	851.9
1160	796.5
1161	766.8
1162	738.8
1163	730
1164	972.3
1165	826.5
1166	965.2
1167	905.4
1168	935.4
1169	971.3
1170	965.8
1171	744.2
1172	915.2
1173	770.7
1174	1093.6
1175	696.7
1176	685.3
1177	837.4
1178	762.6
1179	990
1180	707
1181	755.5
1182	826.8
1183	761.3
1184	835.1
1185	968.9
1186	954.5
1187	776.8
1188	778.5
1189	782.9
1190	795.4
1191	998.1
1192	773.6
1193	938.8
1194	825.8
1195	981.4
1196	792.2
1197	872
1198	751.6
1199	1018.1
1200	248.8
1201	788.9
1202	722.1
1203	823.1
1204	784
1205	846.4
1206	870.9
1207	682.9
1208	820
1209	772.3
1210	941.7
1211	915.7
1212	818.1
1213	860.1
1214	939.8
1215	774.8
1216	893.5
1217	949.6
1218	770.4
1219	833.2
1220	930.8
1221	803.3
1222	840.3
1223	843.8
1224	782.4
1225	936
1226	896.8
1227	949.2
1228	720.8
1229	799.4
1230	873.8
1231	855.1
1232	928.6
1233	807.5
1234	734.3
1235	763.2
1236	759.9
1237	1059.2
1238	873.2
1239	936.1
1240	790.3
1241	905.2
1242	905.2
1243	774.8
1244	792.6
1245	920.3
1246	906.6
1247	770.3
1248	355.2
1249	987.6
1250	908.2
1251	724.6
1252	848.9
1253	849.4
1254	712.7
1255	863.4
1256	920.2
1257	852.4
1258	812.8
1259	964
1260	1002.5
1261	942.5
1262	819.1
1263	797.8
1264	859.9
1265	968
1266	848.1
1267	897.1
1268	953.8
1269	381.6
1270	919.7
1271	821.8
1272	768.6
1273	835.7
1274	900
1275	783.8
1276	933.9
1277	919.3
1278	1030.2
1279	315.8
1280	940
1281	755.3
1282	973.1
1283	1168.7
1284	419.2
1285	855.6
1286	1163.9
1287	740.5
1288	730.3
1289	951.6
1290	757.3
1291	1063.8
1292	799
1293	262.4
1294	784.5
1295	914.8
1296	843.8
1297	449.1
1298	863.2
1299	811.6
1300	793
1301	862.3
1302	742.7
1303	843.4
1304	462.6
1305	1181.6
1306	879
1307	919.7
1308	784.9
1309	874.2
1310	908.2
1311	907.5
1312	955.2
1313	735.9
1314	916.7
1315	924.1
1316	1016.3
1317	966.6
1318	823.4
1319	995.6
1320	1014.4
1321	781.2
1322	930.2
1323	899.2
1324	848.5
1325	991.8
1326	698.7
1327	802.5
1328	855.4
1329	425.7
1330	1064.3
1331	932.5
1332	251
1333	762
1334	892.9
1335	247.5
1336	988.7
1337	711.8
1338	711.3
1339	783.5
1340	858.4
1341	911.1
1342	860.9
1343	909.3
1344	998.7
1345	763.4
1346	981.6
1347	1044.5
1348	955.7
1349	747.1
1350	867.7
1351	976.1
1352	413
1353	853.3
1354	754.4
1355	989.9
1356	358.3
1357	815.7
1358	991.4
1359	841.1
1360	701
1361	757.3
1362	959.4
1363	965
1364	665.9
1365	1042.2
1366	746.9
1367	984.4
1368	949.9
1369	801.5
1370	256.8
1371	745
1372	792.8
1373	952.6
1374	660.4
1375	880
1376	398.1
1377	847.5
1378	835.4
1379	846.5
1380	1029.4
1381	949.5
1382	974.1
1383	697.1
1384	825.7
1385	360.4
1386	977.5
1387	741.5
1388	791.7
1389	808.2
1390	931.9
1391	1130.2
1392	1007.5
1393	796.4
1394	657.3
1395	1040.3
1396	938.6
1397	1177.2
1398	959.4
1399	895.6
1400	805.2
1401	750.2
1402	739.1
1403	860.1
1404	846.1
1405	636.9
1406	778.6
1407	922.9
1408	740.8
1409	846.9
1410	715.8
1411	963.8
1412	661.1
1413	887.1
1414	813
1415	858.5
1416	930
1417	788.7
1418	865.8
1419	795.2
1420	876.8
1421	793.2
1422	655.8
1423	635.6
1424	1006.5
1425	722.4
1426	984.5
1427	845.8
1428	794.1
1429	778.1
1430	944.6
1431	875.8
1432	789.8
1433	927.6
1434	721.6
1435	942.6
1436	904.9
1437	789.4
1438	771.6
1439	844.3
1440	945.8
1441	931.9
1442	747.7
1443	836.9
1444	751.6
1445	734.4
1446	898.8
1447	694.6
1448	1084.9
1449	935.3
1450	760.8
1451	759.5
1452	908.8
1453	900.9
1454	629.6
1455	684.2
1456	714.3
1457	876.8
1458	983.7
1459	869.7
1460	779.1
1461	916.3
1462	705.6
1463	825.8
1464	822.9
1465	831.6
1466	1109.2
1467	744.8
1468	713.2
1469	968.5
1470	833.4
1471	733.7
1472	742.6
1473	1115.5
1474	701.4
1475	1119.8
1476	722
1477	770.9
1478	859.5
1479	1036.3
1480	725.5
1481	932.1
1482	906.7
1483	804.5
1484	724.1
1485	658.5
1486	809.2
1487	792.1
1488	884.9
1489	951.2
1490	738.6
1491	804.6
1492	981.6
1493	917.8
1494	1097.5
1495	774.2
1496	923.1
1497	911.4
1498	779
1499	959.2
1500	106.3
1501	987.4
1502	1023.7
1503	734
1504	790.5
1505	932.5
1506	1043.4
1507	769.4
1508	731.2
1509	706.1
1510	719.5
1511	747
1512	748
1513	827.2
1514	769.2
1515	818.5
1516	761.3
1517	889.4
1518	751
1519	1040.7
1520	704.6
1521	770.5
1522	802.6
1523	747.9
1524	807.5
1525	830.5
1526	733
1527	958.8
1528	723.9
1529	1051.4
1530	1074
1531	776.9
1532	748.7
1533	755.4
1534	860.8
1535	476.5
1536	849.3
1537	791.1
1538	603.5
1539	764.9
1540	842
1541	776.7
1542	809.8
1543	926.1
1544	716.8
1545	667.4
1546	535.7
1547	974.3
1548	680.3
1549	740.3
1550	789.4
1551	790.1
1552	927.5
1553	1034.3
1554	829.1
1555	1007.7
1556	1072.6
1557	761.5
1558	710.2
1559	939.8
1560	114.5
1561	704
1562	781
1563	783.9
1564	665
1565	859.9
1566	782.7
1567	795.4
1568	747.9
1569	1055.9
1570	860.2
1571	681.3
1572	707.1
1573	850.5
1574	778.7
1575	1047.9
1576	911.1
1577	919.4
1578	792.6
1579	778.3
1580	845.4
1581	891.6
1582	988.5
1583	1009.6
1584	545.5
1585	856.4
1586	862.7
1587	809.7
1588	904.6
1589	725.3
1590	738.6
1591	797.9
1592	932.6
1593	783.5
1594	980.2
1595	993.8
1596	973.3
1597	739.2
1598	909.4
1599	1058.7
1600	1034.2
1601	789
1602	855.7
1603	1040.5
1604	1019.5
1605	120.5
1606	733.5
1607	706.2
1608	1038.4
1609	743.9
1610	988.7
1611	786.1
1612	956.5
1613	1025.5
1614	999.5
1615	945
1616	1035.4
1617	702.8
1618	1079.3
1619	118.4
1620	929.2
1621	884.9
1622	959.8
1623	759.9
1624	869.8
1625	1054.6
1626	934.2
1627	778.2
1628	1047.6
1629	756.2
1630	1004.5
1631	965.7
1632	881.9
1633	706.4
1634	877.7
1635	871.6
1636	980.5
1637	1057.3
1638	1108.2
1639	750.9
1640	747.3
1641	1047.6
1642	899.3
1643	1203.5
1644	766.4
1645	872.7
1646	1024.9
1647	751.7
1648	789.6
1649	785.2
1650	739.4
1651	1005.1
1652	1098.6
1653	740.8
1654	939.1
1655	968.6
1656	1010.5
1657	857.6
1658	1010.4
1659	1186.8
1660	994.4
1661	117.6
1662	803
1663	1045.9
1664	786.6
1665	710.4
1666	975.7
1667	979.6
1668	1130.1
1669	969.5
1670	123.5
1671	954.5
1672	925.6
1673	985.9
1674	968.6
1675	994.2
1676	823.8
1677	123.2
1678	720.7
1679	927.9
1680	1027.8
1681	908.9
1682	695.2
1683	940.6
1684	1196.8
1685	921.3
1686	921.6
1687	906.2
1688	1018.7
1689	819.7
1690	1008.4
1691	129.5
1692	946.9
1693	112.4
1694	962.8
1695	1010.6
1696	781.1
1697	1083.2
1698	724.1
1699	799.6
1700	1038.9
1701	956.8
1702	1012.2
1703	966.4
1704	763.2
1705	756.8
1706	953.2
1707	718.3
1708	707.1
1709	1147.3
1710	820.2
1711	771.8
1712	1007.3
1713	927
1714	886.8
1715	988.6
1716	913.2
1717	1038.9
1718	123.6
1719	884.7
1720	965.7
1721	934.4
1722	919.2
1723	902.7
1724	918.8
1725	1018.2
1726	940
1727	1035.6
1728	929.3
1729	117.9
1730	938.5
1731	823.5
1732	787.1
1733	1103
1734	126.7
1735	999.2
1736	766.2
1737	1123.9
1738	884.3
1739	941.1
1740	780.5
1741	117.1
1742	794.1
1743	921.6
1744	872.7
1745	893.5
1746	993.7
1747	893.4
1748	928.9
1749	951
1750	855.3
1751	927.8
1752	903.6
1753	900.5
1754	1015
1755	911.4
1756	921.6
1757	979.8
1758	993.5
1759	935.7
1760	963.8
1761	910.9
1762	1069.8
1763	894.2
1764	1092.3
1765	796.7
1766	868.6
1767	905.4
1768	757.7
1769	869.6
1770	998.4
1771	1097.6
1772	829.5
1773	896.4
1774	810.2
1775	588.1
1776	830.5
1777	884.6
1778	744.2
1779	774
1780	758.8
1781	886.2
1782	893.7
1783	822.6
1784	877.6
1785	916.9
1786	961.7
1787	1026.3
1788	815.1
1789	913.3
1790	715.6
1791	989.7
1792	960.6
1793	1067
1794	795.4
1795	926.6
1796	991
1797	1126.3
1798	937.5
1799	894
1800	1092.4
1801	980.6
1802	970.4
1803	759.3
1804	907.7
1805	755.5
1806	794.2
1807	864.3
1808	894
1809	992
1810	846.2
1811	1017.2
1812	851.5
1813	830.1
1814	822
1815	970.1
1816	875.8
1817	986.9
1818	899.3
1819	797.9
1820	1079.2
1821	1017.3
1822	970.2
1823	1083.5
1824	881.3
1825	1008.7
1826	1052.9
1827	1015.1
1828	1048.2
1829	920
1830	849
1831	900.3
1832	952.4
1833	861.9
1834	932.4
1835	780
1836	777.1
1837	563.7
1838	892.4
1839	994.2
1840	1019.9
1841	828.1
1842	861.7
1843	1095
1844	1064.8
1845	904
1846	542.2
1847	857.7
1848	1150.7
1849	1008
1850	979.4
1851	881.1
1852	1026.1
1853	923.1
1854	960.5
1855	916.4
1856	838.1
1857	934.5
1858	901.3
1859	973.8
1860	1026.7
1861	920.1
1862	860.7
1863	833.5
1864	920.9
1865	1075.3
1866	1141
1867	924
1868	945.4
1869	1096.4
1870	624.7
1871	936.8
1872	889.3
1873	909.3
1874	1120.8
1875	942.1
1876	1071.1
1877	934
1878	799.6
1879	1165.2
1880	1156.9
1881	1042.5
1882	865.8
1883	1130.1
1884	928.7
1885	912.7
1886	1037.8
1887	908
1888	1029.2
1889	831.2
1890	1168.3
1891	587.9
1892	1001.3
1893	941.2
1894	913.6
1895	976.3
1896	898.5
1897	912.8
1898	1044.4
1899	904.5
1900	943
1901	1163.1
1902	900.7
1903	1047.9
1904	978.8
1905	977.1
1906	861.6
1907	548.1
1908	884.5
1909	543.8
1910	447.1
1911	1038.7
1912	915.1
1913	765.8
1914	958.6
1915	853.5
1916	899.6
1917	935.6
1918	922
1919	871.4
1920	853
1921	1091.8
1922	612.1
1923	786.6
1924	844.7
1925	1046.2
1926	887.2
1927	1067.4
1928	897.4
1929	354.9
1930	938.6
1931	517.1
1932	912.9
1933	926
1934	109.1
1935	929.1
1936	1107.5
1937	583.9
1938	1072.2
1939	1078.6
1940	893.3
1941	952.6
1942	106.8
1943	609.9
1944	1054.2
1945	393.7
1946	629.6
1947	616
1948	324
1949	917.4
1950	0
1951	936.7
1952	695.3
1953	118.2
1954	615.4
1955	65.2
1956	1027.1
1957	1115.2
1958	902.4
1959	113.2
1960	939.6
1961	114.1
1962	904
1963	591.4
1964	604.9
1965	854
1966	0
1967	468.7
1968	69.8
1969	895.8
1970	1089.9
1971	912.7
1972	618.9
1973	604.7
1974	1083.1
1975	103.2
1976	61.5
1977	635.3
1978	1045
1979	0
1980	654.7
1981	1045.3
1982	0
1983	896.9
1984	849.2
1985	120.6
1986	66.7
1987	1037.6
1988	92.2
1989	0
1990	0
1991	629.5
1992	945.5
1993	111.1
1994	1132.4
1995	1034.6
1996	594.3
1997	55
1998	1145.4
1999	957.3
2000	143.8
2001	931.1
2002	58.7
2003	65.2
2004	604
2005	600.5
2006	107.9
2007	876.4
2008	200.9
2009	951.1
2010	52.7
2011	0
2012	603
2013	64
2014	0
2015	59.4
2016	597.7
2017	965.4
2018	237.4
2019	607.7
2020	616.6
2021	226
2022	218.4
2023	620.1
2024	0
2025	1159.9
2026	562.8
2027	71.7
2028	1106
2029	971.5
2030	867
2031	63.2
2032	144.5
2033	855.1
2034	974.7
2035	62.9
2036	0
2037	972.8
2038	0
2039	582.8
2040	596.1
2041	0
2042	191.8
2043	933.2
2044	1062.3
2045	808.2
2046	601.8
2047	86.5
2048	608.9
2049	941.8
2050	1009.4
2051	218.5
2052	836.5
2053	199
2054	77
2055	68.6
2056	996.4
2057	148
2058	0
2059	580.7
2060	203.7
2061	149.6
2062	1150.7
2063	587.4
2064	191.3
2065	624.7
2066	909.3
2067	242.9
2068	898.4
2069	1023.1
2070	180.3
2071	193.4
2072	958
2073	71.1
2074	974.4
2075	964.7
2076	0
2077	536
2078	926.4
2079	601.3
2080	595.5
2081	952.4
2082	802.2
2083	211.4
2084	903.1
2085	966.2
2086	810.8
2087	613.5
2088	1102.6
2089	606.5
2090	1021.4
2091	772.4
2092	703.4
2093	915.8
2094	609.9
2095	188.2
2096	542
2097	178.4
2098	951.4
2099	51.7
2100	935.3
2101	919.1
2102	908.1
2103	520.1
2104	433.5
2105	768.6
2106	583.2
2107	643.3
2108	953.4
2109	912.6
2110	872.2
2111	463.5
2112	0
2113	843.6
2114	587.1
2115	980.7
2116	1008.8
2117	845.7
2118	55.5
2119	38.9
2120	1034.1
2121	166.1
2122	909.6
2123	639.1
2124	1028.5
2125	680
2126	866.1
2127	142.9
2128	578.2
2129	439.9
2130	632.7
2131	866.1
2132	947.1
2133	539.5
2134	868.9
2135	30.8
2136	1125.2
2137	176.4
2138	40
2139	1025.9
2140	437.4
2141	1084.7
2142	136.2
2143	517.2
2144	867.1
2145	1044.1
2146	179.7
2147	181.8
2148	910.3
2149	595.8
2150	488.3
2151	528.1
2152	909.1
2153	1203.9
2154	924.4
2155	435.7
2156	478.9
2157	557.5
2158	177.3
2159	158.5
2160	1229
2161	487.2
2162	933.4
2163	1037.6
2164	565.9
2165	183.9
2166	410.1
2167	425.1
2168	623.3
2169	896.2
2170	485
2171	636.8
2172	496.9
2173	620.1
2174	444.6
2175	18.5
2176	554.8
2177	1131.8
2178	41.7
2179	524.9
2180	387
2181	1273.5
2182	613.8
2183	521.1
2184	428.9
2185	1053.7
2186	19.3
2187	167.3
2188	373.2
2189	511.7
2190	181.7
2191	545.7
2192	383.1
2193	465.8
2194	986.5
2195	180.3
2196	452.9
2197	1218.7
2198	363.1
2199	1227.5
2200	436.7
2201	15.2
2202	173.3
2203	573.3
2204	395.9
2205	641.5
2206	460.4
2207	175
2208	164.1
2209	579.8
2210	1189.6
2211	586.5
2212	868
2213	986.4
2214	460.2
2215	430.1
2216	150.8
2217	515
2218	420.8
2219	1216.3
2220	157.2
2221	334.9
2222	1181.2
2223	373.6
2224	568.6
2225	514.2
2226	159.4
2227	1265.1
2228	509.1
2229	568.1
2230	885.5
2231	367.5
2232	567.9
2233	466.4
2234	1191.9
2235	514
2236	523.9
2237	570.1
2238	556.3
2239	159.8
2240	550.2
2241	552.9
2242	546
2243	589.7
2244	557.2
2245	1259.8
2246	398.7
2247	597.2
2248	1251.4
2249	592
2250	419.6
2251	152.8
2252	1082.6
2253	553.2
2254	166.3
2255	588.8
2256	1116.3
2257	177.7
2258	437.6
2259	1233.1
2260	523.8
2261	516.7
2262	489.6
2263	1309.1
2264	1299.3
2265	1230.8
2266	538.5
2267	575.8
2268	909.6
2269	172.5
2270	797.5
2271	1034.8
2272	504.8
2273	178.8
2274	792.2
2275	1019.7
2276	220.5
2277	560.1
2278	745.8
2279	495
2280	543.3
2281	833.4
2282	1334.5
2283	224.6
2284	757.4
2285	1231.5
2286	967.3
2287	149.8
2288	1097.7
2289	508.4
2290	531.5
2291	500.4
2292	1238.2
2293	204.9
2294	214.6
2295	1056.7
2296	1052
2297	1309.9
2298	491.4
2299	152.8
2300	523
2301	777
2302	574.8
2303	556.6
2304	548.9
2305	493.9
2306	1119.1
2307	1158.2
2308	558.6
2309	898.9
2310	1274.2
2311	945.4
2312	800.7
2313	750.6
2314	581
2315	981.2
2316	473.3
2317	1249.9
2318	433.7
2319	471.2
2320	1083.8
2321	1153.7
2322	627.5
2323	588.5
2324	1239.9
2325	1064.1
2326	894.9
2327	551.8
2328	1206.8
2329	581.7
2330	1030.4
2331	897.9
2332	242.9
2333	767.7
2334	1072.7
2335	1019
2336	903.6
2337	832.8
2338	261.7
2339	225.2
2340	1234.1
2341	942.3
2342	1006.3
2343	228.5
2344	803.7
2345	251.7
2346	969.5
2347	570.2
2348	807.4
2349	914.1
2350	817.5
2351	1010.6
2352	628.4
2353	950.8
2354	875.8
2355	1173.4
2356	986.1
2357	894.5
2358	183.1
2359	1195.9
2360	1010.4
2361	1028.2
2362	214.3
2363	1218.5
2364	1030.1
2365	993.4
2366	1018.5
2367	902.2
2368	993.4
2369	157.3
2370	1235.9
2371	849.4
2372	916.9
2373	930.3
2374	147.9
2375	870.6
2376	996
2377	950.1
2378	986.9
2379	977.9
2380	950.4
2381	910
2382	1191.4
2383	989.1
2384	905.7
2385	748
2386	646
2387	648.4
2388	945.9
2389	1195.6
2390	899.8
2391	867.7
2392	1220.7
2393	971.3
2394	1223.7
2395	154.3
2396	954
2397	881.6
2398	730.6
2399	964
2400	904.2
2401	916.8
2402	1235.3
2403	902.3
2404	124.8
2405	888.5
2406	860.3
2407	1021.5
2408	895.4
2409	874.2
2410	956.4
2411	979.1
2412	964.1
2413	869.3
2414	127.8
2415	991
2416	878.7
2417	899.9
2418	924.3
2419	908.9
2420	1168.2
2421	1027.2
2422	1042.6
2423	852.8
2424	938.2
2425	122.8
2426	1007.9
2427	889.7
2428	1220.4
2429	1003.6
2430	935
2431	932.1
2432	897.7
2433	1226.7
2434	134
2435	951.1
2436	888.6
2437	113.2
2438	908.4
2439	551.2
2440	912.3
2441	1027.4
2442	854.7
2443	910.1
2444	1165.2
2445	930.2
2446	134.1
2447	968.2
2448	567.7
2449	959.5
2450	991.4
2451	890.3
2452	899.6
2453	537.8
2454	1091.7
2455	987.3
2456	574.7
2457	977.6
2458	934.3
2459	976.3
2460	105.1
2461	577.5
2462	524.1
2463	125.4
2464	560.2
2465	1029.5
2466	1078.1
2467	757.3
2468	885.5
2469	987.8
2470	573.8
2471	935.2
2472	1034
2473	129.6
2474	547.1
2475	942.1
2476	651
2477	918.2
2478	908.9
2479	628.4
2480	971.7
2481	473.9
2482	98.8
2483	641.9
2484	973.3
2485	918.9
2486	906.5
2487	1150.8
2488	933.8
2489	541.5
2490	1155.8
2491	116.6
2492	1005.9
2493	644.7
2494	909.3
2495	895.9
2496	103.9
2497	846.1
2498	880
2499	99.5
2500	1003.4
2501	903
2502	892.4
2503	641.8
2504	465.7
2505	911.8
2506	910
2507	1127.6
2508	497.3
2509	652.1
2510	488.4
2511	0
2512	923.2
2513	904.6
2514	872.5
2515	877.8
2516	966.6
2517	151.4
2518	326.3
2519	918
2520	1029
2521	866.1
2522	0
2523	142.8
2524	1104.9
2525	326.7
2526	871.2
2527	860.8
2528	842.9
2529	880.4
2530	824.8
2531	841.1
2532	846.9
2533	1038.8
2534	338.3
2535	858
2536	1042.1
2537	350.8
2538	0
2539	1156.1
2540	1037.4
2541	1084.1
2542	952.5
2543	888.6
2544	376.6
2545	1002.7
2546	470
2547	921.4
2548	1019.9
2549	928.4
2550	1103.7
2551	152.9
2552	1161.5
2553	808.9
2554	1061.5
2555	887
2556	894.7
2557	931.1
2558	877.5
2559	818.9
2560	0
2561	850.6
2562	1175
2563	1006.2
2564	1065.3
2565	1042.6
2566	159.9
2567	970.2
2568	0
2569	909.7
2570	321.1
2571	179.6
2572	975.5
2573	472.3
2574	949
2575	382.9
2576	901.9
2577	840.4
2578	926.9
2579	874.7
2580	965.3
2581	1061.8
2582	1182.9
2583	1036.9
2584	1089.6
2585	0
2586	1147.7
2587	870.4
2588	935.9
2589	893.7
2590	892.3
2591	901.6
2592	827.5
2593	764.4
2594	305.4
2595	1052.5
2596	0
2597	876.1
2598	1174.4
2599	943.2
2600	850.1
2601	849.5
2602	1053.3
2603	790.1
2604	1175.8
2605	969.8
2606	427.7
2607	0
2608	740
2609	1041.7
2610	461.3
2611	1013
2612	797.3
2613	866.6
2614	1081.5
2615	208.1
2616	1007.6
2617	0
2618	1003.1
2619	1046.1
2620	1160.8
2621	278.8
2622	904.1
2623	0
2624	810.7
2625	1128.3
2626	245.1
2627	956
2628	197.6
2629	1069.9
2630	888.9
2631	802.1
2632	0
2633	883.3
2634	910.5
2635	799.9
2636	1025.7
2637	1011.1
2638	360
2639	798.8
2640	747.5
2641	411.3
2642	0
2643	1177.1
2644	452
2645	1167.4
2646	748.7
2647	291.8
2648	955.1
2649	432.8
2650	0
2651	987.9
2652	460.9
2653	918.7
2654	472.7
2655	797.5
2656	1015.4
2657	272
2658	819.1
2659	1020.2
2660	0
2661	363.3
2662	1147.3
2663	447.8
2664	808.8
2665	454.9
2666	409.7
2667	230
2668	383.3
2669	897.3
2670	1144.9
2671	990
2672	955.9
2673	400.5
2674	247
2675	443.9
2676	131.3
2677	1148.3
2678	1054.7
2679	474
2680	395.6
2681	374.3
2682	373.3
2683	864.1
2684	812.5
2685	916.8
2686	1027
2687	968.1
2688	352.3
2689	364.1
2690	415.8
2691	367.3
2692	105.4
2693	426.1
2694	798.5
2695	1028.2
2696	886.7
2697	1032.3
2698	1092.7
2699	23.7
2700	934.3
2701	181
2702	412.4
2703	757
2704	667.5
2705	802.5
2706	402.2
2707	13.2
2708	390.5
2709	359.3
2710	403
2711	400.8
2712	936.4
2713	963.8
2714	423.9
2715	686.4
2716	399.2
2717	367
2718	692.9
2719	801.6
2720	368.1
2721	816.8
2722	379.2
2723	970.3
2724	67.9
2725	380.7
2726	903.6
2727	922.8
2728	706.5
2729	914.2
2730	389.1
2731	944
2732	391.3
2733	391.7
2734	399
2735	760.7
2736	47.4
2737	811.7
2738	363.7
2739	840.1
2740	372.9
2741	373.2
2742	387.2
2743	818
2744	747.4
2745	320
2746	59.6
2747	693.7
2748	999.3
2749	874.5
2750	383.2
2751	441.4
2752	899.3
2753	741.3
2754	394.8
2755	366
2756	745.1
2757	860.9
2758	432.2
2759	753.2
2760	797.4
2761	710.8
2762	757.1
2763	56.2
2764	417.9
2765	374.1
2766	372.3
2767	67
2768	362.5
2769	789.9
2770	799.4
2771	401.5
2772	387.8
2773	213
2774	459.8
2775	400.8
2776	797.5
2777	367.3
2778	408.5
2779	814
2780	124
2781	892.6
2782	330.3
2783	734.2
2784	758.7
2785	67.2
2786	76.7
2787	380.2
2788	756
2789	409.8
2790	937
2791	380.6
2792	410.6
2793	426
2794	803.1
2795	744.3
2796	358.7
2797	457.4
2798	369.8
2799	868.5
2800	410.6
2801	429.1
2802	411.6
2803	742.7
2804	140.5
2805	412.4
2806	859.8
2807	441
2808	405
2809	425
2810	54
2811	420.3
2812	350
2813	394.7
2814	899.5
2815	423.9
2816	732.6
2817	812.6
2818	401.5
2819	922
2820	439.5
2821	380.1
2822	794.7
2823	419.7
2824	50.3
2825	858.9
2826	64.3
2827	108.4
2828	362
2829	79.6
2830	867
2831	802.8
2832	788.1
2833	781.1
2834	427
2835	400.1
2836	930.5
2837	735.2
2838	410.5
2839	370
2840	445
2841	807.8
2842	359.9
2843	884.7
2844	200.2
2845	842.6
2846	51.6
2847	427.8
2848	413.8
2849	373.3
2850	412
2851	348
2852	911.8
2853	922.4
2854	442.8
2855	974.9
2856	383
2857	893.6
2858	418.4
2859	837.9
2860	904.6
2861	785.4
2862	368.8
2863	229.1
2864	379.2
2865	822.8
2866	412.5
2867	883.4
2868	296
2869	413.9
2870	837.2
2871	413.4
2872	410.3
2873	439.8
2874	66.4
2875	894
2876	56.4
2877	897.2
2878	1004.9
2879	216.8
2880	957.4
2881	920
2882	846.5
2883	969.9
2884	401
2885	303.5
2886	415.2
2887	246.7
2888	64.2
2889	73.6
2890	77.5
2891	822.2
2892	400.2
2893	422.9
2894	420.2
2895	422.3
2896	64.6
2897	439.9
2898	839.1
2899	436.9
2900	375.1
2901	231.8
2902	916.2
2903	438.9
2904	177.2
2905	974.6
2906	411.8
2907	342.2
2908	878.6
2909	440.2
2910	930.9
2911	442.1
2912	905.2
2913	437.5
2914	906.5
2915	258.5
2916	434
2917	71.5
2918	440.9
2919	201
2920	239.8
2921	804.5
2922	911.8
2923	898.1
2924	404.1
2925	834.5
2926	354.8
2927	192.9
2928	407.6
2929	325.4
2930	449.7
2931	1000.3
2932	428.6
2933	945.7
2934	164.7
2935	866.6
2936	185.5
2937	865.3
2938	218.8
2939	892.8
2940	179.6
2941	849.4
2942	204
2943	432.4
2944	180.4
2945	908.3
2946	814.3
2947	445.2
2948	1000.1
2949	844.4
2950	901.7
2951	459.1
2952	927.4
2953	429
2954	785.7
2955	445.7
2956	430.9
2957	385.7
2958	1010.9
2959	281.3
2960	823.6
2961	894
2962	868.4
2963	409.9
2964	434.9
2965	873.1
2966	467.7
2967	457.3
2968	861
2969	249.1
2970	180
2971	825
2972	402.1
2973	152.8
2974	883
2975	1097.6
2976	408.8
2977	428.4
2978	421.6
2979	948
2980	919.3
2981	835.3
2982	419.8
2983	935.4
2984	904.5
2985	755.9
2986	933.6
2987	891.9
2988	927.9
2989	172.6
2990	828.7
2991	1111.7
2992	435.2
2993	883.2
2994	952.7
2995	965.7
2996	456
2997	415.3
2998	838.5
2999	419.1
3000	855.8
3001	323
3002	913
3003	878.4
3004	349.7
3005	406.3
3006	938.3
3007	781.4
3008	1014.9
3009	330.7
3010	162.4
3011	917.6
3012	452.6
3013	932.9
3014	819.1
3015	287.1
3016	959.6
3017	1056.2
3018	839.3
3019	274.1
3020	879.8
3021	325.5
3022	310.8
3023	345.4
3024	945.4
3025	817.8
3026	985
3027	1005.9
3028	884.6
3029	1046.7
3030	211.1
3031	414
3032	432.7
3033	271.7
3034	427.3
3035	843.4
3036	208.1
3037	400.3
3038	284.8
3039	918.3
3040	1108.6
3041	920.4
3042	965.5
3043	1138.9
3044	875.4
3045	1091.6
3046	235.4
3047	273.1
3048	1085.2
3049	885.2
3050	1069.8
3051	981.1
3052	990.6
3053	1136.9
3054	866.3
3055	914.5
3056	1164.8
3057	264.1
3058	1205.3
3059	957.5
3060	261.6
3061	332.4
3062	308.7
3063	1050.1
3064	1160.3
3065	310.6
3066	1016
3067	293.8
3068	977
3069	306.6
3070	985.6
3071	411.8
3072	951.4
3073	154.8
3074	1137.6
3075	383.5
3076	414.3
3077	1015.4
3078	906.9
3079	1098.4
3080	1131.1
3081	240.7
3082	317.8
3083	1124
3084	276.9
3085	982.5
3086	992.9
3087	1198.2
3088	1063.2
3089	1162.9
3090	1007
3091	300.7
3092	212.7
3093	421.2
3094	176.8
3095	256.8
3096	1071.9
3097	199.7
3098	1176.5
3099	227.2
3100	1064.8
3101	117.2
3102	367.9
3103	1167.5
3104	1195.3
3105	298
3106	1190.4
3107	1143.3
3108	260.8
3109	377.7
3110	217.9
3111	1273.2
3112	110.8
3113	1246.8
3114	317.1
3115	306.5
3116	369.7
3117	283.5
3118	1092.6
3119	1054.1
3120	114.3
3121	1054
3122	166.8
3123	1164.1
3124	250.6
3125	455.2
3126	147.7
3127	115.4
3128	248.4
3129	233.8
3130	275.2
3131	1054.9
3132	1128
3133	1239.7
3134	1235.5
3135	198.6
3136	1223.7
3137	154.1
3138	250.8
3139	1060.9
3140	1027.1
3141	305.2
3142	1089.9
3143	1061.2
3144	285.7
3145	132
3146	213.4
3147	145.2
3148	382.3
3149	242.8
3150	140.4
3151	189.2
3152	1052
3153	1161.2
3154	1081.3
3155	0.1
3156	887.1
3157	857.3
3158	137.1
3159	1093
3160	142.7
3161	183.5
3162	1068.3
3163	223.5
3164	196.8
3165	30.2
3166	1058.3
3167	32.6
3168	1087.9
3169	238.3
3170	1179.1
3171	305.7
3172	1069.6
3173	200.3
3174	0.1
3175	1126.1
3176	283.8
3177	240.2
3178	261.1
3179	260.6
3180	181.2
3181	28.4
3182	1148.2
3183	1182.9
3184	190.5
3185	187
3186	918
3187	949.2
3188	0.1
3189	855.8
3190	302.4
3191	280.5
3192	0.1
3193	415.3
3194	1177.2
3195	1075.2
3196	202.5
3197	30
3198	24
3199	1024.9
3200	229.8
3201	245.9
3202	1049
3203	1204.7
3204	32.6
3205	171.5
3206	240.8
3207	484.4
3208	234.4
3209	431.9
3210	183.7
3211	188.1
3212	1024.1
3213	250.9
3214	223.3
3215	223.1
3216	234.7
3217	284.7
3218	170.7
3219	177.4
3220	27.5
3221	270.8
3222	182.8
3223	269.6
3224	1057.9
3225	273.2
3226	1058.8
3227	264.6
3228	374.3
3229	504.5
3230	33.8
3231	404.6
3232	281.8
3233	245.3
3234	1049.2
3235	1070.8
3236	179.8
3237	212.4
3238	187.9
3239	451.3
3240	43.7
3241	774.4
3242	441.2
3243	178.4
3244	427.9
3245	275.8
3246	310.4
3247	405.8
3248	247.2
3249	289.1
3250	37.6
3251	1185.1
3252	1032.4
3253	393.1
3254	168.7
3255	229.2
3256	323.8
3257	172.2
3258	469.2
3259	813.7
3260	284.6
3261	486.6
3262	175
3263	246.8
3264	225.5
3265	247.3
3266	414.9
3267	872.2
3268	168.6
3269	989.5
3270	405.1
3271	208.4
3272	950.4
3273	214.2
3274	1005.2
3275	416.8
3276	343.9
3277	418
3278	978.7
3279	242.3
3280	243.2
3281	303.5
3282	217.6
3283	147.9
3284	433.8
3285	202.7
3286	1012.5
3287	237.9
3288	577.3
3289	468.9
3290	341.6
3291	961.6
3292	275.2
3293	549.9
3294	585.8
3295	273.2
3296	240.1
3297	229.5
3298	766.5
3299	302
3300	854.3
3301	360
3302	291.7
3303	986.4
3304	640.2
3305	175.7
3306	502.3
3307	250.9
3308	947.3
3309	401.3
3310	324.4
3311	304.4
3312	620.6
3313	316.2
3314	213.3
3315	483.4
3316	840.8
3317	234.9
3318	120.3
3319	195.7
3320	309.3
3321	440.2
3322	235.9
3323	540.2
3324	502
3325	311
3326	420.1
3327	180.8
3328	258.3
3329	293.1
3330	732.9
3331	291.6
3332	285
3333	305.8
3334	255.3
3335	852.2
3336	438.2
3337	170.5
3338	268.7
3339	225.8
3340	236.6
3341	826.3
3342	430.9
3343	265.6
3344	316.4
3345	177.7
3346	225.1
3347	437.5
3348	171.6
3349	439.7
3350	138.5
3351	239.8
3352	141.3
3353	278.4
3354	493.5
3355	299.8
3356	313.5
3357	475.9
3358	237.4
3359	290.1
3360	144.4
3361	306.6
3362	438.6
3363	685.8
3364	504.5
3365	281.6
3366	283.8
3367	304.9
3368	249
3369	248.9
3370	503.4
3371	307.6
3372	272.8
3373	291.3
3374	282.3
3375	452.1
3376	283.3
3377	414.5
3378	427.7
3379	455.3
3380	292.9
3381	301.7
3382	431
3383	310.3
3384	295.8
3385	306
3386	295.7
3387	456.6
3388	441.6
3389	326.2
3390	326.5
3391	319.1
3392	329.9
3393	469.3
3394	347.9
3395	317.6
3396	330.1
3397	342.7
3398	282.4
3399	246.7
3400	828.7
3401	815.8
3402	746.9
3403	797.5
3404	1046.1
3405	1060.3
3406	1152.3
3407	853.1
3408	1137.1
3409	923.2
3410	154.6
3411	173.9
3412	1003.1
3413	967.8
3414	1031
3415	849.8
3416	729.4
3417	987.6
3418	925.9
3419	851.9
3420	765.8
3421	835
3422	924.6
3423	872.9
3424	1018.2
3425	1089.8
3426	942.1
3427	755.7
3428	464.1
3429	1165.2
3430	426.1
3431	859.2
3432	1157.8
3433	963.5
3434	1035.4
3435	706.8
3436	858
3437	923.6
3438	737.3
3439	704.8
3440	949.3
3441	1055.5
3442	736.1
3443	911.6
3444	871.2
3445	655.4
3446	771.8
3447	722
3448	729.9
3449	962.6
3450	764.3
3451	1012.6
3452	978.5
3453	1020.8
3454	884.3
3455	880.9
3456	122.2
3457	921
3458	772.5
3459	744.9
3460	1031.1
3461	121.1
3462	940.9
3463	1029.3
3464	736.5
3465	767
3466	829.5
3467	899.5
3468	938.9
3469	850.6
3470	834.1
3471	1032.4
3472	677.8
3473	894.4
3474	1018.7
3475	905.7
3476	918.1
3477	1002
3478	937.8
3479	836.1
3480	963.5
3481	987.8
3482	444.6
3483	54.3
3484	976.8
3485	59.4
3486	890
3487	0
3488	84.7
3489	1068.1
3490	998.8
3491	627.9
3492	962.4
3493	50.9
3494	936.4
3495	1154.8
3496	154.2
3497	371.9
3498	398
3499	1091.6
3500	540.9
3501	181.7
3502	167.4
3503	405.8
3504	457.9
3505	932.4
3506	1193.6
3507	442.7
3508	1143.9
3509	225.8
3510	560.7
3511	1170.2
3512	945
3513	237.5
3514	901.4
3515	1224.8
3516	948
3517	827.8
3518	902.6
3519	924.2
3520	1022.4
3521	1035.3
3522	553.4
3523	952.9
3524	908.2
3525	942.9
3526	155.2
3527	913.1
3528	1055.8
3529	830.9
3530	807.4
3531	1172.7
3532	360.3
3533	1043
3534	1042.7
3535	956.9
3536	377.8
3537	75.7
3538	1022.6
3539	397.1
3540	453.8
3541	397.2
3542	400.8
3543	409.9
3544	358.9
3545	440.6
3546	367.6
3547	364.2
3548	418.9
3549	977.2
3550	917.2
3551	926.5
3552	364.2
3553	381
3554	944.6
3555	424.8
3556	885.6
3557	172.8
3558	429.7
3559	136.8
3560	411
3561	846.2
3562	259
3563	1092
3564	300.8
3565	323.4
3566	253.5
3567	1029.7
3568	1198.5
3569	967.6
3570	1107.7
3571	1129.7
3572	268.4
3573	1190.9
3574	380.9
3575	322
3576	1042.4
3577	1214.8
3578	176.3
3579	263
3580	264
3581	263.5
3582	179.2
3583	215.8
3584	1080.5
3585	281.2
3586	1062
3587	255.5
3588	435.8
3589	245.7
3590	252.4
3591	155.3
3592	308.2
3593	403.6
3594	303.5
