"COMID"	"Value"
1	101.3
2	4.2
3	89.6
4	84.9
5	39.4
6	2.8
7	78
8	6.8
9	0.4
10	0.7
11	77.1
12	0.4
13	0
14	91.1
15	10.5
16	4.4
17	73.6
18	39.6
19	90.9
20	89.6
21	33.7
22	109.3
23	0.2
24	0.2
25	49.8
26	51
27	40.5
28	37.9
29	3.1
30	8.7
31	93.4
32	34.8
33	92
34	0.2
35	48.9
36	0.9
37	61
38	0.7
39	0.1
40	1.5
41	79.2
42	30.2
43	1.5
44	42.2
45	9.3
46	0
47	3.8
48	93.9
49	47.7
50	9.2
51	0.1
52	0.3
53	0.8
54	107.1
55	92.7
56	79.2
57	1.3
58	0.1
59	17.1
60	0.2
61	0.4
62	0.4
63	69.5
64	27.2
65	0.3
66	14.5
67	75.7
68	2.8
69	18.7
70	4.7
71	1.8
72	52.1
73	0.2
74	39.1
75	4.8
76	3.8
77	21
78	11.7
79	77.6
80	2.8
81	25.9
82	7.7
83	40.1
84	0.3
85	46.1
86	5.7
87	0.2
88	0.2
89	6.8
90	25.2
91	16.8
92	74.3
93	49.4
94	0.7
95	77.5
96	1.5
97	75.3
98	0.2
99	10.2
100	76.2
101	36.1
102	34.9
103	0.2
104	10.2
105	2.5
106	76.7
107	6.2
108	0.8
109	1.3
110	1.1
111	1.4
112	85.2
113	2.5
114	82.8
115	20.6
116	6.9
117	52
118	41.7
119	0
120	7.6
121	0.1
122	31
123	1.5
124	32.5
125	16.9
126	70
127	27.8
128	57.4
129	0.2
130	7
131	1
132	2
133	53.4
134	21
135	41.5
136	12.7
137	62.1
138	1.7
139	1.2
140	14.3
141	15.8
142	2.7
143	0.1
144	2.7
145	1.3
146	45.3
147	66.1
148	64.7
149	45.6
150	57.1
151	11
152	34
153	1
154	34.9
155	1.3
156	3.8
157	62
158	2.2
159	0.9
160	42.2
161	2.3
162	1.2
163	0.3
164	4
165	0
166	0.9
167	48.1
168	0.1
169	56.8
170	22.8
171	10.3
172	3.1
173	3.8
174	0.9
175	0.4
176	90.2
177	0.5
178	15.7
179	35.5
180	0.6
181	0.5
182	7.7
183	4
184	0.4
185	1.1
186	13.1
187	9.6
188	0.6
189	0.6
190	15.8
191	0.5
192	25.6
193	1.3
194	106.8
195	9.1
196	0.4
197	0.6
198	0.5
199	35.3
200	0.4
201	0.4
202	1.3
203	0.5
204	0.2
205	1.4
206	24.6
207	11.3
208	93.4
209	41.6
210	9
211	63.4
212	57.6
213	40.4
214	0.9
215	51.4
216	18.1
217	0.3
218	2.7
219	3.5
220	0.3
221	0.1
222	57.1
223	83.1
224	0.5
225	7
226	53.2
227	3.6
228	52.9
229	0.2
230	14.9
231	1.8
232	19.5
233	71.5
234	0.1
235	4.9
236	38.5
237	0.4
238	5.7
239	44.6
240	20.8
241	45.3
242	0.2
243	0
244	70.7
245	51.2
246	56.7
247	3.6
248	2.5
249	0.1
250	67.1
251	42.9
252	34.5
253	20.8
254	1
255	0.4
256	18.2
257	0.8
258	12.8
259	3.4
260	1.9
261	50.3
262	36.3
263	7.1
264	0.3
265	0.2
266	45.5
267	63.2
268	20.6
269	68.3
270	0.1
271	9.7
272	37.4
273	51.9
274	0
275	34
276	0
277	0.1
278	29.8
279	0.3
280	33.4
281	36.2
282	49.8
283	0.2
284	21.6
285	0.3
286	30
287	35.8
288	6.5
289	0.3
290	0
291	9.8
292	8.2
293	0.1
294	23
295	0
296	38.1
297	47.6
298	0.1
299	1.3
300	46.2
301	0.2
302	51.6
303	24.9
304	6.2
305	43.6
306	18.8
307	42.9
308	5
309	1.2
310	16.8
311	44.6
312	34.8
313	26
314	7.2
315	0.3
316	0.3
317	0.1
318	18.9
319	0.1
320	35
321	0.2
322	15
323	36.2
324	1.1
325	0.1
326	14.6
327	0.9
328	0.9
329	0.3
330	0.4
331	0.8
332	0.3
333	0.8
334	0.5
335	2.2
336	0.7
337	0.1
338	0.8
339	5
340	2.7
341	0.8
342	0.1
343	1
344	8.7
345	5.4
346	0.3
347	1
348	17.7
349	8.2
350	0.9
351	1.2
352	0.6
353	10.2
354	4.4
355	0.1
356	0.8
357	0.5
358	4
359	0.2
360	3.1
361	0.7
362	2.7
363	2.4
364	0.2
365	2.9
366	3.6
367	0.1
368	85.1
369	0.1
370	13
371	0.1
372	0.2
373	4.5
374	0.1
375	29.6
376	0
377	14.4
378	5
379	0.1
380	13.6
381	0
382	0.1
383	12
384	0.1
385	0.5
386	0.1
387	98.8
388	0.5
389	0.7
390	88.9
391	0.6
392	1.6
393	0.6
394	1.1
395	0.2
396	0.7
397	0.6
398	0.1
399	1.7
400	0.2
401	22.2
402	0.4
403	0.5
404	0.1
405	0.3
406	56.8
407	0.8
408	0.1
409	0.2
410	24.3
411	10.4
412	0.3
413	69.9
414	0.3
415	0.9
416	0.1
417	0.3
418	0.2
419	9.1
420	0.2
421	0.5
422	1.5
423	40.4
424	47
425	156.2
426	0.6
427	21.6
428	48.9
429	3.2
430	16.5
431	0.6
432	1.6
433	115.9
434	4.5
435	0.2
436	38.3
437	1.1
438	247.2
439	0.3
440	4.5
441	17.6
442	0.1
443	41.5
444	3.7
445	456
446	0.2
447	449.8
448	339.6
449	0.1
450	10.4
451	0.4
452	105.3
453	0.5
454	0.3
455	8.7
456	0
457	21.5
458	81.2
459	37.7
460	4.1
461	55
462	125.5
463	5.3
464	5.4
465	82.2
466	0.9
467	14.3
468	0.6
469	4.2
470	0.8
471	3.3
472	5.9
473	7.3
474	0.1
475	4.8
476	0.1
477	127.7
478	0.6
479	8.1
480	15.1
481	0.4
482	0.2
483	43
484	0.5
485	1.5
486	1.8
487	5.9
488	4.9
489	0.1
490	2.7
491	9.3
492	27.6
493	0.2
494	43.3
495	2.6
496	0.1
497	10.6
498	3
499	0.5
500	5.2
501	2
502	47.4
503	0.1
504	0.4
505	1.8
506	6.8
507	14.6
508	2.1
509	4.7
510	2.1
511	23.5
512	33.8
513	0.1
514	3
515	0.3
516	1.1
517	14.9
518	1.8
519	4.4
520	8.6
521	1.2
522	0.4
523	0.2
524	35.5
525	1.1
526	5.5
527	1.4
528	0.1
529	0.8
530	37.8
531	24.3
532	55.8
533	1.5
534	0.2
535	39.8
536	30.8
537	5.7
538	1.5
539	0.1
540	0.3
541	14.2
542	26.3
543	0.4
544	0.8
545	7.2
546	30.5
547	0
548	5.1
549	12
550	0
551	13.1
552	0
553	9.8
554	0.3
555	0.2
556	0
557	3.8
558	8
559	23.7
560	19.8
561	14.9
562	37.8
563	0.9
564	7.3
565	24.4
566	31.1
567	0.3
568	26.6
569	8.2
570	0.2
571	16.3
572	13
573	3.2
574	0
575	0.2
576	18.2
577	2.8
578	21.6
579	42.9
580	18.7
581	2.8
582	0
583	0
584	0
585	24.7
586	0
587	21.7
588	0
589	23.2
590	0.4
591	0
592	58.2
593	15.2
594	7.2
595	0
596	0
597	0.2
598	0.7
599	23.7
600	3.8
601	0.8
602	0.3
603	180.8
604	0
605	1.4
606	0
607	0.1
608	2.1
609	4.9
610	0
611	1.2
612	4.9
613	0.1
614	133.2
615	0.4
616	2.4
617	31.8
618	122.7
619	13
620	6.2
621	0
622	145.5
623	145
624	134.3
625	0
626	0.1
627	20.1
628	0.4
629	6.2
630	48.9
631	0
632	184.8
633	50.6
634	0.2
635	16.9
636	5.5
637	6.9
638	0.3
639	105.5
640	0.3
641	35
642	1.7
643	111.5
644	7.2
645	166.2
646	47.1
647	0
648	270.5
649	108
650	0
651	60.8
652	0.5
653	0.3
654	0.2
655	0.4
656	0.3
657	115.8
658	1.5
659	104.7
660	11.8
661	0.7
662	59.8
663	101.6
664	0.1
665	0.2
666	0.1
667	2.5
668	49.4
669	4.7
670	0.1
671	0
672	0.1
673	71.6
674	0.2
675	64.6
676	79.6
677	40.6
678	3.4
679	0.2
680	0.1
681	70.2
682	115.4
683	43.1
684	88.6
685	0
686	43.4
687	0.6
688	72
689	0
690	68.8
691	0.6
692	35.9
693	2.8
694	0
695	0.4
696	85.4
697	0.1
698	82.5
699	114.4
700	56
701	0.3
702	86.2
703	50.4
704	108.4
705	53
706	2.8
707	55.1
708	67
709	53.4
710	81.6
711	0.1
712	23.6
713	81.8
714	1
715	74.6
716	2.8
717	221.2
718	72.6
719	74.1
720	42.9
721	0
722	43.4
723	65.3
724	139.3
725	0
726	0.9
727	0
728	67.8
729	0.2
730	78
731	3.7
732	0
733	68.4
734	24
735	24
736	2.9
737	108.5
738	38.3
739	95.4
740	132.9
741	53.4
742	395.2
743	84.8
744	0.3
745	0.4
746	18.7
747	46
748	0
749	85.6
750	0.6
751	22.1
752	89.8
753	44.1
754	60.6
755	78.1
756	27.1
757	58.9
758	102.6
759	0
760	12.2
761	0.1
762	40.2
763	100.2
764	53.6
765	32.4
766	0.8
767	91.4
768	82.2
769	111.2
770	91.5
771	70.9
772	77.2
773	14.2
774	6.1
775	0.5
776	3.4
777	43.4
778	35.8
779	0.3
780	96.6
781	79.6
782	829.2
783	789
784	858.9
785	843.4
786	721.8
787	839.5
788	675.9
789	743.4
790	723.5
791	712.3
792	678.3
793	676.6
794	823.7
795	845.5
796	634.9
797	850.3
798	569.5
799	666.4
800	749.4
801	686.5
802	682.7
803	700.1
804	657.3
805	599.4
806	636.5
807	542.9
808	658.1
809	811.2
810	847.7
811	571.8
812	768.6
813	648.7
814	665.5
815	689
816	569.7
817	611.8
818	754.4
819	858
820	603.5
821	686.3
822	899.9
823	599.2
824	782
825	634.8
826	819.6
827	967.6
828	944.4
829	676.9
830	996.7
831	704.2
832	969.1
833	691.6
834	1067
835	852.4
836	950
837	730.5
838	767.3
839	730.2
840	873.8
841	814.8
842	652.6
843	469.2
844	1081
845	814.5
846	766.1
847	866.4
848	762.4
849	654
850	1088.2
851	1064.4
852	919
853	912.2
854	987.8
855	892.9
856	771.9
857	774.7
858	1063.2
859	733.7
860	657
861	1024.9
862	243.2
863	894.5
864	721.2
865	999.8
866	639.6
867	845.4
868	1089
869	694.7
870	648.5
871	732.7
872	727.3
873	309.4
874	878.3
875	1038.5
876	742.2
877	904.8
878	914.1
879	983.5
880	778.6
881	764.2
882	703.3
883	819.4
884	937.8
885	939.5
886	173
887	680.5
888	718.4
889	923.6
890	722.2
891	790.2
892	687.1
893	763
894	198.6
895	931.8
896	1042.9
897	778.3
898	715.5
899	806.4
900	780.4
901	858.5
902	1070.8
903	1024
904	965.9
905	851.9
906	1058.6
907	734.4
908	682.3
909	953
910	187.4
911	973.7
912	752.7
913	754
914	730.1
915	207.5
916	758.9
917	976.6
918	812.8
919	733.9
920	793.8
921	805.1
922	782.3
923	437.3
924	853.4
925	952.8
926	908.1
927	981.3
928	538
929	722.7
930	714.9
931	968.6
932	585.7
933	856.7
934	178
935	786.7
936	829.4
937	1046.3
938	993.6
939	947.2
940	748.1
941	903.1
942	735.6
943	137.3
944	991.2
945	927.2
946	845.3
947	145.3
948	838.9
949	941.8
950	940
951	694.5
952	757
953	591.7
954	601
955	711.5
956	794.3
957	758.4
958	569.7
959	748.3
960	769.1
961	712.2
962	908.9
963	840.1
964	95.6
965	893.5
966	709.2
967	113.1
968	741.7
969	746.5
970	598.8
971	917.3
972	924.5
973	787.5
974	746.6
975	961.5
976	923
977	903.7
978	595.1
979	710.2
980	935.8
981	851.7
982	808.1
983	896.1
984	917.3
985	912.2
986	886
987	601.8
988	892.7
989	862
990	232.4
991	836.5
992	558.7
993	922.2
994	854.7
995	1031.5
996	874.6
997	894.3
998	618.8
999	865.7
1000	89
1001	597.5
1002	991.9
1003	212.2
1004	840
1005	589.7
1006	939.7
1007	105.1
1008	592.1
1009	470.8
1010	757.2
1011	852
1012	907
1013	591.4
1014	916.6
1015	613.5
1016	139.7
1017	928.2
1018	629.8
1019	588.3
1020	767.6
1021	857.4
1022	785.1
1023	926.2
1024	917.5
1025	688
1026	844.9
1027	840.2
1028	830.7
1029	594.5
1030	801.8
1031	115.3
1032	238.1
1033	807.9
1034	768.2
1035	742.2
1036	847.2
1037	700.3
1038	746.6
1039	551.9
1040	579.1
1041	683
1042	580.1
1043	119.5
1044	504.4
1045	606.2
1046	617.3
1047	889.5
1048	900.1
1049	846.6
1050	130.9
1051	867.1
1052	862
1053	605.4
1054	760
1055	923.3
1056	752.2
1057	797.4
1058	815.4
1059	802.9
1060	783.1
1061	111.2
1062	759.7
1063	871.5
1064	645.9
1065	499.1
1066	889.8
1067	780.8
1068	820.3
1069	684.6
1070	851.6
1071	752.9
1072	705.2
1073	674.2
1074	871.3
1075	555.5
1076	884.2
1077	793
1078	804.5
1079	816.7
1080	597.5
1081	812.6
1082	888.8
1083	729.8
1084	841.6
1085	868.3
1086	843.7
1087	127.3
1088	747.6
1089	543.8
1090	754
1091	863.8
1092	793.2
1093	579.9
1094	652.4
1095	619.7
1096	610.8
1097	840
1098	600.7
1099	551.6
1100	99.2
1101	655.4
1102	755.9
1103	680.8
1104	584.8
1105	630.4
1106	556
1107	733.3
1108	577.1
1109	780.5
1110	739.1
1111	759.3
1112	883.6
1113	816.2
1114	821.2
1115	604.2
1116	547.5
1117	852.6
1118	587.5
1119	594.2
1120	597.9
1121	576.9
1122	576.7
1123	574.9
1124	762.4
1125	575.9
1126	855.2
1127	550.7
1128	865
1129	879.3
1130	594
1131	662.1
1132	841.3
1133	868.5
1134	564.3
1135	730.2
1136	669.4
1137	591.6
1138	566.6
1139	556.3
1140	771
1141	587.3
1142	596.3
1143	878.5
1144	585.6
1145	619
1146	562.3
1147	547.2
1148	838.4
1149	569
1150	536.4
1151	556.7
1152	865.5
1153	837.3
1154	98.6
1155	773
1156	737.9
1157	547.1
1158	778.9
1159	776.6
1160	623
1161	609.3
1162	633.9
1163	597.7
1164	815.8
1165	764.2
1166	856.4
1167	843.1
1168	791.7
1169	858.3
1170	769.1
1171	619.1
1172	808
1173	594.2
1174	891.5
1175	599.9
1176	653.7
1177	754.2
1178	576.6
1179	882.9
1180	602.3
1181	620.5
1182	574.1
1183	629
1184	777.1
1185	845.4
1186	779
1187	542.5
1188	569.4
1189	644.1
1190	576.2
1191	813.8
1192	560.5
1193	800.3
1194	598.8
1195	835.7
1196	583.2
1197	751.3
1198	657.6
1199	872.6
1200	231.2
1201	611.4
1202	637.2
1203	758.7
1204	560.9
1205	596.8
1206	689.7
1207	586.7
1208	733.4
1209	601.7
1210	829.7
1211	869.6
1212	756.1
1213	826.6
1214	738.3
1215	628.3
1216	820.5
1217	927
1218	651.5
1219	727
1220	860.7
1221	583.6
1222	577.3
1223	641.1
1224	593.6
1225	842.5
1226	741.1
1227	903.7
1228	622.2
1229	629.6
1230	805
1231	686.1
1232	903.2
1233	560.4
1234	640.3
1235	598.4
1236	672.6
1237	863.2
1238	834
1239	861.7
1240	578
1241	737.1
1242	924.2
1243	602.5
1244	601.7
1245	739.9
1246	768.6
1247	739.6
1248	323.4
1249	909.3
1250	862.9
1251	632
1252	783.4
1253	569.6
1254	619.6
1255	777.7
1256	818.3
1257	614.4
1258	615
1259	859.2
1260	869.6
1261	899.7
1262	729.2
1263	617.1
1264	576.8
1265	906.5
1266	746.6
1267	785.6
1268	926.3
1269	315.7
1270	774.3
1271	653.6
1272	497.4
1273	585.3
1274	772.8
1275	587.6
1276	807.3
1277	899.3
1278	880.8
1279	233.4
1280	905.3
1281	634.4
1282	866.6
1283	1008.2
1284	382.6
1285	558.4
1286	991.8
1287	622.5
1288	589.8
1289	915.4
1290	628.3
1291	903.9
1292	614.6
1293	189.8
1294	574.3
1295	838.4
1296	729.7
1297	351.1
1298	717.9
1299	622.1
1300	631.6
1301	868.2
1302	603.4
1303	619.5
1304	440
1305	1038.7
1306	778.1
1307	822.8
1308	662.8
1309	787.2
1310	808.3
1311	758.3
1312	820.7
1313	645.4
1314	839.5
1315	838.2
1316	880.1
1317	824.2
1318	630.2
1319	885.3
1320	866.8
1321	537.9
1322	828.7
1323	810.4
1324	568.7
1325	869.6
1326	548.2
1327	568.5
1328	768.8
1329	394
1330	942.1
1331	824.6
1332	175.8
1333	686.2
1334	819.6
1335	255.4
1336	887
1337	603.9
1338	582.5
1339	651.4
1340	546
1341	823.8
1342	790
1343	814.8
1344	818.2
1345	655.9
1346	843.8
1347	876
1348	817.9
1349	593.4
1350	799.6
1351	837.4
1352	328.7
1353	799.2
1354	519.8
1355	848.2
1356	252.9
1357	708.8
1358	867.9
1359	595.2
1360	604.5
1361	579.1
1362	839.5
1363	863
1364	703.4
1365	908.6
1366	545.6
1367	841.7
1368	828.5
1369	556.7
1370	226.9
1371	573.5
1372	507.5
1373	782.8
1374	688.2
1375	803.9
1376	366.1
1377	519.8
1378	577.4
1379	593.5
1380	877.3
1381	833.2
1382	835.1
1383	624.6
1384	498.4
1385	308.8
1386	846.4
1387	599
1388	552.1
1389	541
1390	832
1391	922.5
1392	871.7
1393	659.1
1394	608.2
1395	884.4
1396	837.8
1397	956.1
1398	926.8
1399	861.5
1400	695.6
1401	569.2
1402	575.6
1403	802.6
1404	550.5
1405	664.7
1406	621
1407	889.6
1408	543.8
1409	869.9
1410	498.4
1411	817.7
1412	677.1
1413	802.2
1414	520.8
1415	907.6
1416	845
1417	557.8
1418	801.2
1419	545.2
1420	513
1421	547.5
1422	694.2
1423	588.5
1424	848.9
1425	503.7
1426	841.8
1427	505.1
1428	566.2
1429	576.4
1430	829.1
1431	787.6
1432	579.7
1433	824.8
1434	625.6
1435	844.3
1436	890.3
1437	625.4
1438	551.9
1439	510.5
1440	835.9
1441	831.8
1442	579.4
1443	719
1444	590.2
1445	606.3
1446	864.3
1447	638.7
1448	926.2
1449	902.4
1450	681.2
1451	566.6
1452	919.4
1453	820
1454	573.4
1455	679.3
1456	636.3
1457	783.2
1458	810.8
1459	533
1460	563.1
1461	838.4
1462	452.6
1463	501.5
1464	505.7
1465	552.6
1466	902.6
1467	518.4
1468	490.1
1469	816
1470	868.1
1471	506.4
1472	533.4
1473	885.4
1474	697.9
1475	919.3
1476	517
1477	693
1478	818.5
1479	843.6
1480	511.5
1481	800.1
1482	823.2
1483	508.8
1484	712.9
1485	596.6
1486	532
1487	508.4
1488	808.1
1489	771.9
1490	639.7
1491	707
1492	863.6
1493	799.8
1494	926.5
1495	611.2
1496	811.5
1497	840.8
1498	522
1499	828.1
1500	82.7
1501	878.3
1502	889.1
1503	681.4
1504	634.2
1505	832.7
1506	905.8
1507	601.6
1508	710.7
1509	598.3
1510	626.4
1511	726.3
1512	574.3
1513	735
1514	624.7
1515	535.6
1516	565.2
1517	692.9
1518	580.5
1519	855.1
1520	604
1521	499.8
1522	587.1
1523	506.1
1524	621.9
1525	705.9
1526	552.7
1527	832.7
1528	525.1
1529	867.7
1530	945.1
1531	691
1532	736.2
1533	740.7
1534	778.4
1535	273.3
1536	774.9
1537	513.7
1538	470.9
1539	661.1
1540	708.2
1541	507.7
1542	647.7
1543	812.2
1544	566.8
1545	479.8
1546	369.7
1547	829.5
1548	464.6
1549	498.8
1550	484.8
1551	629.2
1552	813
1553	881.1
1554	696.1
1555	851.8
1556	850.4
1557	731.7
1558	590.6
1559	794.7
1560	75.6
1561	533.6
1562	641.2
1563	787.6
1564	416.8
1565	716.4
1566	740.8
1567	474.4
1568	576.2
1569	863.4
1570	688.8
1571	456.5
1572	597
1573	790
1574	698.8
1575	876.5
1576	860.5
1577	763.8
1578	482.5
1579	500
1580	722.6
1581	739.3
1582	818.9
1583	846.8
1584	329.9
1585	771.5
1586	669.4
1587	714.1
1588	729.8
1589	713.5
1590	568.1
1591	456.6
1592	742.8
1593	740.3
1594	808.6
1595	861.7
1596	825.1
1597	485.1
1598	720
1599	929.7
1600	889.4
1601	589.4
1602	760.6
1603	856.3
1604	855.1
1605	102.8
1606	499.4
1607	580.6
1608	828.7
1609	506.2
1610	860.6
1611	802.9
1612	715.3
1613	906.9
1614	817.4
1615	839.1
1616	891.1
1617	520.4
1618	878.6
1619	99.3
1620	834.8
1621	757
1622	941.7
1623	525.2
1624	717.4
1625	847.1
1626	921.6
1627	736.9
1628	859.1
1629	534.9
1630	895.7
1631	734.8
1632	731
1633	451
1634	739.9
1635	760.9
1636	889.7
1637	963.3
1638	866.6
1639	562
1640	467.3
1641	850.3
1642	694.9
1643	976.2
1644	601
1645	779
1646	909.5
1647	521.3
1648	594.5
1649	704.4
1650	557.6
1651	809.1
1652	883.9
1653	497.8
1654	853.9
1655	797.4
1656	921.7
1657	779.3
1658	976.3
1659	975.1
1660	830.5
1661	99.6
1662	755.3
1663	870.4
1664	587.8
1665	465.6
1666	924.8
1667	745.3
1668	920.7
1669	846.2
1670	105.5
1671	796
1672	803.3
1673	848.6
1674	905.5
1675	868.4
1676	684.1
1677	121.3
1678	496.5
1679	724
1680	835.3
1681	855.9
1682	461.3
1683	793.1
1684	900.1
1685	789.2
1686	692.3
1687	745.5
1688	830.8
1689	729.5
1690	857.4
1691	107.9
1692	771.3
1693	120.3
1694	830.5
1695	821.2
1696	648.2
1697	805.3
1698	467
1699	584.8
1700	769.7
1701	766.5
1702	801.5
1703	863.7
1704	658.9
1705	530.4
1706	869
1707	436.7
1708	429.2
1709	875.5
1710	695.1
1711	558.6
1712	898.2
1713	736
1714	763.7
1715	799.7
1716	742
1717	909.1
1718	99.7
1719	653.6
1720	797.3
1721	853.4
1722	767.1
1723	848.5
1724	767.4
1725	924.7
1726	819
1727	774.5
1728	849.5
1729	124.8
1730	725.4
1731	641.2
1732	842.8
1733	872.8
1734	116.9
1735	756.6
1736	456.1
1737	849.1
1738	734.9
1739	842.2
1740	737.1
1741	122.1
1742	569.9
1743	779.9
1744	895.1
1745	747.3
1746	817.7
1747	870.2
1748	887.4
1749	735
1750	614.8
1751	768.7
1752	805.1
1753	758.1
1754	879.3
1755	778
1756	848.6
1757	718
1758	894.7
1759	799.7
1760	793.9
1761	886.3
1762	796.3
1763	739.3
1764	882.2
1765	665.7
1766	752.1
1767	862.7
1768	735.4
1769	904.3
1770	724.4
1771	804.2
1772	784.1
1773	739.3
1774	859.1
1775	416.3
1776	832.7
1777	745.1
1778	556.1
1779	601.6
1780	503.5
1781	883.6
1782	872
1783	855.2
1784	838.9
1785	738.1
1786	877.6
1787	783.3
1788	637.3
1789	798.4
1790	546.1
1791	711.5
1792	713.6
1793	821.5
1794	616.8
1795	753.5
1796	809
1797	941.5
1798	744.1
1799	693.8
1800	780
1801	934.6
1802	797.7
1803	718.1
1804	893.3
1805	640.6
1806	605.8
1807	925.4
1808	836.5
1809	805.7
1810	716
1811	728.8
1812	700
1813	654.2
1814	810.1
1815	778.2
1816	931.3
1817	803
1818	882.4
1819	594.4
1820	1006.5
1821	818.6
1822	777.2
1823	750
1824	786.9
1825	1009.6
1826	851.7
1827	765.8
1828	769.9
1829	695.4
1830	757.4
1831	648.2
1832	659.6
1833	702
1834	725.2
1835	590.2
1836	589.6
1837	391.1
1838	655.8
1839	1032.6
1840	744.1
1841	657
1842	634.4
1843	1036.3
1844	807.5
1845	673.8
1846	348.6
1847	622.2
1848	1064.7
1849	1013.4
1850	1025.8
1851	672.3
1852	725.3
1853	953.3
1854	838.3
1855	906.5
1856	665.1
1857	688.1
1858	884.3
1859	711.6
1860	755.4
1861	662.9
1862	665.6
1863	639.2
1864	829.3
1865	776.2
1866	1023.5
1867	704
1868	790.5
1869	821.6
1870	458.8
1871	745.9
1872	699.6
1873	767.8
1874	975.6
1875	686
1876	780.4
1877	675.8
1878	671.2
1879	971.7
1880	1061.5
1881	844
1882	759.9
1883	967.9
1884	759.4
1885	839.7
1886	759.5
1887	697.9
1888	888.5
1889	734.1
1890	1023.3
1891	436.6
1892	893
1893	774.6
1894	835.8
1895	826.3
1896	816.3
1897	689.4
1898	977.9
1899	773.6
1900	716.3
1901	991.5
1902	701.1
1903	980.7
1904	795.1
1905	789.6
1906	715.2
1907	314.7
1908	641.9
1909	337.6
1910	310.4
1911	893.8
1912	803.3
1913	631.9
1914	727.5
1915	712.3
1916	690.6
1917	861.4
1918	681.1
1919	743
1920	763.2
1921	1001.6
1922	514.1
1923	653.6
1924	719.7
1925	895.6
1926	694.4
1927	956
1928	743.5
1929	183.7
1930	657
1931	244.4
1932	686.6
1933	736.6
1934	79.8
1935	723.6
1936	1030.1
1937	426.7
1938	849.3
1939	922.7
1940	661
1941	744.9
1942	68.6
1943	458.8
1944	996.7
1945	177.1
1946	490
1947	510.7
1948	150
1949	677.1
1950	0
1951	726.5
1952	525.1
1953	82.8
1954	519.8
1955	46.3
1956	857.7
1957	1024.9
1958	713.9
1959	58.2
1960	794.4
1961	69.8
1962	707
1963	435.2
1964	530.5
1965	814.4
1966	0
1967	281.2
1968	50.7
1969	656
1970	895.7
1971	817.1
1972	470.3
1973	453.3
1974	853.1
1975	58.1
1976	41.5
1977	420.4
1978	926.9
1979	0
1980	439.5
1981	833.8
1982	0
1983	788.7
1984	810.6
1985	76.7
1986	48.8
1987	940.7
1988	61.4
1989	0
1990	0
1991	424.5
1992	669.7
1993	60.7
1994	948.3
1995	839.6
1996	484.6
1997	45.8
1998	1042.7
1999	706.5
2000	91.3
2001	734.5
2002	51.2
2003	48.9
2004	449.9
2005	513.8
2006	64.4
2007	815.6
2008	56.9
2009	725.7
2010	41
2011	0
2012	476.9
2013	49.9
2014	0
2015	50.6
2016	457.8
2017	660.8
2018	151.7
2019	453
2020	435.6
2021	102.8
2022	114.9
2023	514.7
2024	0
2025	951.4
2026	436.1
2027	63.8
2028	1037.2
2029	640
2030	742.2
2031	53.9
2032	130.6
2033	741.8
2034	729.8
2035	51.8
2036	0
2037	682.1
2038	0
2039	438.1
2040	453.5
2041	0
2042	153.2
2043	679.1
2044	1008.1
2045	641.8
2046	464.7
2047	68.2
2048	416.4
2049	740.4
2050	975.9
2051	82.3
2052	756.3
2053	96.4
2054	62.8
2055	44.4
2056	644.1
2057	99.6
2058	0
2059	412.7
2060	137.4
2061	121.5
2062	982.3
2063	400.6
2064	108.3
2065	450.4
2066	755.8
2067	180.8
2068	706.8
2069	723.4
2070	142.4
2071	166.9
2072	780.3
2073	50.4
2074	921.4
2075	739.6
2076	0
2077	378.6
2078	859
2079	480.9
2080	385
2081	885.7
2082	734.1
2083	103.3
2084	780.2
2085	752.7
2086	672.4
2087	377.3
2088	1045
2089	463
2090	957.1
2091	665.8
2092	523.4
2093	778.6
2094	382.2
2095	118.5
2096	491.5
2097	130.5
2098	800
2099	27.4
2100	659.6
2101	671.9
2102	748.4
2103	399.8
2104	340.1
2105	678.2
2106	403.9
2107	451.8
2108	785.1
2109	589.2
2110	750.6
2111	345.6
2112	0
2113	722.1
2114	413
2115	811.9
2116	843.8
2117	711.3
2118	27.3
2119	23.7
2120	869.1
2121	102.7
2122	639.1
2123	461.3
2124	825.8
2125	584.1
2126	758.8
2127	93.3
2128	404.6
2129	328.7
2130	428.6
2131	721
2132	747.8
2133	422.2
2134	732.1
2135	20.3
2136	978.7
2137	123
2138	25.6
2139	844.1
2140	341.7
2141	868.6
2142	93.8
2143	388.5
2144	644.5
2145	834.7
2146	130.3
2147	124.2
2148	614.2
2149	411.1
2150	413.4
2151	399.6
2152	701
2153	1083.8
2154	658.2
2155	351.9
2156	372.5
2157	446.9
2158	155.6
2159	101.1
2160	1098
2161	355.2
2162	679.7
2163	863.4
2164	435.8
2165	157.6
2166	383.7
2167	391.7
2168	412
2169	605.5
2170	347.8
2171	416.2
2172	363.7
2173	502
2174	329.5
2175	15
2176	460.7
2177	1006.6
2178	21.2
2179	460.7
2180	314.6
2181	1127.9
2182	386.9
2183	376.2
2184	371.1
2185	858
2186	11
2187	104.3
2188	323.1
2189	371.7
2190	119.6
2191	441.4
2192	279.8
2193	350
2194	839.5
2195	135.5
2196	407.1
2197	1023.5
2198	271.5
2199	1103.2
2200	333.9
2201	10
2202	113.7
2203	437.4
2204	349.2
2205	440.5
2206	380.9
2207	127.7
2208	101.8
2209	394.9
2210	1098.1
2211	430.2
2212	674.2
2213	851.4
2214	329.4
2215	343.2
2216	91.7
2217	389.9
2218	283.4
2219	991.3
2220	81.4
2221	259.6
2222	1028.9
2223	294.1
2224	474.2
2225	391.8
2226	94.5
2227	1071.5
2228	467.8
2229	451.4
2230	689.6
2231	280.9
2232	456.2
2233	349
2234	966.1
2235	463
2236	388.9
2237	474.4
2238	454.5
2239	103.3
2240	458.9
2241	399.3
2242	411
2243	449
2244	439.7
2245	1052.1
2246	326.5
2247	428.5
2248	1076.9
2249	420.7
2250	345.8
2251	62.2
2252	903.7
2253	432.1
2254	114.4
2255	437.5
2256	899.3
2257	88.5
2258	339.4
2259	1030.9
2260	391.2
2261	385.1
2262	376.2
2263	1129.6
2264	1124.2
2265	1043.3
2266	452.2
2267	435.8
2268	707.8
2269	117.1
2270	650.2
2271	797.3
2272	441.6
2273	118
2274	630
2275	872.2
2276	122.1
2277	424.4
2278	631
2279	341.9
2280	407.5
2281	703.2
2282	1185.9
2283	141.1
2284	640.6
2285	1064.5
2286	775.6
2287	93.7
2288	852.4
2289	439.7
2290	430.5
2291	341.8
2292	1071.4
2293	103
2294	133.1
2295	939.3
2296	895.3
2297	1164.7
2298	333.1
2299	82.5
2300	352.2
2301	631.9
2302	391.3
2303	452.4
2304	428.3
2305	312
2306	986.7
2307	991.6
2308	418.7
2309	722.4
2310	1144.6
2311	788.2
2312	678
2313	611.5
2314	460.8
2315	795
2316	331.6
2317	1121.5
2318	298.7
2319	294
2320	938.3
2321	910.7
2322	480.9
2323	416.5
2324	1136
2325	914.2
2326	753.9
2327	382.3
2328	1073.9
2329	438.8
2330	777.8
2331	736.2
2332	134.5
2333	659.2
2334	864.6
2335	771.3
2336	676.6
2337	744.2
2338	182.3
2339	120.4
2340	1089.6
2341	699.2
2342	754.3
2343	161.7
2344	749.5
2345	158.8
2346	708.6
2347	374
2348	756.8
2349	676.2
2350	680.5
2351	837.2
2352	436.7
2353	664.6
2354	778
2355	964.6
2356	807.6
2357	778.8
2358	101.8
2359	1017.1
2360	676.1
2361	681
2362	120.3
2363	1064.7
2364	847.7
2365	660.4
2366	852.8
2367	773.8
2368	683.5
2369	133.4
2370	978.4
2371	712.7
2372	585.8
2373	775.8
2374	66.5
2375	746.8
2376	811.2
2377	809.8
2378	710.9
2379	632.4
2380	659.5
2381	589.2
2382	1028.4
2383	827.9
2384	807.5
2385	573.4
2386	478.8
2387	461.8
2388	652
2389	986
2390	720.8
2391	541.8
2392	1041.9
2393	828.1
2394	980.3
2395	115.8
2396	641.4
2397	793.1
2398	559.5
2399	747.8
2400	810.5
2401	683.4
2402	1053
2403	586.5
2404	78.2
2405	582.2
2406	583.5
2407	901.1
2408	771.5
2409	769.6
2410	715.2
2411	806.7
2412	843.8
2413	714.8
2414	84.8
2415	812
2416	615.2
2417	610.3
2418	727.7
2419	612
2420	1033.8
2421	892.6
2422	850.2
2423	612.2
2424	774.4
2425	81.1
2426	923.7
2427	718.1
2428	1054.5
2429	889.9
2430	823.4
2431	670.9
2432	706.3
2433	1081.1
2434	81.6
2435	651.6
2436	728.2
2437	77.5
2438	707.8
2439	459.8
2440	739.3
2441	936.1
2442	572.6
2443	610
2444	1030.4
2445	676.6
2446	90.7
2447	693.7
2448	525.1
2449	808.8
2450	890
2451	625.7
2452	643.5
2453	509.5
2454	886.1
2455	827.7
2456	507.8
2457	809.1
2458	607.6
2459	702.3
2460	60.4
2461	519.7
2462	420.8
2463	87.1
2464	522.1
2465	902.8
2466	833.2
2467	546.6
2468	600.3
2469	702.4
2470	526.4
2471	671.7
2472	716.5
2473	84.8
2474	468.5
2475	611.9
2476	579.4
2477	693.6
2478	611.5
2479	554.6
2480	709
2481	367.6
2482	62.7
2483	573.2
2484	807.7
2485	617.9
2486	652.3
2487	919
2488	724.6
2489	510.7
2490	1009.5
2491	76.8
2492	840.4
2493	592.7
2494	615.9
2495	593.2
2496	69.1
2497	573.1
2498	592
2499	71.9
2500	827.4
2501	568
2502	601.7
2503	367.9
2504	369.7
2505	736.9
2506	647
2507	834.6
2508	425.6
2509	592.2
2510	414.8
2511	0
2512	721.9
2513	682.1
2514	617.7
2515	608.7
2516	684.3
2517	94.2
2518	230.8
2519	616.5
2520	874.6
2521	618.6
2522	0
2523	91.4
2524	833.2
2525	211.8
2526	603.4
2527	571.6
2528	531.8
2529	565.6
2530	578.4
2531	595.4
2532	621.5
2533	814.9
2534	236.5
2535	608.9
2536	817.2
2537	264.4
2538	0
2539	997.5
2540	844.2
2541	894.3
2542	710.2
2543	597.2
2544	231.6
2545	738.5
2546	388.7
2547	673.4
2548	774.9
2549	738.3
2550	891.5
2551	122.6
2552	1053.5
2553	602.6
2554	906.3
2555	606
2556	648
2557	623.1
2558	589.6
2559	529.8
2560	0
2561	570.5
2562	1067.9
2563	783.7
2564	884.7
2565	873.2
2566	86.7
2567	774
2568	0
2569	631.2
2570	247.6
2571	95.5
2572	746.9
2573	344.7
2574	730.7
2575	223.7
2576	662
2577	592.5
2578	622.8
2579	593.6
2580	755
2581	855.8
2582	1042.8
2583	813
2584	912.6
2585	0
2586	992.9
2587	610
2588	680.3
2589	648.7
2590	565
2591	619.6
2592	619.1
2593	560.1
2594	202.3
2595	865.1
2596	0
2597	643.6
2598	1067.1
2599	678.6
2600	566.6
2601	584
2602	829
2603	558.7
2604	1050.3
2605	759.6
2606	259
2607	0
2608	547.4
2609	825.9
2610	379.9
2611	846
2612	572.4
2613	600
2614	860.9
2615	155.6
2616	850
2617	0
2618	715.1
2619	774.6
2620	1041.5
2621	184.3
2622	667
2623	0
2624	571.2
2625	958.5
2626	165.4
2627	765.6
2628	160.3
2629	835.8
2630	673.5
2631	588.9
2632	0
2633	645.3
2634	663.6
2635	607.6
2636	807.2
2637	745.4
2638	200.1
2639	593.2
2640	523.3
2641	211.5
2642	0
2643	1054.1
2644	314.7
2645	1071.5
2646	574.1
2647	195.4
2648	778.8
2649	380.7
2650	0
2651	742
2652	366.4
2653	707.6
2654	300.1
2655	568.7
2656	795.9
2657	185.7
2658	673.9
2659	773.6
2660	0
2661	312.8
2662	1025.3
2663	381.2
2664	589.9
2665	367.4
2666	223.7
2667	157.9
2668	231.5
2669	628
2670	1008.2
2671	753.8
2672	771.9
2673	279.7
2674	176
2675	350.3
2676	88.8
2677	982.8
2678	823.8
2679	331.4
2680	234.1
2681	311.2
2682	338.4
2683	588.3
2684	623
2685	727.5
2686	779.6
2687	800.6
2688	332.3
2689	352.4
2690	370.6
2691	346.8
2692	75.1
2693	393.8
2694	576.4
2695	800.4
2696	640.7
2697	841.9
2698	894.8
2699	18.8
2700	755.9
2701	119.9
2702	369.7
2703	628.7
2704	477.4
2705	652.5
2706	259.4
2707	15.4
2708	347.3
2709	318.1
2710	350.6
2711	258.7
2712	698
2713	521.4
2714	383.1
2715	624
2716	333.9
2717	344.1
2718	664.4
2719	553.7
2720	320.1
2721	548.4
2722	368.9
2723	718.1
2724	50.3
2725	297.4
2726	488.4
2727	766.6
2728	669.7
2729	729.5
2730	366.3
2731	682.7
2732	294.1
2733	261.8
2734	359.9
2735	668.6
2736	44.5
2737	484.6
2738	294.1
2739	484.8
2740	351.3
2741	296.5
2742	254.1
2743	482.9
2744	650.4
2745	207.5
2746	50.9
2747	531.3
2748	769.2
2749	718.3
2750	281.2
2751	370.6
2752	705.1
2753	676
2754	307.9
2755	212.6
2756	472.2
2757	685.1
2758	408
2759	481.8
2760	505.7
2761	454.2
2762	640.9
2763	66.3
2764	374.8
2765	334.7
2766	295.4
2767	51.1
2768	268.4
2769	473.4
2770	612
2771	374.4
2772	225.5
2773	127.2
2774	419.2
2775	405.7
2776	627.3
2777	272.6
2778	420.2
2779	609.6
2780	82.7
2781	742.3
2782	215.1
2783	572.6
2784	556.4
2785	63.7
2786	64.8
2787	340.4
2788	492.7
2789	400
2790	778.6
2791	340
2792	442.3
2793	391.9
2794	669.4
2795	467.2
2796	214.8
2797	433.2
2798	331.5
2799	673
2800	418.6
2801	383
2802	385.5
2803	452.7
2804	92.3
2805	420.7
2806	655.1
2807	435.6
2808	383.7
2809	328.2
2810	41.7
2811	441
2812	231
2813	241.7
2814	691.5
2815	445.2
2816	455.1
2817	521.7
2818	356.5
2819	708.6
2820	389.5
2821	343.5
2822	649.7
2823	318.5
2824	43.7
2825	546.8
2826	51.2
2827	82.1
2828	253.7
2829	68.8
2830	702.1
2831	647.6
2832	642.6
2833	466.2
2834	404.3
2835	349.8
2836	701
2837	605.1
2838	378.9
2839	360.9
2840	393.4
2841	722
2842	297
2843	553.6
2844	143.3
2845	541.1
2846	46.1
2847	416.3
2848	392.2
2849	378.7
2850	413.5
2851	291.3
2852	722.9
2853	686.3
2854	399
2855	618.9
2856	321.1
2857	682.8
2858	364.1
2859	616.1
2860	539.1
2861	682.7
2862	243.3
2863	171.8
2864	269.8
2865	792.6
2866	363.7
2867	663.2
2868	225.1
2869	321
2870	576.3
2871	370.7
2872	355
2873	377.3
2874	65.8
2875	654.2
2876	58
2877	688.8
2878	622.4
2879	156.6
2880	716.2
2881	713
2882	825.2
2883	573
2884	293.7
2885	241.8
2886	344.3
2887	184.3
2888	52.3
2889	59.2
2890	58.2
2891	767.7
2892	402.4
2893	358.2
2894	302.3
2895	364.6
2896	54.2
2897	368.8
2898	607.8
2899	378.8
2900	277.9
2901	161.1
2902	817
2903	382.7
2904	96
2905	589.2
2906	377.6
2907	269.5
2908	703.1
2909	436.6
2910	513.7
2911	369.9
2912	760.3
2913	430.2
2914	801.6
2915	206.7
2916	374.9
2917	58.5
2918	376.8
2919	163
2920	184.1
2921	583.2
2922	511.7
2923	596.2
2924	326.4
2925	710.6
2926	275.5
2927	123.8
2928	300.1
2929	262.4
2930	366.2
2931	737.1
2932	353.7
2933	750.4
2934	110.1
2935	738.3
2936	138.3
2937	519.6
2938	169.9
2939	721.1
2940	142.2
2941	624
2942	140.8
2943	436.7
2944	144.9
2945	737.2
2946	641.1
2947	351.1
2948	825.5
2949	752.1
2950	486.4
2951	386.6
2952	749.1
2953	433.5
2954	601
2955	400.5
2956	315.6
2957	269.6
2958	819
2959	190.4
2960	678.8
2961	758.9
2962	719
2963	309.8
2964	415.5
2965	497.6
2966	391.9
2967	382.1
2968	692.1
2969	172.5
2970	147
2971	661.8
2972	294.9
2973	126.1
2974	758.3
2975	888
2976	309.4
2977	275.7
2978	297.9
2979	802.7
2980	737.2
2981	651.8
2982	379.7
2983	747.3
2984	769.1
2985	565.6
2986	757.1
2987	638.4
2988	724.4
2989	132.5
2990	452.3
2991	911.9
2992	314
2993	747.2
2994	738.6
2995	781.2
2996	390.7
2997	339.7
2998	497.4
2999	350.9
3000	553.4
3001	189.2
3002	771.6
3003	643.4
3004	254.1
3005	303.5
3006	749.4
3007	595
3008	777.2
3009	246.2
3010	117.3
3011	793.7
3012	339.5
3013	851.5
3014	524.9
3015	236.1
3016	668.1
3017	982.4
3018	633.6
3019	214.6
3020	536.2
3021	260.9
3022	165.6
3023	257.2
3024	790.5
3025	546.9
3026	863.5
3027	843.4
3028	653
3029	824
3030	154.9
3031	336.8
3032	313.7
3033	191.9
3034	332.8
3035	599.1
3036	143.6
3037	320
3038	206.4
3039	631.8
3040	891.8
3041	789
3042	774.6
3043	838.2
3044	658.1
3045	863.8
3046	175.6
3047	200.6
3048	768.9
3049	545.7
3050	954.3
3051	707.1
3052	673
3053	907.7
3054	514.6
3055	558.5
3056	777.2
3057	197.4
3058	840.1
3059	635.4
3060	176.6
3061	152.7
3062	218.7
3063	959.6
3064	906.9
3065	171.2
3066	729.9
3067	167.1
3068	768
3069	249.4
3070	705.2
3071	347.5
3072	599.6
3073	89.8
3074	870.4
3075	332.4
3076	325.6
3077	658
3078	615.2
3079	857.1
3080	807.3
3081	166.4
3082	165.4
3083	1036.4
3084	159.6
3085	636.1
3086	623
3087	1045.7
3088	776.6
3089	1101
3090	669
3091	204.3
3092	112.6
3093	343.4
3094	107.9
3095	186.5
3096	741.4
3097	122.4
3098	1095.2
3099	138
3100	760.5
3101	79.9
3102	265.6
3103	891.4
3104	882.2
3105	173.4
3106	910.4
3107	962.8
3108	189
3109	304.9
3110	142.6
3111	1081.1
3112	77.3
3113	1014.7
3114	268.1
3115	172.3
3116	269.6
3117	189
3118	821
3119	922.1
3120	84.5
3121	968
3122	95.7
3123	1060.4
3124	110
3125	228.7
3126	97.7
3127	53
3128	187.4
3129	130.4
3130	198.2
3131	823.8
3132	908.5
3133	1114.9
3134	1047.4
3135	93.9
3136	1140.5
3137	86
3138	152.8
3139	928
3140	701.9
3141	141.4
3142	770.8
3143	940.8
3144	220.9
3145	89.2
3146	149.8
3147	88.8
3148	153.9
3149	154.7
3150	96.5
3151	184.2
3152	916.2
3153	1002.1
3154	743.1
3155	0
3156	615.4
3157	545.7
3158	94.3
3159	744.3
3160	108.1
3161	184.5
3162	966.4
3163	143.8
3164	81.5
3165	18
3166	913.6
3167	18.4
3168	974.3
3169	145.3
3170	944.8
3171	126.7
3172	947.5
3173	116.9
3174	0
3175	796.2
3176	94.4
3177	126.2
3178	135.3
3179	162
3180	83.6
3181	20.7
3182	890.9
3183	872.4
3184	186.1
3185	187.1
3186	644.4
3187	786.1
3188	0
3189	622.7
3190	113.9
3191	94.3
3192	0
3193	290.4
3194	897.9
3195	984
3196	113.5
3197	22.6
3198	21.6
3199	792.2
3200	146.1
3201	115.6
3202	903.1
3203	915.3
3204	20.3
3205	183.2
3206	142.4
3207	318.8
3208	98
3209	280
3210	185.8
3211	186
3212	811.9
3213	180.9
3214	128.7
3215	141.5
3216	148.6
3217	155.2
3218	188.1
3219	183.5
3220	22.9
3221	110.2
3222	187.2
3223	80.6
3224	903.3
3225	137.6
3226	926.3
3227	155.9
3228	271
3229	297.3
3230	21.2
3231	263.1
3232	109.4
3233	129.3
3234	866.5
3235	992.4
3236	189.3
3237	134.8
3238	187.3
3239	276.7
3240	26.6
3241	478.2
3242	260
3243	190.6
3244	315.8
3245	187.8
3246	172.8
3247	271.5
3248	101.4
3249	119.5
3250	26.3
3251	897.2
3252	1031.6
3253	275.8
3254	190
3255	146.7
3256	125.8
3257	190.9
3258	300.2
3259	548.5
3260	102.3
3261	329.5
3262	178.8
3263	144.4
3264	122.6
3265	142.7
3266	241.1
3267	621.4
3268	184.1
3269	972.9
3270	242.2
3271	102.4
3272	873.6
3273	101.6
3274	997.8
3275	288.1
3276	200.4
3277	229.1
3278	819.1
3279	154.3
3280	150.9
3281	165.6
3282	108.8
3283	154.9
3284	257.1
3285	81.7
3286	967.9
3287	132.1
3288	471.8
3289	261.9
3290	133.4
3291	909.5
3292	79.4
3293	410.7
3294	433.4
3295	138.6
3296	86.6
3297	147
3298	577
3299	191.5
3300	706.7
3301	219.3
3302	162.2
3303	906.9
3304	545.1
3305	155.2
3306	303.7
3307	112.8
3308	833.8
3309	274
3310	219
3311	71.2
3312	548.2
3313	201.9
3314	63.1
3315	260.7
3316	722.3
3317	81.9
3318	120
3319	60
3320	190.9
3321	273
3322	69.2
3323	434.5
3324	278.4
3325	219.2
3326	274.5
3327	46.2
3328	86.7
3329	176.1
3330	582.5
3331	129.9
3332	151.2
3333	206.9
3334	49.9
3335	797.2
3336	259.8
3337	47.1
3338	165.8
3339	78.8
3340	87.5
3341	649.6
3342	261
3343	94.1
3344	202.8
3345	52
3346	127.2
3347	303.7
3348	64.8
3349	251.2
3350	145.4
3351	131.1
3352	126.2
3353	191.3
3354	286.2
3355	203.3
3356	216.5
3357	271.8
3358	100.7
3359	206
3360	159.4
3361	193.3
3362	245.6
3363	554.8
3364	427.9
3365	135.3
3366	217
3367	214.3
3368	87.5
3369	124.6
3370	429
3371	212.2
3372	125.6
3373	226.7
3374	214
3375	241.8
3376	214.7
3377	248.2
3378	235.8
3379	304.3
3380	198.7
3381	188.1
3382	224.4
3383	229.6
3384	189.6
3385	195
3386	177.3
3387	230.3
3388	210.9
3389	202.9
3390	209
3391	199.2
3392	206.4
3393	230.9
3394	189.2
3395	171.4
3396	202.9
3397	171.2
3398	142.7
3399	100.4
3400	709.5
3401	764.3
3402	695.8
3403	700.2
3404	906.4
3405	941.7
3406	956.6
3407	840.8
3408	974.6
3409	839.3
3410	113.5
3411	145.7
3412	894.2
3413	886.8
3414	904
3415	711.2
3416	613.5
3417	844.5
3418	754.2
3419	772.7
3420	569.6
3421	736.3
3422	801.2
3423	737
3424	846.2
3425	940
3426	827.6
3427	599.1
3428	399.3
3429	985
3430	315.3
3431	831.3
3432	983.7
3433	873.3
3434	889
3435	472.8
3436	880.2
3437	861.9
3438	513.9
3439	483.6
3440	804.1
3441	912
3442	716.7
3443	801.7
3444	737.7
3445	441.1
3446	563.9
3447	540.6
3448	750.1
3449	816.4
3450	483.3
3451	856.1
3452	894.4
3453	828.6
3454	807.2
3455	840.8
3456	101.3
3457	706.7
3458	773.8
3459	523.3
3460	926
3461	111.4
3462	776.6
3463	946.5
3464	509.9
3465	641.7
3466	664.9
3467	809.9
3468	740.4
3469	585.3
3470	829.9
3471	835.5
3472	465.4
3473	918.1
3474	780.4
3475	636.4
3476	678.3
3477	860.7
3478	872.8
3479	731.4
3480	801.8
3481	865.9
3482	292.8
3483	41.8
3484	796.9
3485	38.8
3486	643.1
3487	0
3488	61.1
3489	971.2
3490	905.7
3491	484.5
3492	798.5
3493	29
3494	660.9
3495	1002.6
3496	111.5
3497	295
3498	326.7
3499	985
3500	434
3501	120.4
3502	85.4
3503	382.5
3504	285.5
3505	775
3506	1031.2
3507	293.6
3508	987.7
3509	120.7
3510	369.9
3511	1004
3512	693
3513	157.5
3514	613.9
3515	987.3
3516	623
3517	551.8
3518	694.5
3519	745.6
3520	851.4
3521	728.3
3522	527.9
3523	656.7
3524	699.7
3525	683.9
3526	108.4
3527	685.1
3528	911.1
3529	595.1
3530	602.7
3531	1043.4
3532	252.1
3533	803.7
3534	828.7
3535	777.7
3536	330.8
3537	74.3
3538	778.4
3539	361.7
3540	426.9
3541	337
3542	412.4
3543	329.8
3544	305.6
3545	436.8
3546	339.8
3547	227.8
3548	413.1
3549	773.1
3550	637.1
3551	738
3552	243
3553	285.2
3554	808.2
3555	377.8
3556	744.7
3557	154
3558	406.4
3559	110.5
3560	337.3
3561	546.5
3562	206.1
3563	836.1
3564	218.6
3565	241.7
3566	202.8
3567	813.6
3568	771.3
3569	847.6
3570	846.9
3571	918.3
3572	179.9
3573	1064
3574	305
3575	230.9
3576	921.4
3577	998.1
3578	180.8
3579	156.8
3580	154.5
3581	88
3582	186.2
3583	147.1
3584	965.3
3585	132.8
3586	1023.6
3587	99.5
3588	319.8
3589	114.1
3590	153.3
3591	155.3
3592	182.5
3593	263.1
3594	176.4
