"COMID"	"Value"
1	87.2
2	12.9
3	140.5
4	135.7
5	28
6	5.6
7	135.9
8	20.3
9	0.4
10	1.5
11	175.5
12	0.2
13	24.4
14	138.7
15	23.1
16	2.6
17	76.9
18	94.5
19	129.8
20	105.1
21	65.2
22	141
23	0.2
24	0.1
25	81.3
26	61.5
27	53.7
28	35
29	1.7
30	18.9
31	94
32	29.6
33	144
34	0.1
35	86.4
36	0.6
37	112.4
38	1.4
39	0.1
40	2.9
41	128.7
42	47.1
43	1.3
44	32.1
45	15.5
46	29.1
47	73.8
48	134.5
49	62.4
50	16.9
51	0.1
52	48.1
53	1.1
54	126.1
55	124.6
56	81.4
57	1.9
58	0.1
59	26
60	0
61	0.2
62	0.6
63	107.7
64	38.9
65	0.1
66	31.5
67	110.9
68	85.3
69	19
70	4.1
71	4.1
72	91.1
73	0
74	118.7
75	7.7
76	5.6
77	26
78	14.6
79	115.3
80	2.6
81	44.6
82	12.4
83	69.4
84	0.8
85	76.8
86	81.9
87	0
88	0
89	5.4
90	46.7
91	33.5
92	118
93	87.2
94	0.7
95	122.9
96	2
97	103.2
98	0.3
99	16
100	114
101	73.3
102	59.5
103	0
104	18.8
105	5.4
106	98.2
107	11.6
108	1
109	2.3
110	1.2
111	2.6
112	86.9
113	1.8
114	82.8
115	43.2
116	77.7
117	42.5
118	55.3
119	6.5
120	19.5
121	39
122	68
123	3.8
124	48.6
125	102.9
126	114
127	58
128	49.4
129	0.1
130	11.6
131	36
132	2.2
133	46.2
134	44.5
135	48.7
136	89
137	55
138	1.1
139	1.3
140	42.4
141	30.6
142	4.8
143	5.6
144	14.4
145	0.9
146	42.6
147	100
148	57.8
149	49
150	58.3
151	27.4
152	44.1
153	1.3
154	37.5
155	4.1
156	10.2
157	64.1
158	1.4
159	50
160	76.4
161	8.4
162	1.5
163	43
164	8.4
165	5
166	1.4
167	48.5
168	9.1
169	53.4
170	45.8
171	58.9
172	6
173	12.6
174	1.3
175	46.5
176	114.4
177	54.6
178	22.5
179	38.5
180	1.3
181	1.7
182	19
183	7.2
184	1.2
185	1.4
186	23
187	15.5
188	1.3
189	1.2
190	31.7
191	1.3
192	29.7
193	3
194	90.7
195	13.4
196	1
197	57.5
198	1.3
199	35.3
200	1
201	1.3
202	1.7
203	0.9
204	0.6
205	2.1
206	34
207	22
208	76
209	34.7
210	65.4
211	92.9
212	59.7
213	29.5
214	0.8
215	50.4
216	15.7
217	45
218	3.7
219	5.9
220	1
221	9.3
222	54.1
223	75.2
224	0.9
225	6.3
226	41.5
227	4.4
228	36.8
229	0.6
230	18.3
231	58
232	12.1
233	55
234	16.4
235	6.6
236	25.1
237	51.4
238	3.3
239	43.7
240	91.5
241	41.9
242	0.4
243	7.6
244	53.6
245	44.2
246	72.4
247	6.4
248	3.7
249	0.3
250	60.3
251	40.7
252	50.9
253	12.8
254	1.2
255	0.7
256	33.6
257	1
258	18.2
259	6.8
260	2.1
261	45
262	41.7
263	8.3
264	0.7
265	0.7
266	30.1
267	56
268	27
269	59.3
270	0.5
271	82
272	41.8
273	63.5
274	5.7
275	39.2
276	10.7
277	0.7
278	41
279	0.7
280	32.3
281	38.1
282	52.6
283	0.5
284	21.5
285	0.5
286	34.3
287	60.4
288	8.3
289	0.3
290	0.5
291	13.3
292	8.4
293	6.5
294	38.1
295	0.5
296	29.5
297	51.5
298	0
299	46.3
300	52
301	0.5
302	57.4
303	20.8
304	4.1
305	46.6
306	15.1
307	44.7
308	75.8
309	0.5
310	9.9
311	41.9
312	31.6
313	17.7
314	5.2
315	0.7
316	0.6
317	6.9
318	16.2
319	8.2
320	33.8
321	0.6
322	9.8
323	31.7
324	0.9
325	9.5
326	23.7
327	0.9
328	1
329	0.6
330	0.3
331	0.6
332	0.5
333	0.7
334	0.7
335	36.7
336	0.8
337	12.7
338	0.8
339	4.3
340	3
341	0.9
342	6.9
343	1.4
344	19.8
345	4.4
346	16.7
347	1.2
348	13.3
349	6.4
350	0.9
351	1.8
352	1.5
353	86.4
354	4.5
355	7.5
356	1.6
357	8
358	4.1
359	6.2
360	3.6
361	1.3
362	3.5
363	3.3
364	6.2
365	44.8
366	4.7
367	6.2
368	204.5
369	4.1
370	84.3
371	5.6
372	0.3
373	5.6
374	5.7
375	43.8
376	0
377	85.6
378	4.8
379	5.9
380	88.5
381	3.3
382	4.2
383	100.1
384	9.5
385	9.1
386	4.3
387	219.6
388	55.7
389	37.5
390	196.6
391	0.6
392	43.6
393	9.4
394	0.8
395	4.1
396	14.7
397	9.9
398	0.1
399	36.2
400	0.2
401	111.8
402	7.4
403	9.6
404	4.2
405	1.5
406	65.9
407	23.5
408	3.9
409	5.8
410	46.5
411	121.9
412	2.4
413	71.2
414	1.7
415	18.2
416	1.8
417	5.4
418	3.5
419	12.7
420	2.8
421	15.2
422	20.4
423	55.6
424	54.3
425	449.1
426	7.7
427	17.3
428	52
429	74.3
430	18.8
431	9.5
432	2.5
433	332.3
434	3.9
435	0.4
436	142.8
437	29.9
438	517.9
439	5
440	50.5
441	16.8
442	0
443	40.4
444	4.3
445	687.3
446	0.1
447	728.5
448	620.7
449	0.1
450	10.7
451	7.1
452	107.8
453	7.4
454	0.1
455	8.7
456	0
457	111.8
458	119.2
459	37
460	3.2
461	93.5
462	175
463	6.7
464	5.8
465	80.9
466	12
467	11.6
468	1
469	2.6
470	0.8
471	3.6
472	50.5
473	11.5
474	0.8
475	8.8
476	1.1
477	173.8
478	0.8
479	4.4
480	103.2
481	5.3
482	4.6
483	144.4
484	0.3
485	0.5
486	18
487	3
488	50.4
489	6.3
490	33.7
491	6.1
492	111.7
493	6.1
494	56.2
495	37.6
496	2.5
497	50.3
498	1.8
499	5.2
500	41.2
501	2.3
502	59.7
503	0
504	0.2
505	18.1
506	34.6
507	45.6
508	14.7
509	30.1
510	2.6
511	28
512	44.1
513	0.9
514	19.9
515	3
516	0.7
517	45.9
518	1.9
519	5.5
520	49.3
521	1.9
522	0.2
523	1.4
524	134
525	1.9
526	5.1
527	2.3
528	0.1
529	4
530	54.9
531	38.1
532	174.2
533	2.2
534	0.3
535	79.8
536	122.7
537	27
538	8.2
539	0
540	0.1
541	33.9
542	39.8
543	0.5
544	4.4
545	33.5
546	50.6
547	0
548	28.1
549	47.8
550	0
551	25.3
552	0
553	126.3
554	2.2
555	0
556	0
557	3.9
558	28.7
559	37.2
560	35.5
561	144.1
562	52.5
563	4.8
564	13.5
565	48.3
566	48.4
567	0.1
568	41
569	10.7
570	1.7
571	159.6
572	24.1
573	2.5
574	0
575	0.1
576	59.8
577	10
578	40.1
579	43.4
580	30.5
581	9.8
582	0
583	0
584	0
585	77.6
586	0
587	38.8
588	0
589	60.4
590	2.4
591	0
592	51.9
593	31.6
594	7.9
595	0
596	0
597	1.7
598	0.4
599	42.4
600	4.4
601	0.6
602	2
603	552.5
604	0
605	5.4
606	0
607	0.1
608	2.4
609	16.7
610	0
611	93.6
612	15.9
613	1
614	109.4
615	35.8
616	8.4
617	94.9
618	432.7
619	14.6
620	7
621	0
622	133.4
623	136
624	121.6
625	0.1
626	0.2
627	34.6
628	0.5
629	15.4
630	64.2
631	0
632	505.8
633	117.3
634	1.1
635	16.5
636	16.2
637	9.8
638	0.1
639	509.1
640	35.7
641	47.1
642	4.6
643	125.3
644	13.8
645	530
646	158
647	0
648	642.5
649	111.9
650	0
651	75
652	0.6
653	0.9
654	0.1
655	1
656	1
657	132.4
658	119.7
659	132.3
660	22.2
661	97.3
662	116.9
663	129.9
664	0
665	0.1
666	0
667	96.1
668	88.4
669	119.4
670	0
671	0
672	0
673	133.5
674	36.7
675	104.7
676	105.3
677	53.3
678	8.1
679	0.3
680	5.8
681	164.5
682	100.9
683	105.4
684	123
685	0
686	54.2
687	1.2
688	87.2
689	0
690	155.2
691	80.6
692	50.6
693	6.3
694	23.3
695	82.6
696	126.8
697	0.2
698	126.1
699	85.1
700	89.4
701	66.7
702	126.4
703	82.4
704	73.6
705	42.5
706	5.9
707	51.4
708	92.5
709	41
710	114.6
711	11
712	48.9
713	105.3
714	1.8
715	95
716	6.8
717	587.9
718	117.2
719	96.1
720	71
721	0
722	39.1
723	102.3
724	107.7
725	0
726	2.4
727	38.2
728	40.8
729	65.9
730	111.7
731	7.1
732	26.9
733	91.5
734	62.3
735	56.1
736	4.9
737	89.7
738	50.6
739	100.7
740	113.1
741	37.2
742	615.1
743	119.8
744	10.1
745	1.4
746	49.1
747	65.2
748	0.3
749	136.3
750	1
751	36
752	86.5
753	75.6
754	109.2
755	117.1
756	63.3
757	142
758	177.4
759	0
760	35
761	0.1
762	33.6
763	92.8
764	40.6
765	59.3
766	16.7
767	207.5
768	114
769	149.7
770	99.5
771	110.3
772	177.1
773	23.1
774	19.5
775	66.3
776	2.7
777	29
778	65
779	8.9
780	152.7
781	93.9
782	936.5
783	904.7
784	950.4
785	938.8
786	893.6
787	960.7
788	839.1
789	891.1
790	930.4
791	875.9
792	891.1
793	819
794	933.7
795	964.2
796	815
797	962.3
798	873.5
799	860.7
800	906
801	791.9
802	786.5
803	884
804	805.1
805	836.8
806	829
807	717.3
808	812.6
809	940.1
810	931.3
811	881.3
812	897.2
813	837.1
814	828.1
815	859.5
816	840.7
817	796.6
818	894.7
819	938.1
820	864.3
821	943.9
822	1141.5
823	834.7
824	887.5
825	950.9
826	928.9
827	1152.4
828	1139.1
829	987.3
830	1168.7
831	891.5
832	1135.8
833	923.5
834	1222.1
835	1109.8
836	1111.1
837	886.3
838	1003.1
839	967.3
840	1085.1
841	1065.3
842	883.2
843	520.9
844	1219.1
845	989.8
846	1041.6
847	1080.4
848	1044.1
849	957.6
850	1184.9
851	1143.1
852	1025.2
853	1146.4
854	1171.9
855	1091.9
856	1000.7
857	1026.2
858	1177.5
859	906.1
860	870
861	1093.2
862	259.3
863	1111.4
864	959.4
865	1050.8
866	874.1
867	943.4
868	1239.5
869	1014.8
870	709.7
871	927.3
872	942.5
873	324.9
874	1123.6
875	1172.4
876	1015.1
877	1143.8
878	1126.3
879	1153.8
880	951.9
881	1004.5
882	948.7
883	911.2
884	1162.7
885	1100
886	191
887	857.6
888	912.8
889	1131
890	1000.1
891	1045.6
892	883.1
893	957.2
894	219.5
895	1179.6
896	1198.6
897	1024.2
898	933
899	969
900	977.6
901	943.4
902	1168.5
903	1193.3
904	1130.4
905	944.3
906	1152.6
907	890.8
908	865.3
909	1079.6
910	235.2
911	1097.5
912	958
913	875.4
914	919
915	301.4
916	887.9
917	1230.4
918	937.6
919	872.3
920	1002.7
921	953.7
922	909.6
923	557.8
924	926.7
925	1201.4
926	971.3
927	1129.4
928	836.4
929	846
930	858.8
931	1110.7
932	900.9
933	1018.1
934	257
935	1012
936	970.7
937	1177.9
938	1166.8
939	1183.9
940	851.6
941	1107.5
942	877.3
943	209.5
944	1166.9
945	910
946	993.7
947	245.3
948	947.9
949	1019.9
950	1066
951	971.8
952	861.5
953	867.7
954	885.7
955	922
956	951.8
957	844.9
958	867
959	837.1
960	939
961	939.5
962	974.5
963	946.9
964	149.2
965	977
966	938.8
967	159.1
968	844.9
969	863.2
970	740.6
971	1078.4
972	957
973	888
974	865.6
975	1157.6
976	1154.1
977	1110
978	880.2
979	909.6
980	1190.2
981	933.7
982	975.5
983	1026.2
984	1144.1
985	1120
986	1056.4
987	885.9
988	1092.6
989	1068.8
990	291.1
991	984
992	648.8
993	1150.5
994	988.2
995	1183.8
996	1056.8
997	1083.9
998	889.2
999	981.1
1000	131.5
1001	886.7
1002	1178.6
1003	249.8
1004	1037.2
1005	863.2
1006	1021.2
1007	143.8
1008	907.6
1009	515.6
1010	924.9
1011	1011.9
1012	1015.5
1013	891.6
1014	1121.8
1015	894.2
1016	162.2
1017	1109.3
1018	879.2
1019	891.8
1020	958.2
1021	1017.1
1022	971.1
1023	996.3
1024	1130.9
1025	968.8
1026	1040
1027	1006
1028	1029.9
1029	878.2
1030	839.7
1031	157.9
1032	258.6
1033	873.5
1034	962
1035	792.7
1036	949.4
1037	926.5
1038	970.3
1039	817.6
1040	870.2
1041	981.7
1042	862.2
1043	168.4
1044	750.9
1045	843.4
1046	878.4
1047	1086.4
1048	1021.3
1049	1050.7
1050	153.2
1051	960.7
1052	973.1
1053	845.8
1054	915.4
1055	982.6
1056	966.2
1057	829.7
1058	976.6
1059	872.3
1060	973.8
1061	173.1
1062	1040.7
1063	1079
1064	798.4
1065	776.9
1066	998.9
1067	858.6
1068	852.2
1069	792.8
1070	1010.9
1071	936.9
1072	808.9
1073	814.4
1074	993.6
1075	593.9
1076	1004.7
1077	817.9
1078	1021.2
1079	938.1
1080	862.1
1081	821.9
1082	993.6
1083	808.7
1084	957.4
1085	993.8
1086	1020.7
1087	168.8
1088	808
1089	814.7
1090	892.9
1091	1078
1092	804.4
1093	822.7
1094	762.5
1095	820
1096	846.6
1097	1070.4
1098	841.4
1099	590.8
1100	171.9
1101	752.7
1102	948.3
1103	802.4
1104	822.8
1105	805.6
1106	800.3
1107	822.8
1108	853.3
1109	905.7
1110	793
1111	817.6
1112	987.3
1113	1043.1
1114	900.9
1115	801.1
1116	789.2
1117	1009.4
1118	805.2
1119	816.7
1120	787.6
1121	847.3
1122	804.2
1123	808.7
1124	906.8
1125	759.2
1126	1024.9
1127	784.2
1128	952.5
1129	974.3
1130	840.7
1131	780.1
1132	1016.8
1133	972.9
1134	798.9
1135	899.9
1136	766
1137	787.2
1138	776
1139	823.7
1140	950.3
1141	796.2
1142	779.8
1143	970.2
1144	782.5
1145	830
1146	769.9
1147	760.8
1148	967
1149	768.1
1150	799.3
1151	758.4
1152	928.1
1153	970.3
1154	140.9
1155	909
1156	999.8
1157	753
1158	969.7
1159	869.7
1160	793.1
1161	768.2
1162	842.5
1163	824.2
1164	1039.1
1165	909.3
1166	978.9
1167	919.7
1168	989.9
1169	946
1170	1038.1
1171	849.4
1172	918
1173	829.4
1174	1064.5
1175	764.7
1176	729.2
1177	906.7
1178	747.1
1179	1030.6
1180	774.1
1181	842.1
1182	754.8
1183	764
1184	900.2
1185	987.9
1186	923.5
1187	773.9
1188	749.9
1189	847.6
1190	758.4
1191	988.3
1192	759.7
1193	885.5
1194	808.7
1195	1092.6
1196	777.8
1197	894.4
1198	748.4
1199	1031.7
1200	278
1201	806
1202	780.6
1203	851
1204	814.9
1205	795.9
1206	843.3
1207	773.2
1208	843.4
1209	805.5
1210	900.1
1211	916.7
1212	894
1213	880.8
1214	940.9
1215	852.9
1216	975.5
1217	989.1
1218	773.2
1219	837.3
1220	973.4
1221	747.4
1222	773.8
1223	860.9
1224	755.2
1225	1075.6
1226	872.6
1227	963.7
1228	768.1
1229	865.2
1230	919
1231	848.5
1232	983.8
1233	828.4
1234	767.7
1235	850
1236	769.1
1237	1052.2
1238	885.8
1239	958.6
1240	784.9
1241	968.9
1242	974.3
1243	796
1244	762.8
1245	989.4
1246	900.8
1247	821.4
1248	384.8
1249	1006.8
1250	1032.5
1251	751.4
1252	884.6
1253	838.3
1254	783.8
1255	901.1
1256	1034.3
1257	861.2
1258	877
1259	964.3
1260	1086
1261	1031
1262	849.1
1263	842.4
1264	820.6
1265	969.3
1266	820.5
1267	921.3
1268	1025.3
1269	402.9
1270	902.3
1271	870.4
1272	759.3
1273	839.4
1274	887.7
1275	751.2
1276	1004.2
1277	945
1278	1042.6
1279	328.8
1280	967.9
1281	829.3
1282	1001.1
1283	1183.3
1284	448.9
1285	825.8
1286	1169.8
1287	813.5
1288	830
1289	992
1290	850.9
1291	1087.8
1292	846.8
1293	268.6
1294	845.6
1295	960
1296	845.8
1297	489.4
1298	860.5
1299	778.8
1300	835.4
1301	926.3
1302	838.3
1303	831.7
1304	532.3
1305	1186.3
1306	896.1
1307	952.1
1308	865.8
1309	919.2
1310	912.9
1311	940.1
1312	1003.1
1313	811.8
1314	959.7
1315	950.5
1316	1043.1
1317	1012.6
1318	854.1
1319	1079.5
1320	1134.3
1321	820
1322	955.3
1323	986.2
1324	871.5
1325	980.5
1326	818.2
1327	823.6
1328	902
1329	480.3
1330	1080.6
1331	997
1332	261.7
1333	830.7
1334	903
1335	263.4
1336	1059
1337	784.4
1338	807.5
1339	819.8
1340	835.6
1341	904.2
1342	948.8
1343	975.4
1344	993.8
1345	833.8
1346	1025.1
1347	1067.1
1348	1019.9
1349	824.4
1350	914.2
1351	1059.7
1352	454.9
1353	944.7
1354	819.7
1355	1126.7
1356	392.5
1357	862.5
1358	1141.2
1359	835.1
1360	794.6
1361	837.4
1362	973.8
1363	988
1364	718.2
1365	1056.7
1366	802
1367	1006.9
1368	1014.8
1369	821.1
1370	271.2
1371	773.3
1372	923.5
1373	993.7
1374	707.2
1375	992.6
1376	456.1
1377	896.8
1378	846.3
1379	839.1
1380	1045.1
1381	984.9
1382	1089.2
1383	780
1384	927
1385	398.8
1386	1035.6
1387	785.5
1388	814.9
1389	828.3
1390	1031.6
1391	1151
1392	1056.1
1393	821.3
1394	685.1
1395	1074.5
1396	977.6
1397	1184.7
1398	969.4
1399	940.4
1400	795.1
1401	782.7
1402	766.2
1403	982.4
1404	880.1
1405	703.8
1406	764.4
1407	949.7
1408	779.2
1409	914.6
1410	753.6
1411	962
1412	708.3
1413	998.3
1414	925.2
1415	909.2
1416	1091.7
1417	795.2
1418	999.5
1419	837
1420	882
1421	811.1
1422	703.8
1423	648.4
1424	1066.7
1425	758.3
1426	967.8
1427	921.4
1428	809.5
1429	824
1430	1060
1431	1046.8
1432	839.1
1433	1060.8
1434	754.4
1435	1043.3
1436	970.5
1437	816.7
1438	773.2
1439	922.1
1440	1075.6
1441	1086.6
1442	704.6
1443	808.8
1444	815.6
1445	711
1446	933.7
1447	710.2
1448	1099.7
1449	971
1450	737.6
1451	704.5
1452	976.8
1453	1006.8
1454	638.7
1455	731
1456	723.9
1457	1052.1
1458	1045.5
1459	903.3
1460	815.7
1461	1031.7
1462	731.6
1463	841.8
1464	857.7
1465	857.2
1466	1109.7
1467	764.4
1468	750
1469	1046.4
1470	926
1471	759.9
1472	728.7
1473	1127.3
1474	741.4
1475	1124
1476	745.9
1477	730.3
1478	941.8
1479	1069
1480	751.3
1481	1060.2
1482	1051.3
1483	839.4
1484	748.9
1485	651.6
1486	822.3
1487	857
1488	1040.9
1489	1082.8
1490	697
1491	808.9
1492	1026.6
1493	977.7
1494	1104.8
1495	793.3
1496	1053.1
1497	1018.3
1498	792.8
1499	1036.7
1500	126.8
1501	1041.2
1502	1066.1
1503	732.6
1504	789.8
1505	1007.3
1506	1015.4
1507	760.5
1508	728.1
1509	682.7
1510	738.5
1511	754.5
1512	735.5
1513	969.9
1514	731
1515	833.6
1516	733.3
1517	992
1518	782.7
1519	1061.3
1520	765
1521	833.3
1522	792.3
1523	770.9
1524	775.7
1525	815.9
1526	779.4
1527	1019.3
1528	750.1
1529	1070.5
1530	1077.9
1531	769.8
1532	737.4
1533	766.1
1534	984.9
1535	447
1536	974.9
1537	815.8
1538	586.9
1539	748.7
1540	808.9
1541	810.4
1542	773.6
1543	1065.4
1544	785.7
1545	658.3
1546	500.8
1547	930.6
1548	734.3
1549	746.9
1550	763
1551	772.5
1552	1010.7
1553	1054.8
1554	789.2
1555	1041.3
1556	1062.9
1557	752
1558	698.1
1559	1061.5
1560	130.4
1561	782.3
1562	784.3
1563	781.4
1564	694.6
1565	823
1566	767.8
1567	774
1568	751.2
1569	1034.9
1570	977.2
1571	737.5
1572	743.7
1573	940.9
1574	753.5
1575	1012.1
1576	917
1577	939.6
1578	795
1579	795.2
1580	987.6
1581	1006.2
1582	1031.1
1583	1026.6
1584	481.9
1585	964.6
1586	970.7
1587	771.8
1588	1011.8
1589	734.1
1590	800
1591	765.7
1592	1022.8
1593	771.5
1594	1048.5
1595	1055.5
1596	966.7
1597	766.5
1598	991.7
1599	1045.3
1600	1083.2
1601	715.9
1602	954.8
1603	1115.4
1604	1020.1
1605	125.2
1606	757.7
1607	750
1608	1116
1609	732.9
1610	1055.1
1611	785
1612	1011.5
1613	1019.8
1614	1056.9
1615	948.7
1616	1007.8
1617	717.5
1618	998.8
1619	127.1
1620	966.6
1621	978.1
1622	995.9
1623	724.8
1624	958.9
1625	982.5
1626	958.9
1627	760.6
1628	954.1
1629	734.2
1630	1010.1
1631	861.4
1632	964.7
1633	713.5
1634	982.6
1635	959.9
1636	983.3
1637	1031.7
1638	962.1
1639	778
1640	749.9
1641	981.7
1642	976.6
1643	1039
1644	747.1
1645	1018.8
1646	1024.5
1647	691.7
1648	783.5
1649	755
1650	778.7
1651	1005.3
1652	1013.9
1653	764.1
1654	973.4
1655	1044.2
1656	1014.1
1657	1000.7
1658	1020
1659	1029.2
1660	950.5
1661	126
1662	823.2
1663	984.8
1664	774
1665	751.1
1666	1006.7
1667	1022.5
1668	1017
1669	984.9
1670	127.8
1671	1031.4
1672	970.4
1673	953.7
1674	971.9
1675	941.6
1676	782.8
1677	125.7
1678	778.9
1679	966
1680	1086.2
1681	995.1
1682	763.5
1683	945
1684	1022.3
1685	926.9
1686	812.8
1687	960.3
1688	958.3
1689	791.7
1690	1016.9
1691	129.3
1692	988.7
1693	126.1
1694	1027.3
1695	992.2
1696	770.9
1697	1081.9
1698	785.5
1699	782.3
1700	894.1
1701	993.1
1702	1026.8
1703	1006.8
1704	775.3
1705	745.9
1706	962.9
1707	759.9
1708	748.9
1709	994.2
1710	793.3
1711	753.8
1712	1035.3
1713	965.9
1714	911.5
1715	1010.5
1716	930.1
1717	1000.9
1718	131.8
1719	764.8
1720	989.9
1721	969.1
1722	935
1723	980.1
1724	920.7
1725	1104.1
1726	958.5
1727	1031.3
1728	935.5
1729	120.9
1730	970.2
1731	798.6
1732	876.3
1733	1011.4
1734	122.9
1735	1018.3
1736	766.8
1737	1000.6
1738	907.7
1739	920.8
1740	810.8
1741	127.2
1742	780.1
1743	899.5
1744	927.5
1745	933.8
1746	982.6
1747	920.1
1748	985.4
1749	794.5
1750	757.4
1751	945.8
1752	902.1
1753	906.2
1754	1067.8
1755	919.8
1756	923.1
1757	988
1758	987.2
1759	927.2
1760	961
1761	924.6
1762	897.1
1763	928
1764	1052
1765	782.2
1766	863.6
1767	911.4
1768	745.2
1769	896.4
1770	1003.6
1771	955
1772	843.6
1773	885.9
1774	846.9
1775	488.3
1776	849.1
1777	874.3
1778	703.3
1779	761.1
1780	755.5
1781	903
1782	912.5
1783	866.7
1784	890.8
1785	938.7
1786	985.9
1787	1004
1788	823
1789	902.6
1790	712.9
1791	791.6
1792	924.9
1793	978.4
1794	638.3
1795	955.6
1796	996.6
1797	1127.8
1798	905
1799	906.9
1800	932.3
1801	1012
1802	944.6
1803	753.3
1804	891
1805	726.1
1806	838.3
1807	905.2
1808	870
1809	983.6
1810	845.4
1811	950.2
1812	846.8
1813	815
1814	849.4
1815	915.3
1816	910.5
1817	938.8
1818	878.3
1819	830.9
1820	1148.6
1821	940.8
1822	950.8
1823	1003.7
1824	893.6
1825	1075.2
1826	958.1
1827	943.6
1828	961.5
1829	885.2
1830	833.5
1831	869.7
1832	923.3
1833	840.1
1834	913.3
1835	800.9
1836	816.3
1837	423.5
1838	906.3
1839	1077.7
1840	898.8
1841	824.3
1842	869
1843	1192.3
1844	966.3
1845	917.1
1846	362.3
1847	820.8
1848	1186
1849	1072.5
1850	1022.9
1851	884.9
1852	970.1
1853	951.9
1854	955.6
1855	934.5
1856	843.9
1857	953.1
1858	906.4
1859	928.2
1860	827.1
1861	948.7
1862	845.9
1863	840.5
1864	873.1
1865	948.1
1866	1195.8
1867	942.7
1868	949.2
1869	943.2
1870	442.3
1871	961.2
1872	892.4
1873	905.4
1874	1164.3
1875	882.7
1876	896.4
1877	915
1878	785.7
1879	1170.7
1880	1167
1881	976.3
1882	879.9
1883	1140.3
1884	968.9
1885	924.8
1886	802.4
1887	851.2
1888	957.8
1889	811.6
1890	1112.7
1891	409.5
1892	969.8
1893	880.1
1894	902.7
1895	955.8
1896	867.9
1897	893.5
1898	1055.2
1899	906.8
1900	969.2
1901	1109
1902	891.3
1903	995.3
1904	948.4
1905	928
1906	797.2
1907	343.1
1908	639.3
1909	380.9
1910	301.5
1911	976.9
1912	883.6
1913	653.6
1914	914.9
1915	818.6
1916	908.8
1917	1021.9
1918	694.6
1919	803.9
1920	827.1
1921	1025.9
1922	578.6
1923	686.8
1924	765.5
1925	1001.2
1926	907.3
1927	1085.5
1928	854.1
1929	225.6
1930	912.6
1931	331.1
1932	717.1
1933	942.9
1934	95.3
1935	935.8
1936	1055.2
1937	494.5
1938	937
1939	984
1940	850.6
1941	942.3
1942	78.9
1943	531
1944	1009.4
1945	235.3
1946	588.1
1947	572
1948	178
1949	932.2
1950	0
1951	914.9
1952	526.9
1953	72
1954	533.7
1955	48.1
1956	948
1957	1079.5
1958	871.1
1959	87
1960	877.3
1961	91.1
1962	918.3
1963	492.7
1964	523.7
1965	786.1
1966	0
1967	311
1968	58.4
1969	845
1970	997.2
1971	839.2
1972	578.2
1973	495.2
1974	964.5
1975	57.3
1976	44.6
1977	443.1
1978	984.1
1979	0
1980	610.2
1981	930
1982	0
1983	799.4
1984	767.6
1985	73.9
1986	49.7
1987	952.3
1988	62.4
1989	0
1990	0
1991	587
1992	907.6
1993	91.1
1994	1061.6
1995	899
1996	496.9
1997	40.7
1998	1071.6
1999	943.8
2000	104.1
2001	931.4
2002	58.1
2003	60.4
2004	490.5
2005	514.5
2006	90
2007	773.3
2008	123.8
2009	918.8
2010	36.9
2011	0
2012	516.6
2013	47.9
2014	0
2015	53.2
2016	547.8
2017	939.6
2018	204.9
2019	501.6
2020	578.3
2021	165.2
2022	173.3
2023	515.5
2024	0
2025	1068.6
2026	494.2
2027	61.8
2028	1007.3
2029	924.7
2030	757.2
2031	59.7
2032	134.9
2033	739.9
2034	939.8
2035	55.1
2036	0
2037	942
2038	0
2039	508.1
2040	568.7
2041	0
2042	172.4
2043	913.7
2044	946.5
2045	709.9
2046	534.7
2047	81.8
2048	577.7
2049	954
2050	916.7
2051	146.2
2052	715.5
2053	144.7
2054	72
2055	55.5
2056	911.5
2057	123.9
2058	0
2059	511.2
2060	173.6
2061	138
2062	1060.3
2063	545.9
2064	147.9
2065	587.8
2066	835.7
2067	219.7
2068	853.4
2069	918.5
2070	157.8
2071	175.6
2072	891.9
2073	66.5
2074	866.2
2075	879
2076	0
2077	482.7
2078	858.1
2079	523.5
2080	539.3
2081	886.9
2082	695.8
2083	156.5
2084	807.1
2085	943.6
2086	724.9
2087	569.7
2088	1067.4
2089	506.9
2090	967.4
2091	690.9
2092	590.7
2093	802
2094	586.3
2095	148.6
2096	472.1
2097	163
2098	865.6
2099	63.7
2100	844.1
2101	834.8
2102	784.6
2103	463.7
2104	378.2
2105	669.2
2106	585.2
2107	614.6
2108	837
2109	816.5
2110	854.8
2111	404.7
2112	0
2113	733.9
2114	571.3
2115	858.3
2116	909.5
2117	746.5
2118	49.9
2119	37.8
2120	926.5
2121	143.1
2122	835.5
2123	640
2124	912.3
2125	574
2126	854.9
2127	130.9
2128	542.2
2129	391.5
2130	630.1
2131	759.3
2132	814
2133	460.9
2134	833.9
2135	31
2136	1028.2
2137	170.5
2138	38.7
2139	954.2
2140	402.2
2141	975.7
2142	115.6
2143	476.1
2144	813.7
2145	966.2
2146	176
2147	167.3
2148	866
2149	548.9
2150	425.2
2151	479.9
2152	887.7
2153	1135.8
2154	875.9
2155	403.7
2156	418.9
2157	523
2158	177.7
2159	153
2160	1178.9
2161	440.6
2162	889
2163	980.5
2164	499.9
2165	176.3
2166	390.8
2167	414.6
2168	586.4
2169	837
2170	428.1
2171	595.4
2172	438.4
2173	515.9
2174	428.8
2175	17.2
2176	506.5
2177	1041.3
2178	37.2
2179	481.1
2180	329
2181	1204.7
2182	559.4
2183	477.2
2184	426.1
2185	989.4
2186	16.4
2187	157.5
2188	358.1
2189	459.6
2190	167.4
2191	519.4
2192	367.3
2193	417.1
2194	878.4
2195	168.6
2196	425.7
2197	1129.8
2198	353
2199	1156.8
2200	398.7
2201	10.4
2202	160.4
2203	538.4
2204	385.2
2205	589
2206	334.7
2207	169.6
2208	153.6
2209	531
2210	1085.2
2211	536.7
2212	838.2
2213	826.9
2214	425.2
2215	346.6
2216	140.7
2217	475.7
2218	389.1
2219	1126.6
2220	150.6
2221	300.1
2222	1026.3
2223	340.2
2224	539.9
2225	375.5
2226	147.9
2227	1147.2
2228	481.9
2229	530.3
2230	859.1
2231	326.9
2232	428.6
2233	430.2
2234	1114.3
2235	482.9
2236	457.5
2237	551.7
2238	537.8
2239	146.7
2240	504.4
2241	439.5
2242	492
2243	557.3
2244	510.9
2245	1161.9
2246	334.7
2247	518.6
2248	1111.9
2249	515.8
2250	364
2251	159.5
2252	902.1
2253	516.1
2254	163.5
2255	513
2256	1047.1
2257	174.2
2258	392.3
2259	1061.2
2260	483.7
2261	456.1
2262	433.5
2263	1159.1
2264	1174
2265	1067.9
2266	484.1
2267	516
2268	798.2
2269	171.2
2270	722.2
2271	949.8
2272	452.9
2273	167.7
2274	706.1
2275	886.3
2276	205.4
2277	516.7
2278	697
2279	448.1
2280	502.7
2281	790.1
2282	1188.8
2283	200.7
2284	715.5
2285	1072.9
2286	855.2
2287	142.1
2288	1002.7
2289	471.4
2290	482.4
2291	463.6
2292	1070.4
2293	163.4
2294	182.2
2295	945.9
2296	958.7
2297	1178
2298	481.5
2299	130.8
2300	501.1
2301	755.7
2302	558.6
2303	551.2
2304	549.2
2305	475.9
2306	1010.9
2307	1013.4
2308	531
2309	862.7
2310	1154
2311	867.9
2312	787.2
2313	728.7
2314	551.9
2315	909
2316	520.9
2317	1114
2318	460.5
2319	453.2
2320	986.8
2321	1053.9
2322	583.5
2323	564.3
2324	1128.3
2325	964.3
2326	870.6
2327	525.3
2328	1125.4
2329	561.1
2330	930.4
2331	872.6
2332	183.1
2333	739.1
2334	999.9
2335	941.2
2336	832.2
2337	802.8
2338	212.8
2339	182.7
2340	1119.3
2341	870.9
2342	942.7
2343	190.9
2344	735.6
2345	205.2
2346	893.3
2347	558.4
2348	729.1
2349	862.5
2350	724.4
2351	963.4
2352	585.2
2353	868.3
2354	747.6
2355	1077.6
2356	920.2
2357	824.8
2358	161.8
2359	1082.9
2360	950.5
2361	960
2362	185.1
2363	1121.1
2364	970.3
2365	884
2366	946.8
2367	872.6
2368	896.6
2369	139
2370	1119.8
2371	731.8
2372	866.4
2373	888.9
2374	147.9
2375	780.2
2376	947.4
2377	949.3
2378	912.4
2379	902.3
2380	858.3
2381	865.4
2382	1104.5
2383	940.1
2384	881.8
2385	747.9
2386	556.1
2387	543.3
2388	947.1
2389	1102.2
2390	878.1
2391	889.3
2392	1128.2
2393	926.5
2394	1100.2
2395	148
2396	872.1
2397	858.7
2398	732.3
2399	908.2
2400	852.3
2401	830.9
2402	1158.3
2403	881.2
2404	137.1
2405	918.6
2406	859.6
2407	968.1
2408	877.8
2409	867.5
2410	941.7
2411	955.8
2412	980.1
2413	815.3
2414	121.3
2415	968.6
2416	884.7
2417	873.1
2418	836.6
2419	924.6
2420	1112.6
2421	973.6
2422	1001.3
2423	812.1
2424	941.2
2425	129.3
2426	975.1
2427	832.4
2428	1166.9
2429	940.4
2430	884.8
2431	943.9
2432	900.3
2433	1168.2
2434	120.2
2435	961.7
2436	846.5
2437	95.9
2438	877.5
2439	516.6
2440	938.7
2441	1001.5
2442	812.9
2443	886.7
2444	1120.3
2445	910.4
2446	135.6
2447	976.4
2448	540.2
2449	921.8
2450	974.3
2451	867.2
2452	884.5
2453	495.2
2454	987.4
2455	908.9
2456	535.7
2457	925.5
2458	927.2
2459	995.8
2460	96.1
2461	547.7
2462	494.9
2463	124.5
2464	511.3
2465	1021.2
2466	1014.7
2467	750.9
2468	838.7
2469	1003.8
2470	545.8
2471	946.5
2472	1009.3
2473	122.2
2474	511.7
2475	959.7
2476	675.5
2477	942.9
2478	871.1
2479	630.1
2480	967
2481	442.5
2482	92
2483	673.3
2484	911.7
2485	869.3
2486	880.6
2487	1043.9
2488	942.8
2489	515.6
2490	1138.1
2491	116.3
2492	915.6
2493	690.3
2494	857.8
2495	864
2496	109.9
2497	804.6
2498	820.6
2499	99.3
2500	956.4
2501	796.3
2502	832.7
2503	611.4
2504	441.1
2505	845.7
2506	888.6
2507	1047.7
2508	476.9
2509	681.7
2510	482.6
2511	0
2512	815.6
2513	864.5
2514	803.3
2515	820
2516	909.7
2517	136.1
2518	325.2
2519	856.8
2520	985.6
2521	779.6
2522	0
2523	127.9
2524	1023.9
2525	316.8
2526	791.2
2527	753.7
2528	802.7
2529	819.9
2530	796
2531	804
2532	808.5
2533	927.1
2534	338.6
2535	785.2
2536	957.8
2537	375.9
2538	0
2539	1151.6
2540	937.8
2541	1003
2542	851.2
2543	829.4
2544	373.4
2545	907.2
2546	487.1
2547	861.6
2548	922.8
2549	865.7
2550	1027.9
2551	156.5
2552	1139.3
2553	754
2554	1007.8
2555	811.7
2556	850.3
2557	907.5
2558	845.6
2559	761.5
2560	0
2561	778.8
2562	1145.6
2563	924
2564	998.6
2565	948.3
2566	141.7
2567	899.8
2568	0
2569	864.6
2570	366.1
2571	168.7
2572	932.1
2573	479.7
2574	937
2575	392.7
2576	839.9
2577	783.4
2578	860.1
2579	811.1
2580	947.1
2581	991.5
2582	1127.1
2583	936
2584	1010.8
2585	0
2586	1079.9
2587	850.1
2588	860
2589	819.8
2590	875.1
2591	846.3
2592	762.1
2593	709.3
2594	338.7
2595	1011.8
2596	0
2597	822.7
2598	1135.8
2599	879.9
2600	790.6
2601	791.5
2602	979.3
2603	749.7
2604	1147.7
2605	913.3
2606	419.9
2607	0
2608	696.1
2609	947.7
2610	478.1
2611	927.3
2612	753.1
2613	792.6
2614	991.8
2615	188.6
2616	925
2617	0
2618	931.4
2619	966.9
2620	1132.2
2621	316.2
2622	846.7
2623	0
2624	749.6
2625	1056.2
2626	275
2627	903.2
2628	178.9
2629	993.3
2630	792.3
2631	735.7
2632	0
2633	819.7
2634	847.5
2635	740.1
2636	948
2637	920
2638	315.8
2639	743.6
2640	709.4
2641	363.6
2642	0
2643	1115
2644	424.3
2645	1128
2646	698.8
2647	325.2
2648	889.2
2649	385.6
2650	0
2651	921.1
2652	396.9
2653	811.7
2654	436.9
2655	736
2656	948
2657	317.2
2658	749.7
2659	928
2660	0
2661	315.4
2662	1074.6
2663	396.1
2664	722.1
2665	393.8
2666	363.3
2667	227.2
2668	326.3
2669	824.6
2670	1056.9
2671	880.3
2672	882.7
2673	398.8
2674	290.6
2675	401.1
2676	145.3
2677	1052.1
2678	940.6
2679	427.7
2680	339
2681	331.8
2682	321.7
2683	790.9
2684	713.8
2685	794.6
2686	900.8
2687	907.6
2688	308.8
2689	318
2690	372.7
2691	323.8
2692	111.9
2693	381.9
2694	686.5
2695	952.9
2696	799.9
2697	941.7
2698	1015.3
2699	19.8
2700	861.7
2701	180.6
2702	371.5
2703	669.7
2704	646
2705	723.1
2706	363.3
2707	12.7
2708	372.6
2709	317.8
2710	365.6
2711	341.1
2712	844.4
2713	802.4
2714	379.1
2715	609.9
2716	345.7
2717	316.4
2718	619.1
2719	686
2720	318.5
2721	724.6
2722	323.6
2723	849.3
2724	46.3
2725	335.5
2726	751.2
2727	800.1
2728	632.1
2729	781.2
2730	331.1
2731	845.7
2732	335.3
2733	326.4
2734	339.9
2735	664.3
2736	47.5
2737	727.6
2738	297.1
2739	718.3
2740	317.4
2741	305.8
2742	311.8
2743	722.2
2744	654.8
2745	301.3
2746	54.8
2747	659.5
2748	907
2749	742.8
2750	310
2751	406.9
2752	789.5
2753	671.7
2754	342.6
2755	299.2
2756	657.8
2757	724.2
2758	421.3
2759	665.8
2760	709.2
2761	650.6
2762	716
2763	51.1
2764	352.8
2765	342.1
2766	312.9
2767	60.2
2768	304.3
2769	696.1
2770	691.1
2771	412.6
2772	316.5
2773	213.9
2774	432.5
2775	379.2
2776	739.8
2777	303.5
2778	376.2
2779	734.3
2780	138.1
2781	761.3
2782	329.8
2783	652.1
2784	669.1
2785	64.9
2786	68.7
2787	335.2
2788	681.1
2789	360.8
2790	825.6
2791	349.2
2792	397.1
2793	412.2
2794	762.1
2795	669.2
2796	308.6
2797	434.5
2798	327.4
2799	737.2
2800	395.4
2801	372.1
2802	396
2803	650.7
2804	164.8
2805	397.1
2806	754.5
2807	434.1
2808	380.3
2809	373.3
2810	59.6
2811	405.7
2812	308.5
2813	348.8
2814	822.9
2815	415.3
2816	647.9
2817	733.9
2818	393.9
2819	864.2
2820	395.9
2821	345.6
2822	746.5
2823	378.7
2824	51.1
2825	739.6
2826	62.8
2827	144
2828	323
2829	78
2830	815.1
2831	740.3
2832	717.3
2833	702.4
2834	416.6
2835	374.5
2836	855
2837	641.8
2838	386.1
2839	357.5
2840	393.7
2841	770.5
2842	361
2843	774
2844	235.5
2845	725.4
2846	58.6
2847	414.7
2848	387.2
2849	350.2
2850	399.2
2851	357.1
2852	800.7
2853	822.1
2854	410.8
2855	843.2
2856	353.7
2857	814.1
2858	382.7
2859	769.7
2860	802.4
2861	718.6
2862	347.7
2863	247
2864	352
2865	779
2866	374.8
2867	808.8
2868	290.7
2869	376
2870	759.5
2871	368.7
2872	396.4
2873	405.2
2874	63.9
2875	792.2
2876	63.3
2877	813.1
2878	859.8
2879	230
2880	834.1
2881	851.6
2882	806.3
2883	821.2
2884	376.6
2885	299.2
2886	375.9
2887	269.7
2888	52.6
2889	71.7
2890	71.1
2891	763.9
2892	365.9
2893	396.4
2894	384.1
2895	417.9
2896	57.9
2897	415.8
2898	775.4
2899	411.2
2900	346
2901	242.8
2902	910.9
2903	427
2904	164.7
2905	820.5
2906	378.6
2907	314
2908	809.7
2909	389.9
2910	779.2
2911	425.4
2912	851
2913	381.2
2914	828.9
2915	260
2916	423.1
2917	61.7
2918	424.4
2919	233.3
2920	258.5
2921	696.7
2922	769.8
2923	770.7
2924	370.5
2925	747.3
2926	318.7
2927	205.2
2928	383.1
2929	302.3
2930	432.8
2931	869.4
2932	422.2
2933	892.3
2934	185.9
2935	809.2
2936	212.6
2937	736.7
2938	220.7
2939	829.9
2940	210.9
2941	744.5
2942	226.3
2943	378.7
2944	202.1
2945	842
2946	720
2947	437.7
2948	895.2
2949	782.5
2950	767.6
2951	460.2
2952	861
2953	381
2954	710.5
2955	416.1
2956	439
2957	360.4
2958	905.4
2959	258.2
2960	784.6
2961	830
2962	787.1
2963	397.9
2964	369.7
2965	741.8
2966	464.4
2967	419.7
2968	811.4
2969	281.2
2970	186.7
2971	789.1
2972	401.3
2973	174.9
2974	819.1
2975	999.3
2976	420.8
2977	412.2
2978	401.3
2979	863.3
2980	838.8
2981	760
2982	364.6
2983	823.1
2984	868.4
2985	698.4
2986	795.6
2987	768.5
2988	832.2
2989	188.3
2990	684.3
2991	1047.4
2992	409
2993	832.9
2994	812.3
2995	857.6
2996	460.4
2997	416.9
2998	703
2999	356.9
3000	746.8
3001	338.9
3002	860.7
3003	748
3004	311.1
3005	378.7
3006	845.3
3007	755.3
3008	852.5
3009	296.6
3010	190.1
3011	839.3
3012	435.5
3013	904.2
3014	678.6
3015	249.7
3016	790.8
3017	1047.7
3018	704.4
3019	245.9
3020	703.2
3021	289.7
3022	306.3
3023	302.3
3024	861.7
3025	670.8
3026	914.1
3027	911.7
3028	743.6
3029	914.1
3030	244.3
3031	388.8
3032	392.4
3033	254.5
3034	409.9
3035	709.9
3036	244.2
3037	389.9
3038	250.8
3039	738.1
3040	1009.3
3041	907.7
3042	946.3
3043	966.1
3044	858.4
3045	992.5
3046	209.8
3047	243.9
3048	901.1
3049	702.2
3050	1000.4
3051	944.9
3052	788.9
3053	1050.5
3054	707.4
3055	766.4
3056	970.1
3057	235.8
3058	1012.8
3059	814.7
3060	251.7
3061	301
3062	280.4
3063	1013.5
3064	1080.1
3065	294.6
3066	976.4
3067	289.2
3068	955.3
3069	292.2
3070	818.8
3071	396.2
3072	806
3073	147
3074	1031
3075	372.6
3076	383.4
3077	868.1
3078	761.5
3079	974.9
3080	939.7
3081	260.8
3082	316.1
3083	1059.5
3084	285.5
3085	794.5
3086	938.4
3087	1163.1
3088	1005.9
3089	1109
3090	864.9
3091	274.5
3092	219.6
3093	400.9
3094	182.4
3095	242.6
3096	925.8
3097	210.5
3098	1133.4
3099	233.1
3100	911.1
3101	120.7
3102	342.6
3103	1023.2
3104	1036.7
3105	310.5
3106	1018.1
3107	984.4
3108	241.8
3109	351.5
3110	234
3111	1212.7
3112	112.3
3113	1166
3114	286.4
3115	304.5
3116	345.2
3117	301
3118	1018.4
3119	1015.1
3120	103
3121	999.6
3122	171.4
3123	1026.8
3124	242.5
3125	419.7
3126	148.2
3127	110.6
3128	223.4
3129	237.4
3130	233.6
3131	994.1
3132	997
3133	1120.8
3134	1121.1
3135	188.5
3136	1107.6
3137	142.2
3138	268.1
3139	997.1
3140	881
3141	301.3
3142	939.4
3143	989.6
3144	237.1
3145	121.4
3146	183.4
3147	130.7
3148	368.3
3149	191.9
3150	137.5
3151	177.4
3152	974.5
3153	1019.7
3154	930.7
3155	0.2
3156	840.5
3157	816.7
3158	143.2
3159	936.4
3160	131.6
3161	167.6
3162	981.9
3163	243
3164	176.7
3165	17.4
3166	970.8
3167	18
3168	988.2
3169	184.6
3170	1024.1
3171	248.7
3172	995.8
3173	190.8
3174	0
3175	971.2
3176	224.6
3177	210.3
3178	215.7
3179	219.3
3180	163.8
3181	14.5
3182	1006.1
3183	1029.5
3184	164.7
3185	165
3186	837.7
3187	896.6
3188	0
3189	789
3190	227.7
3191	215.8
3192	0.1
3193	446.2
3194	1025
3195	971.2
3196	218.7
3197	13.7
3198	12.2
3199	928.8
3200	196.1
3201	224.4
3202	975.4
3203	1053.6
3204	17
3205	135.9
3206	191.2
3207	494.6
3208	202.8
3209	429.1
3210	149.1
3211	149.3
3212	945.3
3213	213.4
3214	199.6
3215	250.8
3216	209.5
3217	241.5
3218	141.4
3219	145.8
3220	12.3
3221	247.2
3222	147.7
3223	193.9
3224	963.8
3225	255.1
3226	953
3227	229.7
3228	436.5
3229	513.1
3230	21
3231	400.2
3232	209.1
3233	198.6
3234	954.3
3235	958.4
3236	151.1
3237	177
3238	159.6
3239	460.2
3240	26.6
3241	770
3242	444.3
3243	153.8
3244	478.8
3245	241
3246	265.7
3247	413.4
3248	232.5
3249	210.5
3250	18.6
3251	1037.6
3252	921.7
3253	444.1
3254	142.9
3255	201
3256	226.2
3257	145.4
3258	498.1
3259	804.3
3260	199.9
3261	517.6
3262	131.8
3263	212.8
3264	210.5
3265	212.8
3266	414.5
3267	831.3
3268	137.4
3269	891.2
3270	390.3
3271	183.9
3272	858.6
3273	211.7
3274	893.4
3275	429.9
3276	323.2
3277	393.6
3278	890.4
3279	211.8
3280	203.8
3281	261.7
3282	166.8
3283	104.2
3284	423.9
3285	175.8
3286	894.2
3287	191.1
3288	613.7
3289	427.6
3290	223.6
3291	853.9
3292	164.6
3293	586.1
3294	604.7
3295	240.5
3296	151.8
3297	236.3
3298	746.7
3299	294.3
3300	785.2
3301	342.1
3302	246.5
3303	870.9
3304	671
3305	112.6
3306	465
3307	200.1
3308	833.8
3309	432
3310	318
3311	160.5
3312	652.1
3313	308.4
3314	163.7
3315	421.8
3316	744.8
3317	183
3318	88.3
3319	130.6
3320	299.4
3321	438.9
3322	136.2
3323	499.7
3324	442.5
3325	317.8
3326	438.9
3327	116.3
3328	191.3
3329	281.2
3330	648.9
3331	236
3332	227.5
3333	308.1
3334	126.7
3335	763
3336	432.5
3337	111.2
3338	284.4
3339	160.8
3340	168.6
3341	727.2
3342	423
3343	198
3344	312.5
3345	98.3
3346	163.2
3347	437.7
3348	113.8
3349	408.5
3350	102.1
3351	174.7
3352	101.4
3353	273.6
3354	454.9
3355	307.7
3356	315.7
3357	426.4
3358	166.5
3359	268.9
3360	106.2
3361	301.2
3362	399.9
3363	614
3364	477.4
3365	224.3
3366	263.9
3367	288.5
3368	167
3369	172.2
3370	482.6
3371	283.5
3372	199.1
3373	279.6
3374	267.7
3375	407.8
3376	260.3
3377	381.7
3378	391.5
3379	416.6
3380	269.8
3381	292.8
3382	387.2
3383	282.2
3384	275.6
3385	287.2
3386	297.3
3387	422.5
3388	389.3
3389	298.7
3390	301.1
3391	288
3392	302.1
3393	431.1
3394	325
3395	309.6
3396	300.8
3397	328.4
3398	246.3
3399	198.8
3400	870.9
3401	904
3402	884.7
3403	916
3404	1111
3405	1084.4
3406	1148.1
3407	974
3408	1175.3
3409	1030.6
3410	192.2
3411	191.6
3412	1044.5
3413	975
3414	1070.3
3415	896.9
3416	819.9
3417	1011.1
3418	1003.8
3419	922.5
3420	769.4
3421	885.4
3422	973.6
3423	859.3
3424	1083.6
3425	1107.4
3426	958.8
3427	840.5
3428	501.9
3429	1152.4
3430	475.4
3431	909.5
3432	1172.7
3433	1135.2
3434	1087.7
3435	753.3
3436	901.7
3437	1040.6
3438	756.8
3439	695.1
3440	917.1
3441	1065.1
3442	742.2
3443	983.4
3444	839.9
3445	678.6
3446	771.5
3447	762.9
3448	745.7
3449	997.8
3450	801.1
3451	1004.6
3452	1028.4
3453	909.3
3454	971.9
3455	996.8
3456	127.9
3457	954.8
3458	871.9
3459	770.7
3460	984.4
3461	124.2
3462	958.8
3463	1078.8
3464	760
3465	743.7
3466	689.3
3467	914.3
3468	917.7
3469	659.8
3470	846.7
3471	982.8
3472	505.6
3473	935.5
3474	892.9
3475	882.1
3476	960.6
3477	938.2
3478	902.1
3479	810
3480	909.5
3481	1011.2
3482	287.1
3483	32.3
3484	891.9
3485	43.8
3486	873.4
3487	0
3488	63.5
3489	931
3490	903.2
3491	560.2
3492	833.5
3493	50.9
3494	873.1
3495	1050.8
3496	144
3497	309.3
3498	290.2
3499	965.8
3500	440.4
3501	169.8
3502	162.5
3503	371.9
3504	436.7
3505	820.4
3506	1035.1
3507	436.6
3508	1022.4
3509	176
3510	553.6
3511	1047.7
3512	876.3
3513	199.2
3514	837.9
3515	1100.1
3516	875.5
3517	825.2
3518	914.9
3519	937.1
3520	986.7
3521	963.1
3522	514.4
3523	962.6
3524	881
3525	903.7
3526	148.2
3527	873.3
3528	1018.4
3529	757.4
3530	749.9
3531	1128.2
3532	375.1
3533	988.4
3534	948.6
3535	840.8
3536	320.1
3537	70.6
3538	914.4
3539	384.2
3540	421.3
3541	335.7
3542	372.5
3543	347.2
3544	309.4
3545	432.2
3546	311.9
3547	322.7
3548	406.1
3549	875.7
3550	804.3
3551	873.8
3552	334.8
3553	355.8
3554	905.2
3555	401.4
3556	840.5
3557	201.9
3558	396.8
3559	166.9
3560	406.6
3561	680.4
3562	226.8
3563	947
3564	262.4
3565	288.8
3566	252.3
3567	920.7
3568	989
3569	942.7
3570	941.9
3571	987.6
3572	257
3573	1046.8
3574	371.2
3575	330.3
3576	986.3
3577	1117.1
3578	148.4
3579	205.6
3580	204
3581	193.5
3582	148.7
3583	202.3
3584	974.8
3585	260
3586	944.2
3587	211.7
3588	470.9
3589	172.2
3590	243.9
3591	108.6
3592	302
3593	394.8
3594	302.8
