"COMID"	"Value"
1	81.1
2	12.6
3	116.5
4	117.9
5	23.1
6	4.1
7	112.2
8	16.8
9	0.2
10	1.1
11	144.8
12	0.1
13	2.9
14	95.8
15	16
16	0.5
17	74.9
18	73.4
19	86
20	96.7
21	47.8
22	113.5
23	0.3
24	0.1
25	60.5
26	49
27	39.9
28	29.1
29	0.6
30	18.9
31	90.8
32	24.9
33	102.7
34	0
35	67.6
36	0.2
37	77
38	1.1
39	0.1
40	0.3
41	89.8
42	30.8
43	0.2
44	27.5
45	16.7
46	4.3
47	22
48	97.1
49	49.9
50	38.8
51	0.1
52	14.2
53	0.4
54	103.7
55	105.5
56	84.4
57	0.2
58	0.1
59	23.7
60	0.1
61	0.1
62	0.3
63	76.2
64	29.6
65	0.1
66	33.7
67	77.5
68	25.7
69	9.5
70	24.8
71	3.3
72	63
73	0
74	86.4
75	16.9
76	9.2
77	31.6
78	8
79	96.2
80	4.1
81	44.8
82	12.8
83	49
84	0.7
85	57
86	31.3
87	0.1
88	0.1
89	4.8
90	31.9
91	46.4
92	91.2
93	71.3
94	0.3
95	103.3
96	6
97	91.3
98	0.2
99	9.8
100	90
101	62.8
102	47.4
103	0
104	31.7
105	9.2
106	88.5
107	14
108	0.6
109	2.9
110	2.2
111	3.3
112	80
113	2
114	78.2
115	34.3
116	33.3
117	36
118	35.5
119	0.3
120	20.1
121	18.3
122	58.4
123	6.7
124	33.4
125	47.6
126	94.9
127	60.8
128	38.8
129	0.1
130	19
131	15.8
132	3.2
133	35.3
134	41.6
135	33.5
136	46.7
137	41.3
138	1.8
139	1
140	39.3
141	30.2
142	6.1
143	0.4
144	20.3
145	1.7
146	32.7
147	71.8
148	42.8
149	36.5
150	46.4
151	56.8
152	31
153	0.6
154	29.3
155	8.9
156	17.8
157	46.8
158	6.4
159	24.3
160	77.5
161	13.5
162	1.6
163	22
164	13.1
165	0.3
166	0.8
167	36
168	1
169	39.3
170	63.1
171	32.3
172	9.1
173	16.9
174	1.1
175	24.1
176	104.8
177	25.2
178	20.8
179	31.1
180	0.6
181	2.5
182	20.8
183	11.6
184	0.4
185	1.7
186	35.1
187	17.5
188	0.5
189	0.5
190	50.8
191	0.4
192	26.3
193	4.6
194	96.1
195	18.7
196	0.5
197	25.4
198	0.4
199	31
200	0.4
201	0.5
202	2.6
203	0.5
204	0.3
205	2.9
206	33.2
207	42.8
208	93.6
209	31.3
210	33.4
211	77.4
212	43.5
213	28.4
214	0.8
215	36.2
216	18.4
217	21.3
218	5.9
219	9.3
220	0.4
221	1.8
222	37.5
223	77.7
224	0.8
225	8.2
226	29.4
227	3.8
228	32.2
229	0.3
230	34.2
231	25.9
232	17.8
233	62.7
234	4.9
235	13.9
236	25.4
237	30.3
238	4.4
239	31.8
240	42.6
241	29.8
242	0.4
243	0.4
244	57.1
245	36.8
246	66.6
247	12.4
248	6.5
249	0.1
250	59.2
251	28.5
252	18.2
253	15.7
254	1.1
255	0.6
256	71.7
257	1.4
258	19.5
259	14
260	3.3
261	35.7
262	27.1
263	14.7
264	0.7
265	0.4
266	29
267	52.5
268	13.2
269	57.6
270	0.4
271	33.2
272	26.6
273	56.3
274	0.5
275	22.9
276	2
277	0.3
278	23.2
279	0.8
280	18.2
281	23.3
282	45.6
283	0.6
284	37.2
285	0.2
286	17.7
287	20.4
288	14.9
289	0.8
290	0.2
291	7.8
292	17.1
293	0.6
294	14.7
295	0.2
296	45.9
297	39.1
298	0
299	19
300	41.6
301	0.4
302	50.1
303	33.3
304	12.5
305	41.5
306	40.6
307	42.6
308	31.3
309	2.4
310	15.3
311	45.8
312	37.2
313	23.4
314	14.6
315	0.8
316	0.5
317	0.8
318	30.3
319	1.1
320	40.1
321	0.2
322	15.1
323	42.9
324	2.6
325	1.9
326	11.6
327	2.1
328	2
329	0.2
330	0.2
331	1
332	0.3
333	0.8
334	0.8
335	13.3
336	0.7
337	3.9
338	0.8
339	7.2
340	2.9
341	0.9
342	0.8
343	1
344	18.5
345	6.7
346	6.4
347	0.9
348	29.1
349	16.6
350	0.9
351	1.4
352	1.2
353	41.7
354	10.1
355	2.2
356	1.6
357	2.3
358	8.8
359	0.8
360	7.6
361	1.5
362	7.2
363	6.2
364	0.8
365	17.4
366	1.9
367	0.7
368	180.5
369	0.4
370	41.5
371	1
372	0.1
373	2.9
374	0.7
375	19.4
376	0
377	40.2
378	2.8
379	0.9
380	41.3
381	0.3
382	1.2
383	53.1
384	0.7
385	3
386	1
387	179.1
388	23.4
389	12.7
390	155.1
391	0.3
392	21.2
393	2.1
394	0.4
395	1.5
396	5.7
397	4.2
398	0.2
399	17.4
400	0.1
401	53.2
402	3.1
403	4.4
404	1.6
405	0.1
406	28.3
407	12.7
408	1.9
409	1.8
410	16.7
411	47.6
412	0.9
413	32.4
414	0.5
415	9.9
416	1
417	3.1
418	1.8
419	5.6
420	1.6
421	7.1
422	14.8
423	48.3
424	25.2
425	352.6
426	6.6
427	3
428	26.9
429	26.1
430	4.2
431	5.4
432	1
433	293.8
434	1.8
435	0.2
436	160.3
437	11.5
438	439.3
439	3.9
440	26.8
441	3.3
442	0
443	22.6
444	1.6
445	595.9
446	0.2
447	618.4
448	555.1
449	0
450	5.4
451	4.2
452	79.7
453	4.5
454	0.1
455	2.5
456	0.1
457	69.4
458	90.2
459	25.5
460	1.3
461	65.9
462	120.8
463	22
464	3.5
465	79.9
466	6.2
467	2.7
468	0.6
469	0.3
470	1.2
471	4.8
472	34
473	13
474	0.3
475	19.5
476	0.8
477	122
478	0.9
479	0.9
480	69.8
481	3.5
482	2.5
483	94.7
484	0.1
485	0.2
486	14
487	1.1
488	33.2
489	3
490	26.2
491	1.9
492	62.2
493	5.5
494	32.6
495	26.8
496	1.5
497	11
498	0.7
499	3.9
500	8.6
501	0.2
502	32.1
503	0
504	0.2
505	3.2
506	5.8
507	8.5
508	2
509	4.9
510	0.1
511	22.3
512	23.8
513	0.5
514	2.5
515	1.7
516	0.7
517	9.1
518	1.5
519	4.9
520	20
521	0.1
522	0.2
523	0.4
524	57.8
525	0.1
526	2.8
527	0.1
528	0.1
529	1.1
530	30.9
531	19.8
532	87.3
533	0.1
534	0
535	31.7
536	67.2
537	11.5
538	2.7
539	0
540	0.2
541	12.1
542	16.4
543	0
544	1.8
545	16.2
546	17.5
547	0
548	16.7
549	29
550	0
551	8.8
552	0
553	22.7
554	0.8
555	0.2
556	0
557	2.9
558	17.6
559	25.9
560	11
561	42.4
562	17.5
563	3.1
564	4.1
565	32.3
566	15.3
567	0.1
568	12.9
569	8.2
570	0.6
571	43.3
572	6.8
573	1.9
574	0
575	0.1
576	36.2
577	4.9
578	27.1
579	28.5
580	9.4
581	4.2
582	0
583	0.1
584	0.1
585	47.7
586	0
587	16.2
588	0
589	37.8
590	1
591	0
592	32.6
593	11.5
594	6.3
595	0
596	0.1
597	0.6
598	0.4
599	20.4
600	4
601	0.5
602	0.7
603	563.5
604	0
605	2.1
606	0
607	0.1
608	1.9
609	7.2
610	0.1
611	13.7
612	7.4
613	0.3
614	90.9
615	6
616	3.6
617	48.3
618	465.7
619	12.4
620	6.3
621	0
622	108.2
623	118.9
624	95.5
625	0.1
626	0.2
627	14
628	0.5
629	11.3
630	31.4
631	0.1
632	507.3
633	129.1
634	0.2
635	11.7
636	10.8
637	6
638	0.1
639	527.3
640	6.3
641	19.7
642	1.9
643	94.5
644	8.3
645	515.5
646	149.5
647	0.1
648	587.2
649	84
650	0.1
651	35
652	0.7
653	0.2
654	0.1
655	0.3
656	1.2
657	109.4
658	33.8
659	107.4
660	17
661	16.3
662	100.1
663	103.5
664	0.1
665	0.1
666	0.1
667	47.5
668	56.2
669	51
670	0.1
671	0.1
672	0.1
673	100.2
674	5.4
675	58.4
676	76.4
677	20.2
678	4.5
679	0.4
680	1.6
681	128.1
682	87.3
683	65.5
684	95.8
685	0.1
686	22.5
687	0.6
688	47.6
689	0.1
690	96.8
691	29.1
692	18.7
693	2.8
694	3.3
695	20.7
696	88.8
697	0.3
698	99.2
699	85.4
700	51.4
701	9.1
702	82
703	42.2
704	72
705	28.4
706	2
707	23.3
708	52.4
709	28
710	84.3
711	2
712	37.9
713	77.4
714	0.7
715	70.6
716	5
717	591.2
718	84.7
719	74.8
720	36.7
721	0.1
722	27.1
723	69.9
724	102.4
725	0.1
726	1.7
727	4.7
728	31.2
729	12.4
730	83.6
731	2.6
732	3.2
733	72.6
734	37.3
735	43.3
736	1.5
737	87.2
738	37.2
739	97.5
740	105
741	29.4
742	675.9
743	94.1
744	1.9
745	1
746	31.6
747	46.4
748	0.2
749	103.4
750	0.4
751	28.1
752	78
753	55.2
754	76.6
755	101
756	39
757	104.2
758	151.4
759	0.1
760	29.7
761	0.1
762	29.1
763	91.8
764	18.9
765	48.6
766	3.7
767	172.9
768	77
769	105.1
770	71.3
771	103.1
772	146.7
773	20.7
774	19.2
775	17.3
776	0.7
777	21.9
778	47.2
779	1.3
780	109.5
781	86.1
782	851.9
783	825.9
784	858.8
785	868.3
786	817.3
787	847.2
788	747.6
789	797.6
790	843.4
791	812.2
792	818.2
793	775.9
794	848.6
795	872.3
796	745.3
797	877.9
798	780
799	803
800	836.7
801	743
802	750.7
803	829.4
804	725
805	769.5
806	813
807	664.1
808	769.3
809	851.3
810	887.3
811	779.3
812	857.1
813	820.5
814	811.5
815	857
816	754.8
817	730.5
818	842.5
819	886.4
820	792
821	896.2
822	1092.8
823	761.7
824	862
825	879
826	854.9
827	1166.2
828	1120.2
829	905
830	1135.9
831	856.5
832	1168
833	918.8
834	1131.9
835	1030
836	1092.7
837	857.5
838	938.6
839	934.6
840	1014.1
841	988.5
842	905.7
843	551.8
844	1130
845	938.2
846	987.6
847	1009.5
848	977.6
849	937.1
850	1164.7
851	1152.5
852	991.7
853	1051.6
854	1101.9
855	1031.9
856	925.3
857	959.9
858	1154
859	834.6
860	847.2
861	1117.3
862	312.4
863	993.4
864	911.1
865	1054.4
866	836.1
867	956.1
868	1184.3
869	934.7
870	770.1
871	841.9
872	882.4
873	374.8
874	1060
875	1149.5
876	940.3
877	1031.1
878	1025.4
879	1139
880	878.8
881	958.1
882	894.2
883	916.4
884	1055.8
885	1015.7
886	221.4
887	774.7
888	800.8
889	1041.4
890	936.4
891	951.5
892	832.4
893	896.5
894	242.2
895	1115.5
896	1165.6
897	937.2
898	862.3
899	890.8
900	906.6
901	884.7
902	1154.8
903	1152.2
904	1058.2
905	879.2
906	1147.7
907	844.9
908	800.2
909	1013.3
910	239
911	1051.4
912	884.7
913	848.6
914	838.4
915	313.2
916	835.2
917	1106.7
918	868.5
919	819
920	931.7
921	923.4
922	877.7
923	547.1
924	882.6
925	1130.6
926	919
927	1084
928	833
929	791.9
930	904.5
931	1069.1
932	903.3
933	926.5
934	252.4
935	927.7
936	897.6
937	1152.1
938	1146.7
939	1096
940	798.2
941	1106
942	881.9
943	200.1
944	1147.7
945	872.9
946	903.2
947	228.1
948	901
949	983.6
950	1038.7
951	983.5
952	796.9
953	883.6
954	892.8
955	929.4
956	868.6
957	805.6
958	867
959	791.1
960	887.8
961	958
962	885.6
963	868.2
964	146.4
965	935.7
966	950.5
967	154.1
968	821
969	854.8
970	747.4
971	1049.1
972	881.7
973	858.5
974	803.8
975	1151.8
976	1108
977	1083
978	879.3
979	915.9
980	1110
981	882.8
982	916.7
983	1020.6
984	1103.7
985	1077.4
986	1067.1
987	876.4
988	1095.8
989	964.6
990	293.8
991	949.5
992	636.2
993	1096.2
994	895.3
995	1150.5
996	1008.7
997	1075.7
998	852.6
999	890.1
1000	131.9
1001	880.2
1002	1116.3
1003	255.3
1004	983.8
1005	834.3
1006	923.3
1007	138.3
1008	841.2
1009	517
1010	888.9
1011	907.7
1012	925.1
1013	838.5
1014	1062.3
1015	821.7
1016	158.1
1017	1071.4
1018	828.9
1019	844.7
1020	939.2
1021	913.3
1022	964
1023	919.1
1024	1060.2
1025	931.7
1026	999.8
1027	923.6
1028	941.6
1029	820.1
1030	808.1
1031	157.1
1032	248
1033	822.8
1034	889.5
1035	742.2
1036	871.5
1037	895.7
1038	896.3
1039	780
1040	816.4
1041	962.7
1042	819.6
1043	158.9
1044	725.7
1045	806.9
1046	813.2
1047	998.8
1048	938.2
1049	964.3
1050	144.1
1051	894.5
1052	894.5
1053	804.3
1054	874.5
1055	904.7
1056	991.2
1057	766.8
1058	930.5
1059	804.7
1060	914
1061	177.5
1062	1032.9
1063	981.9
1064	720.9
1065	749.4
1066	920.7
1067	782
1068	788.3
1069	746.4
1070	931.5
1071	873.7
1072	744.5
1073	755.4
1074	926.6
1075	531.4
1076	926.7
1077	750.7
1078	1020.8
1079	898.3
1080	818.4
1081	750.3
1082	922.2
1083	724.6
1084	961.3
1085	910.1
1086	938.1
1087	158.8
1088	722.8
1089	797
1090	825
1091	987.2
1092	734.8
1093	792.7
1094	701.2
1095	794.8
1096	832.6
1097	993
1098	837.6
1099	536.3
1100	169.9
1101	701.5
1102	878.4
1103	712.3
1104	793.9
1105	811.6
1106	780.4
1107	728
1108	823.4
1109	843.1
1110	723
1111	732
1112	936.9
1113	979.4
1114	884.9
1115	764.6
1116	750.4
1117	946.6
1118	777.1
1119	804.3
1120	763
1121	841.5
1122	825.5
1123	821.5
1124	823.4
1125	724.3
1126	933.1
1127	739
1128	906.2
1129	899.6
1130	820.1
1131	707.1
1132	943.9
1133	916.8
1134	776.5
1135	849.8
1136	700.3
1137	783.9
1138	788.4
1139	796.6
1140	852.6
1141	763.4
1142	725.6
1143	931.5
1144	797.2
1145	832.2
1146	767.6
1147	776.8
1148	938
1149	736.5
1150	763
1151	779.8
1152	887.4
1153	936.2
1154	138.1
1155	892.8
1156	951.4
1157	712.2
1158	938.8
1159	819.5
1160	768.2
1161	709.7
1162	837.6
1163	832.6
1164	937.9
1165	878.1
1166	913.2
1167	876.9
1168	916.7
1169	894.1
1170	963.5
1171	858
1172	857.3
1173	801.1
1174	976
1175	774.6
1176	694.3
1177	915.6
1178	725.1
1179	930.4
1180	773.8
1181	837.2
1182	784.9
1183	704.3
1184	848.2
1185	942.2
1186	885.8
1187	731.2
1188	781.3
1189	814.8
1190	733
1191	932.7
1192	772.5
1193	839.3
1194	792.1
1195	993.8
1196	741.7
1197	872.6
1198	674
1199	949.3
1200	296.9
1201	786.5
1202	787.6
1203	893
1204	772.3
1205	796.2
1206	756.1
1207	772.9
1208	730.5
1209	804
1210	841.9
1211	845.4
1212	949.7
1213	817.5
1214	903.3
1215	805.9
1216	941.7
1217	898.7
1218	693.2
1219	737.4
1220	892.5
1221	782.7
1222	800.1
1223	827.9
1224	759.7
1225	980.3
1226	840.7
1227	892.8
1228	799.5
1229	835.7
1230	927
1231	773.7
1232	892
1233	791.6
1234	787
1235	811
1236	702.4
1237	968.6
1238	826.9
1239	897.7
1240	759.5
1241	901.4
1242	887.4
1243	764.9
1244	733.8
1245	914.8
1246	861.6
1247	763.2
1248	415.9
1249	914
1250	928.7
1251	799.9
1252	951.8
1253	797.6
1254	796.5
1255	979.1
1256	929.3
1257	848.6
1258	868.7
1259	953.7
1260	977.9
1261	946.8
1262	737.3
1263	822.7
1264	829
1265	859.1
1266	853.7
1267	1002.6
1268	933.5
1269	462.5
1270	861.8
1271	836.8
1272	751.4
1273	862.7
1274	881.7
1275	733.3
1276	910.5
1277	876.8
1278	951.2
1279	370.3
1280	871.3
1281	863.6
1282	1027.1
1283	1095.3
1284	495.8
1285	852.7
1286	1090.9
1287	830.7
1288	830.4
1289	917.4
1290	844.5
1291	1010.2
1292	830
1293	300.2
1294	820.3
1295	863.1
1296	758.9
1297	539.2
1298	860.9
1299	749.8
1300	865.5
1301	878.3
1302	835.9
1303	808.8
1304	549.9
1305	1089.6
1306	997
1307	857
1308	853.5
1309	990.3
1310	896.7
1311	896.5
1312	911
1313	843.2
1314	881.4
1315	940.4
1316	980.6
1317	934.5
1318	814.8
1319	973.4
1320	1013.3
1321	816.4
1322	1041.2
1323	1035.5
1324	840.1
1325	928.6
1326	798.5
1327	812.9
1328	879.4
1329	544.3
1330	1016.3
1331	911.3
1332	296.9
1333	781.7
1334	866.7
1335	221.2
1336	973.6
1337	803.7
1338	797
1339	848.5
1340	845.1
1341	888
1342	890.7
1343	1047.6
1344	978.6
1345	854.6
1346	1084.5
1347	971.4
1348	945.4
1349	838.2
1350	1008.8
1351	968.2
1352	516.3
1353	904.4
1354	805.2
1355	1016.4
1356	429.5
1357	815.4
1358	1030.4
1359	844.6
1360	846.5
1361	852.7
1362	936
1363	1076.9
1364	687.9
1365	1001.3
1366	794.5
1367	1008.8
1368	944.7
1369	805.6
1370	222.9
1371	795.5
1372	828.2
1373	940.7
1374	679
1375	947.2
1376	504.1
1377	822.7
1378	854.3
1379	839
1380	989.8
1381	1030.8
1382	994.4
1383	881
1384	833.5
1385	451.7
1386	976.5
1387	796.7
1388	800.5
1389	810.4
1390	969.1
1391	1084.1
1392	1006.7
1393	770.4
1394	673.9
1395	1026.1
1396	1060.5
1397	1124.7
1398	1110.5
1399	1078.8
1400	782.2
1401	810.1
1402	806.7
1403	918.7
1404	824.6
1405	682.9
1406	784.1
1407	1104.5
1408	787.7
1409	860.1
1410	768.3
1411	909.6
1412	679.8
1413	923.2
1414	838.6
1415	886.4
1416	1013.7
1417	776.6
1418	953.5
1419	841.9
1420	812
1421	803.4
1422	690.2
1423	663.2
1424	1023.5
1425	776.2
1426	910.8
1427	842.1
1428	782.1
1429	814.4
1430	988.3
1431	968.3
1432	834.4
1433	990.3
1434	785.1
1435	985.2
1436	1086.9
1437	777.9
1438	778.9
1439	847.1
1440	1020
1441	1014.5
1442	749.6
1443	777.8
1444	792.6
1445	792
1446	906.8
1447	694.9
1448	1035.9
1449	1109.6
1450	846.6
1451	761.4
1452	1088.3
1453	933
1454	652
1455	694.4
1456	768.8
1457	963.8
1458	1003.2
1459	829.6
1460	775.8
1461	976.9
1462	745.7
1463	779.8
1464	806.1
1465	791.9
1466	1091.3
1467	769.4
1468	756.4
1469	991.8
1470	870.7
1471	736.4
1472	751.3
1473	1098.7
1474	712.6
1475	1062.9
1476	739.4
1477	791.2
1478	880.7
1479	1059.9
1480	752
1481	1005.5
1482	1003.9
1483	769.7
1484	809.9
1485	676.1
1486	775.6
1487	802.1
1488	976.9
1489	1021.6
1490	743.1
1491	784.5
1492	978.9
1493	933
1494	1027.1
1495	785.1
1496	1011.1
1497	972.6
1498	766.2
1499	985.8
1500	97.9
1501	993.6
1502	1036.4
1503	779.1
1504	790.1
1505	958.7
1506	920.6
1507	751.7
1508	802
1509	680.2
1510	710.4
1511	851.6
1512	725
1513	901.6
1514	761.9
1515	784
1516	754.7
1517	896.2
1518	789.1
1519	1041
1520	712
1521	777.2
1522	760
1523	754.1
1524	787.1
1525	811
1526	744.7
1527	976.4
1528	734.7
1529	1035.3
1530	986.6
1531	758.1
1532	790.1
1533	820.9
1534	940.1
1535	504.8
1536	951.1
1537	757
1538	603
1539	723.6
1540	796.9
1541	767.6
1542	770.8
1543	993.7
1544	797.3
1545	654
1546	529.9
1547	871
1548	698.9
1549	725.4
1550	730.8
1551	765.8
1552	997.8
1553	988.3
1554	755.4
1555	994
1556	1041.9
1557	774.6
1558	704.3
1559	1000.4
1560	106.7
1561	774.5
1562	739.6
1563	838.2
1564	678.3
1565	788.7
1566	774.7
1567	740.1
1568	717.1
1569	967.4
1570	885.3
1571	713
1572	762.4
1573	899.9
1574	741.7
1575	923.7
1576	928.7
1577	906.9
1578	765.2
1579	770.6
1580	912.3
1581	908.6
1582	1017.9
1583	966.2
1584	529.4
1585	948.9
1586	886.5
1587	782.4
1588	929.2
1589	767.1
1590	802
1591	736.8
1592	956.8
1593	798
1594	988.2
1595	1018.9
1596	900
1597	747.5
1598	937.2
1599	1009.5
1600	1084.6
1601	716.8
1602	934.1
1603	1084.8
1604	943.4
1605	122.3
1606	741.6
1607	733.5
1608	1087.8
1609	731.1
1610	1044.1
1611	858.8
1612	940.1
1613	971.8
1614	1024.6
1615	890.2
1616	932.3
1617	694.1
1618	956.2
1619	114.3
1620	901.2
1621	932.5
1622	1040
1623	749.7
1624	945.8
1625	938.3
1626	936.8
1627	789.1
1628	905.1
1629	737.6
1630	1009.3
1631	834.1
1632	971.6
1633	684.8
1634	943.2
1635	947.4
1636	916.2
1637	1005.5
1638	923.9
1639	766.4
1640	720.2
1641	932.9
1642	926
1643	981.3
1644	725.6
1645	1007.4
1646	948.6
1647	741.3
1648	760.5
1649	747.9
1650	737
1651	931.6
1652	944.2
1653	727.1
1654	915.9
1655	989.8
1656	986.5
1657	998.3
1658	976
1659	970.6
1660	898
1661	126.8
1662	799.8
1663	922.1
1664	765.6
1665	710.5
1666	978.5
1667	996.6
1668	946.6
1669	969.2
1670	132.1
1671	1022.8
1672	915.1
1673	923.9
1674	929.1
1675	890.3
1676	765
1677	129.6
1678	744.2
1679	960.2
1680	1040.6
1681	975.2
1682	716.1
1683	957.7
1684	963.6
1685	953.9
1686	797.3
1687	955.5
1688	896.1
1689	767.1
1690	928.9
1691	112.3
1692	915.9
1693	134.8
1694	983.4
1695	921.2
1696	758.1
1697	1025.3
1698	738.6
1699	770.3
1700	859
1701	925.6
1702	1025.8
1703	1011.7
1704	743.9
1705	766.3
1706	931.2
1707	718.7
1708	713.2
1709	926.2
1710	762.2
1711	758.9
1712	1049.3
1713	944.9
1714	929.1
1715	915.3
1716	921.2
1717	944.7
1718	115.4
1719	775.1
1720	1035
1721	953.8
1722	926.7
1723	977
1724	922.4
1725	1057.8
1726	1003.1
1727	1022.2
1728	1018.4
1729	138
1730	951.3
1731	767.7
1732	930.6
1733	936.4
1734	126.5
1735	955.4
1736	725.8
1737	906.5
1738	904.4
1739	900.6
1740	773.4
1741	142.3
1742	752.4
1743	889.8
1744	1006.4
1745	917.3
1746	1024.5
1747	999.6
1748	1017
1749	772.1
1750	796.8
1751	1011.9
1752	994
1753	941
1754	1060.2
1755	995.5
1756	913.6
1757	990.9
1758	1025.3
1759	921.2
1760	922.4
1761	1031
1762	839.1
1763	950.5
1764	979.8
1765	726.3
1766	960.4
1767	1010.3
1768	753.6
1769	1007.2
1770	992.6
1771	868
1772	802.8
1773	968.5
1774	905.6
1775	517.6
1776	899.7
1777	929.9
1778	739.7
1779	769.3
1780	706.3
1781	1014.2
1782	1013.6
1783	934.7
1784	905.5
1785	907.8
1786	1025.6
1787	1018.5
1788	848.6
1789	872.1
1790	685.3
1791	762
1792	912.1
1793	931.3
1794	655.9
1795	903.1
1796	904
1797	1108.9
1798	884.9
1799	926.8
1800	880.5
1801	1043.6
1802	927.1
1803	756.1
1804	876.5
1805	712.1
1806	824.3
1807	1008.1
1808	852.8
1809	922.7
1810	867.7
1811	936.1
1812	901.1
1813	826.4
1814	875.9
1815	902.8
1816	1016.8
1817	944.9
1818	875.9
1819	809.8
1820	1104.9
1821	952.7
1822	905.1
1823	977.4
1824	911.9
1825	1089.7
1826	962
1827	927.1
1828	940.1
1829	918
1830	792.1
1831	877.7
1832	940.9
1833	831.3
1834	898.2
1835	761.7
1836	777.8
1837	463.9
1838	928.5
1839	1088.9
1840	910.9
1841	790.3
1842	858.5
1843	1134.9
1844	939.9
1845	856.7
1846	392.5
1847	816.6
1848	1122.8
1849	1092.8
1850	1077.2
1851	841.9
1852	940.2
1853	1012.9
1854	899.8
1855	974.1
1856	786.6
1857	892.9
1858	913.7
1859	887.9
1860	873.6
1861	882.3
1862	826.8
1863	861.2
1864	860.1
1865	950.3
1866	1119.8
1867	900.1
1868	891.5
1869	930.2
1870	543
1871	901.6
1872	810
1873	854.2
1874	1128.3
1875	863.4
1876	929.4
1877	884.5
1878	827.3
1879	1136.3
1880	1095.7
1881	942
1882	905.4
1883	1136.7
1884	906.9
1885	937.5
1886	913.6
1887	871.1
1888	921.5
1889	765.4
1890	1038.1
1891	535.4
1892	911.6
1893	849.3
1894	907.8
1895	883.5
1896	862.5
1897	824.1
1898	1070.9
1899	809.2
1900	926.5
1901	1045.3
1902	838.7
1903	932.5
1904	836.3
1905	899.9
1906	857.5
1907	399.7
1908	785.1
1909	488.2
1910	440.4
1911	924.8
1912	861.9
1913	625.5
1914	885.5
1915	852.5
1916	860.6
1917	977.4
1918	786.9
1919	864.9
1920	845.9
1921	955.4
1922	596.4
1923	644.2
1924	826.8
1925	928.4
1926	901.2
1927	1044.5
1928	823.3
1929	327.3
1930	923.6
1931	432.2
1932	747.4
1933	951.4
1934	80.6
1935	950.5
1936	977.9
1937	551.7
1938	918.2
1939	961
1940	874.2
1941	838.9
1942	65
1943	570.3
1944	953
1945	374.3
1946	595.1
1947	591.8
1948	327.5
1949	902.9
1950	0
1951	941.7
1952	546.1
1953	79.6
1954	585.4
1955	40.2
1956	936.4
1957	1023.4
1958	878.8
1959	79.6
1960	876.1
1961	74.1
1962	850.8
1963	527.3
1964	581.9
1965	770.7
1966	0
1967	520.5
1968	51.2
1969	848.1
1970	955.6
1971	808.4
1972	592.8
1973	519.8
1974	933.7
1975	86.8
1976	34.6
1977	661.3
1978	950.6
1979	0
1980	608.9
1981	901.9
1982	0
1983	790.2
1984	786.2
1985	86.7
1986	43.2
1987	953.9
1988	79
1989	0
1990	0
1991	594.9
1992	908.7
1993	83.1
1994	994.4
1995	885.1
1996	532.4
1997	34.8
1998	1011.9
1999	913.6
2000	106.4
2001	904.2
2002	46.3
2003	50.9
2004	526.4
2005	574.7
2006	80.1
2007	784.6
2008	161.9
2009	891.7
2010	31.3
2011	0
2012	551.6
2013	37
2014	0
2015	42.4
2016	589.7
2017	920
2018	219.9
2019	568.6
2020	601.3
2021	199.8
2022	202
2023	548.2
2024	0
2025	988.8
2026	532.1
2027	66.7
2028	976.3
2029	882.3
2030	765.7
2031	49.3
2032	129.2
2033	757.7
2034	920.1
2035	53.6
2036	0
2037	891.8
2038	0
2039	563.7
2040	568.6
2041	0
2042	176
2043	861
2044	940.5
2045	735.6
2046	588
2047	79.6
2048	555.4
2049	917.9
2050	932.1
2051	165.1
2052	753.4
2053	168.9
2054	64
2055	48.8
2056	876.1
2057	124.9
2058	0
2059	572.5
2060	191.5
2061	120.5
2062	1004.7
2063	577.2
2064	164.1
2065	589.3
2066	832.1
2067	198.8
2068	840.9
2069	892
2070	140
2071	178.1
2072	901.8
2073	53.6
2074	928.6
2075	887.6
2076	0
2077	538.7
2078	902.2
2079	546.5
2080	567.8
2081	929.5
2082	745.6
2083	150
2084	876.2
2085	929.4
2086	734.6
2087	564.8
2088	1057
2089	588.1
2090	988.3
2091	702.4
2092	634.4
2093	867.4
2094	568
2095	143.7
2096	523.1
2097	149.9
2098	838.6
2099	41
2100	819.9
2101	812
2102	837.4
2103	501.3
2104	427.1
2105	722.3
2106	580.5
2107	604.4
2108	849.3
2109	801.9
2110	864.3
2111	472
2112	0
2113	790.3
2114	581.2
2115	846.7
2116	871.8
2117	769.5
2118	41.6
2119	24.4
2120	919.8
2121	112
2122	816.3
2123	633.9
2124	866.3
2125	636.2
2126	874
2127	89.7
2128	547.3
2129	445.1
2130	628.7
2131	793.5
2132	832.6
2133	504.3
2134	844.8
2135	24.9
2136	997
2137	133.7
2138	32.6
2139	882.1
2140	443.4
2141	900.9
2142	87.1
2143	539.8
2144	817.7
2145	888.9
2146	142.7
2147	142.9
2148	864.8
2149	548
2150	479.2
2151	508
2152	838.8
2153	1050.4
2154	850
2155	460.1
2156	476.9
2157	552.4
2158	138.9
2159	96.8
2160	1096.3
2161	499.8
2162	904.3
2163	892.4
2164	535.9
2165	129.9
2166	406.8
2167	438.6
2168	559.4
2169	856.3
2170	486.1
2171	567.9
2172	504
2173	543.3
2174	456.8
2175	6.7
2176	523.2
2177	1028
2178	37.1
2179	476.9
2180	434.6
2181	1093.7
2182	558.4
2183	534.4
2184	471.3
2185	884.7
2186	4.9
2187	100.2
2188	393.1
2189	521.5
2190	107.1
2191	521.2
2192	400.8
2193	478.7
2194	901.8
2195	111.8
2196	469.5
2197	1003.5
2198	390.2
2199	1063.4
2200	446.1
2201	2.6
2202	90.9
2203	520.8
2204	468.9
2205	638
2206	450
2207	107.3
2208	95.9
2209	532.4
2210	985.5
2211	585.6
2212	715.9
2213	883.4
2214	480
2215	465.6
2216	88.9
2217	527.2
2218	429.7
2219	989.2
2220	80.4
2221	374.2
2222	992.9
2223	409.7
2224	573.6
2225	499.4
2226	88.3
2227	1027
2228	499.3
2229	544.3
2230	733
2231	391.2
2232	533.5
2233	468.8
2234	974
2235	511
2236	524.6
2237	564
2238	568.9
2239	89.4
2240	542
2241	530.7
2242	518.3
2243	564
2244	523.5
2245	1033.3
2246	391.7
2247	514
2248	1053.7
2249	574.6
2250	401.1
2251	76.8
2252	971.8
2253	519.5
2254	102.3
2255	517.1
2256	922.3
2257	86.8
2258	438.8
2259	1021.1
2260	507.4
2261	522.4
2262	483
2263	1065.7
2264	1065.1
2265	999.9
2266	569.8
2267	603.8
2268	771.4
2269	113.9
2270	730
2271	854.9
2272	557.8
2273	97.6
2274	692.3
2275	894.6
2276	128.6
2277	603.5
2278	707.2
2279	508
2280	562.2
2281	805.6
2282	1077.9
2283	154.7
2284	727.2
2285	992.9
2286	831.5
2287	100.4
2288	884.1
2289	565.1
2290	570.1
2291	489.3
2292	981.1
2293	115.4
2294	132
2295	906.1
2296	962.9
2297	1062
2298	538.7
2299	104.1
2300	581.9
2301	741.4
2302	556.9
2303	542.6
2304	549.5
2305	485.2
2306	939.6
2307	926.4
2308	602
2309	888.2
2310	1059.1
2311	889.7
2312	763.8
2313	732.4
2314	608.3
2315	897.6
2316	599.2
2317	1022.7
2318	524.1
2319	481.9
2320	963.1
2321	920.9
2322	619
2323	618.6
2324	1030.4
2325	924
2326	865.4
2327	525.2
2328	1000.2
2329	545.5
2330	889.8
2331	848.5
2332	126.4
2333	750
2334	874.7
2335	901.5
2336	919.5
2337	806.1
2338	151.7
2339	118.8
2340	1026.2
2341	946.3
2342	891.6
2343	134.9
2344	773.9
2345	136.6
2346	952.1
2347	576.7
2348	773.8
2349	871.3
2350	760.8
2351	835.2
2352	570.9
2353	876.1
2354	801
2355	1015.8
2356	883.5
2357	831.2
2358	95.2
2359	1032.7
2360	955.6
2361	988.5
2362	121.4
2363	1042.7
2364	863
2365	883.8
2366	919.2
2367	865.6
2368	915.9
2369	102.2
2370	1079.2
2371	790.5
2372	887.2
2373	895.6
2374	89.6
2375	811.9
2376	928.2
2377	949.2
2378	937.8
2379	908
2380	886
2381	863.9
2382	1040.5
2383	909.8
2384	854.8
2385	677.6
2386	609.9
2387	589.5
2388	952.8
2389	1062.1
2390	773.7
2391	887.8
2392	1055.9
2393	896
2394	1046.8
2395	107.3
2396	912.2
2397	835.7
2398	654.6
2399	909.8
2400	841.4
2401	895.4
2402	1071.2
2403	879
2404	95.5
2405	877.2
2406	838.5
2407	912.4
2408	881.2
2409	875.6
2410	920.7
2411	924.6
2412	964.7
2413	830.9
2414	85.7
2415	939.8
2416	869.1
2417	870.1
2418	889.6
2419	904.2
2420	1062.2
2421	930.7
2422	904.3
2423	797.5
2424	925.6
2425	95.4
2426	917.8
2427	839
2428	1059.6
2429	934.4
2430	893.3
2431	889.1
2432	840.9
2433	1091.2
2434	89.4
2435	916.5
2436	790
2437	68.8
2438	865
2439	441.6
2440	918.3
2441	967.7
2442	773.1
2443	827.9
2444	1069
2445	892.4
2446	101.7
2447	921.2
2448	504
2449	897.5
2450	924.5
2451	861.8
2452	871.8
2453	468.7
2454	951.5
2455	885.4
2456	455.6
2457	901.1
2458	852.2
2459	940.3
2460	62.6
2461	485.4
2462	400.2
2463	93.1
2464	476.2
2465	964.4
2466	964.4
2467	756.6
2468	857
2469	965.8
2470	490.6
2471	875.9
2472	964.4
2473	85
2474	431.7
2475	892.7
2476	613.2
2477	906.2
2478	853.6
2479	580.7
2480	911
2481	357.5
2482	54.7
2483	614.4
2484	878.2
2485	875
2486	863.2
2487	989.1
2488	876.7
2489	450.5
2490	1060
2491	77.2
2492	892.6
2493	615.2
2494	854.3
2495	835.4
2496	67
2497	805.5
2498	833.7
2499	62.7
2500	906.8
2501	832.6
2502	870.4
2503	586.4
2504	368.4
2505	838.5
2506	852.9
2507	979.8
2508	407.6
2509	604.1
2510	407.1
2511	0
2512	843.6
2513	847.3
2514	789.7
2515	824.8
2516	899.3
2517	101.8
2518	241.4
2519	848.5
2520	919.7
2521	786
2522	0
2523	90.8
2524	985.9
2525	244.9
2526	778.1
2527	783.1
2528	767.2
2529	806
2530	803.4
2531	775.8
2532	775.6
2533	901
2534	227.6
2535	814.4
2536	915.2
2537	262.2
2538	0
2539	1020.6
2540	891.3
2541	958.9
2542	842.5
2543	816.1
2544	254.1
2545	854.8
2546	381.3
2547	848.9
2548	868.3
2549	850.4
2550	1016.1
2551	109.1
2552	988.5
2553	752.9
2554	922.1
2555	811
2556	867
2557	874.6
2558	804.6
2559	779.1
2560	0
2561	805.8
2562	993.9
2563	865.8
2564	912.5
2565	901.5
2566	103.5
2567	858.8
2568	0
2569	843.7
2570	221.7
2571	118.7
2572	912.7
2573	391.7
2574	872
2575	255.9
2576	805.1
2577	813.1
2578	839.1
2579	810.6
2580	875.5
2581	901
2582	997
2583	870.5
2584	989.8
2585	0
2586	965.5
2587	815.4
2588	825.7
2589	805.9
2590	851.5
2591	833
2592	789.1
2593	753.4
2594	165.7
2595	953.7
2596	0
2597	831
2598	979.2
2599	849
2600	798.3
2601	815.3
2602	894.1
2603	795.1
2604	984.4
2605	845.9
2606	382.4
2607	0
2608	702.3
2609	873.4
2610	355.3
2611	865.5
2612	789.7
2613	790.9
2614	916.7
2615	129.4
2616	878.4
2617	0
2618	902.3
2619	902
2620	953.4
2621	142.1
2622	839.7
2623	0
2624	768.6
2625	952.8
2626	120.1
2627	829.4
2628	116.6
2629	937.2
2630	776.4
2631	742.9
2632	0
2633	814.9
2634	822
2635	754
2636	876.5
2637	841.5
2638	283
2639	766.3
2640	726.2
2641	315.5
2642	0
2643	996
2644	389
2645	973.8
2646	708.3
2647	210.8
2648	829.5
2649	344.5
2650	0
2651	834.3
2652	374.1
2653	810.2
2654	396.6
2655	741.6
2656	878.9
2657	197.5
2658	754.7
2659	876.7
2660	0
2661	267.4
2662	937.7
2663	357.1
2664	751.9
2665	353.2
2666	310
2667	134.8
2668	293.6
2669	812.4
2670	930.6
2671	875.3
2672	807.3
2673	347.9
2674	176.4
2675	362.8
2676	70.9
2677	958.4
2678	885.4
2679	372
2680	303.9
2681	275.8
2682	269.7
2683	779.7
2684	755.8
2685	813.6
2686	862.5
2687	840.1
2688	267.8
2689	266.7
2690	311.7
2691	272.7
2692	66.3
2693	319.3
2694	642.2
2695	854.8
2696	808.4
2697	866.6
2698	937.7
2699	3
2700	808.1
2701	115.7
2702	309.6
2703	695.9
2704	643.8
2705	745
2706	311.3
2707	2.1
2708	312.9
2709	237.9
2710	318.3
2711	299.2
2712	786.5
2713	828
2714	323.3
2715	621.7
2716	304.1
2717	266.5
2718	617.1
2719	627.3
2720	272.8
2721	768
2722	270.3
2723	828.1
2724	21.6
2725	296.3
2726	778.6
2727	861.2
2728	633.4
2729	823.7
2730	269.4
2731	793
2732	288.7
2733	282.4
2734	278.6
2735	675
2736	21.8
2737	689.7
2738	270.9
2739	726.2
2740	273.2
2741	275.9
2742	264.3
2743	688.9
2744	660.6
2745	240
2746	27.5
2747	698.1
2748	799
2749	803.1
2750	274.6
2751	326
2752	795
2753	680.1
2754	299.5
2755	261.5
2756	665.5
2757	806.3
2758	364.5
2759	668.5
2760	694.7
2761	669.7
2762	736.6
2763	20.3
2764	281.7
2765	292.3
2766	293.2
2767	31.5
2768	268.1
2769	654.6
2770	753.4
2771	354.5
2772	269.4
2773	179.1
2774	344.1
2775	302.5
2776	748.7
2777	265.7
2778	306.8
2779	757.7
2780	111
2781	813.9
2782	264.8
2783	632
2784	633.5
2785	26.3
2786	28.7
2787	318.5
2788	660.9
2789	292.6
2790	837.6
2791	311.4
2792	319.3
2793	359
2794	794
2795	642
2796	256.9
2797	361.1
2798	304.7
2799	788.2
2800	312.4
2801	306.4
2802	361.2
2803	615
2804	129.7
2805	312.3
2806	791
2807	394
2808	303.3
2809	300.9
2810	27.9
2811	331.6
2812	271.6
2813	286.8
2814	830.2
2815	347
2816	609.2
2817	726
2818	322.1
2819	850.7
2820	322.7
2821	291.8
2822	761.7
2823	309.9
2824	21.5
2825	704.3
2826	26.6
2827	103.2
2828	287.7
2829	31.8
2830	808.5
2831	713.6
2832	705.4
2833	670
2834	377.4
2835	344
2836	842.1
2837	647.4
2838	354.5
2839	328.5
2840	327.5
2841	742.4
2842	324.5
2843	716.2
2844	180.9
2845	695.3
2846	25.5
2847	351.5
2848	304.2
2849	330.4
2850	321.4
2851	304.8
2852	825.1
2853	817.3
2854	345
2855	794.2
2856	328.6
2857	822.3
2858	350.6
2859	752.3
2860	755.2
2861	698.4
2862	283.2
2863	229.2
2864	275.5
2865	735.2
2866	295.4
2867	789.2
2868	265.6
2869	295.5
2870	744.4
2871	302.9
2872	319.2
2873	339.8
2874	28.4
2875	818
2876	26.3
2877	822.9
2878	792.8
2879	182.9
2880	851.7
2881	864.5
2882	758.6
2883	778.5
2884	292.4
2885	280
2886	342.9
2887	245.2
2888	25.6
2889	30
2890	29.7
2891	723.1
2892	334.5
2893	345
2894	298.5
2895	344.9
2896	27.2
2897	352.1
2898	786.1
2899	342.4
2900	266
2901	201.8
2902	875.7
2903	378
2904	138.6
2905	788.6
2906	311.6
2907	286.3
2908	868.2
2909	333.1
2910	767.9
2911	364
2912	845.1
2913	333.6
2914	765.5
2915	234.4
2916	362.1
2917	27.3
2918	342.6
2919	192.8
2920	218.6
2921	674.6
2922	739.3
2923	755.5
2924	303.8
2925	702.6
2926	274.9
2927	160.3
2928	285.9
2929	269.9
2930	365.1
2931	862.4
2932	334.2
2933	888.3
2934	146.9
2935	911
2936	173.3
2937	720.3
2938	197.9
2939	948.6
2940	169.2
2941	752.1
2942	178.6
2943	329.5
2944	168
2945	908.2
2946	693.6
2947	348.5
2948	891.7
2949	847.6
2950	736.7
2951	368.3
2952	900.3
2953	337.8
2954	654.7
2955	353.1
2956	349.6
2957	294.1
2958	893
2959	225.9
2960	876.6
2961	887.5
2962	822.8
2963	305.8
2964	319.3
2965	736.8
2966	370.8
2967	349
2968	911.3
2969	225.5
2970	168.7
2971	916.4
2972	313.8
2973	140.8
2974	862.1
2975	983.4
2976	333.9
2977	333.8
2978	309.9
2979	901.2
2980	865.3
2981	718.5
2982	317.7
2983	891.4
2984	985.7
2985	632.4
2986	824
2987	774.1
2988	869.9
2989	165.2
2990	671.2
2991	1062.5
2992	324
2993	877.9
2994	825
2995	886.9
2996	373.1
2997	326.8
2998	696.5
2999	301.1
3000	746.2
3001	286
3002	897.3
3003	736.3
3004	230.8
3005	301.6
3006	868
3007	666.6
3008	883.6
3009	220.2
3010	160.2
3011	936.6
3012	352.1
3013	991.3
3014	650.6
3015	191.4
3016	807.4
3017	1108.6
3018	667.8
3019	197.2
3020	690.8
3021	236.4
3022	275.9
3023	225.6
3024	873.4
3025	645.9
3026	983
3027	929.7
3028	734.2
3029	905.3
3030	212.6
3031	307.6
3032	307.3
3033	186.6
3034	330
3035	696.7
3036	208.2
3037	311
3038	173.2
3039	721.6
3040	988.3
3041	893.5
3042	858.1
3043	967.9
3044	745.2
3045	979.3
3046	158.3
3047	171.2
3048	931.8
3049	696.5
3050	1033
3051	825.5
3052	766.7
3053	1049.7
3054	700.6
3055	751
3056	970.9
3057	173.5
3058	975.1
3059	820.8
3060	189.6
3061	285.4
3062	208.4
3063	1048.9
3064	1097.6
3065	234.9
3066	875.3
3067	240.3
3068	893
3069	225.9
3070	850.6
3071	312.5
3072	796.3
3073	124.3
3074	1021.2
3075	296.6
3076	301.8
3077	854.8
3078	767.7
3079	917.5
3080	953.7
3081	191.9
3082	286.8
3083	1064.6
3084	254
3085	792.3
3086	812.9
3087	1182.7
3088	920.3
3089	1124.3
3090	849.6
3091	202.7
3092	189.5
3093	312.7
3094	151.8
3095	182.9
3096	931.3
3097	183
3098	1150.6
3099	163.4
3100	947.7
3101	102
3102	266.5
3103	958.3
3104	994.3
3105	268.2
3106	1014.6
3107	979.4
3108	180.2
3109	265.8
3110	170.4
3111	1217.2
3112	93.5
3113	1137.2
3114	207.1
3115	265.4
3116	265.1
3117	223.7
3118	934.1
3119	969.5
3120	76.5
3121	974.9
3122	154.1
3123	999.6
3124	187.2
3125	336.6
3126	126.5
3127	79.6
3128	154.5
3129	160.9
3130	169.7
3131	924.2
3132	1005.4
3133	1070.1
3134	1040.1
3135	158.4
3136	1066.2
3137	129.7
3138	180.2
3139	976.3
3140	884.6
3141	260.6
3142	937.1
3143	962.1
3144	169.5
3145	91
3146	124.5
3147	116.4
3148	340.5
3149	138.7
3150	87.1
3151	160.9
3152	914.8
3153	977.6
3154	934.2
3155	0
3156	774.2
3157	754
3158	86.7
3159	932.9
3160	92.8
3161	154.8
3162	903.1
3163	161.6
3164	158.2
3165	11.6
3166	897.3
3167	11.9
3168	941.2
3169	132.6
3170	970.6
3171	201
3172	980.2
3173	122
3174	0
3175	962.1
3176	189
3177	143.5
3178	151.2
3179	153
3180	138.4
3181	11.5
3182	992.8
3183	1004.5
3184	144.5
3185	142.4
3186	682.2
3187	852.3
3188	0
3189	655.6
3190	205.3
3191	196.2
3192	0
3193	344.1
3194	996.6
3195	887.7
3196	174.3
3197	11.2
3198	10.6
3199	819.8
3200	135.1
3201	161
3202	909.4
3203	1014.8
3204	13.3
3205	112.8
3206	137.2
3207	396.9
3208	192.3
3209	342
3210	124.1
3211	126.2
3212	855.4
3213	144.2
3214	134.3
3215	203.9
3216	142.5
3217	172.5
3218	116
3219	117.4
3220	10.7
3221	181.9
3222	125.3
3223	197.1
3224	874.5
3225	161.1
3226	858.2
3227	163.6
3228	357.7
3229	369.5
3230	19.9
3231	299.1
3232	204.1
3233	137.2
3234	856.3
3235	862.7
3236	129.9
3237	117
3238	122.1
3239	338.2
3240	27
3241	627.3
3242	358.2
3243	118.6
3244	419.4
3245	165
3246	191.8
3247	331
3248	166.1
3249	210.3
3250	17.8
3251	1000.7
3252	853.2
3253	398.5
3254	115.4
3255	126.6
3256	223.3
3257	123.7
3258	417.6
3259	682.8
3260	208.4
3261	422
3262	111.4
3263	152.2
3264	149.1
3265	153.8
3266	359.3
3267	712.5
3268	111.5
3269	836.9
3270	314.6
3271	159
3272	804.7
3273	143.5
3274	845
3275	402.9
3276	302
3277	339.6
3278	775.2
3279	132.2
3280	139.8
3281	180
3282	165
3283	87.8
3284	378.5
3285	138.2
3286	830.1
3287	141.7
3288	518.9
3289	368.2
3290	221.1
3291	803.2
3292	186.8
3293	505.8
3294	539.4
3295	150.7
3296	169.1
3297	222.9
3298	620.8
3299	286.5
3300	678.3
3301	301.7
3302	179.8
3303	820.5
3304	593.1
3305	89.3
3306	406.3
3307	143.6
3308	787.3
3309	421.5
3310	278.9
3311	177.8
3312	557
3313	271
3314	156.7
3315	355.5
3316	699.2
3317	149.1
3318	77.8
3319	145
3320	281.5
3321	421.2
3322	151.1
3323	447.6
3324	379.1
3325	277.7
3326	413.3
3327	128.8
3328	150.9
3329	265
3330	611.3
3331	155.9
3332	152.9
3333	268.7
3334	142.5
3335	738.4
3336	419.9
3337	113
3338	261.7
3339	143.9
3340	135.8
3341	686.5
3342	397.2
3343	141.9
3344	273.9
3345	110.1
3346	94.6
3347	389.9
3348	105.5
3349	377.3
3350	89
3351	114.1
3352	84.8
3353	248.6
3354	411.9
3355	276.7
3356	274.6
3357	363.5
3358	110.3
3359	229.1
3360	94.9
3361	266.8
3362	365
3363	584.8
3364	464.6
3365	165.4
3366	225.7
3367	248.5
3368	140.2
3369	113.5
3370	476.6
3371	241.7
3372	147.9
3373	238.2
3374	230.3
3375	383.3
3376	223.1
3377	353.9
3378	368.3
3379	378.8
3380	234.2
3381	253.6
3382	361.2
3383	242.9
3384	240.3
3385	251.5
3386	260.1
3387	388.5
3388	355.4
3389	255.4
3390	257.3
3391	250.6
3392	264.5
3393	392.5
3394	279.7
3395	265.9
3396	259.4
3397	280.2
3398	213.5
3399	167.9
3400	807.2
3401	843.6
3402	825.8
3403	901.7
3404	1025.7
3405	1014.3
3406	1098.2
3407	892.8
3408	1140.1
3409	927.5
3410	175.3
3411	191.1
3412	1057.7
3413	893.9
3414	1028.6
3415	849.9
3416	786.3
3417	979.8
3418	918.4
3419	838.4
3420	750.7
3421	884.6
3422	919.1
3423	874
3424	987.3
3425	992
3426	894.1
3427	854.6
3428	565.1
3429	1080.5
3430	527.2
3431	835.6
3432	1087.5
3433	1036.5
3434	1037
3435	774.3
3436	856.4
3437	986
3438	721.9
3439	695.8
3440	845.4
3441	1064.1
3442	818.7
3443	982
3444	784.5
3445	645.9
3446	750.9
3447	754.2
3448	817.1
3449	1001.4
3450	764.5
3451	951.3
3452	1026.7
3453	860.9
3454	966.7
3455	1000.9
3456	114
3457	949
3458	874.8
3459	770.5
3460	937.8
3461	132.8
3462	965.5
3463	1030.6
3464	748.3
3465	736.4
3466	700.3
3467	886.5
3468	910.2
3469	681.9
3470	872.1
3471	996.2
3472	538.2
3473	1019.9
3474	891.9
3475	880.1
3476	891.9
3477	911.6
3478	884.4
3479	859.3
3480	856.6
3481	962.9
3482	454.2
3483	32.1
3484	886.6
3485	33.6
3486	853
3487	0
3488	76.5
3489	933.9
3490	942.6
3491	585.5
3492	816.3
3493	37.5
3494	818.7
3495	980.5
3496	93.3
3497	379.6
3498	332.6
3499	921.2
3500	473.9
3501	107.6
3502	79.7
3503	426.5
3504	466
3505	813.1
3506	953.3
3507	469.9
3508	932.4
3509	123.2
3510	600.4
3511	982.7
3512	879.8
3513	135
3514	841.6
3515	1046.1
3516	863.1
3517	792.3
3518	870.6
3519	926.5
3520	932.6
3521	931.8
3522	467.9
3523	894.3
3524	845.5
3525	891.4
3526	99
3527	861.6
3528	930.1
3529	761.8
3530	749.4
3531	988.1
3532	219.3
3533	922.3
3534	870.4
3535	883.4
3536	270.1
3537	34.1
3538	824.1
3539	318.3
3540	346.1
3541	273
3542	304.8
3543	281.6
3544	275.9
3545	364.4
3546	287.6
3547	264.7
3548	338.2
3549	885.1
3550	812.1
3551	868.1
3552	248.6
3553	267.1
3554	896.8
3555	336.4
3556	889.9
3557	163.4
3558	342
3559	139.4
3560	317.9
3561	668.1
3562	165
3563	898.8
3564	185.1
3565	215.2
3566	196.8
3567	890.8
3568	981.1
3569	909
3570	973.1
3571	995.1
3572	191.9
3573	1024.2
3574	281.1
3575	244.3
3576	944.7
3577	1045.9
3578	136.1
3579	145
3580	148
3581	195
3582	128.4
3583	131.3
3584	890.9
3585	168.7
3586	852.1
3587	191
3588	433.1
3589	187.7
3590	241
3591	90.8
3592	276.8
3593	358.6
3594	268.6
