"COMID"	"Value"
1	115.1
2	12.2
3	141.8
4	112.1
5	68.3
6	6
7	118.4
8	20
9	0.8
10	1.8
11	142
12	0.9
13	0.9
14	158.6
15	21.5
16	6.3
17	82.1
18	71.2
19	135
20	128.7
21	50.4
22	163.6
23	0.4
24	0.2
25	86.4
26	57.1
27	52.1
28	72.1
29	3.2
30	18.6
31	117.6
32	59.2
33	161.7
34	0.1
35	68.6
36	2
37	129.3
38	1.5
39	0
40	2.4
41	150.8
42	33.9
43	2.2
44	77
45	12.5
46	0.8
47	11.2
48	157.2
49	63.6
50	18.9
51	0
52	1.5
53	2.2
54	150.4
55	152.5
56	112
57	2.2
58	0
59	22.3
60	0
61	0.8
62	0.8
63	97.8
64	25.4
65	0.2
66	21.2
67	128.6
68	7.1
69	17.5
70	7.6
71	3.1
72	98.6
73	0.1
74	76.1
75	9.8
76	7.5
77	22.3
78	12.5
79	130.9
80	3.5
81	31.5
82	9.2
83	65.9
84	0.6
85	70.1
86	12.6
87	0.1
88	0.1
89	6
90	25.2
91	24.1
92	130.2
93	67.2
94	1.6
95	112.3
96	1
97	126.2
98	0.2
99	7.6
100	131.4
101	64.2
102	37.2
103	0
104	13.5
105	4.4
106	140
107	8.7
108	0.9
109	1.6
110	0.7
111	2.3
112	135.2
113	1.2
114	127.1
115	20.3
116	13.2
117	94.3
118	101.4
119	0.2
120	10.4
121	1
122	41.6
123	3
124	89.5
125	41.8
126	134.5
127	26.5
128	100.5
129	0
130	9.5
131	1.7
132	0.8
133	97.8
134	26.2
135	95
136	32.6
137	96.5
138	0.6
139	0.3
140	25.4
141	16.3
142	1.6
143	0.3
144	7
145	0.3
146	89.6
147	106.9
148	92.3
149	89.3
150	91.1
151	21.5
152	88.5
153	0.3
154	75
155	2.9
156	8.7
157	86.9
158	1.4
159	5.2
160	88.3
161	7.4
162	0.6
163	1.2
164	5.6
165	0.6
166	0.3
167	97.3
168	0.9
169	96.1
170	59.5
171	18.6
172	4.1
173	11.1
174	0.4
175	1.7
176	142.9
177	5
178	46
179	86.7
180	0.3
181	1.5
182	12.4
183	7.6
184	0.1
185	0.7
186	23.7
187	31.6
188	0.2
189	0.4
190	32.1
191	0.4
192	63.5
193	3.8
194	130.8
195	15.6
196	0.3
197	4.7
198	0.3
199	82.3
200	0.2
201	0.2
202	1.6
203	0.3
204	0.2
205	1.3
206	40.5
207	22.8
208	139.5
209	79.3
210	18.7
211	104.1
212	81.7
213	66.8
214	1.2
215	88.8
216	40.2
217	2.7
218	5.6
219	8.4
220	0.4
221	1.4
222	83.9
223	117.9
224	1.3
225	15.2
226	75.4
227	4.9
228	62.6
229	0.2
230	17.6
231	6.6
232	35.4
233	120.7
234	1
235	7.4
236	52.3
237	2.3
238	12.3
239	64.2
240	30.9
241	65.8
242	0.7
243	1
244	123.2
245	61.4
246	94.4
247	6.1
248	3.4
249	0.3
250	114.7
251	64.6
252	62.8
253	32.9
254	1.2
255	0.4
256	31.8
257	0.8
258	21.1
259	6.7
260	2.1
261	51.7
262	59.5
263	10.6
264	0.4
265	0.3
266	43.4
267	97.7
268	40.6
269	117
270	0.2
271	17.6
272	50
273	82.8
274	1.2
275	58.3
276	1.4
277	0.2
278	56.1
279	0.4
280	57.2
281	46.1
282	77.5
283	0.4
284	30
285	0.3
286	57.3
287	59.9
288	12.9
289	1
290	0.1
291	15.7
292	16.5
293	1.2
294	40.8
295	0.1
296	43.4
297	80.3
298	0.1
299	3.8
300	76.4
301	0.4
302	63.4
303	28.6
304	13.9
305	67.8
306	27.9
307	74.2
308	10.3
309	2.7
310	20.2
311	58.8
312	60.2
313	32
314	12.1
315	0.6
316	0.7
317	1.2
318	21
319	1.3
320	65.8
321	0.2
322	23.9
323	57.8
324	3.7
325	1
326	27.2
327	3.2
328	2.8
329	0.3
330	0.4
331	1
332	0.4
333	0.6
334	1
335	3.5
336	0.7
337	0.9
338	0.7
339	5.9
340	2.4
341	0.8
342	1.2
343	0.5
344	13
345	5.6
346	1
347	0.5
348	21.9
349	9.4
350	0.6
351	0.6
352	0.4
353	18.6
354	5.5
355	0.8
356	0.5
357	0.5
358	4.4
359	1.1
360	4
361	0.7
362	4.2
363	3.3
364	1.1
365	4.1
366	6
367	1.1
368	161.1
369	0.8
370	20.4
371	0.8
372	0.3
373	7.5
374	0.9
375	50.9
376	0
377	19.9
378	8
379	0.8
380	18.9
381	0.6
382	0.4
383	26.7
384	0.5
385	0.6
386	0.7
387	171.3
388	1.5
389	1.2
390	148
391	1.2
392	3.7
393	2
394	1.9
395	0.3
396	0.8
397	1.8
398	0.3
399	2.9
400	0.5
401	33.8
402	1.1
403	1.2
404	0.3
405	1.1
406	93.1
407	1.7
408	0.2
409	0.7
410	36.4
411	24.2
412	2.5
413	97.6
414	0.7
415	1.4
416	0.1
417	0.4
418	0.1
419	20.1
420	0.1
421	1.3
422	1.7
423	52.7
424	64
425	186.9
426	0.5
427	24.4
428	58.1
429	11.6
430	21.5
431	1
432	3.2
433	141.1
434	6
435	0.5
436	38.9
437	3.7
438	312.8
439	0.4
440	9.7
441	21
442	0.3
443	43.1
444	5.5
445	512.7
446	0.8
447	542.3
448	449.8
449	0.2
450	13.5
451	0.7
452	136.6
453	0.7
454	0.1
455	11.9
456	0
457	53.7
458	132.6
459	60.4
460	5.5
461	101.7
462	152.7
463	6.1
464	3
465	117.9
466	2.1
467	21.2
468	0.3
469	4.4
470	0.8
471	6.4
472	20.7
473	21.4
474	0.2
475	10.1
476	0.3
477	153.2
478	0.4
479	9.4
480	65.3
481	1.2
482	0.4
483	104
484	0.7
485	2.2
486	10.4
487	10.7
488	27.9
489	1
490	18.6
491	18.9
492	73
493	3.1
494	100.8
495	16.2
496	0.9
497	39.7
498	9.7
499	2.9
500	31.5
501	2.5
502	99
503	0.1
504	0.8
505	11.2
506	24.9
507	23.1
508	9.5
509	21.5
510	2.5
511	67.7
512	73.9
513	1.7
514	12.2
515	2.3
516	1.9
517	26.5
518	5.4
519	13.6
520	20.6
521	1.8
522	1.1
523	1.7
524	68.8
525	1.7
526	12.9
527	1.9
528	0.3
529	3.3
530	52.5
531	29.1
532	103.9
533	1.9
534	0.3
535	61.8
536	73.5
537	15.4
538	6.2
539	0.1
540	0.7
541	28.8
542	29.6
543	0.6
544	4.2
545	20.6
546	37.5
547	0
548	20.6
549	33.2
550	0.1
551	21.9
552	0
553	27.7
554	2.8
555	0.3
556	0
557	6.7
558	21
559	41.5
560	24.1
561	58.7
562	31.7
563	3.5
564	10
565	43.8
566	26.4
567	0.3
568	20.6
569	14.6
570	1.6
571	49.7
572	13.5
573	4.8
574	0
575	0.2
576	27.9
577	5.5
578	31.9
579	54.2
580	14.9
581	4.9
582	0
583	0.1
584	0.1
585	37.4
586	0
587	25.8
588	0
589	33.6
590	2.1
591	0
592	69.8
593	15.4
594	8.6
595	0
596	0.1
597	1.3
598	0.7
599	29.2
600	5.1
601	1
602	1.4
603	258.9
604	0
605	3.4
606	0
607	0.1
608	2.6
609	9.2
610	0.1
611	5.3
612	8.8
613	0.3
614	141.2
615	1.6
616	4.3
617	53.8
618	202.9
619	14.6
620	6.2
621	0
622	172.6
623	176.1
624	152.7
625	0
626	0.2
627	30.4
628	0.5
629	16.7
630	66.4
631	0.1
632	269.6
633	97.7
634	0.3
635	23.3
636	12.1
637	15.3
638	0.1
639	191.6
640	2
641	56.6
642	2.7
643	153.3
644	12.5
645	268.5
646	94.4
647	0
648	405.4
649	136.3
650	0
651	73.5
652	1
653	0.4
654	0.1
655	0.8
656	1.3
657	162.5
658	9.2
659	162.4
660	24.9
661	6.1
662	88
663	145.5
664	0
665	0.1
666	0
667	12.5
668	64.5
669	19.5
670	0
671	0
672	0
673	82.9
674	2.5
675	84.2
676	123.7
677	56.1
678	6.8
679	0.4
680	0.8
681	122.1
682	134.2
683	82.7
684	142.6
685	0
686	67.7
687	1.6
688	93.8
689	0.1
690	87.2
691	3.4
692	59.3
693	5.9
694	2.2
695	2.2
696	106.9
697	0.3
698	130.7
699	124.1
700	70.9
701	2.5
702	124.9
703	69.8
704	109
705	68.9
706	5.4
707	75
708	97
709	76.7
710	136.7
711	1.2
712	49
713	122.4
714	1.9
715	109.9
716	8.1
717	296.4
718	109.8
719	109.3
720	65.9
721	0
722	67
723	115.9
724	164
725	0
726	2.8
727	1.6
728	80.9
729	1.6
730	131.1
731	8.2
732	1.9
733	109.1
734	46.7
735	48.2
736	5.2
737	122.8
738	52.8
739	146.1
740	167.1
741	72.3
742	424.8
743	129.6
744	1.6
745	1.6
746	42.8
747	56.1
748	0.4
749	137.4
750	1.2
751	34.6
752	119.4
753	66.1
754	108
755	124.2
756	35.1
757	96.5
758	156.6
759	0
760	30.8
761	0.1
762	67.6
763	121.1
764	66.1
765	42.6
766	2.8
767	174
768	121
769	158.4
770	121.9
771	95.3
772	135.7
773	18.6
774	18.9
775	2.4
776	4.5
777	62.7
778	45.9
779	1.5
780	162.4
781	122.4
782	890.9
783	831.3
784	943.7
785	907.1
786	809.9
787	919.4
788	708.6
789	797
790	850.6
791	784.7
792	845.5
793	814.7
794	903.7
795	900.7
796	689.1
797	903.6
798	612
799	799.2
800	823.5
801	778.1
802	735.4
803	791.5
804	667.9
805	641
806	739.6
807	526.6
808	735.8
809	845
810	930.6
811	605
812	837.4
813	753.4
814	723.4
815	769
816	665.5
817	623.8
818	789.6
819	921.9
820	648.4
821	691.3
822	961.1
823	640.2
824	874.1
825	641.3
826	884.1
827	1056.6
828	1027.6
829	725.4
830	1061.4
831	706.9
832	1067.6
833	685.8
834	1178.3
835	929.9
836	1049.3
837	749.8
838	783.7
839	716.9
840	969.5
841	891.9
842	637.6
843	475.1
844	1183.6
845	868.8
846	729.7
847	940.1
848	758.7
849	625.3
850	1206.4
851	1136.4
852	976.7
853	1031.4
854	1029
855	986
856	794.1
857	882.7
858	1160.3
859	786.5
860	670.7
861	1045
862	236.3
863	998.7
864	817.3
865	1004.2
866	655
867	893.6
868	1199.3
869	777.2
870	659.4
871	776.1
872	791.3
873	297.5
874	943
875	1110
876	799.1
877	966.6
878	934.1
879	1007.3
880	798.3
881	767.3
882	762.1
883	856
884	961.2
885	968.7
886	172.2
887	724.3
888	729.1
889	943.2
890	718.7
891	837.7
892	734
893	781.3
894	196.7
895	915.6
896	1106
897	817.8
898	748.5
899	842.4
900	837.4
901	860.9
902	1167.3
903	1096.3
904	1002.3
905	841.6
906	1144.9
907	832.3
908	723.5
909	970.4
910	190.3
911	1009
912	777.5
913	845.6
914	755.2
915	213.7
916	758.6
917	990.5
918	798.1
919	821.1
920	856.3
921	846.2
922	846.1
923	455
924	814.8
925	1018.3
926	915.8
927	1008.5
928	637.6
929	783.3
930	775.8
931	975.3
932	755.2
933	853
934	187.3
935	839.7
936	873.9
937	1135.2
938	1114.9
939	1003.2
940	829.9
941	1012.5
942	818.5
943	156
944	1083.3
945	935
946	904.8
947	164.1
948	827.9
949	911.9
950	900.1
951	797.7
952	845
953	718.7
954	744.7
955	773.9
956	823
957	863.8
958	723.7
959	850.6
960	814
961	789.5
962	956.2
963	827.7
964	107.1
965	841.2
966	787.2
967	115.9
968	826.6
969	833.1
970	620.5
971	936.2
972	965.3
973	836.9
974	821.4
975	1063.6
976	1049.4
977	1053.3
978	682
979	792.6
980	1021.4
981	809.9
982	802.9
983	911.5
984	994.6
985	1031.1
986	1000
987	671.1
988	1022
989	842.9
990	226.4
991	849.9
992	606
993	1010.9
994	822.8
995	1139.7
996	899
997	996.7
998	707.8
999	847.2
1000	94.3
1001	708.3
1002	1077.3
1003	210.3
1004	875.6
1005	701.9
1006	978.1
1007	112.6
1008	712.5
1009	491.3
1010	837.7
1011	891.4
1012	956.2
1013	714.8
1014	970
1015	728.9
1016	142.5
1017	1023.3
1018	735.8
1019	728.1
1020	842.9
1021	898.4
1022	901.3
1023	1020.1
1024	1007.7
1025	802.3
1026	920.3
1027	886.7
1028	907.8
1029	738.6
1030	884.2
1031	114.9
1032	239.7
1033	885.9
1034	826
1035	792.2
1036	886.8
1037	793.3
1038	794.8
1039	683
1040	754.4
1041	806.5
1042	746
1043	121.6
1044	633
1045	756.8
1046	745.4
1047	1009.3
1048	937.8
1049	903.3
1050	130.7
1051	867.3
1052	949.3
1053	752.7
1054	881.5
1055	990.8
1056	825.3
1057	808.9
1058	876.6
1059	865.2
1060	881
1061	114
1062	853.2
1063	1014.3
1064	738.5
1065	598.1
1066	945.4
1067	851
1068	851.3
1069	806.9
1070	909.5
1071	883.7
1072	812.5
1073	781.9
1074	918.3
1075	534.4
1076	970.1
1077	854.3
1078	882.3
1079	961.7
1080	723.8
1081	838.8
1082	981
1083	853.7
1084	926
1085	919.9
1086	933.9
1087	131.2
1088	859.1
1089	612.3
1090	896.7
1091	993
1092	807.7
1093	690
1094	731.1
1095	790.5
1096	782.6
1097	999.1
1098	745.5
1099	540.8
1100	113
1101	741.2
1102	852.4
1103	801.8
1104	627.3
1105	766.9
1106	633.4
1107	828.3
1108	637.1
1109	886.4
1110	767.4
1111	802.6
1112	1015.1
1113	961.4
1114	904.3
1115	673.8
1116	662
1117	936.1
1118	667.4
1119	637
1120	720.2
1121	628.3
1122	695.1
1123	703.5
1124	887.6
1125	690.2
1126	924.4
1127	640.8
1128	1060.2
1129	925.4
1130	647
1131	781.9
1132	901.1
1133	1063.4
1134	637.5
1135	789.4
1136	807.1
1137	651.7
1138	655.3
1139	627.7
1140	891
1141	731.4
1142	715.5
1143	1009.6
1144	738.9
1145	664.5
1146	685.3
1147	679.7
1148	904.4
1149	693.4
1150	604.7
1151	700.6
1152	1038.7
1153	962.8
1154	107.5
1155	811.2
1156	815
1157	630.5
1158	824.3
1159	789.3
1160	770
1161	730.6
1162	704.6
1163	687
1164	888.7
1165	789.5
1166	939
1167	897.7
1168	849.8
1169	976.2
1170	849.1
1171	693.5
1172	811.1
1173	660.1
1174	943.2
1175	641.6
1176	656.8
1177	719.4
1178	702.1
1179	942.8
1180	609.6
1181	696.4
1182	739.8
1183	717.8
1184	784.7
1185	933.4
1186	935.2
1187	620.3
1188	722.9
1189	742.4
1190	666.6
1191	918.1
1192	696.8
1193	1002.1
1194	727.8
1195	871.1
1196	656.1
1197	770.1
1198	816.1
1199	1044.4
1200	230.4
1201	740.3
1202	674.4
1203	741.6
1204	644.7
1205	746.8
1206	746.4
1207	656.4
1208	808.9
1209	697.7
1210	1000.7
1211	954.9
1212	732.2
1213	827.1
1214	852.7
1215	714.3
1216	878.8
1217	1043.4
1218	788.7
1219	790.4
1220	956.2
1221	716.4
1222	715.8
1223	706.9
1224	700.7
1225	856.4
1226	918.2
1227	1017
1228	643.7
1229	718.5
1230	860.2
1231	743.5
1232	1002.6
1233	712.1
1234	687.8
1235	685.4
1236	782.7
1237	915.9
1238	984.3
1239	906
1240	681.6
1241	811.7
1242	999.4
1243	690.9
1244	697.8
1245	784.5
1246	942.2
1247	720.6
1248	314.1
1249	955.1
1250	942.7
1251	682.2
1252	781.5
1253	729.1
1254	657.5
1255	796.9
1256	913.6
1257	664.2
1258	641.4
1259	883.2
1260	963.5
1261	984.9
1262	799
1263	673
1264	669.3
1265	957.3
1266	872.2
1267	820.7
1268	1014.8
1269	315.1
1270	1001.1
1271	732.5
1272	649.1
1273	629.3
1274	893.3
1275	714.1
1276	915.3
1277	1024.3
1278	905.4
1279	232.9
1280	922.1
1281	656.3
1282	882.8
1283	1039.2
1284	376.5
1285	626.2
1286	1039.2
1287	660.3
1288	621.8
1289	1046.3
1290	702.6
1291	939.3
1292	681.6
1293	186.8
1294	657.3
1295	957.2
1296	782.2
1297	342.8
1298	875.5
1299	723.2
1300	655.9
1301	875
1302	668.2
1303	728.8
1304	412.9
1305	1059.7
1306	828.6
1307	954
1308	736.2
1309	828.1
1310	933.4
1311	922.2
1312	804.8
1313	664.7
1314	957.7
1315	870.2
1316	944.1
1317	917
1318	715.6
1319	966.9
1320	928.1
1321	628.1
1322	891.7
1323	861.3
1324	681.2
1325	1060.9
1326	618.9
1327	625.6
1328	907.5
1329	374.8
1330	967
1331	907.1
1332	178.2
1333	654.7
1334	989.7
1335	258.1
1336	1064.5
1337	661
1338	639
1339	704.2
1340	626.3
1341	1002.7
1342	932.3
1343	860.2
1344	891.7
1345	718.3
1346	910
1347	905.1
1348	896.9
1349	649.1
1350	831.6
1351	901.1
1352	319.4
1353	919.8
1354	629.1
1355	909.4
1356	253.1
1357	694.1
1358	983.3
1359	665.8
1360	655.7
1361	664.8
1362	1025.5
1363	940.9
1364	776.4
1365	932.5
1366	640.5
1367	911.3
1368	901
1369	618.6
1370	253.3
1371	641.1
1372	647.5
1373	976.9
1374	745.7
1375	951.5
1376	349.1
1377	696.9
1378	689.8
1379	721.2
1380	930.7
1381	918.5
1382	999.6
1383	680.8
1384	666
1385	303.1
1386	900.1
1387	649.3
1388	643.8
1389	618.8
1390	899.9
1391	971
1392	933.3
1393	674.5
1394	667.3
1395	922.4
1396	893.8
1397	1035.2
1398	971.5
1399	927.5
1400	677.6
1401	652.3
1402	662.3
1403	930.1
1404	697.4
1405	711.9
1406	680.6
1407	961.1
1408	633.6
1409	985.6
1410	598
1411	810.1
1412	724.1
1413	933.9
1414	651.3
1415	1003.6
1416	991.3
1417	625
1418	934.4
1419	669.1
1420	692.9
1421	720.1
1422	742.8
1423	553
1424	915
1425	603.9
1426	846.2
1427	636.6
1428	771.6
1429	698
1430	925.4
1431	928.1
1432	680.5
1433	993.3
1434	673.9
1435	937
1436	937.3
1437	694.3
1438	623.2
1439	661.4
1440	997.1
1441	976.6
1442	652.3
1443	714.9
1444	720.3
1445	659.9
1446	973.1
1447	694.6
1448	947.5
1449	964
1450	727.2
1451	657.7
1452	951.7
1453	964.1
1454	538.7
1455	736.1
1456	663
1457	925.6
1458	908.8
1459	713.1
1460	739.2
1461	996.3
1462	544.8
1463	641.2
1464	666.9
1465	705.9
1466	928
1467	635.7
1468	579.1
1469	904.4
1470	953.7
1471	598.6
1472	610.1
1473	950.8
1474	754.2
1475	926.7
1476	602.6
1477	766.9
1478	901.9
1479	942.6
1480	592.8
1481	937.1
1482	973.5
1483	636.2
1484	704.5
1485	555.5
1486	694
1487	664.6
1488	919.1
1489	924.4
1490	728.3
1491	676.9
1492	992.2
1493	908.8
1494	917.7
1495	674.4
1496	977.6
1497	989
1498	682.7
1499	920
1500	114.5
1501	984.2
1502	888.3
1503	681.3
1504	685.6
1505	1031.2
1506	904.6
1507	670.4
1508	781.5
1509	575.1
1510	759.5
1511	771.2
1512	639.2
1513	833.8
1514	676.9
1515	731.4
1516	641.6
1517	803.7
1518	669.8
1519	949.5
1520	735.8
1521	649.2
1522	736.3
1523	650.6
1524	702.5
1525	729.8
1526	693
1527	1030.4
1528	648.6
1529	983.1
1530	944
1531	692.6
1532	787.3
1533	763.1
1534	860
1535	308.1
1536	870.3
1537	655.5
1538	477.8
1539	773.5
1540	738.3
1541	660.2
1542	708.1
1543	901.5
1544	644.7
1545	614
1546	406.9
1547	818.7
1548	560.3
1549	608.7
1550	625.6
1551	705.8
1552	998.9
1553	917.6
1554	658.1
1555	854.7
1556	971.5
1557	789
1558	693.6
1559	931.3
1560	120.1
1561	617.9
1562	778.8
1563	815.3
1564	524.1
1565	676.7
1566	795.1
1567	643.2
1568	677.7
1569	914.2
1570	823.1
1571	559
1572	690.7
1573	905.8
1574	814.9
1575	891.1
1576	953.1
1577	943.2
1578	651.7
1579	662.5
1580	866.2
1581	869
1582	1053.6
1583	1002.8
1584	354.3
1585	886.3
1586	837.8
1587	735
1588	866.3
1589	788
1590	701.9
1591	623.7
1592	898.2
1593	821.2
1594	950.6
1595	976.7
1596	891
1597	594.6
1598	865.8
1599	954.1
1600	1045.4
1601	587.7
1602	887.1
1603	1026.6
1604	934.9
1605	120.8
1606	635.3
1607	697.8
1608	1029.1
1609	674.3
1610	950.1
1611	839.3
1612	870.8
1613	943.6
1614	1015.9
1615	936.4
1616	934.8
1617	674.2
1618	860.3
1619	110.6
1620	915.2
1621	904.4
1622	1024.8
1623	694.3
1624	852.5
1625	860.9
1626	1009.9
1627	773.6
1628	826.4
1629	700
1630	1013.8
1631	745.6
1632	879.7
1633	609.9
1634	885.9
1635	891.3
1636	920.9
1637	1003.1
1638	886.3
1639	678.7
1640	627.7
1641	829
1642	902.2
1643	980.9
1644	754.5
1645	894.6
1646	914.9
1647	676.1
1648	740.6
1649	772.5
1650	652
1651	941.9
1652	839.5
1653	614.8
1654	987
1655	956.5
1656	1037.1
1657	878.9
1658	1016
1659	962.3
1660	782.2
1661	122
1662	826.3
1663	886.5
1664	704.4
1665	551.2
1666	1038.3
1667	983.5
1668	872.1
1669	944.4
1670	129.8
1671	991.4
1672	944.4
1673	911.9
1674	890.8
1675	799.2
1676	796.3
1677	129.1
1678	579.8
1679	976
1680	992.2
1681	912.3
1682	539.4
1683	902.3
1684	914.1
1685	876
1686	654.4
1687	894.6
1688	766.8
1689	763.7
1690	967.2
1691	126.7
1692	901
1693	127.5
1694	919.8
1695	911.4
1696	740
1697	992.6
1698	541.4
1699	682.9
1700	740.5
1701	909
1702	1005
1703	931.6
1704	722.3
1705	614.9
1706	835.6
1707	520.2
1708	529.7
1709	884.1
1710	765.7
1711	659.1
1712	988.4
1713	873
1714	938.4
1715	881.8
1716	831.8
1717	818.9
1718	123.7
1719	598.4
1720	905.6
1721	985.3
1722	869.6
1723	944.6
1724	871.3
1725	925.2
1726	883.8
1727	992.3
1728	910.3
1729	130.3
1730	845.6
1731	730.1
1732	860.4
1733	838.1
1734	126.6
1735	856.6
1736	548.8
1737	852.4
1738	804.6
1739	774
1740	741.6
1741	127.5
1742	657.1
1743	863.5
1744	969.5
1745	862.3
1746	940.6
1747	921.9
1748	943
1749	679.4
1750	578.3
1751	882.4
1752	878.2
1753	914.6
1754	871.3
1755	874.3
1756	791.5
1757	912.7
1758	976.2
1759	879.4
1760	776.4
1761	994.1
1762	798.5
1763	863.5
1764	863.7
1765	711.3
1766	917.2
1767	923.1
1768	769.3
1769	942.4
1770	930.6
1771	819.9
1772	776.1
1773	888
1774	859.6
1775	432.8
1776	855.5
1777	929.1
1778	626.5
1779	662.4
1780	579.7
1781	941.9
1782	919.7
1783	876.9
1784	861.5
1785	836.7
1786	947.9
1787	1002.1
1788	784.5
1789	836.9
1790	622.4
1791	698
1792	826.8
1793	845.7
1794	593.7
1795	845.3
1796	864.8
1797	964.9
1798	816.2
1799	872.5
1800	772.7
1801	993.9
1802	810.2
1803	763.3
1804	897.4
1805	682
1806	764.5
1807	926.7
1808	851.9
1809	886
1810	860.8
1811	856
1812	838.6
1813	870.1
1814	826
1815	826.1
1816	946.9
1817	817.7
1818	894.3
1819	798.4
1820	1096
1821	818.5
1822	892.1
1823	905.8
1824	925
1825	1100.1
1826	846
1827	838.6
1828	870.4
1829	822.4
1830	792.6
1831	763.8
1832	972.5
1833	758.9
1834	902.6
1835	725.7
1836	755.8
1837	421.8
1838	909.2
1839	1106.4
1840	779.4
1841	734.1
1842	721.2
1843	1148.8
1844	918.7
1845	848.6
1846	349.2
1847	745.8
1848	1093.1
1849	1064.5
1850	1017.1
1851	765.2
1852	847.9
1853	926.4
1854	874.3
1855	895.3
1856	750.3
1857	840.9
1858	894.3
1859	817.4
1860	726.2
1861	824.5
1862	751.1
1863	857
1864	842.7
1865	816.1
1866	1128.5
1867	929.1
1868	854.3
1869	828.5
1870	436.7
1871	870.6
1872	776.9
1873	810.5
1874	1097.1
1875	954.5
1876	829.6
1877	870.8
1878	848.1
1879	1127.9
1880	1100.8
1881	948.6
1882	877.7
1883	1110.6
1884	845.9
1885	839.4
1886	789
1887	904.8
1888	957.1
1889	769.3
1890	1087.3
1891	396.9
1892	953.9
1893	831.7
1894	833.9
1895	889
1896	826
1897	785
1898	1030.8
1899	822.1
1900	844.1
1901	1107.4
1902	809.5
1903	1014.3
1904	841.8
1905	858.4
1906	905.5
1907	300.1
1908	632
1909	355.3
1910	264.3
1911	928.3
1912	823.2
1913	677
1914	842.9
1915	871.6
1916	785.9
1917	873.2
1918	662.1
1919	913.8
1920	864.8
1921	1027.5
1922	631.5
1923	719.9
1924	888.2
1925	924.1
1926	798.2
1927	1105.2
1928	797.5
1929	215.2
1930	842.4
1931	292.8
1932	670.5
1933	878.1
1934	96.7
1935	892.5
1936	1066.4
1937	484.3
1938	840.8
1939	1078.6
1940	839.1
1941	806.9
1942	90.4
1943	513.8
1944	1050.3
1945	225.9
1946	608.5
1947	629.9
1948	170.6
1949	738.2
1950	0
1951	878.6
1952	465.5
1953	81.3
1954	627
1955	60.9
1956	867.3
1957	1110.3
1958	837.4
1959	78.5
1960	881.3
1961	90
1962	788.5
1963	481
1964	550
1965	871.6
1966	0
1967	247.9
1968	65.1
1969	791.8
1970	919.2
1971	874.4
1972	598.5
1973	512.6
1974	848.8
1975	63.7
1976	53.8
1977	358.9
1978	977.8
1979	0
1980	551.3
1981	838.3
1982	0
1983	853.9
1984	845.6
1985	90.9
1986	60.5
1987	989.1
1988	54.8
1989	0
1990	0
1991	576.9
1992	777.8
1993	70.4
1994	1040.3
1995	946.8
1996	516.5
1997	44.7
1998	1093.6
1999	798.6
2000	118.2
2001	822.8
2002	51.9
2003	55.4
2004	535.1
2005	522.4
2006	80.9
2007	858.1
2008	87.1
2009	822
2010	45.9
2011	0
2012	572.6
2013	54.4
2014	0
2015	45.9
2016	574.2
2017	769.2
2018	198.5
2019	536.4
2020	574.6
2021	146.7
2022	169.2
2023	448.8
2024	0
2025	1071.2
2026	541.6
2027	65.1
2028	1061.8
2029	745.4
2030	793.8
2031	53.6
2032	119.5
2033	818.8
2034	777.5
2035	59.9
2036	0
2037	764
2038	0
2039	549.8
2040	567.8
2041	0
2042	171.6
2043	768
2044	1055.6
2045	700.1
2046	490
2047	85.9
2048	528
2049	818.7
2050	975.1
2051	101.7
2052	819.1
2053	126.7
2054	74.4
2055	47.2
2056	786.4
2057	135
2058	0
2059	498.1
2060	177
2061	113.2
2062	1083
2063	513.3
2064	126.2
2065	563.2
2066	804.5
2067	197.4
2068	795.8
2069	850.5
2070	147.1
2071	187.4
2072	819.4
2073	54.8
2074	966.9
2075	821.3
2076	0
2077	465
2078	869.8
2079	525.3
2080	494
2081	918.8
2082	775.7
2083	118.9
2084	744.7
2085	813
2086	720.2
2087	492.2
2088	1101.4
2089	437.3
2090	1006.1
2091	678
2092	482.5
2093	847.4
2094	483.3
2095	125.4
2096	532.9
2097	158.1
2098	855.5
2099	51.1
2100	775
2101	771.9
2102	768
2103	446.8
2104	366.5
2105	744.9
2106	486.8
2107	525.4
2108	744
2109	725.6
2110	805.5
2111	409.3
2112	0
2113	703.7
2114	501.3
2115	873
2116	934.1
2117	693.1
2118	44.8
2119	22.2
2120	878.2
2121	114.5
2122	746.8
2123	586.6
2124	898.8
2125	547.1
2126	836.4
2127	104.2
2128	503.5
2129	351.4
2130	580.6
2131	731.8
2132	883.6
2133	481.3
2134	845.1
2135	17.6
2136	1033.9
2137	141.8
2138	24.6
2139	908.8
2140	366
2141	894.4
2142	103.9
2143	451.8
2144	770
2145	890.7
2146	137.6
2147	133.6
2148	740.6
2149	531.9
2150	369.3
2151	457.9
2152	819.8
2153	1115.9
2154	781.1
2155	385
2156	341.4
2157	492.2
2158	147.9
2159	123.3
2160	1133.8
2161	362.2
2162	882.1
2163	852.5
2164	470.9
2165	159.7
2166	409.7
2167	426.5
2168	563.2
2169	757
2170	374.9
2171	585.3
2172	412.2
2173	481.4
2174	358.9
2175	11.2
2176	517.1
2177	1049.9
2178	32.3
2179	498.9
2180	304.9
2181	1146.1
2182	543
2183	411.8
2184	408.3
2185	860.5
2186	12.8
2187	124.9
2188	363.2
2189	415.7
2190	151.4
2191	509.4
2192	324.4
2193	401.5
2194	867.6
2195	134.4
2196	436.1
2197	1061.6
2198	311.3
2199	1120.4
2200	378.8
2201	9.9
2202	130.9
2203	510.8
2204	400.1
2205	613.1
2206	359
2207	132.9
2208	108.7
2209	515.6
2210	1076
2211	562.3
2212	678.6
2213	893.3
2214	370.7
2215	354.4
2216	101.6
2217	424.6
2218	361.4
2219	1049.8
2220	102.5
2221	307.8
2222	1071.6
2223	349.6
2224	563.9
2225	444.9
2226	120.4
2227	1094.9
2228	506.6
2229	541.6
2230	688.1
2231	342.7
2232	440.9
2233	412.4
2234	1009.3
2235	471.5
2236	428.7
2237	526.5
2238	511.2
2239	113.2
2240	550.9
2241	478.4
2242	467.5
2243	522.6
2244	517
2245	1080.3
2246	403.5
2247	485
2248	1142.4
2249	480.7
2250	386.9
2251	88.1
2252	969.6
2253	456.8
2254	119.1
2255	487.5
2256	919.8
2257	119
2258	404.6
2259	1116.1
2260	441.7
2261	412.3
2262	393.8
2263	1177.4
2264	1137.4
2265	1114.4
2266	522.1
2267	535.3
2268	798.4
2269	136.5
2270	715.7
2271	813.2
2272	511.6
2273	138.4
2274	693.5
2275	947.9
2276	155.6
2277	556.8
2278	760.7
2279	401.3
2280	481.9
2281	797
2282	1204.8
2283	160
2284	778.5
2285	1134.7
2286	864.2
2287	112.1
2288	866.7
2289	517.6
2290	555.6
2291	459
2292	1145.8
2293	137.5
2294	159.8
2295	1038.8
2296	938.4
2297	1192.8
2298	427.2
2299	94.4
2300	473
2301	822.7
2302	560.9
2303	561.4
2304	575.3
2305	454.5
2306	1087.2
2307	1087.8
2308	517.2
2309	880.7
2310	1192.8
2311	868
2312	866.1
2313	787.4
2314	581.2
2315	942.2
2316	463.3
2317	1181.3
2318	391.9
2319	422
2320	944.1
2321	970.6
2322	612.8
2323	518.9
2324	1174.8
2325	982.2
2326	853.1
2327	487.8
2328	1073.2
2329	507.4
2330	847.6
2331	867.2
2332	187
2333	754.7
2334	895.5
2335	892.8
2336	858
2337	870.4
2338	243.6
2339	185.5
2340	1147.4
2341	889.9
2342	822.6
2343	200.4
2344	857.8
2345	238.2
2346	832.9
2347	501.3
2348	809
2349	808.6
2350	728.4
2351	834.3
2352	530.7
2353	787.6
2354	903.1
2355	1008.5
2356	855
2357	929.6
2358	139
2359	1078
2360	798.4
2361	796.4
2362	188.8
2363	1142.7
2364	840.8
2365	764.2
2366	919.2
2367	905.6
2368	834.8
2369	146.3
2370	1081.3
2371	828.9
2372	711.8
2373	885.2
2374	109.9
2375	877.9
2376	916.1
2377	874.1
2378	829.1
2379	760.1
2380	817.3
2381	724.7
2382	1092
2383	965.6
2384	921.5
2385	591.3
2386	616
2387	597
2388	765.3
2389	1072.5
2390	708.5
2391	662
2392	1108.9
2393	979.9
2394	1104.3
2395	146.9
2396	812
2397	899
2398	561.4
2399	887.4
2400	927.5
2401	842
2402	1119.4
2403	739.8
2404	120.9
2405	706.6
2406	694.3
2407	1024.4
2408	798.1
2409	829.4
2410	840.2
2411	916
2412	919.7
2413	900.9
2414	131.7
2415	902.2
2416	774.6
2417	709.7
2418	899.1
2419	746.4
2420	1158.5
2421	1061.6
2422	887.6
2423	692.6
2424	876.9
2425	122.1
2426	1048.1
2427	898.6
2428	1097.8
2429	1057.3
2430	1019.6
2431	835.8
2432	816.9
2433	1129.4
2434	114.1
2435	776.5
2436	828.5
2437	92.6
2438	807.2
2439	505.3
2440	873.5
2441	1088.8
2442	700.2
2443	797.2
2444	1120.2
2445	843.1
2446	125.3
2447	880.7
2448	544.9
2449	1029.6
2450	1027.4
2451	795.7
2452	811.3
2453	529.2
2454	969.6
2455	936.3
2456	546.2
2457	1017.6
2458	734.4
2459	853.4
2460	90.8
2461	540.1
2462	482.3
2463	120
2464	520
2465	1091.1
2466	953.7
2467	668.5
2468	821.3
2469	875
2470	533
2471	794.9
2472	897.6
2473	123.6
2474	498.7
2475	754.3
2476	712.9
2477	844.4
2478	840.8
2479	679.1
2480	858.3
2481	424
2482	90.8
2483	698
2484	953.1
2485	844
2486	866
2487	1085.8
2488	816.7
2489	504.5
2490	1113.6
2491	122.3
2492	947.2
2493	687.3
2494	826.7
2495	838.9
2496	110.9
2497	715.6
2498	860.3
2499	90.1
2500	1045.1
2501	867.6
2502	892.4
2503	647.7
2504	375.4
2505	908.3
2506	804.8
2507	1049.2
2508	424.7
2509	684.7
2510	410.9
2511	0
2512	875.8
2513	796.8
2514	918
2515	904.5
2516	834.9
2517	147
2518	252
2519	834.8
2520	1054.8
2521	899.9
2522	0
2523	166
2524	1102.4
2525	262.6
2526	890.5
2527	817.3
2528	788
2529	814.1
2530	745
2531	791.7
2532	786.4
2533	971.1
2534	271
2535	793
2536	979.1
2537	270.2
2538	0
2539	1130.5
2540	1069.2
2541	1076.4
2542	900.1
2543	836.3
2544	309.2
2545	952.1
2546	389.5
2547	874
2548	995.6
2549	926.3
2550	1143.3
2551	144.4
2552	1136.7
2553	729.9
2554	987.3
2555	744.3
2556	817.6
2557	760
2558	795
2559	759.5
2560	0
2561	736.1
2562	1142.9
2563	936.2
2564	954
2565	1091.1
2566	157.2
2567	946.9
2568	0
2569	874.1
2570	253.5
2571	174.9
2572	995.5
2573	411.2
2574	874
2575	308.6
2576	836.7
2577	723.1
2578	809.8
2579	830.4
2580	989
2581	960.6
2582	1112.4
2583	1025.1
2584	1158.7
2585	0
2586	1044.7
2587	769.1
2588	873.8
2589	822.4
2590	767.1
2591	768.7
2592	761.9
2593	741.4
2594	255
2595	1145
2596	0
2597	773.6
2598	1103.5
2599	848.1
2600	753.6
2601	726.5
2602	971.6
2603	713.5
2604	1106.9
2605	931.1
2606	354.7
2607	0
2608	728
2609	1022
2610	438.8
2611	1048.3
2612	733
2613	746.2
2614	1045.6
2615	193.9
2616	1055.4
2617	0
2618	914.1
2619	1109.2
2620	1075.4
2621	245.3
2622	783.3
2623	0
2624	728.6
2625	1098.3
2626	209.2
2627	927.9
2628	190.1
2629	1095.9
2630	837.3
2631	725.2
2632	0
2633	765.9
2634	786.5
2635	696.7
2636	1001.3
2637	1006.6
2638	309
2639	720.2
2640	602.7
2641	299.4
2642	0
2643	1185.1
2644	376.2
2645	1140.3
2646	640.6
2647	260.7
2648	913.5
2649	448.3
2650	0
2651	917.7
2652	453.9
2653	847
2654	338.1
2655	661.2
2656	982.8
2657	265
2658	729.9
2659	867.1
2660	0
2661	384.8
2662	1139.9
2663	424.6
2664	714.5
2665	457.1
2666	301.7
2667	146.1
2668	355.7
2669	772.9
2670	1133.4
2671	835.9
2672	884.7
2673	348
2674	243
2675	370.4
2676	111.1
2677	1135.3
2678	921.6
2679	362
2680	359.7
2681	427.1
2682	405.9
2683	726.6
2684	779.1
2685	823.2
2686	903
2687	929.8
2688	341.5
2689	421.7
2690	387.9
2691	412.8
2692	90.7
2693	426.9
2694	684.5
2695	994.7
2696	812.2
2697	984.1
2698	1053
2699	24.9
2700	850.5
2701	117
2702	381
2703	746.1
2704	596.1
2705	723.2
2706	310.3
2707	22.8
2708	359.7
2709	311.9
2710	393.8
2711	318.7
2712	805.5
2713	762.5
2714	379.5
2715	714.3
2716	362.6
2717	351.3
2718	730.1
2719	648.5
2720	312.1
2721	650.5
2722	417.9
2723	847.5
2724	76.9
2725	348.6
2726	703.5
2727	856
2728	733.1
2729	855.3
2730	406.6
2731	781.6
2732	285.7
2733	290.4
2734	382.8
2735	768.9
2736	61.5
2737	630.3
2738	327.8
2739	633.9
2740	338.1
2741	333.3
2742	324.1
2743	617.5
2744	777.1
2745	221.1
2746	64.3
2747	618
2748	881
2749	806
2750	309.2
2751	387.2
2752	824.6
2753	762.6
2754	326.5
2755	270.2
2756	609.2
2757	812.3
2758	396
2759	598.4
2760	603.2
2761	631.6
2762	718.4
2763	67.6
2764	368.1
2765	321.8
2766	325.4
2767	62.3
2768	314.6
2769	593.5
2770	774.9
2771	390.7
2772	294.6
2773	146.4
2774	426.3
2775	358.9
2776	751
2777	328
2778	391.3
2779	784.3
2780	100.5
2781	833.5
2782	252.1
2783	683.4
2784	678.8
2785	63.9
2786	70.7
2787	362.5
2788	615.5
2789	384.1
2790	871.6
2791	364.4
2792	405.5
2793	409.1
2794	737.4
2795	580.7
2796	264.8
2797	425.5
2798	348.3
2799	819
2800	377.5
2801	369.6
2802	396.3
2803	585.1
2804	112.4
2805	382.6
2806	809.9
2807	434.7
2808	355.9
2809	341.6
2810	55.9
2811	407.9
2812	288.2
2813	291.9
2814	822.2
2815	404.3
2816	554
2817	689.5
2818	378.7
2819	792.2
2820	377.3
2821	357.3
2822	728.8
2823	338.4
2824	46.6
2825	702.4
2826	56.2
2827	100.8
2828	306.7
2829	75.5
2830	755.5
2831	738.4
2832	730.1
2833	609.3
2834	407.4
2835	366.6
2836	776.2
2837	698
2838	384.7
2839	371.3
2840	379.3
2841	793.8
2842	337.2
2843	657.2
2844	179.3
2845	699.3
2846	54.6
2847	368.6
2848	369.9
2849	377
2850	384.8
2851	337.9
2852	848.9
2853	772.8
2854	373
2855	742.9
2856	352.5
2857	794.4
2858	364.6
2859	712.1
2860	680.3
2861	752.4
2862	276.3
2863	213.5
2864	285.4
2865	832.5
2866	354.1
2867	768.9
2868	253.5
2869	315.4
2870	670.2
2871	358.9
2872	353
2873	343
2874	89.7
2875	774.8
2876	71.4
2877	786.3
2878	718.7
2879	202.4
2880	831.6
2881	784.2
2882	858
2883	701.2
2884	297.1
2885	288
2886	339.7
2887	236.3
2888	77.8
2889	71.2
2890	85.6
2891	813.9
2892	398.6
2893	357.5
2894	284.8
2895	350.3
2896	70
2897	341.8
2898	727.2
2899	358
2900	277.2
2901	206.7
2902	859.2
2903	365.9
2904	132.5
2905	680
2906	365.3
2907	269.7
2908	829.6
2909	424
2910	618
2911	348.1
2912	852.4
2913	426
2914	843.8
2915	234.7
2916	375.7
2917	89.4
2918	365.3
2919	191.4
2920	232.5
2921	717.3
2922	610.4
2923	695.6
2924	312.2
2925	773.5
2926	261.5
2927	168.9
2928	276
2929	246.8
2930	362.5
2931	878
2932	351
2933	843.7
2934	155.2
2935	845.2
2936	180.4
2937	577.6
2938	189.3
2939	862.3
2940	185.7
2941	714.1
2942	196.6
2943	423.4
2944	179.4
2945	865.7
2946	733.1
2947	389.6
2948	908.9
2949	825.8
2950	547.1
2951	407.3
2952	825
2953	408.3
2954	667.3
2955	393.9
2956	340.6
2957	286.5
2958	916
2959	188.3
2960	728.9
2961	814.3
2962	774.3
2963	280.2
2964	405.7
2965	552.2
2966	427.2
2967	396.5
2968	770.4
2969	238
2970	152.4
2971	713.5
2972	288.6
2973	156.7
2974	831.2
2975	1023.1
2976	325.6
2977	322.5
2978	279.8
2979	835.5
2980	854.2
2981	754.7
2982	367
2983	910.4
2984	881.9
2985	632.7
2986	806.4
2987	729
2988	868.6
2989	128.7
2990	500.7
2991	1079.5
2992	312.7
2993	790.4
2994	797.9
2995	933.4
2996	417.2
2997	348.8
2998	534.6
2999	369.3
3000	626.4
3001	285.1
3002	828.9
3003	736.2
3004	233.3
3005	293.4
3006	860.9
3007	713.4
3008	856.3
3009	239.2
3010	121
3011	898.2
3012	371.5
3013	916.1
3014	564.7
3015	228.8
3016	780.4
3017	1095
3018	680.7
3019	221
3020	631.1
3021	273.4
3022	259.4
3023	225.1
3024	862.2
3025	598.1
3026	958.1
3027	965.8
3028	720
3029	866.8
3030	171.4
3031	324.7
3032	303.4
3033	241.1
3034	335.1
3035	644.5
3036	159.2
3037	306.7
3038	192.9
3039	649.8
3040	1006.9
3041	909.8
3042	931.2
3043	905.3
3044	782.8
3045	973.3
3046	183.9
3047	189.6
3048	855.8
3049	607
3050	1003.6
3051	865.1
3052	760.6
3053	1012.1
3054	584.8
3055	613
3056	880.2
3057	194.4
3058	904.4
3059	663.6
3060	167.9
3061	288.4
3062	235.5
3063	1007.6
3064	1013.1
3065	192.8
3066	894.4
3067	204.4
3068	890.3
3069	230
3070	742.5
3071	324.9
3072	668.6
3073	120.2
3074	974.8
3075	304.2
3076	332.3
3077	703.9
3078	667.7
3079	897.5
3080	885.5
3081	240.8
3082	240.5
3083	1073.1
3084	197.1
3085	747.7
3086	794.8
3087	1098.8
3088	925.5
3089	1119
3090	728.2
3091	218.6
3092	145.9
3093	341.1
3094	134.8
3095	175.5
3096	802.5
3097	140.8
3098	1123.6
3099	197.1
3100	814.4
3101	91.3
3102	284.4
3103	953.3
3104	965.1
3105	212.7
3106	986.3
3107	1008
3108	183.2
3109	287.2
3110	203.7
3111	1143.4
3112	76.8
3113	1087.7
3114	254.6
3115	205.6
3116	279.2
3117	246.4
3118	957.8
3119	981.5
3120	71.8
3121	980.6
3122	108.1
3123	1082.1
3124	166.9
3125	334.4
3126	99.5
3127	76.8
3128	174.2
3129	173.2
3130	205.4
3131	937.5
3132	949.3
3133	1154.5
3134	1141
3135	152.6
3136	1153.2
3137	112.7
3138	201
3139	1026.4
3140	812.6
3141	238
3142	869.8
3143	955.3
3144	210.7
3145	90.3
3146	152.6
3147	91.2
3148	277.2
3149	183.8
3150	110.4
3151	183.4
3152	1026.1
3153	1033.8
3154	914.2
3155	0.1
3156	704.5
3157	672.5
3158	110.7
3159	958.6
3160	97.2
3161	178.5
3162	1056.1
3163	184.5
3164	157.3
3165	35.2
3166	1018.9
3167	33.6
3168	1018.5
3169	176.4
3170	1032
3171	229.4
3172	983.4
3173	157.1
3174	0.1
3175	946.6
3176	205.5
3177	184.4
3178	215.7
3179	218.4
3180	130
3181	30.2
3182	993.4
3183	1064.4
3184	181.4
3185	176.6
3186	657.6
3187	831.2
3188	0
3189	631.1
3190	203.3
3191	192.9
3192	0.1
3193	357.8
3194	1036.5
3195	1036.2
3196	171.4
3197	30.6
3198	32.9
3199	883.7
3200	194.9
3201	199.5
3202	1011.3
3203	1082.6
3204	28.2
3205	184.9
3206	197.3
3207	401.2
3208	170.6
3209	301.5
3210	170.3
3211	172.5
3212	930.2
3213	209.8
3214	160.5
3215	216.1
3216	195.4
3217	231.7
3218	180.6
3219	184.8
3220	32.8
3221	224.3
3222	171.6
3223	158
3224	1037.2
3225	236.3
3226	993.3
3227	214.6
3228	364.6
3229	336.2
3230	29.5
3231	307.6
3232	188.3
3233	200.4
3234	1006.9
3235	982.9
3236	175.6
3237	182.7
3238	185.3
3239	308.5
3240	42.3
3241	618.3
3242	339.7
3243	183.4
3244	417.4
3245	247.9
3246	260.8
3247	297.4
3248	203.9
3249	198.5
3250	39.2
3251	1046.4
3252	994.4
3253	369.6
3254	179.6
3255	201.8
3256	224
3257	180.4
3258	426
3259	703.1
3260	184.3
3261	402.5
3262	182.9
3263	203
3264	177.7
3265	176.9
3266	331.2
3267	730.5
3268	181.1
3269	994.7
3270	296.9
3271	161.3
3272	923.7
3273	175.5
3274	1014
3275	377.4
3276	277.4
3277	325.3
3278	808.4
3279	209.7
3280	208.3
3281	245.2
3282	151.9
3283	168.5
3284	364.8
3285	151
3286	961.5
3287	201.1
3288	567.2
3289	341.2
3290	245.3
3291	940.1
3292	165
3293	516
3294	544.3
3295	220.2
3296	141.3
3297	235.4
3298	630.7
3299	270.1
3300	713.4
3301	310.9
3302	221.5
3303	972.5
3304	656.5
3305	155.8
3306	393.6
3307	210.2
3308	931.4
3309	377.7
3310	276.4
3311	171.9
3312	628.6
3313	259.5
3314	130.8
3315	322.6
3316	803.1
3317	167.8
3318	134.5
3319	100.9
3320	258.8
3321	384.2
3322	113.5
3323	467.5
3324	358.4
3325	268.6
3326	373.8
3327	114.8
3328	187.5
3329	234.3
3330	652.5
3331	238
3332	230.5
3333	269.7
3334	105.2
3335	867.7
3336	376.2
3337	119.1
3338	259.3
3339	152.5
3340	151.6
3341	736.8
3342	359.8
3343	206.5
3344	275
3345	94.4
3346	207.2
3347	374.6
3348	102.4
3349	339.2
3350	156.9
3351	207.9
3352	134.3
3353	253.9
3354	374.5
3355	287.9
3356	295.3
3357	321.4
3358	184.1
3359	244.3
3360	168.3
3361	248.7
3362	299.1
3363	637.7
3364	472.1
3365	194.8
3366	264.6
3367	267.1
3368	126.9
3369	187.5
3370	466.7
3371	253.8
3372	195.9
3373	296.3
3374	279.7
3375	285.8
3376	277.5
3377	311.1
3378	285.9
3379	356.7
3380	259.5
3381	240.2
3382	296.6
3383	277.6
3384	254.7
3385	239.2
3386	233.8
3387	313.1
3388	307.1
3389	301.1
3390	298.9
3391	249.3
3392	257.6
3393	320.1
3394	262.3
3395	246.7
3396	286.8
3397	260.5
3398	205.1
3399	173.9
3400	830.6
3401	880.5
3402	742.5
3403	699.4
3404	1034.2
3405	976.6
3406	953.1
3407	826
3408	1096.6
3409	822.3
3410	132.9
3411	152.2
3412	985.2
3413	938.9
3414	920.5
3415	846
3416	715
3417	926
3418	869.9
3419	852.2
3420	706.9
3421	730.2
3422	864.5
3423	839.8
3424	926.7
3425	962.2
3426	989.4
3427	625.7
3428	400.5
3429	1031.4
3430	301.6
3431	953.8
3432	1044.4
3433	955.4
3434	915.1
3435	576.6
3436	987.8
3437	1002.6
3438	588.5
3439	588.3
3440	809.5
3441	926.6
3442	755.7
3443	977.7
3444	730.5
3445	567
3446	711.3
3447	606.1
3448	807.9
3449	1046.7
3450	626
3451	876.8
3452	939.5
3453	794.6
3454	944.1
3455	904.2
3456	127.5
3457	888.9
3458	808.9
3459	614.8
3460	869.8
3461	131.6
3462	1010.8
3463	996.3
3464	573.5
3465	685
3466	611.6
3467	844.2
3468	852.1
3469	558.5
3470	850.6
3471	850.9
3472	460.2
3473	951
3474	779.4
3475	918.1
3476	861.3
3477	890
3478	880.1
3479	889.6
3480	893.1
3481	863.8
3482	244.2
3483	50.8
3484	826.6
3485	51.2
3486	762.2
3487	0
3488	62.9
3489	1021.3
3490	889.6
3491	508.1
3492	875.1
3493	37.9
3494	757.8
3495	1022.6
3496	115.3
3497	247.8
3498	239.1
3499	997.9
3500	404.5
3501	146.1
3502	110.7
3503	398.2
3504	397
3505	853
3506	1117.4
3507	352.2
3508	1083.8
3509	169.5
3510	485.6
3511	1053.7
3512	824.3
3513	219.4
3514	730.1
3515	1102.6
3516	722.4
3517	687
3518	829.7
3519	828.4
3520	1052.5
3521	895.7
3522	524.6
3523	779.8
3524	754.4
3525	776.6
3526	167.4
3527	807.4
3528	1037.6
3529	787.1
3530	721.1
3531	1118.1
3532	325.1
3533	1081.7
3534	1092.5
3535	898.2
3536	397.3
3537	86.7
3538	911.7
3539	350
3540	419.6
3541	394.8
3542	374.9
3543	341.2
3544	343.2
3545	449.2
3546	359
3547	276.9
3548	376.6
3549	880.6
3550	763.4
3551	800.9
3552	240
3553	278.5
3554	861.2
3555	368.6
3556	819.4
3557	173.4
3558	387.9
3559	114.2
3560	339.3
3561	576
3562	197.6
3563	887.4
3564	196.9
3565	234.3
3566	247.3
3567	893
3568	883.3
3569	916.1
3570	900.4
3571	959.8
3572	222.8
3573	1092
3574	304.9
3575	295.2
3576	1013.6
3577	1084
3578	175.1
3579	216.8
3580	226.1
3581	163.1
3582	177.5
3583	179.6
3584	1037.1
3585	241.6
3586	979.4
3587	175.5
3588	411.2
3589	178.6
3590	223.5
3591	163.4
3592	250.3
3593	323.9
3594	218.2
