"COMID"	"Value"
1	115.7
2	118.5
3	192.7
4	250.1
5	70.7
6	16.9
7	187.7
8	146.5
9	2
10	5.3
11	273.2
12	1.1
13	40.5
14	203.2
15	132.2
16	12.4
17	108.8
18	153.3
19	180.8
20	150.6
21	192.2
22	206.9
23	1.8
24	0.7
25	169.9
26	192.6
27	134.1
28	84.1
29	12.7
30	125.4
31	138.6
32	68.9
33	220
34	0.4
35	279.6
36	4.5
37	189.4
38	5.4
39	0.8
40	3.2
41	204.9
42	190.6
43	3
44	70.1
45	96.9
46	36.5
47	79.7
48	221.2
49	161
50	142.4
51	0.5
52	50.1
53	7.3
54	210
55	190.8
56	149.9
57	3.1
58	0.3
59	140.1
60	0.2
61	1.7
62	3.8
63	159.1
64	143.2
65	0.7
66	68.3
67	205.2
68	86.8
69	117.8
70	50
71	14.2
72	196.7
73	0.2
74	175.2
75	54.2
76	30.2
77	60
78	97.2
79	185.7
80	12.7
81	243.1
82	36.2
83	189.9
84	3.4
85	188.5
86	97.8
87	0.2
88	0.3
89	42.1
90	149.9
91	183.1
92	198
93	187.1
94	5.7
95	183.5
96	11.9
97	160.5
98	1.7
99	66.2
100	195.2
101	134.7
102	188.5
103	0.2
104	51.1
105	23.7
106	158.4
107	78.8
108	3.2
109	6.2
110	3.7
111	9.4
112	149.6
113	11
114	153.5
115	171.7
116	109.4
117	105.3
118	107.5
119	11.1
120	131.4
121	30.4
122	172.6
123	13.9
124	102.4
125	134.1
126	193.1
127	183.6
128	109.3
129	0.2
130	65.5
131	49.5
132	7.7
133	103.8
134	139.5
135	101.8
136	134.9
137	108.3
138	2.8
139	1.4
140	164.3
141	170.6
142	16.8
143	8.9
144	135.2
145	3.2
146	96.4
147	164.8
148	105.8
149	105.9
150	111.2
151	76.5
152	102.1
153	1.1
154	102.1
155	16.3
156	66.4
157	109.1
158	8.9
159	89.8
160	173.7
161	60.5
162	3.4
163	36.5
164	44.7
165	7
166	1.4
167	103.8
168	8.9
169	104.5
170	163
171	114.8
172	25.1
173	98
174	1.7
175	44.1
176	194.5
177	95.5
178	101.9
179	106.3
180	1.1
181	6.4
182	120.5
183	22.1
184	1.2
185	4.9
186	143.2
187	88.1
188	1.1
189	1.1
190	166.8
191	1.1
192	112.3
193	22.3
194	184
195	35.5
196	1.2
197	98.8
198	1.1
199	107.1
200	1.2
201	1.2
202	8.9
203	1.5
204	0.8
205	9.8
206	91
207	138.7
208	178.4
209	106.8
210	119.3
211	173.1
212	105.5
213	109.1
214	2.5
215	104.5
216	100
217	62.9
218	54.5
219	72.8
220	1.8
221	10.8
222	106.3
223	160.2
224	2.2
225	68.5
226	101.9
227	11.6
228	109.7
229	0.4
230	110.3
231	94
232	104.8
233	142.6
234	13.3
235	52.2
236	108.3
237	48.9
238	50.7
239	96
240	122.7
241	100.3
242	1.2
243	6.7
244	130.7
245	108.4
246	145.2
247	29.4
248	15
249	0.3
250	134.8
251	96.3
252	70.2
253	102.3
254	2.7
255	0.7
256	177.3
257	1.7
258	58.1
259	32.3
260	7.2
261	104.9
262	98.6
263	54.5
264	0.4
265	0.2
266	93.1
267	139.6
268	64.9
269	139.3
270	0.2
271	89.6
272	100.1
273	136.1
274	6.5
275	89.3
276	16.1
277	0.3
278	100.3
279	0.9
280	77
281	99.3
282	124.8
283	1.7
284	123.3
285	0.8
286	93
287	74.9
288	60.9
289	7
290	0.1
291	48.1
292	65.3
293	9.1
294	67.9
295	0.1
296	132.3
297	131
298	0.1
299	36
300	150.4
301	0.5
302	173.1
303	147.5
304	39
305	129.5
306	108.8
307	149.4
308	48.2
309	9.4
310	147.2
311	167.4
312	127
313	158.6
314	64.1
315	3.6
316	3.1
317	9.9
318	213.2
319	14.4
320	133.7
321	0.2
322	128.7
323	148.7
324	8.9
325	15.1
326	61.3
327	7.5
328	7.8
329	0.5
330	0.6
331	3.5
332	0.4
333	0.5
334	3.1
335	16.9
336	0.4
337	16.6
338	0.4
339	41.5
340	11
341	0.4
342	8
343	0.8
344	51.2
345	31.8
346	14.1
347	0.9
348	101.2
349	42.8
350	0.7
351	1.5
352	0.6
353	61.1
354	17.4
355	9.3
356	0.8
357	6.2
358	17.6
359	7.8
360	11.6
361	1
362	12
363	10
364	8.9
365	19.7
366	18.3
367	9.5
368	270.6
369	4.4
370	72.8
371	6.5
372	0.9
373	25.4
374	10.9
375	81.2
376	0
377	77.4
378	21.4
379	12.4
380	86
381	3.8
382	5.1
383	130.1
384	18.9
385	6.2
386	5.9
387	270
388	50.6
389	41
390	250
391	1.9
392	78.6
393	11.2
394	4.2
395	4.4
396	10
397	13.3
398	0.3
399	34.4
400	0.9
401	139
402	11.4
403	5.2
404	6.8
405	1.5
406	100.8
407	25.2
408	5.1
409	9.8
410	71.2
411	152.2
412	5.9
413	101.6
414	4.3
415	21.3
416	2.4
417	6
418	3.7
419	37.1
420	3
421	22.5
422	14.9
423	99.8
424	95.6
425	612.3
426	5.8
427	26.8
428	100.7
429	115.5
430	24.9
431	13.9
432	7
433	463.8
434	15.7
435	1.4
436	274.8
437	54.3
438	567.4
439	5.9
440	65
441	25.9
442	0.3
443	90.3
444	10.4
445	729.3
446	0.9
447	747.4
448	648
449	0.2
450	47
451	7.6
452	150.5
453	6.1
454	0.5
455	29.5
456	1
457	129.6
458	161
459	68.2
460	10.3
461	171.7
462	183.8
463	51.5
464	34.5
465	141.8
466	16
467	25.5
468	1.4
469	8.4
470	3.5
471	27
472	74
473	94.7
474	1.2
475	55.5
476	0.4
477	187
478	0.4
479	14.9
480	139.1
481	8.3
482	3.2
483	166
484	0.9
485	3.1
486	35.6
487	15.2
488	72.2
489	9.1
490	60.6
491	20
492	140.9
493	14.8
494	99.6
495	70
496	3.5
497	65.5
498	12.7
499	10.8
500	62.7
501	3.2
502	97.1
503	0.3
504	1.1
505	28.5
506	54.5
507	47.9
508	24.5
509	50.1
510	3.2
511	83.1
512	93.8
513	1.8
514	26.2
515	4.6
516	6.3
517	49.4
518	12.9
519	30.8
520	83
521	2.7
522	2.2
523	1
524	159.6
525	2.7
526	22.6
527	2.9
528	0.9
529	5
530	79.9
531	61
532	192
533	2.8
534	0.6
535	87.2
536	163.3
537	53.4
538	14.3
539	0
540	0.6
541	61
542	66.5
543	1.6
544	7.8
545	67.5
546	71
547	0
548	63.5
549	95
550	0
551	50.1
552	0
553	153.4
554	3.2
555	0.4
556	0
557	19.4
558	72.4
559	80.9
560	55.9
561	174.4
562	75.1
563	8.7
564	30.2
565	84.6
566	68.8
567	0.7
568	64.6
569	39.6
570	4
571	167.3
572	39.3
573	14.1
574	0
575	0.6
576	101.4
577	28.2
578	82.5
579	84.9
580	47.1
581	25.5
582	0
583	0.5
584	0.5
585	108
586	0
587	55.1
588	0
589	86.7
590	4.7
591	0
592	94.9
593	43.1
594	39.2
595	0
596	0.8
597	4.2
598	3.4
599	61.7
600	27.9
601	6
602	6.8
603	807.1
604	0
605	12.6
606	0
607	1.2
608	13.6
609	24.5
610	0.8
611	92.8
612	21.3
613	3.4
614	132.6
615	54.8
616	13
617	125.1
618	625.2
619	60.8
620	38.7
621	0
622	169.3
623	173.9
624	159.9
625	0.9
626	2
627	60.8
628	4.3
629	61.2
630	89.5
631	0.8
632	722.6
633	244.7
634	3
635	61.7
636	61.9
637	44.8
638	0.5
639	657
640	65.7
641	74.3
642	8.8
643	170
644	26
645	697.4
646	294.3
647	0.8
648	795.1
649	159.2
650	0.9
651	92.5
652	6.9
653	2
654	0.7
655	2.7
656	12
657	176.9
658	146
659	193.9
660	49
661	127.2
662	210.4
663	186
664	0.5
665	0.8
666	0.6
667	119.7
668	121.6
669	142.8
670	0.7
671	1.2
672	0.8
673	228.3
674	80.4
675	172.7
676	149.1
677	69.3
678	34.2
679	3.6
680	19
681	268.3
682	124.3
683	131.5
684	173.5
685	0.9
686	75.6
687	2.5
688	170.9
689	1.2
690	271.5
691	90.5
692	75.9
693	24
694	56.8
695	85.1
696	190.8
697	2.4
698	174.2
699	114.5
700	176.2
701	91.2
702	199.3
703	169.2
704	90.5
705	67.4
706	16.4
707	82
708	190.6
709	77
710	150.8
711	30.9
712	102.6
713	136.4
714	8.4
715	122.3
716	16.6
717	781.1
718	182.8
719	116.6
720	171.6
721	1.1
722	74.6
723	182.4
724	153
725	1.1
726	6.4
727	69.6
728	81.8
729	67.3
730	140
731	24.8
732	55
733	116.8
734	177.2
735	122.1
736	14.8
737	115.4
738	178.4
739	146.5
740	162.5
741	77.3
742	796.6
743	157.7
744	24
745	4.5
746	174.9
747	188.6
748	1.2
749	180
750	4.3
751	152.1
752	119.8
753	181.5
754	186.5
755	171.1
756	171.7
757	191.5
758	277.4
759	1
760	177.9
761	0.9
762	78.9
763	122.4
764	80.8
765	176.9
766	25.7
767	300.9
768	155
769	210.6
770	139.2
771	241.7
772	322.4
773	124.5
774	151.3
775	67.4
776	11.5
777	62.5
778	203.2
779	18.7
780	213.7
781	125.5
782	924.1
783	871
784	933
785	925.4
786	851.7
787	932
788	828
789	870.6
790	892
791	843.3
792	881.8
793	861.5
794	906.3
795	931.5
796	812.1
797	924.7
798	817.1
799	863.8
800	881.3
801	822.3
802	798.2
803	861.9
804	775.7
805	789
806	801
807	693.2
808	831
809	894.2
810	932.9
811	804.3
812	915.6
813	821.8
814	815.3
815	844.3
816	863.2
817	793.7
818	906.2
819	933.7
820	797
821	958.5
822	1059.4
823	835.7
824	903.6
825	1019.9
826	931.8
827	1120.2
828	1110
829	1074.3
830	1203.3
831	908.9
832	1131.8
833	954.3
834	1269.6
835	1026.4
836	1093.3
837	936.5
838	1026
839	994.4
840	1083.3
841	994.2
842	900.3
843	602.6
844	1259.7
845	988.6
846	1056.8
847	1096.7
848	1113.3
849	1013.2
850	1264.8
851	1220.6
852	1079
853	1126.7
854	1186.3
855	1129
856	1046.9
857	1024.1
858	1256.9
859	969.5
860	865.3
861	1200.7
862	331.7
863	1144.3
864	995.1
865	1189.7
866	886.2
867	1029.2
868	1291.8
869	974.8
870	828.3
871	950.2
872	976.3
873	420.7
874	1144.2
875	1226
876	965.4
877	1186.2
878	1170
879	1244.4
880	930.5
881	1009.7
882	933.8
883	1016.4
884	1201
885	1186.4
886	249.7
887	828.5
888	826.4
889	1177.2
890	1042.2
891	1032.3
892	889.3
893	1002.1
894	289.4
895	1190.5
896	1245.7
897	1031.2
898	938.4
899	968
900	966.5
901	934.1
902	1246.7
903	1236.2
904	1161.6
905	927.2
906	1222.1
907	957.7
908	836.2
909	1133.2
910	292.9
911	1150.8
912	959
913	941.5
914	860.8
915	344.1
916	901.1
917	1183.7
918	944.9
919	934.5
920	1027.1
921	1040.9
922	876.1
923	670.3
924	913.5
925	1205.4
926	993.7
927	1130.8
928	747.5
929	895.1
930	860
931	1124.9
932	837.3
933	939.3
934	294.3
935	1017.5
936	1003.3
937	1238.7
938	1213.8
939	1135.3
940	940.2
941	1175.9
942	967.2
943	248.7
944	1213.5
945	931.2
946	1051.9
947	263.3
948	942
949	1035.3
950	1093.2
951	892.5
952	947.5
953	790
954	832.5
955	846.7
956	975.5
957	953.3
958	800
959	936.4
960	906.2
961	923.3
962	1011.8
963	921.5
964	183.5
965	1024.2
966	938.6
967	187.8
968	910.3
969	958.9
970	843.6
971	1095.2
972	984.9
973	876.9
974	912.2
975	1215.2
976	1166.8
977	1132.6
978	783.6
979	955.4
980	1179.9
981	1032
982	926.1
983	1090.4
984	1150.9
985	1140.1
986	1112.8
987	801
988	1134.7
989	1009.4
990	341
991	1074.1
992	706.4
993	1174.1
994	972.2
995	1242
996	1120.4
997	1140.8
998	820.9
999	956.4
1000	159.3
1001	865.5
1002	1210.2
1003	306.2
1004	1106.1
1005	828.1
1006	1087.8
1007	174.2
1008	817.6
1009	598.3
1010	937.4
1011	984.8
1012	1100.6
1013	856.4
1014	1131.3
1015	810.8
1016	205
1017	1158.3
1018	825.3
1019	869.3
1020	956
1021	1003.4
1022	999.2
1023	1054
1024	1138.9
1025	1012.6
1026	1011.1
1027	1089.6
1028	1073.1
1029	831.8
1030	894.9
1031	194.8
1032	332.5
1033	916.6
1034	963.7
1035	867
1036	927.6
1037	961.9
1038	1003.6
1039	841.3
1040	844.3
1041	1047.9
1042	835.8
1043	207.2
1044	808.8
1045	841.6
1046	823.9
1047	1100
1048	1108.9
1049	1089.6
1050	196.4
1051	891.8
1052	987.9
1053	819.4
1054	968.3
1055	1041.7
1056	993.2
1057	891.5
1058	912.1
1059	904.3
1060	951.4
1061	215.1
1062	1087
1063	1110.2
1064	849.1
1065	801.5
1066	1076.4
1067	876.7
1068	894.4
1069	843.4
1070	1062.6
1071	952.5
1072	866.5
1073	858.9
1074	981.9
1075	666.2
1076	1040.2
1077	848.3
1078	1107.3
1079	1004.9
1080	823.3
1081	862.9
1082	1040.8
1083	854.5
1084	997.5
1085	1039.9
1086	1046.1
1087	197.9
1088	859.6
1089	796.3
1090	975.1
1091	1120.9
1092	860.6
1093	830.9
1094	844.6
1095	842.5
1096	855.3
1097	1152.1
1098	842.5
1099	642.3
1100	197
1101	842
1102	977.4
1103	861.3
1104	745.4
1105	792.4
1106	826.4
1107	881.1
1108	773.7
1109	1015.6
1110	858.8
1111	859
1112	1029
1113	1141.1
1114	972.5
1115	856.3
1116	822.2
1117	1072.9
1118	863.2
1119	740.1
1120	827.8
1121	796.1
1122	813.1
1123	824.8
1124	996.5
1125	817.4
1126	1090.1
1127	824.1
1128	1053.3
1129	1035.1
1130	797.8
1131	842.1
1132	1046.5
1133	1064
1134	740.1
1135	910.9
1136	839.7
1137	775.3
1138	755.6
1139	802.1
1140	1018.1
1141	837.4
1142	848.5
1143	1046
1144	829
1145	784.6
1146	797.3
1147	787.1
1148	1069.5
1149	806.5
1150	834.5
1151	808.9
1152	1056.9
1153	1084.1
1154	167.3
1155	948
1156	1074.5
1157	820.6
1158	1028.3
1159	945.2
1160	837.9
1161	830.5
1162	813.5
1163	838.7
1164	1087.4
1165	927.5
1166	1068.7
1167	1001.4
1168	1065.7
1169	1068.2
1170	1090.8
1171	840.2
1172	1008.5
1173	833.8
1174	1159.9
1175	793.9
1176	809.3
1177	959.2
1178	790.1
1179	1100.8
1180	809.5
1181	847.6
1182	822.9
1183	826.4
1184	946.1
1185	1058.4
1186	1047
1187	824.5
1188	767.1
1189	853.7
1190	831.8
1191	1095.7
1192	757.6
1193	1034.1
1194	847.5
1195	1109.6
1196	828.3
1197	987.1
1198	812.4
1199	1107.9
1200	349.6
1201	829.1
1202	808.1
1203	923
1204	835.8
1205	851.7
1206	905.7
1207	780.1
1208	865.4
1209	796.8
1210	1041
1211	1011.2
1212	921.6
1213	971.1
1214	1027.7
1215	835.8
1216	1030.3
1217	1042.1
1218	827.7
1219	875.5
1220	1031.4
1221	803.8
1222	847.6
1223	863.2
1224	778.4
1225	1062.2
1226	989.3
1227	1065.3
1228	813.1
1229	873.2
1230	979.5
1231	890.1
1232	1022.2
1233	788.7
1234	820.8
1235	821.5
1236	825
1237	1138
1238	972.4
1239	1034
1240	780
1241	1047.6
1242	999.7
1243	803.5
1244	782.2
1245	1061
1246	1008.1
1247	885.8
1248	487.3
1249	1105.5
1250	1003
1251	807.8
1252	939
1253	835.7
1254	794.8
1255	962.9
1256	1013.3
1257	866.5
1258	836.8
1259	1047.9
1260	1089.3
1261	1046.2
1262	863.2
1263	812.6
1264	870.3
1265	1077.8
1266	955.2
1267	979.6
1268	1052.7
1269	522.5
1270	1023.7
1271	836
1272	756.5
1273	854
1274	997
1275	771.2
1276	1017.2
1277	1024.7
1278	1119.9
1279	445.5
1280	1039.3
1281	786
1282	1052
1283	1232.2
1284	557.2
1285	866.8
1286	1226.9
1287	821.7
1288	752.5
1289	1049.9
1290	774.8
1291	1130.8
1292	846
1293	376.7
1294	851.9
1295	1029
1296	884.3
1297	590.8
1298	969.3
1299	801.8
1300	819.2
1301	972.3
1302	756.6
1303	838.7
1304	609.4
1305	1234.3
1306	959.4
1307	1037.6
1308	807
1309	971.6
1310	1017.3
1311	1003.3
1312	1045.2
1313	760.9
1314	1032.1
1315	1021.7
1316	1079.5
1317	1037.8
1318	819.7
1319	1106
1320	1113.7
1321	857.8
1322	995.2
1323	982.4
1324	852.6
1325	1098.8
1326	788.7
1327	876.3
1328	957.3
1329	561.6
1330	1121.9
1331	1019
1332	370.3
1333	880.4
1334	996.5
1335	273.4
1336	1083.7
1337	797.9
1338	803.7
1339	827.6
1340	865.7
1341	1026.8
1342	936.5
1343	994.5
1344	1069.4
1345	788.9
1346	1038.4
1347	1099.5
1348	1050.1
1349	768.4
1350	944.9
1351	1077.5
1352	546.5
1353	960.5
1354	837.6
1355	1087
1356	494.7
1357	908.7
1358	1089.5
1359	852.3
1360	777.4
1361	773.1
1362	1085.3
1363	1025.1
1364	724.3
1365	1101.6
1366	832.1
1367	1048.1
1368	1028.6
1369	877.5
1370	284.4
1371	813.3
1372	800.3
1373	1071.8
1374	727.6
1375	1005.7
1376	520.4
1377	854
1378	852.7
1379	857.1
1380	1091.1
1381	996.4
1382	1077.9
1383	768.3
1384	832.7
1385	484.7
1386	1041.6
1387	828.7
1388	863.8
1389	883.2
1390	1008.1
1391	1178.6
1392	1085.2
1393	835.3
1394	715.8
1395	1108.1
1396	992
1397	1218.9
1398	1013.5
1399	964.6
1400	904.7
1401	795.8
1402	796
1403	948
1404	852.9
1405	698.8
1406	854.5
1407	979.4
1408	806.4
1409	938.5
1410	776
1411	1038.3
1412	723.9
1413	964.7
1414	829
1415	940.5
1416	1031.7
1417	849.1
1418	978.9
1419	821.9
1420	889.4
1421	811.3
1422	718.6
1423	745.6
1424	1091.8
1425	771.3
1426	1061.6
1427	866.4
1428	807.4
1429	803
1430	1043.6
1431	964
1432	825.8
1433	1020.2
1434	801.3
1435	1042.8
1436	990.9
1437	843.5
1438	832.1
1439	864.6
1440	1064.3
1441	1049.2
1442	822.7
1443	916.4
1444	776.8
1445	770.6
1446	985.1
1447	746.5
1448	1135.7
1449	1002.1
1450	792.5
1451	832
1452	1001.9
1453	988.8
1454	714.7
1455	738
1456	793.1
1457	963.5
1458	1080.6
1459	881.7
1460	794.6
1461	1028.4
1462	754.4
1463	840
1464	834.3
1465	838.3
1466	1165.2
1467	785
1468	766.1
1469	1068.7
1470	928.1
1471	786.9
1472	809.4
1473	1180.5
1474	760.1
1475	1173.2
1476	775.7
1477	794.2
1478	975.2
1479	1138.5
1480	782.7
1481	1072.2
1482	1016.2
1483	808.1
1484	793.1
1485	745.3
1486	813.6
1487	788.5
1488	992.2
1489	1094.8
1490	754.9
1491	862
1492	1083.4
1493	1024
1494	1152.9
1495	847.3
1496	1041.5
1497	1012.9
1498	788
1499	1064
1500	111.4
1501	1091.2
1502	1081.5
1503	792.6
1504	859.9
1505	1027.2
1506	1093.3
1507	835.7
1508	766.1
1509	770.8
1510	744.1
1511	760.8
1512	811
1513	957
1514	831.7
1515	820.9
1516	828.8
1517	1027.3
1518	816.4
1519	1143.8
1520	744.5
1521	755.8
1522	801.3
1523	780.5
1524	868.9
1525	888.6
1526	762.9
1527	1051
1528	752.4
1529	1154.3
1530	1126.6
1531	818.2
1532	755.6
1533	791.2
1534	986.8
1535	576.2
1536	980.6
1537	786.2
1538	680.5
1539	775.3
1540	897
1541	758.6
1542	870.3
1543	1046.3
1544	782.8
1545	712.9
1546	622.5
1547	1025.8
1548	716.8
1549	760.4
1550	791
1551	852.6
1552	1020.7
1553	1087.8
1554	878
1555	1077.3
1556	1169.2
1557	775.7
1558	767.2
1559	1065
1560	118
1561	770.8
1562	802
1563	792.8
1564	714.5
1565	911.2
1566	793.9
1567	777.1
1568	797.9
1569	1122.6
1570	982.5
1571	717.4
1572	774.9
1573	954.1
1574	799.9
1575	1096.7
1576	924.5
1577	1016.2
1578	764.8
1579	754.4
1580	964.3
1581	1010.2
1582	1077.7
1583	1131.8
1584	649.1
1585	977.5
1586	976.7
1587	870.4
1588	996.7
1589	737.9
1590	799.6
1591	787.7
1592	1001
1593	801.3
1594	1115.7
1595	1095.9
1596	1056.3
1597	750.2
1598	995.8
1599	1139.2
1600	1131.2
1601	854.8
1602	963.6
1603	1142.2
1604	1092.4
1605	121.7
1606	766.6
1607	754
1608	1136.9
1609	718.5
1610	1090.5
1611	804.1
1612	1049.5
1613	1106.8
1614	1099.2
1615	978.6
1616	1095.9
1617	749.3
1618	1133.6
1619	120
1620	970.8
1621	951.7
1622	986.8
1623	735.7
1624	979.6
1625	1106.8
1626	970.1
1627	838.7
1628	1097
1629	726.4
1630	1033.3
1631	1020.7
1632	973.1
1633	760.5
1634	993.3
1635	968
1636	1059.7
1637	1130.9
1638	1146.1
1639	807.5
1640	798.2
1641	1095.2
1642	1000.9
1643	1232.4
1644	807.2
1645	987
1646	1089.6
1647	724.2
1648	837.7
1649	815.6
1650	790.8
1651	1034.5
1652	1148.1
1653	795
1654	973.2
1655	1024.7
1656	1037.8
1657	973.4
1658	1076.7
1659	1221.3
1660	1047.5
1661	118.6
1662	850.2
1663	1097.8
1664	830.3
1665	768.7
1666	1001
1667	1036.1
1668	1173.7
1669	1077.6
1670	124.6
1671	993.3
1672	957.5
1673	1017.3
1674	1038.8
1675	1052.2
1676	854.1
1677	125
1678	779.5
1679	967.6
1680	1066.2
1681	1037.2
1682	756.5
1683	1045.3
1684	1228.3
1685	1024.9
1686	1005.7
1687	964.6
1688	1073
1689	854
1690	1035.9
1691	129.3
1692	979.8
1693	112.9
1694	1092.9
1695	1043.2
1696	844.8
1697	1119.5
1698	789
1699	842.5
1700	1093.8
1701	985.5
1702	1044.3
1703	1111.9
1704	822.4
1705	804.1
1706	1022.9
1707	790.2
1708	772.5
1709	1179.3
1710	857.9
1711	816.3
1712	1107.1
1713	938.7
1714	911.1
1715	1023.3
1716	1028.9
1717	1091.4
1718	123.8
1719	970.4
1720	1080.8
1721	947
1722	1016.2
1723	1034.1
1724	1020.1
1725	1089.7
1726	1068.6
1727	1070.8
1728	1076
1729	119
1730	949.1
1731	865.5
1732	936.6
1733	1145.4
1734	127.1
1735	1021.1
1736	837.7
1737	1159.7
1738	990.7
1739	1020.9
1740	830.6
1741	117.5
1742	845.3
1743	998.4
1744	1036.2
1745	978.6
1746	1105
1747	1026.6
1748	1057.1
1749	1011.6
1750	951.5
1751	1051.5
1752	1044.5
1753	948.1
1754	1094.9
1755	1040.2
1756	1007.5
1757	1016.9
1758	1093.1
1759	1014.7
1760	1030.5
1761	1111.5
1762	1104.7
1763	895.4
1764	1136.4
1765	828.4
1766	882.3
1767	1065
1768	812
1769	1081.9
1770	1039.1
1771	1129.1
1772	872.5
1773	922.6
1774	973.3
1775	626.1
1776	956.9
1777	914
1778	786.9
1779	826.1
1780	829.6
1781	1086.1
1782	1052.4
1783	1004.6
1784	955
1785	926.9
1786	1077.6
1787	1053.9
1788	822.6
1789	993.8
1790	770.9
1791	1022.1
1792	1034.4
1793	1111.5
1794	860.4
1795	943.6
1796	1023.8
1797	1196
1798	1026
1799	916.4
1800	1126
1801	1094.9
1802	1032.6
1803	818.4
1804	973.5
1805	790.8
1806	809.3
1807	1058.1
1808	960.5
1809	1014
1810	855.9
1811	1089.5
1812	865
1813	846.6
1814	1000.8
1815	1038.4
1816	1052.7
1817	1056.6
1818	987.5
1819	815.7
1820	1166.8
1821	1097.4
1822	991.4
1823	1143.5
1824	895.4
1825	1113.2
1826	1131.8
1827	1077.1
1828	1106.8
1829	974.3
1830	888.7
1831	974.3
1832	976
1833	919.8
1834	941.9
1835	795.9
1836	793.9
1837	586.7
1838	919.5
1839	1095.4
1840	1088.7
1841	888.9
1842	954.7
1843	1177.8
1844	1123.5
1845	929.4
1846	539.5
1847	925.8
1848	1213
1849	1108.8
1850	1099.2
1851	980.4
1852	1088.1
1853	1082.9
1854	1006.1
1855	1067.8
1856	899.1
1857	953.6
1858	1034.3
1859	1040.6
1860	1070.7
1861	943.5
1862	957.1
1863	879.8
1864	1004.9
1865	1131.1
1866	1199.3
1867	948.9
1868	993
1869	1150
1870	647.2
1871	967.8
1872	960.8
1873	963.2
1874	1183
1875	970
1876	1102
1877	953.1
1878	861.8
1879	1209.4
1880	1213.6
1881	1105.6
1882	907.1
1883	1193.3
1884	957.6
1885	1009.3
1886	1056.3
1887	940.5
1888	1078.4
1889	861.9
1890	1202.3
1891	579.7
1892	1060.5
1893	1009.4
1894	995.4
1895	1036.4
1896	961.4
1897	1003.5
1898	1134.6
1899	958.6
1900	950.1
1901	1180.6
1902	937.1
1903	1069.5
1904	1042.7
1905	1027.7
1906	925.9
1907	532.9
1908	900.6
1909	558.3
1910	442.9
1911	1062.9
1912	956.6
1913	772
1914	1016.9
1915	899.7
1916	935.5
1917	988.7
1918	930.1
1919	934.8
1920	908.1
1921	1096.9
1922	650.8
1923	789.5
1924	908.3
1925	1052.3
1926	906.9
1927	1101.4
1928	918.6
1929	361
1930	951.4
1931	512.5
1932	928.3
1933	930.1
1934	103.8
1935	929.1
1936	1102.2
1937	628.1
1938	1108.6
1939	1090.7
1940	918.5
1941	1003.8
1942	100.7
1943	652.3
1944	1067.7
1945	413.6
1946	659.4
1947	654.2
1948	343.9
1949	939.2
1950	0
1951	941
1952	677.2
1953	116.7
1954	655
1955	59.7
1956	1008.2
1957	1127.1
1958	939
1959	107.2
1960	947
1961	107.8
1962	940.8
1963	623.7
1964	643
1965	878.5
1966	0
1967	492.9
1968	65.6
1969	931.5
1970	1068.3
1971	904.2
1972	644.1
1973	629.7
1974	1032.5
1975	104.2
1976	56.5
1977	643.5
1978	1045.2
1979	0
1980	671
1981	993.7
1982	0
1983	891.8
1984	866.7
1985	119.2
1986	62.4
1987	1018.8
1988	94.7
1989	0
1990	0
1991	643.2
1992	960.6
1993	105.9
1994	1136
1995	1004.2
1996	613.8
1997	47.5
1998	1151.7
1999	957.5
2000	147.1
2001	942.4
2002	52.3
2003	59.8
2004	607.2
2005	608.6
2006	101.8
2007	888.4
2008	210.7
2009	950
2010	46.1
2011	0
2012	626.3
2013	58.7
2014	0
2015	51.2
2016	615.9
2017	971.5
2018	244.3
2019	611.5
2020	623.5
2021	233.3
2022	228
2023	612.8
2024	0
2025	1155.6
2026	579.8
2027	86.9
2028	1079.7
2029	971.6
2030	861.7
2031	56
2032	142
2033	839.3
2034	976.5
2035	90.1
2036	0
2037	983.1
2038	0
2039	592.1
2040	611.2
2041	0
2042	216.6
2043	947.7
2044	1055
2045	808.7
2046	607.5
2047	117.6
2048	625
2049	938.9
2050	1033.2
2051	219.8
2052	832.7
2053	211.7
2054	107.5
2055	60.2
2056	977.9
2057	160.5
2058	0
2059	595.5
2060	222.2
2061	142.5
2062	1185.2
2063	597.3
2064	199.2
2065	619.4
2066	901.8
2067	279.6
2068	890.2
2069	1010.8
2070	158.7
2071	223.2
2072	961.3
2073	60.7
2074	993.7
2075	970.7
2076	0
2077	551
2078	973.8
2079	616.6
2080	566.3
2081	1020.4
2082	815.6
2083	198.7
2084	926.6
2085	972.9
2086	841.7
2087	579.9
2088	1199.2
2089	561.8
2090	1098.8
2091	758.4
2092	619.4
2093	951.5
2094	602.1
2095	183.4
2096	563.7
2097	204.9
2098	998.3
2099	58.4
2100	937.2
2101	933.5
2102	934.8
2103	551.2
2104	483.4
2105	790.9
2106	611.8
2107	643.8
2108	883.9
2109	929
2110	896.9
2111	483.6
2112	0
2113	902
2114	584.8
2115	969.5
2116	1051.8
2117	879.7
2118	56.7
2119	43.9
2120	1037.2
2121	188.9
2122	921.1
2123	652.7
2124	1066.3
2125	725.3
2126	886.1
2127	162.7
2128	603.2
2129	483.3
2130	646
2131	897
2132	977.7
2133	577
2134	888
2135	27.4
2136	1164.9
2137	196
2138	44.9
2139	1063.1
2140	499.6
2141	1118.7
2142	150.1
2143	518.3
2144	895.1
2145	1085
2146	186.7
2147	178.4
2148	933.8
2149	620.1
2150	466.6
2151	556.4
2152	917.9
2153	1265.1
2154	944.8
2155	477.4
2156	507.2
2157	562.3
2158	192
2159	172.7
2160	1300.7
2161	525.4
2162	961.1
2163	1086.8
2164	577.9
2165	204.2
2166	471.1
2167	469
2168	651.7
2169	919.3
2170	508.4
2171	667.5
2172	516.5
2173	646.4
2174	459.9
2175	14.7
2176	573
2177	1226.8
2178	41.7
2179	545.8
2180	359.6
2181	1313.2
2182	652.2
2183	526
2184	464.8
2185	1087.5
2186	17.9
2187	180.1
2188	411.7
2189	553.1
2190	193.7
2191	573.4
2192	418.2
2193	495.2
2194	1080.3
2195	177.7
2196	491.1
2197	1251.2
2198	399.6
2199	1296.2
2200	471.7
2201	12
2202	165.2
2203	619.3
2204	429.7
2205	669.6
2206	379.6
2207	173.2
2208	181.8
2209	625.3
2210	1254.1
2211	631.8
2212	907
2213	1041
2214	483.3
2215	384.2
2216	170.6
2217	546
2218	469.3
2219	1260.4
2220	156.5
2221	379.2
2222	1247.3
2223	420.5
2224	612.4
2225	453.5
2226	170.7
2227	1309
2228	557.7
2229	602.4
2230	924
2231	420.5
2232	508
2233	522.4
2234	1241
2235	580.3
2236	531.6
2237	610.5
2238	607.1
2239	175.2
2240	583
2241	496.3
2242	600.7
2243	630.5
2244	587.2
2245	1297.5
2246	461.2
2247	642.7
2248	1303.2
2249	567.6
2250	481.5
2251	162.5
2252	1114
2253	590.9
2254	186.1
2255	626.5
2256	1167.8
2257	191.4
2258	499
2259	1272.8
2260	576.2
2261	574.2
2262	556
2263	1341.3
2264	1337.3
2265	1265.5
2266	567.2
2267	606.2
2268	954.9
2269	194.9
2270	855.7
2271	1091.7
2272	538.4
2273	199.4
2274	845.4
2275	1048.2
2276	229.6
2277	599
2278	794.7
2279	555.2
2280	601.8
2281	878.2
2282	1355.8
2283	237
2284	807.1
2285	1269.2
2286	1023.2
2287	175.4
2288	1153.2
2289	550.3
2290	582.7
2291	584.4
2292	1276.8
2293	228.1
2294	232.2
2295	1131.7
2296	1100.9
2297	1332.9
2298	563.3
2299	175.6
2300	592.1
2301	846.2
2302	671.4
2303	617.1
2304	633.2
2305	605.9
2306	1186.9
2307	1212.9
2308	610.7
2309	988.8
2310	1303.2
2311	981
2312	886.9
2313	893.9
2314	639.8
2315	1026.1
2316	547.9
2317	1282.4
2318	515.9
2319	580.3
2320	1129.2
2321	1192.1
2322	679.2
2323	642.8
2324	1270.4
2325	1128.2
2326	989.8
2327	656.3
2328	1228.9
2329	692.5
2330	1051.7
2331	977.9
2332	259
2333	931.6
2334	1100.5
2335	1058.1
2336	985.2
2337	936.8
2338	268.3
2339	248.1
2340	1271.6
2341	1032.3
2342	1026.8
2343	244.3
2344	920
2345	262.2
2346	1033.7
2347	632.9
2348	930
2349	995.4
2350	888.7
2351	1031.8
2352	687.6
2353	1014.4
2354	954
2355	1203.6
2356	996.1
2357	973.4
2358	219.7
2359	1209.6
2360	1063.9
2361	1068.4
2362	240.5
2363	1244.4
2364	1053
2365	1016.5
2366	1019.8
2367	969.8
2368	1054.2
2369	180.4
2370	1228.7
2371	909.4
2372	984.2
2373	990
2374	198.3
2375	944.3
2376	1022.8
2377	1014.6
2378	1040
2379	1019.7
2380	1012.3
2381	964.2
2382	1210.2
2383	1012.6
2384	956.7
2385	791.6
2386	698.6
2387	688.8
2388	1024.4
2389	1197.2
2390	931.4
2391	942.2
2392	1209.2
2393	998.9
2394	1194.5
2395	190.7
2396	1020.7
2397	954.9
2398	772.8
2399	1030.5
2400	969.4
2401	992.4
2402	1212.3
2403	955.3
2404	176
2405	954.5
2406	906.6
2407	1034.6
2408	983.4
2409	955.3
2410	1039.4
2411	1048.1
2412	1032.6
2413	955.1
2414	170.5
2415	1051.5
2416	946
2417	940.4
2418	1026.7
2419	960.5
2420	1176.1
2421	1053
2422	1063.6
2423	883
2424	1000.4
2425	166.8
2426	1044.8
2427	994.2
2428	1218.6
2429	1048.3
2430	1013.1
2431	994.8
2432	977.4
2433	1218.1
2434	172
2435	1003
2436	973.8
2437	139
2438	979.8
2439	560.1
2440	970
2441	1079.8
2442	883
2443	951.9
2444	1184.4
2445	1030.2
2446	173.1
2447	1015.3
2448	583.9
2449	1043.6
2450	1043
2451	967.7
2452	973.8
2453	575.2
2454	1175.8
2455	1091.9
2456	586.6
2457	1083.1
2458	979.1
2459	1034.7
2460	133.5
2461	590.8
2462	543.6
2463	158.2
2464	591.3
2465	1093.8
2466	1151.5
2467	817.6
2468	938.5
2469	1057.8
2470	596
2471	995
2472	1114.5
2473	159.4
2474	571.1
2475	1001.3
2476	706.4
2477	989.1
2478	992.9
2479	695
2480	1047.5
2481	508.4
2482	119.8
2483	699.2
2484	1073.2
2485	986.5
2486	974.2
2487	1199.4
2488	999.7
2489	573
2490	1218.3
2491	143.4
2492	1099.4
2493	691.5
2494	990.4
2495	982.7
2496	138.2
2497	892.9
2498	962.6
2499	129.8
2500	1091.9
2501	939.9
2502	951.4
2503	711.8
2504	505.8
2505	1010.7
2506	1004.2
2507	1169.7
2508	530.1
2509	700.5
2510	521.7
2511	0
2512	1015.5
2513	977.3
2514	960.3
2515	960.6
2516	1021.7
2517	181.1
2518	383.5
2519	1000.9
2520	1106.7
2521	936
2522	0
2523	167.1
2524	1150.5
2525	402.1
2526	967.8
2527	910.5
2528	952.6
2529	993.4
2530	865.5
2531	874.6
2532	898.6
2533	1119.3
2534	405.2
2535	893.8
2536	1115.9
2537	402.6
2538	0
2539	1218.3
2540	1090
2541	1143.9
2542	1043.6
2543	993.4
2544	453
2545	1062.8
2546	508.2
2547	999.6
2548	1075.2
2549	994.3
2550	1158.5
2551	200.1
2552	1225.8
2553	896.1
2554	1142.2
2555	927.9
2556	933.4
2557	965.5
2558	971.3
2559	825.4
2560	0
2561	870.9
2562	1233.5
2563	1082.9
2564	1141.7
2565	1091.7
2566	178.8
2567	1026
2568	0
2569	1010.4
2570	380.5
2571	209.6
2572	1039.1
2573	587.5
2574	1011.8
2575	472.2
2576	977.5
2577	871.6
2578	935.1
2579	973.4
2580	1018.5
2581	1129.6
2582	1245.6
2583	1083.7
2584	1149.6
2585	0
2586	1215.4
2587	965.9
2588	990.9
2589	890.6
2590	985.3
2591	937
2592	861.1
2593	788.1
2594	379.4
2595	1106.1
2596	0
2597	940.7
2598	1226.9
2599	1022.3
2600	933.1
2601	894.1
2602	1118.7
2603	820.8
2604	1222.3
2605	1021.4
2606	471.8
2607	0
2608	781.3
2609	1096.3
2610	558.4
2611	1063.6
2612	833.6
2613	949.8
2614	1142.7
2615	234.2
2616	1068.7
2617	0
2618	1079.7
2619	1107.7
2620	1195.5
2621	353.6
2622	961.3
2623	0
2624	868.1
2625	1183.3
2626	307.3
2627	1018.7
2628	231
2629	1144.8
2630	951.5
2631	874.1
2632	0
2633	949.3
2634	971.6
2635	871.5
2636	1095.2
2637	1072.5
2638	393.3
2639	853.4
2640	818.6
2641	439.2
2642	0
2643	1222.6
2644	503.8
2645	1197.4
2646	838.3
2647	373.7
2648	1049.9
2649	475.7
2650	0
2651	1061.2
2652	504.8
2653	982.3
2654	519
2655	856.5
2656	1089.6
2657	348.8
2658	916.5
2659	1069.5
2660	0
2661	396.7
2662	1176.6
2663	490
2664	890.1
2665	495.6
2666	434.2
2667	271.3
2668	407
2669	954.3
2670	1183.2
2671	1022.5
2672	1038.7
2673	474.8
2674	306.5
2675	485.4
2676	162.9
2677	1201.6
2678	1091.7
2679	507.2
2680	418.8
2681	417.3
2682	410.5
2683	940
2684	874.6
2685	955.2
2686	1069.2
2687	1027.7
2688	381.4
2689	408.5
2690	434.3
2691	409
2692	135.1
2693	453.7
2694	841.9
2695	1115.1
2696	944.6
2697	1112.5
2698	1156.1
2699	34.9
2700	994
2701	224
2702	436.7
2703	832.5
2704	745
2705	893.6
2706	427.6
2707	23.2
2708	427
2709	371.9
2710	441.1
2711	422.2
2712	993.5
2713	928.8
2714	443.7
2715	757.2
2716	438.4
2717	404.8
2718	770.1
2719	837.5
2720	395.3
2721	815.9
2722	423.5
2723	1014.5
2724	84.1
2725	425.3
2726	868.3
2727	978.2
2728	789.1
2729	941
2730	433.9
2731	1013.6
2732	414.7
2733	410.5
2734	445
2735	816.8
2736	62.7
2737	773.8
2738	405.6
2739	804.8
2740	412.4
2741	413.9
2742	423
2743	778.7
2744	813.4
2745	345.5
2746	78.8
2747	779.6
2748	1073.4
2749	882.2
2750	402.9
2751	464.5
2752	931.5
2753	818.3
2754	415.2
2755	408.1
2756	719.5
2757	887.6
2758	466.1
2759	724
2760	764.9
2761	741
2762	856.8
2763	66.9
2764	456.9
2765	402.6
2766	393.6
2767	85.8
2768	404.6
2769	748.5
2770	864.7
2771	445.1
2772	424.9
2773	244.4
2774	487
2775	432.6
2776	887.8
2777	388.1
2778	446.8
2779	901.3
2780	152.3
2781	927.8
2782	383.1
2783	781.4
2784	802.2
2785	74.6
2786	83.2
2787	418.5
2788	716.8
2789	452.6
2790	988.1
2791	406.1
2792	445.7
2793	468.4
2794	899.9
2795	709.6
2796	399.4
2797	489.4
2798	400.4
2799	922.7
2800	443.3
2801	465
2802	449
2803	696.9
2804	182.1
2805	446.1
2806	925.8
2807	469.3
2808	437.1
2809	458.9
2810	75.1
2811	454.7
2812	384.6
2813	429.4
2814	984.2
2815	457.4
2816	701.3
2817	826.9
2818	456
2819	1020.3
2820	471.6
2821	412.3
2822	902.1
2823	451.3
2824	72.2
2825	816.4
2826	82.1
2827	146.6
2828	392.3
2829	89.4
2830	961.2
2831	862.8
2832	846.9
2833	742
2834	462.8
2835	438.5
2836	1015.8
2837	786
2838	448.6
2839	408.7
2840	474.2
2841	874.1
2842	417.1
2843	862.3
2844	269.6
2845	786.9
2846	75.7
2847	462.5
2848	446.8
2849	413.9
2850	446.2
2851	406.6
2852	984.5
2853	1024.2
2854	471.4
2855	959
2856	415.2
2857	978.8
2858	450.6
2859	951.4
2860	866.2
2861	851.4
2862	392.9
2863	295.9
2864	406.2
2865	884.1
2866	445.3
2867	995.1
2868	356.3
2869	438.6
2870	952.5
2871	446.7
2872	444.7
2873	468.5
2874	84.8
2875	983.4
2876	82.5
2877	988.6
2878	983.1
2879	272.4
2880	1036.9
2881	1004.6
2882	903.5
2883	917.9
2884	421.7
2885	362.4
2886	441.2
2887	321.6
2888	77.9
2889	93.4
2890	92.6
2891	882.6
2892	434.2
2893	443.7
2894	441
2895	456.2
2896	87
2897	466.8
2898	920.8
2899	453.5
2900	393.7
2901	288.5
2902	973.7
2903	467
2904	197.2
2905	934.5
2906	447.1
2907	388.9
2908	954.3
2909	468
2910	852.9
2911	466.4
2912	966.5
2913	464.7
2914	960.5
2915	310.9
2916	467.3
2917	82.1
2918	455.5
2919	264.6
2920	303.5
2921	866.4
2922	830.2
2923	894.9
2924	417
2925	897
2926	386.5
2927	214.8
2928	426.1
2929	367.9
2930	472.4
2931	1065.8
2932	446
2933	997.7
2934	198.7
2935	917.9
2936	236
2937	796.4
2938	252.2
2939	936.8
2940	218.7
2941	813.9
2942	229.7
2943	458.2
2944	220.5
2945	937.1
2946	871.6
2947	457.6
2948	1041
2949	872.4
2950	824
2951	475.4
2952	976.9
2953	455
2954	860
2955	472.8
2956	453
2957	391.9
2958	1056.8
2959	298.9
2960	878.4
2961	942.2
2962	869.2
2963	427.3
2964	456.3
2965	814.9
2966	485.5
2967	480.2
2968	905.1
2969	274.3
2970	202.8
2971	881.7
2972	420.5
2973	176.4
2974	915.8
2975	1133.2
2976	429.7
2977	440.9
2978	440.6
2979	974
2980	946.3
2981	877.8
2982	444.7
2983	928.6
2984	934.2
2985	812
2986	905.6
2987	841.6
2988	936.8
2989	199.7
2990	772.4
2991	1151
2992	454.3
2993	927.4
2994	919.4
2995	956.3
2996	481.1
2997	438
2998	795.7
2999	447.1
3000	798
3001	355.6
3002	941.8
3003	823.6
3004	366.6
3005	420.4
3006	958.4
3007	838.3
3008	969.5
3009	357
3010	192.4
3011	931.1
3012	478.9
3013	967.6
3014	778.4
3015	328.6
3016	901.6
3017	1093.4
3018	794.7
3019	324.3
3020	837.9
3021	358.2
3022	338
3023	357.6
3024	955.6
3025	774.5
3026	999.5
3027	1005.1
3028	832.9
3029	1033.9
3030	235.1
3031	435.7
3032	447.9
3033	318.5
3034	457.9
3035	802.3
3036	240.2
3037	431.1
3038	316.1
3039	894.3
3040	1105.5
3041	974.9
3042	1034.1
3043	1095.3
3044	957.5
3045	1085
3046	293.9
3047	313.2
3048	1011.5
3049	853.9
3050	1098.6
3051	1057.3
3052	946.8
3053	1128.2
3054	810.8
3055	855.2
3056	1095.4
3057	315.3
3058	1158.3
3059	910
3060	287.2
3061	351.8
3062	331.8
3063	1085.3
3064	1153.7
3065	315.8
3066	1088.3
3067	308.9
3068	1043.7
3069	331.4
3070	924.2
3071	431.5
3072	876.9
3073	200.5
3074	1125.1
3075	405
3076	428.1
3077	956.8
3078	865
3079	1096.7
3080	1054.6
3081	295.5
3082	333.7
3083	1146.8
3084	300.1
3085	924.3
3086	1071.3
3087	1208
3088	1130.6
3089	1181.9
3090	935.7
3091	339.6
3092	244.5
3093	433.3
3094	228.2
3095	269.5
3096	1010.4
3097	222.1
3098	1188.5
3099	278.8
3100	1002.1
3101	152
3102	391.1
3103	1152.2
3104	1156.3
3105	326.6
3106	1110.3
3107	1062.1
3108	264
3109	378.8
3110	272.5
3111	1278.9
3112	129.3
3113	1249
3114	319.3
3115	350.7
3116	381.8
3117	329.3
3118	1146.8
3119	1098
3120	116.9
3121	1066.5
3122	194.8
3123	1087.4
3124	270.8
3125	502.5
3126	174.5
3127	130.1
3128	251.8
3129	274
3130	265.1
3131	1097
3132	1047.5
3133	1204.6
3134	1227.1
3135	202.9
3136	1170.2
3137	161.8
3138	297.8
3139	1070.5
3140	930.5
3141	303.2
3142	1000.4
3143	1069.1
3144	287.5
3145	135.4
3146	226.3
3147	158.1
3148	380.5
3149	230.4
3150	158.2
3151	189.8
3152	1061.4
3153	1082.1
3154	975.1
3155	0.1
3156	895.5
3157	865.1
3158	165.2
3159	987.7
3160	139.3
3161	182.6
3162	1075.3
3163	270.8
3164	197.7
3165	35.7
3166	1074.5
3167	34.8
3168	1099.1
3169	232.1
3170	1107.3
3171	319.9
3172	1074.5
3173	247.9
3174	0.1
3175	1025.9
3176	288.8
3177	284.1
3178	295
3179	252.5
3180	186.5
3181	31.3
3182	1066.1
3183	1093.9
3184	191.4
3185	187.3
3186	914.8
3187	962.6
3188	0.1
3189	831.1
3190	308.8
3191	284.9
3192	0.1
3193	497.8
3194	1094.2
3195	1089.3
3196	210.3
3197	34.8
3198	30.6
3199	1041.6
3200	227.5
3201	252
3202	1069.9
3203	1127
3204	33.9
3205	171.7
3206	254.7
3207	584.1
3208	243
3209	401.5
3210	184.9
3211	189.7
3212	1047.9
3213	253.3
3214	230.8
3215	242.5
3216	298.3
3217	337.8
3218	173.5
3219	176.8
3220	35.1
3221	290.3
3222	184.4
3223	274.1
3224	1095.4
3225	304.2
3226	1101.6
3227	325
3228	420.1
3229	507.6
3230	34.6
3231	454.3
3232	301.6
3233	281.7
3234	1097.4
3235	1101.1
3236	183.3
3237	224.9
3238	186.9
3239	436.5
3240	44.2
3241	829.9
3242	521.7
3243	179.3
3244	479
3245	298.7
3246	353.8
3247	380.9
3248	284.3
3249	296.1
3250	41.3
3251	1113.2
3252	1058.3
3253	442.1
3254	174.3
3255	243
3256	339.2
3257	179.3
3258	564.6
3259	878.2
3260	321.4
3261	471.9
3262	176.4
3263	274
3264	259.8
3265	295.6
3266	473.1
3267	911.8
3268	172
3269	1021.7
3270	456.3
3271	252.6
3272	959.4
3273	250.1
3274	1041.1
3275	457.4
3276	330.9
3277	473.2
3278	1012.4
3279	259.7
3280	260
3281	346.6
3282	257.2
3283	154.8
3284	475.5
3285	229.1
3286	1040.7
3287	243.5
3288	582.8
3289	523.7
3290	341.9
3291	990.3
3292	297.7
3293	552.1
3294	560.9
3295	301.5
3296	273.6
3297	266.8
3298	788.4
3299	316.5
3300	864.3
3301	344.1
3302	340.3
3303	1016.4
3304	644.9
3305	173.7
3306	549.7
3307	265.6
3308	953.1
3309	447.7
3310	306.2
3311	302.5
3312	636.3
3313	305
3314	235.7
3315	554.3
3316	809.1
3317	246
3318	125.4
3319	211.7
3320	318.9
3321	478
3322	249.5
3323	497.3
3324	560.8
3325	315.8
3326	470.3
3327	182.3
3328	266.8
3329	285.2
3330	693.6
3331	334
3332	336.8
3333	310.9
3334	271.7
3335	870.9
3336	475.7
3337	165.6
3338	306.9
3339	220.1
3340	243
3341	814
3342	461
3343	290.8
3344	329.2
3345	189.4
3346	277.8
3347	482.7
3348	182.2
3349	465
3350	156.7
3351	291.7
3352	148.1
3353	292.7
3354	531.3
3355	326.3
3356	345.4
3357	527.5
3358	267.3
3359	302.1
3360	166.3
3361	327.7
3362	468.1
3363	663.2
3364	513.2
3365	327.8
3366	304.1
3367	342.9
3368	271.8
3369	304.5
3370	518.9
3371	333.8
3372	315.2
3373	324.9
3374	311.7
3375	482.2
3376	325.7
3377	453.4
3378	455.3
3379	509.8
3380	332.5
3381	337.1
3382	483.5
3383	357.4
3384	336.6
3385	341.4
3386	337.1
3387	523.7
3388	497.4
3389	367.3
3390	369
3391	373.9
3392	387.9
3393	533.3
3394	404.2
3395	377.4
3396	387
3397	415.4
3398	372.8
3399	369.2
3400	868.5
3401	885.9
3402	832.5
3403	955.5
3404	1149.5
3405	1152.6
3406	1231.7
3407	912.6
3408	1200.7
3409	1007.5
3410	216.9
3411	230.6
3412	1084.3
3413	1037
3414	1125.8
3415	940.8
3416	808.5
3417	1095.3
3418	1043.9
3419	951.4
3420	803.1
3421	952.4
3422	1059.7
3423	973
3424	1095.8
3425	1156.3
3426	1037.5
3427	788.7
3428	597.5
3429	1217.6
3430	562.9
3431	967.9
3432	1198.7
3433	1059.9
3434	1100.8
3435	761.7
3436	946.1
3437	1031
3438	790.5
3439	754.1
3440	1014
3441	1131.4
3442	779.6
3443	1004.2
3444	925.8
3445	696.8
3446	755.8
3447	787.4
3448	741.3
3449	1049.5
3450	739.8
3451	1093.3
3452	1075.3
3453	1056.9
3454	993.2
3455	994.5
3456	123.2
3457	993.8
3458	903.5
3459	798
3460	1089.3
3461	121.8
3462	965
3463	1102.7
3464	794.1
3465	809.1
3466	902.2
3467	980.9
3468	1015.5
3469	884.8
3470	988.7
3471	1111.4
3472	720
3473	1031.4
3474	1087.4
3475	939.3
3476	939.1
3477	1079.2
3478	1036
3479	898.4
3480	994.1
3481	1005.1
3482	442.6
3483	48.1
3484	948
3485	54.4
3486	899.9
3487	0
3488	99.7
3489	1042.4
3490	1002.3
3491	632.2
3492	975.5
3493	56.7
3494	943.7
3495	1194.2
3496	174.5
3497	346
3498	368.3
3499	1173
3500	539.8
3501	194.5
3502	177.1
3503	457.6
3504	545
3505	969
3506	1240.3
3507	525.4
3508	1203.4
3509	244.3
3510	619.4
3511	1224.8
3512	1019.2
3513	252.1
3514	954.5
3515	1201.1
3516	988.9
3517	873.3
3518	984.5
3519	991.1
3520	1129.5
3521	1078.8
3522	587.4
3523	1006.1
3524	972.3
3525	1002.1
3526	195.1
3527	983.9
3528	1129.2
3529	929.5
3530	907.1
3531	1238.2
3532	442.8
3533	1103.9
3534	1111.2
3535	1013.3
3536	413.2
3537	100
3538	1093.6
3539	428
3540	474.5
3541	437.7
3542	436.4
3543	449
3544	398.8
3545	479.8
3546	402.5
3547	392.2
3548	453.9
3549	1056.6
3550	1001.7
3551	993.3
3552	383.6
3553	399.6
3554	1004.2
3555	460
3556	930
3557	191
3558	456.4
3559	154.6
3560	434.3
3561	824
3562	300.2
3563	1079.1
3564	322.4
3565	339
3566	309.3
3567	1018.6
3568	1116.1
3569	1017.3
3570	1034.1
3571	1048.4
3572	327.2
3573	1116.9
3574	389.3
3575	359.5
3576	1051.4
3577	1214.6
3578	174
3579	281.6
3580	280.8
3581	265.6
3582	179.8
3583	258.8
3584	1107
3585	307.5
3586	1089.8
3587	291.3
3588	482.5
3589	292.6
3590	267.6
3591	159.4
3592	299.9
3593	442.7
3594	348.6
