"COMID"	"Value"
1	39.4
2	5.1
3	40.2
4	52.3
5	18.7
6	0.7
7	15.3
8	5.3
9	0.2
10	0.2
11	71.7
12	0.1
13	0.2
14	63.6
15	4.4
16	0.2
17	46.4
18	6.7
19	25.9
20	34.2
21	8.5
22	43.5
23	0.2
24	0.2
25	26.8
26	21.5
27	15.6
28	25.8
29	0.1
30	7.2
31	36.9
32	19.7
33	55.6
34	0.1
35	23.5
36	0.3
37	47.2
38	0.2
39	0
40	1.1
41	57
42	5.1
43	0.9
44	23.3
45	3
46	0.2
47	0.9
48	48
49	17.8
50	11.9
51	0
52	0.3
53	0.4
54	32.8
55	39.6
56	33.8
57	1
58	0.1
59	2.6
60	0.1
61	0.2
62	0.3
63	21.3
64	6.7
65	0.2
66	4
67	43.2
68	0.7
69	2.6
70	3
71	0.5
72	31.7
73	0
74	8.7
75	4.2
76	2.8
77	4.2
78	1.4
79	32.3
80	1.8
81	8.4
82	1.7
83	23.2
84	0.2
85	22.8
86	1.1
87	0.1
88	0.1
89	0.4
90	6.1
91	11.7
92	30.4
93	23.8
94	0.3
95	12.8
96	0.8
97	35.6
98	0.2
99	1.7
100	28
101	10.8
102	16.3
103	0
104	2.3
105	2.1
106	34.8
107	0.6
108	0.3
109	2.1
110	1.4
111	0.4
112	42.2
113	0.2
114	39.8
115	7.5
116	1
117	21.5
118	9.8
119	0.1
120	2.9
121	0.3
122	12.4
123	0.5
124	14.2
125	2.5
126	28.4
127	19.9
128	25.4
129	0.1
130	5.1
131	0.1
132	0.8
133	16.6
134	6.4
135	7.5
136	2.6
137	25.1
138	0.9
139	0.9
140	5.7
141	6
142	1.7
143	0.3
144	2.1
145	1
146	21.8
147	22.6
148	27.1
149	6.3
150	25.8
151	3.4
152	9.8
153	1.3
154	4.3
155	0.5
156	4.7
157	25.1
158	1.5
159	0.3
160	16.5
161	3.8
162	3.1
163	0.2
164	3.5
165	0.1
166	3.5
167	9.2
168	0.1
169	11.5
170	6.4
171	1.2
172	3.6
173	5.5
174	2.3
175	0.2
176	43.8
177	0.3
178	2.2
179	4.4
180	3.3
181	0.3
182	1.8
183	1
184	4.1
185	1.6
186	2.1
187	2
188	3.9
189	3.8
190	3.6
191	3.9
192	2.3
193	1.5
194	47
195	1.8
196	2.6
197	0.3
198	4.2
199	2.2
200	3.1
201	4.5
202	1.2
203	1.7
204	0.5
205	1.3
206	3.4
207	6.3
208	39.5
209	1.8
210	0.9
211	22.5
212	14.1
213	1.3
214	0.6
215	6.7
216	0.9
217	0.2
218	0.4
219	0.4
220	1.8
221	0.1
222	5.3
223	27.9
224	0.2
225	0.7
226	4.1
227	0.6
228	1.8
229	0.4
230	10.3
231	0.5
232	0.4
233	19.6
234	0.2
235	3.3
236	1
237	0.3
238	0.1
239	4.7
240	1.8
241	2.8
242	0.2
243	0
244	22.5
245	2.7
246	12.2
247	2.6
248	1.7
249	0.1
250	15.7
251	3.9
252	8.5
253	0.5
254	1
255	0.6
256	13.3
257	0.8
258	2.8
259	2.7
260	1.2
261	2.4
262	3.1
263	4.4
264	0.6
265	0.7
266	1.5
267	9.8
268	1.7
269	12.7
270	0.4
271	1.2
272	2.2
273	9.3
274	0.1
275	2.6
276	0.2
277	0.5
278	2.3
279	0.5
280	2.1
281	1.8
282	7.4
283	0.3
284	8.3
285	0.5
286	1.8
287	8.7
288	3.2
289	0.4
290	0.2
291	0.6
292	4
293	0.1
294	2
295	0.3
296	3.1
297	4.6
298	0.3
299	0.7
300	3.8
301	0.7
302	4.5
303	1.9
304	3.2
305	4.7
306	7.9
307	3.5
308	1.6
309	0.7
310	0.9
311	3.3
312	2.2
313	1.4
314	2.9
315	0.5
316	0.6
317	0.1
318	4.2
319	0.1
320	2.3
321	0.4
322	0.7
323	2.8
324	1.1
325	0.2
326	0.9
327	1.3
328	1.3
329	0.7
330	1.2
331	1.6
332	0.9
333	3.1
334	1.1
335	1
336	2.6
337	0.2
338	3.1
339	2.5
340	3
341	2.7
342	0.1
343	3.9
344	9.5
345	3.2
346	0.3
347	3.8
348	5.9
349	3.7
350	3.1
351	3.7
352	2.8
353	3.2
354	3.7
355	0.2
356	3.5
357	0.5
358	3.9
359	0.1
360	3.5
361	1.6
362	3.2
363	3.3
364	0.1
365	1.5
366	0.8
367	0.2
368	69.1
369	0.1
370	4.2
371	0.2
372	0.7
373	0.4
374	0.2
375	3.3
376	0
377	4.7
378	0.3
379	0.3
380	4.9
381	0.1
382	0.4
383	4.5
384	0.2
385	0.8
386	0.3
387	83.8
388	0.3
389	0.1
390	74.2
391	0.4
392	0.3
393	0.5
394	0.5
395	0.9
396	1.4
397	0.6
398	1
399	2.2
400	0.6
401	8.1
402	0.5
403	1.7
404	0.7
405	0.4
406	3.5
407	1.8
408	0.9
409	0.4
410	4.2
411	8.1
412	0.2
413	5.9
414	0.3
415	1.5
416	1.3
417	1.4
418	1.5
419	0.9
420	1.5
421	1.8
422	2.6
423	8.5
424	1.7
425	159.3
426	1.4
427	4.6
428	2.1
429	6.7
430	8.7
431	1.9
432	0.3
433	133.9
434	0.3
435	0.3
436	43.2
437	3.2
438	269.5
439	1.6
440	9.9
441	3.7
442	0
443	1.8
444	0.4
445	416.8
446	0
447	430.5
448	361.1
449	0.2
450	0.3
451	1.5
452	36.5
453	2.2
454	0
455	2
456	0
457	24.3
458	45.6
459	15.3
460	0.2
461	23.4
462	58
463	3.2
464	0.7
465	35
466	3.9
467	1.8
468	2.4
469	0
470	0.7
471	1.6
472	10.5
473	1.1
474	0.7
475	3.9
476	0.8
477	54.7
478	2.1
479	0.2
480	13.6
481	2
482	1
483	26.7
484	0.2
485	0.1
486	3.3
487	0.3
488	4.5
489	1.4
490	3.2
491	0.8
492	11.9
493	1
494	4.5
495	4
496	1.1
497	1.5
498	0.1
499	1.1
500	1.9
501	0.6
502	5.8
503	0.3
504	0.2
505	1.8
506	2.2
507	2.7
508	1.2
509	1.9
510	0.8
511	1.1
512	1.8
513	0.6
514	1.8
515	1
516	0.1
517	6.3
518	0.3
519	0.4
520	6
521	0.1
522	0.1
523	0.6
524	21.6
525	0.1
526	0.3
527	0.2
528	0.1
529	0.9
530	11.4
531	5.5
532	30
533	0.2
534	0
535	14.4
536	13.6
537	2.8
538	1.1
539	0
540	0
541	1.9
542	5.6
543	0
544	0.8
545	3.6
546	4.4
547	0
548	2.5
549	4.3
550	0
551	1.5
552	0
553	2.4
554	0.5
555	0
556	0
557	0.1
558	2.1
559	1.6
560	2.5
561	3.3
562	5.6
563	0.5
564	0.6
565	1.3
566	6.4
567	0
568	4
569	0.1
570	0.2
571	3.5
572	1.7
573	0
574	0
575	0
576	12
577	0.7
578	0.7
579	1.7
580	3.5
581	0.7
582	0
583	0
584	0
585	21
586	0
587	8.5
588	0
589	3.9
590	0.2
591	0
592	1.7
593	3.5
594	0.1
595	0
596	0
597	0.1
598	0
599	8.1
600	0.1
601	0
602	0.3
603	182.3
604	0
605	0.5
606	0
607	0
608	0
609	1.6
610	0
611	0.9
612	1.7
613	0.2
614	57.9
615	0.3
616	0.9
617	3.4
618	131.5
619	0.2
620	0.1
621	0
622	69.2
623	65.9
624	66.5
625	0
626	0
627	5.2
628	0
629	0.8
630	15
631	0
632	170.9
633	33.2
634	0.2
635	0.3
636	1.1
637	0.3
638	0
639	128.8
640	0.4
641	8.5
642	0.7
643	43.5
644	1.9
645	176.6
646	39.7
647	0
648	260.4
649	44
650	0
651	16.5
652	0
653	0.2
654	0
655	0.2
656	0.1
657	49.4
658	1.1
659	48.2
660	3
661	0.8
662	45.1
663	48.7
664	0
665	0
666	0
667	1
668	8.3
669	1.8
670	0
671	0.1
672	0
673	52.8
674	0.2
675	24.6
676	26.8
677	9.3
678	0.9
679	0.1
680	0.1
681	52.4
682	47.4
683	6.1
684	48.8
685	0
686	7.3
687	0.2
688	20.1
689	0
690	57.8
691	0.6
692	5
693	1
694	0.1
695	0.6
696	34.8
697	0.1
698	55.4
699	42.2
700	21.6
701	0.3
702	33.4
703	19.4
704	39.7
705	22.5
706	1.1
707	6.5
708	26.4
709	19.4
710	27.7
711	0.1
712	7.7
713	26.2
714	0.5
715	21.6
716	0.9
717	244.5
718	33.6
719	33
720	16.9
721	0
722	14.4
723	25.5
724	51.1
725	0
726	0.4
727	0.1
728	17.1
729	0.4
730	32.8
731	1.6
732	0.1
733	30.8
734	14.1
735	6.7
736	1.1
737	45.7
738	18.7
739	57.9
740	51.6
741	15.5
742	373.1
743	40
744	0.5
745	0.3
746	9.9
747	18.4
748	0.2
749	50.4
750	0.3
751	12.3
752	33.9
753	17.3
754	26
755	34.7
756	18.3
757	15.5
758	65
759	0.1
760	9
761	0.1
762	24.5
763	34
764	4.8
765	10
766	1.2
767	87
768	24
769	71.8
770	25.4
771	41.6
772	54.9
773	8.1
774	6.6
775	0.6
776	0.6
777	16.9
778	20.3
779	0.5
780	63.6
781	31.4
782	632
783	605.3
784	642.9
785	661
786	608.8
787	647.4
788	544
789	587.9
790	626.9
791	568.8
792	591.5
793	540.7
794	661.7
795	685
796	536
797	689.6
798	541.8
799	569.3
800	617.3
801	546.6
802	579.7
803	591.6
804	521.1
805	562.9
806	575.5
807	474.2
808	590.6
809	671.9
810	702.3
811	563
812	627.4
813	576.4
814	594
815	598.2
816	548.1
817	517
818	597
819	725
820	578.4
821	702.8
822	820.3
823	557.3
824	638.3
825	671.5
826	680.9
827	849.3
828	844.9
829	693.6
830	834.3
831	698.1
832	858.8
833	744.9
834	925
835	789.4
836	817.8
837	658.3
838	732.4
839	765.3
840	791.3
841	758.9
842	789.8
843	410.3
844	922.5
845	742.4
846	782.1
847	796
848	768.7
849	783.5
850	927.6
851	902.8
852	815.5
853	776.4
854	814.3
855	807.6
856	739.4
857	749.7
858	925.4
859	693.9
860	746.1
861	874.1
862	224.2
863	758.9
864	724.2
865	825
866	739.5
867	777.8
868	937.9
869	712.4
870	629.4
871	715.5
872	740.3
873	297.3
874	826.7
875	901.7
876	728.7
877	801
878	800
879	874.1
880	776.4
881	803.2
882	725.4
883	776.9
884	814.7
885	811.6
886	154
887	687
888	739
889	815.6
890	794.6
891	743.6
892	704.6
893	833
894	164.4
895	840.2
896	902.4
897	748.8
898	725.3
899	846.7
900	812.1
901	810.3
902	989.4
903	901.2
904	802.7
905	782.3
906	956.6
907	718.5
908	689.8
909	819.1
910	122.4
911	817.5
912	730.4
913	705.5
914	759.4
915	150.5
916	679.8
917	819.9
918	761.2
919	703.1
920	752.4
921	773.3
922	729
923	433.4
924	769.4
925	864
926	764.8
927	820.7
928	566.7
929	689.7
930	764.1
931	836.8
932	593
933	821.9
934	115.6
935	747.7
936	744.9
937	969.4
938	916.3
939	824.2
940	682.6
941	889.7
942	738
943	83.3
944	930.7
945	760.2
946	745.2
947	106.6
948	722.8
949	849.1
950	832.5
951	747.8
952	679.1
953	602.6
954	610.3
955	761.8
956	695.5
957	680.2
958	577.9
959	651.9
960	795
961	778.1
962	768
963	744.5
964	60.6
965	837.2
966	781.1
967	90.6
968	662.5
969	707.8
970	591.7
971	813.6
972	792.1
973	802.9
974	668.5
975	912.8
976	840.7
977	838.9
978	599.8
979	784.3
980	852.3
981	822.2
982	799.9
983	811.9
984	849.1
985	832.4
986	800.8
987	578.5
988	825.3
989	824.7
990	209.6
991	790.7
992	507.9
993	826.6
994	767.8
995	922.8
996	779
997	806.3
998	568.6
999	767.6
1000	67
1001	568.2
1002	855.9
1003	166.7
1004	773.6
1005	598.2
1006	869.4
1007	81.3
1008	575.4
1009	406.9
1010	762.5
1011	780.6
1012	855.1
1013	552.9
1014	803.2
1015	574.5
1016	98.9
1017	819.8
1018	563.9
1019	560.3
1020	777.1
1021	768.7
1022	772
1023	853.7
1024	820.1
1025	761.7
1026	829.6
1027	829.6
1028	793.4
1029	557.4
1030	662.3
1031	85.8
1032	172.4
1033	624.9
1034	745.7
1035	591.3
1036	768
1037	753.5
1038	739.5
1039	594.5
1040	571
1041	746.5
1042	588.9
1043	91.4
1044	553.3
1045	608.4
1046	568.5
1047	790.4
1048	865.1
1049	847.9
1050	94.1
1051	771
1052	792.5
1053	559.2
1054	719.6
1055	850.9
1056	773.4
1057	643.2
1058	756.9
1059	628
1060	764.8
1061	88.6
1062	806.8
1063	787.1
1064	551.7
1065	562.2
1066	830.6
1067	588.2
1068	658.6
1069	572.2
1070	819.3
1071	752.6
1072	563.7
1073	570.3
1074	764.6
1075	447.3
1076	768.1
1077	586.9
1078	801
1079	744.7
1080	571.8
1081	617
1082	807.1
1083	544.2
1084	812
1085	793.3
1086	797.3
1087	94
1088	560.7
1089	597.4
1090	705.5
1091	798.6
1092	616.2
1093	570
1094	555.7
1095	552
1096	582.8
1097	793.5
1098	601.2
1099	457.8
1100	78.2
1101	548.5
1102	736.7
1103	557.1
1104	572.5
1105	622.3
1106	595.2
1107	577.2
1108	542.3
1109	704.6
1110	607.6
1111	574.8
1112	799.5
1113	783.8
1114	753.1
1115	619.3
1116	542.1
1117	817
1118	611.9
1119	565.3
1120	560.1
1121	549
1122	600.6
1123	607.6
1124	686.5
1125	532.8
1126	778.7
1127	543.7
1128	770.6
1129	773.8
1130	556.3
1131	543.6
1132	771.4
1133	801.1
1134	564.5
1135	701.1
1136	544.7
1137	560.2
1138	551.3
1139	559.2
1140	687.3
1141	549
1142	539.4
1143	762.4
1144	608.2
1145	593.7
1146	566.7
1147	576.8
1148	809.2
1149	542.5
1150	547.9
1151	586.4
1152	737.2
1153	731.7
1154	80.3
1155	748.9
1156	748.1
1157	536.9
1158	787.1
1159	707.4
1160	572
1161	531.2
1162	610.1
1163	577.9
1164	741
1165	731.3
1166	755.2
1167	759.3
1168	739.1
1169	772.6
1170	748.4
1171	589.5
1172	726.3
1173	587.3
1174	816.1
1175	550.1
1176	571.7
1177	717.2
1178	537.1
1179	757.7
1180	587.1
1181	616.7
1182	575.5
1183	556.1
1184	720.5
1185	761.1
1186	718.6
1187	535.8
1188	539.2
1189	608
1190	554.5
1191	735.8
1192	528.1
1193	713.7
1194	570.9
1195	762.7
1196	551.7
1197	692.9
1198	489.1
1199	752
1200	190.4
1201	576.3
1202	550.3
1203	699.3
1204	545.9
1205	586.2
1206	612.8
1207	561
1208	563.9
1209	595.7
1210	728.5
1211	731.5
1212	738.3
1213	695
1214	719.1
1215	585.1
1216	720.7
1217	748.3
1218	506.4
1219	558.6
1220	781.2
1221	540.6
1222	572.4
1223	584.7
1224	512.4
1225	771.7
1226	697
1227	690.3
1228	543.4
1229	621.6
1230	731.3
1231	609.5
1232	761.2
1233	487.2
1234	540.5
1235	569.8
1236	496.9
1237	813.8
1238	729
1239	776.6
1240	480.9
1241	699.7
1242	759.3
1243	561.2
1244	462.7
1245	719
1246	718.9
1247	610.7
1248	259.4
1249	794.6
1250	686.5
1251	560.8
1252	714
1253	503.9
1254	571.4
1255	705.2
1256	685.4
1257	622.5
1258	604.4
1259	774
1260	731.7
1261	700.2
1262	572.7
1263	582.6
1264	567.8
1265	765.8
1266	704
1267	715.6
1268	764
1269	229.1
1270	735.9
1271	572.1
1272	470.7
1273	632.8
1274	720.9
1275	476.2
1276	671.1
1277	761.8
1278	790
1279	175.2
1280	800.6
1281	615.4
1282	765.3
1283	902.1
1284	277.3
1285	616.7
1286	879.8
1287	605.9
1288	554
1289	776.6
1290	551.5
1291	748.6
1292	578.4
1293	142
1294	578.7
1295	730.3
1296	584.9
1297	267.9
1298	707.3
1299	495.8
1300	625.6
1301	767.9
1302	535.8
1303	547.5
1304	344.2
1305	906
1306	727.9
1307	724.5
1308	571
1309	745.1
1310	727
1311	746
1312	726.8
1313	601.1
1314	744.5
1315	777
1316	725.5
1317	694.1
1318	557
1319	776.5
1320	799.5
1321	575.2
1322	759.7
1323	815.3
1324	565.5
1325	765.9
1326	587.5
1327	588.5
1328	693.7
1329	316.3
1330	763.8
1331	698.4
1332	138.2
1333	582.4
1334	732.7
1335	173.9
1336	807.5
1337	598.7
1338	608.8
1339	573.3
1340	592.2
1341	741.8
1342	696.6
1343	852.1
1344	774.8
1345	536.5
1346	785
1347	792.9
1348	752.5
1349	559.9
1350	787.4
1351	774.7
1352	274.8
1353	683
1354	559.7
1355	800.3
1356	221
1357	641
1358	825.9
1359	595.3
1360	609.6
1361	529.7
1362	746
1363	811.6
1364	588.3
1365	740.1
1366	568.9
1367	791.1
1368	735.2
1369	536
1370	162.5
1371	555.3
1372	516.1
1373	731.3
1374	583.1
1375	712
1376	312
1377	504.7
1378	574.5
1379	581.8
1380	722.5
1381	831.2
1382	795.1
1383	640.9
1384	511.7
1385	255.4
1386	728.6
1387	598.9
1388	542.6
1389	528.5
1390	753.1
1391	824.6
1392	757.8
1393	527.6
1394	629.7
1395	759.2
1396	865.5
1397	898.5
1398	878.5
1399	814.7
1400	644
1401	511.4
1402	532.2
1403	712.5
1404	535.7
1405	631
1406	580
1407	834.2
1408	505.5
1409	742.2
1410	482.5
1411	743.2
1412	611.5
1413	752.5
1414	527
1415	783.4
1416	776.2
1417	484.9
1418	703
1419	517.2
1420	501.4
1421	519.3
1422	602.7
1423	513.4
1424	767.9
1425	501.4
1426	762.6
1427	519.9
1428	515.9
1429	513.7
1430	792.9
1431	726.8
1432	516.2
1433	774
1434	590
1435	797.2
1436	847.8
1437	550.7
1438	519.6
1439	518.5
1440	761.5
1441	756.8
1442	545
1443	658.3
1444	514.5
1445	619.9
1446	749.1
1447	622.5
1448	861.8
1449	856.5
1450	622.4
1451	531.6
1452	858.6
1453	754.9
1454	468.5
1455	660
1456	596.8
1457	710.9
1458	752
1459	520.8
1460	514.4
1461	725.7
1462	477.7
1463	492.3
1464	493.9
1465	504.4
1466	843.2
1467	513.4
1468	472.8
1469	755.6
1470	734.1
1471	465.6
1472	504.6
1473	833.2
1474	630.2
1475	873.8
1476	458.8
1477	623.9
1478	727.8
1479	807.7
1480	482.1
1481	738.7
1482	739.4
1483	488.2
1484	666.2
1485	439.3
1486	523
1487	498.1
1488	699.6
1489	756.9
1490	602.9
1491	581.4
1492	751.3
1493	748.2
1494	861.6
1495	557
1496	763.6
1497	701.5
1498	512.8
1499	771.8
1500	59
1501	765.1
1502	820.4
1503	629.6
1504	561.8
1505	732.8
1506	754.2
1507	499.3
1508	665.2
1509	427.5
1510	612
1511	719.8
1512	483
1513	748.4
1514	570.6
1515	494.7
1516	520.5
1517	736.8
1518	521.7
1519	799.6
1520	563.6
1521	461.5
1522	487.6
1523	495.3
1524	557.4
1525	595.9
1526	485.7
1527	762.8
1528	482.6
1529	783.3
1530	827.9
1531	598.7
1532	627.4
1533	714.5
1534	745.5
1535	252
1536	741.8
1537	485.5
1538	375.2
1539	539.4
1540	593.9
1541	417
1542	558.3
1543	767.2
1544	557.7
1545	440
1546	317.7
1547	665.1
1548	489.7
1549	457.3
1550	468.4
1551	550.2
1552	736.5
1553	816.1
1554	531.4
1555	781.3
1556	774.2
1557	636.4
1558	455.8
1559	759.6
1560	50.5
1561	554.7
1562	561.3
1563	617
1564	470.5
1565	586.8
1566	589.5
1567	477.7
1568	516.8
1569	779
1570	771.3
1571	487.6
1572	493.3
1573	793.4
1574	563.7
1575	718.7
1576	740.2
1577	775.1
1578	443.3
1579	430.6
1580	754.3
1581	766.7
1582	762.7
1583	746.5
1584	304.2
1585	781.4
1586	752
1587	617.5
1588	721.2
1589	579.3
1590	560.5
1591	470.5
1592	719.1
1593	585.4
1594	734
1595	780.8
1596	714.5
1597	476.5
1598	718.2
1599	798.7
1600	802.6
1601	499.1
1602	785.5
1603	786.4
1604	740.3
1605	80.1
1606	488.9
1607	459.6
1608	789.6
1609	419
1610	778.3
1611	601.4
1612	758.3
1613	777.7
1614	772.7
1615	722.4
1616	765.5
1617	444.4
1618	685.8
1619	54.5
1620	698.3
1621	719
1622	778.3
1623	441.1
1624	791.6
1625	696.8
1626	707.7
1627	630
1628	672.6
1629	434.8
1630	794.3
1631	605.1
1632	817.3
1633	439.3
1634	759.1
1635	804.7
1636	750.4
1637	842.8
1638	684.7
1639	492.6
1640	459.4
1641	656.1
1642	781.7
1643	735
1644	582.9
1645	746
1646	752.7
1647	430.9
1648	577.4
1649	601.9
1650	455.3
1651	729.4
1652	671.5
1653	454.5
1654	692.6
1655	731.6
1656	855.2
1657	782.6
1658	820.1
1659	704.5
1660	628.8
1661	75.6
1662	620.4
1663	726.3
1664	560
1665	433.3
1666	804.1
1667	774.2
1668	684.4
1669	764.8
1670	99.8
1671	764.6
1672	724.1
1673	732.1
1674	743.3
1675	644.9
1676	594
1677	108.1
1678	447.2
1679	767.5
1680	771.7
1681	762.9
1682	429.5
1683	757.8
1684	722.5
1685	739.3
1686	586.5
1687	816.4
1688	653.4
1689	576.3
1690	698.1
1691	84.5
1692	744.8
1693	110.2
1694	734.8
1695	701.6
1696	528.5
1697	775.7
1698	444.2
1699	526.6
1700	647.3
1701	779.4
1702	808.5
1703	785
1704	519.1
1705	497.2
1706	713.4
1707	417.1
1708	407.3
1709	708.3
1710	574.5
1711	526.8
1712	795.7
1713	774.7
1714	763.3
1715	711.7
1716	708.7
1717	717.5
1718	39.4
1719	556.2
1720	777.9
1721	816.2
1722	759.7
1723	742.4
1724	721.1
1725	804.4
1726	747.5
1727	774.6
1728	795.3
1729	113.2
1730	774.5
1731	557
1732	753.1
1733	705.4
1734	87.9
1735	766
1736	412.1
1737	696.9
1738	706.3
1739	696.5
1740	542.6
1741	115.3
1742	506.7
1743	724.9
1744	827.3
1745	779.6
1746	753.4
1747	739.9
1748	803
1749	601.4
1750	544.1
1751	769.1
1752	783.8
1753	754.6
1754	798.6
1755	773.2
1756	710.3
1757	746.9
1758	768.1
1759	768.4
1760	697.3
1761	823.2
1762	670.5
1763	763.4
1764	749.8
1765	541.9
1766	770.8
1767	817.2
1768	516.7
1769	804.9
1770	747.5
1771	679.8
1772	567.2
1773	764.9
1774	703.4
1775	312.3
1776	684.3
1777	738.1
1778	520.2
1779	521.3
1780	441.2
1781	811
1782	832.6
1783	737.9
1784	712.2
1785	756.4
1786	820
1787	794.4
1788	643
1789	685.7
1790	442.3
1791	615.9
1792	743.2
1793	714
1794	497.1
1795	732.8
1796	755.8
1797	837
1798	709.3
1799	708.9
1800	688.6
1801	849.5
1802	706.9
1803	537.6
1804	665.1
1805	541.6
1806	621.8
1807	802.3
1808	649.4
1809	753.6
1810	692.9
1811	747.9
1812	700.4
1813	625.2
1814	690.1
1815	694.2
1816	827.9
1817	728.4
1818	668.2
1819	625.4
1820	899.5
1821	734.7
1822	723.5
1823	797.6
1824	701.4
1825	916.2
1826	763.1
1827	719.5
1828	747.9
1829	729.6
1830	583.2
1831	602.2
1832	707.6
1833	643.4
1834	681
1835	574
1836	594.5
1837	276.2
1838	678.3
1839	938.4
1840	701.7
1841	598.1
1842	592.7
1843	931.6
1844	771.1
1845	674.2
1846	236.1
1847	594.6
1848	908.5
1849	948.2
1850	909.8
1851	573
1852	766.9
1853	809.7
1854	745.6
1855	778.2
1856	580.3
1857	711
1858	704.4
1859	720.8
1860	659.6
1861	700.5
1862	593.9
1863	678.4
1864	654.9
1865	746.9
1866	940
1867	735.4
1868	704
1869	748.2
1870	395.6
1871	685.1
1872	575.2
1873	674.7
1874	962.1
1875	717.5
1876	744.5
1877	688
1878	658.2
1879	972.6
1880	926.6
1881	772.2
1882	675.8
1883	970.6
1884	660.8
1885	749.3
1886	761.2
1887	683.7
1888	756.5
1889	612.2
1890	918.4
1891	408.8
1892	752.5
1893	660
1894	696.3
1895	727
1896	666
1897	605.3
1898	908.2
1899	580.9
1900	658.5
1901	923.1
1902	642.4
1903	751.8
1904	598.6
1905	729.5
1906	670.6
1907	230.6
1908	654.5
1909	302.1
1910	315.3
1911	767.6
1912	674
1913	575.9
1914	703.3
1915	644.3
1916	641.5
1917	802.8
1918	655.9
1919	636.6
1920	635.7
1921	766.7
1922	413.6
1923	590.7
1924	592.1
1925	744.4
1926	634.9
1927	919.3
1928	637.4
1929	161
1930	651.2
1931	216.9
1932	649.1
1933	654.6
1934	52.9
1935	633.9
1936	759.5
1937	372
1938	773.5
1939	878.6
1940	656.6
1941	613.4
1942	44.2
1943	414
1944	737.6
1945	176
1946	429.6
1947	387.9
1948	167
1949	624.5
1950	0
1951	650.5
1952	506.1
1953	31
1954	375.3
1955	37.4
1956	737.7
1957	943.1
1958	668.6
1959	50.6
1960	700.8
1961	51.1
1962	600.8
1963	350.6
1964	407.7
1965	564
1966	0
1967	335.4
1968	52.6
1969	646.1
1970	789.1
1971	596.3
1972	387.8
1973	339
1974	746.7
1975	27.3
1976	25.2
1977	469.9
1978	761.7
1979	0
1980	401.3
1981	743.7
1982	0
1983	580.3
1984	560.2
1985	29
1986	43.6
1987	794.6
1988	33.6
1989	0
1990	0
1991	367.2
1992	643.7
1993	58.2
1994	882.1
1995	752.2
1996	360.8
1997	27.5
1998	929.8
1999	620.2
2000	29.9
2001	633.4
2002	36
2003	43.6
2004	342.2
2005	403.4
2006	58.6
2007	560.7
2008	44.3
2009	594.6
2010	24.6
2011	0
2012	354.9
2013	33.9
2014	0
2015	28.3
2016	371.4
2017	653.5
2018	69.3
2019	383.2
2020	376.3
2021	61.9
2022	57.3
2023	520.3
2024	0
2025	894
2026	348.3
2027	37.4
2028	851.5
2029	601.8
2030	561.4
2031	40.5
2032	117.3
2033	572.4
2034	617.4
2035	34.4
2036	0
2037	612.1
2038	0
2039	368.3
2040	367.7
2041	0
2042	104.4
2043	602
2044	834.1
2045	537.8
2046	409.2
2047	37.7
2048	366.2
2049	686.7
2050	807.3
2051	48.4
2052	564.3
2053	47.1
2054	33
2055	32.9
2056	592.1
2057	36.6
2058	0
2059	384.8
2060	57.2
2061	109
2062	907.5
2063	378.3
2064	50.2
2065	395.3
2066	624.4
2067	105.5
2068	630.3
2069	615.7
2070	114.8
2071	68.5
2072	637.4
2073	38.5
2074	770.6
2075	608.2
2076	0
2077	358
2078	748.9
2079	376.4
2080	390.6
2081	783.7
2082	567
2083	51.6
2084	692.4
2085	673.4
2086	625.2
2087	395.7
2088	925.4
2089	480.6
2090	849.3
2091	657.5
2092	522.9
2093	701.2
2094	388.6
2095	49.3
2096	380.8
2097	51.9
2098	700.2
2099	32.3
2100	580.8
2101	567.8
2102	658
2103	340.5
2104	291.4
2105	561.7
2106	375
2107	411.8
2108	771.2
2109	550.1
2110	652.2
2111	320.6
2112	0
2113	683.6
2114	397.5
2115	766.7
2116	772.2
2117	644.9
2118	28.6
2119	18.9
2120	819.5
2121	51.2
2122	606
2123	427.6
2124	812.9
2125	611.7
2126	639.2
2127	40.8
2128	389.4
2129	301.8
2130	428.6
2131	654.1
2132	679.2
2133	350.1
2134	607.5
2135	16.2
2136	875.3
2137	44.8
2138	27.1
2139	733.2
2140	295.5
2141	866.5
2142	37.1
2143	385.6
2144	556.2
2145	756.5
2146	44.9
2147	51.6
2148	619
2149	403.9
2150	382.5
2151	365.6
2152	639.4
2153	961.1
2154	619.1
2155	315.2
2156	394
2157	416.6
2158	53.2
2159	40.7
2160	966.8
2161	405.6
2162	660.2
2163	787.3
2164	427.5
2165	61.7
2166	300.2
2167	323
2168	423.9
2169	585.3
2170	378.1
2171	413.9
2172	410.1
2173	438.3
2174	358.1
2175	3.8
2176	408.4
2177	889.6
2178	21.3
2179	388.1
2180	306.4
2181	986.3
2182	378.8
2183	434.6
2184	347.8
2185	768.2
2186	3.3
2187	34.4
2188	299.3
2189	395.2
2190	43.6
2191	384.9
2192	306.8
2193	403.1
2194	773
2195	41.4
2196	360.9
2197	890.4
2198	292.4
2199	962.5
2200	398.4
2201	1.6
2202	34.8
2203	366.4
2204	335.9
2205	384.4
2206	332.5
2207	40.6
2208	35.3
2209	373.5
2210	948.9
2211	375
2212	622.1
2213	801
2214	405.6
2215	335.1
2216	34.8
2217	410.7
2218	326.9
2219	879.4
2220	29.5
2221	252.9
2222	928
2223	293.1
2224	375.9
2225	411.3
2226	34.5
2227	942.6
2228	362.9
2229	361.1
2230	640.5
2231	258.6
2232	420.4
2233	355.1
2234	859.5
2235	342.1
2236	385.1
2237	361.5
2238	353.8
2239	34.7
2240	353.5
2241	407.9
2242	389.5
2243	342
2244	335.4
2245	904.1
2246	259
2247	381
2248	919.4
2249	407.8
2250	268.5
2251	27.7
2252	829
2253	437.5
2254	37.5
2255	376.7
2256	804.3
2257	41
2258	291.9
2259	856.8
2260	344.5
2261	316.6
2262	301.2
2263	887.9
2264	922.9
2265	861
2266	347.5
2267	348.1
2268	663.6
2269	33
2270	596.6
2271	716.6
2272	323
2273	53.2
2274	544.6
2275	798.1
2276	73.4
2277	341
2278	559.6
2279	316.9
2280	344.5
2281	638.1
2282	912.5
2283	78.6
2284	585.2
2285	867.6
2286	700
2287	38.2
2288	739
2289	323.7
2290	325.3
2291	315.4
2292	850.7
2293	37.6
2294	38.6
2295	837.7
2296	779.7
2297	909.7
2298	329.5
2299	29.2
2300	345.6
2301	578.8
2302	366.3
2303	376.1
2304	376.3
2305	307.9
2306	848
2307	831.8
2308	353.5
2309	586.7
2310	929
2311	710.4
2312	592.2
2313	534.7
2314	359.2
2315	694.6
2316	332.6
2317	928.4
2318	297.6
2319	291
2320	836.9
2321	787.9
2322	375
2323	376.6
2324	955.1
2325	817.2
2326	591.6
2327	321.9
2328	906.5
2329	345.6
2330	723.9
2331	637.5
2332	50.3
2333	533.5
2334	768.3
2335	684.6
2336	621.2
2337	599.5
2338	84.9
2339	51.9
2340	912.9
2341	649.3
2342	681.9
2343	57.5
2344	570.9
2345	69.4
2346	627.4
2347	331.2
2348	561.8
2349	633.3
2350	511.1
2351	734.6
2352	333.2
2353	593.3
2354	585.6
2355	836.2
2356	685.3
2357	631.6
2358	41.8
2359	843.1
2360	624.3
2361	638
2362	60.9
2363	881.4
2364	732.8
2365	577.7
2366	726.8
2367	672.8
2368	578.3
2369	47.2
2370	893.3
2371	523
2372	565.3
2373	633.7
2374	40.4
2375	564.7
2376	734.5
2377	654.4
2378	628.9
2379	569.6
2380	595.6
2381	568.9
2382	847.1
2383	754.3
2384	678.4
2385	563.7
2386	353.3
2387	342.6
2388	615.7
2389	908.3
2390	645.6
2391	568.2
2392	870.5
2393	723.3
2394	901.6
2395	52.8
2396	574.8
2397	645.5
2398	554.8
2399	618.6
2400	651.5
2401	602.4
2402	897.1
2403	578.3
2404	39.3
2405	600.5
2406	550.8
2407	837.4
2408	620.3
2409	617.4
2410	611.2
2411	628.2
2412	649.5
2413	614.1
2414	33.6
2415	631.3
2416	582.6
2417	571.8
2418	657.4
2419	610.7
2420	949
2421	829.7
2422	742.9
2423	534.5
2424	636.9
2425	46.4
2426	846.9
2427	647
2428	923
2429	778
2430	675.2
2431	636.2
2432	607.5
2433	951.1
2434	33.5
2435	641
2436	602.4
2437	34.2
2438	601.3
2439	376.4
2440	645.2
2441	827.5
2442	545.2
2443	590.1
2444	919.4
2445	612.7
2446	45.8
2447	658.6
2448	454.2
2449	665.9
2450	773.2
2451	595.9
2452	601.1
2453	405
2454	746.9
2455	694.8
2456	426.6
2457	702.6
2458	612.3
2459	679.5
2460	32
2461	463.9
2462	347.8
2463	37.8
2464	429.8
2465	780.5
2466	743.4
2467	492.8
2468	549
2469	665.4
2470	461.8
2471	657.7
2472	676.9
2473	36.2
2474	394
2475	638.6
2476	447.8
2477	629.8
2478	588.3
2479	401.9
2480	685.1
2481	296.2
2482	36.4
2483	433.3
2484	687.5
2485	555.3
2486	601.8
2487	746.3
2488	698.1
2489	399.5
2490	910.5
2491	40.7
2492	718.7
2493	500.6
2494	582.9
2495	573.8
2496	37.5
2497	515.6
2498	541.4
2499	34.8
2500	705.2
2501	559.8
2502	575.3
2503	351.2
2504	286.9
2505	649.7
2506	620.2
2507	695.1
2508	356.2
2509	458.1
2510	374.3
2511	0
2512	645.4
2513	632.4
2514	558.8
2515	566.7
2516	627.3
2517	44.7
2518	210.3
2519	617.9
2520	755
2521	565.1
2522	0
2523	49.9
2524	727.9
2525	183.4
2526	560.6
2527	542.6
2528	530.1
2529	563
2530	506.4
2531	498.2
2532	520.2
2533	719.4
2534	221.1
2535	535.9
2536	736.1
2537	262.8
2538	0
2539	892.3
2540	716.2
2541	771.5
2542	656.6
2543	566.6
2544	208.4
2545	666.9
2546	323.2
2547	614.3
2548	684.7
2549	646.3
2550	757.8
2551	92.1
2552	866
2553	526.2
2554	758.5
2555	528
2556	571.5
2557	559.7
2558	569
2559	537.7
2560	0
2561	560.7
2562	892.8
2563	683.1
2564	739.3
2565	724.4
2566	44
2567	624.9
2568	0
2569	568.8
2570	202.5
2571	49.7
2572	663.8
2573	320.6
2574	626.4
2575	208.7
2576	572.6
2577	514.6
2578	550.8
2579	562.3
2580	629.3
2581	709.2
2582	868
2583	686.3
2584	767.2
2585	0
2586	809.5
2587	535.2
2588	584
2589	543.4
2590	525.9
2591	534.3
2592	516.8
2593	573.7
2594	173.1
2595	744.5
2596	0
2597	562.7
2598	884.9
2599	589.1
2600	536.9
2601	526.7
2602	683.9
2603	527.4
2604	890.6
2605	613.3
2606	160.2
2607	0
2608	534
2609	695.5
2610	298.3
2611	710.7
2612	541.8
2613	536.3
2614	716.5
2615	70.8
2616	723
2617	0
2618	626.4
2619	713.8
2620	888.3
2621	153.8
2622	564
2623	0
2624	508.3
2625	777.3
2626	149.6
2627	602.2
2628	81.3
2629	791.3
2630	489.9
2631	488.3
2632	0
2633	553.2
2634	544.9
2635	538.9
2636	698.2
2637	610.4
2638	128.2
2639	530.5
2640	474.8
2641	169.2
2642	0
2643	861
2644	180.5
2645	913.3
2646	465.7
2647	163.3
2648	692.2
2649	174.6
2650	0
2651	561.2
2652	204.5
2653	539.6
2654	209.1
2655	524.2
2656	721.1
2657	167.2
2658	505.6
2659	632.7
2660	0
2661	110
2662	854.3
2663	205.9
2664	511.1
2665	188.7
2666	194.9
2667	131.1
2668	201.2
2669	551.4
2670	802.3
2671	624.4
2672	679.3
2673	266.9
2674	170.1
2675	200.4
2676	83.4
2677	789.3
2678	652
2679	221
2680	230.1
2681	153.8
2682	123
2683	533.2
2684	526.6
2685	584.6
2686	628.5
2687	716.3
2688	143.5
2689	192.5
2690	243.9
2691	147
2692	65.6
2693	250.5
2694	476.9
2695	703.7
2696	540.4
2697	747.3
2698	778.2
2699	12.3
2700	680.1
2701	103
2702	214
2703	505
2704	550.9
2705	500
2706	190.6
2707	9.6
2708	214.9
2709	216.5
2710	241.1
2711	216.7
2712	641.1
2713	577.4
2714	283.5
2715	475.5
2716	243.6
2717	152.9
2718	463.3
2719	454.3
2720	145.5
2721	522
2722	186.8
2723	592.9
2724	26.1
2725	234.9
2726	549
2727	578.3
2728	477
2729	576.9
2730	157.2
2731	649
2732	173.3
2733	199.7
2734	144.6
2735	480.7
2736	25.5
2737	478.3
2738	223.6
2739	512.7
2740	143.4
2741	228.9
2742	198.5
2743	479.7
2744	466.4
2745	209.8
2746	26.9
2747	475
2748	674.4
2749	566.2
2750	182.8
2751	358.8
2752	593.3
2753	473.4
2754	198.4
2755	183.1
2756	462.8
2757	546
2758	376.6
2759	490.6
2760	502.2
2761	472.5
2762	499.3
2763	34.4
2764	165.1
2765	159.3
2766	206.8
2767	34.6
2768	234.6
2769	452
2770	496.4
2771	313.1
2772	187.8
2773	128.3
2774	383.4
2775	165.8
2776	506.4
2777	197.3
2778	165.3
2779	508.7
2780	88.8
2781	600.9
2782	193.9
2783	481.6
2784	487.1
2785	47.7
2786	31.4
2787	259.3
2788	493.7
2789	157.4
2790	631.8
2791	203.1
2792	159.5
2793	396.1
2794	538.8
2795	455.8
2796	172.2
2797	435
2798	209.9
2799	562
2800	168.9
2801	187.2
2802	300.8
2803	423.5
2804	80.9
2805	170.6
2806	539.2
2807	322.1
2808	166.2
2809	253.6
2810	38.3
2811	167.6
2812	192.2
2813	195.8
2814	557.5
2815	159.9
2816	428.8
2817	502.1
2818	324.4
2819	570.2
2820	280.1
2821	175.6
2822	512.3
2823	250.9
2824	29.1
2825	531.5
2826	37.5
2827	80.8
2828	219.7
2829	40.6
2830	535.6
2831	488.6
2832	470.4
2833	459.9
2834	322.6
2835	298
2836	560
2837	437.1
2838	311.9
2839	232.3
2840	280.4
2841	526.6
2842	290.6
2843	502.9
2844	110
2845	483.2
2846	29.5
2847	179.4
2848	179
2849	218.4
2850	163
2851	258.9
2852	588.6
2853	564.4
2854	258.5
2855	550.6
2856	275.2
2857	573
2858	295
2859	493.3
2860	511.3
2861	431.6
2862	209.5
2863	173.8
2864	199.2
2865	482.4
2866	177.1
2867	538.2
2868	176
2869	223.5
2870	505.1
2871	169.1
2872	171.8
2873	282
2874	21.9
2875	560.4
2876	23.1
2877	569.6
2878	536.3
2879	101.9
2880	582.3
2881	591.1
2882	538.3
2883	534.3
2884	219.5
2885	197.8
2886	286.8
2887	173.3
2888	20.1
2889	30.1
2890	27.7
2891	460.6
2892	195.6
2893	303.6
2894	228.2
2895	192.2
2896	18.9
2897	266.5
2898	541.2
2899	308.7
2900	210.5
2901	119.9
2902	602.9
2903	256.9
2904	68.2
2905	525.1
2906	181.4
2907	190.2
2908	607
2909	209.5
2910	504.8
2911	283.2
2912	578.8
2913	211.3
2914	529.4
2915	169.5
2916	213.8
2917	20.3
2918	286.3
2919	114.4
2920	153
2921	436.4
2922	473.2
2923	520.2
2924	215.7
2925	462.4
2926	160.5
2927	104.3
2928	267.9
2929	165
2930	273
2931	614.3
2932	248.7
2933	592.8
2934	89.6
2935	645
2936	105
2937	471.8
2938	143.9
2939	658.4
2940	108.8
2941	532.5
2942	115.8
2943	225.3
2944	118.2
2945	636.6
2946	524.5
2947	267.1
2948	659.7
2949	626.2
2950	468.2
2951	286.7
2952	638
2953	215.9
2954	520.9
2955	215.5
2956	241.3
2957	174.6
2958	645.6
2959	129.5
2960	602.1
2961	625.7
2962	586.4
2963	304.8
2964	249.7
2965	484.6
2966	287
2967	255.8
2968	630.9
2969	157.9
2970	129.3
2971	614.3
2972	272
2973	101.5
2974	648.5
2975	786.9
2976	263.4
2977	217.7
2978	253
2979	656
2980	628
2981	564.8
2982	228.9
2983	622.2
2984	678.2
2985	516.6
2986	625.2
2987	547.5
2988	614.6
2989	121.2
2990	465.1
2991	820.4
2992	249
2993	637.6
2994	628.4
2995	632
2996	292.2
2997	286
2998	473.1
2999	203.8
3000	504.4
3001	184
3002	658.8
3003	519.8
3004	166.6
3005	257.7
3006	644.1
3007	539.3
3008	678.9
3009	139.9
3010	109.8
3011	681.8
3012	242.2
3013	713.2
3014	455.1
3015	123
3016	594.4
3017	807.3
3018	483.5
3019	126.3
3020	466.2
3021	144.8
3022	159.6
3023	178.2
3024	653.7
3025	460.7
3026	733.7
3027	683.9
3028	536.3
3029	650.1
3030	148.7
3031	267.4
3032	230.9
3033	102.9
3034	254.3
3035	499.6
3036	135
3037	262.6
3038	126.7
3039	480
3040	728.2
3041	680
3042	672.1
3043	702.9
3044	591.5
3045	725.4
3046	95.6
3047	121.9
3048	730.9
3049	476.1
3050	802.3
3051	631.3
3052	517
3053	780
3054	475.5
3055	515
3056	716.2
3057	115.2
3058	688.1
3059	593.9
3060	143.1
3061	139.2
3062	147.7
3063	822.1
3064	803.1
3065	133.8
3066	670.7
3067	137.5
3068	713.7
3069	197.7
3070	654.3
3071	288.7
3072	539.4
3073	54.5
3074	760.7
3075	273.8
3076	252.2
3077	603.8
3078	516.5
3079	695.4
3080	729.8
3081	114.9
3082	141.5
3083	851.4
3084	156.7
3085	533.4
3086	585
3087	911
3088	723.8
3089	907.7
3090	592.8
3091	147.4
3092	91.7
3093	280.2
3094	65.9
3095	148.2
3096	661.1
3097	103.9
3098	913.7
3099	83.8
3100	689.7
3101	48.6
3102	205
3103	725.3
3104	751.2
3105	160.5
3106	755.8
3107	753.3
3108	148.4
3109	232.1
3110	95.7
3111	960.4
3112	50.9
3113	891.1
3114	183.1
3115	170.2
3116	211
3117	121.7
3118	770.9
3119	923.8
3120	47.2
3121	864.9
3122	73.9
3123	781.4
3124	114
3125	192.9
3126	56.6
3127	33.1
3128	130.5
3129	93.1
3130	141.7
3131	829.4
3132	742.4
3133	808.5
3134	787.9
3135	95.6
3136	813.7
3137	78.1
3138	98.6
3139	860
3140	621
3141	142.1
3142	685.7
3143	859.6
3144	141.2
3145	51.2
3146	109.7
3147	58.7
3148	189.2
3149	93.4
3150	76.4
3151	82.5
3152	696.7
3153	764.6
3154	658.6
3155	0
3156	655.6
3157	619.1
3158	67.9
3159	650.1
3160	58.1
3161	90
3162	676.9
3163	90.2
3164	99.2
3165	4.9
3166	709.7
3167	3.9
3168	864.2
3169	95.2
3170	749.4
3171	92.6
3172	860.8
3173	71
3174	0
3175	697.3
3176	94.8
3177	84.3
3178	85.9
3179	112.8
3180	78.7
3181	1.6
3182	742.6
3183	726
3184	120
3185	112.8
3186	548.7
3187	771.6
3188	0
3189	549.3
3190	71.4
3191	82
3192	0
3193	201.4
3194	748
3195	713.4
3196	67.6
3197	1
3198	1.2
3199	683.4
3200	95.6
3201	100.5
3202	764.7
3203	733.5
3204	3.7
3205	109.4
3206	86.1
3207	217.9
3208	90.7
3209	323.4
3210	131.9
3211	144.3
3212	711.6
3213	92.6
3214	87.4
3215	74.8
3216	72.1
3217	79.6
3218	116.7
3219	106.8
3220	1
3221	121.3
3222	134.1
3223	56.9
3224	710.6
3225	110.6
3226	649.6
3227	74.1
3228	178
3229	314.9
3230	7.4
3231	200.1
3232	84.6
3233	79.4
3234	649.6
3235	705.5
3236	138.7
3237	86.6
3238	110.3
3239	298.1
3240	10.1
3241	475.6
3242	209.8
3243	110.3
3244	216.3
3245	112.7
3246	85.2
3247	309.6
3248	108.2
3249	71.3
3250	6.1
3251	706.5
3252	799
3253	197.8
3254	106.4
3255	96.5
3256	85.6
3257	127.3
3258	220.7
3259	518.9
3260	78.8
3261	366.4
3262	96.2
3263	90
3264	82.8
3265	68.4
3266	205.9
3267	522.9
3268	106.6
3269	724.3
3270	202.2
3271	76.1
3272	669
3273	86.8
3274	774.4
3275	219.8
3276	155
3277	195.5
3278	616.5
3279	101.8
3280	105.3
3281	105.3
3282	59.5
3283	83.3
3284	206.1
3285	66.9
3286	771.9
3287	96.4
3288	466.4
3289	203.4
3290	71.4
3291	695.5
3292	59.1
3293	443.9
3294	472.6
3295	97.2
3296	50
3297	69.7
3298	486.8
3299	118
3300	576.5
3301	148.5
3302	87.5
3303	716.3
3304	533
3305	67.1
3306	223.5
3307	81.4
3308	686.6
3309	214.3
3310	172.5
3311	50.1
3312	515.1
3313	131.2
3314	59.5
3315	218.6
3316	591.1
3317	72.3
3318	54.7
3319	40
3320	115.2
3321	223
3322	41
3323	404.8
3324	224.9
3325	161.6
3326	224.4
3327	39.7
3328	73.3
3329	105
3330	515.8
3331	97.9
3332	96.9
3333	141.6
3334	38.3
3335	561.3
3336	225.7
3337	40.1
3338	98.5
3339	64.4
3340	71.2
3341	562.1
3342	230.1
3343	78.5
3344	134.6
3345	35.4
3346	80.5
3347	234.4
3348	46.5
3349	236.7
3350	65.6
3351	81.3
3352	53.6
3353	107.6
3354	247
3355	126.3
3356	135.7
3357	251.8
3358	72.2
3359	122.7
3360	63.1
3361	134.7
3362	236.7
3363	466.2
3364	362.1
3365	88.8
3366	139.2
3367	134
3368	64
3369	79.5
3370	359.8
3371	154.8
3372	84.2
3373	129.6
3374	132.9
3375	240.6
3376	124.9
3377	229.2
3378	232.7
3379	243.8
3380	143
3381	157.6
3382	237.5
3383	134.8
3384	142.2
3385	166.5
3386	149.8
3387	253.1
3388	235.4
3389	140.8
3390	143.5
3391	137.1
3392	154.9
3393	260.7
3394	152.4
3395	141.6
3396	173.7
3397	150.8
3398	121.6
3399	97.7
3400	583.3
3401	641.5
3402	565.7
3403	751
3404	789
3405	776.2
3406	838
3407	776.6
3408	882.4
3409	779.5
3410	87.7
3411	120
3412	805.8
3413	814.2
3414	780.4
3415	730.3
3416	582.9
3417	834.8
3418	728
3419	696.9
3420	547.5
3421	688.4
3422	702.9
3423	694.9
3424	729.7
3425	828.6
3426	770.9
3427	592
3428	295.3
3429	842.1
3430	273.2
3431	725.1
3432	880.4
3433	807.8
3434	758.2
3435	487.6
3436	725
3437	721.3
3438	444
3439	465.7
3440	706.7
3441	840.6
3442	716.9
3443	723.2
3444	598
3445	444
3446	458.9
3447	517.7
3448	621.8
3449	745.9
3450	429.7
3451	747.4
3452	795.4
3453	644.3
3454	712.5
3455	806.9
3456	79.4
3457	818.1
3458	719
3459	483.4
3460	720.1
3461	107.5
3462	761.7
3463	807.4
3464	464.6
3465	524.2
3466	522.4
3467	705.9
3468	745.6
3469	530
3470	684.6
3471	773.8
3472	394.8
3473	856.9
3474	680
3475	696.1
3476	716.9
3477	699.1
3478	663.7
3479	637.9
3480	676.5
3481	779.4
3482	333.1
3483	30.8
3484	719.7
3485	23.1
3486	616.6
3487	0
3488	36.6
3489	802
3490	798.6
3491	402.7
3492	755.7
3493	23
3494	583.6
3495	924.5
3496	46.9
3497	267.5
3498	233
3499	895.5
3500	370.6
3501	35.6
3502	34.6
3503	312.6
3504	296.4
3505	722.2
3506	842.8
3507	294.4
3508	848.3
3509	46.4
3510	363.6
3511	841
3512	613.7
3513	81.5
3514	605.1
3515	893.3
3516	578.5
3517	537
3518	623.6
3519	614.9
3520	714.5
3521	681.4
3522	424.4
3523	660.1
3524	659.8
3525	653.7
3526	61.8
3527	634.6
3528	779.4
3529	551.5
3530	536
3531	854
3532	195.3
3533	734.3
3534	719.3
3535	614.2
3536	124.9
3537	33.6
3538	690.5
3539	239.1
3540	419.6
3541	185.4
3542	163.5
3543	221.6
3544	259
3545	445.7
3546	185.3
3547	179
3548	163.9
3549	607.4
3550	561.9
3551	593
3552	199.6
3553	236.1
3554	608
3555	200.4
3556	627.4
3557	121.2
3558	209.8
3559	114.6
3560	289
3561	454.5
3562	112.1
3563	654.3
3564	144.6
3565	163.8
3566	121.5
3567	673.4
3568	718.2
3569	766
3570	725.4
3571	743.6
3572	112.5
3573	779.9
3574	249.5
3575	130.8
3576	766.8
3577	797.1
3578	84.2
3579	99.2
3580	85.3
3581	64.2
3582	118.8
3583	64.3
3584	719.9
3585	114.1
3586	791.5
3587	103.9
3588	225.6
3589	67.2
3590	93.6
3591	64.1
3592	117.4
3593	213.6
3594	162.5
