"COMID"	"Value"
1	98.6
2	10.2
3	121.1
4	61.3
5	45.4
6	3.7
7	67.4
8	14.8
9	0.3
10	1.3
11	84.9
12	0.5
13	1.3
14	100.5
15	16.7
16	3.3
17	61.6
18	41.3
19	96.4
20	111.1
21	24.6
22	132.1
23	0.4
24	0.1
25	38.5
26	21.9
27	22.9
28	45.7
29	2.2
30	12.6
31	96.1
32	34
33	122.4
34	0.1
35	27.8
36	1.2
37	64.1
38	1.2
39	0.1
40	2.8
41	102.7
42	9.6
43	2.2
44	44.1
45	6.9
46	1.6
47	13
48	109.9
49	27
50	7.4
51	0.1
52	2.8
53	1.7
54	113
55	104.9
56	88.2
57	2.1
58	0
59	5.5
60	0.1
61	0.7
62	1
63	68.2
64	14
65	0.3
66	15.9
67	79.9
68	10.4
69	5
70	2
71	2.7
72	58.9
73	0.1
74	46.6
75	5
76	5.3
77	14.9
78	3.3
79	87.9
80	2.8
81	12.1
82	7
83	28.6
84	0.6
85	46.1
86	16
87	0.1
88	0.2
89	1.8
90	10.6
91	12.4
92	85
93	49.3
94	1.1
95	61.8
96	1
97	85.8
98	0.1
99	3.2
100	90.2
101	41.4
102	29.4
103	0.1
104	9.2
105	3.7
106	87.7
107	4.6
108	0.6
109	1.8
110	0.7
111	2.2
112	79.3
113	0.4
114	73.8
115	13.7
116	18.1
117	47
118	51.2
119	0.2
120	8.4
121	1.4
122	42.9
123	2.5
124	44.4
125	35
126	81.3
127	22.1
128	55.3
129	0
130	10.4
131	3.5
132	0.6
133	45.9
134	28.3
135	40.1
136	23.2
137	54.1
138	0.6
139	0.4
140	24
141	12.3
142	2
143	0.1
144	6.2
145	0.4
146	39.8
147	73.4
148	51.8
149	40.2
150	50.6
151	9.9
152	37
153	0.6
154	32.8
155	2.1
156	8.6
157	45.5
158	0.8
159	5.8
160	56.7
161	4.9
162	1.2
163	1.7
164	3.7
165	0.1
166	1.3
167	42.7
168	0.3
169	46
170	38.2
171	12.7
172	3.3
173	5.8
174	1.1
175	2.4
176	86.7
177	5.6
178	21.6
179	37
180	1.3
181	1.2
182	12.5
183	3.6
184	1.5
185	0.9
186	15.2
187	16
188	1.7
189	1.7
190	21.6
191	1.7
192	30
193	1.7
194	87.3
195	6.7
196	1.1
197	4.6
198	1.9
199	34.5
200	1.4
201	1.5
202	1.7
203	0.9
204	0.4
205	1.6
206	18.9
207	12.5
208	79.7
209	32.9
210	14.4
211	65.9
212	37
213	29.8
214	0.5
215	38.4
216	17.5
217	2.7
218	4
219	4.9
220	0.9
221	0.7
222	35.4
223	67.8
224	0.6
225	7.7
226	31.1
227	3.1
228	27.9
229	0.4
230	18.9
231	5.9
232	14.8
233	64.3
234	0.6
235	6.3
236	24.2
237	2.4
238	6.2
239	33.9
240	29.4
241	26.2
242	0.2
243	0.1
244	61.2
245	27.4
246	51.5
247	4
248	2.1
249	0.1
250	59.3
251	32.7
252	24.1
253	13.7
254	0.7
255	0.4
256	26
257	0.4
258	14.7
259	4.5
260	1.3
261	25.2
262	26.3
263	7.6
264	0.2
265	0.4
266	19.2
267	49.4
268	17.6
269	64
270	0.2
271	12.3
272	24
273	40.8
274	0.3
275	20.6
276	1.2
277	0.4
278	19.6
279	0.3
280	17
281	20.5
282	30.7
283	0.1
284	13.6
285	0.2
286	14.6
287	27.6
288	6.3
289	0.3
290	0.2
291	8.1
292	6.3
293	0.5
294	13.1
295	0.1
296	19.1
297	18.7
298	0
299	2
300	17.4
301	0.3
302	23.1
303	14.6
304	5.4
305	21.3
306	13.6
307	20.9
308	4.8
309	0.8
310	10.1
311	19.7
312	19.4
313	13.8
314	7
315	0.3
316	0.2
317	0.6
318	16.8
319	1
320	21.6
321	0.1
322	12.5
323	20
324	1.1
325	1.1
326	10.5
327	0.9
328	0.8
329	0.3
330	0.2
331	0.3
332	0.2
333	0.2
334	0.3
335	1.4
336	0.2
337	1.1
338	0.2
339	4.3
340	1.7
341	0.4
342	0.5
343	0.4
344	9.3
345	4.1
346	0.6
347	0.4
348	11.5
349	6.2
350	0.3
351	0.6
352	0.5
353	8
354	4.3
355	0.6
356	1
357	0.4
358	3.5
359	0.5
360	3.2
361	0.8
362	3
363	2.4
364	0.6
365	1.8
366	3.1
367	0.7
368	83.1
369	0.3
370	10.7
371	0.6
372	0.3
373	4.1
374	0.7
375	15.4
376	0
377	11.4
378	3.1
379	0.8
380	9.9
381	0.2
382	0.3
383	22.7
384	0.4
385	0.4
386	0.2
387	81.2
388	2.7
389	2.4
390	84.6
391	0.6
392	6.1
393	1.2
394	0.6
395	0.3
396	0.7
397	0.9
398	0.1
399	1.8
400	0.1
401	17.2
402	0.5
403	0.9
404	0.2
405	0.3
406	51.6
407	0.9
408	0.1
409	0.5
410	36
411	11.7
412	0.9
413	60.4
414	0.5
415	1.2
416	0
417	0.3
418	0.1
419	6.1
420	0.1
421	0.7
422	1.3
423	33.4
424	33.5
425	148.4
426	0.5
427	16.8
428	34.4
429	6.2
430	18.5
431	0.6
432	1.1
433	114.4
434	2.9
435	0.2
436	30.7
437	1.8
438	246.7
439	0.2
440	7.8
441	16.6
442	0
443	24.7
444	2.4
445	450
446	0.4
447	446.8
448	356.7
449	0.1
450	6.3
451	0.5
452	123
453	0.4
454	0
455	4
456	0
457	34.5
458	129.3
459	49.5
460	2.3
461	63.7
462	118.1
463	2.4
464	1
465	76.7
466	1.9
467	12.5
468	1
469	2.1
470	0.6
471	1.8
472	14.9
473	11.2
474	0.5
475	7.5
476	0.5
477	127.6
478	0.4
479	4.3
480	44.7
481	0.9
482	0.3
483	80.5
484	0.3
485	0.6
486	7.7
487	3
488	21.6
489	1.1
490	14.4
491	5.2
492	54.4
493	2.4
494	32.6
495	11.9
496	0.4
497	19.9
498	1
499	1.5
500	14.8
501	1.6
502	36
503	0.1
504	0.3
505	5.6
506	9.4
507	10.5
508	3.3
509	8.3
510	1.7
511	6.1
512	13.5
513	0.3
514	3.4
515	0.6
516	0.4
517	8.4
518	1.2
519	2
520	7.4
521	0.5
522	0.4
523	0.3
524	30.2
525	0.4
526	2.8
527	0.5
528	0.4
529	0.7
530	52.2
531	30.3
532	70.2
533	0.4
534	0
535	58.6
536	45.2
537	6.5
538	1.7
539	0
540	0.4
541	27.2
542	33.5
543	0
544	1.2
545	9.9
546	39.7
547	0
548	11
549	21
550	0
551	21.7
552	0
553	12.4
554	0.7
555	0.3
556	0
557	1.2
558	15.1
559	7.7
560	24.5
561	23.6
562	36.5
563	1.5
564	9.3
565	6.1
566	29.3
567	0.2
568	22.9
569	2
570	0.5
571	22.6
572	11.8
573	0.9
574	0
575	0.1
576	27.1
577	4.7
578	3.2
579	6.9
580	13.1
581	4.8
582	0
583	0.2
584	0.1
585	34.6
586	0
587	28.9
588	0
589	22.8
590	0.9
591	0
592	10.7
593	13.2
594	1.9
595	0
596	0.1
597	0.6
598	0.2
599	25.8
600	1
601	0.4
602	1
603	212.5
604	0
605	2.7
606	0
607	0.1
608	0.4
609	6.2
610	0.1
611	9.5
612	4.9
613	0.3
614	133.5
615	4.4
616	2.7
617	32.3
618	164.3
619	1.6
620	0.8
621	0
622	156.1
623	167.7
624	140.9
625	0.1
626	0
627	18.6
628	0.1
629	2.9
630	54.1
631	0.1
632	201.8
633	42.1
634	0.3
635	3.2
636	2.6
637	2.3
638	0
639	210.9
640	3.6
641	38.4
642	1.6
643	145.8
644	6.4
645	230
646	34.5
647	0
648	297.8
649	133.4
650	0
651	67.5
652	0.1
653	0.3
654	0
655	0.4
656	0.2
657	164.6
658	12.7
659	162.2
660	12.2
661	8.2
662	39.3
663	160.1
664	0
665	0
666	0
667	15.9
668	48.2
669	15.4
670	0
671	0.1
672	0
673	44.6
674	2.6
675	58.1
676	116.6
677	35.7
678	1.4
679	0
680	0.5
681	41.7
682	126.1
683	54
684	141.3
685	0
686	52.3
687	0.7
688	52.5
689	0.1
690	49.2
691	4.5
692	32.3
693	1.2
694	1.2
695	3.4
696	93.2
697	0
698	140.6
699	95.1
700	41.9
701	3.8
702	87.9
703	38
704	78
705	59.9
706	1.1
707	53.6
708	51.6
709	66.9
710	118.8
711	0.5
712	27.7
713	108.2
714	0.5
715	106.5
716	4.2
717	289
718	76.3
719	98.4
720	33.5
721	0
722	56.5
723	69.2
724	123.7
725	0
726	1.6
727	2.1
728	69.9
729	2.7
730	113.9
731	2.7
732	1.3
733	100.6
734	28.7
735	27.3
736	1.3
737	91.3
738	28.2
739	106.5
740	131.5
741	58.2
742	388.8
743	108.5
744	0.6
745	1
746	27
747	31.4
748	0.3
749	131.3
750	0.4
751	21.1
752	97.5
753	40
754	66.9
755	107.5
756	26.4
757	73.9
758	87.9
759	0
760	22.5
761	0
762	45.7
763	95.5
764	34.7
765	28.6
766	0.9
767	113.3
768	80.1
769	113.2
770	71.3
771	49.1
772	80.9
773	13.5
774	15.5
775	3.1
776	2.1
777	44.6
778	31.1
779	0.5
780	136.3
781	103.2
782	802
783	727.8
784	809.1
785	807.9
786	718.6
787	775.4
788	618.5
789	681.9
790	724.8
791	688
792	684.6
793	695.1
794	722.3
795	764.2
796	630.2
797	749.9
798	599.6
799	643.8
800	646.9
801	666.4
802	610
803	627.5
804	574.1
805	563.9
806	616.3
807	491.4
808	619.2
809	722.4
810	774.2
811	547.4
812	714.7
813	626.5
814	600.3
815	635.4
816	584
817	562.6
818	701.3
819	815.3
820	556
821	739.8
822	823.5
823	571.8
824	758
825	721.1
826	785.3
827	918.1
828	875
829	761.5
830	959.7
831	703.3
832	920.5
833	711
834	1056.8
835	791.8
836	916.5
837	707.1
838	763.4
839	728
840	853.4
841	786.2
842	637.6
843	439.8
844	1057.5
845	793.8
846	738.4
847	857.8
848	817.5
849	681.8
850	1081.3
851	1036.2
852	882.5
853	943.8
854	959.3
855	907.9
856	803.6
857	792.1
858	1076.8
859	761.5
860	660.6
861	1007.6
862	226.4
863	948.8
864	760.7
865	981.3
866	665.3
867	820.7
868	1092.1
869	718.8
870	629.8
871	768.8
872	761.9
873	292
874	887.4
875	1017.9
876	731.4
877	956.3
878	944.3
879	1027.8
880	770.7
881	773.1
882	700.5
883	807.8
884	963.9
885	937.1
886	166.2
887	669
888	678.8
889	911.3
890	750.5
891	771.9
892	678.7
893	790.3
894	180.9
895	952.8
896	1026.9
897	751.4
898	720.2
899	797.3
900	758.2
901	800.7
902	1073.7
903	1028.5
904	951
905	783.1
906	1050.1
907	742.3
908	667
909	906.5
910	167
911	942.2
912	730.2
913	740.2
914	706.9
915	202.2
916	709.7
917	948.9
918	777.3
919	742.7
920	776.3
921	836.4
922	700.2
923	457.4
924	797.1
925	981.8
926	817.2
927	924.2
928	572
929	719.6
930	728
931	918.4
932	632.5
933	811.9
934	166.2
935	771.6
936	799.2
937	1077.4
938	1073.6
939	923.3
940	772.7
941	966.3
942	769.9
943	132.8
944	1044.6
945	802.3
946	828.1
947	146.2
948	771.5
949	884.3
950	897.9
951	731.4
952	761.7
953	603
954	613.7
955	712.1
956	742.7
957	763.7
958	621.3
959	729.9
960	752.4
961	772.1
962	875.9
963	786.3
964	91.8
965	883.7
966	774.2
967	113.5
968	682.7
969	735.5
970	621.7
971	895.8
972	871.4
973	751.8
974	702.8
975	1019.4
976	1000.8
977	965.9
978	576
979	745.4
980	972
981	880.9
982	776
983	891.6
984	980.2
985	959.8
986	947.4
987	565.6
988	962.9
989	816.6
990	231.4
991	870.9
992	539.3
993	974
994	826.8
995	1052.7
996	901.6
997	957.7
998	581.7
999	831.3
1000	89.5
1001	597.4
1002	1028
1003	196.1
1004	879.5
1005	615.7
1006	935.1
1007	106.2
1008	564.1
1009	434.2
1010	748.1
1011	799.6
1012	921.6
1013	624.3
1014	952.7
1015	568.5
1016	123.3
1017	970
1018	612.3
1019	626.9
1020	761.4
1021	813.2
1022	785
1023	915.6
1024	973.2
1025	754.4
1026	810.8
1027	889.1
1028	894.9
1029	641.8
1030	732.9
1031	107.8
1032	203.2
1033	795.9
1034	832.2
1035	694.6
1036	791.3
1037	725.9
1038	801.3
1039	623
1040	663.7
1041	746.2
1042	634.1
1043	113.6
1044	564.2
1045	653.1
1046	604.4
1047	963.6
1048	912.6
1049	889.4
1050	116
1051	776.5
1052	854.8
1053	655.1
1054	776.6
1055	897.8
1056	729.5
1057	733.7
1058	802.2
1059	782.5
1060	823.7
1061	107.2
1062	787.8
1063	964.7
1064	732.6
1065	517
1066	902.7
1067	782.2
1068	749.7
1069	734.4
1070	895.2
1071	788.7
1072	762.8
1073	737.2
1074	860.3
1075	518.3
1076	889.9
1077	771.5
1078	784.1
1079	803.7
1080	619.5
1081	743.1
1082	895
1083	782.1
1084	765.3
1085	876.7
1086	900.6
1087	118.8
1088	777.3
1089	523.3
1090	791
1091	936.6
1092	711.9
1093	650.8
1094	749.7
1095	690.1
1096	722.2
1097	957.2
1098	721.3
1099	513.4
1100	93.4
1101	757.9
1102	825
1103	753.1
1104	591.3
1105	701.9
1106	577.6
1107	762.8
1108	551.3
1109	775.3
1110	689.7
1111	740.4
1112	879.1
1113	952.7
1114	751.3
1115	593.9
1116	654
1117	911.2
1118	595.4
1119	600.8
1120	677.9
1121	555.9
1122	669.8
1123	702.7
1124	780.1
1125	682.6
1126	895
1127	649
1128	913.4
1129	860.6
1130	575.6
1131	755.2
1132	876.8
1133	933.4
1134	540.3
1135	657.9
1136	769.9
1137	596.9
1138	582.6
1139	624
1140	815
1141	705.8
1142	695.9
1143	869.4
1144	703.4
1145	639.3
1146	628.1
1147	631.1
1148	926.7
1149	645.4
1150	659.7
1151	665.8
1152	892.2
1153	831.1
1154	98
1155	701.5
1156	858
1157	661.2
1158	739.8
1159	777.1
1160	729
1161	696.7
1162	662.2
1163	623.9
1164	857.8
1165	687.1
1166	859.7
1167	920.6
1168	852.8
1169	942.6
1170	882.3
1171	656.1
1172	810.6
1173	639.2
1174	924.5
1175	590.8
1176	667.5
1177	684.8
1178	656.2
1179	878.5
1180	565
1181	673
1182	694.2
1183	708.9
1184	681.6
1185	815.4
1186	791.1
1187	652.4
1188	651.5
1189	682
1190	676.9
1191	824.6
1192	645.9
1193	864.9
1194	679
1195	885.8
1196	681.2
1197	711.5
1198	725.9
1199	971.9
1200	211.9
1201	682.2
1202	653.8
1203	685.2
1204	617.4
1205	716.4
1206	724.3
1207	615
1208	725.9
1209	681.1
1210	906.3
1211	926.1
1212	687.3
1213	801.2
1214	750
1215	639.9
1216	812.8
1217	941.8
1218	724.8
1219	734
1220	917.6
1221	673.6
1222	705
1223	674.6
1224	655.3
1225	864
1226	779.4
1227	945.4
1228	629.2
1229	706.5
1230	746
1231	699
1232	908.8
1233	638.1
1234	676.9
1235	626.1
1236	700.2
1237	891.6
1238	883.6
1239	815.7
1240	639
1241	814.3
1242	893.3
1243	684.9
1244	650
1245	848.3
1246	830.1
1247	686.1
1248	278.8
1249	924.7
1250	827
1251	678.5
1252	730.3
1253	664.6
1254	669.5
1255	761
1256	823.4
1257	705.6
1258	672.3
1259	854.2
1260	885.9
1261	875.1
1262	718.5
1263	715.3
1264	714.3
1265	924
1266	754.3
1267	753.8
1268	939
1269	260.8
1270	878.4
1271	754.3
1272	590.7
1273	735.3
1274	809.4
1275	636.7
1276	814.3
1277	886.8
1278	855.1
1279	206
1280	865.3
1281	665.3
1282	813.6
1283	973.1
1284	302.4
1285	743
1286	973.6
1287	698.7
1288	651.1
1289	869.4
1290	683.5
1291	850.1
1292	661.8
1293	163.1
1294	660
1295	820.7
1296	702.9
1297	304.9
1298	801.4
1299	656.4
1300	705.7
1301	794.7
1302	675.8
1303	693.3
1304	367.1
1305	992
1306	793.2
1307	846.6
1308	699.9
1309	811.7
1310	844
1311	832.7
1312	783.4
1313	670.3
1314	824.6
1315	800
1316	820.9
1317	810
1318	659.4
1319	976.7
1320	958.3
1321	609.6
1322	809.3
1323	836
1324	685.2
1325	859.8
1326	621
1327	601
1328	813.5
1329	315.7
1330	854.9
1331	829.1
1332	151.6
1333	631
1334	863.5
1335	227.7
1336	908
1337	684.5
1338	668
1339	681
1340	729.6
1341	825.6
1342	795.9
1343	842.7
1344	858.1
1345	684
1346	795.9
1347	846.2
1348	885.7
1349	669.4
1350	813.7
1351	921.9
1352	283
1353	791.2
1354	616.5
1355	917.4
1356	228.7
1357	672.4
1358	952.8
1359	736.7
1360	653.7
1361	666
1362	852.4
1363	841.5
1364	667.8
1365	816.4
1366	661.4
1367	839.5
1368	841.2
1369	604.1
1370	229.5
1371	605.7
1372	602.1
1373	844.5
1374	672.5
1375	807.6
1376	311.6
1377	715.3
1378	737
1379	762.9
1380	812.8
1381	811.5
1382	917.1
1383	651.1
1384	654.8
1385	262.9
1386	801.7
1387	685.1
1388	679
1389	642.1
1390	813.3
1391	901.5
1392	812.8
1393	593.9
1394	580
1395	807.1
1396	781.4
1397	912.5
1398	885.2
1399	870.2
1400	656.4
1401	625.5
1402	627.5
1403	759.4
1404	676.7
1405	623.2
1406	727.2
1407	900.9
1408	612.9
1409	834.2
1410	585.5
1411	775.3
1412	629.2
1413	812.1
1414	596.4
1415	888.5
1416	888.6
1417	639.8
1418	764.7
1419	666.6
1420	745.8
1421	717.4
1422	672
1423	528.8
1424	804.6
1425	600.4
1426	798.2
1427	609
1428	723.9
1429	681.2
1430	867.6
1431	771
1432	645.5
1433	874.5
1434	676
1435	864.9
1436	887.2
1437	593.6
1438	683
1439	627.5
1440	880.7
1441	881
1442	692.8
1443	669.6
1444	668.6
1445	582.5
1446	895.8
1447	618.4
1448	866.7
1449	923.4
1450	682.9
1451	702.7
1452	897.3
1453	833.7
1454	482.6
1455	627.5
1456	678.2
1457	793.3
1458	809.3
1459	718.6
1460	663.9
1461	862
1462	558.8
1463	593.2
1464	606.3
1465	645
1466	807.9
1467	620.9
1468	572.1
1469	831.8
1470	809.9
1471	590.7
1472	656.6
1473	822.4
1474	674.2
1475	852.7
1476	583.3
1477	729.2
1478	843.4
1479	815.9
1480	575.9
1481	854.5
1482	867.4
1483	606.2
1484	705
1485	472.4
1486	640.5
1487	608.1
1488	797.8
1489	889.6
1490	647.7
1491	597.7
1492	861.8
1493	893.8
1494	806.1
1495	604.2
1496	882
1497	868.2
1498	632.1
1499	853.8
1500	126.3
1501	864.2
1502	755.4
1503	689.6
1504	643.1
1505	866.5
1506	803.5
1507	615.2
1508	718.5
1509	460.7
1510	657.8
1511	717.8
1512	589.7
1513	805.9
1514	694.7
1515	709.8
1516	661.2
1517	870.4
1518	621.4
1519	911.9
1520	629.7
1521	619.2
1522	722.8
1523	627.4
1524	698.6
1525	674
1526	652.8
1527	870
1528	619
1529	925.3
1530	819.6
1531	694.1
1532	694.8
1533	740.9
1534	801.8
1535	243.7
1536	801
1537	634.6
1538	370
1539	678.2
1540	712.8
1541	635.8
1542	698.9
1543	844.2
1544	595
1545	574.8
1546	311.1
1547	703.3
1548	546.1
1549	595.3
1550	625.7
1551	681.4
1552	873.1
1553	781
1554	586
1555	742
1556	935.2
1557	763.8
1558	629.1
1559	878.4
1560	115.6
1561	566.5
1562	685.2
1563	757
1564	524
1565	623.1
1566	732.9
1567	631.2
1568	642.2
1569	788.6
1570	775.6
1571	536.3
1572	635.3
1573	802.6
1574	739.2
1575	766.3
1576	907.4
1577	825.2
1578	626.9
1579	632.4
1580	793.6
1581	852.5
1582	894.2
1583	910.3
1584	309.9
1585	804.7
1586	758.3
1587	685.3
1588	834.9
1589	733.6
1590	635.9
1591	617.3
1592	848.2
1593	759.1
1594	903.8
1595	891.2
1596	759.4
1597	559.7
1598	781.7
1599	843.6
1600	944.6
1601	533.8
1602	798.5
1603	951
1604	798.1
1605	124.7
1606	625.1
1607	670.7
1608	935.8
1609	622.8
1610	868.1
1611	768.9
1612	804.5
1613	833
1614	895.3
1615	957.6
1616	815.8
1617	655.2
1618	741.6
1619	101.8
1620	947.4
1621	797.8
1622	928.5
1623	608.3
1624	798.1
1625	728.1
1626	949.4
1627	659.6
1628	744.7
1629	624.6
1630	891.5
1631	697.8
1632	811.5
1633	630.3
1634	800.8
1635	805
1636	809.8
1637	888.4
1638	799
1639	664.1
1640	659.3
1641	696.5
1642	803.6
1643	865.2
1644	738
1645	831.3
1646	821.9
1647	582.2
1648	713.4
1649	766.2
1650	685.3
1651	972.4
1652	757.4
1653	693.7
1654	931.9
1655	822.9
1656	862.1
1657	817.1
1658	873.8
1659	841
1660	674.4
1661	123.8
1662	715.5
1663	775.7
1664	737
1665	641.2
1666	884.2
1667	822.4
1668	795.7
1669	867.3
1670	118.7
1671	813.3
1672	836.7
1673	936.9
1674	804.7
1675	708.8
1676	837.2
1677	116.2
1678	636.1
1679	784
1680	841.4
1681	882.7
1682	598.4
1683	815.6
1684	821.2
1685	789.2
1686	669.5
1687	794.4
1688	707
1689	799
1690	951.9
1691	116.2
1692	836.4
1693	117.3
1694	883.4
1695	926.1
1696	699.7
1697	883.1
1698	595.8
1699	795.5
1700	725.7
1701	827.2
1702	879.3
1703	926.7
1704	665.8
1705	729.8
1706	753.4
1707	617.6
1708	621.9
1709	788.3
1710	820.9
1711	762
1712	855
1713	749.5
1714	778.5
1715	888.9
1716	781.7
1717	772.8
1718	124.6
1719	597.3
1720	824.1
1721	811.4
1722	798.9
1723	882.9
1724	784.5
1725	827.1
1726	827.5
1727	907
1728	813.2
1729	115
1730	737.6
1731	811.6
1732	792.6
1733	762.8
1734	111.5
1735	811
1736	682.2
1737	760.5
1738	758
1739	707
1740	642.3
1741	117.3
1742	763.6
1743	787.8
1744	827.1
1745	800.9
1746	883.3
1747	834.2
1748	830.6
1749	649
1750	558.4
1751	824
1752	793.5
1753	803.5
1754	769.6
1755	807.9
1756	706.6
1757	856.1
1758	896.6
1759	842.9
1760	694.2
1761	856.4
1762	720.8
1763	712.1
1764	801.4
1765	750.2
1766	767.8
1767	825.8
1768	654
1769	865.3
1770	871.2
1771	738.3
1772	655
1773	789.7
1774	837.7
1775	331.1
1776	799
1777	788.6
1778	724
1779	742.7
1780	681.9
1781	827
1782	832.8
1783	851.8
1784	766.6
1785	731.2
1786	850.8
1787	892.4
1788	641.4
1789	801.6
1790	673.1
1791	645.4
1792	824.4
1793	767.8
1794	484.3
1795	760.4
1796	850.8
1797	853.3
1798	817.2
1799	776.7
1800	757
1801	872.9
1802	712.3
1803	645.9
1804	780.1
1805	710.2
1806	622.2
1807	850.5
1808	764
1809	837
1810	698.6
1811	854.7
1812	714.6
1813	706.8
1814	846
1815	782.6
1816	831.5
1817	735.4
1818	788.7
1819	648
1820	934.4
1821	773.5
1822	809.8
1823	895.3
1824	775
1825	928.8
1826	808
1827	807.6
1828	836.8
1829	808.1
1830	671.3
1831	870.1
1832	815.8
1833	808.2
1834	767
1835	637.9
1836	622.5
1837	296.2
1838	775.6
1839	947.5
1840	748
1841	763.5
1842	835.4
1843	981.3
1844	856.2
1845	754.2
1846	262.6
1847	807.7
1848	969.5
1849	954.1
1850	930.8
1851	841.6
1852	869.3
1853	905.6
1854	871.8
1855	923.1
1856	770.4
1857	766.6
1858	896.9
1859	808.6
1860	708.1
1861	750.9
1862	840.9
1863	722.2
1864	838.7
1865	801.3
1866	1013.1
1867	761.5
1868	806.5
1869	832.5
1870	372.1
1871	759.6
1872	807.8
1873	834.9
1874	1005.5
1875	787.4
1876	790.6
1877	771.8
1878	685.3
1879	1029.1
1880	989.2
1881	896.8
1882	723.7
1883	1021.2
1884	764
1885	854
1886	766.9
1887	745
1888	883
1889	677.8
1890	990.5
1891	364.4
1892	883.5
1893	800.2
1894	843.2
1895	820.6
1896	818.7
1897	850.1
1898	963.8
1899	833.7
1900	757.3
1901	1006.2
1902	777.5
1903	895.3
1904	890.3
1905	810.2
1906	722.1
1907	242.9
1908	633.9
1909	289.7
1910	265.6
1911	866.8
1912	813
1913	607.6
1914	799.5
1915	700.1
1916	746.5
1917	832.9
1918	656.1
1919	719.7
1920	741.8
1921	921.8
1922	498.3
1923	654.9
1924	743.5
1925	896
1926	711.4
1927	964.2
1928	773.8
1929	165.1
1930	768.2
1931	232.7
1932	672.9
1933	762.7
1934	82.3
1935	773.2
1936	943.6
1937	480.1
1938	830
1939	961.3
1940	730.2
1941	856.3
1942	59.9
1943	496.2
1944	909.8
1945	190.3
1946	512.3
1947	514.2
1948	156.6
1949	731.6
1950	0
1951	777.8
1952	472.3
1953	55.5
1954	530.9
1955	42.7
1956	849
1957	1002.5
1958	750.2
1959	61.8
1960	822.9
1961	63.4
1962	770.7
1963	471
1964	568.3
1965	771.2
1966	0
1967	265.9
1968	58.2
1969	710.4
1970	897.8
1971	819.1
1972	511.3
1973	469.2
1974	873.7
1975	50.7
1976	36.7
1977	380.6
1978	949.2
1979	0
1980	489
1981	852.9
1982	0
1983	819.8
1984	783.6
1985	54.7
1986	54.1
1987	945.4
1988	37.3
1989	0
1990	0
1991	499.6
1992	737.3
1993	50.9
1994	962.1
1995	914.4
1996	501.1
1997	40.2
1998	1005.5
1999	746.1
2000	81
2001	763.8
2002	34.5
2003	31.9
2004	469.4
2005	522.4
2006	49.3
2007	813.3
2008	49.8
2009	766.8
2010	32.5
2011	0
2012	495.6
2013	47.8
2014	0
2015	44.4
2016	504.2
2017	740
2018	132.6
2019	494.5
2020	496.6
2021	95
2022	105.1
2023	483.5
2024	0
2025	967.7
2026	482.9
2027	48.9
2028	1004.9
2029	785.3
2030	787
2031	43.5
2032	97.2
2033	764.1
2034	763.9
2035	41.2
2036	0
2037	832.1
2038	0
2039	490.8
2040	534.5
2041	0
2042	145.2
2043	771.4
2044	990.6
2045	717.7
2046	514.2
2047	52.7
2048	537.1
2049	746.7
2050	930.6
2051	80.2
2052	756.8
2053	86.8
2054	55.7
2055	43.8
2056	825.6
2057	81.5
2058	0
2059	491.6
2060	105.5
2061	101.1
2062	1022.6
2063	491.3
2064	91
2065	504.3
2066	732.8
2067	178.3
2068	726
2069	855.4
2070	135.2
2071	118.4
2072	777.1
2073	52.2
2074	920.7
2075	789.3
2076	0
2077	446.6
2078	814.2
2079	557.6
2080	446.7
2081	875.6
2082	736
2083	92.1
2084	770.2
2085	775
2086	697
2087	456.3
2088	1066.9
2089	484.3
2090	966.4
2091	678.1
2092	533.5
2093	851.9
2094	482.9
2095	97.8
2096	517.1
2097	108.8
2098	818.6
2099	53.8
2100	768.7
2101	732.3
2102	805.8
2103	472
2104	397.1
2105	717.1
2106	462.7
2107	497.2
2108	825.7
2109	713.5
2110	728.6
2111	386.3
2112	0
2113	722.9
2114	436
2115	876.3
2116	898.6
2117	755.1
2118	40.9
2119	25.1
2120	941.8
2121	92.1
2122	722.5
2123	510
2124	896.2
2125	569.8
2126	727
2127	77.5
2128	458.7
2129	386.5
2130	506.9
2131	821
2132	925.2
2133	514.6
2134	709
2135	32.9
2136	1047.8
2137	111.5
2138	32.5
2139	868.1
2140	407.1
2141	917.7
2142	83.3
2143	414.3
2144	677.2
2145	871.3
2146	117.2
2147	100.6
2148	702
2149	494.9
2150	429.5
2151	489.3
2152	780.3
2153	1140.4
2154	760.2
2155	391.8
2156	433.2
2157	456.7
2158	122
2159	107.1
2160	1145.1
2161	445.8
2162	765.7
2163	866
2164	535.1
2165	132.8
2166	395
2167	418.2
2168	529.3
2169	691.7
2170	432
2171	533.7
2172	466.1
2173	485.7
2174	388.3
2175	14.3
2176	490
2177	1042.6
2178	45.2
2179	488.6
2180	385.2
2181	1147
2182	485.2
2183	464.7
2184	412.3
2185	872.8
2186	15.2
2187	121.1
2188	340.9
2189	481.9
2190	140.1
2191	483.8
2192	336
2193	457.9
2194	846.8
2195	105.2
2196	431.3
2197	1055
2198	322.9
2199	1110.2
2200	440.2
2201	9.7
2202	92.4
2203	491.1
2204	356.1
2205	485.9
2206	410.5
2207	101.4
2208	118.3
2209	445.9
2210	1027.2
2211	428.8
2212	699.5
2213	892.6
2214	423.8
2215	426.2
2216	109.4
2217	482.1
2218	398.7
2219	1049
2220	68
2221	315.3
2222	1080.6
2223	353.6
2224	421.7
2225	468.6
2226	112.8
2227	1082.7
2228	462.4
2229	429.8
2230	699.7
2231	337.1
2232	487.4
2233	448.6
2234	1000.9
2235	431.6
2236	492
2237	480.9
2238	483.3
2239	102.9
2240	426
2241	479.2
2242	499.7
2243	476.3
2244	437.4
2245	1050.9
2246	377
2247	552.7
2248	1140.8
2249	492.8
2250	351.3
2251	42.2
2252	976
2253	514
2254	101.5
2255	531.9
2256	907.4
2257	78.4
2258	402.5
2259	1092.8
2260	462.4
2261	411.7
2262	385.9
2263	1142.9
2264	1110.6
2265	1065.4
2266	406.2
2267	396.7
2268	824.1
2269	121.7
2270	745.9
2271	788.7
2272	392.1
2273	129.4
2274	758.5
2275	910.6
2276	112.7
2277	412.8
2278	740.8
2279	393.9
2280	458.7
2281	795.2
2282	1172.4
2283	149.2
2284	754.8
2285	1065.1
2286	894.9
2287	109.4
2288	849.9
2289	427.6
2290	420.3
2291	448.5
2292	1064.1
2293	126.4
2294	152.1
2295	968.4
2296	985.7
2297	1165.8
2298	399.5
2299	98.5
2300	429.3
2301	808.8
2302	570
2303	563
2304	572.3
2305	462
2306	994.3
2307	997.9
2308	457.9
2309	728.9
2310	1156.7
2311	891.1
2312	852.7
2313	799.3
2314	470.6
2315	960.2
2316	367.8
2317	1119
2318	347.5
2319	409.1
2320	996.3
2321	953.1
2322	486.4
2323	429.1
2324	1119.7
2325	970.3
2326	738.7
2327	488.5
2328	1062.2
2329	553.4
2330	928.1
2331	905.1
2332	169
2333	806.1
2334	881
2335	957.2
2336	688
2337	885.2
2338	223.2
2339	169
2340	1086.1
2341	728.2
2342	891.9
2343	183
2344	870.8
2345	228.3
2346	691.7
2347	445.3
2348	860.9
2349	702.7
2350	826.3
2351	835.8
2352	582.6
2353	701.2
2354	911.6
2355	1014.8
2356	890.3
2357	915.7
2358	140.9
2359	1030.7
2360	706.4
2361	688.3
2362	198.1
2363	1082.9
2364	861.1
2365	745.7
2366	937.8
2367	911.4
2368	852.7
2369	128.3
2370	1112.2
2371	895.9
2372	669.6
2373	742.3
2374	123.7
2375	932.7
2376	947.8
2377	768
2378	703.5
2379	798.3
2380	790.8
2381	682
2382	1050.2
2383	983
2384	934.6
2385	591.6
2386	657.2
2387	625.3
2388	713.5
2389	1090.3
2390	742.3
2391	663.3
2392	1077.7
2393	985.6
2394	1098.9
2395	145.4
2396	853.4
2397	931.7
2398	580.6
2399	756.5
2400	934.9
2401	883.8
2402	1083
2403	778.4
2404	120.2
2405	710.6
2406	688.5
2407	997.3
2408	765.8
2409	746.8
2410	758.4
2411	804.9
2412	795.5
2413	904.4
2414	124.5
2415	814.8
2416	827.5
2417	739.8
2418	943.2
2419	789
2420	1114.4
2421	1042.6
2422	892.8
2423	702.7
2424	816.9
2425	110.9
2426	992.4
2427	938.4
2428	1078.7
2429	1007.5
2430	949.9
2431	799.8
2432	905.8
2433	1102.9
2434	116.6
2435	833
2436	931
2437	92.5
2438	742.7
2439	486.9
2440	818.6
2441	1034.1
2442	714.1
2443	785.2
2444	1091.4
2445	823.4
2446	112.9
2447	850.4
2448	514.9
2449	988
2450	990.6
2451	743
2452	756
2453	509.9
2454	1021.4
2455	999
2456	514.7
2457	1029.4
2458	796.2
2459	845.8
2460	80.8
2461	516.1
2462	454.9
2463	100.9
2464	501.6
2465	1048.4
2466	994.5
2467	643.1
2468	767.9
2469	811.9
2470	511.5
2471	821.9
2472	835.7
2473	100.8
2474	473.5
2475	817.4
2476	665.9
2477	788.4
2478	767.3
2479	640.6
2480	831.2
2481	390.3
2482	71.6
2483	655.1
2484	987.2
2485	783.7
2486	802.2
2487	1078.4
2488	843
2489	499.7
2490	1112.2
2491	87.1
2492	971.4
2493	644.4
2494	770
2495	770.4
2496	76
2497	680.9
2498	782.4
2499	67.2
2500	1036.9
2501	815.4
2502	815.6
2503	562.6
2504	387.2
2505	940.1
2506	808.2
2507	1056.7
2508	446.4
2509	647
2510	443.8
2511	0
2512	918.4
2513	795.7
2514	828
2515	819.8
2516	855.5
2517	110.7
2518	285.6
2519	803.4
2520	1029.5
2521	810
2522	0
2523	107.5
2524	1055.1
2525	292.1
2526	813.8
2527	775.4
2528	741.1
2529	788.6
2530	715
2531	725.5
2532	731.2
2533	979.4
2534	315.6
2535	781
2536	977.6
2537	315.7
2538	0
2539	1097.4
2540	1017.7
2541	1039.5
2542	924.5
2543	809.2
2544	353.7
2545	951.2
2546	424.2
2547	801.5
2548	976.9
2549	873.5
2550	1072.6
2551	133
2552	1107.5
2553	768.1
2554	989
2555	833.3
2556	839.3
2557	850.4
2558	756.6
2559	693.9
2560	0
2561	750.4
2562	1113.8
2563	942.6
2564	968.9
2565	1039.6
2566	110.9
2567	916.4
2568	0
2569	840.1
2570	282.5
2571	136.2
2572	961.6
2573	417.5
2574	901.7
2575	346.4
2576	769.4
2577	772.7
2578	835.7
2579	800.6
2580	977.1
2581	980
2582	1090.4
2583	1020.7
2584	1082.8
2585	0
2586	1049.7
2587	780.3
2588	801.2
2589	821.3
2590	760
2591	825.1
2592	789.1
2593	714.4
2594	275.9
2595	1077.1
2596	0
2597	807.1
2598	1094.1
2599	823
2600	760.2
2601	789.4
2602	993.2
2603	727.3
2604	1111.7
2605	911.5
2606	351.8
2607	0
2608	688.7
2609	1025.1
2610	385.3
2611	1014.3
2612	749.2
2613	779.2
2614	1059.8
2615	159.7
2616	999.6
2617	0
2618	847.8
2619	1032.1
2620	1109.8
2621	240.9
2622	840
2623	0
2624	763
2625	1102.4
2626	212.7
2627	882.6
2628	168.5
2629	1060.6
2630	843.2
2631	767.7
2632	0
2633	810.6
2634	846
2635	757
2636	997.6
2637	969.7
2638	314.6
2639	777
2640	715.1
2641	318.9
2642	0
2643	1156.9
2644	346
2645	1141.6
2646	734.5
2647	215.1
2648	922.2
2649	384.9
2650	0
2651	913.2
2652	375.1
2653	870.1
2654	325.2
2655	700.1
2656	984.9
2657	212.8
2658	826
2659	954.8
2660	0
2661	348.5
2662	1118.8
2663	383.7
2664	755.7
2665	390.5
2666	318.2
2667	154.4
2668	350.7
2669	777.8
2670	1111.1
2671	878.6
2672	916.8
2673	279.3
2674	200.6
2675	357.1
2676	103.1
2677	1137.2
2678	976.7
2679	384.7
2680	347
2681	363.8
2682	360
2683	766.3
2684	732.9
2685	820.6
2686	929.5
2687	943.3
2688	319
2689	356
2690	370.2
2691	357.3
2692	73.7
2693	402.6
2694	704.1
2695	932.2
2696	780.7
2697	974.7
2698	1067.1
2699	18.9
2700	874
2701	111.3
2702	364.2
2703	720.2
2704	507.4
2705	804.2
2706	337.7
2707	16
2708	342.8
2709	308.4
2710	381.6
2711	337
2712	833.9
2713	707.1
2714	362.6
2715	694.1
2716	371.6
2717	317.6
2718	666.8
2719	706.4
2720	332.1
2721	660.1
2722	357
2723	857.8
2724	44.2
2725	351.8
2726	678.5
2727	889.7
2728	680.5
2729	843.5
2730	359.2
2731	819.7
2732	325.1
2733	331
2734	343.9
2735	745.8
2736	38.5
2737	626.6
2738	327.5
2739	637.3
2740	327.5
2741	328.7
2742	311.2
2743	621.5
2744	717.4
2745	228.8
2746	43.4
2747	639.7
2748	846.2
2749	758.4
2750	354
2751	385.5
2752	797.2
2753	711.2
2754	359.3
2755	291.1
2756	599
2757	765.3
2758	393.1
2759	602.4
2760	623.2
2761	610.9
2762	729.2
2763	39.4
2764	336
2765	329.2
2766	358.8
2767	44.2
2768	314.5
2769	605.2
2770	718.7
2771	374.5
2772	305.4
2773	143
2774	418.8
2775	372.5
2776	759.8
2777	365
2778	383.6
2779	743.7
2780	88.9
2781	772.6
2782	249.3
2783	681.2
2784	691.4
2785	43.1
2786	39.9
2787	353.7
2788	624.6
2789	360.4
2790	853.7
2791	358.3
2792	380.5
2793	405.3
2794	769.4
2795	593.7
2796	284.8
2797	429.6
2798	347.1
2799	747.7
2800	370.2
2801	351.9
2802	403.2
2803	560.1
2804	96.3
2805	374.7
2806	743.8
2807	451.5
2808	359.2
2809	344.7
2810	44
2811	383.4
2812	284.6
2813	308
2814	804
2815	390.1
2816	565.2
2817	685.1
2818	371.5
2819	866.9
2820	370.7
2821	348.2
2822	724.8
2823	331.5
2824	41.5
2825	690.3
2826	44.4
2827	85.8
2828	299.6
2829	49.3
2830	801.6
2831	723.4
2832	712
2833	575.2
2834	422.2
2835	372.7
2836	831.1
2837	679.3
2838	389
2839	349.2
2840	377.9
2841	746
2842	348.1
2843	709.2
2844	158.9
2845	608.3
2846	48.6
2847	381.9
2848	383.1
2849	357.7
2850	379.2
2851	333.8
2852	820.7
2853	770.6
2854	379.9
2855	788
2856	348.1
2857	777.8
2858	379.5
2859	684
2860	669.5
2861	704
2862	277.5
2863	227.6
2864	280.3
2865	786.4
2866	386.5
2867	711.9
2868	265.1
2869	322.6
2870	655.4
2871	373
2872	369.3
2873	363.5
2874	66.6
2875	766
2876	54.9
2877	766.8
2878	826.8
2879	194.5
2880	816.5
2881	787.1
2882	827.3
2883	694
2884	316.8
2885	277
2886	366.4
2887	242.3
2888	64.3
2889	53.3
2890	62.5
2891	775
2892	388.1
2893	366.4
2894	318.4
2895	357
2896	62.7
2897	364.2
2898	691.2
2899	383.8
2900	295.7
2901	211.8
2902	823.8
2903	350.3
2904	148.4
2905	732.2
2906	381.8
2907	279.2
2908	755.9
2909	437
2910	632.3
2911	342.7
2912	809.2
2913	432
2914	846.9
2915	229.1
2916	375.1
2917	65.5
2918	395.8
2919	205.3
2920	224.9
2921	691.5
2922	651.2
2923	718.9
2924	345.1
2925	753.6
2926	280.6
2927	156.7
2928	316.7
2929	263.6
2930	365.2
2931	845.5
2932	382.4
2933	863.3
2934	160.8
2935	780.1
2936	187.5
2937	625
2938	185.5
2939	801.6
2940	166.1
2941	709.3
2942	173.3
2943	466.2
2944	162.6
2945	813.7
2946	692.4
2947	400.4
2948	855.1
2949	771.6
2950	671.3
2951	424.4
2952	814.7
2953	465.8
2954	698.2
2955	443.9
2956	379.7
2957	313
2958	862.6
2959	208.3
2960	760.5
2961	779.1
2962	755.7
2963	311
2964	463.2
2965	660.2
2966	432.1
2967	421.1
2968	781.8
2969	199.2
2970	145.4
2971	761.4
2972	323.3
2973	135.6
2974	789.3
2975	979.4
2976	364.3
2977	349.3
2978	305.6
2979	849.2
2980	815.1
2981	717
2982	438.2
2983	822.4
2984	852.5
2985	638.8
2986	835.6
2987	762.8
2988	805.1
2989	127
2990	619.4
2991	1052.1
2992	332.5
2993	781
2994	839.8
2995	859
2996	432.8
2997	365.7
2998	640.6
2999	410.5
3000	678.3
3001	230.7
3002	821.3
3003	755
3004	296.7
3005	302.1
3006	845.6
3007	698.9
3008	893.2
3009	296.1
3010	108.5
3011	823.4
3012	401.1
3013	886.7
3014	647.6
3015	264.8
3016	828.7
3017	1037.5
3018	714.2
3019	254.6
3020	655.7
3021	315
3022	197.4
3023	286.8
3024	861.9
3025	661.2
3026	891.4
3027	914
3028	772.8
3029	937.8
3030	145.3
3031	335.8
3032	354.1
3033	245.8
3034	379.5
3035	724.7
3036	136.5
3037	337.3
3038	231.9
3039	746.5
3040	1022.9
3041	898.7
3042	920.5
3043	1009.3
3044	803.8
3045	1012.4
3046	213.9
3047	226.5
3048	967.9
3049	671.7
3050	970.4
3051	901.9
3052	808.6
3053	1072.2
3054	703.8
3055	795.8
3056	1008.2
3057	235
3058	1063.1
3059	862
3060	182.7
3061	177.8
3062	279.7
3063	984.8
3064	1095.7
3065	200.9
3066	922.7
3067	193.6
3068	926.6
3069	234.5
3070	863.5
3071	345.2
3072	829.3
3073	107.5
3074	1063.3
3075	315.8
3076	382.5
3077	942.7
3078	770.9
3079	1012.8
3080	977.4
3081	247.9
3082	170.4
3083	1057.2
3084	184.4
3085	788.2
3086	861.4
3087	1119.1
3088	957.5
3089	1116.4
3090	916.8
3091	270
3092	131.8
3093	379.3
3094	114.7
3095	180
3096	990.7
3097	122.5
3098	1125
3099	224.6
3100	946.5
3101	80.7
3102	340.4
3103	1060.5
3104	1045.6
3105	181.3
3106	1023.2
3107	1017.3
3108	184
3109	336.2
3110	213.2
3111	1194.3
3112	75
3113	1182.3
3114	289.1
3115	178.7
3116	332.9
3117	269.1
3118	973.3
3119	981.9
3120	67.2
3121	998
3122	94.9
3123	1058.2
3124	207.6
3125	371.4
3126	90.8
3127	106.6
3128	211.8
3129	213.8
3130	206.4
3131	945.5
3132	999.9
3133	1134.2
3134	1148.8
3135	108.9
3136	1134.7
3137	80.7
3138	234.8
3139	1073.5
3140	902
3141	259.1
3142	986.9
3143	987
3144	232.9
3145	74.9
3146	180.5
3147	72.7
3148	312.5
3149	151.3
3150	126.1
3151	194.3
3152	1076.4
3153	1032.7
3154	946.8
3155	0.2
3156	757.5
3157	718.3
3158	130.1
3159	929
3160	79.1
3161	190.9
3162	1085.9
3163	221.1
3164	94
3165	31.6
3166	1092.2
3167	31.2
3168	1055.9
3169	156.2
3170	1043.1
3171	143.8
3172	1025.6
3173	190.6
3174	0.1
3175	1006.7
3176	128.8
3177	240.7
3178	266.7
3179	161
3180	79.5
3181	25.8
3182	1035.3
3183	1067.8
3184	200.7
3185	196.3
3186	793.6
3187	873.9
3188	0.1
3189	727.5
3190	93.7
3191	94.1
3192	0.1
3193	412.2
3194	1061.9
3195	1121.9
3196	180.6
3197	29.3
3198	26.7
3199	969.1
3200	133.8
3201	119.9
3202	1081.6
3203	1066.6
3204	30.2
3205	199.4
3206	185.8
3207	484.2
3208	76
3209	370.3
3210	198.4
3211	201.8
3212	1015.3
3213	136.4
3214	110.9
3215	218.9
3216	233.2
3217	285
3218	200.6
3219	197.4
3220	32
3221	134.1
3222	198.9
3223	51.3
3224	1102.3
3225	158.9
3226	1115.5
3227	263.1
3228	363.2
3229	427.9
3230	39.9
3231	361.7
3232	69.8
3233	199
3234	1096.3
3235	1119
3236	201
3237	136.7
3238	194.6
3239	392.3
3240	53.5
3241	720.8
3242	423.9
3243	196.6
3244	430.9
3245	125.6
3246	295.3
3247	375.3
3248	111.1
3249	61.7
3250	47.2
3251	1009.8
3252	1046.5
3253	388.9
3254	199.9
3255	114.9
3256	74.6
3257	203.8
3258	475.6
3259	790
3260	61.7
3261	453.6
3262	185.6
3263	98.2
3264	93.9
3265	225
3266	387.1
3267	805.2
3268	192.2
3269	1034.8
3270	355.3
3271	65.3
3272	934.9
3273	96.7
3274	1056.1
3275	426.7
3276	302.7
3277	360.7
3278	949.5
3279	90.2
3280	80.7
3281	236.8
3282	55.2
3283	164.7
3284	392.5
3285	66.1
3286	1020.4
3287	60.9
3288	579.5
3289	378.7
3290	68.2
3291	976
3292	52.2
3293	554.1
3294	579.5
3295	114.1
3296	48.1
3297	238
3298	685.5
3299	281.8
3300	781.2
3301	321.5
3302	246.1
3303	991
3304	654.2
3305	159.5
3306	401.8
3307	92.2
3308	905.3
3309	390.2
3310	307.9
3311	47.1
3312	618.6
3313	300.4
3314	73.6
3315	360
3316	752.5
3317	77.6
3318	123.5
3319	56.1
3320	266.8
3321	389.1
3322	49.6
3323	474.5
3324	358
3325	327.2
3326	365.8
3327	64
3328	99.9
3329	251.3
3330	644.9
3331	160.1
3332	180.7
3333	315.3
3334	37.6
3335	803.3
3336	358.2
3337	59.4
3338	246
3339	81.3
3340	87.8
3341	739.3
3342	337.1
3343	121.9
3344	327.7
3345	45.3
3346	119.8
3347	336
3348	49.3
3349	309.7
3350	151.8
3351	139.1
3352	130.3
3353	236.9
3354	346.7
3355	257.3
3356	247.3
3357	296.3
3358	104.7
3359	244.8
3360	165.4
3361	288.8
3362	277.9
3363	601.5
3364	462.2
3365	164.7
3366	232.1
3367	217
3368	78.9
3369	106.3
3370	455.2
3371	253.8
3372	147.4
3373	226.7
3374	230.3
3375	270.1
3376	226.1
3377	267.2
3378	256.5
3379	301.3
3380	232
3381	263.3
3382	243.6
3383	207.3
3384	231.3
3385	244.1
3386	263.2
3387	261
3388	233.5
3389	244.5
3390	236.5
3391	194.6
3392	201.1
3393	264.8
3394	242.5
3395	250.7
3396	207.3
3397	252.4
3398	138.6
3399	95.1
3400	716.1
3401	688.6
3402	619.4
3403	722.2
3404	957.2
3405	936.9
3406	1003.7
3407	796.2
3408	1055.4
3409	803.8
3410	123.6
3411	149
3412	927.3
3413	891.5
3414	925.6
3415	769
3416	679.9
3417	941.7
3418	856.3
3419	716.3
3420	675.8
3421	687.6
3422	839.2
3423	739.2
3424	855
3425	897.7
3426	851.6
3427	650.1
3428	322.8
3429	979.6
3430	284.2
3431	834.3
3432	948.2
3433	919.2
3434	812.2
3435	582.2
3436	861.3
3437	878.8
3438	590.6
3439	567
3440	747.8
3441	800.7
3442	709.4
3443	852.6
3444	639
3445	545.6
3446	670.3
3447	589.2
3448	729.3
3449	898
3450	600.6
3451	761.6
3452	843.5
3453	739.3
3454	851.4
3455	810.5
3456	118.3
3457	802.3
3458	792.7
3459	671.1
3460	789.8
3461	117.8
3462	833.8
3463	897
3464	639.6
3465	749.6
3466	517
3467	791.4
3468	821.3
3469	529.4
3470	846.6
3471	763.6
3472	388.8
3473	842.4
3474	745.6
3475	775.6
3476	755.2
3477	826.2
3478	875.3
3479	710.9
3480	836.7
3481	843.5
3482	271.9
3483	35
3484	811
3485	34.5
3486	703.4
3487	0
3488	41.2
3489	961
3490	872.5
3491	552.3
3492	845.4
3493	44.8
3494	765.9
3495	1047.2
3496	93.6
3497	326.8
3498	305.8
3499	967.1
3500	438.9
3501	150.5
3502	90.1
3503	367
3504	382.7
3505	847.7
3506	1026.1
3507	355.6
3508	998.3
3509	162.6
3510	397
3511	1005.8
3512	724.6
3513	220.9
3514	650.8
3515	1098.6
3516	718.8
3517	679
3518	917
3519	755.2
3520	1059.8
3521	922.3
3522	511.9
3523	856.6
3524	795.7
3525	825
3526	130.8
3527	804.2
3528	1021.1
3529	782.6
3530	769.1
3531	1089.4
3532	322.4
3533	1025.4
3534	1044.1
3535	940.6
3536	346.8
3537	52.1
3538	887.5
3539	330.8
3540	414.6
3541	336.5
3542	379.6
3543	310.9
3544	330.7
3545	435.8
3546	338
3547	258.6
3548	376.5
3549	853.1
3550	750.5
3551	781.4
3552	267.2
3553	301.3
3554	847.3
3555	389.8
3556	802.8
3557	134.3
3558	449.7
3559	103.2
3560	345.7
3561	653
3562	228.9
3563	990.5
3564	243.1
3565	287
3566	250.1
3567	946.7
3568	997.9
3569	938.3
3570	970.6
3571	995.1
3572	248.8
3573	1081.6
3574	332.9
3575	315.6
3576	1058.1
3577	1156.7
3578	186.4
3579	235.1
3580	227.3
3581	54.2
3582	198.3
3583	210.2
3584	1146.3
3585	158.3
3586	1093.1
3587	82.7
3588	447.2
3589	50.6
3590	248.3
3591	153
3592	257.9
3593	295.6
3594	250.3
