"COMID"	"Value"
1	37.2
2	2.3
3	38.3
4	47
5	16.1
6	0.7
7	14.8
8	2.8
9	0.1
10	0.4
11	59.1
12	0.1
13	0.1
14	31.1
15	2.6
16	0.1
17	46.7
18	6
19	15.9
20	33.7
21	9.4
22	36.9
23	0.3
24	0.1
25	16.6
26	20.8
27	10.6
28	21
29	0
30	5.2
31	32.6
32	16.8
33	31.3
34	0.1
35	25.6
36	0.2
37	23.9
38	0.4
39	0
40	0.5
41	27.7
42	7.9
43	0.5
44	19
45	3.1
46	0.2
47	0.9
48	28.8
49	12.7
50	15.4
51	0
52	0.6
53	0.3
54	31.5
55	32.7
56	31.4
57	0.3
58	0
59	4.4
60	0.1
61	0.2
62	0.3
63	13.6
64	6
65	0.2
66	4.1
67	22.5
68	0.8
69	3.2
70	9.6
71	0.6
72	15.7
73	0
74	8.6
75	6.8
76	4.2
77	4.2
78	2.7
79	26.4
80	2.4
81	16.2
82	1.7
83	11.4
84	0.4
85	13.4
86	1.2
87	0.1
88	0.1
89	1
90	5.5
91	19.8
92	25.7
93	17.1
94	0.2
95	13.9
96	2.4
97	26.1
98	0.2
99	1.7
100	23.3
101	8.7
102	10.1
103	0
104	3.8
105	3.8
106	29.6
107	1.8
108	0.2
109	1.7
110	1.2
111	0.6
112	39.5
113	0.3
114	39.6
115	6
116	1.2
117	20.5
118	7.1
119	0
120	2.9
121	0.8
122	12.6
123	1.1
124	9.6
125	2.3
126	26
127	26.7
128	25.3
129	0
130	7.7
131	0.3
132	1.3
133	21
134	7.5
135	6.3
136	2.7
137	29.7
138	1.1
139	0.7
140	6.6
141	4.8
142	2.7
143	0.1
144	2.8
145	0.9
146	21.2
147	12.5
148	35.5
149	5.6
150	29.6
151	7.6
152	9.7
153	0.6
154	4.8
155	1.2
156	6.8
157	35
158	2.6
159	0.7
160	17
161	5.1
162	1.2
163	0.9
164	4.8
165	0.1
166	0.9
167	14.9
168	0.1
169	18.6
170	10.5
171	2
172	3.8
173	6.5
174	0.8
175	1
176	57.3
177	0.7
178	2.9
179	6.6
180	0.7
181	0.4
182	2.9
183	1.4
184	0.5
185	1.4
186	5.1
187	2.2
188	0.6
189	0.5
190	8.1
191	0.3
192	3.7
193	1.8
194	51.8
195	2.6
196	0.5
197	0.7
198	0.3
199	4.7
200	0.4
201	0.3
202	1.8
203	0.9
204	0.6
205	1.8
206	4.3
207	16.4
208	42.3
209	4.4
210	1.6
211	11.5
212	23.4
213	3.7
214	0.9
215	12.7
216	2.1
217	0.6
218	0.7
219	0.8
220	0.7
221	0.2
222	11.8
223	35.2
224	0.1
225	1.1
226	10
227	0.5
228	5.8
229	0.7
230	17.4
231	0.8
232	1.5
233	22.7
234	0.3
235	6.5
236	3.9
237	1.5
238	0.5
239	8.4
240	2.3
241	7
242	0.2
243	0.1
244	27
245	7.6
246	18.2
247	6.1
248	3.4
249	0.1
250	21.3
251	7.6
252	2.3
253	2.2
254	1.2
255	1
256	35.4
257	1.4
258	2.5
259	6.8
260	1.9
261	6.6
262	5.8
263	7
264	1
265	0.9
266	5.4
267	14.3
268	0.7
269	17.3
270	0.7
271	1.6
272	5.3
273	14.3
274	0.1
275	4.7
276	0.2
277	0.6
278	4.5
279	1
280	3.5
281	4.3
282	11.3
283	0.6
284	16.2
285	0.2
286	3.3
287	3.8
288	5.9
289	0.6
290	0.4
291	0.3
292	7.3
293	0.1
294	1.1
295	0.7
296	10.7
297	8.2
298	0.3
299	1.1
300	7.9
301	0.9
302	9.7
303	6
304	5.6
305	8.7
306	17.9
307	8
308	2.2
309	1.1
310	2.1
311	7.9
312	6.6
313	3.3
314	6
315	0.8
316	0.6
317	0.1
318	11.1
319	0.2
320	6.9
321	0.3
322	1.9
323	7.7
324	1.3
325	0.3
326	0.6
327	1.1
328	1.1
329	0.5
330	0.5
331	1
332	0.5
333	1.4
334	0.7
335	0.9
336	1.1
337	0.4
338	1.3
339	3.2
340	1.7
341	1.2
342	0.1
343	1.4
344	6.5
345	3
346	0.4
347	1.4
348	12.1
349	7.3
350	1.2
351	1
352	0.8
353	3.7
354	4.8
355	0.2
356	1.1
357	0.3
358	4.3
359	0.1
360	3.9
361	0.9
362	3.8
363	3.5
364	0.1
365	1.1
366	0.3
367	0.1
368	69
369	0.1
370	3.8
371	0.1
372	0.2
373	0.2
374	0.1
375	1.6
376	0
377	3.8
378	0.2
379	0.2
380	3.9
381	0.1
382	0.2
383	3.8
384	0.1
385	0.4
386	0.1
387	72.9
388	0.9
389	0.2
390	61.7
391	0.2
392	0.5
393	0.4
394	0.1
395	0.2
396	0.5
397	0.6
398	0.5
399	1.3
400	0.1
401	7.3
402	0.3
403	0.6
404	0.2
405	0.1
406	3.2
407	0.9
408	0.2
409	0.2
410	1.2
411	6.6
412	0.5
413	5.8
414	0.3
415	1
416	0.2
417	0.3
418	0.3
419	0.5
420	0.2
421	0.6
422	1.5
423	6.5
424	2.1
425	222.7
426	0.6
427	2.8
428	2.5
429	3.4
430	3.7
431	0.6
432	0.1
433	178.8
434	0.2
435	0
436	87.2
437	1.1
438	290.4
439	0.5
440	4.4
441	1.7
442	0
443	2
444	0.1
445	412
446	0.1
447	428.8
448	382.7
449	0
450	0.4
451	0.4
452	39.7
453	0.5
454	0
455	0.3
456	0
457	14.3
458	30
459	15.3
460	0.4
461	14.5
462	39.1
463	8.3
464	0.8
465	29.7
466	0.9
467	1.3
468	0.8
469	0.1
470	1.2
471	1.9
472	4.8
473	1.8
474	0.4
475	9.1
476	1.2
477	35.3
478	0.7
479	0.2
480	10.3
481	0.5
482	0.2
483	20.1
484	0.1
485	0.1
486	1.8
487	0.3
488	3.9
489	0.6
490	2.9
491	0.6
492	8.8
493	0.8
494	4.5
495	2.9
496	0.6
497	0.6
498	0.1
499	0.7
500	0.3
501	0.3
502	5.2
503	0
504	0.1
505	0.2
506	0.4
507	0.7
508	0.1
509	0.2
510	0.2
511	1.5
512	1.7
513	0.5
514	0.2
515	0.7
516	0.2
517	0.9
518	0.4
519	0.6
520	2.4
521	0
522	0.1
523	0.6
524	8.7
525	0
526	0.3
527	0.1
528	0.1
529	0.7
530	2.6
531	1.6
532	13.7
533	0.1
534	0
535	3.2
536	7.8
537	1.8
538	0.8
539	0
540	0
541	0.5
542	1.6
543	0
544	0.8
545	2.2
546	1.3
547	0
548	2
549	3
550	0
551	0.5
552	0
553	2
554	0.6
555	0
556	0
557	0.3
558	1.7
559	1.5
560	0.7
561	3.1
562	1.3
563	0.9
564	0.2
565	1.8
566	1.1
567	0
568	1.1
569	0.5
570	0.4
571	3.1
572	0.5
573	0.2
574	0
575	0
576	9.9
577	0.7
578	1.3
579	1.9
580	1
581	0.7
582	0
583	0
584	0
585	14.7
586	0
587	2.6
588	0
589	2.8
590	0.4
591	0
592	2.1
593	1.3
594	0.4
595	0
596	0
597	0.4
598	0.1
599	3.7
600	0.2
601	0
602	0.4
603	335.4
604	0
605	0.5
606	0
607	0
608	0.1
609	1
610	0
611	0.7
612	1
613	0.3
614	56.6
615	0.3
616	0.6
617	2.9
618	276
619	0.4
620	0.3
621	0
622	66.3
623	62.3
624	66.7
625	0
626	0
627	2.5
628	0
629	0.9
630	7.1
631	0
632	302.8
633	46
634	0.3
635	0.5
636	0.6
637	0.3
638	0
639	316.5
640	0.3
641	3.2
642	0.5
643	43.2
644	1.4
645	316.5
646	46.6
647	0.1
648	365.8
649	47.2
650	0.1
651	7.1
652	0
653	0.4
654	0
655	0.3
656	0
657	44.6
658	1.8
659	39.8
660	2.3
661	0.9
662	36
663	35.8
664	0
665	0
666	0.1
667	2.7
668	8.1
669	3
670	0.1
671	0.1
672	0
673	35.9
674	0.3
675	14.5
676	32.2
677	3.2
678	0.2
679	0
680	0.2
681	40.5
682	51
683	5.2
684	36.2
685	0
686	2.7
687	0.4
688	11
689	0.1
690	33
691	1.2
692	1.8
693	0.1
694	0.2
695	0.9
696	27.5
697	0
698	36.2
699	46.2
700	12.1
701	0.4
702	20.8
703	10.2
704	41.6
705	26
706	0.1
707	2.4
708	13.3
709	22.1
710	33.2
711	0.1
712	4.8
713	30.6
714	0
715	25
716	0.9
717	359.7
718	23.8
719	38.3
720	8.4
721	0
722	14.6
723	15.5
724	53.9
725	0.1
726	0.6
727	0.2
728	18.9
729	0.6
730	29.4
731	0.2
732	0.1
733	33.7
734	7.5
735	4.9
736	0.1
737	49.2
738	11
739	55
740	54
741	15.3
742	451.1
743	31.5
744	0.4
745	0.5
746	5.7
747	11.9
748	0.4
749	33.5
750	0.1
751	6.4
752	34.7
753	11.2
754	19.6
755	35
756	11
757	9.2
758	59.2
759	0.1
760	5.2
761	0.1
762	20.2
763	31.9
764	1.9
765	7.6
766	1
767	72.6
768	13.7
769	40.9
770	13.6
771	40.5
772	53.1
773	5.2
774	3.3
775	0.8
776	0.1
777	15.3
778	14.1
779	0.3
780	35.6
781	30.9
782	630.3
783	610.2
784	635.1
785	655.4
786	609.9
787	636.9
788	535.1
789	575.1
790	631.8
791	575
792	594.5
793	551.6
794	645
795	658.3
796	539.6
797	668.8
798	545.5
799	576.6
800	609.3
801	559.4
802	588.4
803	589.4
804	521.7
805	569.9
806	583.7
807	479.7
808	595.5
809	661.1
810	689.5
811	565.8
812	625.8
813	582
814	592.3
815	596.2
816	555.1
817	527
818	603.8
819	713.7
820	579.3
821	738.7
822	820.5
823	564.9
824	640.7
825	703.6
826	670.1
827	867
828	847.4
829	718.6
830	873.3
831	742.6
832	867.1
833	762.4
834	922
835	792.3
836	854.9
837	674.3
838	756.5
839	798.4
840	807.9
841	782.2
842	790.3
843	432
844	915.8
845	776.5
846	810.3
847	818.5
848	797.8
849	780.9
850	941.7
851	911.3
852	800.7
853	829
854	862.5
855	836.8
856	774
857	779.3
858	929.1
859	734.4
860	772.6
861	879.3
862	245.9
863	801
864	757.2
865	838.6
866	759.9
867	761.2
868	942.7
869	731.7
870	623.5
871	757.1
872	772.5
873	302.4
874	853.1
875	906.1
876	749.9
877	831.7
878	827.4
879	897.1
880	804.3
881	825.6
882	742.1
883	745.1
884	834.3
885	830.5
886	167.8
887	728.4
888	780.6
889	843.7
890	805.2
891	769.1
892	734.4
893	851.6
894	178.9
895	892.6
896	934.5
897	767.2
898	750.6
899	878.2
900	844.6
901	848
902	943
903	931.7
904	822.3
905	817.8
906	932.8
907	723.7
908	741.6
909	836
910	145.2
911	829.5
912	753.5
913	712.9
914	803.2
915	182.7
916	700.9
917	857.7
918	791.9
919	729
920	766.4
921	735.6
922	751.7
923	424.9
924	815.8
925	912.3
926	772.4
927	836.7
928	600.1
929	734.7
930	802.9
931	837.3
932	622.4
933	868
934	145.9
935	772.7
936	755.1
937	927.9
938	901.3
939	865.1
940	711.6
941	854.2
942	766.1
943	111.1
944	898.7
945	757.3
946	757.3
947	133.4
948	759.9
949	831.2
950	823.1
951	786.4
952	708
953	628
954	648.9
955	811.9
956	719.2
957	716.6
958	603.5
959	701.8
960	830.5
961	834.4
962	764.1
963	797.2
964	83.9
965	817
966	828.7
967	99.8
968	725.9
969	756.6
970	579.9
971	836.2
972	777.7
973	784.5
974	712.8
975	889.7
976	849.4
977	861.8
978	630.6
979	826.7
980	892.7
981	805.9
982	826.3
983	827.6
984	846.5
985	854.9
986	819.8
987	618.1
988	843.6
989	874.3
990	209.4
991	802.1
992	486.9
993	842.7
994	805.6
995	897.3
996	798.6
997	824.8
998	612.8
999	803.4
1000	84.9
1001	606.4
1002	852.5
1003	177.7
1004	801.2
1005	630.9
1006	852.2
1007	92.9
1008	611.2
1009	387.3
1010	799.9
1011	809.5
1012	841.2
1013	582.7
1014	828.8
1015	610.3
1016	106.5
1017	833.5
1018	602.1
1019	588.7
1020	814
1021	791.6
1022	797.3
1023	868.3
1024	843.6
1025	776.5
1026	859.1
1027	822.4
1028	804.2
1029	579.8
1030	618.4
1031	98.5
1032	176.1
1033	601.8
1034	766
1035	562.2
1036	802
1037	789.9
1038	771.1
1039	622.1
1040	587.6
1041	786.5
1042	606.2
1043	99.5
1044	562.5
1045	628
1046	592.4
1047	810.8
1048	856.6
1049	836
1050	98.9
1051	800.2
1052	824.1
1053	579.3
1054	759.3
1055	862.2
1056	818.4
1057	609.9
1058	783.7
1059	600.7
1060	787.9
1061	106.2
1062	869.8
1063	799.7
1064	563.6
1065	573.6
1066	827.5
1067	564.7
1068	622.7
1069	573.2
1070	806.5
1071	783.6
1072	558.5
1073	579.2
1074	791.8
1075	426
1076	800.7
1077	553.3
1078	865.1
1079	782.2
1080	589.8
1081	583.5
1082	809.1
1083	535.8
1084	841.8
1085	825.7
1086	793.3
1087	105.9
1088	552.1
1089	605.5
1090	743
1091	804.8
1092	592.6
1093	614.1
1094	568.1
1095	570.5
1096	600.6
1097	801.2
1098	616.6
1099	438.7
1100	98.1
1101	563.2
1102	749.9
1103	545.3
1104	620.6
1105	648.8
1106	611.5
1107	567.7
1108	570
1109	745.2
1110	579.8
1111	554.7
1112	800.4
1113	791.3
1114	786.3
1115	652.7
1116	580.3
1117	796.8
1118	659.9
1119	603.1
1120	570.3
1121	580.5
1122	610.9
1123	616.3
1124	724.3
1125	556.1
1126	786.3
1127	587.9
1128	774.3
1129	792.7
1130	587.1
1131	555
1132	781.7
1133	787.5
1134	575.1
1135	741.6
1136	553
1137	589.1
1138	572.8
1139	602.5
1140	714.8
1141	538.7
1142	555.4
1143	774.6
1144	623.7
1145	635
1146	591.2
1147	602.9
1148	799.1
1149	553.9
1150	593
1151	606.1
1152	749.1
1153	749.3
1154	93.3
1155	806.3
1156	758.6
1157	579.8
1158	859.7
1159	693.5
1160	550.4
1161	551.8
1162	652.2
1163	619.2
1164	780.3
1165	784.7
1166	768.8
1167	765.5
1168	743.8
1169	771
1170	772.8
1171	628.2
1172	724.2
1173	630
1174	795.3
1175	571.4
1176	584.3
1177	789
1178	555.7
1179	817.5
1180	623.3
1181	654.1
1182	598.4
1183	564.6
1184	783.4
1185	779.2
1186	720.9
1187	574.2
1188	563.8
1189	648.2
1190	588.1
1191	750.6
1192	556.6
1193	717.4
1194	590.6
1195	814.8
1196	580.2
1197	764.9
1198	515.5
1199	785.4
1200	225.4
1201	564.8
1202	579.6
1203	761.5
1204	585.7
1205	610.9
1206	599.1
1207	595
1208	560.6
1209	589.2
1210	733.6
1211	750.1
1212	788.1
1213	700.5
1214	735.2
1215	628
1216	745
1217	781.5
1218	518.6
1219	554.2
1220	798.7
1221	562.2
1222	597.4
1223	587.8
1224	546.7
1225	817.7
1226	699
1227	725.1
1228	570.4
1229	659.2
1230	759
1231	605.2
1232	795.8
1233	526.3
1234	564.5
1235	611.7
1236	507
1237	802.8
1238	746.9
1239	821.2
1240	521.9
1241	719.3
1242	802.6
1243	572.3
1244	509
1245	742.6
1246	725.9
1247	633.6
1248	307.8
1249	843
1250	722.4
1251	582
1252	762
1253	550
1254	597.6
1255	743.1
1256	719.4
1257	634.7
1258	607.4
1259	825.6
1260	760.7
1261	732.6
1262	573.1
1263	590.3
1264	591
1265	795.5
1266	709
1267	752.4
1268	801.9
1269	314.1
1270	745.5
1271	580.6
1272	519.6
1273	647.5
1274	735.4
1275	520.7
1276	704.1
1277	791.9
1278	788.5
1279	254.2
1280	826.3
1281	628.5
1282	809.4
1283	889.5
1284	348.8
1285	630.3
1286	879.1
1287	626
1288	563.4
1289	810.8
1290	558.9
1291	771.5
1292	586.6
1293	208.5
1294	610
1295	749.9
1296	584
1297	362.9
1298	703.2
1299	536.9
1300	643
1301	805
1302	546.2
1303	572.6
1304	403.4
1305	888.8
1306	752.2
1307	745.9
1308	574
1309	762.3
1310	739.3
1311	741.1
1312	739
1313	614.7
1314	765.1
1315	828.6
1316	750.3
1317	724.9
1318	580.1
1319	806.5
1320	828.7
1321	609.4
1322	787.2
1323	826.3
1324	574.8
1325	776.9
1326	621.7
1327	614.2
1328	703.3
1329	390.5
1330	779.4
1331	731
1332	204.8
1333	618
1334	753.2
1335	183
1336	828.7
1337	622.7
1338	640.5
1339	583.3
1340	602.5
1341	760.4
1342	717.5
1343	863.2
1344	817.2
1345	541.5
1346	821.4
1347	795.9
1348	773.2
1349	567.3
1350	807.9
1351	796.6
1352	358.3
1353	707.8
1354	595.9
1355	829
1356	298.9
1357	661
1358	847.6
1359	608.6
1360	624.9
1361	535.7
1362	764.2
1363	838.1
1364	630.2
1365	761.2
1366	599.4
1367	834.4
1368	758.2
1369	565.5
1370	169.9
1371	579.1
1372	532.6
1373	751.9
1374	623
1375	738.8
1376	381.7
1377	532.3
1378	577.1
1379	590.1
1380	747.3
1381	859
1382	818.7
1383	650.4
1384	531
1385	325.8
1386	752.1
1387	629.1
1388	575.2
1389	563.9
1390	777.3
1391	821.4
1392	773.4
1393	532
1394	657.3
1395	776.1
1396	887.9
1397	887
1398	911.1
1399	851.8
1400	657.8
1401	532.6
1402	555.6
1403	743.2
1404	544.4
1405	667.3
1406	612
1407	875.8
1408	543.8
1409	751.9
1410	521.4
1411	753.2
1412	639.3
1413	783
1414	543.4
1415	816.9
1416	800.7
1417	520.5
1418	736.8
1419	515.9
1420	527.2
1421	518.2
1422	637.9
1423	552.8
1424	786.1
1425	533.1
1426	776.4
1427	530.7
1428	519.8
1429	518.1
1430	819.5
1431	765.1
1432	527.9
1433	799.5
1434	608.1
1435	821.8
1436	872.1
1437	555.2
1438	555.6
1439	552.6
1440	786.4
1441	783.7
1442	571.4
1443	673.1
1444	524.8
1445	646.4
1446	775.7
1447	643.7
1448	858
1449	897.4
1450	655.5
1451	565.2
1452	875.2
1453	777.3
1454	527.7
1455	685.6
1456	609.8
1457	739.8
1458	766
1459	554.6
1460	517.9
1461	753.6
1462	514.4
1463	499.2
1464	514
1465	507.9
1466	854.5
1467	538.6
1468	517.6
1469	769.3
1470	734.4
1471	520.1
1472	545.5
1473	841.5
1474	648.8
1475	869
1476	505.7
1477	646.3
1478	723.4
1479	820.3
1480	528
1481	768.8
1482	770.3
1483	506.1
1484	667
1485	516
1486	522.7
1487	522.3
1488	730.8
1489	777.8
1490	630.5
1491	633.4
1492	780.7
1493	768.8
1494	854
1495	559.2
1496	788.7
1497	732.4
1498	518.8
1499	785.9
1500	55.5
1501	795.6
1502	826.5
1503	630.7
1504	557.8
1505	763.6
1506	771.1
1507	549.4
1508	670.1
1509	515.2
1510	644.5
1511	721.6
1512	524.7
1513	747.5
1514	590.6
1515	534.6
1516	547.6
1517	753.3
1518	585.5
1519	799.1
1520	588.1
1521	503
1522	526.3
1523	515.3
1524	538.3
1525	586
1526	504.7
1527	793.8
1528	500.2
1529	790
1530	823.3
1531	609.4
1532	643.9
1533	710.3
1534	751.1
1535	356.6
1536	745.7
1537	506.1
1538	461.9
1539	568.9
1540	573.8
1541	472
1542	538.5
1543	776.9
1544	610
1545	479.9
1546	395.7
1547	704.4
1548	513.1
1549	481.7
1550	489.3
1551	530.8
1552	757.8
1553	806
1554	594.6
1555	779.8
1556	758.6
1557	649.5
1558	513
1559	776.6
1560	51.1
1561	594.8
1562	582.9
1563	637
1564	502.7
1565	633.1
1566	607.9
1567	507.5
1568	533.4
1569	775.3
1570	781.7
1571	512.3
1572	567.5
1573	802.9
1574	580.9
1575	741.2
1576	769.9
1577	797.8
1578	485.7
1579	487.9
1580	762.6
1581	787.7
1582	783.2
1583	758.9
1584	387.3
1585	797.7
1586	763.6
1587	592.4
1588	746.6
1589	607.8
1590	630.8
1591	508.1
1592	748.8
1593	605.2
1594	752.6
1595	790.3
1596	721
1597	506.7
1598	737.8
1599	789.5
1600	783.2
1601	560.1
1602	807.9
1603	782.6
1604	746.6
1605	76.7
1606	523.1
1607	536.1
1608	791.3
1609	473.8
1610	762
1611	626.4
1612	771.8
1613	770.4
1614	790.6
1615	752.5
1616	759.5
1617	510.2
1618	719.1
1619	50.5
1620	726.3
1621	728.3
1622	804
1623	500.5
1624	811.7
1625	730.6
1626	735.9
1627	605.6
1628	707.4
1629	488.3
1630	812.5
1631	656.3
1632	835.9
1633	502.2
1634	771.6
1635	823.1
1636	745.2
1637	828.9
1638	715.4
1639	562.9
1640	525.7
1641	686.6
1642	795.8
1643	742.1
1644	617.4
1645	750.5
1646	753.9
1647	478.3
1648	645.8
1649	617.7
1650	528.4
1651	755.6
1652	697.4
1653	537.1
1654	712.4
1655	734.4
1656	857.3
1657	774.1
1658	818.1
1659	718
1660	658.7
1661	69.4
1662	607.9
1663	736.2
1664	625.2
1665	510.6
1666	807.2
1667	784.7
1668	697.3
1669	789.5
1670	93.9
1671	771.3
1672	727.7
1673	756.3
1674	747.7
1675	676.4
1676	643.7
1677	103.7
1678	520.5
1679	779.7
1680	767.6
1681	792.1
1682	507.1
1683	783.2
1684	729
1685	766.6
1686	633.7
1687	831.3
1688	673.1
1689	612.3
1690	715.9
1691	72.3
1692	738
1693	101.2
1694	758.7
1695	722.5
1696	526.2
1697	756.2
1698	519.2
1699	588.9
1700	677.6
1701	758.7
1702	793
1703	813.1
1704	533.6
1705	569.8
1706	738.7
1707	489.7
1708	475.8
1709	703.9
1710	633.4
1711	593.4
1712	795.6
1713	756.1
1714	761.7
1715	723.4
1716	737.2
1717	742.5
1718	32.7
1719	603.1
1720	775.7
1721	789.6
1722	775.6
1723	765.6
1724	744.1
1725	834.1
1726	771.2
1727	753.5
1728	777.6
1729	97.7
1730	758.8
1731	619.5
1732	744
1733	713.8
1734	69.5
1735	754.3
1736	474.2
1737	695.1
1738	736.7
1739	725
1740	561.5
1741	102.2
1742	572.2
1743	730.5
1744	791.5
1745	787.4
1746	756.7
1747	760.4
1748	781.2
1749	607.1
1750	610.2
1751	762.1
1752	769.9
1753	737.1
1754	825.1
1755	764.1
1756	743.6
1757	728.4
1758	770.2
1759	741.3
1760	712
1761	799.8
1762	653
1763	739
1764	762.5
1765	572.3
1766	737.4
1767	793.6
1768	525.8
1769	782.1
1770	732.4
1771	671.8
1772	578.8
1773	736.4
1774	702.2
1775	339
1776	699.1
1777	716.8
1778	570.5
1779	579.7
1780	504.8
1781	792.1
1782	810.3
1783	724.7
1784	735.1
1785	739.2
1786	821.4
1787	773.5
1788	611
1789	693.2
1790	500.3
1791	599.7
1792	721.8
1793	718.8
1794	500.5
1795	721
1796	762.4
1797	845.9
1798	693
1799	700.4
1800	685.8
1801	850.1
1802	713.5
1803	542.1
1804	679.4
1805	581.2
1806	597.9
1807	786.2
1808	659.4
1809	755.9
1810	648.9
1811	727.1
1812	677.5
1813	602.4
1814	688.8
1815	691.9
1816	816.2
1817	728.7
1818	679.9
1819	598.6
1820	900.7
1821	729.6
1822	727.5
1823	777.4
1824	689.8
1825	909.4
1826	756.9
1827	709
1828	732
1829	704.4
1830	586.4
1831	670.6
1832	693.5
1833	685.7
1834	667.8
1835	562.6
1836	579.7
1837	296.9
1838	671.2
1839	928.9
1840	701.7
1841	640.1
1842	660.1
1843	931.1
1844	749
1845	676.1
1846	248
1847	651.8
1848	885.1
1849	929.7
1850	895.4
1851	632.6
1852	740
1853	796.5
1854	777
1855	770.4
1856	626.5
1857	707.3
1858	712.6
1859	688.9
1860	657.2
1861	705.6
1862	663
1863	666
1864	679.6
1865	757.1
1866	916.4
1867	712.7
1868	729.3
1869	757.5
1870	408.9
1871	710.8
1872	623.6
1873	713.4
1874	932
1875	688.8
1876	750
1877	676.2
1878	650.3
1879	933.7
1880	890.6
1881	740.9
1882	685.4
1883	924.3
1884	710.5
1885	733.2
1886	747.1
1887	663.3
1888	727.5
1889	586.2
1890	872.5
1891	421.3
1892	724.9
1893	666.4
1894	697.7
1895	701.5
1896	681.2
1897	663.9
1898	866.5
1899	622.9
1900	681.9
1901	877
1902	678.6
1903	733.8
1904	643.2
1905	715
1906	654.4
1907	246.4
1908	641.4
1909	348.8
1910	339.2
1911	748.5
1912	681.2
1913	516.1
1914	682.5
1915	642.5
1916	682
1917	763.4
1918	637.2
1919	636.8
1920	644.5
1921	751.7
1922	424.7
1923	531.7
1924	601.8
1925	739.4
1926	683.1
1927	854.1
1928	636.4
1929	189.2
1930	663.2
1931	244
1932	617.4
1933	693.6
1934	43
1935	661.7
1936	754.6
1937	381.4
1938	754.7
1939	801.6
1940	662.2
1941	647.9
1942	31.7
1943	415.3
1944	732.2
1945	207.4
1946	443.7
1947	404.3
1948	182.4
1949	668.7
1950	0
1951	681.9
1952	460
1953	26.6
1954	387
1955	24.2
1956	731.8
1957	858.4
1958	667.3
1959	40.7
1960	686.1
1961	37.7
1962	632.8
1963	360.8
1964	411.5
1965	565.2
1966	0
1967	366.5
1968	35.1
1969	662.5
1970	771.8
1971	592.6
1972	411.1
1973	346
1974	727.9
1975	20.4
1976	17.7
1977	475.3
1978	741.8
1979	0
1980	421
1981	723.2
1982	0
1983	563.9
1984	569.6
1985	25.8
1986	25.9
1987	762.9
1988	28.8
1989	0
1990	0
1991	391.1
1992	675.4
1993	40.6
1994	835.2
1995	730.9
1996	381
1997	15.5
1998	846.9
1999	665.8
2000	25
2001	679.2
2002	24.3
2003	29.3
2004	365.3
2005	428.3
2006	39.3
2007	569.9
2008	35.7
2009	640
2010	15.2
2011	0
2012	369.8
2013	17.6
2014	0
2015	17.6
2016	396.4
2017	686.7
2018	59.1
2019	417.3
2020	406
2021	51.7
2022	48.7
2023	452.6
2024	0
2025	849.2
2026	373.1
2027	25.1
2028	783.2
2029	627.4
2030	553.4
2031	29.2
2032	88.5
2033	555.3
2034	666.2
2035	21.3
2036	0
2037	642.5
2038	0
2039	404.5
2040	404
2041	0
2042	80
2043	631.5
2044	750.9
2045	553.3
2046	438.2
2047	23.6
2048	401
2049	738.8
2050	773.1
2051	41.3
2052	565.3
2053	40.3
2054	19.9
2055	20.9
2056	623.2
2057	27.3
2058	0
2059	423.1
2060	48.9
2061	84.7
2062	863.4
2063	417.7
2064	41.9
2065	435.2
2066	668.2
2067	80.7
2068	677.6
2069	652.4
2070	88.8
2071	53.9
2072	691.4
2073	25.8
2074	729.1
2075	658.6
2076	0
2077	397.1
2078	712.3
2079	399.8
2080	428.3
2081	748.1
2082	574.3
2083	40.8
2084	658.6
2085	722.1
2086	562.1
2087	430.5
2088	880
2089	453.8
2090	806.8
2091	584.9
2092	488
2093	673.7
2094	425.1
2095	40
2096	402.8
2097	41.1
2098	642.7
2099	25.2
2100	618.8
2101	606
2102	624.6
2103	367.8
2104	308
2105	572.6
2106	395.9
2107	447
2108	716.2
2109	581.9
2110	684.6
2111	339.8
2112	0
2113	643.8
2114	419.1
2115	687.7
2116	696
2117	610.9
2118	22.4
2119	15.4
2120	759.6
2121	36.5
2122	638.4
2123	453.4
2124	715.6
2125	554.8
2126	666.3
2127	27.5
2128	415.4
2129	314.5
2130	460.3
2131	614.8
2132	645.2
2133	352.9
2134	633.3
2135	13.7
2136	803.2
2137	35
2138	20.9
2139	679.7
2140	299.7
2141	754.4
2142	24.5
2143	406.3
2144	587
2145	690.5
2146	36.9
2147	41.3
2148	643.9
2149	440.2
2150	351.2
2151	349.2
2152	678.7
2153	856.4
2154	647.8
2155	318.1
2156	346.6
2157	433
2158	39.4
2159	29.1
2160	873.2
2161	344.9
2162	701
2163	705.8
2164	393.3
2165	39.6
2166	283.4
2167	314.4
2168	468.4
2169	616.6
2170	332.3
2171	456.4
2172	366.9
2173	383.9
2174	333.1
2175	1.5
2176	430
2177	812.7
2178	13.7
2179	408.6
2180	282.9
2181	884.6
2182	415.4
2183	408.5
2184	350.2
2185	694.1
2186	1.6
2187	24.1
2188	277.7
2189	340.9
2190	27.8
2191	409.5
2192	275.5
2193	359.1
2194	702.2
2195	26.9
2196	380.5
2197	801.7
2198	261.6
2199	857.7
2200	351.1
2201	0.8
2202	17.6
2203	396.8
2204	337.8
2205	422
2206	303.1
2207	20.5
2208	19.5
2209	417.5
2210	826.8
2211	416.8
2212	542.3
2213	716.2
2214	366.1
2215	301.2
2216	16
2217	359.8
2218	294.5
2219	777.5
2220	13.2
2221	244.4
2222	834
2223	281.8
2224	422.3
2225	357.6
2226	13.4
2227	833.2
2228	375.2
2229	407.3
2230	556.8
2231	251.4
2232	368
2233	321.7
2234	757.3
2235	340.8
2236	334.2
2237	395.6
2238	378.5
2239	17.1
2240	402.6
2241	357
2242	354.3
2243	378.2
2244	380
2245	811.3
2246	262.3
2247	343.4
2248	845
2249	360.3
2250	272.1
2251	12.3
2252	755.8
2253	389.6
2254	22.3
2255	337.7
2256	712.7
2257	13.9
2258	289.2
2259	793
2260	319.5
2261	340.8
2262	324.3
2263	828.3
2264	837.1
2265	807
2266	409.6
2267	401.4
2268	594.5
2269	19
2270	548.5
2271	638.4
2272	390.3
2273	17.9
2274	498.8
2275	733.1
2276	30.5
2277	390.4
2278	520.1
2279	348.1
2280	374.8
2281	592.7
2282	846.8
2283	39
2284	546.2
2285	819.2
2286	641.5
2287	18.2
2288	657.1
2289	381.6
2290	374.4
2291	327.7
2292	802.3
2293	24.3
2294	24.4
2295	811
2296	746.1
2297	837.6
2298	357.5
2299	20
2300	384.6
2301	561.6
2302	381.8
2303	361.6
2304	375.2
2305	322.2
2306	816.8
2307	786.2
2308	396
2309	627.1
2310	846.3
2311	692.8
2312	591.9
2313	546.2
2314	397
2315	684.8
2316	349.9
2317	857.2
2318	315.1
2319	305.2
2320	823.9
2321	683.6
2322	422.1
2323	398.8
2324	884.3
2325	791.9
2326	658.4
2327	337.6
2328	808.4
2329	360.6
2330	713.9
2331	636
2332	29.4
2333	554.2
2334	663.2
2335	675.6
2336	680.5
2337	616.1
2338	37
2339	25.7
2340	857.9
2341	722.4
2342	663.3
2343	31.1
2344	600.8
2345	31.2
2346	702.6
2347	345.3
2348	588.7
2349	689.5
2350	542.6
2351	637.2
2352	355.3
2353	705.8
2354	617.8
2355	807.9
2356	664.7
2357	645.3
2358	18.7
2359	803.6
2360	719.4
2361	714.8
2362	27.6
2363	822.1
2364	648.1
2365	657.7
2366	696.3
2367	653.6
2368	658.4
2369	25.8
2370	865.1
2371	560.8
2372	675.4
2373	728.7
2374	17.5
2375	589.1
2376	698.6
2377	758.3
2378	709.6
2379	668.2
2380	640.9
2381	650.9
2382	796.8
2383	702.1
2384	639.8
2385	484.8
2386	390.6
2387	380
2388	704.4
2389	875.7
2390	574
2391	672.3
2392	828.9
2393	665.6
2394	866.7
2395	27.1
2396	663.4
2397	638.2
2398	475.9
2399	696.8
2400	638.7
2401	678.1
2402	853.3
2403	666.8
2404	24.1
2405	693.8
2406	646.8
2407	776.1
2408	719.4
2409	720.3
2410	688.6
2411	711.1
2412	746.7
2413	621.3
2414	22.1
2415	727.5
2416	648.2
2417	669.5
2418	703.9
2419	687.5
2420	897.2
2421	757.1
2422	678
2423	625.2
2424	754.5
2425	31.9
2426	775.3
2427	674.3
2428	858.9
2429	708.8
2430	646.4
2431	719.2
2432	642.8
2433	906.1
2434	21.1
2435	686.1
2436	628.4
2437	18.3
2438	697.9
2439	316
2440	758.8
2441	767.2
2442	608.6
2443	658.4
2444	874.6
2445	722.9
2446	30.9
2447	711.1
2448	397.7
2449	635.9
2450	714
2451	680.4
2452	688.7
2453	352.7
2454	766
2455	690.1
2456	346.1
2457	678.4
2458	652.1
2459	723.8
2460	16
2461	384.5
2462	270.1
2463	25.3
2464	368.9
2465	733
2466	771
2467	527.8
2468	610.9
2469	721.2
2470	386.2
2471	700.1
2472	739.3
2473	19.9
2474	303.3
2475	667.8
2476	406.9
2477	714.4
2478	660.5
2479	365.9
2480	738.4
2481	219.6
2482	17.2
2483	395.7
2484	664.7
2485	619.7
2486	680.6
2487	764.6
2488	735.8
2489	331
2490	837.1
2491	19.2
2492	700.2
2493	440.7
2494	654.6
2495	630.5
2496	15.2
2497	542.1
2498	600.8
2499	15.9
2500	671.9
2501	621.1
2502	639.4
2503	398.6
2504	224.4
2505	628.8
2506	663.4
2507	705.5
2508	279.6
2509	413.4
2510	292.4
2511	0
2512	627.5
2513	652.7
2514	609.8
2515	623.8
2516	631.5
2517	26.4
2518	136.7
2519	660.4
2520	714.2
2521	629.6
2522	0
2523	26.5
2524	731.5
2525	121.1
2526	623.4
2527	615.2
2528	583
2529	621.3
2530	569.8
2531	539
2532	541
2533	709.3
2534	123.7
2535	605
2536	725.1
2537	160.5
2538	0
2539	814.7
2540	708.2
2541	773.7
2542	636.4
2543	625
2544	121.5
2545	651.3
2546	243.9
2547	650.1
2548	671
2549	670.1
2550	746.4
2551	34.1
2552	796.3
2553	620.7
2554	713.3
2555	564.3
2556	636.8
2557	608.8
2558	616.3
2559	574.7
2560	0
2561	589.5
2562	808.6
2563	661
2564	699.3
2565	720
2566	28.5
2567	642.6
2568	0
2569	645.6
2570	111.7
2571	33
2572	645.9
2573	218.8
2574	632.8
2575	116.5
2576	613.7
2577	568.9
2578	603.3
2579	646.3
2580	628.3
2581	674.9
2582	798.1
2583	672.9
2584	751.9
2585	0
2586	755.4
2587	600.6
2588	618.4
2589	604.8
2590	602.2
2591	589.2
2592	560
2593	606.1
2594	76.8
2595	731.6
2596	0
2597	625.9
2598	777.7
2599	640.8
2600	607.7
2601	582.5
2602	647.3
2603	583.9
2604	779.3
2605	629.6
2606	197.9
2607	0
2608	558.3
2609	673.5
2610	202.1
2611	708.5
2612	593.2
2613	604.4
2614	662.3
2615	38.8
2616	715.5
2617	0
2618	681.1
2619	715.2
2620	759.3
2621	62.6
2622	643.3
2623	0
2624	565.2
2625	716
2626	56.5
2627	619.4
2628	35.7
2629	767.2
2630	543.2
2631	548.7
2632	0
2633	625.1
2634	621.8
2635	629
2636	667
2637	614.8
2638	172.1
2639	607.1
2640	547.6
2641	210.9
2642	0
2643	787
2644	211.1
2645	791.8
2646	523.5
2647	97
2648	679.2
2649	195
2650	0
2651	565.3
2652	238.8
2653	594.3
2654	233.4
2655	585.9
2656	681.4
2657	92.8
2658	554.5
2659	706.7
2660	0
2661	117.9
2662	762.8
2663	226.1
2664	573.6
2665	206.6
2666	235.3
2667	62.8
2668	260.7
2669	604.9
2670	738.2
2671	682.4
2672	664
2673	199.5
2674	87
2675	222.8
2676	33.1
2677	738.4
2678	702.5
2679	252.5
2680	273.1
2681	151.4
2682	124.9
2683	584.9
2684	569.7
2685	631.7
2686	672.9
2687	683.9
2688	158.7
2689	196.3
2690	190.4
2691	145.7
2692	32
2693	203.4
2694	532
2695	691.7
2696	585.1
2697	725.1
2698	731.7
2699	1.9
2700	665.5
2701	56.3
2702	174.1
2703	556.8
2704	462.9
2705	559.6
2706	217
2707	2
2708	174.9
2709	140.9
2710	196
2711	249.3
2712	637.2
2713	598.3
2714	221.8
2715	524.1
2716	217.3
2717	173.5
2718	516.1
2719	512.4
2720	166.4
2721	553.1
2722	198.5
2723	647.1
2724	5
2725	194.1
2726	569.3
2727	625.3
2728	534.2
2729	628.2
2730	171.8
2731	650.8
2732	203.5
2733	237.2
2734	168.1
2735	523.7
2736	10.4
2737	486
2738	206.4
2739	529.1
2740	167.2
2741	232.2
2742	213
2743	486.7
2744	505
2745	150.7
2746	11.7
2747	522.1
2748	697.1
2749	602.6
2750	224.6
2751	264.6
2752	635
2753	537.9
2754	245.9
2755	198.3
2756	496.6
2757	587.3
2758	293.9
2759	511.6
2760	520.3
2761	505
2762	562.4
2763	9.3
2764	184.2
2765	196.2
2766	257.3
2767	15.5
2768	246.4
2769	465.4
2770	534.8
2771	244.6
2772	205.8
2773	103.9
2774	283.5
2775	198.5
2776	558.3
2777	239
2778	188.4
2779	546.3
2780	67.3
2781	623.3
2782	144.2
2783	532.9
2784	534.4
2785	16.6
2786	9.7
2787	246.7
2788	535.2
2789	178.5
2790	675.8
2791	256.5
2792	176.4
2793	289.2
2794	615
2795	480.5
2796	190
2797	322.2
2798	264.1
2799	583.4
2800	200.6
2801	210.4
2802	244.8
2803	434.5
2804	63.7
2805	198.8
2806	568.6
2807	269.9
2808	204.5
2809	284.3
2810	19.8
2811	179.8
2812	206.9
2813	212.7
2814	598.8
2815	166.1
2816	446.4
2817	542.8
2818	237.7
2819	627.3
2820	325
2821	220.2
2822	569
2823	288
2824	16.2
2825	570.1
2826	15.7
2827	60.3
2828	237.3
2829	16.1
2830	607.1
2831	543.1
2832	523
2833	486.4
2834	271
2835	293.1
2836	620.1
2837	478.2
2838	295.8
2839	297.5
2840	322.8
2841	597.6
2842	213.3
2843	534.8
2844	89.7
2845	499.7
2846	18.9
2847	184.9
2848	217.9
2849	284.8
2850	182.4
2851	200.8
2852	618.6
2853	602
2854	287.3
2855	595
2856	281.3
2857	600.9
2858	279.9
2859	537.7
2860	550
2861	474.8
2862	219.6
2863	132.7
2864	229.6
2865	544.3
2866	226.1
2867	578.6
2868	152
2869	267
2870	545.1
2871	219.2
2872	200.8
2873	312.1
2874	15
2875	591.8
2876	15
2877	614.4
2878	573.6
2879	84.7
2880	614.5
2881	636.2
2882	613.4
2883	556.9
2884	220
2885	176.3
2886	263.6
2887	141.4
2888	13.9
2889	15.5
2890	16.4
2891	516.6
2892	252.1
2893	303
2894	249.6
2895	210.6
2896	12.5
2897	288.6
2898	577.2
2899	305.5
2900	212.2
2901	101.5
2902	648.6
2903	283.2
2904	57.5
2905	556.5
2906	222.3
2907	175.8
2908	634.9
2909	239.1
2910	512.5
2911	309.9
2912	611.7
2913	254.7
2914	592.8
2915	151.8
2916	236
2917	13.6
2918	285.7
2919	100.7
2920	131
2921	476.3
2922	494.4
2923	547.2
2924	200.3
2925	518.4
2926	153.1
2927	85.6
2928	266.6
2929	160.3
2930	308.8
2931	639.3
2932	247.8
2933	617.3
2934	74.8
2935	655.8
2936	92.2
2937	498.7
2938	127.5
2939	672.6
2940	94.8
2941	547.2
2942	97.3
2943	253.2
2944	105.9
2945	638
2946	572.8
2947	250.3
2948	698.8
2949	614.2
2950	490.9
2951	281.5
2952	685.5
2953	232.4
2954	583.3
2955	226.8
2956	243.4
2957	170.2
2958	676.2
2959	127.8
2960	619.6
2961	643.2
2962	598.3
2963	292.2
2964	304.1
2965	496.7
2966	280
2967	276.7
2968	675.4
2969	130.6
2970	125.3
2971	643.6
2972	258.8
2973	94.9
2974	638
2975	832.2
2976	253.1
2977	216
2978	259
2979	672.2
2980	619.3
2981	623.2
2982	268.6
2983	623.2
2984	716.6
2985	573.1
2986	603.6
2987	541.7
2988	609.6
2989	126.6
2990	461.5
2991	869.8
2992	265.2
2993	646.4
2994	589.2
2995	623.7
2996	294
2997	267.8
2998	473
2999	243.5
3000	512.6
3001	164.1
3002	662.6
3003	493
3004	177.8
3005	224.2
3006	628.2
3007	599.7
3008	633.5
3009	151.7
3010	120
3011	693.7
3012	246.7
3013	734.3
3014	439.8
3015	125.9
3016	551.6
3017	831.2
3018	453.8
3019	125.3
3020	464.7
3021	159.9
3022	155.7
3023	177
3024	638.6
3025	440.1
3026	748.4
3027	677.4
3028	512.7
3029	660.1
3030	155.9
3031	227.9
3032	230.9
3033	120.3
3034	252.7
3035	485.9
3036	146.1
3037	248.9
3038	132.5
3039	476.5
3040	717.4
3041	714.8
3042	714.2
3043	691
3044	627.7
3045	715.2
3046	89.5
3047	127.4
3048	677.8
3049	462.5
3050	813.1
3051	660.1
3052	508
3053	784.3
3054	470.6
3055	515.3
3056	700.1
3057	115.5
3058	686.5
3059	590.2
3060	123.5
3061	147.9
3062	150.1
3063	823.5
3064	814.4
3065	134.4
3066	695.7
3067	143.9
3068	713.3
3069	157
3070	614.2
3071	245.4
3072	536.5
3073	61.3
3074	757.2
3075	214.1
3076	229.6
3077	606.2
3078	519.2
3079	681.6
3080	678.8
3081	118.5
3082	149.1
3083	848.2
3084	165.9
3085	531.4
3086	592.2
3087	926.3
3088	729.5
3089	910
3090	582.5
3091	157
3092	97.8
3093	250.9
3094	72.8
3095	107.8
3096	655.8
3097	112.1
3098	927.4
3099	90.5
3100	670.3
3101	48.3
3102	212.3
3103	702.5
3104	717.2
3105	175.1
3106	710.5
3107	708.3
3108	100.9
3109	183.5
3110	107.3
3111	959.4
3112	44.9
3113	902.5
3114	133.1
3115	169.2
3116	195.8
3117	160.3
3118	743.8
3119	862.9
3120	35.4
3121	838.6
3122	75.2
3123	758.9
3124	117.6
3125	194
3126	54.1
3127	46.2
3128	107
3129	107.7
3130	98.3
3131	767.7
3132	718.2
3133	785.3
3134	775.5
3135	93.3
3136	818.1
3137	69.1
3138	116.1
3139	867.1
3140	603.9
3141	149.9
3142	651.9
3143	835.3
3144	98.7
3145	39.7
3146	83.8
3147	49.4
3148	182.5
3149	60.4
3150	75
3151	87
3152	720.2
3153	749.3
3154	639.3
3155	0.1
3156	620.8
3157	577.3
3158	73
3159	633.4
3160	40.7
3161	100
3162	688.9
3163	112.4
3164	91.9
3165	8.3
3166	717.7
3167	5
3168	867.6
3169	62.9
3170	742.9
3171	84.6
3172	845.7
3173	71.9
3174	0
3175	674
3176	92.6
3177	77.7
3178	71.8
3179	68.4
3180	64.7
3181	3
3182	725.5
3183	707.8
3184	126.3
3185	116.6
3186	556.7
3187	738.5
3188	0
3189	529.8
3190	71.1
3191	86
3192	0
3193	227.5
3194	734.8
3195	733
3196	87.1
3197	2.7
3198	2.6
3199	701.5
3200	57.7
3201	63.6
3202	779.3
3203	724.8
3204	5.9
3205	98.9
3206	58.4
3207	250.1
3208	87.9
3209	262.2
3210	127.2
3211	141
3212	726.4
3213	55.2
3214	50.9
3215	95.2
3216	71.2
3217	75.8
3218	105.7
3219	99.6
3220	3
3221	73.5
3222	126.9
3223	63.9
3224	724.1
3225	58.9
3226	660.2
3227	71.8
3228	209.5
3229	279
3230	9.7
3231	193.2
3232	79.6
3233	60.2
3234	665.7
3235	723.1
3236	130.4
3237	50.9
3238	107.1
3239	256.2
3240	13.8
3241	474.5
3242	235.5
3243	105.1
3244	258
3245	59.6
3246	76.4
3247	258.5
3248	68.2
3249	78.9
3250	10.5
3251	711.8
3252	789.6
3253	230.3
3254	102.6
3255	52.3
3256	86.5
3257	122
3258	267.2
3259	520.4
3260	76.8
3261	323
3262	100
3263	55.8
3264	56.4
3265	67.9
3266	233.6
3267	518.8
3268	105.2
3269	720.3
3270	205.8
3271	64.1
3272	679.7
3273	56.6
3274	752.9
3275	250.6
3276	170.6
3277	209.9
3278	610.1
3279	51.5
3280	53.6
3281	76.6
3282	61.9
3283	80.7
3284	228.7
3285	55.1
3286	746.7
3287	53.8
3288	409.9
3289	217.3
3290	78.8
3291	683.4
3292	67.4
3293	397.7
3294	424.4
3295	59.7
3296	59.1
3297	94.7
3298	462.4
3299	150.3
3300	549.9
3301	153.1
3302	73.8
3303	687.2
3304	474.4
3305	73.7
3306	238.1
3307	54.2
3308	663.7
3309	253.4
3310	165.3
3311	59.5
3312	453.7
3313	135.4
3314	64.9
3315	211.3
3316	586.8
3317	58.3
3318	56.9
3319	59.8
3320	142.9
3321	252.8
3322	58.4
3323	345.3
3324	220.8
3325	155.4
3326	255.6
3327	53.1
3328	58.1
3329	126.4
3330	475.8
3331	63
3332	63.1
3333	140.9
3334	49.5
3335	554.6
3336	253
3337	45.3
3338	122.3
3339	60.6
3340	58.4
3341	542.3
3342	245.2
3343	54.7
3344	139.9
3345	44.8
3346	41.8
3347	246.7
3348	41.5
3349	236.2
3350	65.3
3351	47.4
3352	58.8
3353	120.8
3354	249.9
3355	138
3356	143.6
3357	228.1
3358	43.1
3359	118.1
3360	60.5
3361	140.6
3362	231
3363	449.7
3364	357
3365	70.8
3366	123.8
3367	133.5
3368	54.4
3369	46.4
3370	365.3
3371	139
3372	59.9
3373	129.8
3374	126.1
3375	244
3376	120.1
3377	220.9
3378	231.1
3379	237.2
3380	131.7
3381	144.2
3382	229.4
3383	127.6
3384	133.8
3385	147.4
3386	141.6
3387	243
3388	225.1
3389	140.7
3390	143.1
3391	129
3392	142.2
3393	245.7
3394	147.2
3395	136.6
3396	149.7
3397	143.3
3398	107.8
3399	82.6
3400	585.1
3401	632.8
3402	577.5
3403	777.6
3404	821.8
3405	817.6
3406	865.8
3407	828.8
3408	889.9
3409	830.5
3410	104.6
3411	129
3412	821.6
3413	805.8
3414	790.2
3415	767.1
3416	619.6
3417	817.8
3418	740.4
3419	743.8
3420	541
3421	765.7
3422	722.4
3423	721.6
3424	753.3
3425	823.6
3426	785.8
3427	599.3
3428	383.4
3429	834.5
3430	362.1
3431	758.1
3432	869.5
3433	828.9
3434	782.5
3435	525
3436	735.9
3437	749.8
3438	484.1
3439	504.1
3440	724.8
3441	840.2
3442	702.6
3443	744.6
3444	645.8
3445	469.4
3446	504.2
3447	553.6
3448	647.7
3449	757.2
3450	478.1
3451	746
3452	785.2
3453	675.2
3454	726.8
3455	786.8
3456	69.7
3457	831.3
3458	714.1
3459	556.4
3460	739.2
3461	98.8
3462	754.1
3463	826.2
3464	536.1
3465	571.6
3466	540.4
3467	716.3
3468	720.5
3469	524.1
3470	687.1
3471	776.2
3472	403.7
3473	842.6
3474	681
3475	676.6
3476	709.6
3477	702.5
3478	689.9
3479	644.6
3480	660.8
3481	755.8
3482	348.4
3483	18.4
3484	703.8
3485	15.8
3486	649
3487	0
3488	26.6
3489	771.1
3490	738.2
3491	424.2
3492	669.7
3493	17.9
3494	620.3
3495	813.5
3496	29.6
3497	258.9
3498	222.1
3499	789
3500	327.4
3501	20
3502	10.8
3503	313.7
3504	317
3505	655.3
3506	792.4
3507	308.8
3508	807.5
3509	26.6
3510	378.5
3511	813.9
3512	708.9
3513	35
3514	639
3515	858
3516	660.2
3517	629.4
3518	669.9
3519	714.1
3520	676.5
3521	716.9
3522	358.3
3523	685.3
3524	679.4
3525	661.8
3526	27.8
3527	642
3528	729.5
3529	644.7
3530	631.1
3531	786.5
3532	102.4
3533	729.9
3534	692.2
3535	662.4
3536	131
3537	10.8
3538	687.2
3539	200.8
3540	324.1
3541	203.4
3542	190.2
3543	246.1
3544	266.9
3545	333.9
3546	235.7
3547	199.2
3548	169.5
3549	644.7
3550	597.1
3551	643.9
3552	216.9
3553	236.2
3554	646.3
3555	227
3556	640.8
3557	111.8
3558	221.8
3559	116.4
3560	258.7
3561	445.8
3562	113.9
3563	648.5
3564	150.2
3565	159.6
3566	120.9
3567	655
3568	692.6
3569	738.4
3570	685.6
3571	712.4
3572	121
3573	755.5
3574	191
3575	170.1
3576	795.3
3577	810.6
3578	92.1
3579	67.8
3580	62.7
3581	70.8
3582	115.6
3583	70.9
3584	727.6
3585	62.9
3586	777
3587	77.9
3588	260.9
3589	64.5
3590	121.3
3591	69.7
3592	136.7
3593	223.4
3594	147.7
