"COMID"	"Value"
1	4.6
2	0
3	5.9
4	0.3
5	5.2
6	0
7	43.2
8	0
9	0.1
10	0
11	0.8
12	0
13	1.9
14	1.9
15	0
16	1.3
17	9.4
18	27.5
19	4.5
20	2.2
21	0.4
22	3.5
23	0
24	0.1
25	0.3
26	0.1
27	0.4
28	9.2
29	0.7
30	0.1
31	1.6
32	9.9
33	2.6
34	0
35	0.5
36	0
37	2.2
38	0
39	0.3
40	2.6
41	1.6
42	0.6
43	1.5
44	11
45	0.3
46	2.7
47	9.8
48	2.6
49	0.3
50	0
51	0.3
52	2.5
53	0
54	2.8
55	2.3
56	0.6
57	0.9
58	0.3
59	0.2
60	0.1
61	0.1
62	0
63	3.2
64	0.1
65	0.1
66	0.1
67	0.8
68	5.8
69	0.2
70	0
71	0
72	0.6
73	0.1
74	41.4
75	0
76	0
77	0.5
78	0.4
79	1
80	0
81	0.6
82	0.1
83	0.5
84	0
85	0.6
86	10.6
87	0.1
88	0.1
89	0.3
90	0.1
91	0.2
92	0.7
93	0.6
94	0
95	50.3
96	0
97	0.4
98	0
99	0
100	1
101	1.1
102	0.3
103	0.1
104	0
105	0
106	0.3
107	0.2
108	0
109	0
110	0
111	0
112	0.8
113	0.1
114	1.3
115	0.3
116	11.1
117	2.2
118	1.5
119	0.6
120	0.3
121	1.1
122	0.6
123	0
124	0.7
125	29.5
126	2.2
127	0.1
128	2.5
129	0.2
130	0
131	1.7
132	0
133	1.4
134	1.6
135	0.9
136	25.2
137	2.3
138	0.1
139	0.1
140	2
141	0.3
142	0
143	0.6
144	0.3
145	0
146	0.9
147	3.8
148	2.4
149	1.1
150	1.8
151	0.1
152	0.2
153	0.1
154	0.4
155	0
156	0.1
157	1.7
158	0.1
159	3.4
160	1.1
161	0.1
162	0
163	0.7
164	0.1
165	0.8
166	0.1
167	0.9
168	0.6
169	1.1
170	0.3
171	17.9
172	0.1
173	0.2
174	0
175	0.7
176	0.8
177	3.4
178	0.5
179	0.7
180	0.1
181	0
182	2.1
183	0
184	0.1
185	0
186	0.4
187	0.2
188	0.1
189	0.1
190	0.1
191	0.1
192	0.5
193	0
194	1.2
195	0.1
196	0.1
197	4.6
198	0.1
199	1.2
200	0.2
201	0.1
202	0
203	0.1
204	0.1
205	0.1
206	0.1
207	0
208	0.6
209	1.4
210	11.5
211	0.5
212	0.5
213	0.9
214	0
215	0.6
216	0.4
217	2
218	0
219	0
220	0.1
221	0
222	0.2
223	0.7
224	0
225	0.2
226	0.2
227	0
228	0.6
229	0.1
230	0.1
231	6.8
232	0
233	1.6
234	0.7
235	0
236	0.3
237	0.7
238	0.1
239	0.2
240	18.3
241	0.2
242	0
243	0.4
244	0.9
245	0.3
246	0.6
247	0
248	0
249	0
250	0.6
251	0.6
252	1
253	0
254	0.1
255	0
256	0
257	0
258	0
259	0
260	0
261	0.1
262	0.8
263	0
264	0.1
265	0.1
266	0.1
267	0.8
268	0.1
269	0.8
270	0
271	10.5
272	0.2
273	0.9
274	0
275	1
276	0
277	0.1
278	0.5
279	0
280	0.7
281	0.1
282	0.9
283	0
284	0
285	0.1
286	0.2
287	1.1
288	0
289	0
290	0
291	0.2
292	0
293	0
294	0.4
295	0
296	0
297	0.3
298	0.1
299	2.3
300	0
301	0
302	0
303	0
304	0
305	0.7
306	0
307	0.1
308	6
309	0
310	0
311	0
312	0
313	0
314	0.1
315	0
316	0
317	0
318	0.2
319	0
320	0
321	0
322	0.1
323	0.1
324	0
325	0
326	0.2
327	0
328	0
329	0
330	0.3
331	0
332	0
333	0.1
334	0
335	4.3
336	0.1
337	0
338	0.1
339	0.3
340	0.3
341	0.1
342	0
343	0.4
344	0.1
345	0.2
346	0.5
347	0.3
348	0.1
349	0.3
350	0.2
351	0.3
352	0.4
353	12.1
354	0.5
355	0
356	0.4
357	0.6
358	0.5
359	0
360	0.5
361	0.3
362	0.4
363	0.4
364	0
365	6.5
366	0.1
367	0.2
368	0.4
369	0
370	15.2
371	0
372	0.4
373	0
374	0.2
375	0.2
376	15.5
377	19.9
378	0
379	0.1
380	21.6
381	0.1
382	0
383	21.5
384	1
385	0.8
386	0.3
387	0.4
388	1.5
389	1.6
390	1.5
391	0.2
392	3.3
393	0.2
394	0.1
395	0.1
396	1.6
397	0.1
398	0.3
399	5.6
400	0.2
401	24
402	0.1
403	0.3
404	0
405	0.2
406	1.1
407	2.8
408	0.1
409	0
410	16.2
411	21.7
412	3.5
413	1.4
414	0.5
415	0.1
416	0
417	0.1
418	0.1
419	0.2
420	0.1
421	2.5
422	0.2
423	1.3
424	0.4
425	25.5
426	0
427	2.8
428	0.6
429	12.9
430	8.7
431	0.9
432	0
433	24.9
434	0
435	0
436	7
437	5
438	42.4
439	0.3
440	14.2
441	2.9
442	0.1
443	0.5
444	0
445	60
446	0.2
447	58.8
448	53.1
449	0
450	0
451	0.7
452	17.1
453	0.8
454	0.1
455	0
456	0.6
457	29.4
458	3
459	6
460	0
461	1.4
462	43.7
463	0
464	0.1
465	1
466	1.5
467	2.4
468	0
469	0.1
470	0
471	0
472	12.2
473	0.4
474	0.1
475	0
476	0
477	50.3
478	0.2
479	0.4
480	8
481	0.7
482	0.6
483	17
484	0
485	0.5
486	2.3
487	1.1
488	1.7
489	0.2
490	1.4
491	1.8
492	5.9
493	0.1
494	1.9
495	0.3
496	0
497	4.1
498	0.1
499	0
500	2.4
501	3.7
502	2.5
503	0
504	0
505	0.4
506	2.8
507	6.5
508	0.7
509	2.5
510	3.4
511	0.3
512	0.6
513	0.1
514	1.1
515	0.2
516	0.1
517	8.8
518	0.1
519	0.1
520	2.2
521	1.7
522	0.1
523	0.3
524	13.2
525	0.9
526	0.1
527	0.6
528	0.1
529	0.7
530	31.4
531	18
532	27.9
533	0.1
534	0
535	25.4
536	14.4
537	4.3
538	1.6
539	0
540	0.1
541	16.3
542	11.9
543	0
544	2.8
545	7.7
546	16.8
547	20.3
548	7.4
549	7.1
550	0
551	16.5
552	26
553	2.8
554	2.7
555	0.2
556	26.1
557	0
558	5.9
559	0.1
560	15.5
561	6.6
562	10.8
563	2.7
564	8.5
565	0.3
566	13.5
567	0.2
568	20.1
569	0.1
570	3.4
571	8.3
572	14.3
573	0
574	26.8
575	0.2
576	5.2
577	3.3
578	0.3
579	0.7
580	17.8
581	2.4
582	13.8
583	0.2
584	0.3
585	7.7
586	17.9
587	16
588	6.6
589	32.2
590	2.6
591	15.8
592	0.8
593	13.8
594	0
595	10.4
596	0.3
597	2.4
598	0.1
599	17.1
600	0
601	0.1
602	1.7
603	17.8
604	13.5
605	1.6
606	8.8
607	0.3
608	0
609	2.7
610	0.3
611	2.1
612	1.6
613	0.7
614	26.5
615	0.7
616	0.4
617	28.6
618	16.7
619	0
620	0
621	6.7
622	19.7
623	26.1
624	22.5
625	0.3
626	0.1
627	6.7
628	0.1
629	0.3
630	9.4
631	0.5
632	18.8
633	0.7
634	0.3
635	0.6
636	0.1
637	0.5
638	0.1
639	12
640	0.9
641	3.5
642	0.2
643	9.5
644	0.3
645	17.1
646	0.2
647	0.6
648	30.4
649	18.1
650	0.3
651	9.4
652	0
653	0.2
654	0.2
655	0
656	0
657	14.3
658	4.1
659	8.1
660	0.3
661	3.2
662	0.8
663	5.1
664	0.2
665	0.1
666	0.4
667	4.9
668	38.2
669	8.1
670	0.5
671	0.6
672	0.3
673	0.8
674	0.5
675	0.6
676	6.3
677	4.7
678	0
679	0
680	0.1
681	0.4
682	22
683	41.1
684	3.7
685	0.5
686	6.8
687	0
688	0.7
689	0.5
690	0.3
691	6.3
692	3.5
693	0
694	0.2
695	6
696	2.9
697	0.1
698	3.7
699	17.4
700	0.3
701	2.7
702	0.9
703	0.3
704	13.2
705	14.5
706	0.1
707	5.8
708	1
709	9.1
710	3.2
711	0.1
712	0.6
713	6.9
714	0.1
715	3.6
716	0.1
717	28.3
718	2.1
719	8.8
720	0.5
721	0.6
722	6.1
723	0.8
724	10.7
725	0.5
726	0
727	1.5
728	10.1
729	5.1
730	3.2
731	0
732	0.8
733	4.4
734	0
735	0.6
736	0.1
737	8.4
738	1.3
739	5.5
740	8.7
741	5.9
742	50.3
743	5.8
744	0.6
745	0
746	0
747	1.5
748	0
749	4.4
750	0
751	0.5
752	5.9
753	1
754	1.4
755	5.9
756	0
757	52.6
758	0.5
759	0.5
760	0
761	0.1
762	6.2
763	4.2
764	4.9
765	0.8
766	0.9
767	1.1
768	6.6
769	2.6
770	7.8
771	0.2
772	0.3
773	0.6
774	0.1
775	5.9
776	0
777	4.8
778	0.1
779	0.7
780	2.1
781	2.4
782	231.3
783	210.7
784	237
785	260.3
786	212.6
787	202.6
788	150.3
789	192.9
790	199.4
791	234.5
792	193.2
793	195.2
794	249.6
795	280.4
796	185.7
797	298.5
798	200.9
799	198.6
800	243.1
801	165.8
802	195.4
803	243.5
804	153.7
805	205.6
806	290.2
807	142.8
808	190.5
809	275.2
810	353
811	179.5
812	295
813	286.6
814	263.7
815	340.9
816	168.7
817	172.6
818	261.5
819	376.1
820	231.4
821	181.4
822	293.8
823	217.8
824	329.3
825	155.3
826	306.6
827	425.9
828	343.1
829	159.6
830	298.8
831	177.5
832	441.9
833	202.6
834	279.7
835	248.3
836	337.9
837	130.6
838	213.5
839	174.3
840	245.3
841	194.7
842	174.3
843	70.2
844	262.2
845	189.5
846	182.2
847	233.7
848	188.4
849	158.6
850	358.2
851	387.8
852	199.5
853	203.9
854	244.4
855	254.1
856	171.5
857	174
858	357.4
859	125.5
860	138.2
861	381.3
862	32.5
863	150.2
864	161
865	284.6
866	116.8
867	181.6
868	310.5
869	159.3
870	137.6
871	128.8
872	146.9
873	45.7
874	281.9
875	284.3
876	187.5
877	186.1
878	191.4
879	337.5
880	152.6
881	188.3
882	211.7
883	162.9
884	206.7
885	197.9
886	17.4
887	106.7
888	91
889	224.6
890	143.4
891	186.3
892	158.3
893	129.7
894	18.2
895	230.1
896	247.9
897	175.6
898	148.3
899	112.7
900	111.7
901	111.9
902	294.2
903	215.9
904	248.1
905	109.7
906	278.1
907	185.9
908	146.4
909	233.2
910	21.9
911	274.5
912	159.4
913	191.3
914	123.2
915	35.6
916	136.1
917	197.4
918	120.6
919	154
920	195.1
921	166
922	196.4
923	70.4
924	112
925	183
926	237.7
927	295.9
928	274.3
929	153.7
930	260.4
931	302.8
932	401.7
933	103.7
934	21.3
935	163.6
936	185
937	287
938	262.1
939	222.5
940	150.8
941	286.7
942	206.1
943	14.9
944	297.7
945	215.8
946	145.8
947	22.3
948	136.9
949	278.8
950	305.5
951	268
952	135.9
953	377.4
954	396.8
955	241.6
956	140.1
957	150.2
958	328
959	131.3
960	156.6
961	251.6
962	140.9
963	104.7
964	10.6
965	215.1
966	241
967	25.1
968	147.8
969	177.6
970	137
971	257.3
972	163.8
973	198.5
974	114.5
975	308.5
976	224.5
977	239.5
978	330.2
979	224.5
980	184.4
981	167.8
982	162.6
983	258.7
984	223.3
985	227.6
986	287
987	283
988	276.8
989	114.9
990	66.8
991	197.6
992	165
993	207.8
994	115.1
995	253.3
996	218.8
997	254.2
998	205.6
999	119
1000	13.3
1001	274.3
1002	191.5
1003	54.8
1004	184.5
1005	222.1
1006	150
1007	16.7
1008	155
1009	118.1
1010	174.8
1011	102.4
1012	149.8
1013	149.4
1014	242.5
1015	133.1
1016	27.4
1017	218
1018	157.2
1019	163.6
1020	213.9
1021	125.1
1022	229.3
1023	119.8
1024	217.6
1025	198.9
1026	205.6
1027	134.7
1028	124.9
1029	123.9
1030	205.6
1031	17.5
1032	37.2
1033	194
1034	129.2
1035	140.6
1036	90.6
1037	185.7
1038	118.3
1039	191.3
1040	119.1
1041	224.5
1042	130.8
1043	17.4
1044	191.9
1045	125
1046	142.1
1047	184.4
1048	124.6
1049	127.3
1050	20.2
1051	123.2
1052	84.4
1053	137.8
1054	137.9
1055	115.9
1056	276.9
1057	145.3
1058	164.8
1059	164.9
1060	146.5
1061	15.3
1062	255.6
1063	170.8
1064	167.3
1065	185.3
1066	131.2
1067	158
1068	158.1
1069	174
1070	130.4
1071	123.9
1072	145.9
1073	179.9
1074	119.5
1075	69
1076	83
1077	169
1078	261.6
1079	154
1080	175.8
1081	148.7
1082	132
1083	118.4
1084	243.1
1085	69.3
1086	144.8
1087	11.1
1088	111.5
1089	212.7
1090	95.8
1091	166.3
1092	141.4
1093	100
1094	177.1
1095	123.1
1096	146.7
1097	185
1098	159.4
1099	74.9
1100	11.1
1101	190.7
1102	131
1103	104
1104	108.6
1105	153.3
1106	210.1
1107	97
1108	152.3
1109	104
1110	134.2
1111	131.4
1112	137.6
1113	199.6
1114	167.7
1115	198.7
1116	85
1117	174.6
1118	216.7
1119	137
1120	112.6
1121	178.4
1122	177.2
1123	165.5
1124	80.8
1125	87.4
1126	110.3
1127	82.4
1128	115.2
1129	91.2
1130	177.1
1131	132.3
1132	143
1133	128.1
1134	197.7
1135	130.3
1136	149.1
1137	176.1
1138	228.5
1139	120.5
1140	85.6
1141	96.7
1142	196.1
1143	127.9
1144	153.9
1145	170.3
1146	128.6
1147	143.5
1148	228.4
1149	89.2
1150	96.5
1151	145.7
1152	114.7
1153	128
1154	10.5
1155	179.5
1156	172.6
1157	74.5
1158	182.5
1159	93.8
1160	116.2
1161	171.8
1162	166.8
1163	190.6
1164	114.7
1165	139.6
1166	95.3
1167	173.6
1168	133.2
1169	150
1170	150.4
1171	202.4
1172	108.3
1173	126.3
1174	130.9
1175	212.8
1176	68.5
1177	180.2
1178	91.6
1179	102.8
1180	205.9
1181	166.4
1182	163.4
1183	171.5
1184	102.5
1185	119.4
1186	119.1
1187	78.3
1188	210.8
1189	135.2
1190	90
1191	102.4
1192	185.4
1193	112.7
1194	132.2
1195	130.3
1196	83.2
1197	131.4
1198	105.3
1199	117.1
1200	21.8
1201	142
1202	169.5
1203	198.9
1204	100.4
1205	145.3
1206	147.4
1207	146.6
1208	101.9
1209	170.7
1210	110.8
1211	106
1212	224.1
1213	101.5
1214	115.8
1215	123.1
1216	157.1
1217	68.4
1218	110.7
1219	117.4
1220	104.3
1221	195.8
1222	176
1223	154.9
1224	172.8
1225	120.1
1226	124.3
1227	109.7
1228	215.4
1229	156.1
1230	180.8
1231	177.4
1232	72.3
1233	137.4
1234	184.8
1235	129.7
1236	145.4
1237	138.7
1238	102.7
1239	120.2
1240	132.7
1241	137.8
1242	77.8
1243	99.9
1244	114.8
1245	134.3
1246	137
1247	93
1248	37.2
1249	105.6
1250	106
1251	228.3
1252	224.2
1253	142.1
1254	165.4
1255	242
1256	102.1
1257	191.8
1258	226.1
1259	177.4
1260	113.2
1261	128.7
1262	110.5
1263	166.2
1264	203
1265	77.7
1266	233.4
1267	251.2
1268	90.3
1269	31
1270	131.6
1271	156.4
1272	148
1273	256.6
1274	186.1
1275	131
1276	93.3
1277	79.1
1278	137.3
1279	15.8
1280	84.6
1281	284
1282	235.3
1283	242.7
1284	52.1
1285	249.1
1286	220.1
1287	198
1288	207.3
1289	81.6
1290	188.3
1291	149.8
1292	177
1293	11.7
1294	153.1
1295	98.7
1296	154.7
1297	37.1
1298	223.5
1299	131.9
1300	275.6
1301	119.8
1302	194.8
1303	178.3
1304	71.4
1305	247.6
1306	221.8
1307	98.4
1308	188.2
1309	211.6
1310	196.6
1311	183.1
1312	164.5
1313	259.7
1314	120
1315	170.2
1316	140.2
1317	104.8
1318	193.7
1319	100
1320	107.4
1321	234.9
1322	236.2
1323	173.4
1324	190.4
1325	113.2
1326	166.8
1327	225.6
1328	190.5
1329	69.9
1330	181
1331	98.6
1332	11
1333	113.3
1334	134.9
1335	105.8
1336	106.9
1337	190.9
1338	167.5
1339	287.7
1340	220.4
1341	156.7
1342	149.2
1343	146
1344	176.2
1345	260.5
1346	291.4
1347	178.5
1348	139.8
1349	223.8
1350	174
1351	136.7
1352	45.7
1353	157.3
1354	202.5
1355	118.8
1356	24.2
1357	146.4
1358	111.8
1359	225.9
1360	246.2
1361	239.8
1362	144
1363	253.1
1364	173.7
1365	160
1366	196.4
1367	209.5
1368	129.4
1369	209.8
1370	102.5
1371	275.7
1372	158
1373	130.2
1374	177.2
1375	162.6
1376	54.8
1377	131.9
1378	240.8
1379	214.9
1380	140
1381	232.9
1382	112.9
1383	265.4
1384	143.5
1385	41
1386	139
1387	188
1388	207.5
1389	207.8
1390	145.8
1391	254.8
1392	166.2
1393	202.4
1394	146.1
1395	176.7
1396	254.7
1397	254.6
1398	295.7
1399	231.8
1400	149.4
1401	276.1
1402	311
1403	132.8
1404	155.1
1405	181.7
1406	190.1
1407	279.6
1408	211.7
1409	129.1
1410	201
1411	164.8
1412	169.7
1413	147.9
1414	167.4
1415	188.6
1416	113.3
1417	177.8
1418	147.4
1419	305.4
1420	119.6
1421	237.6
1422	199.5
1423	99.7
1424	192.4
1425	223.8
1426	149.9
1427	154.1
1428	192.5
1429	257.8
1430	128.5
1431	126.7
1432	289.9
1433	103.7
1434	161
1435	145.6
1436	183.3
1437	213.7
1438	195.1
1439	172.2
1440	133.2
1441	119.5
1442	170.8
1443	135.5
1444	224.9
1445	251.6
1446	187.6
1447	146.9
1448	196.8
1449	229.9
1450	291.7
1451	205.9
1452	183.8
1453	147.7
1454	68.4
1455	158.9
1456	162.8
1457	141.4
1458	177.1
1459	149.9
1460	190.4
1461	100.5
1462	203.2
1463	144.9
1464	187.3
1465	157.5
1466	267.1
1467	220.3
1468	197.4
1469	166.5
1470	147.2
1471	151.1
1472	175.7
1473	249
1474	197.9
1475	208.2
1476	166
1477	184.1
1478	142.9
1479	237.6
1480	199.8
1481	152.1
1482	128.1
1483	111.9
1484	146.4
1485	57.5
1486	177.3
1487	171.6
1488	153
1489	163
1490	199.1
1491	99.3
1492	115
1493	184.4
1494	177.5
1495	248.7
1496	154.6
1497	111.4
1498	204.2
1499	166.1
1500	117.9
1501	137.6
1502	233.3
1503	165.8
1504	258.4
1505	97.4
1506	108.7
1507	195.3
1508	158.4
1509	49.8
1510	128.1
1511	211.2
1512	175.8
1513	148.6
1514	189.4
1515	169
1516	193.9
1517	107.3
1518	241.6
1519	207.9
1520	148.8
1521	141.5
1522	165.6
1523	196.6
1524	263.9
1525	296.6
1526	186.8
1527	115.4
1528	209
1529	179.6
1530	146.6
1531	119.9
1532	194.3
1533	159
1534	168.4
1535	33.9
1536	210.3
1537	115.1
1538	52.1
1539	139.2
1540	270.5
1541	134.3
1542	244.9
1543	140.7
1544	239.9
1545	149.8
1546	51.3
1547	121
1548	130.8
1549	167.2
1550	137.5
1551	222.2
1552	161.4
1553	165.8
1554	90
1555	204.8
1556	202.4
1557	119.3
1558	192.8
1559	144.9
1560	135.5
1561	185.5
1562	158.4
1563	265.8
1564	131.9
1565	125.5
1566	186.3
1567	144.7
1568	121.5
1569	155.2
1570	112.7
1571	136.9
1572	227.1
1573	135.6
1574	179.1
1575	126.4
1576	109.9
1577	124.2
1578	155.8
1579	159.4
1580	150.2
1581	107.5
1582	159.5
1583	98.2
1584	48.3
1585	207.6
1586	125.7
1587	270.5
1588	127.8
1589	136.3
1590	180.4
1591	137
1592	152.9
1593	243.9
1594	115.8
1595	178.3
1596	142
1597	156.3
1598	159.1
1599	233.7
1600	236.5
1601	89.6
1602	178.2
1603	189.1
1604	132.3
1605	187.7
1606	159.5
1607	168.9
1608	182.6
1609	171.2
1610	200
1611	350.9
1612	138.5
1613	199.7
1614	138.8
1615	70.4
1616	133.5
1617	142.8
1618	167.2
1619	171.1
1620	82.3
1621	168.2
1622	289
1623	212.7
1624	205.7
1625	162.7
1626	139.2
1627	276.9
1628	148.4
1629	177.3
1630	264.3
1631	81.9
1632	245
1633	121.6
1634	199.5
1635	197.6
1636	151
1637	232.8
1638	120.5
1639	154.9
1640	137.9
1641	133
1642	165.9
1643	165.9
1644	136.7
1645	128.8
1646	146.6
1647	249.7
1648	131
1649	129.3
1650	123.2
1651	97.2
1652	145.1
1653	123.9
1654	109.2
1655	191.1
1656	236.3
1657	128.7
1658	190.4
1659	188.6
1660	122.7
1661	221.5
1662	239.7
1663	144.6
1664	141.2
1665	114
1666	183.1
1667	213.2
1668	173.1
1669	137.7
1670	273.5
1671	273.1
1672	146.6
1673	133.1
1674	171.6
1675	127.7
1676	124.8
1677	271.1
1678	123.8
1679	208.9
1680	248.7
1681	114.6
1682	101.3
1683	172
1684	161.2
1685	176.5
1686	63.7
1687	219.1
1688	147
1689	130.4
1690	109.8
1691	158.4
1692	157.7
1693	292.6
1694	111.3
1695	116.9
1696	211.3
1697	197.3
1698	104.3
1699	145.9
1700	93.8
1701	185
1702	306.8
1703	141.5
1704	197.5
1705	166.3
1706	171
1707	106.3
1708	116.9
1709	197.1
1710	120.6
1711	151.6
1712	187.8
1713	266.6
1714	239.7
1715	120
1716	117.8
1717	194.2
1718	158.1
1719	76.9
1720	210.2
1721	219.9
1722	152.3
1723	122.3
1724	127.2
1725	242.1
1726	190.9
1727	265.4
1728	242.8
1729	288.6
1730	280.5
1731	124.3
1732	122.6
1733	223.7
1734	203.8
1735	235.9
1736	111.4
1737	185.5
1738	114.3
1739	216.4
1740	247.9
1741	340.7
1742	127
1743	116.5
1744	157.7
1745	184.2
1746	261.3
1747	202.4
1748	162.1
1749	145.8
1750	68.1
1751	265.3
1752	255.2
1753	279.3
1754	323
1755	262
1756	213.2
1757	211.2
1758	294.1
1759	217.4
1760	246.2
1761	192.5
1762	160.2
1763	239.3
1764	288.6
1765	118.6
1766	359.1
1767	261.7
1768	291.7
1769	166.7
1770	178.7
1771	151.8
1772	293.1
1773	307.2
1774	133.9
1775	106.6
1776	127.7
1777	292.8
1778	219.6
1779	174.3
1780	99.2
1781	223.8
1782	277
1783	136.3
1784	132
1785	224.3
1786	276.4
1787	200.1
1788	281.6
1789	80.9
1790	119.8
1791	157.3
1792	215.1
1793	278.9
1794	151.7
1795	203.2
1796	148.7
1797	373.6
1798	133.9
1799	182.6
1800	219.6
1801	274.7
1802	281.3
1803	279.7
1804	103.1
1805	178.3
1806	241.7
1807	208.8
1808	86.4
1809	203
1810	280.9
1811	185.1
1812	274.3
1813	232.6
1814	128.1
1815	103.8
1816	249
1817	309.9
1818	105.6
1819	224
1820	260
1821	319
1822	214.1
1823	195.2
1824	190.2
1825	280.1
1826	291.7
1827	121.1
1828	138.5
1829	259.3
1830	291.9
1831	153.1
1832	205.6
1833	203.8
1834	149.5
1835	211
1836	211.1
1837	101
1838	208.3
1839	288.2
1840	210.3
1841	181.8
1842	132
1843	269.8
1844	135.7
1845	208.4
1846	86.2
1847	166.7
1848	318.1
1849	337
1850	336.7
1851	111.3
1852	183.1
1853	236.2
1854	193.9
1855	205.4
1856	147.8
1857	217.6
1858	149.7
1859	124.9
1860	216.7
1861	216.2
1862	143
1863	223.3
1864	110.7
1865	209.7
1866	255.6
1867	185.3
1868	178.1
1869	201.8
1870	99.7
1871	170.8
1872	135.2
1873	185.8
1874	335
1875	189.3
1876	188.6
1877	237.1
1878	228.8
1879	344.6
1880	257.5
1881	149.5
1882	207.2
1883	400.9
1884	141
1885	187.6
1886	220.4
1887	268.1
1888	127.8
1889	267.2
1890	179.6
1891	88.6
1892	116.1
1893	95.4
1894	153.3
1895	83.9
1896	122.2
1897	132
1898	311.9
1899	115.1
1900	268.2
1901	194.9
1902	177.5
1903	92.3
1904	101.6
1905	133.6
1906	269.7
1907	67.3
1908	166.3
1909	53.1
1910	53.8
1911	111.6
1912	109.5
1913	151.5
1914	117.7
1915	290.5
1916	163.3
1917	161.5
1918	149.2
1919	276
1920	194.3
1921	85.7
1922	216.1
1923	134.6
1924	249.4
1925	83.4
1926	230.6
1927	222.1
1928	88.2
1929	44.9
1930	363.3
1931	60.9
1932	144
1933	307
1934	176.1
1935	370.6
1936	69.8
1937	220.2
1938	210.9
1939	199.5
1940	323.3
1941	105
1942	139.2
1943	208.7
1944	86.5
1945	53.6
1946	204.2
1947	200.2
1948	55.7
1949	173.3
1950	28.8
1951	361.7
1952	101.1
1953	77.4
1954	233.3
1955	103
1956	164
1957	183.4
1958	171.7
1959	147.8
1960	131.6
1961	157.2
1962	154.6
1963	175.1
1964	233.1
1965	132.8
1966	13.4
1967	69.5
1968	132.2
1969	216.3
1970	145.9
1971	116.5
1972	193.7
1973	148.9
1974	160.1
1975	104.2
1976	84.7
1977	116.3
1978	127
1979	45.5
1980	181.6
1981	146.4
1982	27.7
1983	133.9
1984	153.2
1985	102.8
1986	107
1987	153.3
1988	96.2
1989	69
1990	21.9
1991	166.3
1992	250.8
1993	134.3
1994	156.5
1995	105.6
1996	141.3
1997	92.5
1998	157.7
1999	184.3
2000	143.6
2001	155.4
2002	121.5
2003	130.3
2004	109
2005	168.1
2006	141.9
2007	127.3
2008	108.9
2009	135.7
2010	80.6
2011	50.8
2012	165
2013	89.1
2014	29.5
2015	130.7
2016	188.5
2017	177.6
2018	191.3
2019	146.9
2020	161.6
2021	169.1
2022	173.7
2023	96.2
2024	30.9
2025	152
2026	131.4
2027	61.4
2028	117.8
2029	121.2
2030	119.5
2031	135.9
2032	88.2
2033	119.4
2034	146
2035	43.4
2036	33.9
2037	129.1
2038	41.6
2039	133.3
2040	117.2
2041	86.6
2042	53
2043	119.3
2044	124.5
2045	112.1
2046	159.3
2047	55.4
2048	95.4
2049	135.2
2050	199.8
2051	97.2
2052	135.3
2053	119.3
2054	49.8
2055	91.5
2056	91.4
2057	115.5
2058	68.5
2059	147.5
2060	137.7
2061	72.7
2062	131.8
2063	131.6
2064	106.9
2065	133.9
2066	112.4
2067	51.9
2068	122.1
2069	92
2070	117.7
2071	82.3
2072	133.2
2073	108.7
2074	204.7
2075	127.4
2076	44.7
2077	129.7
2078	187.2
2079	102
2080	121
2081	200.5
2082	146.5
2083	74.3
2084	166.9
2085	141.2
2086	53.4
2087	96.3
2088	214.4
2089	57.4
2090	227.6
2091	48.6
2092	63.1
2093	168.6
2094	91.3
2095	64.7
2096	137.5
2097	61.6
2098	78
2099	93.2
2100	56.4
2101	72.5
2102	135.6
2103	112.8
2104	113.2
2105	138.1
2106	99.7
2107	105.7
2108	56.6
2109	67.6
2110	141.2
2111	124.1
2112	52.9
2113	110.8
2114	100.3
2115	60.7
2116	119.4
2117	78
2118	66.5
2119	51.8
2120	73
2121	47.4
2122	55.9
2123	124.1
2124	129.3
2125	76.6
2126	160.2
2127	33.3
2128	94.2
2129	120.4
2130	121.1
2131	109.1
2132	113
2133	137.6
2134	129.3
2135	50.4
2136	116.5
2137	41.3
2138	60.5
2139	75.5
2140	127.6
2141	119.4
2142	55.2
2143	152.8
2144	87.9
2145	95
2146	45.1
2147	48.3
2148	80.1
2149	84
2150	55.6
2151	124.8
2152	43.6
2153	159.6
2154	64.3
2155	146.9
2156	121.1
2157	119.6
2158	52.3
2159	25.1
2160	215.4
2161	121.4
2162	157.7
2163	91.1
2164	160.2
2165	46.9
2166	107.1
2167	138.2
2168	67.5
2169	88.9
2170	151.3
2171	77.6
2172	169.4
2173	96.4
2174	119.7
2175	34.2
2176	94.4
2177	226.4
2178	84.2
2179	72.4
2180	81.2
2181	199.4
2182	103.1
2183	182.3
2184	147.2
2185	100.9
2186	25.5
2187	32.3
2188	107.2
2189	152.3
2190	33.6
2191	77.1
2192	100.1
2193	162.5
2194	182.3
2195	36.5
2196	119.5
2197	130.2
2198	98.2
2199	207.3
2200	140.8
2201	16.6
2202	31.4
2203	75.7
2204	156.3
2205	171.1
2206	99.1
2207	42.2
2208	45
2209	96.2
2210	154.6
2211	150.9
2212	47.1
2213	168.2
2214	154.8
2215	102.3
2216	70
2217	169.9
2218	100.5
2219	99.8
2220	33.3
2221	100.2
2222	193
2223	108.7
2224	122.8
2225	139.1
2226	50.2
2227	136.9
2228	86.5
2229	82.1
2230	37.5
2231	89
2232	133
2233	109.3
2234	90.7
2235	90.2
2236	132.3
2237	90.3
2238	102.1
2239	57
2240	100.4
2241	117.9
2242	123
2243	72
2244	72.9
2245	110.2
2246	71.8
2247	123.9
2248	219.9
2249	91.5
2250	69.3
2251	18.6
2252	241
2253	122.5
2254	36.6
2255	100.5
2256	78.7
2257	28.3
2258	84.3
2259	198.8
2260	108.5
2261	113.9
2262	98.6
2263	173.4
2264	153.2
2265	165.4
2266	131.3
2267	125.2
2268	79.2
2269	46.7
2270	161.6
2271	65
2272	114.1
2273	39.6
2274	151.1
2275	182.3
2276	33
2277	100.6
2278	131.2
2279	103.7
2280	109.1
2281	275
2282	188.8
2283	43.4
2284	156.2
2285	186.3
2286	102.2
2287	47.9
2288	68.2
2289	99.3
2290	84.5
2291	75.8
2292	218.7
2293	44.5
2294	51.8
2295	178.9
2296	273
2297	199.2
2298	93
2299	29.4
2300	109.1
2301	114.2
2302	80.6
2303	96.2
2304	86
2305	68
2306	183.1
2307	201.9
2308	106.6
2309	69.8
2310	269
2311	368.2
2312	95.9
2313	83.2
2314	81.9
2315	284.2
2316	108.4
2317	256.8
2318	89.3
2319	67.2
2320	189
2321	84.7
2322	82.5
2323	108.3
2324	225.5
2325	141.4
2326	60.5
2327	64.2
2328	152.3
2329	71.9
2330	228.4
2331	159.3
2332	39.3
2333	100.2
2334	90.5
2335	232
2336	102.7
2337	113.2
2338	62.8
2339	28.2
2340	186.2
2341	96.6
2342	190.6
2343	39.6
2344	107.1
2345	48.1
2346	99.7
2347	76.1
2348	119.4
2349	55.3
2350	115.7
2351	70
2352	73.8
2353	42
2354	98.8
2355	141.8
2356	197.3
2357	104.9
2358	17.2
2359	186.5
2360	56
2361	78.3
2362	34.7
2363	194.4
2364	84.3
2365	64.1
2366	250.1
2367	169.1
2368	65.4
2369	36.6
2370	224.6
2371	114.5
2372	46.9
2373	66.5
2374	19.1
2375	100.7
2376	254
2377	66.9
2378	72.8
2379	73
2380	68.9
2381	38.7
2382	207.3
2383	219.9
2384	153.6
2385	45.4
2386	110.4
2387	94.6
2388	50.8
2389	195
2390	77
2391	39.5
2392	210.4
2393	205
2394	204.7
2395	28.8
2396	77.3
2397	106.9
2398	40.2
2399	57.6
2400	116.1
2401	92.2
2402	221.1
2403	80.7
2404	15.5
2405	23.4
2406	39
2407	170.3
2408	62.2
2409	60.5
2410	36.9
2411	36.5
2412	49.3
2413	111.6
2414	16.1
2415	40.9
2416	77
2417	72.1
2418	82.7
2419	83
2420	176.7
2421	212.1
2422	124.2
2423	49.2
2424	46.2
2425	15.6
2426	153.9
2427	65.3
2428	212.5
2429	226.9
2430	161.7
2431	21.4
2432	59.8
2433	242.8
2434	17.6
2435	82.6
2436	45.3
2437	18.4
2438	43.8
2439	141.1
2440	42.3
2441	245.2
2442	34.6
2443	27.3
2444	205.6
2445	33
2446	17
2447	44.5
2448	264.7
2449	168
2450	167.7
2451	49
2452	45
2453	177.5
2454	65.1
2455	67.4
2456	154.9
2457	94.9
2458	37.5
2459	48.3
2460	17.1
2461	214.3
2462	75.7
2463	16.9
2464	194.2
2465	221
2466	75.7
2467	47.5
2468	53.1
2469	46.4
2470	203.1
2471	34.1
2472	40.2
2473	18.2
2474	105
2475	40.3
2476	191.2
2477	32.4
2478	47.9
2479	147.9
2480	34.1
2481	51.6
2482	18.6
2483	200.8
2484	64.9
2485	44
2486	49.1
2487	56.3
2488	32.9
2489	149.3
2490	131.1
2491	21.5
2492	61.8
2493	227.7
2494	54.4
2495	46.8
2496	17.9
2497	54.2
2498	35.7
2499	16.5
2500	92.4
2501	45.3
2502	44.4
2503	40.3
2504	61.8
2505	67.7
2506	49.9
2507	50.1
2508	104.3
2509	214.7
2510	115.5
2511	171
2512	80.8
2513	58.1
2514	32.5
2515	33.2
2516	75.5
2517	14.8
2518	33.6
2519	73.8
2520	106.1
2521	39.3
2522	219
2523	13.9
2524	78.6
2525	23.8
2526	28.3
2527	39
2528	34.8
2529	40.9
2530	39.5
2531	21.9
2532	26.7
2533	57.4
2534	29.8
2535	43.2
2536	55.5
2537	47.8
2538	106.3
2539	223
2540	54.4
2541	71.5
2542	67.2
2543	38.6
2544	23
2545	35.5
2546	83.4
2547	72.2
2548	36.7
2549	80.7
2550	137.6
2551	21.1
2552	139.4
2553	30.4
2554	87.4
2555	54.7
2556	48.6
2557	31
2558	40.8
2559	45.7
2560	101.4
2561	62.9
2562	171.7
2563	53.8
2564	70.9
2565	64.5
2566	7.9
2567	68.9
2568	146.7
2569	26.6
2570	27.6
2571	8.1
2572	104.8
2573	23.2
2574	55.2
2575	22
2576	48
2577	37.6
2578	25.3
2579	32.5
2580	58.4
2581	62.3
2582	126.7
2583	45.3
2584	125.3
2585	41.6
2586	94.7
2587	33.3
2588	43.7
2589	20.6
2590	27
2591	34.5
2592	46.4
2593	55.9
2594	19.6
2595	93.2
2596	61.7
2597	47.8
2598	157.3
2599	45.1
2600	39
2601	37
2602	76.2
2603	35
2604	159.5
2605	51.3
2606	39
2607	31.2
2608	33.1
2609	56.3
2610	14.3
2611	52.4
2612	37.5
2613	38.3
2614	115.3
2615	18.4
2616	70.6
2617	72.7
2618	56.9
2619	72.1
2620	120.9
2621	16.8
2622	31.6
2623	27.7
2624	27.4
2625	113.9
2626	19.2
2627	56.3
2628	24.9
2629	102.9
2630	27.8
2631	20.2
2632	27
2633	39.4
2634	25.4
2635	32.1
2636	70.6
2637	68.2
2638	28.6
2639	37.3
2640	19.9
2641	31.1
2642	30.5
2643	153.2
2644	44.2
2645	148.2
2646	20.9
2647	9.8
2648	49.9
2649	40.2
2650	24.3
2651	60.3
2652	53.3
2653	34.7
2654	46.7
2655	22.4
2656	73.7
2657	10.1
2658	30.4
2659	32.4
2660	53.5
2661	37.5
2662	93.6
2663	44.8
2664	26.8
2665	38.1
2666	25.8
2667	16.4
2668	28.2
2669	20
2670	73.2
2671	38.6
2672	48
2673	9.4
2674	14.6
2675	47.4
2676	18
2677	107
2678	29.8
2679	27.8
2680	29.8
2681	63.3
2682	48.7
2683	18.9
2684	25.3
2685	37.7
2686	23.9
2687	55.3
2688	43.8
2689	85.8
2690	74.7
2691	70.4
2692	11
2693	47.7
2694	26.1
2695	60.7
2696	23
2697	65.3
2698	92.2
2699	10.6
2700	48.5
2701	11.9
2702	53.7
2703	19.7
2704	5.5
2705	28.4
2706	25.5
2707	10
2708	48.2
2709	47.4
2710	48.1
2711	27
2712	44.2
2713	30
2714	88.9
2715	15.4
2716	31.2
2717	37.4
2718	12.2
2719	16.1
2720	28.8
2721	35.3
2722	86.9
2723	23
2724	6.2
2725	24.8
2726	26
2727	59.2
2728	13.6
2729	52.4
2730	51.8
2731	41.5
2732	21
2733	23.5
2734	36.9
2735	18.4
2736	9.6
2737	10.5
2738	23.6
2739	21.5
2740	35
2741	30
2742	48.1
2743	10.6
2744	17.5
2745	18.9
2746	11.1
2747	29.1
2748	44.3
2749	53.6
2750	26.4
2751	37.5
2752	28.7
2753	16.7
2754	30.4
2755	28.4
2756	18.8
2757	51.6
2758	95.2
2759	20.1
2760	17.3
2761	24
2762	31.1
2763	8.3
2764	59.2
2765	27.5
2766	36.9
2767	12.5
2768	31.1
2769	9.9
2770	36.9
2771	67.6
2772	35.1
2773	11.7
2774	61.3
2775	26.3
2776	22.8
2777	20.4
2778	43.4
2779	29.4
2780	8.8
2781	52.4
2782	30.7
2783	28
2784	19.8
2785	7.9
2786	4.8
2787	63.7
2788	14.6
2789	43.2
2790	41.4
2791	37.3
2792	46.1
2793	94.1
2794	46
2795	11.7
2796	31.5
2797	105.6
2798	38.1
2799	43.6
2800	21.8
2801	78.1
2802	80
2803	10.3
2804	16.4
2805	22.4
2806	39.2
2807	117
2808	18.3
2809	55.8
2810	10.5
2811	67.8
2812	78.6
2813	48.1
2814	36.6
2815	90.6
2816	8.8
2817	22
2818	53
2819	31.3
2820	67.6
2821	23.3
2822	36.2
2823	56.8
2824	9.7
2825	8.4
2826	9.8
2827	8.8
2828	99.9
2829	3.6
2830	25.9
2831	29
2832	29.2
2833	7.7
2834	91.7
2835	104.8
2836	29.7
2837	33.2
2838	93.3
2839	40.3
2840	82.3
2841	38.7
2842	66.4
2843	6.4
2844	17.9
2845	6.1
2846	7
2847	102.5
2848	21.2
2849	50
2850	43
2851	46.7
2852	34
2853	32.6
2854	100.4
2855	9.5
2856	133.9
2857	36.4
2858	81
2859	14.8
2860	4.2
2861	27.6
2862	73.1
2863	27.4
2864	45.7
2865	34.1
2866	19.3
2867	17.4
2868	27.9
2869	37.7
2870	11
2871	23.1
2872	47.6
2873	90.4
2874	7.1
2875	30.6
2876	6.9
2877	33
2878	7.8
2879	8.6
2880	27.9
2881	41.5
2882	43.9
2883	6
2884	52
2885	32.6
2886	68.7
2887	21.6
2888	8.5
2889	7.2
2890	8.1
2891	32.8
2892	53.3
2893	102.9
2894	42
2895	76.8
2896	7.6
2897	100.4
2898	17.6
2899	74.1
2900	51.7
2901	9.7
2902	29
2903	137.4
2904	5.7
2905	10.7
2906	39.4
2907	33.4
2908	47.9
2909	48.9
2910	8.2
2911	107.1
2912	34.9
2913	48.1
2914	46.9
2915	23
2916	98.3
2917	6.3
2918	58.3
2919	9.5
2920	14.8
2921	45.6
2922	7.4
2923	13.1
2924	32
2925	37.1
2926	27.1
2927	6.8
2928	46.7
2929	23.2
2930	96
2931	53.8
2932	58.4
2933	47
2934	6.8
2935	81.5
2936	7.5
2937	9.2
2938	14.4
2939	94.7
2940	7.4
2941	18
2942	7.1
2943	57.8
2944	9.6
2945	84.6
2946	67
2947	34.8
2948	56.8
2949	84.4
2950	7.2
2951	64.5
2952	78.7
2953	67.6
2954	40.8
2955	70.2
2956	88.7
2957	17.5
2958	52.6
2959	11.7
2960	106.6
2961	49.2
2962	35.4
2963	51.9
2964	45
2965	11.1
2966	46.5
2967	69.8
2968	120.3
2969	6.9
2970	7.5
2971	140.6
2972	71.4
2973	7.1
2974	91.8
2975	78.9
2976	100.5
2977	15.4
2978	41.6
2979	64.1
2980	83.9
2981	65.3
2982	56.9
2983	137.5
2984	163.9
2985	37.7
2986	79.4
2987	26.6
2988	98.2
2989	10.4
2990	12
2991	130.8
2992	42.4
2993	68
2994	57.5
2995	117
2996	102.9
2997	74.1
2998	13.2
2999	31.5
3000	16.4
3001	5.8
3002	87.5
3003	15.3
3004	21.7
3005	46.9
3006	103.4
3007	44.6
3008	98.8
3009	18.8
3010	15.9
3011	162.5
3012	27.3
3013	164.9
3014	9.4
3015	24.8
3016	43.5
3017	206.1
3018	12.8
3019	38.1
3020	19.1
3021	47
3022	5.2
3023	28.3
3024	84.4
3025	11.2
3026	165.1
3027	121.6
3028	20.8
3029	63.1
3030	11.2
3031	45.1
3032	27.3
3033	29.4
3034	36.5
3035	17.2
3036	15.2
3037	35.2
3038	11.6
3039	12.1
3040	107.7
3041	155.4
3042	96.2
3043	98.7
3044	51.4
3045	105.1
3046	22
3047	15.6
3048	123.6
3049	22.1
3050	176.2
3051	68.7
3052	17.3
3053	147.3
3054	11.8
3055	17.3
3056	97.9
3057	20
3058	63.9
3059	39.3
3060	18.3
3061	4.9
3062	27.2
3063	191.1
3064	185.2
3065	14.7
3066	102.5
3067	21.6
3068	139.9
3069	29.1
3070	79.4
3071	39.7
3072	16.6
3073	12
3074	131.5
3075	35.7
3076	39.6
3077	33.9
3078	15.5
3079	48.2
3080	120.2
3081	32.2
3082	5.1
3083	181.9
3084	38
3085	17.1
3086	50
3087	262.1
3088	135.6
3089	230.7
3090	29.4
3091	21.7
3092	27.1
3093	32.4
3094	11.6
3095	16.9
3096	63.3
3097	27.8
3098	249.9
3099	24.9
3100	89.2
3101	12.6
3102	30
3103	63.6
3104	92.8
3105	11.5
3106	133.4
3107	113.2
3108	14.1
3109	14.6
3110	26.8
3111	278.7
3112	13.1
3113	175.8
3114	14.3
3115	8
3116	23.9
3117	33.3
3118	133.7
3119	208.5
3120	9.2
3121	202
3122	15.5
3123	99.1
3124	22.9
3125	25.4
3126	9.2
3127	14.7
3128	11.2
3129	13.2
3130	8.2
3131	126.1
3132	91.7
3133	142.4
3134	103.5
3135	10.3
3136	124.7
3137	13
3138	22.7
3139	201.8
3140	43.9
3141	20
3142	70.6
3143	198.5
3144	10.7
3145	5.6
3146	10.3
3147	8.8
3148	11.1
3149	5.2
3150	10.7
3151	128.5
3152	117.1
3153	63.8
3154	59.9
3155	27.4
3156	48.2
3157	36.2
3158	12.5
3159	65.4
3160	6.9
3161	121.3
3162	107.9
3163	27.6
3164	7.4
3165	15.4
3166	111.1
3167	10.5
3168	165.2
3169	5
3170	56.9
3171	1.7
3172	231.8
3173	11.6
3174	8.1
3175	66.5
3176	1.8
3177	9.5
3178	6.9
3179	4.8
3180	5.9
3181	10.5
3182	80.2
3183	67.9
3184	98.2
3185	96.8
3186	37.8
3187	100.5
3188	8.5
3189	41.3
3190	0.3
3191	1.1
3192	8.3
3193	12.3
3194	66.3
3195	99.3
3196	12.5
3197	10
3198	11
3199	69.5
3200	4.7
3201	3
3202	111.4
3203	53.2
3204	11.3
3205	54.7
3206	9.1
3207	6.7
3208	2.9
3209	17.6
3210	65
3211	69.7
3212	79.3
3213	5.4
3214	4.3
3215	9.9
3216	11.9
3217	7.2
3218	50.8
3219	46.5
3220	10.3
3221	2
3222	69.6
3223	0.7
3224	93.1
3225	3.3
3226	67.4
3227	10.5
3228	9.5
3229	13
3230	21.1
3231	7.2
3232	2.8
3233	7.5
3234	60.1
3235	71.8
3236	72.4
3237	8.4
3238	38.1
3239	10.4
3240	35.1
3241	21.9
3242	6.8
3243	37.1
3244	8
3245	2.9
3246	7.2
3247	12.2
3248	2.2
3249	0.9
3250	23.1
3251	45.8
3252	106.4
3253	10.8
3254	35.5
3255	5
3256	2.5
3257	56.6
3258	5.6
3259	19.1
3260	2.6
3261	16.2
3262	49.8
3263	2.2
3264	2.5
3265	6.5
3266	5
3267	19.1
3268	31.4
3269	73
3270	5.5
3271	2.8
3272	41
3273	3
3274	121
3275	5.6
3276	24
3277	4.4
3278	35.3
3279	2.1
3280	0.6
3281	4.9
3282	1.7
3283	30.6
3284	6.3
3285	1.2
3286	119.2
3287	0.2
3288	18.4
3289	4.7
3290	1.3
3291	99.3
3292	1.7
3293	25.4
3294	28.9
3295	2.2
3296	1.1
3297	14.1
3298	15.2
3299	12.7
3300	35.5
3301	11.3
3302	4.8
3303	77
3304	24.3
3305	33.4
3306	7.6
3307	0.8
3308	54.4
3309	11.6
3310	14.4
3311	1.2
3312	14.5
3313	8.8
3314	2.3
3315	3.4
3316	29
3317	1
3318	46.5
3319	1.8
3320	7.4
3321	11.9
3322	0.7
3323	18
3324	4.3
3325	7.4
3326	13.3
3327	2.4
3328	1.8
3329	7
3330	24.5
3331	2.3
3332	2.5
3333	7
3334	0.6
3335	54.3
3336	14
3337	2
3338	14.7
3339	1.7
3340	1.9
3341	29.3
3342	10.1
3343	1.2
3344	6.5
3345	1.8
3346	1
3347	4.6
3348	1.4
3349	6
3350	41.2
3351	1.5
3352	46.5
3353	8.6
3354	5.9
3355	10.6
3356	5.7
3357	3.6
3358	0.8
3359	6.1
3360	43.2
3361	6.5
3362	4.8
3363	25.4
3364	21.1
3365	2.1
3366	5.6
3367	5
3368	0.9
3369	0.9
3370	24.4
3371	6.9
3372	1.4
3373	4.2
3374	5.2
3375	4.9
3376	4
3377	3.6
3378	3.7
3379	4
3380	5.5
3381	6.5
3382	3.7
3383	3.3
3384	5.7
3385	7.1
3386	5.9
3387	4.6
3388	2.6
3389	3.9
3390	3.3
3391	3.4
3392	3.1
3393	3.1
3394	4.1
3395	4.4
3396	2.6
3397	3.7
3398	1.1
3399	1
3400	217.1
3401	270.2
3402	257.3
3403	174.7
3404	230.9
3405	185
3406	262.6
3407	104.5
3408	237.6
3409	104.4
3410	22.1
3411	39.6
3412	308
3413	148.7
3414	257.3
3415	131.6
3416	107.4
3417	266.1
3418	134.1
3419	89.2
3420	107.9
3421	155.8
3422	138.8
3423	180.6
3424	125.2
3425	173.2
3426	140.2
3427	248.5
3428	54
3429	254.7
3430	40.5
3431	104.9
3432	253.8
3433	121.1
3434	196.8
3435	221.2
3436	150
3437	107.8
3438	119.3
3439	164.3
3440	115.7
3441	287.9
3442	151.3
3443	172.1
3444	89.8
3445	114.3
3446	159.6
3447	175.7
3448	207.8
3449	173.1
3450	140.5
3451	187.2
3452	196.2
3453	130.8
3454	120.1
3455	135
3456	163.8
3457	204.7
3458	80.1
3459	156
3460	178
3461	277.6
3462	254.2
3463	190.5
3464	140.2
3465	153.4
3466	128.1
3467	95.6
3468	222.4
3469	145.4
3470	132.5
3471	347.7
3472	102.3
3473	282.3
3474	225
3475	206.8
3476	201.1
3477	99.5
3478	112.3
3479	235.7
3480	79.1
3481	137.5
3482	58.3
3483	82.7
3484	149.3
3485	92.9
3486	149.8
3487	87.1
3488	72.5
3489	147.5
3490	190.3
3491	128.2
3492	82
3493	91
3494	47.2
3495	121.1
3496	33.7
3497	53
3498	39.6
3499	159.7
3500	98.1
3501	49.5
3502	41.9
3503	104.8
3504	83
3505	125.8
3506	202.5
3507	75.9
3508	193.3
3509	43.7
3510	93.4
3511	140.3
3512	43.6
3513	48.4
3514	60.4
3515	204.7
3516	49.5
3517	29.1
3518	63.3
3519	48.1
3520	83.9
3521	72.3
3522	167.8
3523	36.2
3524	45.1
3525	64.3
3526	14.7
3527	62.3
3528	106.4
3529	35.6
3530	34.5
3531	118.3
3532	16.8
3533	74.1
3534	81.7
3535	68.9
3536	43.5
3537	9.3
3538	49.7
3539	59
3540	92.4
3541	69.2
3542	39.7
3543	61.2
3544	50.1
3545	133.4
3546	34.8
3547	48.2
3548	76.4
3549	25
3550	38.2
3551	37
3552	40
3553	55.9
3554	54.7
3555	65.9
3556	96.6
3557	6.8
3558	60.4
3559	11
3560	61.6
3561	15.7
3562	17.6
3563	41.8
3564	14.4
3565	29
3566	38.7
3567	58.6
3568	98.7
3569	166.8
3570	116.8
3571	102.5
3572	24.6
3573	125
3574	21.9
3575	32.7
3576	141.4
3577	86.3
3578	82.8
3579	7.3
3580	6.6
3581	0.7
3582	80.2
3583	11.2
3584	99.6
3585	3
3586	79.9
3587	2.1
3588	6
3589	2.3
3590	16
3591	40.4
3592	7.4
3593	6.8
3594	5.7
