"COMID"	"Value"
1	0.1
2	0
3	0.5
4	0.5
5	0
6	0.6
7	1.2
8	0.1
9	0.2
10	0.6
11	1
12	0.2
13	0
14	0
15	0.1
16	0.6
17	0.7
18	0.6
19	4.9
20	0.2
21	0.7
22	0.7
23	1
24	0.2
25	0.8
26	0.1
27	0.8
28	0.2
29	0.4
30	0
31	0.3
32	0.6
33	0.4
34	0.3
35	0.5
36	0.6
37	0.3
38	0.6
39	0.1
40	0.3
41	0
42	0.8
43	0.6
44	0.4
45	0.2
46	0
47	0
48	0.3
49	0.7
50	0
51	0
52	0
53	0.6
54	0
55	0
56	0.2
57	0.2
58	0.1
59	0.3
60	0.1
61	0.6
62	0.3
63	1.5
64	0.1
65	0.3
66	0.3
67	0.2
68	0
69	0.3
70	0
71	0.2
72	0.3
73	0
74	0.6
75	0
76	0.1
77	0.5
78	0.5
79	0.2
80	0.3
81	0.5
82	0.2
83	0.6
84	0.5
85	0.6
86	0
87	0.1
88	0.1
89	0
90	0
91	0.1
92	0.5
93	0.5
94	0.2
95	0.9
96	0
97	0.1
98	0.2
99	0
100	0.1
101	0.6
102	0.3
103	0
104	0.1
105	0.1
106	0.4
107	0
108	0.1
109	0.2
110	0.1
111	0.2
112	0.5
113	0
114	0.3
115	0.2
116	0
117	0.4
118	0.5
119	0
120	0
121	0
122	0
123	0.1
124	0.4
125	0
126	0.4
127	0
128	0.6
129	0
130	0
131	0
132	0
133	0.7
134	0
135	0.6
136	0
137	0.8
138	0.1
139	0.1
140	0.1
141	0.1
142	0.1
143	0.2
144	0
145	0.1
146	0.9
147	0.6
148	0.9
149	0.7
150	0.7
151	0.3
152	1
153	0
154	0.6
155	0.1
156	0
157	0.7
158	0.1
159	0
160	0.3
161	0
162	0.3
163	0
164	0.2
165	0.2
166	0.3
167	0.6
168	0
169	0.6
170	0.5
171	0
172	0.3
173	0
174	0.2
175	0
176	0.5
177	0
178	0.5
179	0.6
180	0.2
181	0.1
182	0.1
183	0
184	0
185	0.4
186	0.1
187	0.6
188	0.1
189	0.1
190	0.5
191	0
192	0.6
193	0
194	1.2
195	0.2
196	0
197	0
198	0
199	0.5
200	0
201	0
202	0.4
203	0.2
204	0.1
205	0.3
206	0.2
207	0
208	1
209	1
210	0
211	0.2
212	0.6
213	1.3
214	0.3
215	0.4
216	0.9
217	0
218	0.3
219	0.2
220	0.2
221	0
222	0.2
223	1
224	0
225	0.8
226	0.1
227	0
228	0.7
229	0.1
230	0.2
231	0
232	0.4
233	0.3
234	0
235	0
236	1
237	0
238	0
239	0.5
240	0
241	0.1
242	0.2
243	0.2
244	0.5
245	0.2
246	0.5
247	0
248	0
249	0
250	0.5
251	0.1
252	0.3
253	0.4
254	0.1
255	0.1
256	0.1
257	0
258	0
259	0
260	0
261	0.1
262	0.2
263	0
264	0
265	0
266	0.2
267	0.3
268	0.2
269	0.4
270	0
271	0
272	0.2
273	0.3
274	0
275	0.2
276	0
277	0
278	0.3
279	0
280	0.1
281	0.1
282	0.1
283	0
284	0.2
285	0.1
286	0.1
287	0.4
288	0
289	0.1
290	0
291	0
292	0
293	0
294	0.1
295	0.1
296	0.4
297	0
298	0.2
299	0
300	0
301	0.2
302	0.2
303	0
304	0
305	0
306	0.1
307	0
308	0
309	0
310	0.2
311	0
312	0
313	0.1
314	0
315	0.1
316	0.1
317	0
318	0
319	0
320	0
321	0
322	0
323	0
324	0
325	0
326	0.1
327	0
328	0.1
329	0.1
330	0.1
331	0.1
332	0
333	0
334	0.1
335	0
336	0
337	0
338	0
339	0.1
340	0.1
341	0
342	0
343	0
344	0
345	0.1
346	0
347	0
348	0
349	0
350	0
351	0.1
352	0.1
353	0
354	0
355	0
356	0
357	0
358	0
359	0
360	0
361	0
362	0
363	0
364	0
365	0
366	0
367	0.2
368	0.2
369	0.1
370	0.1
371	0
372	0.1
373	0
374	0.1
375	0.1
376	0.6
377	0.1
378	0
379	0.1
380	0
381	0.2
382	0
383	0.1
384	0.1
385	0
386	0.1
387	0.3
388	0
389	0
390	0.3
391	0.2
392	0
393	0.3
394	0.1
395	0
396	0
397	0.3
398	0.3
399	0
400	0.1
401	0.4
402	0.1
403	0
404	0.1
405	0.2
406	0.6
407	0
408	0
409	0.1
410	0.7
411	0.7
412	0.5
413	0.9
414	0.5
415	0
416	0
417	0
418	0
419	0.2
420	0
421	0
422	0
423	1.8
424	0.4
425	2.9
426	0
427	2.8
428	1
429	1
430	10.1
431	0
432	0
433	8.5
434	0
435	0
436	2.3
437	0.1
438	19.9
439	0.1
440	6.4
441	8.1
442	0.1
443	1.5
444	0
445	24.2
446	0.3
447	26.5
448	19.9
449	0
450	0.2
451	0.1
452	0.6
453	0.1
454	0.1
455	0
456	0.2
457	8.5
458	0
459	0.3
460	0.3
461	1.1
462	15.3
463	0
464	0
465	0
466	0.2
467	3.2
468	0.2
469	0.9
470	0.3
471	0.1
472	1.5
473	0.8
474	0
475	0
476	0
477	15.4
478	0
479	1.4
480	1.7
481	0
482	0
483	5.6
484	0.1
485	0.9
486	0.1
487	0.7
488	0.1
489	0.1
490	0
491	1.5
492	1.3
493	0.1
494	1.4
495	0
496	0.3
497	0.2
498	0.7
499	0.1
500	0.1
501	2.7
502	1.3
503	0
504	0.2
505	0.1
506	0
507	0.3
508	0.1
509	0
510	5.2
511	0.4
512	0.2
513	0.3
514	0
515	0.4
516	0.4
517	1
518	0.7
519	0.7
520	0.1
521	0.5
522	0.5
523	0.3
524	1.9
525	0.5
526	0.1
527	0.8
528	0.2
529	0.4
530	1.6
531	1.3
532	3.5
533	0.6
534	0.1
535	4.2
536	1
537	0.6
538	0.6
539	0
540	0.1
541	0.4
542	2.1
543	0.4
544	0.8
545	0.7
546	0.7
547	0.7
548	0.7
549	0.6
550	0.1
551	0.3
552	0.7
553	0.8
554	0.6
555	0.1
556	0.7
557	0.5
558	0.3
559	0.3
560	0.3
561	1.1
562	1
563	0.5
564	0
565	0.4
566	0.3
567	0.1
568	0.2
569	0.2
570	0.6
571	0.9
572	0.1
573	0.1
574	0.2
575	0
576	0
577	0.4
578	0.3
579	0.7
580	0.1
581	0.4
582	0.7
583	0.1
584	0.4
585	0
586	0.1
587	0.8
588	0.4
589	0.7
590	0.7
591	0.2
592	0.8
593	0.2
594	0.2
595	0.3
596	0.2
597	0.8
598	0
599	0.9
600	0.1
601	0
602	0.8
603	0
604	0
605	0.4
606	0
607	0.2
608	0
609	0
610	0.4
611	0
612	0
613	0.7
614	2
615	0
616	0.1
617	0.5
618	0
619	0.1
620	0.1
621	0
622	1.6
623	1.5
624	1.3
625	0.1
626	0
627	0.4
628	0.1
629	0.3
630	4.5
631	0.2
632	0.1
633	0.3
634	0.5
635	0.4
636	0.1
637	0.3
638	0.1
639	0
640	0
641	2.8
642	0.2
643	0.7
644	0.1
645	0
646	0.2
647	0.2
648	0.2
649	1.3
650	0.4
651	11.7
652	0
653	0.6
654	0.4
655	0.6
656	0
657	0.8
658	0
659	0.4
660	0.4
661	0
662	0
663	0.9
664	0.3
665	0
666	0.7
667	0
668	4.1
669	0
670	0.6
671	0.2
672	0.2
673	0
674	0
675	0.6
676	0.2
677	9.7
678	0
679	0
680	0.1
681	0.1
682	1.3
683	1.7
684	0
685	0.2
686	14.6
687	1.4
688	0.5
689	0.1
690	0
691	0
692	6
693	0
694	0
695	0
696	2.6
697	0.1
698	0.1
699	1.1
700	0.2
701	0
702	1.7
703	0.4
704	1
705	0.8
706	0.1
707	11.9
708	1
709	1.2
710	0
711	0
712	1.3
713	0.1
714	0.1
715	0
716	1.2
717	0.3
718	1.8
719	0.2
720	0.3
721	0.3
722	0.8
723	1
724	0.8
725	0.2
726	1.5
727	0
728	1.2
729	0
730	0
731	0
732	0
733	0.1
734	0
735	0.6
736	0.1
737	0.7
738	0.7
739	0.4
740	0.7
741	0.6
742	2
743	0.1
744	0.4
745	1.2
746	0
747	0.8
748	1.7
749	0.1
750	0.2
751	0.4
752	0.3
753	0.8
754	1.4
755	0.1
756	0
757	0.3
758	0.9
759	0.5
760	0.1
761	0.3
762	0.3
763	0.3
764	4.6
765	0.5
766	0.9
767	0.5
768	7.8
769	0.1
770	13
771	0.1
772	0.7
773	0.2
774	0
775	0
776	0.1
777	0.1
778	0.1
779	0.4
780	0.6
781	0.2
782	103.4
783	113.7
784	73.9
785	85.8
786	83.4
787	75.7
788	59.3
789	62.1
790	66.2
791	100
792	68.4
793	71.5
794	100
795	99.4
796	91.7
797	78.5
798	93.5
799	72.9
800	80.3
801	82.4
802	96.6
803	77.6
804	42.8
805	91.8
806	62.5
807	35.4
808	94.5
809	60.9
810	70.8
811	95.5
812	62.9
813	62.1
814	94
815	66.6
816	123.7
817	38.6
818	56.6
819	59.3
820	87.2
821	118.9
822	74.1
823	104.1
824	70.4
825	110.1
826	63.7
827	66.4
828	59.3
829	134
830	67.5
831	131.4
832	61.2
833	144.5
834	64.3
835	56.5
836	56.6
837	31.2
838	119.4
839	192.2
840	59.9
841	53.6
842	143.7
843	15.9
844	71.1
845	66.7
846	200.7
847	73.5
848	146.3
849	186.9
850	90.7
851	99.5
852	53
853	62.5
854	81.9
855	76.7
856	103.7
857	51.5
858	81.9
859	71.7
860	153.5
861	87.1
862	9.5
863	46.5
864	51.7
865	81.6
866	176.9
867	50
868	77.9
869	47.3
870	37.2
871	85.7
872	70
873	13.6
874	75.3
875	64.9
876	74.8
877	41.6
878	53.6
879	60.2
880	102.9
881	129.4
882	159.3
883	49.2
884	46.3
885	40.7
886	6.6
887	155.8
888	164.6
889	58.9
890	199.3
891	75.7
892	153.5
893	180.8
894	7.7
895	57
896	63.9
897	80.7
898	85.1
899	200.2
900	173.8
901	137.2
902	91.9
903	74.2
904	42.2
905	123.7
906	85.6
907	163.3
908	150.4
909	62.3
910	5.2
911	39.3
912	92.3
913	154.2
914	156
915	5.4
916	116.6
917	64.7
918	116.7
919	152.7
920	104.4
921	46.8
922	152.9
923	20.3
924	134.9
925	74.6
926	74.1
927	41.2
928	133.4
929	142.3
930	167.1
931	37.8
932	148.5
933	173.3
934	5.4
935	87.7
936	111.2
937	84.8
938	73.9
939	73.2
940	120.9
941	59.1
942	166.9
943	3.1
944	74.9
945	85.8
946	138
947	6.6
948	102.4
949	60.7
950	37.6
951	145.5
952	123.4
953	149.4
954	147.8
955	157.5
956	106.5
957	124.3
958	149.9
959	107
960	153.8
961	173.9
962	106.3
963	119.9
964	2.6
965	67.6
966	166.2
967	6.6
968	112.4
969	146.5
970	28.9
971	60.4
972	95.6
973	162.8
974	134
975	71
976	60.9
977	87.8
978	149
979	173.7
980	75.3
981	73.6
982	154.4
983	55.9
984	59.1
985	74.4
986	59.6
987	153.9
988	75.7
989	151.3
990	19.8
991	59.4
992	54.3
993	72
994	136
995	81.4
996	56.6
997	69.4
998	135
999	131.5
1000	6.8
1001	121.3
1002	66.3
1003	20.7
1004	64.6
1005	167.7
1006	142.1
1007	9.8
1008	187.9
1009	42.8
1010	170.2
1011	157.8
1012	126.6
1013	126
1014	75.6
1015	156.2
1016	10.8
1017	80
1018	111.2
1019	137.7
1020	147.2
1021	139
1022	133
1023	132.4
1024	87.4
1025	145.3
1026	147.8
1027	102.4
1028	88.4
1029	161.8
1030	99.8
1031	8.8
1032	17.1
1033	74.1
1034	123.5
1035	81.3
1036	160.8
1037	161.3
1038	124.9
1039	146.6
1040	199.3
1041	117.2
1042	191.9
1043	7.5
1044	128.2
1045	185.6
1046	144.7
1047	85.5
1048	130.1
1049	106.4
1050	8.9
1051	181.2
1052	150.8
1053	172.3
1054	116
1055	129.9
1056	99.3
1057	92.1
1058	149.4
1059	83.8
1060	138.4
1061	6.4
1062	100.2
1063	74.6
1064	79.8
1065	138.4
1066	115.3
1067	68.2
1068	93.9
1069	88.8
1070	104
1071	131.9
1072	70.4
1073	84.6
1074	139.2
1075	41.7
1076	123.4
1077	61
1078	99.9
1079	120.9
1080	155
1081	74.8
1082	89.1
1083	60.1
1084	126.7
1085	122.7
1086	91.4
1087	9.7
1088	61.8
1089	141.3
1090	102.5
1091	74.7
1092	70.4
1093	97
1094	74.2
1095	100
1096	108.6
1097	79.7
1098	102
1099	37.2
1100	3.5
1101	67.7
1102	109.5
1103	76.9
1104	68.4
1105	125.1
1106	144.8
1107	69.2
1108	87.2
1109	95.8
1110	69.3
1111	59
1112	95.6
1113	83.7
1114	105
1115	166.4
1116	114.3
1117	127.1
1118	145.9
1119	87.8
1120	117.4
1121	70.5
1122	85.4
1123	90.2
1124	87.9
1125	142.6
1126	159.8
1127	117.6
1128	106.5
1129	121.3
1130	104.1
1131	66.5
1132	128
1133	114.5
1134	117
1135	90.1
1136	69.5
1137	115.2
1138	114.8
1139	90.7
1140	74.5
1141	147.2
1142	78.4
1143	104.8
1144	95.4
1145	85.1
1146	112.8
1147	87.1
1148	115.1
1149	131.7
1150	127.8
1151	81.8
1152	102.8
1153	95.8
1154	6.3
1155	94.1
1156	96.1
1157	162.4
1158	113.3
1159	51.8
1160	126.5
1161	76.8
1162	92.8
1163	88
1164	64.9
1165	75.7
1166	110.1
1167	114.1
1168	104.9
1169	134.4
1170	95.2
1171	84.3
1172	71.4
1173	135.8
1174	74.2
1175	133.8
1176	42.6
1177	157.6
1178	147.5
1179	59.1
1180	175.9
1181	118.4
1182	92.3
1183	89
1184	82.2
1185	101.9
1186	100
1187	192.3
1188	115.3
1189	114.6
1190	220.7
1191	95.4
1192	106
1193	98.7
1194	89.3
1195	83.4
1196	236.2
1197	137.8
1198	51.6
1199	64.9
1200	10.1
1201	96
1202	170.5
1203	133.1
1204	165.3
1205	77.5
1206	75.2
1207	125.6
1208	82.6
1209	86.5
1210	119.6
1211	144.6
1212	159.9
1213	57.2
1214	85.7
1215	127.6
1216	84.8
1217	44.9
1218	58.9
1219	71.4
1220	76.9
1221	116.6
1222	81.4
1223	81.5
1224	123.7
1225	101.4
1226	104
1227	59.1
1228	156.8
1229	148.7
1230	84.3
1231	72.2
1232	54.6
1233	61.3
1234	179.5
1235	140.4
1236	59
1237	63.5
1238	139.2
1239	97.8
1240	74.9
1241	108.9
1242	75.9
1243	131.1
1244	62.8
1245	119.3
1246	116.2
1247	46.1
1248	13.1
1249	72
1250	50.3
1251	165.4
1252	109
1253	71.1
1254	147.3
1255	154.3
1256	59.5
1257	79.7
1258	88
1259	151.9
1260	74.7
1261	50
1262	95.5
1263	88.2
1264	105.2
1265	68.4
1266	79.4
1267	116.7
1268	72.8
1269	6.1
1270	152.1
1271	88.9
1272	66.3
1273	103.6
1274	92.6
1275	83.8
1276	73.4
1277	99.3
1278	60.1
1279	3.9
1280	79.2
1281	86.1
1282	117.6
1283	60.2
1284	10
1285	100.4
1286	70.8
1287	145.3
1288	49.7
1289	111.4
1290	68.9
1291	74.5
1292	102.9
1293	3.3
1294	152.6
1295	87
1296	86.8
1297	7.1
1298	72.1
1299	81.7
1300	113.7
1301	88.3
1302	61.7
1303	110
1304	13.3
1305	69
1306	148.8
1307	110.3
1308	78.5
1309	176.4
1310	137.2
1311	72.4
1312	63.9
1313	96.9
1314	77.9
1315	122.1
1316	84.2
1317	82.3
1318	81.8
1319	70.7
1320	70
1321	153.3
1322	118.2
1323	152.9
1324	132.6
1325	79.1
1326	158.7
1327	134.6
1328	86.6
1329	13.7
1330	75.6
1331	75.3
1332	2.3
1333	41.8
1334	140.4
1335	109.8
1336	124.6
1337	146.7
1338	171.4
1339	92.9
1340	121.9
1341	128.2
1342	93.8
1343	166.3
1344	106.3
1345	77.8
1346	141.5
1347	69.6
1348	65.5
1349	73.7
1350	141.7
1351	66.1
1352	8.2
1353	97.6
1354	152.4
1355	84.1
1356	4.7
1357	57
1358	133.7
1359	129.8
1360	140.6
1361	75.2
1362	113.2
1363	128.2
1364	109.3
1365	68.6
1366	173.2
1367	143.4
1368	62.5
1369	85.3
1370	134.2
1371	133.6
1372	72.8
1373	95.9
1374	158
1375	114.7
1376	18.5
1377	87.6
1378	103.4
1379	114.2
1380	70.4
1381	141.4
1382	124.9
1383	179.1
1384	73.7
1385	9.4
1386	60
1387	176.4
1388	159.9
1389	110.2
1390	55.4
1391	67.8
1392	64.7
1393	60.1
1394	102.1
1395	66.8
1396	123.2
1397	73.3
1398	148.4
1399	140.9
1400	54.4
1401	115.1
1402	144.1
1403	107.7
1404	127.3
1405	206.6
1406	184.2
1407	177.6
1408	83.5
1409	103.5
1410	80.2
1411	63.1
1412	94.2
1413	93.8
1414	76.5
1415	136.8
1416	130.1
1417	96.9
1418	88.2
1419	104
1420	94.3
1421	133.7
1422	217.7
1423	38.5
1424	56
1425	113.3
1426	58.6
1427	85.5
1428	116.8
1429	123.5
1430	102.1
1431	98.6
1432	103.5
1433	133.4
1434	158.8
1435	88.8
1436	144
1437	54.5
1438	170.2
1439	63.9
1440	105.8
1441	108.1
1442	152.4
1443	52.3
1444	111.5
1445	151
1446	146.7
1447	99.2
1448	69.1
1449	177.8
1450	181.5
1451	156.7
1452	156.6
1453	99.2
1454	24.3
1455	145.2
1456	152.9
1457	105.1
1458	58
1459	92
1460	83.5
1461	101.6
1462	81.8
1463	102.2
1464	71.6
1465	96.4
1466	69.5
1467	102.2
1468	82.3
1469	66
1470	112.3
1471	110.9
1472	141.3
1473	67.3
1474	180.8
1475	64.3
1476	100.3
1477	165.6
1478	154.1
1479	51.8
1480	79.3
1481	96.2
1482	114.8
1483	89.2
1484	149.5
1485	16
1486	72.9
1487	81.5
1488	77.1
1489	98.9
1490	170.9
1491	32
1492	93.1
1493	142.5
1494	63
1495	58.2
1496	122.5
1497	105.4
1498	75.3
1499	75
1500	179.5
1501	76.6
1502	72
1503	187.4
1504	72.7
1505	110.6
1506	58.5
1507	76.2
1508	172.2
1509	13.8
1510	157.8
1511	184.9
1512	68.7
1513	143.6
1514	160.9
1515	89.7
1516	141.9
1517	113.7
1518	98.2
1519	76.7
1520	181.5
1521	88.2
1522	97.9
1523	95.1
1524	80.5
1525	93.1
1526	108.4
1527	111.4
1528	104.1
1529	64
1530	68
1531	181.6
1532	198.8
1533	173.5
1534	61.6
1535	3.7
1536	83.3
1537	91.3
1538	12.1
1539	187.8
1540	100.4
1541	93.6
1542	86.5
1543	55.5
1544	140.6
1545	61.7
1546	8.2
1547	35.3
1548	110.8
1549	99.1
1550	85.4
1551	73.9
1552	97.2
1553	89
1554	24
1555	92.7
1556	55.7
1557	174.5
1558	58.7
1559	76.5
1560	168
1561	201
1562	141.9
1563	189.9
1564	88
1565	30.8
1566	236.5
1567	119.9
1568	159.1
1569	110.7
1570	142
1571	92.6
1572	83.1
1573	83
1574	216.8
1575	50.4
1576	174.8
1577	62.9
1578	118.3
1579	121.8
1580	138.2
1581	118.9
1582	83.7
1583	54.4
1584	5.5
1585	128.1
1586	127.1
1587	94.8
1588	111.5
1589	165.6
1590	120
1591	96.6
1592	110.4
1593	218.3
1594	82.2
1595	67.2
1596	111.9
1597	87.1
1598	144.1
1599	109.2
1600	74.1
1601	16.3
1602	107
1603	78
1604	97.9
1605	125
1606	70
1607	76.1
1608	88.2
1609	110.7
1610	66.5
1611	151.8
1612	159.9
1613	102.5
1614	93.3
1615	148.9
1616	75.6
1617	67.8
1618	31.6
1619	81
1620	113.5
1621	76.5
1622	127.7
1623	65.8
1624	90.2
1625	35.7
1626	122.8
1627	101.6
1628	33.2
1629	76.1
1630	181.4
1631	19.4
1632	97.4
1633	71.7
1634	111.2
1635	96.5
1636	90.7
1637	102.6
1638	26.7
1639	91.8
1640	72.9
1641	37.8
1642	121.5
1643	32.7
1644	208.5
1645	88.3
1646	58.9
1647	93.9
1648	159.4
1649	245.3
1650	88.5
1651	136.5
1652	37.5
1653	83.8
1654	108.1
1655	105.3
1656	225.4
1657	93.4
1658	94.4
1659	39.9
1660	42.6
1661	109.4
1662	120.5
1663	54.9
1664	155.4
1665	80.2
1666	184.3
1667	154.6
1668	39.4
1669	60.9
1670	154.2
1671	117.2
1672	143.3
1673	195
1674	59.7
1675	45.7
1676	148.8
1677	230.9
1678	72.8
1679	114.5
1680	92.7
1681	69.1
1682	75
1683	83
1684	31.8
1685	85.2
1686	15.2
1687	114.1
1688	48
1689	157.1
1690	131.3
1691	143.9
1692	153.5
1693	224.3
1694	72.7
1695	139.6
1696	50
1697	101.6
1698	89.8
1699	98.8
1700	21.8
1701	159.3
1702	92.5
1703	108.5
1704	56.4
1705	110.4
1706	59.2
1707	74.7
1708	72.8
1709	32.8
1710	113.6
1711	122.3
1712	60.7
1713	165.6
1714	107.8
1715	142.1
1716	74.8
1717	62
1718	80.2
1719	13.8
1720	27.6
1721	176.9
1722	124.9
1723	71
1724	82
1725	72.2
1726	108.5
1727	76
1728	23.8
1729	162.7
1730	175.8
1731	103
1732	49.1
1733	52.2
1734	122.6
1735	180.7
1736	75.5
1737	46.7
1738	77.1
1739	65.6
1740	76.2
1741	181
1742	81.1
1743	131.3
1744	47.4
1745	122.8
1746	33.3
1747	130.8
1748	41.1
1749	18.7
1750	8.8
1751	36.1
1752	30.1
1753	123.7
1754	75.1
1755	37.2
1756	69.7
1757	50.6
1758	50.6
1759	104.8
1760	57.9
1761	73.3
1762	26.6
1763	172.6
1764	64.4
1765	153.5
1766	104.6
1767	43.2
1768	63
1769	110.4
1770	57.7
1771	36.4
1772	81.3
1773	74
1774	92.9
1775	6.2
1776	99.3
1777	93.1
1778	131.8
1779	87.8
1780	89
1781	86.1
1782	53.2
1783	91.2
1784	86.4
1785	178.9
1786	57.1
1787	60.2
1788	121.8
1789	82.5
1790	101.1
1791	20.6
1792	110
1793	55.4
1794	12.6
1795	164.9
1796	212.1
1797	63.5
1798	92.9
1799	76
1800	44.1
1801	62.5
1802	57.2
1803	62.2
1804	84
1805	175.3
1806	123.4
1807	109.6
1808	78.4
1809	216.5
1810	111.2
1811	95.7
1812	109.7
1813	88.3
1814	102.9
1815	98.9
1816	88.9
1817	56
1818	105.7
1819	137.1
1820	77.3
1821	47.2
1822	190
1823	116
1824	142.3
1825	84
1826	42.3
1827	93.4
1828	94.8
1829	80.9
1830	56.2
1831	72.7
1832	69
1833	136.7
1834	125
1835	99.1
1836	110.3
1837	4
1838	67.7
1839	80
1840	38.9
1841	108.2
1842	86
1843	98.4
1844	87.8
1845	104.6
1846	5.4
1847	94.9
1848	79.7
1849	66.9
1850	69.9
1851	71.7
1852	106.9
1853	104.1
1854	90.6
1855	108.4
1856	82
1857	118
1858	120.1
1859	84.6
1860	36.2
1861	93.6
1862	66.3
1863	58.2
1864	91.5
1865	41.8
1866	97.7
1867	118.4
1868	87.1
1869	40.4
1870	13.1
1871	125.6
1872	61.7
1873	104.5
1874	80.3
1875	95.4
1876	41.9
1877	95.3
1878	68.7
1879	87.4
1880	91
1881	96.9
1882	65.5
1883	77.9
1884	136.9
1885	119.7
1886	49.3
1887	74.6
1888	83.6
1889	64.8
1890	84.1
1891	15.1
1892	75.7
1893	82.3
1894	102.8
1895	70.6
1896	83.1
1897	84.5
1898	93.2
1899	65.6
1900	96.5
1901	79.2
1902	105.4
1903	71.5
1904	63.7
1905	93.7
1906	83.3
1907	4.5
1908	37.7
1909	6.2
1910	9.7
1911	78.3
1912	67.7
1913	53.8
1914	73
1915	67.5
1916	93
1917	77.5
1918	22.9
1919	70.4
1920	61.2
1921	70.5
1922	67.1
1923	52.6
1924	46.7
1925	53.2
1926	97.2
1927	86.8
1928	50.5
1929	4.5
1930	79.5
1931	2.5
1932	26.1
1933	85.9
1934	45.2
1935	69.5
1936	70.6
1937	34.7
1938	38.9
1939	70.7
1940	74.1
1941	49.8
1942	35.1
1943	45.2
1944	63.4
1945	3.2
1946	73
1947	45.9
1948	4.1
1949	71.4
1950	0.7
1951	76.6
1952	16.5
1953	14.1
1954	38.4
1955	44.9
1956	51.5
1957	84.6
1958	62.6
1959	44.5
1960	41
1961	45.1
1962	79
1963	38.7
1964	38
1965	47.6
1966	0.1
1967	5.7
1968	64.2
1969	73.3
1970	52.6
1971	56
1972	39.5
1973	39.8
1974	49.4
1975	13.3
1976	27
1977	10.1
1978	50.7
1979	1.4
1980	60.5
1981	58.3
1982	0.5
1983	46.5
1984	47.2
1985	14.8
1986	51.1
1987	68.7
1988	16
1989	2.6
1990	0.5
1991	40.9
1992	72.2
1993	34.4
1994	74
1995	64
1996	38.9
1997	36.2
1998	81.7
1999	76.4
2000	15.2
2001	78
2002	35.1
2003	36.9
2004	37.1
2005	56.3
2006	35.8
2007	56.1
2008	5.5
2009	60.2
2010	27.7
2011	1.6
2012	33.7
2013	42.8
2014	0.3
2015	40.9
2016	34.9
2017	79.1
2018	13.7
2019	44
2020	38.2
2021	12.5
2022	13.3
2023	20.5
2024	0.3
2025	79.8
2026	38
2027	18.7
2028	76.9
2029	54.1
2030	48.6
2031	40.2
2032	33.2
2033	59.6
2034	87.4
2035	15.6
2036	0.4
2037	49.3
2038	1.3
2039	33.2
2040	29.2
2041	4.6
2042	20.7
2043	61.7
2044	63.1
2045	60.3
2046	77.6
2047	13.2
2048	27.1
2049	80.8
2050	96.5
2051	5.3
2052	74.3
2053	7.2
2054	17.8
2055	48.3
2056	33.8
2057	13.7
2058	4.1
2059	54.9
2060	10.5
2061	41
2062	90.9
2063	34
2064	5.1
2065	36.7
2066	43.4
2067	24.8
2068	49.3
2069	31.8
2070	53.1
2071	11.8
2072	53.4
2073	53.3
2074	70
2075	36.2
2076	2
2077	43.6
2078	65.6
2079	61.5
2080	48.8
2081	73.6
2082	67.4
2083	4.9
2084	53.5
2085	77.5
2086	39
2087	53.8
2088	85.3
2089	57.1
2090	82
2091	45.3
2092	57.2
2093	59.3
2094	37.4
2095	6.6
2096	76.5
2097	10.4
2098	58.7
2099	63.3
2100	33.7
2101	35.5
2102	52.5
2103	65.8
2104	73
2105	68.5
2106	29.9
2107	37.7
2108	57.1
2109	46.7
2110	42.9
2111	40
2112	10.7
2113	56.3
2114	52.5
2115	57.6
2116	70.9
2117	63
2118	52
2119	47.4
2120	63.6
2121	19.6
2122	84.7
2123	35.9
2124	88
2125	47.9
2126	36.6
2127	15.8
2128	35.7
2129	64.7
2130	34.6
2131	51.5
2132	50.4
2133	78.9
2134	33.4
2135	37
2136	73.2
2137	14.5
2138	44.5
2139	57.2
2140	57.8
2141	89.7
2142	31.4
2143	46.2
2144	49.6
2145	56
2146	17.6
2147	14.2
2148	118.7
2149	38.7
2150	40.9
2151	41.7
2152	54.7
2153	95.2
2154	99.8
2155	48.4
2156	43.3
2157	58.3
2158	20.1
2159	12.4
2160	116
2161	38
2162	31.2
2163	53.7
2164	33.2
2165	19.9
2166	33.5
2167	42.9
2168	40.3
2169	75.5
2170	24.8
2171	36.7
2172	25.7
2173	48.1
2174	28.5
2175	11.5
2176	53.5
2177	94.3
2178	32.4
2179	59.2
2180	21.1
2181	109.7
2182	28.4
2183	29.6
2184	45.9
2185	48.6
2186	6.3
2187	8.9
2188	24.1
2189	27.6
2190	12
2191	62.4
2192	25.4
2193	25.3
2194	66.3
2195	8.6
2196	52
2197	66.4
2198	21.4
2199	102.3
2200	26.3
2201	3.7
2202	4.4
2203	75
2204	24.2
2205	40.6
2206	40.4
2207	5.7
2208	5
2209	50.7
2210	71.8
2211	40.9
2212	19.7
2213	68.8
2214	32.9
2215	25.8
2216	4.9
2217	24.9
2218	33.4
2219	53.8
2220	2.9
2221	21.1
2222	74.6
2223	24.4
2224	64.8
2225	40.3
2226	4
2227	64.2
2228	84.8
2229	70.1
2230	16.8
2231	17
2232	47
2233	29.4
2234	42.1
2235	86.2
2236	24.3
2237	76.9
2238	86.9
2239	5.1
2240	69.4
2241	37.1
2242	29.1
2243	36.2
2244	37.3
2245	55
2246	16.3
2247	33.6
2248	83.4
2249	26.2
2250	26.4
2251	3
2252	53.3
2253	34.6
2254	5
2255	22.7
2256	31.9
2257	5.8
2258	15.3
2259	49.2
2260	14.4
2261	74.3
2262	53.7
2263	59.7
2264	66.7
2265	37.8
2266	49.8
2267	69.5
2268	25.1
2269	4
2270	47.9
2271	18.3
2272	36.1
2273	4.7
2274	34.8
2275	37.8
2276	4.8
2277	60.9
2278	53.7
2279	46.2
2280	74.9
2281	35.5
2282	55.9
2283	3.6
2284	49.4
2285	33.6
2286	25
2287	3.5
2288	17.6
2289	53.6
2290	48.6
2291	21.9
2292	32.4
2293	6.2
2294	6.3
2295	33.5
2296	27.7
2297	48.4
2298	37.4
2299	2.9
2300	46.4
2301	49.2
2302	41.2
2303	34.7
2304	30.8
2305	49.4
2306	30.1
2307	28.3
2308	56
2309	72.5
2310	49.7
2311	40.3
2312	60
2313	50.8
2314	87.4
2315	60.4
2316	24.4
2317	42
2318	32.4
2319	48.2
2320	27.9
2321	25.4
2322	82.9
2323	51
2324	44.1
2325	24.8
2326	72.2
2327	46.8
2328	34.2
2329	54.7
2330	40.6
2331	79.5
2332	8.6
2333	51.5
2334	22.5
2335	59.4
2336	56.3
2337	74
2338	18.3
2339	3.1
2340	29.6
2341	63
2342	32.3
2343	10.8
2344	45.4
2345	8
2346	79.3
2347	45.3
2348	50.7
2349	42.5
2350	59
2351	16.6
2352	50.8
2353	36.6
2354	42.5
2355	17.3
2356	25.9
2357	61.2
2358	1
2359	18.1
2360	51.4
2361	70.3
2362	3.5
2363	25.1
2364	15.9
2365	42.5
2366	31.5
2367	77.4
2368	76.2
2369	8.4
2370	31.9
2371	53.6
2372	38.7
2373	53.2
2374	1.2
2375	50.1
2376	53.4
2377	28
2378	61.5
2379	53.9
2380	62.6
2381	33.6
2382	23.6
2383	60.2
2384	66.2
2385	8.6
2386	58.6
2387	66
2388	61.1
2389	35.6
2390	13
2391	46.8
2392	25
2393	64.2
2394	42.6
2395	6.3
2396	72.7
2397	72.2
2398	9.8
2399	60.8
2400	61.9
2401	75.2
2402	30.3
2403	33.8
2404	3.7
2405	53.5
2406	29.9
2407	66.6
2408	26.2
2409	34.2
2410	56
2411	66.8
2412	52.6
2413	80.8
2414	5.8
2415	58
2416	49.3
2417	27.2
2418	68.8
2419	27.6
2420	67.4
2421	90.9
2422	16.7
2423	24.5
2424	46.3
2425	3.8
2426	93.3
2427	68
2428	35.9
2429	88.9
2430	88.2
2431	52.9
2432	68.7
2433	56.2
2434	5.6
2435	47.4
2436	65.1
2437	5.3
2438	29.5
2439	43.4
2440	43.7
2441	118
2442	43.6
2443	50.1
2444	89.2
2445	20.5
2446	5.4
2447	48.9
2448	113.9
2449	78.5
2450	101.1
2451	27.1
2452	22.8
2453	148.7
2454	91.2
2455	65.3
2456	79.6
2457	56.1
2458	79.4
2459	29.9
2460	8.5
2461	87.2
2462	51.3
2463	10
2464	155.9
2465	104.8
2466	88.4
2467	16.4
2468	12.7
2469	28.4
2470	117.2
2471	36.8
2472	16.2
2473	18.3
2474	59.3
2475	62.7
2476	67.6
2477	36.9
2478	22.6
2479	50
2480	16.9
2481	37.5
2482	11.2
2483	60.9
2484	60
2485	18.5
2486	26.1
2487	95.8
2488	21.5
2489	119.9
2490	94.6
2491	23.8
2492	76.6
2493	84.4
2494	25.6
2495	17.7
2496	20
2497	12.2
2498	12.9
2499	13.5
2500	45.7
2501	13.3
2502	9.9
2503	19.1
2504	45
2505	53.5
2506	20.8
2507	83.7
2508	70.7
2509	76.9
2510	72.2
2511	83.1
2512	58.2
2513	22.3
2514	9.7
2515	9.8
2516	52.7
2517	23.6
2518	22.3
2519	23.6
2520	58.3
2521	10.3
2522	106
2523	29.5
2524	52.9
2525	16.3
2526	13.2
2527	13.5
2528	26.8
2529	17.2
2530	13.7
2531	15.1
2532	15.9
2533	57.4
2534	17.8
2535	22
2536	42.4
2537	31.1
2538	51.7
2539	116.8
2540	29.6
2541	54.7
2542	38
2543	16.1
2544	11.9
2545	28
2546	56.1
2547	16.8
2548	29.6
2549	23.1
2550	44.6
2551	21.9
2552	112.4
2553	18
2554	57
2555	17.9
2556	20.7
2557	15.8
2558	26.1
2559	16.5
2560	55.8
2561	13.2
2562	108.3
2563	29
2564	44.6
2565	30.5
2566	19.6
2567	26.4
2568	84.1
2569	11.3
2570	14.8
2571	18.9
2572	41
2573	17.7
2574	29.3
2575	9.8
2576	20.2
2577	20.2
2578	15.9
2579	14.3
2580	25.4
2581	37.3
2582	80
2583	31.8
2584	36.2
2585	14.1
2586	65.9
2587	12.4
2588	24.4
2589	21.3
2590	8.5
2591	14.3
2592	17.7
2593	13.5
2594	5.1
2595	28.3
2596	26
2597	19
2598	77
2599	17.5
2600	14.4
2601	14
2602	34.8
2603	8.7
2604	75.8
2605	21.3
2606	9.7
2607	13.5
2608	18.3
2609	33.3
2610	12.5
2611	37.4
2612	9.5
2613	24.4
2614	52.7
2615	11.9
2616	31.3
2617	34.8
2618	16.4
2619	45.6
2620	59.6
2621	5.1
2622	15.8
2623	11.8
2624	10.6
2625	56.8
2626	4.6
2627	19.1
2628	10.8
2629	40
2630	14.6
2631	12.1
2632	7.5
2633	23
2634	14.3
2635	16.4
2636	38.4
2637	35.6
2638	23.6
2639	10.7
2640	12.7
2641	24.5
2642	7.9
2643	70.3
2644	10.4
2645	71.3
2646	14.9
2647	6.6
2648	29.8
2649	13.2
2650	12.5
2651	19.8
2652	17.9
2653	17.9
2654	19.6
2655	22.2
2656	38.8
2657	6.4
2658	19.8
2659	15.2
2660	33.1
2661	15.1
2662	58.6
2663	34.3
2664	11.2
2665	27.5
2666	25.6
2667	5.6
2668	17.4
2669	12.5
2670	55
2671	15.8
2672	25.8
2673	3.8
2674	7.5
2675	22
2676	6.4
2677	62.1
2678	12.5
2679	24.3
2680	14.4
2681	26.7
2682	20.9
2683	12.1
2684	7.2
2685	20.6
2686	13.1
2687	43
2688	35.4
2689	35.9
2690	30.4
2691	28.6
2692	6
2693	34.2
2694	9.4
2695	27.6
2696	10.9
2697	29.7
2698	54.5
2699	3.9
2700	40.9
2701	4.3
2702	21.1
2703	6.3
2704	1.3
2705	10.7
2706	19.5
2707	6.6
2708	21.1
2709	24.6
2710	37.8
2711	13
2712	24.3
2713	12.3
2714	30.4
2715	7.5
2716	40.4
2717	25.6
2718	5.6
2719	11.2
2720	28
2721	11.4
2722	35.1
2723	11.4
2724	1.6
2725	32.7
2726	15.3
2727	16.6
2728	5.3
2729	16.5
2730	25.3
2731	26.7
2732	23.7
2733	10.6
2734	17.6
2735	12.1
2736	3.8
2737	14.3
2738	35.2
2739	14.5
2740	23
2741	34.9
2742	22.2
2743	14.5
2744	14.1
2745	8.3
2746	3.4
2747	15.1
2748	30
2749	11.4
2750	11.1
2751	16.2
2752	10.8
2753	9.6
2754	15.9
2755	22.4
2756	14
2757	11.9
2758	34.5
2759	17.4
2760	13.8
2761	11.1
2762	8.8
2763	3.5
2764	31.2
2765	28.6
2766	12
2767	2.9
2768	28.7
2769	10.6
2770	15.4
2771	30.1
2772	19.9
2773	5.1
2774	29.5
2775	41.5
2776	16.3
2777	15.7
2778	16.9
2779	15.4
2780	4.1
2781	10.5
2782	7.8
2783	9.8
2784	10.8
2785	3.5
2786	1.8
2787	40.2
2788	16.3
2789	19.5
2790	10.1
2791	19.7
2792	33.7
2793	35.6
2794	7.7
2795	13.2
2796	17.1
2797	59.6
2798	11.1
2799	11.8
2800	53.5
2801	37.5
2802	33.4
2803	5
2804	4.4
2805	61.5
2806	14.3
2807	30
2808	46.6
2809	37.6
2810	3.8
2811	39.6
2812	21.3
2813	15.9
2814	14.7
2815	36.5
2816	13.4
2817	15.7
2818	20.1
2819	15
2820	42
2821	25.4
2822	9.8
2823	26
2824	4.9
2825	21.2
2826	4
2827	3.8
2828	24.4
2829	2.7
2830	11.6
2831	12.7
2832	11.3
2833	7.8
2834	26.2
2835	41.2
2836	12.1
2837	11.3
2838	40.6
2839	23.6
2840	44.5
2841	24.9
2842	18.5
2843	17.3
2844	3.6
2845	6.6
2846	4.7
2847	33.7
2848	62.4
2849	27
2850	52.1
2851	12.1
2852	12.4
2853	10.5
2854	46.6
2855	24.8
2856	35.1
2857	16.4
2858	30.8
2859	18.7
2860	11.8
2861	10.7
2862	25.1
2863	11.8
2864	21.2
2865	24.3
2866	48.2
2867	14.1
2868	12.2
2869	20.1
2870	33.3
2871	40.2
2872	45.5
2873	40.8
2874	3.9
2875	12
2876	2.9
2877	16.1
2878	33.3
2879	3.4
2880	10.3
2881	20.9
2882	47.8
2883	13.4
2884	31.5
2885	13.8
2886	23.4
2887	17
2888	3.5
2889	3
2890	4.4
2891	20.6
2892	35.7
2893	32.6
2894	29
2895	58.5
2896	2.4
2897	46.2
2898	30.5
2899	36.3
2900	31.1
2901	8.5
2902	20.6
2903	73.2
2904	2.3
2905	27.6
2906	39.9
2907	18.4
2908	23.5
2909	49.5
2910	7.3
2911	48.2
2912	37.7
2913	48.6
2914	42.6
2915	15.6
2916	67.8
2917	4
2918	41.3
2919	7.1
2920	15.3
2921	16.3
2922	10.1
2923	37.6
2924	21.9
2925	24.8
2926	16.2
2927	3.9
2928	59
2929	16.7
2930	49.3
2931	17.1
2932	52.4
2933	59.5
2934	5.5
2935	36.9
2936	7.4
2937	16.4
2938	16.1
2939	46.6
2940	12.1
2941	28.9
2942	7.4
2943	71.8
2944	14.2
2945	70.5
2946	52.1
2947	32.6
2948	32.5
2949	63.1
2950	10
2951	58.3
2952	32.5
2953	76.5
2954	48.1
2955	64.8
2956	61.9
2957	20.1
2958	29.4
2959	18
2960	28.9
2961	30.2
2962	20.3
2963	38.1
2964	50.6
2965	9.3
2966	44.7
2967	60.6
2968	38.4
2969	15
2970	16.6
2971	28.4
2972	42.8
2973	17.2
2974	85.1
2975	79.8
2976	51.3
2977	24.1
2978	22.4
2979	44.8
2980	76.1
2981	61.1
2982	38.9
2983	40.2
2984	52.6
2985	45.1
2986	22.1
2987	17.7
2988	54.6
2989	19.2
2990	9.8
2991	77.3
2992	26.3
2993	65.5
2994	22.7
2995	42.8
2996	63
2997	51.4
2998	8.1
2999	38.8
3000	17.2
3001	14.9
3002	80.1
3003	13.6
3004	28.5
3005	17
3006	58.9
3007	32.4
3008	24.3
3009	30.6
3010	19.1
3011	35.7
3012	34.7
3013	47.7
3014	9.4
3015	21.9
3016	18.8
3017	70.2
3018	15.6
3019	15.9
3020	13.7
3021	21.4
3022	17.2
3023	22.9
3024	59.3
3025	11.3
3026	50.1
3027	54.8
3028	17.7
3029	43
3030	21.8
3031	21.6
3032	23.7
3033	9.3
3034	33
3035	18.1
3036	17.7
3037	29.1
3038	18.3
3039	9.2
3040	63.1
3041	57.9
3042	37.4
3043	26.2
3044	21.8
3045	58.5
3046	11.5
3047	13.1
3048	28.3
3049	10.1
3050	76.4
3051	24.4
3052	12.9
3053	46.4
3054	13.4
3055	17.8
3056	31.6
3057	13.2
3058	57.4
3059	23.3
3060	10.6
3061	10.6
3062	16.8
3063	69.8
3064	33.5
3065	11.5
3066	42.6
3067	14.3
3068	85
3069	14.6
3070	22.3
3071	20.2
3072	35.5
3073	4.5
3074	40.1
3075	16.3
3076	32
3077	28
3078	16.1
3079	47.8
3080	26.1
3081	20.3
3082	9.3
3083	93.8
3084	24.4
3085	13.2
3086	14.5
3087	72.9
3088	58.8
3089	100.4
3090	49.9
3091	15.3
3092	18.1
3093	29
3094	11.3
3095	8.8
3096	26.1
3097	26.2
3098	86.4
3099	16.7
3100	24.7
3101	8.7
3102	16.9
3103	77.7
3104	76.1
3105	20.2
3106	40.6
3107	37.7
3108	9.7
3109	16.1
3110	12.7
3111	103.7
3112	7.8
3113	56.7
3114	15.5
3115	21.8
3116	17.8
3117	15.5
3118	51.8
3119	103.9
3120	3.3
3121	128
3122	14.7
3123	60.4
3124	5.5
3125	7.1
3126	9.7
3127	5.5
3128	12
3129	11.4
3130	8.7
3131	56.1
3132	36.7
3133	50.7
3134	52.9
3135	18.1
3136	63.2
3137	18.6
3138	12.4
3139	94.7
3140	42.6
3141	4.2
3142	49.9
3143	108.2
3144	9.8
3145	6.2
3146	11.4
3147	9.1
3148	4
3149	2.3
3150	10
3151	89.8
3152	69.9
3153	57.2
3154	38
3155	13.4
3156	16.9
3157	13.4
3158	7.7
3159	31.4
3160	4
3161	79.9
3162	67.2
3163	11.7
3164	12.5
3165	3.3
3166	68.4
3167	3.5
3168	78.2
3169	3.5
3170	49.4
3171	6.8
3172	97.7
3173	8.6
3174	4.7
3175	46.9
3176	9.5
3177	8.5
3178	7.2
3179	1.7
3180	5.5
3181	3
3182	42.4
3183	45
3184	72.4
3185	74.1
3186	13.8
3187	54.4
3188	2.9
3189	17.8
3190	1.5
3191	3.8
3192	3.4
3193	6.1
3194	47.7
3195	54.8
3196	3.4
3197	2.5
3198	2.9
3199	34.5
3200	1.9
3201	1.8
3202	60.3
3203	49.5
3204	4.3
3205	67.5
3206	4.7
3207	3
3208	3.4
3209	7.7
3210	48.9
3211	44.4
3212	42.5
3213	1.6
3214	2.3
3215	1.3
3216	5.6
3217	5.4
3218	55.6
3219	73.5
3220	2.9
3221	0.7
3222	51.5
3223	0.9
3224	28.8
3225	0.4
3226	15.1
3227	4.3
3228	1.9
3229	3.1
3230	8.6
3231	3.6
3232	2.2
3233	4.4
3234	12.7
3235	23.9
3236	50
3237	3.6
3238	67.7
3239	5.2
3240	10.1
3241	2.8
3242	3.9
3243	64
3244	2.4
3245	0.4
3246	3.2
3247	8.4
3248	0.2
3249	2.1
3250	6.1
3251	44
3252	46.3
3253	1.5
3254	47.8
3255	1.6
3256	1.4
3257	44.3
3258	3.3
3259	2.2
3260	1.1
3261	2.6
3262	46.5
3263	0.3
3264	0.4
3265	3.6
3266	4.7
3267	3.4
3268	44.9
3269	35.7
3270	4.7
3271	0.2
3272	30.5
3273	0.3
3274	30
3275	2.3
3276	5.1
3277	4.1
3278	9.1
3279	0.7
3280	0.2
3281	4.2
3282	0.2
3283	23.2
3284	2.9
3285	0.3
3286	22.8
3287	0.1
3288	1.4
3289	5.5
3290	1.1
3291	14.3
3292	0.8
3293	1.5
3294	2.1
3295	0.9
3296	0.4
3297	1.2
3298	3.5
3299	1.6
3300	7.4
3301	1.5
3302	4
3303	16
3304	1.6
3305	68.9
3306	2.9
3307	0.3
3308	14.9
3309	1.1
3310	2.7
3311	0.9
3312	1.1
3313	0.8
3314	0.2
3315	6.1
3316	18.5
3317	0.1
3318	19
3319	0.4
3320	0.8
3321	2
3322	0.4
3323	5.4
3324	5
3325	0.9
3326	0.6
3327	0.3
3328	0.2
3329	0.6
3330	8.4
3331	1.1
3332	2
3333	0.9
3334	0.5
3335	7.5
3336	1.5
3337	0.2
3338	0.9
3339	0.1
3340	0.2
3341	7.6
3342	1.5
3343	0.4
3344	1.1
3345	0.3
3346	0.7
3347	0.7
3348	0.2
3349	2.2
3350	12.6
3351	0.9
3352	17.9
3353	0.4
3354	3.1
3355	0.4
3356	0.5
3357	3.8
3358	0.6
3359	0.2
3360	11.7
3361	0.8
3362	2.9
3363	3.1
3364	1.8
3365	2.9
3366	0
3367	0.8
3368	0.3
3369	0.8
3370	1.8
3371	0
3372	1.9
3373	0.6
3374	0.2
3375	2.4
3376	0.4
3377	2
3378	2
3379	1.6
3380	0.1
3381	0
3382	1.7
3383	1.3
3384	0.1
3385	0
3386	0
3387	1.7
3388	1.5
3389	0.1
3390	0.1
3391	1.1
3392	0.4
3393	1.2
3394	0.3
3395	0.4
3396	0.1
3397	0.7
3398	0.3
3399	1
3400	71.3
3401	76.3
3402	59.8
3403	171.5
3404	50.7
3405	77.1
3406	58.9
3407	143.5
3408	64.3
3409	130.1
3410	4.8
3411	13
3412	54.8
3413	109.9
3414	47.9
3415	116.9
3416	129.3
3417	106.8
3418	73
3419	75.6
3420	113.1
3421	122.9
3422	83.8
3423	70.3
3424	76.3
3425	68.8
3426	75.7
3427	64.6
3428	8.6
3429	78.8
3430	6.9
3431	100.1
3432	84.3
3433	140
3434	61.1
3435	96.1
3436	117.5
3437	98.7
3438	116.3
3439	64.8
3440	56.5
3441	92.6
3442	161.7
3443	96.1
3444	37.3
3445	80.4
3446	95.8
3447	174.5
3448	158.4
3449	62.7
3450	99.8
3451	112.3
3452	67.8
3453	28.1
3454	65.1
3455	78.1
3456	103.2
3457	115.7
3458	50.7
3459	98.6
3460	61.3
3461	193.8
3462	103
3463	87.8
3464	98.4
3465	109.4
3466	14.5
3467	76.4
3468	111.7
3469	16.8
3470	103.2
3471	52
3472	9.7
3473	67.4
3474	41.8
3475	75.8
3476	101.9
3477	122.1
3478	100.8
3479	74
3480	40
3481	61.9
3482	11.4
3483	34.3
3484	47.1
3485	28.3
3486	62.9
3487	4.2
3488	16.2
3489	102
3490	66.7
3491	67.1
3492	66
3493	45.4
3494	37.7
3495	85.1
3496	19.1
3497	25.8
3498	36.2
3499	63.9
3500	66.5
3501	7.1
3502	5.8
3503	31
3504	32.7
3505	33.2
3506	29.9
3507	38.6
3508	28.4
3509	6.1
3510	37.2
3511	19.2
3512	35.3
3513	9.4
3514	37.3
3515	35.6
3516	37.3
3517	40.1
3518	66.9
3519	30.6
3520	46.6
3521	106.5
3522	131.9
3523	50.7
3524	24.1
3525	44.7
3526	29.9
3527	32.1
3528	68.7
3529	17.2
3530	18.3
3531	96.4
3532	8.9
3533	34.3
3534	49.2
3535	26.2
3536	24
3537	3.3
3538	19.3
3539	20.8
3540	42
3541	39.8
3542	25.9
3543	52.1
3544	31.4
3545	59.7
3546	11.4
3547	19
3548	32.3
3549	10.3
3550	12.6
3551	18.2
3552	29
3553	46.1
3554	33.7
3555	54.3
3556	45.1
3557	22.6
3558	58.8
3559	18.4
3560	40.2
3561	8.3
3562	15.4
3563	56.7
3564	21.8
3565	21.5
3566	15.4
3567	44.6
3568	36.5
3569	107.1
3570	28.3
3571	37.8
3572	14.1
3573	48.7
3574	20.8
3575	18.1
3576	63.8
3577	57.1
3578	67.6
3579	7.5
3580	5.3
3581	1.8
3582	60.4
3583	5.5
3584	36.6
3585	0.5
3586	28
3587	0.8
3588	2.3
3589	0.4
3590	3.6
3591	35.3
3592	2.3
3593	1.4
3594	0.2
