"COMID"	"Value"
1	79.1
2	2.1
3	84.7
4	13.3
5	42.5
6	4
7	74.9
8	2.4
9	0
10	2.1
11	19.2
12	0
13	1.2
14	59.6
15	0.7
16	25.3
17	82.8
18	31.4
19	92.8
20	85.4
21	4.7
22	70.1
23	0.3
24	0
25	19
26	8
27	14.1
28	64.4
29	16.9
30	0.9
31	74.8
32	68.3
33	73.5
34	0
35	5.7
36	0.1
37	46.8
38	1.2
39	0
40	81.2
41	65.4
42	2.9
43	85.2
44	73.2
45	1.6
46	0.6
47	8.3
48	66.1
49	11.4
50	1.1
51	0
52	0.3
53	0.2
54	57.4
55	61.6
56	76.2
57	92.4
58	0
59	1.1
60	0
61	0.2
62	0.2
63	65.9
64	5.8
65	0.1
66	18.7
67	48.5
68	5.1
69	2.1
70	0.4
71	3.7
72	25.7
73	0
74	47.9
75	0.6
76	0.5
77	12.4
78	0.2
79	48.2
80	0.3
81	0.5
82	6.2
83	9.1
84	0.7
85	19.4
86	11.5
87	0.1
88	0
89	0
90	5.8
91	0.2
92	42.6
93	19.9
94	0.3
95	85.1
96	0
97	79.6
98	0.1
99	1.5
100	50.2
101	43.2
102	12
103	0
104	7.2
105	0
106	63.6
107	0
108	0.3
109	0
110	0
111	1.6
112	78.9
113	0.2
114	75.6
115	2.5
116	9.8
117	77.9
118	35.1
119	0.3
120	1.7
121	0.2
122	18
123	1.8
124	32.4
125	20.7
126	25.6
127	2.4
128	72.1
129	0
130	1.3
131	1.2
132	0.2
133	82.8
134	12.8
135	21.9
136	23.8
137	62.4
138	0.1
139	0
140	10
141	3.4
142	0.4
143	0.1
144	1.7
145	0
146	62.4
147	82.3
148	57.6
149	15.2
150	60.2
151	11.4
152	23.2
153	0
154	11.4
155	1.8
156	0.9
157	54.1
158	0.1
159	3.2
160	15.8
161	0.4
162	0
163	0.2
164	0
165	0.2
166	0.1
167	53.6
168	0.5
169	42.2
170	5
171	30.2
172	0.1
173	0.4
174	0.1
175	0.3
176	54.7
177	3.9
178	5.1
179	17.3
180	0.1
181	1.1
182	3.7
183	2.3
184	0
185	0.2
186	3.4
187	2.6
188	0.1
189	0.1
190	1.7
191	0.1
192	6.9
193	0.1
194	33.8
195	6.6
196	0
197	4.1
198	0
199	8.3
200	0
201	0
202	0.4
203	0
204	0
205	0.4
206	10.8
207	0.2
208	30
209	4.3
210	29.8
211	65.2
212	47.6
213	2
214	0
215	27.8
216	1.9
217	2.6
218	0.2
219	0.3
220	0.1
221	0.3
222	21.2
223	37.8
224	0.8
225	0.8
226	17
227	1
228	3.4
229	0
230	0.1
231	6.3
232	0.6
233	13.8
234	0.4
235	0
236	2
237	1
238	0.2
239	23.9
240	55.6
241	13.1
242	0.3
243	0.2
244	15.7
245	11.8
246	18.4
247	0
248	0
249	0.2
250	15.8
251	18
252	144.8
253	1.8
254	0
255	0
256	0.2
257	0
258	7.8
259	0
260	0
261	6.6
262	11
263	0.1
264	0
265	0
266	2.9
267	21.9
268	51.8
269	14.4
270	0
271	18.3
272	4.8
273	21
274	0.1
275	6.3
276	0.1
277	0
278	2.9
279	0
280	4.7
281	2
282	15.4
283	0
284	1
285	0.2
286	0.6
287	142
288	0.3
289	0
290	0
291	16.4
292	0.3
293	0.1
294	57.5
295	0
296	1.7
297	0.7
298	0
299	1.6
300	0.3
301	0
302	0.4
303	0.6
304	0.1
305	1.8
306	0.2
307	0.1
308	4.7
309	0.1
310	0.1
311	0.1
312	0.4
313	0
314	0.1
315	0
316	0
317	0.1
318	0
319	0.1
320	0
321	0
322	0
323	0
324	0.1
325	0
326	26.7
327	0.1
328	0.1
329	0
330	0.1
331	0.2
332	0
333	0.2
334	0.1
335	2.5
336	0.2
337	0
338	0.2
339	0.3
340	0.5
341	0.1
342	0.1
343	0.5
344	3.7
345	0.4
346	0.3
347	0.5
348	0.2
349	0.3
350	0.4
351	0.7
352	0.6
353	9.4
354	0.4
355	0
356	0.6
357	1.1
358	0.4
359	0.1
360	0.5
361	0.3
362	0.5
363	0.6
364	0.1
365	3.5
366	4.7
367	0.1
368	85.3
369	0
370	19.2
371	0.1
372	0.7
373	5.3
374	0.1
375	60.1
376	17.2
377	24.3
378	7.4
379	0.1
380	25.7
381	0
382	0.3
383	7.8
384	0.8
385	1.4
386	0.1
387	65.1
388	0.6
389	0.9
390	41.8
391	1.6
392	2.1
393	0.4
394	1.5
395	1.2
396	1.9
397	0.8
398	0.4
399	4.8
400	0.2
401	74.4
402	0.6
403	1.2
404	0.2
405	2.4
406	36
407	2.9
408	0.3
409	0.3
410	91.6
411	35
412	0.7
413	64.1
414	0.6
415	2.1
416	0.6
417	0.6
418	1.2
419	5.3
420	1
421	2.5
422	1.8
423	34.6
424	30.6
425	28.4
426	0.5
427	86.8
428	19.7
429	9.3
430	81.5
431	2.8
432	1.6
433	25.7
434	3
435	0.6
436	6.5
437	4.9
438	87
439	0.8
440	17
441	44.9
442	0.4
443	11.5
444	2.9
445	171.6
446	0.2
447	168.3
448	121.3
449	0.2
450	2.8
451	2.1
452	143.2
453	1.2
454	0.1
455	0.8
456	0
457	55.8
458	92.4
459	105.3
460	1.7
461	11.7
462	180.8
463	0.1
464	0.4
465	73.1
466	4.5
467	31.2
468	0
469	4.2
470	0.1
471	0
472	19.2
473	1.1
474	0
475	0
476	0
477	196.2
478	0.5
479	11.7
480	37.8
481	1.5
482	0.9
483	63.7
484	0.7
485	3.2
486	6
487	9.2
488	14.1
489	1
490	6.9
491	14.2
492	43.5
493	1.3
494	18.2
495	7.1
496	0.5
497	57.2
498	2.5
499	1.6
500	24.4
501	69
502	34.2
503	0.3
504	0.5
505	10
506	28.1
507	65.5
508	10.5
509	20.6
510	77.1
511	4.1
512	9.2
513	0.1
514	11.3
515	0.5
516	0.2
517	43.3
518	0.1
519	0.2
520	8.9
521	22.1
522	0.1
523	0.3
524	42.8
525	15.1
526	0.8
527	16
528	0.2
529	0.7
530	127.8
531	74.1
532	91.5
533	14.2
534	0.5
535	152
536	48.9
537	4.7
538	1.2
539	0
540	0.1
541	38.9
542	76.2
543	0.4
544	0.9
545	9
546	99.6
547	13.2
548	7.9
549	17.8
550	0
551	30.4
552	22.2
553	1.9
554	0.5
555	0.2
556	24.2
557	0
558	9.6
559	6.3
560	60.7
561	2
562	108.2
563	0.6
564	19.6
565	4.1
566	85.8
567	0.1
568	90
569	0.1
570	0.5
571	2.8
572	43.8
573	0
574	24.5
575	0.1
576	20.4
577	3.7
578	1.4
579	6
580	62
581	6.2
582	9
583	0.2
584	0.1
585	21.5
586	19.9
587	87.1
588	2.2
589	27.5
590	0.5
591	5.6
592	4.4
593	55.8
594	0.1
595	3.8
596	0.2
597	0.5
598	0
599	91.9
600	0.1
601	0
602	0.8
603	9.6
604	3.9
605	4
606	4
607	0.1
608	0.1
609	8.1
610	0.1
611	1.1
612	11.8
613	0.2
614	81.6
615	0.7
616	7.9
617	17.5
618	5.6
619	0.3
620	0.1
621	2.1
622	89.9
623	94.1
624	94.2
625	0.1
626	0
627	77.5
628	0.1
629	2.6
630	141.4
631	0.1
632	7.6
633	6.8
634	0.4
635	1.4
636	1.5
637	1.1
638	0.1
639	3.2
640	0.8
641	125.4
642	6.1
643	66.3
644	19.5
645	5.1
646	3.8
647	0.1
648	15.2
649	101.3
650	0.1
651	152.2
652	0
653	0.3
654	0.1
655	1.2
656	0.1
657	81.8
658	0.6
659	94.2
660	20.4
661	0.5
662	3.1
663	74.9
664	0.1
665	0
666	0.1
667	0.2
668	109.2
669	2.6
670	0.1
671	0.1
672	0
673	3.2
674	1.3
675	3.6
676	76
677	105.7
678	1.4
679	0.1
680	1.2
681	3.4
682	81.5
683	48.4
684	95.9
685	0
686	89.9
687	1.2
688	2.9
689	0
690	2.7
691	0
692	100.4
693	1.2
694	2.2
695	0.1
696	26.2
697	0.1
698	61.8
699	73.2
700	2.6
701	0.6
702	12.1
703	4.1
704	75.2
705	118.7
706	1.1
707	56.5
708	5.1
709	116.8
710	66.4
711	1.9
712	35.2
713	102.4
714	0.5
715	78.8
716	3.6
717	10.9
718	22.1
719	103.4
720	4.5
721	0.1
722	92.8
723	10.6
724	106.8
725	0
726	1.8
727	1.3
728	88.2
729	0.3
730	93.3
731	0.6
732	2
733	105
734	3.1
735	26.7
736	0.8
737	98.7
738	5.4
739	104.8
740	98.4
741	58.3
742	61.1
743	98.1
744	1.7
745	1.2
746	1.6
747	7.2
748	0.4
749	83.1
750	0.1
751	3.3
752	116.4
753	7.1
754	19.9
755	75.5
756	0.7
757	29.6
758	18.8
759	0
760	2.7
761	0
762	60.8
763	100
764	60.5
765	3.6
766	1.8
767	30.6
768	83
769	59.1
770	67.8
771	10.1
772	12
773	3.4
774	3.6
775	0.3
776	0.1
777	78.6
778	0.7
779	1.2
780	64.4
781	96.3
782	168.4
783	138.6
784	198.1
785	171.8
786	120.1
787	164.1
788	94
789	117.7
790	74.3
791	147.3
792	76.5
793	112.5
794	87.8
795	108.9
796	118.8
797	100.3
798	108.6
799	81.2
800	78.7
801	143.3
802	137.4
803	83.5
804	66
805	109.4
806	117.4
807	56.8
808	104.1
809	144.7
810	123.6
811	127
812	115.1
813	121.5
814	114.8
815	128.4
816	132.1
817	70.7
818	118.2
819	181.3
820	144.3
821	124.2
822	158.8
823	185.2
824	131.2
825	83.6
826	159.9
827	139.5
828	146.5
829	89.5
830	123.5
831	72.2
832	143
833	94.9
834	142.7
835	151.5
836	163.8
837	57.3
838	141.8
839	64.3
840	173.3
841	175.1
842	53.6
843	35.5
844	179.6
845	178.2
846	64.6
847	173.4
848	103.3
849	46.1
850	166
851	183.2
852	127.5
853	147.7
854	155.2
855	165.1
856	142
857	154.2
858	199.5
859	142.4
860	73.1
861	199
862	27.2
863	118.8
864	131.1
865	206.3
866	80.5
867	133.4
868	239.1
869	115.4
870	78.6
871	136.9
872	130.6
873	37.9
874	143.5
875	243.1
876	126.2
877	123.5
878	136.2
879	195.9
880	112.2
881	83.8
882	120.4
883	138.6
884	134.9
885	144.8
886	31.1
887	132.2
888	156.2
889	177.3
890	88
891	147.3
892	128.7
893	122.8
894	27
895	159
896	218.6
897	142.7
898	133.4
899	176.2
900	156.7
901	161.9
902	289.1
903	192.4
904	155.1
905	156.6
906	266.3
907	142.9
908	133.7
909	249.4
910	36.9
911	194.2
912	161.8
913	149.3
914	147.7
915	57.5
916	126.3
917	152.5
918	145.7
919	202.6
920	185.3
921	122.6
922	188.5
923	47.4
924	238.1
925	143.7
926	238.2
927	239.5
928	164.3
929	161.5
930	123.9
931	283
932	140.6
933	207.7
934	46.7
935	206.7
936	200.2
937	216.7
938	182
939	152.7
940	251.7
941	146.7
942	123.9
943	32.9
944	142.9
945	186.7
946	216.3
947	28.5
948	173.1
949	281.5
950	337.9
951	175
952	193.3
953	180.4
954	143.6
955	161.4
956	131.4
957	216.1
958	155.7
959	167.6
960	137.9
961	135.5
962	200.1
963	184.9
964	15.3
965	297.1
966	95.8
967	24.4
968	137.4
969	130.5
970	79.4
971	251.4
972	166.8
973	97.7
974	142.6
975	167.3
976	189
977	146.5
978	188.8
979	79
980	151.3
981	269.6
982	156.9
983	244.3
984	151.4
985	163.8
986	171.2
987	142.9
988	171.4
989	176.9
990	52.6
991	186.9
992	147.6
993	180.1
994	237.1
995	230.2
996	184.1
997	177.1
998	123.5
999	243.8
1000	20.7
1001	129.5
1002	190.9
1003	42.6
1004	166.4
1005	183.7
1006	108
1007	28.1
1008	128.2
1009	96.6
1010	131.3
1011	95.1
1012	107.4
1013	168.8
1014	176.6
1015	128.9
1016	29
1017	178.5
1018	155.5
1019	157.5
1020	130.6
1021	143.3
1022	111.3
1023	115
1024	196.9
1025	135.2
1026	101.9
1027	117.1
1028	162.8
1029	166.6
1030	262.6
1031	34.5
1032	30.2
1033	283.7
1034	187.1
1035	206.6
1036	101.2
1037	113.5
1038	148
1039	149.7
1040	139.9
1041	134.7
1042	135.8
1043	31.3
1044	106.1
1045	150.3
1046	144.1
1047	200.6
1048	133.9
1049	168.3
1050	25
1051	167.1
1052	111.3
1053	138.1
1054	98.2
1055	167.9
1056	116.9
1057	293.6
1058	188.8
1059	294.3
1060	149.2
1061	30.6
1062	144.8
1063	180.8
1064	199.5
1065	110.8
1066	184.5
1067	239.1
1068	307.3
1069	197.8
1070	220.6
1071	93.5
1072	198.1
1073	223.2
1074	227.2
1075	141.9
1076	181.1
1077	211.3
1078	135
1079	81.7
1080	150.3
1081	235.6
1082	206.7
1083	169.6
1084	134.1
1085	218.2
1086	219.7
1087	34.8
1088	172
1089	118.7
1090	89.6
1091	208.4
1092	259.9
1093	160.6
1094	287.7
1095	120.2
1096	133.1
1097	222.7
1098	158.1
1099	139.9
1100	25.8
1101	273.2
1102	164
1103	144.3
1104	152.7
1105	138.4
1106	114
1107	177.7
1108	112.7
1109	108.5
1110	267.1
1111	202.6
1112	209.8
1113	211.9
1114	143.7
1115	110.1
1116	148.6
1117	258
1118	137.1
1119	153.4
1120	170.3
1121	110
1122	170
1123	152.1
1124	92.8
1125	194.2
1126	185.5
1127	120
1128	213.6
1129	217.5
1130	142.7
1131	222
1132	190
1133	241.3
1134	128.8
1135	115.3
1136	218.5
1137	152.5
1138	113.9
1139	109.9
1140	118.6
1141	125.5
1142	168.4
1143	189.7
1144	109.1
1145	157.2
1146	162.6
1147	139.6
1148	285.2
1149	122.6
1150	99.9
1151	123
1152	178.1
1153	159.7
1154	24.6
1155	168.5
1156	148.7
1157	154
1158	141.3
1159	166.4
1160	145.6
1161	172.2
1162	139.7
1163	90.2
1164	166.7
1165	172.1
1166	173.1
1167	309.8
1168	149.2
1169	269.2
1170	171.4
1171	114.2
1172	240.7
1173	120.2
1174	242.9
1175	126.5
1176	138.8
1177	143.8
1178	119
1179	194.7
1180	119.6
1181	99.6
1182	84.7
1183	236.9
1184	149.6
1185	132
1186	105.2
1187	120.1
1188	94.1
1189	116.4
1190	186.1
1191	139.1
1192	141.5
1193	129.3
1194	179
1195	202.1
1196	198.1
1197	111.9
1198	228.5
1199	190.5
1200	31.7
1201	160.9
1202	155.9
1203	111.7
1204	95.9
1205	143.3
1206	257.8
1207	124
1208	179.2
1209	140.1
1210	195
1211	289.9
1212	115.5
1213	223.6
1214	84.3
1215	119.6
1216	189.4
1217	199
1218	195.4
1219	163.9
1220	178.2
1221	111.6
1222	104.6
1223	189.2
1224	116.3
1225	230.8
1226	122.1
1227	193.8
1228	159.9
1229	122
1230	150.6
1231	219.9
1232	173
1233	129
1234	167.8
1235	103.4
1236	174.8
1237	216.6
1238	227.9
1239	160.9
1240	122.8
1241	125.6
1242	208.3
1243	192.5
1244	139
1245	171.5
1246	201.4
1247	153.7
1248	48.9
1249	211.4
1250	90.4
1251	174.2
1252	138.3
1253	160.1
1254	170.7
1255	176.8
1256	95.1
1257	168
1258	171.8
1259	177.3
1260	144.4
1261	124.6
1262	228.2
1263	167
1264	147.2
1265	218.2
1266	133.5
1267	154.3
1268	221
1269	41
1270	203
1271	179.9
1272	107.9
1273	153.9
1274	185.5
1275	134.6
1276	73.7
1277	196.6
1278	217.9
1279	31.5
1280	215
1281	163.6
1282	185
1283	224.7
1284	41.5
1285	138.5
1286	208.2
1287	191.4
1288	147.8
1289	166.2
1290	184.3
1291	129
1292	206.8
1293	20.6
1294	134.8
1295	152.2
1296	201.1
1297	57.8
1298	145.1
1299	176.7
1300	170.5
1301	236.7
1302	151.2
1303	128.9
1304	48.9
1305	241
1306	147
1307	147.2
1308	241.7
1309	181.6
1310	211.9
1311	146.9
1312	157.1
1313	167.2
1314	160.5
1315	174.9
1316	78.8
1317	61.2
1318	122.3
1319	244.7
1320	224.3
1321	109.3
1322	119.5
1323	161.4
1324	106.4
1325	126
1326	140.3
1327	127.6
1328	156.7
1329	39.7
1330	95
1331	82.2
1332	19.6
1333	107.3
1334	178.5
1335	214.6
1336	162.6
1337	180
1338	167.1
1339	221.7
1340	113.5
1341	126.5
1342	138.8
1343	158
1344	147
1345	265.2
1346	142.6
1347	170.1
1348	127.2
1349	153.4
1350	154.7
1351	160.1
1352	44.8
1353	128.9
1354	105.7
1355	179.1
1356	30.2
1357	100.7
1358	264
1359	165.7
1360	146.1
1361	173.9
1362	107.1
1363	106
1364	267.2
1365	67.7
1366	105.3
1367	174.5
1368	104.3
1369	153.5
1370	167.6
1371	120.2
1372	56.2
1373	99.5
1374	241.8
1375	119.2
1376	38.4
1377	68.9
1378	146.1
1379	153.1
1380	78.7
1381	160.8
1382	189
1383	150.4
1384	62.7
1385	38.7
1386	89
1387	131.1
1388	117.1
1389	140.2
1390	116.5
1391	87.2
1392	113.3
1393	69.2
1394	151.3
1395	90.7
1396	151.3
1397	120.3
1398	172
1399	153
1400	96.1
1401	187.7
1402	166.3
1403	126.1
1404	153.8
1405	236.2
1406	125.2
1407	136.1
1408	128.7
1409	197.4
1410	113.3
1411	133.6
1412	268.8
1413	196.5
1414	79.5
1415	224.4
1416	199
1417	155.1
1418	117.6
1419	170.5
1420	74.3
1421	122.9
1422	266.4
1423	76.5
1424	92.5
1425	117.9
1426	138.6
1427	97.9
1428	108.7
1429	146.6
1430	142.7
1431	123.3
1432	172.9
1433	159.9
1434	121.1
1435	145.4
1436	192.3
1437	75
1438	93.7
1439	85.3
1440	149
1441	185.6
1442	128.2
1443	98.6
1444	127.5
1445	156.5
1446	222.8
1447	217.7
1448	182.8
1449	196.7
1450	172.1
1451	121.5
1452	175.4
1453	205.3
1454	68.2
1455	230.2
1456	128.3
1457	167.4
1458	114.1
1459	84.7
1460	110.8
1461	164.9
1462	86.4
1463	131.4
1464	104.5
1465	139.3
1466	77.4
1467	98.6
1468	122.9
1469	138.5
1470	203.2
1471	96.2
1472	87.8
1473	70.1
1474	232.7
1475	149.1
1476	125.1
1477	201.9
1478	237.9
1479	108.7
1480	136.3
1481	123.8
1482	168
1483	136.1
1484	221.5
1485	78.8
1486	120
1487	114.8
1488	148.5
1489	123.4
1490	149.9
1491	102.3
1492	125.7
1493	170.2
1494	160.8
1495	149.9
1496	143.7
1497	191.1
1498	119.1
1499	156.1
1500	116.8
1501	123.6
1502	131.2
1503	219.2
1504	165.1
1505	136.6
1506	151.1
1507	217
1508	234.7
1509	66.5
1510	188.9
1511	214.3
1512	207
1513	154.6
1514	198.5
1515	118
1516	155.5
1517	80.5
1518	151.3
1519	119.4
1520	216
1521	110.7
1522	175.5
1523	100.1
1524	120.4
1525	261.4
1526	138.8
1527	103.9
1528	134.9
1529	112.4
1530	167.2
1531	230.3
1532	216
1533	264.6
1534	144.3
1535	24.1
1536	148.6
1537	122.1
1538	51.8
1539	210.6
1540	264.8
1541	101.2
1542	144.9
1543	153.6
1544	126.4
1545	99.4
1546	45.1
1547	134.7
1548	94.8
1549	136.8
1550	130.4
1551	106.4
1552	176
1553	168.1
1554	95.6
1555	149.5
1556	84.3
1557	236.8
1558	210.7
1559	156.6
1560	165.2
1561	142.1
1562	245.2
1563	220.7
1564	81.9
1565	109.9
1566	259.2
1567	109.7
1568	155.7
1569	144
1570	90.5
1571	86
1572	211.5
1573	184.6
1574	262.3
1575	153.2
1576	179.4
1577	191.6
1578	112.3
1579	85.1
1580	120.2
1581	76
1582	103.5
1583	217.9
1584	53.4
1585	158.7
1586	84.9
1587	208.4
1588	86.3
1589	178.4
1590	166.7
1591	82.2
1592	145.9
1593	235.3
1594	169.6
1595	135.6
1596	169.4
1597	88.3
1598	93.9
1599	248.8
1600	118.4
1601	102.7
1602	182.9
1603	121.6
1604	153.2
1605	217.1
1606	90.8
1607	164.8
1608	96.1
1609	88.5
1610	120.6
1611	194
1612	101.7
1613	243.5
1614	92
1615	137.6
1616	167.3
1617	116.8
1618	163.1
1619	182
1620	121
1621	123.1
1622	177.5
1623	123.3
1624	156
1625	141.8
1626	189.9
1627	212.1
1628	190.6
1629	112.7
1630	123.9
1631	181
1632	176.5
1633	96.9
1634	136.8
1635	185.2
1636	253
1637	301
1638	245.6
1639	184.7
1640	113.4
1641	146.3
1642	115
1643	298
1644	145.1
1645	99.1
1646	206.9
1647	89.4
1648	166.6
1649	209.5
1650	112.3
1651	118.6
1652	179
1653	98.6
1654	145.7
1655	155.7
1656	87.9
1657	99.6
1658	317.7
1659	303.9
1660	158.3
1661	140.7
1662	268.8
1663	161.9
1664	166.2
1665	91.4
1666	148.3
1667	144.6
1668	240.6
1669	211.2
1670	113.3
1671	138.9
1672	147
1673	173.5
1674	294.3
1675	215.6
1676	200.9
1677	90.3
1678	103.3
1679	114
1680	128.2
1681	236.2
1682	86
1683	174.5
1684	256.9
1685	182.4
1686	192
1687	138.4
1688	191.5
1689	269.9
1690	138.7
1691	193.7
1692	134.3
1693	121.7
1694	188.4
1695	146.7
1696	189.1
1697	102.7
1698	85.2
1699	138
1700	215.6
1701	138.6
1702	117.6
1703	230.6
1704	252.2
1705	145.7
1706	255.5
1707	78.1
1708	82.3
1709	232.6
1710	264
1711	134.5
1712	163.9
1713	148.3
1714	107
1715	147.5
1716	176.6
1717	261.4
1718	110.3
1719	162.4
1720	109.6
1721	132.1
1722	154.3
1723	185.6
1724	197.7
1725	248.8
1726	203.1
1727	127
1728	124.7
1729	235.3
1730	158.4
1731	206.2
1732	142.3
1733	197.2
1734	226
1735	144.2
1736	93.6
1737	187.7
1738	149.9
1739	223.6
1740	290.3
1741	171
1742	156.9
1743	212
1744	132.6
1745	141.5
1746	188.7
1747	214.2
1748	142.8
1749	196.2
1750	123.8
1751	151.6
1752	141.9
1753	117.9
1754	214.9
1755	157
1756	221.7
1757	138.7
1758	238.5
1759	140.9
1760	163
1761	167
1762	208.1
1763	98.9
1764	178.6
1765	275
1766	101.9
1767	183.8
1768	254.2
1769	207.9
1770	149.3
1771	183.4
1772	301.9
1773	146.9
1774	184.7
1775	142.5
1776	195.4
1777	88.4
1778	211.4
1779	205.1
1780	126.4
1781	204.8
1782	218
1783	194.8
1784	153.6
1785	177.8
1786	177.9
1787	227.3
1788	101.5
1789	188
1790	145.1
1791	180.1
1792	92.6
1793	136.1
1794	150.3
1795	206.4
1796	198.2
1797	253.4
1798	163.8
1799	217.7
1800	183
1801	188.2
1802	166.9
1803	193.1
1804	153.8
1805	323.3
1806	109.9
1807	182.1
1808	163.6
1809	193.8
1810	163.6
1811	129
1812	148.5
1813	222
1814	164.6
1815	137.2
1816	183.5
1817	199
1818	132.6
1819	124.5
1820	149.6
1821	250.5
1822	206.8
1823	127.8
1824	200.8
1825	193.1
1826	272
1827	147.8
1828	152.7
1829	129.1
1830	248.6
1831	173.4
1832	195.3
1833	208.4
1834	199.5
1835	137.6
1836	119.4
1837	179.6
1838	203
1839	187.6
1840	208.9
1841	172.3
1842	121.1
1843	153.4
1844	162.1
1845	162.8
1846	179.5
1847	154.3
1848	204.6
1849	177
1850	151.6
1851	150.7
1852	124.3
1853	214.3
1854	228
1855	254.8
1856	186.6
1857	213.3
1858	167.4
1859	155.4
1860	218.4
1861	179.5
1862	183.7
1863	143
1864	121.9
1865	192.3
1866	172.2
1867	143.7
1868	209.3
1869	231.6
1870	112.9
1871	205.9
1872	151.6
1873	220.8
1874	196.9
1875	142.3
1876	192
1877	200.4
1878	132.8
1879	217.1
1880	186.6
1881	173.9
1882	171
1883	184.9
1884	209.8
1885	170.9
1886	219.2
1887	193.6
1888	183.9
1889	198.5
1890	176.4
1891	112.5
1892	215.6
1893	135.8
1894	145.8
1895	163.7
1896	150.1
1897	186.3
1898	186.8
1899	190.1
1900	237.4
1901	251.1
1902	112.1
1903	201.8
1904	164.2
1905	122.3
1906	172.7
1907	193.7
1908	203.4
1909	89.1
1910	86.6
1911	188.9
1912	177.2
1913	168
1914	169.1
1915	187.2
1916	135.8
1917	171.5
1918	173.6
1919	183.6
1920	210.7
1921	229.9
1922	167.4
1923	195
1924	188
1925	186.7
1926	163.8
1927	205.9
1928	168.6
1929	84.1
1930	160.4
1931	159.6
1932	195.4
1933	183.7
1934	207.6
1935	174.4
1936	205.3
1937	169.1
1938	232.2
1939	241.5
1940	150.6
1941	118.8
1942	112.9
1943	156
1944	160.6
1945	91
1946	171.5
1947	144.9
1948	69.6
1949	168.3
1950	116
1951	144.7
1952	113.4
1953	89.3
1954	223.6
1955	137.7
1956	155.1
1957	286.1
1958	188.5
1959	193.5
1960	139.8
1961	166.7
1962	151.8
1963	163.4
1964	287.9
1965	205.1
1966	50.9
1967	73.9
1968	203.2
1969	161.6
1970	197.4
1971	211.9
1972	152
1973	180.8
1974	153.8
1975	95.5
1976	96
1977	106.5
1978	226.5
1979	167.8
1980	167.5
1981	144.2
1982	186
1983	197.8
1984	296.7
1985	136.1
1986	173.6
1987	314
1988	139.4
1989	95.7
1990	125
1991	161.2
1992	134.1
1993	143.4
1994	260.6
1995	218.1
1996	278.4
1997	125.1
1998	341.8
1999	137.5
2000	133.6
2001	156.1
2002	167.2
2003	161.9
2004	214.2
2005	264.5
2006	123.1
2007	250.8
2008	99.6
2009	148.9
2010	82.3
2011	128
2012	190.8
2013	182.7
2014	152.4
2015	156.1
2016	190.1
2017	192.8
2018	231.9
2019	173.8
2020	198.3
2021	160
2022	178.4
2023	134.6
2024	189.2
2025	335.2
2026	263.2
2027	113.8
2028	358.6
2029	90.7
2030	222.9
2031	193.6
2032	166.9
2033	279.5
2034	172.8
2035	105
2036	167.1
2037	104.8
2038	164.8
2039	215.7
2040	340.4
2041	152.3
2042	117.1
2043	114
2044	331.6
2045	209.4
2046	163.6
2047	152.3
2048	292.7
2049	291.5
2050	318.9
2051	175.6
2052	291.7
2053	164.8
2054	105.1
2055	206.3
2056	76.2
2057	233.9
2058	163.8
2059	115.7
2060	202.6
2061	194.1
2062	427.6
2063	223.4
2064	241.6
2065	262.7
2066	357.6
2067	170.1
2068	299.7
2069	85.5
2070	294.9
2071	283.6
2072	263.1
2073	275.7
2074	284.5
2075	162.4
2076	128.9
2077	127.7
2078	186.5
2079	220.5
2080	172.4
2081	203.8
2082	256.2
2083	228.1
2084	137.3
2085	273
2086	214.4
2087	179.6
2088	412.2
2089	232.6
2090	267.4
2091	214.8
2092	266.1
2093	177.5
2094	185.6
2095	229.2
2096	211.2
2097	191
2098	314
2099	228.7
2100	94.9
2101	177.6
2102	144.3
2103	166.8
2104	163.8
2105	194.4
2106	167.7
2107	213.9
2108	335.9
2109	112
2110	275
2111	149.9
2112	180.3
2113	139.6
2114	143.5
2115	333.5
2116	392.3
2117	157.1
2118	219.5
2119	93.6
2120	305.9
2121	154.7
2122	110.1
2123	178.2
2124	380
2125	115.3
2126	276.8
2127	145.8
2128	130
2129	156
2130	145.6
2131	174.7
2132	168.6
2133	176.1
2134	198.3
2135	93.9
2136	362.8
2137	152.6
2138	119.3
2139	362.9
2140	145.6
2141	384.2
2142	199.1
2143	149.5
2144	157.8
2145	396.3
2146	161.1
2147	169.9
2148	126.7
2149	117.1
2150	173
2151	183.3
2152	165.2
2153	355
2154	130.9
2155	147.5
2156	134.8
2157	160.3
2158	191.6
2159	164.5
2160	267.9
2161	159
2162	129.9
2163	358.1
2164	199.7
2165	174.8
2166	157.6
2167	146.5
2168	131.7
2169	117.5
2170	152.3
2171	154.5
2172	200.6
2173	221.3
2174	178.5
2175	167.9
2176	170
2177	266.8
2178	175.1
2179	175.6
2180	163.5
2181	498.3
2182	144.5
2183	221
2184	126.1
2185	337.7
2186	131.9
2187	205.9
2188	138.4
2189	177.8
2190	196.9
2191	192.9
2192	141.6
2193	227.3
2194	255.4
2195	172.6
2196	157.3
2197	447.8
2198	135.2
2199	367
2200	229.3
2201	114.3
2202	175.1
2203	196.8
2204	132.2
2205	121.8
2206	176.4
2207	169.6
2208	229.6
2209	118.2
2210	492.4
2211	99.2
2212	229.3
2213	381.9
2214	197.1
2215	171.2
2216	209.5
2217	200.5
2218	161.7
2219	424.4
2220	156.3
2221	213.2
2222	523.4
2223	194.5
2224	102
2225	304.3
2226	201.8
2227	573.8
2228	244.5
2229	95.2
2230	237.2
2231	219
2232	308
2233	180.8
2234	417.3
2235	258.1
2236	159.3
2237	170.6
2238	182.1
2239	202.2
2240	113.3
2241	231.3
2242	216.6
2243	159.3
2244	199.2
2245	525.9
2246	256.4
2247	186.9
2248	628.1
2249	189.1
2250	226
2251	104
2252	444.3
2253	201.6
2254	167.6
2255	222.6
2256	357
2257	146.7
2258	251.6
2259	615.2
2260	241.8
2261	173
2262	176.9
2263	680.8
2264	622.9
2265	588
2266	173.7
2267	126
2268	279.4
2269	142.3
2270	302
2271	224.1
2272	181.8
2273	184.2
2274	299.6
2275	475.8
2276	169.4
2277	130.2
2278	240.7
2279	131.3
2280	157.4
2281	298.9
2282	696.7
2283	223.9
2284	225.2
2285	535.3
2286	316.3
2287	148.8
2288	242.2
2289	182.9
2290	146.8
2291	205.2
2292	481.8
2293	113.5
2294	152.3
2295	463.8
2296	388.4
2297	591.6
2298	92.5
2299	101.2
2300	81.3
2301	252.3
2302	160.7
2303	256.8
2304	221
2305	124.6
2306	429.8
2307	364.1
2308	121.3
2309	121
2310	527.5
2311	416.8
2312	276.3
2313	198.2
2314	139
2315	427.1
2316	81
2317	436.8
2318	83.8
2319	115.1
2320	411.1
2321	268.2
2322	125
2323	95.3
2324	414.4
2325	387.8
2326	201
2327	118.4
2328	379.3
2329	121.9
2330	423.1
2331	313.6
2332	117.8
2333	177.6
2334	243.3
2335	362.8
2336	117.6
2337	323.6
2338	216.7
2339	124.6
2340	370.7
2341	128.7
2342	341.2
2343	198.1
2344	282.1
2345	217.2
2346	150
2347	120.9
2348	235.2
2349	110
2350	163.9
2351	253
2352	113.7
2353	93.8
2354	278.7
2355	369.2
2356	343.8
2357	300.2
2358	125.3
2359	365.9
2360	87.1
2361	126.4
2362	234.8
2363	429.2
2364	316.8
2365	233.9
2366	366.6
2367	331
2368	140.3
2369	172.6
2370	319.7
2371	174.9
2372	79
2373	193.4
2374	141.1
2375	203.6
2376	355.4
2377	173
2378	200.5
2379	154.5
2380	162.9
2381	119.8
2382	430.5
2383	346.8
2384	352.3
2385	177.8
2386	143.4
2387	157.8
2388	91.4
2389	336.7
2390	240.9
2391	73.2
2392	362.6
2393	350.4
2394	294.1
2395	212.5
2396	119.9
2397	282.9
2398	171.2
2399	179.2
2400	312
2401	164.3
2402	343.3
2403	99
2404	139.2
2405	100.4
2406	114.1
2407	418.7
2408	222.9
2409	201.6
2410	119.7
2411	149.8
2412	180.5
2413	267.9
2414	118.1
2415	136
2416	98.3
2417	138
2418	233.7
2419	90.1
2420	338.7
2421	361.7
2422	291.3
2423	100.7
2424	108.7
2425	100.6
2426	423.3
2427	266.3
2428	435
2429	407.1
2430	399.8
2431	150.1
2432	163.5
2433	382.8
2434	119.4
2435	121.3
2436	180.9
2437	116.7
2438	157.1
2439	397.1
2440	83.5
2441	435
2442	103.9
2443	124.9
2444	306.6
2445	149.9
2446	111.7
2447	128.2
2448	468.8
2449	347.7
2450	404.9
2451	104.6
2452	84.1
2453	333.1
2454	283.9
2455	229.2
2456	448.1
2457	276
2458	126
2459	113.2
2460	87.5
2461	471.4
2462	322.7
2463	110.5
2464	445
2465	430.3
2466	251.4
2467	85.8
2468	107.6
2469	89.3
2470	492
2471	121.3
2472	82.5
2473	100.4
2474	316.8
2475	83
2476	343.4
2477	85.9
2478	119.2
2479	354.8
2480	90.4
2481	230.7
2482	81.2
2483	356.8
2484	243.5
2485	92
2486	65.2
2487	276.3
2488	100.3
2489	388.2
2490	282
2491	89.7
2492	299.2
2493	321.9
2494	135.4
2495	97
2496	77.1
2497	84.9
2498	104.7
2499	86.4
2500	271.7
2501	97.1
2502	119.5
2503	55.8
2504	209.2
2505	177.2
2506	54.1
2507	200.9
2508	273.9
2509	298.6
2510	228.8
2511	275.6
2512	177.1
2513	68.9
2514	115.8
2515	121.3
2516	121.6
2517	103.5
2518	96.4
2519	58.8
2520	242.9
2521	115.4
2522	257.7
2523	87.3
2524	193.6
2525	72.1
2526	131.1
2527	117.5
2528	61.2
2529	88.3
2530	97.2
2531	62.4
2532	68.1
2533	271.2
2534	88.6
2535	129
2536	317.3
2537	103.3
2538	235.4
2539	255.9
2540	353.6
2541	316.5
2542	129.1
2543	114.1
2544	79.9
2545	214.3
2546	180.6
2547	70.8
2548	306
2549	79.5
2550	212.7
2551	132.6
2552	310.6
2553	143.9
2554	239.3
2555	155.9
2556	107.5
2557	168.7
2558	70.7
2559	68.9
2560	290.3
2561	116.7
2562	330.7
2563	171.1
2564	216.1
2565	391.7
2566	78.2
2567	94.6
2568	335.3
2569	172.9
2570	81.5
2571	106.5
2572	140.2
2573	106.5
2574	106.5
2575	79.4
2576	116.9
2577	150.6
2578	144
2579	153.1
2580	110.9
2581	216.3
2582	482.8
2583	349.6
2584	237.9
2585	119.1
2586	371.7
2587	115.4
2588	114.7
2589	146.2
2590	83.7
2591	138.9
2592	167.9
2593	91.7
2594	73.7
2595	147.5
2596	200.3
2597	107.2
2598	406.8
2599	144.6
2600	114.6
2601	128.3
2602	247.9
2603	117.7
2604	456.4
2605	115.5
2606	87.9
2607	161.8
2608	57.8
2609	330.4
2610	131.8
2611	391.7
2612	110.6
2613	115.4
2614	352.7
2615	191.8
2616	299.1
2617	282.6
2618	120.1
2619	71
2620	518.3
2621	78
2622	125.1
2623	167.3
2624	125.2
2625	364.8
2626	57.4
2627	135
2628	156.8
2629	148.1
2630	179.9
2631	143.2
2632	80
2633	120.2
2634	142.4
2635	83.1
2636	317.7
2637	96.9
2638	90.9
2639	85.1
2640	127
2641	109.1
2642	94.4
2643	558.6
2644	129.2
2645	608.6
2646	176.1
2647	104.8
2648	292
2649	185.7
2650	195.5
2651	141.3
2652	149.8
2653	164.6
2654	106.6
2655	78.7
2656	277.6
2657	103.1
2658	214.1
2659	164.2
2660	402.7
2661	166.3
2662	520.3
2663	143.9
2664	158.5
2665	162.4
2666	114.8
2667	104.5
2668	145.2
2669	152.5
2670	492.6
2671	117.3
2672	251.8
2673	132.5
2674	100.8
2675	101.4
2676	65
2677	391.8
2678	140.1
2679	117
2680	151
2681	178.4
2682	231.8
2683	143.2
2684	245.4
2685	145.4
2686	107.2
2687	276.5
2688	131.8
2689	246.5
2690	272.9
2691	258.4
2692	72.6
2693	350
2694	140.5
2695	214.5
2696	227.2
2697	261
2698	289.1
2699	159
2700	254.6
2701	97.5
2702	291.5
2703	226.7
2704	125.8
2705	176.1
2706	177.3
2707	110.2
2708	262.1
2709	251.2
2710	241
2711	193.3
2712	205.1
2713	102.1
2714	244.6
2715	153.8
2716	212
2717	149.2
2718	184.6
2719	104.5
2720	149.2
2721	155.2
2722	221.2
2723	94
2724	149.1
2725	179.6
2726	124.8
2727	158.6
2728	206.4
2729	135.7
2730	227.4
2731	190.6
2732	218.6
2733	163.8
2734	169.5
2735	127.3
2736	102
2737	96.1
2738	133.2
2739	109.1
2740	167.9
2741	180.3
2742	147.9
2743	99.5
2744	126.2
2745	123.4
2746	122.9
2747	180.1
2748	217.1
2749	120.7
2750	145
2751	287.8
2752	104.8
2753	163.8
2754	201
2755	122.6
2756	98
2757	118.3
2758	271.4
2759	100.5
2760	118.2
2761	95.7
2762	204
2763	247.5
2764	200.9
2765	188.1
2766	181.5
2767	165.1
2768	196
2769	103.4
2770	114.5
2771	238.2
2772	108.9
2773	97.1
2774	439.9
2775	274.7
2776	154.1
2777	105.5
2778	261.9
2779	126.8
2780	87.7
2781	156.1
2782	185.2
2783	106.6
2784	91
2785	340.7
2786	241.2
2787	215.5
2788	82.7
2789	223.1
2790	138.8
2791	194.6
2792	278.6
2793	265.8
2794	187.1
2795	125.1
2796	104.6
2797	471.2
2798	182.9
2799	147.3
2800	242.4
2801	223
2802	257.9
2803	82.2
2804	76.7
2805	211.3
2806	140.5
2807	350.6
2808	217.4
2809	172.2
2810	126.4
2811	298.3
2812	115.4
2813	136.9
2814	157.8
2815	354.6
2816	114.6
2817	110.5
2818	367.9
2819	186.5
2820	238.3
2821	189.5
2822	191.2
2823	211.8
2824	143.5
2825	131.5
2826	220.6
2827	68.2
2828	139.6
2829	222.1
2830	231
2831	123.8
2832	139.5
2833	68.9
2834	241
2835	221.7
2836	236.8
2837	144.8
2838	252.7
2839	148.2
2840	278.7
2841	160
2842	154.2
2843	151.1
2844	99.8
2845	84.7
2846	74.9
2847	370.5
2848	187.8
2849	202.6
2850	223.5
2851	207.9
2852	134.9
2853	247.3
2854	372.4
2855	154.2
2856	219.5
2857	153.9
2858	188.4
2859	166.8
2860	101
2861	210.1
2862	164.1
2863	69.1
2864	189.1
2865	263.5
2866	187.5
2867	183.7
2868	97.1
2869	238
2870	153.3
2871	194.9
2872	223.1
2873	337.8
2874	64.9
2875	152.4
2876	68.3
2877	219.5
2878	163.2
2879	74.8
2880	196.2
2881	198.7
2882	283.2
2883	125
2884	241.7
2885	98.2
2886	168.7
2887	84.7
2888	63.3
2889	129.2
2890	121.6
2891	233.8
2892	232.7
2893	276.6
2894	249.1
2895	292
2896	72.3
2897	280.3
2898	149.9
2899	315.5
2900	235.4
2901	70.6
2902	216.5
2903	253.2
2904	49.1
2905	124.4
2906	234.7
2907	148.7
2908	208.2
2909	322.5
2910	107.7
2911	251.4
2912	177.7
2913	272.2
2914	213.6
2915	81.1
2916	313.8
2917	117.1
2918	310.2
2919	75.5
2920	78.9
2921	229.2
2922	97.2
2923	150.2
2924	267.5
2925	230.9
2926	184.8
2927	65
2928	300.2
2929	127.5
2930	252.2
2931	194.6
2932	315.5
2933	176.5
2934	58.8
2935	250.6
2936	68.9
2937	72.3
2938	60.7
2939	208.8
2940	62.7
2941	139.7
2942	66.2
2943	382.6
2944	52.4
2945	222.9
2946	242.5
2947	305.3
2948	201.8
2949	276.8
2950	83.8
2951	324.8
2952	162.6
2953	405
2954	220.2
2955	326
2956	291
2957	198.2
2958	199
2959	98.8
2960	182.8
2961	262.7
2962	206.3
2963	229.4
2964	277.7
2965	93.7
2966	353.7
2967	278.7
2968	168.4
2969	69.9
2970	52.8
2971	175.4
2972	247.3
2973	48.1
2974	229.4
2975	272.1
2976	256.6
2977	169.5
2978	198.2
2979	291.9
2980	186.2
2981	252.4
2982	217.1
2983	130.2
2984	209
2985	187.1
2986	250.9
2987	127.7
2988	140.9
2989	50.1
2990	129.5
2991	290.1
2992	163.6
2993	244.5
2994	173.6
2995	131.3
2996	364.3
2997	255.8
2998	104.5
2999	208.3
3000	83.7
3001	74.3
3002	190.2
3003	114.6
3004	218.2
3005	151.8
3006	173.3
3007	231.8
3008	179.5
3009	240.4
3010	51.6
3011	176.3
3012	244.5
3013	220.7
3014	96.2
3015	190.3
3016	139.7
3017	330.7
3018	98.7
3019	178.2
3020	100.5
3021	187.6
3022	53.6
3023	249.5
3024	178.5
3025	82.9
3026	203.6
3027	186.8
3028	114.5
3029	242.5
3030	81
3031	281.7
3032	213.9
3033	165.1
3034	228.8
3035	84.2
3036	78
3037	202.2
3038	200.5
3039	170.2
3040	261.7
3041	387.9
3042	490.6
3043	199.6
3044	301.2
3045	267.2
3046	167.7
3047	169.8
3048	118.3
3049	143.6
3050	284.1
3051	393.5
3052	163.9
3053	273.9
3054	81.1
3055	77.6
3056	150.8
3057	152.3
3058	290.3
3059	123
3060	121.2
3061	49.4
3062	192.3
3063	312
3064	256.6
3065	89.1
3066	419.6
3067	76.4
3068	377.6
3069	205.1
3070	140.1
3071	296.8
3072	92.6
3073	60.2
3074	267.7
3075	238.3
3076	232.5
3077	112.5
3078	96.8
3079	350.4
3080	174.8
3081	138.4
3082	81.4
3083	403.4
3084	65.7
3085	111
3086	270.7
3087	304.9
3088	386.1
3089	473.5
3090	100.3
3091	168
3092	52.7
3093	270.6
3094	51.7
3095	115.6
3096	128.6
3097	61.8
3098	423.9
3099	123.9
3100	159.8
3101	40.5
3102	176.6
3103	341
3104	257.8
3105	92.3
3106	204.6
3107	183.3
3108	110
3109	179.2
3110	122.9
3111	271.6
3112	38.7
3113	324.3
3114	207.8
3115	86.6
3116	156
3117	175.6
3118	375.2
3119	439.8
3120	30.9
3121	453.5
3122	30.6
3123	157.9
3124	68.7
3125	146.4
3126	31.4
3127	46.6
3128	103.5
3129	85.9
3130	107.8
3131	341.4
3132	167.1
3133	187.9
3134	249
3135	46.2
3136	158.7
3137	24
3138	105.6
3139	337.1
3140	96.6
3141	66
3142	124.3
3143	392
3144	145.5
3145	37.2
3146	84.2
3147	27.4
3148	88.9
3149	43.8
3150	38.9
3151	230.3
3152	281.3
3153	142.3
3154	88.3
3155	98.3
3156	178.4
3157	153.1
3158	48.9
3159	81.6
3160	34
3161	159.9
3162	279.3
3163	95
3164	27.8
3165	64.4
3166	313.5
3167	50.3
3168	525.2
3169	54.2
3170	150.4
3171	56.8
3172	402.5
3173	58.8
3174	79.8
3175	120.9
3176	46.9
3177	79
3178	91.1
3179	38.9
3180	31
3181	38.2
3182	170.1
3183	119.2
3184	323.2
3185	215.7
3186	227.2
3187	298.1
3188	99.2
3189	202.9
3190	29
3191	36.2
3192	130.5
3193	99.2
3194	163.5
3195	339.7
3196	61.5
3197	37.7
3198	51.3
3199	315.1
3200	32.8
3201	55.3
3202	321.3
3203	140.7
3204	34.2
3205	284
3206	48.1
3207	93.5
3208	25.4
3209	33.6
3210	404.1
3211	416.9
3212	285.2
3213	31.3
3214	35.3
3215	82.9
3216	64.4
3217	70.9
3218	410.7
3219	282.2
3220	47.8
3221	68.1
3222	452.2
3223	14.6
3224	311.9
3225	55.7
3226	303.8
3227	50.6
3228	109.9
3229	49.8
3230	52.4
3231	44.2
3232	16.8
3233	44
3234	256.6
3235	410.6
3236	462.7
3237	38
3238	384.1
3239	36.3
3240	89.1
3241	86.7
3242	43.7
3243	387.2
3244	108.7
3245	31.1
3246	32.7
3247	30.7
3248	50.6
3249	15.1
3250	75.2
3251	191.3
3252	571
3253	87.3
3254	358.9
3255	32.8
3256	15.7
3257	387
3258	96.3
3259	132.8
3260	15.3
3261	41.1
3262	463.4
3263	23.4
3264	36.8
3265	38.6
3266	56.3
3267	137.2
3268	366.8
3269	336.7
3270	46.8
3271	24.8
3272	257.4
3273	41.6
3274	439.9
3275	98
3276	95.4
3277	65
3278	256.2
3279	21.1
3280	19.7
3281	24.7
3282	21
3283	274
3284	85.3
3285	19.5
3286	460.9
3287	13.6
3288	55.8
3289	66.9
3290	9.1
3291	356.3
3292	10.8
3293	61.6
3294	68.8
3295	15
3296	15.4
3297	92.2
3298	101.9
3299	102.3
3300	183.1
3301	67.9
3302	26.5
3303	341.2
3304	78.9
3305	240.3
3306	86.9
3307	11
3308	244.5
3309	84.2
3310	66.3
3311	6.6
3312	65.2
3313	57.1
3314	25.1
3315	29.1
3316	183.2
3317	19.9
3318	183.7
3319	24.4
3320	103
3321	91.1
3322	19.9
3323	74.6
3324	51.7
3325	65.3
3326	96.9
3327	19.9
3328	13.7
3329	99
3330	133
3331	8.7
3332	11.3
3333	60.5
3334	8.1
3335	138.6
3336	74.3
3337	17
3338	98.3
3339	22.2
3340	11.9
3341	149.7
3342	71.9
3343	6.3
3344	66.1
3345	7.6
3346	1.3
3347	103.4
3348	7.3
3349	65.3
3350	168.7
3351	2.3
3352	164.5
3353	105.4
3354	67.4
3355	121.3
3356	119.4
3357	49.7
3358	3.7
3359	111.4
3360	125.7
3361	73.3
3362	58.6
3363	82.7
3364	54.5
3365	19.5
3366	121.1
3367	94.7
3368	6.8
3369	3.2
3370	59.2
3371	85.4
3372	7.1
3373	90.5
3374	96.8
3375	45.5
3376	64.6
3377	60.6
3378	41.8
3379	79.6
3380	63
3381	64.4
3382	38.2
3383	65
3384	60.2
3385	67.6
3386	80.9
3387	38.2
3388	30.9
3389	43.1
3390	39.9
3391	47.2
3392	44.2
3393	36
3394	56.5
3395	69.1
3396	47
3397	60.5
3398	45.6
3399	34.5
3400	110.7
3401	87.3
3402	111.1
3403	73.2
3404	129.6
3405	162.2
3406	180.2
3407	204.4
3408	195.4
3409	172.5
3410	23.8
3411	37
3412	165.1
3413	137
3414	199.5
3415	78.2
3416	167.1
3417	277.8
3418	179.2
3419	130.5
3420	108.8
3421	121.9
3422	156
3423	118.8
3424	125.7
3425	217.9
3426	171.5
3427	160.9
3428	52.8
3429	137.6
3430	47.7
3431	175.7
3432	179.1
3433	230.9
3434	82.2
3435	102.1
3436	210.2
3437	178.1
3438	104
3439	108.4
3440	129.4
3441	187.9
3442	239.8
3443	158.9
3444	111.6
3445	76.6
3446	136.4
3447	127.1
3448	209
3449	170.2
3450	115.5
3451	180.3
3452	128.2
3453	194.3
3454	166.7
3455	108
3456	153
3457	120.8
3458	132.8
3459	172.5
3460	265.7
3461	175.4
3462	124.3
3463	290.8
3464	126.5
3465	217.2
3466	155
3467	168.4
3468	94.7
3469	152.2
3470	181.4
3471	205
3472	123.2
3473	217.9
3474	217.8
3475	144.9
3476	138.1
3477	114.8
3478	124.6
3479	156.9
3480	130.8
3481	204.9
3482	78.9
3483	78.9
3484	117.2
3485	81
3486	218
3487	130.9
3488	143.3
3489	355.2
3490	240.1
3491	197
3492	338.1
3493	124
3494	97.5
3495	386.6
3496	178.9
3497	113.2
3498	140.7
3499	432.2
3500	286.6
3501	297.5
3502	203.9
3503	219.2
3504	130.7
3505	383.4
3506	444.5
3507	102.7
3508	330.7
3509	137.7
3510	113.5
3511	408.5
3512	105.8
3513	303.7
3514	172.8
3515	302.2
3516	199.2
3517	83.5
3518	137.2
3519	143.4
3520	257.3
3521	203.7
3522	390.2
3523	83.5
3524	108
3525	115.3
3526	109
3527	86.4
3528	238.8
3529	156.8
3530	160.3
3531	378.1
3532	121.6
3533	102.5
3534	154.9
3535	165.1
3536	183.1
3537	178.6
3538	232.9
3539	236.2
3540	308.1
3541	177.1
3542	252.7
3543	175.2
3544	225.8
3545	507.5
3546	213
3547	138.7
3548	287.4
3549	192.4
3550	181.9
3551	169.5
3552	188.6
3553	276
3554	162.4
3555	274.1
3556	178.3
3557	57.7
3558	373.8
3559	40.1
3560	251.7
3561	138.1
3562	160.1
3563	273.1
3564	216.3
3565	233.6
3566	160.8
3567	228.1
3568	187.7
3569	460.3
3570	177.9
3571	148.3
3572	139.3
3573	176.6
3574	221.2
3575	189
3576	242.9
3577	325.2
3578	149.2
3579	92.4
3580	66.1
3581	18.4
3582	228.2
3583	65.4
3584	333.5
3585	60.9
3586	607.2
3587	33.5
3588	88.5
3589	13.4
3590	101
3591	264.3
3592	97.9
3593	88.4
3594	73
