"COMID"	"Value"
1	142.4
2	76.7
3	223.7
4	197.8
5	132.9
6	13.7
7	188.7
8	125
9	35.7
10	4.3
11	235.3
12	37.5
13	50.4
14	291.1
15	148.7
16	87.9
17	79.6
18	139.6
19	191.9
20	167.3
21	228.3
22	289.5
23	0.8
24	15.2
25	191.5
26	136.4
27	165.7
28	149.4
29	52.3
30	96.6
31	158.1
32	125.8
33	288
34	12.3
35	200
36	59.5
37	260.8
38	3.7
39	14.3
40	227.5
41	273.5
42	202.1
43	212
44	187
45	87.8
46	40
47	92.8
48	275.3
49	193.5
50	52.3
51	12.7
52	41.7
53	69.6
54	240.1
55	220.3
56	143.9
57	169.8
58	10.2
59	165.8
60	13.3
61	39.6
62	39
63	125.8
64	171.9
65	20.4
66	45.9
67	232.4
68	97
69	109.8
70	31.3
71	8.5
72	225.9
73	14.5
74	145
75	50.3
76	51.5
77	51.3
78	106.3
79	191.2
80	28.8
81	174.7
82	25.4
83	192.9
84	1.6
85	202.2
86	114.1
87	13.3
88	18.6
89	82
90	194
91	125.4
92	204.1
93	180.8
94	48.2
95	159.3
96	15.5
97	188.8
98	0.5
99	91.1
100	205.2
101	89.7
102	170.6
103	10.1
104	38.2
105	54.3
106	214.3
107	108.4
108	1.4
109	29.5
110	13.2
111	7.8
112	183.3
113	30.7
114	161.3
115	127.7
116	116
117	201.9
118	273.9
119	10.9
120	112
121	22.7
122	169.1
123	10.2
124	200.6
125	154.5
126	233.5
127	105.8
128	266.1
129	7.1
130	68.8
131	46.9
132	17.6
133	199.7
134	134.9
135	235.7
136	97.3
137	241.1
138	7.8
139	6.5
140	176.1
141	153.9
142	24.4
143	15.2
144	153.6
145	17.9
146	174
147	122.5
148	215
149	250.5
150	222.8
151	49
152	182.8
153	6.7
154	202.9
155	9.5
156	79
157	197.6
158	12.7
159	63.4
160	204.4
161	69.1
162	18.4
163	21.8
164	53.7
165	6.9
166	15.5
167	214.2
168	8.3
169	217
170	186.2
171	73.4
172	46.4
173	77
174	10.9
175	28.8
176	241.7
177	72.9
178	168.1
179	211.5
180	12.7
181	3.3
182	153.5
183	18
184	15.5
185	17.5
186	140.8
187	154.9
188	15.1
189	12.9
190	122.7
191	11.6
192	187.8
193	39.5
194	158.4
195	27.7
196	16.1
197	74.6
198	12.5
199	230.4
200	14.2
201	11
202	26.8
203	16.9
204	15.1
205	23.3
206	54.3
207	97.3
208	187.2
209	234
210	99.2
211	134.5
212	198.7
213	208.7
214	16.1
215	198.4
216	174.5
217	55.1
218	86.7
219	108.3
220	18.5
221	7.9
222	200.2
223	166.6
224	3.6
225	137.7
226	200
227	10.3
228	130.9
229	10
230	88.8
231	82.5
232	196.9
233	179.3
234	12.3
235	40.3
236	140.5
237	35.3
238	172.4
239	164.7
240	150.1
241	163.7
242	0.8
243	2.6
244	202.2
245	118.1
246	168.3
247	24.8
248	14.2
249	1.8
250	198.2
251	179.3
252	130.7
253	126.8
254	9.9
255	4.1
256	95.4
257	2.8
258	36.5
259	28.4
260	12
261	109
262	174.1
263	47.8
264	1.3
265	2.3
266	85.6
267	189.5
268	102.1
269	219.2
270	1.1
271	118.9
272	137
273	161.1
274	2.5
275	184.1
276	8.7
277	6.5
278	178.8
279	1.7
280	180.7
281	143.7
282	156.6
283	2.6
284	53.4
285	0.8
286	190.5
287	120.7
288	46.6
289	9.8
290	0.8
291	60.9
292	47.9
293	2.2
294	101.2
295	0.9
296	65.1
297	169.8
298	0.2
299	45.4
300	172.9
301	1.2
302	163.4
303	91.9
304	52.2
305	139.6
306	58.5
307	162.3
308	64.9
309	17.6
310	107.1
311	135.9
312	143.5
313	122.2
314	42.9
315	4
316	5
317	2.2
318	63.6
319	5.1
320	175
321	0.5
322	113.6
323	162.6
324	21.7
325	6.6
326	106
327	19.1
328	16.8
329	0.4
330	0.9
331	7.8
332	0.9
333	3.5
334	6.8
335	20.2
336	2.4
337	9.2
338	3.1
339	21.8
340	12.1
341	2.4
342	1.6
343	4.8
344	15.3
345	25.5
346	12.6
347	4.8
348	70.3
349	44.7
350	4.3
351	5.5
352	4.3
353	63.8
354	30.1
355	6.9
356	4.6
357	4
358	22.8
359	2.6
360	21.8
361	6.9
362	19.6
363	13.1
364	2.2
365	21.6
366	29.8
367	1.6
368	142.4
369	1
370	50.1
371	2.8
372	3.3
373	36.2
374	1.6
375	141.6
376	140.5
377	58
378	34.9
379	1.9
380	60.6
381	1.1
382	2.4
383	82.7
384	29.4
385	3.7
386	1.4
387	152.3
388	32.4
389	39.5
390	119.9
391	8.1
392	58.1
393	2.9
394	9.6
395	2.9
396	8.1
397	3
398	2.4
399	24.7
400	2.8
401	97.5
402	2.3
403	6.5
404	1.6
405	9.3
406	268.1
407	14.9
408	1.6
409	2.1
410	128.5
411	165.1
412	10.5
413	259.7
414	1.5
415	3.9
416	1.4
417	2.1
418	2.8
419	65.3
420	2.1
421	18
422	4.3
423	83.7
424	204.8
425	202.3
426	2.3
427	233.8
428	227.3
429	150.3
430	171.9
431	7.6
432	14.2
433	109.7
434	33.7
435	2.4
436	79.2
437	53.5
438	104.1
439	1.8
440	54
441	203.6
442	9.7
443	188.2
444	23.4
445	165.4
446	9.9
447	150.2
448	121.2
449	1.5
450	78.3
451	6.7
452	154.3
453	5.9
454	16.5
455	117.7
456	17.2
457	101.3
458	167.3
459	113.5
460	29.6
461	247.4
462	151.8
463	36.5
464	43.1
465	151.7
466	15.1
467	205.4
468	17.6
469	73.1
470	16.5
471	47.1
472	70.9
473	118
474	15.5
475	48.8
476	1.5
477	155.7
478	3.2
479	102.1
480	102.5
481	8.1
482	5.8
483	123.7
484	4.5
485	37.4
486	32.5
487	110.5
488	43.2
489	5.9
490	34.5
491	251.1
492	103.7
493	7.4
494	439.8
495	34.6
496	1.8
497	158.8
498	121
499	5.2
500	135.6
501	216.9
502	340
503	2.7
504	6.3
505	64
506	130.8
507	77
508	62
509	118.6
510	224.5
511	177.8
512	193
513	0.7
514	79
515	2.7
516	15.7
517	123.6
518	31
519	46.2
520	56.1
521	160.1
522	13.4
523	2.6
524	151.5
525	162.3
526	49.8
527	193.8
528	7.3
529	6.8
530	160.5
531	78.6
532	231.5
533	198.5
534	61.9
535	212.2
536	164.1
537	44.3
538	17.6
539	24.5
540	9.3
541	125.5
542	65.3
543	101.7
544	11.9
545	58.8
546	115.7
547	132.7
548	58.5
549	80.2
550	23.9
551	104.9
552	119.4
553	138.3
554	8.7
555	7.9
556	136.5
557	58.2
558	56
559	144.1
560	90.3
561	214.6
562	62.8
563	10.2
564	52.5
565	161.8
566	57
567	10.2
568	59.1
569	109.6
570	7.1
571	205.1
572	56.4
573	67.3
574	141.8
575	11.5
576	34.6
577	17.2
578	158.1
579	241.1
580	40.4
581	15.4
582	193.3
583	8.3
584	9.6
585	37.4
586	112.6
587	54.7
588	141.9
589	73.1
590	8.6
591	190.9
592	430.3
593	36.7
594	115.5
595	218.3
596	11.3
597	5.7
598	27.3
599	52.7
600	94.9
601	49.2
602	5.3
603	135.1
604	212.3
605	9.2
606	189.4
607	20.4
608	61.5
609	16.9
610	13.8
611	123.6
612	13.2
613	1.1
614	148.1
615	57.5
616	7.6
617	134.1
618	131.8
619	160.3
620	98.8
621	186.2
622	196
623	214.6
624	163.1
625	12.9
626	20.5
627	61.8
628	28
629	201.7
630	112.9
631	13.2
632	131.2
633	189.1
634	0.9
635	204.5
636	186.8
637	168
638	16.5
639	135.7
640	69.6
641	125.6
642	5.4
643	186
644	20.2
645	151.4
646	203.7
647	13.2
648	196.9
649	151.8
650	14.6
651	137.2
652	43.9
653	1.2
654	17.2
655	2.4
656	61.8
657	197.8
658	219.6
659	187.1
660	38.2
661	185.3
662	145.1
663	154.8
664	16.7
665	16.2
666	16.9
667	76.2
668	127
669	125.6
670	16.4
671	15.9
672	17
673	115.7
674	75.1
675	175.6
676	145.2
677	125.5
678	124.7
679	33.3
680	53.4
681	229.9
682	144.6
683	192
684	163.5
685	17.2
686	146.5
687	4.9
688	197.5
689	17
690	148.3
691	62.8
692	139.5
693	95.2
694	61.9
695	59.6
696	163.6
697	28.3
698	171.1
699	119.3
700	158
701	87.4
702	226.3
703	161.2
704	90.4
705	136
706	76.5
707	147.9
708	196.5
709	169
710	167.7
711	49.2
712	69.8
713	124.2
714	45.4
715	107.3
716	18.3
717	150.9
718	206.7
719	99.7
720	161.7
721	16.8
722	131.4
723	266.1
724	170.6
725	17.1
726	7.1
727	60.5
728	181.2
729	52.9
730	162.3
731	95.6
732	58.8
733	103.4
734	147
735	76.1
736	66.7
737	113.6
738	132.4
739	157.3
740	178.2
741	132.6
742	135.5
743	176
744	58.7
745	4
746	165.7
747	137.4
748	1.6
749	220.8
750	34.7
751	111
752	127.3
753	185.9
754	233.9
755	172.4
756	121
757	176.2
758	238
759	15.8
760	139
761	17.6
762	125
763	133.9
764	151.8
765	208.1
766	74.9
767	236.4
768	150.8
769	261.8
770	119.4
771	186.1
772	262.4
773	80
774	104
775	51.6
776	74
777	124.3
778	140.9
779	51.1
780	279.5
781	140.2
782	386.8
783	345.7
784	520.4
785	420
786	358.7
787	481.1
788	179.6
789	271
790	401.2
791	317.4
792	437.5
793	387.2
794	383.8
795	338.4
796	204.7
797	343.5
798	147
799	335.9
800	301
801	259.9
802	169
803	307.4
804	135.4
805	131.8
806	268.5
807	95.6
808	157.9
809	272.9
810	435.5
811	117.7
812	318.4
813	242.6
814	128.4
815	195.5
816	202.4
817	171.4
818	238.8
819	387.9
820	118.4
821	149.6
822	119.9
823	139.7
824	360.5
825	110
826	370.8
827	259.4
828	176.2
829	141.6
830	250.7
831	97.2
832	251.7
833	122.4
834	386.1
835	152.5
836	260.3
837	144
838	110.2
839	67.6
840	187.1
841	158.7
842	68.2
843	75.8
844	395.6
845	153.6
846	39.8
847	164.3
848	78.4
849	51.4
850	399.8
851	282.7
852	236.9
853	276.7
854	205.1
855	200.5
856	111.3
857	196.2
858	332.6
859	140.9
860	74.2
861	181.5
862	31.2
863	225.9
864	184.7
865	154.8
866	92.3
867	185.2
868	401.3
869	143.7
870	108.3
871	132.7
872	168.5
873	37.8
874	154.9
875	292.2
876	119.3
877	167
878	146.7
879	189.4
880	108.2
881	74
882	114.2
883	143.7
884	148.9
885	141.5
886	21.3
887	86.8
888	89.9
889	124
890	85.7
891	132.1
892	93.8
893	123.6
894	22.4
895	117.1
896	262.2
897	115
898	140.5
899	171.7
900	201.4
901	135.9
902	309.7
903	252.3
904	162.9
905	109.6
906	283.8
907	193
908	112.2
909	119.5
910	30
911	161.8
912	148
913	163.6
914	133.2
915	40
916	104.5
917	158.3
918	92.7
919	212.6
920	154.8
921	136.1
922	128.8
923	71.3
924	102.9
925	211.1
926	92
927	162.5
928	192.5
929	163
930	122.7
931	135.6
932	323
933	139.4
934	40.1
935	195.6
936	134.4
937	267.9
938	296.1
939	203.2
940	252.4
941	246.5
942	158.7
943	43.9
944	240.4
945	79
946	222.3
947	38.7
948	106.7
949	74.6
950	85.4
951	200.6
952	235.1
953	247.1
954	304.8
955	136.8
956	158.9
957	268.5
958	276.1
959	242.6
960	167.4
961	147.6
962	147
963	103.1
964	29.2
965	59.7
966	141.2
967	18.1
968	173.2
969	177.5
970	90.4
971	157.3
972	127.7
973	157.7
974	173
975	247.5
976	265.6
977	293.8
978	200.4
979	155.8
980	224.8
981	72.8
982	111.4
983	142.1
984	196.1
985	256.1
986	215.2
987	158.9
988	250.5
989	105.5
990	37
991	107.2
992	144.8
993	210.8
994	91.7
995	309.4
996	111.4
997	205.6
998	167.9
999	106.3
1000	21.6
1001	191.1
1002	236.2
1003	45.9
1004	109.2
1005	261.7
1006	134.8
1007	24.9
1008	244.6
1009	123.7
1010	210.2
1011	165.3
1012	137.5
1013	231.5
1014	143.8
1015	217.1
1016	32.4
1017	214.7
1018	211.1
1019	225.1
1020	226.8
1021	169.8
1022	254.3
1023	272.8
1024	186.3
1025	257.6
1026	209.9
1027	129.3
1028	146.7
1029	289.2
1030	465.3
1031	20.9
1032	54.3
1033	423.4
1034	186.9
1035	345.5
1036	155.6
1037	199.6
1038	156.2
1039	271.2
1040	290.6
1041	310
1042	253.6
1043	23.4
1044	252.8
1045	248.1
1046	260.6
1047	208.9
1048	150.8
1049	152.1
1050	26.4
1051	94
1052	236.9
1053	290.9
1054	220.3
1055	202.6
1056	211.2
1057	307.8
1058	180.3
1059	404.3
1060	231.8
1061	21.2
1062	292.3
1063	239
1064	187.1
1065	194
1066	193.4
1067	349.9
1068	354
1069	293.3
1070	175.6
1071	233.3
1072	316.8
1073	240.5
1074	167.6
1075	84.9
1076	232.7
1077	326.7
1078	246.9
1079	255
1080	248.9
1081	287.3
1082	238.7
1083	406.7
1084	206.2
1085	161.2
1086	194.2
1087	20.4
1088	398.6
1089	138.8
1090	232.9
1091	263.9
1092	252.7
1093	198.7
1094	191.7
1095	384.1
1096	403.8
1097	316
1098	340.5
1099	82.1
1100	20.8
1101	213.2
1102	225.4
1103	310
1104	102.9
1105	350.8
1106	192.5
1107	343.3
1108	114.3
1109	211.1
1110	250
1111	273.3
1112	303.3
1113	284.1
1114	186.3
1115	228.5
1116	221.3
1117	200.1
1118	267.4
1119	96.9
1120	251.2
1121	111.3
1122	255.9
1123	295.4
1124	214.5
1125	224.6
1126	222.4
1127	174.6
1128	416.7
1129	176.3
1130	128.5
1131	289.6
1132	184.6
1133	392.6
1134	129.3
1135	163.6
1136	330.2
1137	149.5
1138	162
1139	139.7
1140	206.6
1141	265
1142	271.7
1143	315.1
1144	382.7
1145	129.1
1146	231.7
1147	259.8
1148	187.3
1149	217
1150	140.5
1151	316.7
1152	382.7
1153	273.9
1154	19.8
1155	173.4
1156	189.1
1157	179
1158	213.1
1159	133.2
1160	292.8
1161	284.8
1162	196.4
1163	227.6
1164	180.4
1165	146.3
1166	232.3
1167	173.4
1168	194.9
1169	278.3
1170	186
1171	210.5
1172	163.5
1173	162.4
1174	249.3
1175	141.3
1176	98.4
1177	75.6
1178	237.5
1179	160.5
1180	132.3
1181	252.1
1182	434.3
1183	218.7
1184	108.4
1185	230.6
1186	296.9
1187	163.8
1188	407.6
1189	273.6
1190	193.8
1191	227.9
1192	369.5
1193	395.1
1194	298
1195	108.2
1196	179.3
1197	108.6
1198	417.3
1199	367.1
1200	26.9
1201	264.5
1202	195.8
1203	75.2
1204	168.4
1205	398.5
1206	292.4
1207	204.2
1208	324.6
1209	221.3
1210	358.7
1211	248.5
1212	80.6
1213	148.7
1214	232.4
1215	225.7
1216	179.1
1217	294
1218	339.5
1219	275
1220	235.1
1221	373.4
1222	385.1
1223	194.6
1224	312
1225	87.2
1226	323.7
1227	275.3
1228	179.1
1229	284.6
1230	159.1
1231	301.8
1232	258.1
1233	388.4
1234	265
1235	204
1236	303.5
1237	234.5
1238	340.1
1239	179.6
1240	303.8
1241	162.7
1242	213.9
1243	231.8
1244	326.7
1245	135.6
1246	327.6
1247	108.9
1248	34
1249	135.1
1250	196.2
1251	289.7
1252	101.3
1253	424.4
1254	218.6
1255	164.2
1256	231.8
1257	196.7
1258	141.6
1259	187.3
1260	272.8
1261	213.3
1262	359.3
1263	203.8
1264	279.5
1265	145.2
1266	259.6
1267	187.2
1268	242.4
1269	58.5
1270	425.2
1271	274.5
1272	389.6
1273	177
1274	286.6
1275	407.5
1276	266.5
1277	281.7
1278	221.8
1279	38.1
1280	127.1
1281	132
1282	190.1
1283	307.2
1284	61.7
1285	220.3
1286	309.2
1287	238
1288	159.5
1289	294.9
1290	270.3
1291	201.4
1292	225.2
1293	26.2
1294	213
1295	247.6
1296	326.2
1297	71.5
1298	323.2
1299	389.6
1300	141.6
1301	96.2
1302	233.4
1303	351.3
1304	48.2
1305	336.5
1306	213.6
1307	252
1308	294.4
1309	237.4
1310	295.3
1311	338.8
1312	201.5
1313	129.3
1314	269.2
1315	155.9
1316	219.3
1317	231.6
1318	309.3
1319	220.2
1320	184.1
1321	243
1322	234.1
1323	248.5
1324	309.8
1325	384.6
1326	249.1
1327	185.7
1328	293.6
1329	53.4
1330	186.7
1331	196.7
1332	26.2
1333	100.3
1334	369.9
1335	165.1
1336	405.4
1337	289.9
1338	256.4
1339	234.8
1340	235
1341	383.5
1342	287
1343	219.3
1344	225
1345	264.5
1346	269.2
1347	309.5
1348	190
1349	196.4
1350	170.6
1351	169.1
1352	49.8
1353	272.4
1354	280.6
1355	189.4
1356	43.4
1357	160.8
1358	333.6
1359	226
1360	282.4
1361	251.4
1362	366.8
1363	234.7
1364	301.3
1365	160
1366	274.7
1367	265.4
1368	189.1
1369	189.9
1370	186.6
1371	196.8
1372	339.8
1373	373.3
1374	233.1
1375	312.1
1376	36.6
1377	458.4
1378	300.1
1379	343.7
1380	192.7
1381	297.3
1382	381.2
1383	293.3
1384	413.2
1385	38.3
1386	175.9
1387	253.1
1388	271.6
1389	231.9
1390	201.8
1391	221
1392	201.6
1393	156.7
1394	216
1395	170.2
1396	222
1397	320
1398	178.7
1399	230.4
1400	150.8
1401	242.9
1402	260.7
1403	236.6
1404	390.7
1405	219.3
1406	296.2
1407	218.5
1408	228.7
1409	217.1
1410	232.8
1411	210.2
1412	224.1
1413	278.8
1414	317.6
1415	239.8
1416	354.2
1417	212
1418	239.7
1419	343.4
1420	448.8
1421	450.8
1422	224.4
1423	78.7
1424	190.2
1425	248.1
1426	234.8
1427	318.2
1428	555.1
1429	361.7
1430	237.4
1431	268.6
1432	307.9
1433	366.2
1434	302.8
1435	241.6
1436	276.1
1437	222.6
1438	239.9
1439	370.5
1440	335.7
1441	326.8
1442	351
1443	189.2
1444	383.7
1445	200.7
1446	260
1447	219.4
1448	286.9
1449	241.2
1450	197
1451	352
1452	314
1453	309
1454	66.3
1455	230.6
1456	290.8
1457	285
1458	221.1
1459	457.2
1460	486.2
1461	309.1
1462	216.2
1463	404.8
1464	450.3
1465	465
1466	180
1467	279.1
1468	218.5
1469	215.6
1470	170.1
1471	224.7
1472	237.4
1473	224.8
1474	232.8
1475	211.2
1476	221
1477	255.6
1478	165.8
1479	231.1
1480	213.8
1481	266.8
1482	305.2
1483	401.1
1484	261.5
1485	56.7
1486	466.3
1487	470.8
1488	242.6
1489	282.7
1490	286.3
1491	136.2
1492	305
1493	220
1494	209
1495	201.9
1496	323.3
1497	302.3
1498	445.1
1499	235.1
1500	278.3
1501	271.2
1502	155.6
1503	262.1
1504	201.8
1505	377.6
1506	256.2
1507	240.2
1508	264.3
1509	65.2
1510	391.8
1511	274.9
1512	231.9
1513	165.2
1514	350.3
1515	618
1516	321.1
1517	146.7
1518	247.2
1519	255
1520	318.8
1521	469.5
1522	547.2
1523	353.5
1524	252.7
1525	191.1
1526	392.9
1527	388.8
1528	336.7
1529	297.7
1530	243
1531	244.6
1532	270.3
1533	288.1
1534	195.4
1535	72
1536	225
1537	425.8
1538	64.8
1539	385.5
1540	205.9
1541	492.7
1542	224.2
1543	213.3
1544	217.1
1545	338
1546	81
1547	205.9
1548	254.5
1549	296.4
1550	397.2
1551	255.4
1552	372.3
1553	240.1
1554	86
1555	131.8
1556	299
1557	344.1
1558	349.1
1559	283.6
1560	336.5
1561	248.8
1562	381.5
1563	309.8
1564	267
1565	129.5
1566	360
1567	483
1568	378.4
1569	236
1570	209.3
1571	263.8
1572	296
1573	272
1574	462.3
1575	219.9
1576	310.1
1577	396
1578	487
1579	467.5
1580	255.9
1581	193
1582	456
1583	373.7
1584	81.1
1585	251.9
1586	258.5
1587	216.2
1588	201.5
1589	278
1590	343.1
1591	453.8
1592	270.1
1593	422
1594	310.7
1595	295.9
1596	244.4
1597	290.2
1598	222.2
1599	200.8
1600	399.9
1601	114.9
1602	286.8
1603	385.1
1604	288.3
1605	343.3
1606	369.9
1607	350.9
1608	407.9
1609	440.6
1610	273.6
1611	341
1612	254.6
1613	229.5
1614	395.7
1615	351.1
1616	263.8
1617	408.6
1618	187.3
1619	244.7
1620	263.2
1621	239.7
1622	321
1623	483.6
1624	290.8
1625	221.6
1626	311.8
1627	280
1628	186.1
1629	463.3
1630	368.3
1631	210
1632	338.4
1633	384.5
1634	299.2
1635	300.8
1636	244.7
1637	284.2
1638	300.1
1639	312.8
1640	428.3
1641	182.5
1642	357.8
1643	319.7
1644	547.6
1645	243.8
1646	238.3
1647	426.5
1648	440.1
1649	444.7
1650	244
1651	358.9
1652	155.1
1653	285
1654	340.5
1655	282.1
1656	375.3
1657	230.2
1658	316.7
1659	248.8
1660	144.7
1661	356.2
1662	383.1
1663	233.4
1664	411.7
1665	214.9
1666	383.3
1667	426.5
1668	164.8
1669	247.9
1670	483.4
1671	356.4
1672	316.6
1673	320
1674	235.9
1675	146.3
1676	553.7
1677	452.8
1678	241.7
1679	442.9
1680	292.5
1681	183.5
1682	205.1
1683	232.9
1684	292.1
1685	184.4
1686	146.3
1687	309.1
1688	136
1689	340.1
1690	331.4
1691	397.6
1692	301.3
1693	419.7
1694	228.4
1695	320
1696	273
1697	323.9
1698	206.1
1699	384.8
1700	174.7
1701	332.6
1702	380.4
1703	206.5
1704	267.2
1705	327.8
1706	189.7
1707	202
1708	246.6
1709	267.8
1710	444.1
1711	373.6
1712	245.3
1713	330.2
1714	323.5
1715	283.7
1716	186
1717	142.1
1718	347.3
1719	108.4
1720	224.1
1721	358.7
1722	235.1
1723	257.8
1724	208.1
1725	213.5
1726	181.4
1727	389.9
1728	207.2
1729	448.4
1730	311.3
1731	427.4
1732	144.6
1733	196.7
1734	355.8
1735	324.8
1736	250.9
1737	250.8
1738	170.1
1739	132.9
1740	254.6
1741	418.2
1742	346.7
1743	199.2
1744	256.7
1745	271.6
1746	280.1
1747	210.5
1748	200.9
1749	136.8
1750	96.7
1751	256.5
1752	218.7
1753	324.6
1754	189.9
1755	241.8
1756	131.7
1757	322
1758	279.8
1759	206.8
1760	187
1761	329.3
1762	248.3
1763	263.4
1764	239.2
1765	344.8
1766	285.1
1767	220.4
1768	313
1769	250.9
1770	333.6
1771	261.4
1772	309.2
1773	259.6
1774	162.4
1775	120.6
1776	166.5
1777	318
1778	410.4
1779	375.5
1780	248.8
1781	230.5
1782	196.8
1783	187.3
1784	145.1
1785	275.5
1786	236.1
1787	373.8
1788	313.6
1789	156.6
1790	290.8
1791	206.6
1792	231
1793	285.9
1794	131.4
1795	251.1
1796	308
1797	297.2
1798	191.7
1799	297.9
1800	254.2
1801	241.4
1802	225.7
1803	317.8
1804	126.9
1805	366.1
1806	294
1807	179.9
1808	127.1
1809	349.1
1810	393.9
1811	279.5
1812	276.1
1813	452.4
1814	121.7
1815	161.4
1816	182.6
1817	221.8
1818	135.7
1819	354.2
1820	362.9
1821	205.3
1822	379.1
1823	344.4
1824	317.3
1825	333.4
1826	207.9
1827	188.7
1828	237.6
1829	249.4
1830	395.8
1831	490.1
1832	450.6
1833	305.1
1834	420.4
1835	285.3
1836	315.5
1837	115.5
1838	363.5
1839	327.2
1840	228.1
1841	289.5
1842	293.5
1843	431.2
1844	271.2
1845	400.9
1846	91.2
1847	445.7
1848	336.7
1849	271
1850	165.1
1851	309.5
1852	273.5
1853	122
1854	280.4
1855	104.3
1856	309.5
1857	321.8
1858	125
1859	238.7
1860	229.4
1861	359.6
1862	332.7
1863	267.2
1864	89.1
1865	253.8
1866	420.9
1867	348.7
1868	276.2
1869	227.1
1870	138.7
1871	376.8
1872	318.4
1873	261.1
1874	391.1
1875	352.4
1876	282.9
1877	348.4
1878	230.7
1879	447.8
1880	343.2
1881	298.2
1882	260.4
1883	393.6
1884	334.9
1885	103
1886	294.1
1887	305.4
1888	267.1
1889	345.2
1890	381.1
1891	122.5
1892	239.5
1893	161.9
1894	87.2
1895	208.7
1896	81.8
1897	358.2
1898	241.5
1899	312.6
1900	354.5
1901	441.4
1902	348.9
1903	255.8
1904	333.6
1905	223.2
1906	236.3
1907	70.2
1908	243.6
1909	98.6
1910	68.4
1911	221.1
1912	109
1913	255.3
1914	285.2
1915	239.9
1916	314.3
1917	148.6
1918	164.9
1919	248.3
1920	244.8
1921	257.6
1922	240.6
1923	302.7
1924	289.1
1925	206.9
1926	331.2
1927	413.7
1928	141.5
1929	100.7
1930	361.1
1931	114.9
1932	169.1
1933	405.6
1934	209.4
1935	429.4
1936	306.1
1937	177
1938	233
1939	423.3
1940	310.9
1941	351.6
1942	172.6
1943	178.4
1944	311.8
1945	130
1946	258.5
1947	259.5
1948	106.6
1949	265.1
1950	67.5
1951	404.3
1952	86.1
1953	98.5
1954	280.1
1955	203.6
1956	104.7
1957	379.9
1958	283.5
1959	132.6
1960	213.6
1961	169.2
1962	306.9
1963	180.2
1964	179.9
1965	306.1
1966	88.9
1967	78.8
1968	243.7
1969	279.7
1970	165.6
1971	306
1972	285.7
1973	210.5
1974	134.6
1975	120.2
1976	144.9
1977	101.1
1978	283.4
1979	127.9
1980	277.1
1981	153.8
1982	83
1983	280.6
1984	264.5
1985	108.9
1986	179.9
1987	292.1
1988	56.2
1989	150.3
1990	52.6
1991	330.5
1992	302.2
1993	90.2
1994	290.8
1995	304.8
1996	186.6
1997	91.6
1998	325.8
1999	332.8
2000	190.9
2001	327
2002	113.6
2003	115.4
2004	267.1
2005	163.4
2006	114
2007	259.7
2008	123.9
2009	381.6
2010	105.1
2011	117.3
2012	260.2
2013	137.1
2014	88
2015	84.9
2016	265.9
2017	303.7
2018	252.1
2019	260.4
2020	310.5
2021	209.7
2022	249.3
2023	62.4
2024	72.2
2025	332.7
2026	273.1
2027	49.4
2028	316.9
2029	338.6
2030	229.5
2031	106.7
2032	66.6
2033	291.2
2034	273.9
2035	46.1
2036	62.8
2037	328.6
2038	128.4
2039	301.2
2040	289.6
2041	88.2
2042	81.5
2043	315.2
2044	346.2
2045	215
2046	169.5
2047	73
2048	288.6
2049	272.6
2050	215
2051	107.6
2052	287.1
2053	147.3
2054	59.6
2055	97.4
2056	329.1
2057	150.9
2058	140
2059	240.6
2060	192.4
2061	65.4
2062	302.5
2063	283.2
2064	118.5
2065	293
2066	231
2067	97.8
2068	270.9
2069	359.3
2070	115.6
2071	139.5
2072	283.4
2073	108
2074	287.8
2075	341.4
2076	224.7
2077	235.2
2078	184.3
2079	218.2
2080	273.4
2081	239.4
2082	240.8
2083	109.9
2084	135.8
2085	268.9
2086	124.6
2087	275
2088	257.1
2089	55
2090	258.5
2091	91.7
2092	64.3
2093	246.9
2094	241.8
2095	92
2096	194.6
2097	133.1
2098	172.8
2099	122.9
2100	285.3
2101	303
2102	200
2103	192.7
2104	127.2
2105	236.8
2106	220.6
2107	230.1
2108	87.6
2109	314.7
2110	230.3
2111	188.8
2112	150.6
2113	154.8
2114	224
2115	189.4
2116	229.3
2117	148.3
2118	101
2119	49.8
2120	162.6
2121	84.3
2122	264.8
2123	349.1
2124	204.4
2125	89.8
2126	265.8
2127	84.1
2128	242.3
2129	111.8
2130	386.4
2131	179.7
2132	331.2
2133	172.3
2134	311
2135	41.2
2136	283
2137	106
2138	53.2
2139	225
2140	112.6
2141	185.3
2142	106.6
2143	198.2
2144	304.8
2145	219
2146	95.6
2147	96.5
2148	268
2149	296.6
2150	79
2151	183.5
2152	354.5
2153	430
2154	293.8
2155	125.3
2156	67
2157	204.6
2158	96.6
2159	109.4
2160	440
2161	70.6
2162	459.9
2163	183
2164	178.3
2165	109.4
2166	107.1
2167	144.2
2168	362.3
2169	307.3
2170	104.3
2171	400.3
2172	127.1
2173	134.8
2174	117.3
2175	93.2
2176	227.4
2177	316.5
2178	67.8
2179	212.4
2180	48.3
2181	430.3
2182	331.4
2183	141.5
2184	152.3
2185	211.7
2186	114
2187	122.2
2188	105.4
2189	94.5
2190	148.8
2191	217.4
2192	106.5
2193	114.8
2194	198.2
2195	107
2196	159
2197	347.7
2198	100
2199	345.2
2200	104
2201	103.9
2202	117.8
2203	197.8
2204	134.6
2205	329.2
2206	53.7
2207	102.4
2208	95
2209	233.1
2210	210.5
2211	236.3
2212	142.1
2213	175.9
2214	120.2
2215	57.6
2216	88.5
2217	92.1
2218	155
2219	317.8
2220	88.8
2221	98.7
2222	254.4
2223	119.3
2224	203.7
2225	57.8
2226	121.6
2227	283.6
2228	177.4
2229	199.6
2230	117.3
2231	119.4
2232	67.9
2233	145.7
2234	260.4
2235	121.1
2236	90.8
2237	162.5
2238	179.2
2239	91
2240	221.5
2241	62.8
2242	153
2243	180.6
2244	191.4
2245	275.5
2246	155.4
2247	124.8
2248	349
2249	71.8
2250	118.7
2251	65.6
2252	186.4
2253	100.6
2254	90
2255	102.9
2256	194.5
2257	129.8
2258	145
2259	307.4
2260	149
2261	123.3
2262	103.4
2263	384.2
2264	317.5
2265	285.1
2266	186
2267	233.1
2268	118.2
2269	150.2
2270	201.7
2271	164.4
2272	184.3
2273	155.4
2274	163.3
2275	162.6
2276	196.3
2277	286.1
2278	282.2
2279	140.2
2280	189.9
2281	248
2282	388.2
2283	186.9
2284	279.3
2285	283.8
2286	161.3
2287	119
2288	180.3
2289	193
2290	266.1
2291	230
2292	306.3
2293	163.9
2294	216.2
2295	238
2296	195.3
2297	384
2298	152
2299	109
2300	186.9
2301	354
2302	326.6
2303	274.5
2304	331.6
2305	216
2306	278
2307	293.4
2308	199.2
2309	333.1
2310	405.4
2311	267.1
2312	364.8
2313	374.8
2314	254.5
2315	390.5
2316	172.4
2317	378.9
2318	126.2
2319	179.6
2320	181.2
2321	257.5
2322	273.8
2323	181.3
2324	380.3
2325	206.5
2326	273
2327	224.5
2328	279
2329	233.6
2330	285.3
2331	347.8
2332	203.7
2333	322.2
2334	199.2
2335	362.4
2336	331.2
2337	398.9
2338	360.3
2339	201.8
2340	349.1
2341	325.5
2342	269.1
2343	198.6
2344	420.9
2345	366.5
2346	275.5
2347	217.9
2348	396
2349	206.3
2350	357.1
2351	173.9
2352	272.6
2353	250.4
2354	501.2
2355	205.7
2356	258.5
2357	486
2358	139.9
2359	247.1
2360	265.6
2361	279.5
2362	227.9
2363	351
2364	194.4
2365	173.4
2366	312
2367	380.4
2368	238.6
2369	111.5
2370	299.3
2371	432.8
2372	240.6
2373	317.5
2374	121
2375	407.4
2376	343.8
2377	275.3
2378	319.3
2379	186.5
2380	242
2381	239.3
2382	292.4
2383	414.8
2384	343.4
2385	113
2386	314.9
2387	315.9
2388	272.6
2389	292.9
2390	124
2391	248.2
2392	302.4
2393	446.6
2394	359.8
2395	132
2396	263.7
2397	308.1
2398	92.6
2399	363.9
2400	370.4
2401	275.2
2402	339.2
2403	231.6
2404	108.3
2405	290.5
2406	220.5
2407	464.7
2408	246.5
2409	299.3
2410	311.1
2411	334.4
2412	314.6
2413	360.2
2414	123.4
2415	317.1
2416	262.5
2417	188.8
2418	268.8
2419	231
2420	356.4
2421	595.1
2422	190.2
2423	182.5
2424	314.6
2425	91
2426	466.3
2427	298.4
2428	320.6
2429	561.6
2430	496.5
2431	368
2432	234.1
2433	364.7
2434	102.4
2435	256.5
2436	214
2437	75.9
2438	338.4
2439	333.5
2440	342.5
2441	711.2
2442	250.9
2443	377.5
2444	354.9
2445	417
2446	90.3
2447	426.1
2448	457.4
2449	649.9
2450	593.1
2451	413.2
2452	395.9
2453	450.1
2454	345
2455	336.1
2456	493.5
2457	460.6
2458	258.6
2459	385.7
2460	81.2
2461	453.3
2462	330.5
2463	78.1
2464	437.2
2465	924.8
2466	370.4
2467	221
2468	482.7
2469	389.3
2470	446.9
2471	308.9
2472	420.5
2473	93.2
2474	362.5
2475	272.7
2476	914.4
2477	333
2478	514.2
2479	660.1
2480	358.6
2481	260.1
2482	79
2483	784.6
2484	442.1
2485	462.2
2486	447.5
2487	567
2488	256.5
2489	439.3
2490	446.6
2491	97.6
2492	412.5
2493	681.9
2494	486.2
2495	508.5
2496	92.7
2497	257.3
2498	529.1
2499	67.5
2500	622.7
2501	621.9
2502	604.2
2503	557.7
2504	206.1
2505	438.9
2506	309.1
2507	537
2508	284
2509	633.3
2510	251.7
2511	415.4
2512	431.9
2513	266.7
2514	545.2
2515	567
2516	313
2517	105.5
2518	155.3
2519	409.8
2520	597.5
2521	518.8
2522	576.2
2523	151
2524	655.2
2525	178.9
2526	514.8
2527	479
2528	463.4
2529	482.7
2530	302.6
2531	301.5
2532	273
2533	524.3
2534	186.3
2535	380.8
2536	532.2
2537	151.5
2538	316.5
2539	696.7
2540	670
2541	635.7
2542	474.8
2543	480.7
2544	234.7
2545	537.1
2546	215.4
2547	397.6
2548	598.5
2549	364.9
2550	708.8
2551	116.9
2552	658.2
2553	291.5
2554	385.7
2555	302.6
2556	371.7
2557	352.8
2558	391.9
2559	364.6
2560	348.2
2561	302.5
2562	700.8
2563	430.2
2564	342.4
2565	697
2566	159.6
2567	397
2568	550
2569	488
2570	114.2
2571	192.8
2572	505.1
2573	170.5
2574	308.7
2575	195.3
2576	389.9
2577	289.5
2578	423.2
2579	442.6
2580	501.9
2581	386.5
2582	584
2583	617.9
2584	713
2585	133.3
2586	422.7
2587	337.6
2588	450.9
2589	371.2
2590	363.6
2591	342.9
2592	297.7
2593	303.1
2594	136.9
2595	728.1
2596	200.9
2597	295.6
2598	615.4
2599	425.2
2600	334.8
2601	317.7
2602	424.9
2603	304.4
2604	696.9
2605	407.3
2606	270.6
2607	181.2
2608	277.3
2609	587.2
2610	126.5
2611	635
2612	311.5
2613	307.8
2614	536.8
2615	205
2616	607
2617	302.3
2618	486.9
2619	811
2620	644.8
2621	113.8
2622	249.7
2623	171.8
2624	335.7
2625	584.7
2626	98.6
2627	401.4
2628	190.3
2629	649.5
2630	338.6
2631	301.9
2632	116.2
2633	270.5
2634	280.1
2635	180.6
2636	520.6
2637	646.8
2638	328.9
2639	249.9
2640	239.6
2641	300.7
2642	121.3
2643	845.3
2644	265.6
2645	779.5
2646	222.4
2647	113.1
2648	386.7
2649	333.3
2650	178.2
2651	490.6
2652	386.8
2653	294.3
2654	203.6
2655	190.2
2656	476.8
2657	133.5
2658	196.6
2659	274.1
2660	401.6
2661	409.4
2662	765.2
2663	309.8
2664	286.3
2665	387.1
2666	317.4
2667	96.8
2668	429.4
2669	300.5
2670	745.8
2671	240.5
2672	345.5
2673	121.2
2674	122.6
2675	217.6
2676	77.4
2677	752.3
2678	294.5
2679	253.3
2680	509.5
2681	626.7
2682	518.8
2683	294.7
2684	328.9
2685	244.1
2686	333.5
2687	390.4
2688	295
2689	547.1
2690	348.4
2691	522.4
2692	60.1
2693	451.2
2694	372.6
2695	566.9
2696	359.6
2697	435.6
2698	538.2
2699	124.7
2700	326
2701	70.7
2702	327.2
2703	240.1
2704	133.7
2705	204.1
2706	366.9
2707	125.5
2708	284.3
2709	302.3
2710	349.4
2711	398.3
2712	294.8
2713	561.3
2714	309.2
2715	155.4
2716	252.3
2717	328.3
2718	129.5
2719	378.6
2720	262.9
2721	296.6
2722	550.6
2723	325.9
2724	163.5
2725	239.7
2726	518.7
2727	257.8
2728	135.7
2729	309.5
2730	500
2731	279.5
2732	239.5
2733	317.1
2734	387.4
2735	197.9
2736	106.9
2737	317.9
2738	236.1
2739	351.2
2740	281.6
2741	251.7
2742	311.9
2743	287.3
2744	232.4
2745	127.7
2746	105.5
2747	235.6
2748	428.8
2749	242.7
2750	315.5
2751	287.3
2752	297.4
2753	192.4
2754	316.1
2755	242
2756	304.4
2757	284.2
2758	290.5
2759	248.9
2760	218.6
2761	346.2
2762	213.4
2763	133.2
2764	330.5
2765	265.4
2766	307.1
2767	107.1
2768	268.4
2769	242
2770	291.1
2771	301.1
2772	279.8
2773	90.8
2774	376.5
2775	253.4
2776	248.1
2777	352.5
2778	320.6
2779	316.7
2780	65.9
2781	288.2
2782	170.1
2783	359.7
2784	374
2785	122.6
2786	108.5
2787	304.6
2788	228.5
2789	326.3
2790	318.6
2791	356.5
2792	396.3
2793	323.5
2794	215.5
2795	234.2
2796	243.8
2797	372.4
2798	297.5
2799	353.7
2800	293.4
2801	341.5
2802	325.2
2803	239.2
2804	72.9
2805	322.3
2806	346.2
2807	423
2808	261.4
2809	321.2
2810	111.2
2811	423.8
2812	306.1
2813	319.1
2814	325.5
2815	403.7
2816	221.3
2817	365.5
2818	286.5
2819	274.3
2820	349.4
2821	320.4
2822	206
2823	370.9
2824	105.4
2825	352.4
2826	119.1
2827	58.2
2828	349.6
2829	143.5
2830	169.1
2831	372.3
2832	392.4
2833	269.6
2834	340.5
2835	356.1
2836	240.8
2837	411.4
2838	338.1
2839	347.6
2840	388.6
2841	424.7
2842	254.7
2843	291.5
2844	107
2845	282
2846	95.1
2847	313.8
2848	331.8
2849	366.5
2850	369.2
2851	238.7
2852	380.6
2853	243.6
2854	377.4
2855	332.3
2856	394.8
2857	337.6
2858	307.8
2859	193.3
2860	332.1
2861	417.8
2862	346.8
2863	148.4
2864	316.2
2865	489.2
2866	351.8
2867	200.1
2868	190.1
2869	311.9
2870	197.3
2871	347.6
2872	401.1
2873	317
2874	162.1
2875	327.8
2876	115.8
2877	278.8
2878	294.2
2879	123.4
2880	403.4
2881	287.1
2882	560.7
2883	331.9
2884	384.3
2885	240.2
2886	297.6
2887	150.9
2888	140.4
2889	130.9
2890	204.5
2891	465.7
2892	469.1
2893	408.7
2894	285.4
2895	436.6
2896	115.6
2897	346.7
2898	236.5
2899	423.6
2900	357.7
2901	132
2902	259.8
2903	446.5
2904	89.4
2905	284.3
2906	476.1
2907	244.4
2908	262.8
2909	782.5
2910	253.5
2911	371.7
2912	304.8
2913	710.7
2914	572.8
2915	184.3
2916	555
2917	231.7
2918	530.9
2919	124.6
2920	164.6
2921	464.8
2922	273.9
2923	277.7
2924	420.1
2925	438
2926	321.2
2927	96.7
2928	319.6
2929	255.7
2930	465.4
2931	392
2932	544
2933	314.5
2934	93.7
2935	275.1
2936	121.9
2937	226.4
2938	159.5
2939	340.2
2940	116.8
2941	284.7
2942	110.2
2943	861.4
2944	127.6
2945	394.4
2946	397.6
2947	784.7
2948	309.1
2949	267
2950	231.3
2951	800.3
2952	305.1
2953	722
2954	340.4
2955	718.2
2956	604.3
2957	414.7
2958	310.5
2959	226.1
2960	259.6
2961	261.7
2962	283.1
2963	312.3
2964	612.4
2965	238.3
2966	960.2
2967	719
2968	322.1
2969	153.2
2970	123.7
2971	272.7
2972	399.6
2973	109.6
2974	269
2975	502.8
2976	531.2
2977	517.8
2978	292.6
2979	325.5
2980	362.7
2981	411.6
2982	403.6
2983	492.2
2984	426.1
2985	281
2986	371.4
2987	371.7
2988	443.3
2989	98.9
2990	235.4
2991	600.8
2992	387.4
2993	263.4
2994	381.7
2995	483
2996	901.9
2997	540.8
2998	216.2
2999	472.3
3000	302
3001	243.4
3002	300.7
3003	436.8
3004	397.5
3005	328.5
3006	336.7
3007	344.9
3008	481.5
3009	425.2
3010	88.2
3011	437.3
3012	688.1
3013	387.3
3014	255.2
3015	304.4
3016	539.2
3017	559.7
3018	349.9
3019	243.2
3020	375.7
3021	319.9
3022	248.8
3023	337.8
3024	338.5
3025	329.1
3026	487.4
3027	492.6
3028	413.8
3029	417.9
3030	114.3
3031	448.8
3032	404.2
3033	195.5
3034	482.3
3035	333.8
3036	97.7
3037	372.7
3038	298.7
3039	311.5
3040	576.6
3041	517.9
3042	552.7
3043	584.2
3044	335
3045	534.8
3046	212.1
3047	246.9
3048	664.5
3049	342.2
3050	465.7
3051	464
3052	521.6
3053	584.8
3054	357.3
3055	380.2
3056	686.9
3057	223.9
3058	672.2
3059	369.4
3060	207
3061	284.4
3062	335.7
3063	435.7
3064	571.2
3065	234
3066	539.9
3067	226.7
3068	503.6
3069	301.1
3070	451.5
3071	396.1
3072	387.5
3073	136.8
3074	587.2
3075	335
3076	421
3077	424.8
3078	330.8
3079	494.7
3080	657
3081	221.6
3082	172
3083	491.6
3084	205.2
3085	534.2
3086	414.1
3087	512.8
3088	560.9
3089	490.5
3090	418.7
3091	249
3092	179.6
3093	418.4
3094	142.5
3095	196.8
3096	539.8
3097	168.7
3098	511.1
3099	172.8
3100	546.7
3101	87.1
3102	281.4
3103	698.5
3104	766.4
3105	161.7
3106	790.2
3107	681.9
3108	209.4
3109	255.2
3110	185.9
3111	587.9
3112	88.1
3113	632.4
3114	300.6
3115	176.1
3116	254.2
3117	250.9
3118	558
3119	558.8
3120	73.2
3121	569
3122	106.7
3123	676.1
3124	109.4
3125	220.2
3126	106.7
3127	68.9
3128	136
3129	170.9
3130	233.3
3131	493.6
3132	631.1
3133	883.6
3134	960.9
3135	170.4
3136	832.1
3137	98.8
3138	183.1
3139	903.8
3140	557.4
3141	139.2
3142	653
3143	569.3
3144	214.5
3145	101.4
3146	133.5
3147	85.1
3148	194.6
3149	207.8
3150	79.5
3151	996
3152	1045.6
3153	631.8
3154	760.4
3155	135.2
3156	305.2
3157	285
3158	77.2
3159	848.6
3160	97.8
3161	885.9
3162	1222.8
3163	141.4
3164	154.7
3165	138.5
3166	1032.5
3167	139.6
3168	811.7
3169	169.8
3170	742.1
3171	252.6
3172	662.6
3173	132.8
3174	113.4
3175	821.6
3176	277.5
3177	190.6
3178	258.7
3179	222.4
3180	129.5
3181	124.4
3182	768.3
3183	1068.7
3184	958.3
3185	843
3186	338.4
3187	381.8
3188	157.8
3189	282.4
3190	221.8
3191	217.2
3192	175.8
3193	136.4
3194	883.9
3195	1098.9
3196	100.9
3197	129
3198	129.4
3199	659.4
3200	158.6
3201	243.8
3202	985.4
3203	1025.5
3204	113.3
3205	1058.5
3206	170.6
3207	179.8
3208	177.4
3209	93.2
3210	760.8
3211	809.8
3212	777.8
3213	205.4
3214	168.3
3215	142.6
3216	152.3
3217	221.9
3218	837
3219	1002.7
3220	137.3
3221	287.2
3222	729
3223	184.8
3224	1198.5
3225	268.9
3226	960
3227	197.1
3228	175.9
3229	145.1
3230	112.2
3231	124
3232	233
3233	187.2
3234	1068.4
3235	868.1
3236	753.9
3237	144.4
3238	964.8
3239	120
3240	166.7
3241	382.4
3242	170.4
3243	827.9
3244	219.5
3245	233.3
3246	287.2
3247	99.8
3248	224.8
3249	233
3250	159.5
3251	919.5
3252	852.1
3253	172.8
3254	749.5
3255	163.6
3256	348.1
3257	813.3
3258	237.8
3259	448.1
3260	270.7
3261	156.8
3262	832.8
3263	202.6
3264	171.9
3265	150.6
3266	185.5
3267	465.7
3268	742.7
3269	846.5
3270	142.3
3271	172.2
3272	742.8
3273	170.6
3274	884.7
3275	204.6
3276	200.6
3277	191.5
3278	470.4
3279	187.2
3280	198.8
3281	254.8
3282	188.4
3283	601.8
3284	222.3
3285	174.8
3286	758.5
3287	200.1
3288	186.8
3289	194.3
3290	515.2
3291	668.3
3292	306.3
3293	192
3294	214.6
3295	220.1
3296	222.7
3297	148.5
3298	288
3299	148
3300	334.6
3301	229.1
3302	216.2
3303	753.3
3304	233.8
3305	503.7
3306	231
3307	244.1
3308	785.6
3309	193.8
3310	176.5
3311	468
3312	197.3
3313	157.7
3314	169.9
3315	182.4
3316	604.6
3317	204.6
3318	374.6
3319	152.1
3320	137.5
3321	230
3322	201.3
3323	169.6
3324	218
3325	142.4
3326	198
3327	163.7
3328	248.2
3329	131.5
3330	310.8
3331	278.4
3332	261.4
3333	160.2
3334	253.6
3335	540.6
3336	240.4
3337	171.3
3338	177.9
3339	193.5
3340	197
3341	411.7
3342	236.7
3343	274.1
3344	174.9
3345	154.5
3346	272.2
3347	189.7
3348	137.7
3349	229.5
3350	360.6
3351	257.7
3352	332.3
3353	151
3354	221.2
3355	202.5
3356	224.8
3357	173.8
3358	267.1
3359	141.6
3360	364.6
3361	145
3362	175.4
3363	316.6
3364	180.5
3365	209.8
3366	155.8
3367	187.5
3368	165.3
3369	250.4
3370	166.5
3371	161.5
3372	238.3
3373	195.5
3374	180
3375	163.1
3376	190.3
3377	194.6
3378	178.5
3379	185.1
3380	186.7
3381	184.4
3382	212.1
3383	175.7
3384	197.9
3385	177.5
3386	189.7
3387	217.9
3388	248.7
3389	276.1
3390	266.2
3391	184.9
3392	196.6
3393	228.3
3394	218
3395	234
3396	266.8
3397	255.2
3398	201.6
3399	208.6
3400	416.3
3401	388.4
3402	228.6
3403	96.1
3404	253.8
3405	175.1
3406	142.5
3407	123.4
3408	294
3409	99.9
3410	34.6
3411	32.9
3412	202
3413	163.3
3414	116.6
3415	231.5
3416	183.2
3417	205.6
3418	252.2
3419	193.4
3420	258
3421	92.7
3422	206
3423	235.3
3424	257
3425	318.1
3426	370.7
3427	139.8
3428	96.7
3429	270.7
3430	47.3
3431	247.8
3432	368.6
3433	280.2
3434	155.1
3435	242.1
3436	225.7
3437	294.1
3438	203.1
3439	271.2
3440	234.7
3441	158.3
3442	244.6
3443	342
3444	195.9
3445	297.6
3446	477.8
3447	209.9
3448	270.4
3449	441.9
3450	450
3451	167.3
3452	201.6
3453	170
3454	278.9
3455	194.3
3456	432.2
3457	341.1
3458	139.3
3459	322.5
3460	200.2
3461	533.6
3462	419.4
3463	276.2
3464	235.9
3465	298.1
3466	100.1
3467	154.6
3468	230.8
3469	176.2
3470	125.4
3471	229.8
3472	125
3473	186.9
3474	202.8
3475	357.1
3476	343
3477	161.6
3478	99.9
3479	256.6
3480	243
3481	120.2
3482	69.8
3483	131.1
3484	154.3
3485	131.5
3486	291.2
3487	82.2
3488	54.3
3489	318
3490	184.9
3491	177
3492	194.9
3493	113.8
3494	245.7
3495	265.7
3496	87.8
3497	44.2
3498	45.9
3499	195.2
3500	82.2
3501	160.5
3502	100.3
3503	99.8
3504	176.5
3505	126.2
3506	292.4
3507	95.9
3508	298
3509	204.6
3510	172.9
3511	225.7
3512	251.7
3513	293.9
3514	167.2
3515	341.2
3516	181.3
3517	269.9
3518	233.7
3519	293.5
3520	547.3
3521	383
3522	487.1
3523	251.1
3524	191.2
3525	221.8
3526	151.5
3527	270.5
3528	513.6
3529	376.9
3530	272.4
3531	589.4
3532	150.4
3533	681.4
3534	738.3
3535	299.4
3536	481.1
3537	133.2
3538	407.6
3539	267.5
3540	397.6
3541	482.4
3542	294.9
3543	315
3544	315.9
3545	534.7
3546	318
3547	338.4
3548	348.6
3549	437.9
3550	331.3
3551	237.6
3552	280.9
3553	378.2
3554	245.9
3555	567.9
3556	325.7
3557	112.2
3558	631
3559	79.6
3560	493.9
3561	255.2
3562	261.8
3563	505.6
3564	325.6
3565	365.6
3566	252.8
3567	447.3
3568	727.9
3569	500.5
3570	610.3
3571	610.1
3572	237.5
3573	796.5
3574	373.3
3575	361.1
3576	908.7
3577	746.2
3578	803.5
3579	254.5
3580	233.6
3581	188.9
3582	871
3583	121.9
3584	1141.4
3585	297.4
3586	836.9
3587	206.4
3588	209
3589	250.8
3590	153.3
3591	601.6
3592	156.5
3593	189.4
3594	174
