"COMID"	"Value"
1	52.2
2	37.8
3	85.8
4	74.3
5	47.2
6	5.1
7	69.7
8	31.6
9	2.1
10	1.4
11	75.5
12	3.4
13	0.8
14	99.4
15	36.4
16	50.5
17	42.2
18	52.7
19	141.5
20	73.5
21	115.3
22	97
23	0.1
24	1.1
25	66
26	46.4
27	49.8
28	55.2
29	36.1
30	20
31	68.5
32	45.7
33	87.7
34	0.9
35	76.9
36	7.2
37	55.3
38	1.4
39	1.8
40	91.4
41	89.9
42	72.9
43	87.6
44	49.4
45	45.2
46	1.4
47	20.3
48	67.7
49	62.9
50	17.8
51	1.3
52	3
53	8.4
54	97
55	94.5
56	64.1
57	87.6
58	0.9
59	55.8
60	0.7
61	4.4
62	5.2
63	119.3
64	49.8
65	2.2
66	42.1
67	47.5
68	16.1
69	36.8
70	3.8
71	4.2
72	56.8
73	0.7
74	72.2
75	6.5
76	5.5
77	30
78	27.6
79	86.8
80	2.7
81	44
82	14.9
83	52.5
84	0.7
85	47.3
86	27.5
87	0.8
88	1
89	9.9
90	44.8
91	25.2
92	57.2
93	42.5
94	5.7
95	75.5
96	2.6
97	87.3
98	0.2
99	19.1
100	78.5
101	91
102	49
103	0.3
104	24.5
105	3.7
106	75.3
107	19.8
108	0.6
109	1.1
110	0.5
111	5.9
112	70.8
113	2.8
114	77.8
115	44.3
116	38.9
117	83.7
118	56.7
119	0.1
120	31.9
121	1.5
122	46.7
123	8.3
124	54.5
125	86.6
126	69.4
127	31
128	85.1
129	0.1
130	13.2
131	7.8
132	1.7
133	73.7
134	42.9
135	51.4
136	69.5
137	94.6
138	0.3
139	0.1
140	50.2
141	47.3
142	4.6
143	0
144	39
145	0.5
146	47.9
147	133.3
148	106
149	64
150	84.7
151	26.8
152	43.9
153	0.1
154	59
155	9.2
156	13.1
157	100.7
158	0.7
159	19.8
160	62.7
161	12.3
162	0.5
163	2
164	6.6
165	0
166	0.1
167	70.7
168	0.2
169	83.1
170	50.5
171	43
172	3.8
173	17
174	0.2
175	3
176	78.7
177	22.6
178	49.9
179	50.3
180	0.2
181	5.8
182	30.8
183	12.9
184	0
185	0.9
186	34.3
187	37.5
188	0.1
189	0.1
190	46.3
191	0.1
192	63.1
193	4.6
194	69.3
195	16.2
196	0
197	18.6
198	0.1
199	59.6
200	0
201	0
202	2.1
203	0.1
204	0.2
205	2.4
206	37.1
207	16
208	52.9
209	62.1
210	36.2
211	138.5
212	61.7
213	75.3
214	0.5
215	69.6
216	51.8
217	8.2
218	22.1
219	31
220	0.1
221	1.1
222	62.7
223	53.8
224	3.1
225	36.2
226	51.2
227	11
228	70.4
229	0.2
230	22.2
231	16.6
232	69.7
233	50.7
234	0.6
235	10.5
236	71.6
237	4.1
238	41.5
239	51.2
240	58.5
241	52.5
242	1.2
243	0
244	38.4
245	66.4
246	45.9
247	4.5
248	1.9
249	1.6
250	41.7
251	57.8
252	171.1
253	50.1
254	0.3
255	0.1
256	25.4
257	0.3
258	37.7
259	5.8
260	0.8
261	63.1
262	51.7
263	10.7
264	0.2
265	0.1
266	55.7
267	45.1
268	113.2
269	51
270	0.1
271	23.5
272	59.7
273	43
274	0.2
275	39.4
276	1.9
277	0
278	40.3
279	0.2
280	31.7
281	52.3
282	32.1
283	0.3
284	12
285	1.8
286	28.6
287	231.6
288	8.9
289	1.3
290	0
291	73.9
292	5.8
293	0.2
294	130
295	0.1
296	36
297	27.1
298	0
299	3.3
300	31.5
301	0.1
302	40.1
303	27
304	4.2
305	29.9
306	12.5
307	36.5
308	6.8
309	0.9
310	16.7
311	38.8
312	33.4
313	19
314	6.1
315	0.7
316	0.5
317	0.3
318	8.9
319	1.5
320	39.3
321	0.1
322	9.2
323	33.9
324	1
325	1.6
326	90.6
327	1
328	0.9
329	0.1
330	1
331	0.3
332	0.1
333	0.1
334	0.4
335	1.9
336	0
337	1.7
338	0
339	2.9
340	0.8
341	0
342	0
343	0.2
344	25.8
345	1.2
346	0.9
347	0.2
348	3.7
349	2.3
350	0.1
351	0.1
352	0.2
353	8.7
354	2
355	0.7
356	0.4
357	0.4
358	1.7
359	0
360	1.2
361	0.3
362	1
363	0.9
364	0.1
365	2.3
366	32.1
367	0.1
368	154.4
369	0
370	14.8
371	0.2
372	3.9
373	44.8
374	0.3
375	146.5
376	15.9
377	19.2
378	42.1
379	0.4
380	18.1
381	0
382	0.1
383	22.5
384	0.1
385	0.4
386	0
387	139.3
388	3
389	3.7
390	132
391	8.9
392	17.5
393	0.6
394	14.8
395	0.1
396	0.9
397	0.4
398	2
399	4.4
400	6
401	37.4
402	0.2
403	0.6
404	0
405	1.6
406	227.7
407	3.5
408	0
409	0.2
410	94.2
411	33
412	2.2
413	262.4
414	0.7
415	0.9
416	0
417	0.2
418	0
419	65.3
420	0
421	4
422	1
423	65
424	187.6
425	50
426	0.3
427	211.2
428	182.2
429	22.2
430	168.1
431	2.2
432	20
433	42.3
434	37.4
435	7.2
436	13
437	9.4
438	58.1
439	0.3
440	15.9
441	146.9
442	5.8
443	126.6
444	29
445	97.1
446	2.4
447	85.3
448	59.8
449	3.2
450	58.3
451	0.9
452	66.3
453	0.7
454	2.1
455	33.6
456	2.7
457	33.7
458	71.8
459	80.8
460	19.5
461	123.8
462	82.9
463	6.5
464	8.6
465	79.6
466	2.7
467	141.8
468	0
469	50.5
470	0.8
471	4
472	15.9
473	36.1
474	0.2
475	10.2
476	0
477	94.6
478	0.2
479	70.3
480	29.8
481	1.1
482	0.1
483	44.4
484	3.7
485	28.3
486	8.5
487	81.6
488	10.7
489	1.1
490	12.8
491	135.7
492	41.9
493	3.4
494	192.7
495	12.2
496	0.5
497	74.2
498	85.8
499	2.4
500	38
501	215.5
502	212.9
503	1.6
504	3.7
505	18.8
506	44.3
507	56.6
508	14.2
509	32.6
510	193.7
511	124.3
512	177.5
513	0.2
514	9.6
515	0.8
516	6.5
517	46.5
518	8.1
519	29.7
520	6.5
521	149.3
522	2.5
523	0.3
524	45.6
525	158.2
526	36.7
527	208.5
528	2.1
529	1
530	129.9
531	74.4
532	88.6
533	218.8
534	61.3
535	137.8
536	57
537	12.1
538	3.3
539	16.1
540	3.1
541	82.3
542	77
543	84
544	2.3
545	17.9
546	99.5
547	15.4
548	17.7
549	30.8
550	17.4
551	74.1
552	18.2
553	3.3
554	1
555	2.5
556	22.1
557	36.9
558	26.1
559	122.6
560	67.6
561	6.8
562	76.7
563	1.7
564	34.1
565	154.7
566	55.5
567	4
568	59.4
569	70.6
570	1.5
571	6.7
572	35.5
573	36.8
574	26.7
575	3.3
576	20
577	11.9
578	182.4
579	295.3
580	30.4
581	10
582	16.8
583	1.7
584	1.8
585	15.1
586	27
587	57.7
588	2.1
589	19.1
590	1.3
591	17.4
592	450.3
593	26.2
594	102.1
595	9.4
596	2.1
597	1.1
598	12
599	47.8
600	87.4
601	23.8
602	1.9
603	24.4
604	5
605	3.5
606	6.7
607	4.5
608	52
609	3.6
610	2.5
611	1.2
612	2
613	0.5
614	57.1
615	0.8
616	1.8
617	32.4
618	13.1
619	169
620	108.8
621	5.1
622	66
623	76.6
624	60.8
625	2.7
626	6
627	37.5
628	14.6
629	108.7
630	137
631	1.7
632	23.5
633	146.8
634	0.5
635	147
636	93.1
637	84.2
638	2.2
639	14
640	0.9
641	112.1
642	1.2
643	79.5
644	3.7
645	25
646	194.2
647	1.5
648	42.8
649	73.3
650	2.1
651	206.2
652	15.2
653	0.2
654	2.5
655	0.1
656	24.4
657	84.9
658	4.9
659	76.8
660	10.3
661	3.3
662	94.1
663	84.7
664	2
665	2.8
666	1.9
667	9.4
668	58.3
669	7.5
670	2
671	2
672	2.5
673	80.1
674	0.9
675	153.1
676	68.6
677	130.8
678	50
679	10.2
680	0
681	143.6
682	66.6
683	66.9
684	71.5
685	2.6
686	201.5
687	0.2
688	103.4
689	2.3
690	82.4
691	2.6
692	127
693	36.9
694	0.3
695	1.8
696	142
697	7.1
698	78.9
699	41
700	106
701	1.8
702	126.1
703	85.3
704	35.7
705	95.9
706	37.8
707	187.7
708	82.7
709	101.4
710	65.6
711	0.1
712	34.9
713	80.2
714	19.7
715	75.2
716	3.4
717	49.5
718	126.8
719	89.7
720	68.2
721	2.8
722	86.7
723	116.9
724	53.2
725	2.3
726	1.4
727	1.1
728	86.8
729	1.5
730	52.1
731	35.6
732	0.5
733	82.9
734	60
735	35.1
736	35.4
737	48.1
738	76.1
739	52.9
740	61.9
741	67.6
742	83
743	62.5
744	0.1
745	1.1
746	49.6
747	78.4
748	0
749	89.2
750	10.4
751	63.4
752	59.2
753	90.8
754	122.9
755	64.7
756	50.3
757	95.2
758	94.6
759	2.5
760	50.6
761	1.9
762	53
763	60.4
764	110.2
765	101.7
766	0.2
767	90.5
768	115.9
769	114.8
770	107.4
771	70.5
772	128.6
773	55.4
774	44.8
775	2.9
776	16.5
777	50.6
778	46.3
779	0
780	153.7
781	69.9
782	282.3
783	231.5
784	245.5
785	303.4
786	277.6
787	229.1
788	166.3
789	165.4
790	244.5
791	260.4
792	208.4
793	289.8
794	204.4
795	277.1
796	243
797	246.5
798	253.4
799	193.9
800	163.7
801	238.4
802	155.3
803	150.9
804	134.7
805	152.9
806	168
807	91.1
808	193.4
809	221.6
810	301.2
811	153.6
812	298.5
813	181.2
814	156.4
815	178.7
816	191.5
817	120.7
818	316.2
819	392.6
820	131.6
821	188.2
822	124.5
823	170
824	324.8
825	267.8
826	358.3
827	222.7
828	147.5
829	304.1
830	296.5
831	196.5
832	208.6
833	154.7
834	342.1
835	101.5
836	203.2
837	85.6
838	226.1
839	230.1
840	162
841	115.7
842	112.9
843	28.5
844	309.5
845	129.4
846	255.1
847	202.8
848	340.6
849	217.8
850	347
851	321
852	124.7
853	272.6
854	325.6
855	240
856	238.9
857	148.1
858	401
859	172.7
860	160.3
861	356.9
862	14.7
863	337.1
864	151.8
865	347.2
866	155.1
867	99.4
868	373.5
869	168.2
870	59.1
871	180.3
872	152.9
873	20.4
874	272
875	246.1
876	148.4
877	412.6
878	398.8
879	444.7
880	168.8
881	234.8
882	221.2
883	97.2
884	450
885	390.2
886	12.7
887	140.4
888	89.7
889	329.9
890	255.5
891	185.1
892	197.1
893	252
894	22.6
895	329.6
896	268.1
897	168.9
898	141.8
899	180.8
900	101.5
901	143.7
902	269
903	271.7
904	339.1
905	144.9
906	235.8
907	229
908	136.9
909	268.1
910	34.8
911	297
912	115.6
913	245.4
914	97.5
915	42.6
916	159.7
917	304.7
918	176.7
919	184
920	164.3
921	175.4
922	156.8
923	75.6
924	146.1
925	266.3
926	200.1
927	205.2
928	148.6
929	148
930	258.7
931	208.4
932	143.8
933	142.9
934	32
935	129.6
936	199.7
937	343.9
938	336.6
939	205.5
940	166.7
941	290.1
942	331.5
943	28.4
944	370.5
945	192.3
946	199.3
947	36.3
948	146.7
949	230.3
950	225
951	163.6
952	163.5
953	152.3
954	120.1
955	166.5
956	118.3
957	175.6
958	173.5
959	156.6
960	146.3
961	280.1
962	240.4
963	169.3
964	20.9
965	277
966	337
967	22.1
968	164.3
969	262.6
970	97.3
971	186.5
972	245.9
973	177.9
974	178.2
975	329.8
976	272.8
977	228.4
978	146.8
979	319.7
980	255.9
981	307.7
982	221.9
983	198
984	282.6
985	233.3
986	245.1
987	191.3
988	240.9
989	198.1
990	34.8
991	241.8
992	96.8
993	260.2
994	239.7
995	325.8
996	248.1
997	261.4
998	217
999	223.4
1000	15.3
1001	276.7
1002	309.9
1003	28.3
1004	233.7
1005	195
1006	371.7
1007	15.2
1008	127.5
1009	58.8
1010	237.2
1011	121.1
1012	374.6
1013	322.6
1014	288.3
1015	142.9
1016	17
1017	271.5
1018	252.9
1019	330.2
1020	249.7
1021	151.4
1022	230.1
1023	227.9
1024	294.1
1025	271.8
1026	204.2
1027	327.9
1028	241.6
1029	302.4
1030	205.9
1031	14.8
1032	24.1
1033	362.4
1034	272
1035	208
1036	145.6
1037	235.6
1038	249.4
1039	245.3
1040	350.4
1041	259.8
1042	305
1043	18.6
1044	211.5
1045	325.8
1046	202.7
1047	305.5
1048	354.7
1049	235.7
1050	15.5
1051	127.3
1052	183.2
1053	305.7
1054	195.9
1055	229.5
1056	192.9
1057	271.3
1058	177.6
1059	345.7
1060	233.4
1061	16.1
1062	253.8
1063	302.7
1064	390.9
1065	181
1066	311.3
1067	356.2
1068	281.2
1069	298.8
1070	250
1071	213.4
1072	360
1073	339.3
1074	251.4
1075	89.5
1076	236.3
1077	329.6
1078	287.2
1079	220.2
1080	256.6
1081	293.5
1082	223.3
1083	374.5
1084	171.6
1085	237.4
1086	204.1
1087	12.1
1088	348.2
1089	190.8
1090	243.6
1091	215.4
1092	243.6
1093	362.7
1094	458
1095	264.6
1096	333
1097	276.7
1098	341.8
1099	73.8
1100	12.5
1101	471.3
1102	264.4
1103	400.9
1104	310.9
1105	277.6
1106	286.9
1107	364.9
1108	233.5
1109	253
1110	234.4
1111	325
1112	164.8
1113	325.1
1114	181.6
1115	284.6
1116	363.3
1117	249.3
1118	314.3
1119	336.2
1120	292.6
1121	273
1122	278.3
1123	330.6
1124	263.1
1125	369.2
1126	368.1
1127	371.7
1128	220.7
1129	244.1
1130	243.5
1131	402
1132	340.7
1133	230.8
1134	194.2
1135	193
1136	418.4
1137	265.7
1138	259
1139	360.1
1140	315
1141	344
1142	328.7
1143	188.2
1144	302.9
1145	367.7
1146	230.5
1147	222.7
1148	274.5
1149	301.9
1150	427.9
1151	253.3
1152	226.8
1153	209
1154	11.3
1155	227.3
1156	425.9
1157	388.6
1158	299.8
1159	95.7
1160	341.7
1161	312.2
1162	350.5
1163	285.2
1164	401.5
1165	226
1166	280.6
1167	255.1
1168	383.9
1169	284.1
1170	453.3
1171	385.6
1172	117.3
1173	336.5
1174	225.6
1175	309.6
1176	59.9
1177	371.2
1178	298.3
1179	406.9
1180	306.1
1181	364.8
1182	276.1
1183	329.8
1184	276.5
1185	242.6
1186	209.5
1187	371.7
1188	212.5
1189	331.8
1190	398.1
1191	274.9
1192	217.5
1193	243.4
1194	260.7
1195	441.5
1196	399.9
1197	420.3
1198	268.8
1199	257.6
1200	11
1201	286.8
1202	294.6
1203	411.2
1204	300.7
1205	309.1
1206	287.6
1207	266
1208	296.5
1209	335.1
1210	274.6
1211	279.7
1212	325.4
1213	89.5
1214	218.3
1215	272.1
1216	269.4
1217	194.1
1218	320.7
1219	345.5
1220	223
1221	257.6
1222	319.9
1223	295.6
1224	232.1
1225	384.3
1226	180
1227	265.8
1228	304.9
1229	385.4
1230	157.9
1231	254.8
1232	179.6
1233	204.9
1234	311.8
1235	282.3
1236	281.6
1237	174.7
1238	216.7
1239	450.1
1240	236.9
1241	427.2
1242	164.8
1243	343.9
1244	245.7
1245	481.7
1246	196.1
1247	51.1
1248	10.7
1249	499.8
1250	190
1251	311.3
1252	397.3
1253	208.1
1254	365.5
1255	317.9
1256	185.2
1257	381.5
1258	379
1259	578.6
1260	214.7
1261	214.5
1262	264.5
1263	448.1
1264	399.9
1265	490.9
1266	185.4
1267	363.8
1268	228.9
1269	15.2
1270	243.2
1271	456.8
1272	150.9
1273	475.7
1274	210.5
1275	170.3
1276	197.9
1277	175.1
1278	146.2
1279	17.2
1280	485.8
1281	326
1282	472.1
1283	272.2
1284	15.3
1285	498.2
1286	265.1
1287	396.1
1288	368.7
1289	144.2
1290	318.9
1291	214.3
1292	311
1293	15.9
1294	351.3
1295	242.4
1296	262.2
1297	21.2
1298	247.9
1299	193.9
1300	390.6
1301	357
1302	350.8
1303	268.3
1304	24.1
1305	285.9
1306	317.5
1307	319.8
1308	305.2
1309	278.1
1310	245.3
1311	263.7
1312	122.4
1313	326.9
1314	229.6
1315	453.5
1316	211.3
1317	228.1
1318	203
1319	350.1
1320	393.5
1321	282.9
1322	333.1
1323	314.8
1324	300.6
1325	198
1326	291.4
1327	271.6
1328	239.2
1329	17.2
1330	236.8
1331	246.3
1332	13.6
1333	55.9
1334	235.4
1335	362.6
1336	196.5
1337	357.6
1338	353.8
1339	306.9
1340	468.4
1341	230.4
1342	195
1343	333.9
1344	575.3
1345	277.9
1346	391.7
1347	155
1348	348.8
1349	365.7
1350	310.8
1351	392.3
1352	18.5
1353	223.3
1354	280.1
1355	383.5
1356	20
1357	87.4
1358	310.9
1359	438.1
1360	306.7
1361	319.5
1362	240.7
1363	361.6
1364	284.4
1365	244.1
1366	345.2
1367	466
1368	285.6
1369	281.7
1370	399.7
1371	261.8
1372	191.8
1373	239.6
1374	351.3
1375	237.3
1376	16.9
1377	285.3
1378	436.5
1379	442.3
1380	242.6
1381	374.6
1382	256.6
1383	293.5
1384	239.2
1385	15.6
1386	246.9
1387	397.2
1388	385.8
1389	346.4
1390	246.3
1391	318.5
1392	227
1393	272.6
1394	303
1395	244.1
1396	348
1397	226.7
1398	380.3
1399	287.2
1400	82.8
1401	240.7
1402	244
1403	155.9
1404	249.7
1405	257.8
1406	469.3
1407	329
1408	254.5
1409	220.7
1410	231.8
1411	124.6
1412	268.6
1413	159.7
1414	169.1
1415	301.1
1416	264.2
1417	314.8
1418	183.2
1419	284.4
1420	355
1421	332
1422	355.4
1423	40.5
1424	235.4
1425	238
1426	126.9
1427	186.7
1428	293.4
1429	272.4
1430	312.7
1431	161.7
1432	235.7
1433	263.2
1434	312.3
1435	302.7
1436	274
1437	260.2
1438	417.3
1439	193.1
1440	264.7
1441	261.5
1442	378.4
1443	79.2
1444	220.2
1445	350.6
1446	364.9
1447	365
1448	146.9
1449	320.4
1450	384.4
1451	410
1452	243.6
1453	177.9
1454	24.6
1455	289.6
1456	310.3
1457	145.2
1458	236.2
1459	276.7
1460	201.7
1461	234.7
1462	231.7
1463	179.6
1464	162.7
1465	204.6
1466	207.4
1467	252
1468	228.3
1469	271.1
1470	192.2
1471	232.2
1472	378.3
1473	226.5
1474	405.6
1475	196.8
1476	215.6
1477	424.3
1478	335.8
1479	225.5
1480	216.1
1481	328.1
1482	228.5
1483	178
1484	327
1485	23.2
1486	193.5
1487	138.5
1488	222.6
1489	388.8
1490	376.7
1491	48.4
1492	276.2
1493	494.7
1494	155.7
1495	277.7
1496	270.5
1497	220.3
1498	181
1499	292.6
1500	551.1
1501	294.1
1502	158.1
1503	320.7
1504	363.8
1505	231
1506	128.1
1507	186.6
1508	314.1
1509	33
1510	341
1511	280.6
1512	177.6
1513	359.3
1514	343.5
1515	222.6
1516	334.7
1517	650.5
1518	210.4
1519	390.1
1520	306.9
1521	153.5
1522	244.9
1523	234.1
1524	478.8
1525	368
1526	203.5
1527	256.2
1528	181.7
1529	399.7
1530	142.1
1531	325.1
1532	400.7
1533	343.2
1534	280.2
1535	18.1
1536	274.4
1537	193.1
1538	25
1539	385.3
1540	457.8
1541	173.8
1542	465.4
1543	248.7
1544	203.1
1545	179.6
1546	21.6
1547	108.5
1548	147.1
1549	173.1
1550	205.5
1551	428.1
1552	212.3
1553	151.8
1554	76.8
1555	189.4
1556	448
1557	360.7
1558	186
1559	275.2
1560	409.6
1561	183
1562	439.4
1563	526.8
1564	144.9
1565	95.7
1566	483.4
1567	190.9
1568	231.8
1569	204.2
1570	360.9
1571	138.7
1572	211.2
1573	163.1
1574	559.2
1575	170.9
1576	311.8
1577	146.4
1578	165.7
1579	183.7
1580	289.2
1581	545.6
1582	257.8
1583	239.9
1584	27.3
1585	226.1
1586	290.7
1587	376.9
1588	476.2
1589	338.5
1590	176.7
1591	181.9
1592	389.4
1593	586.9
1594	308.7
1595	333.5
1596	213.8
1597	139.1
1598	381.1
1599	278
1600	373.8
1601	56.9
1602	155.1
1603	409.5
1604	206.9
1605	545.8
1606	204.4
1607	255.7
1608	383
1609	199.1
1610	309.8
1611	591.7
1612	410.8
1613	271
1614	310.4
1615	418.2
1616	217.4
1617	250.1
1618	187.2
1619	351
1620	447.3
1621	346.3
1622	538.9
1623	162.2
1624	193.7
1625	162.7
1626	505.9
1627	278
1628	155.9
1629	184.2
1630	591.3
1631	74.6
1632	157.8
1633	256.8
1634	228.1
1635	156
1636	241.8
1637	276.7
1638	105.8
1639	232.2
1640	273.4
1641	177.7
1642	253.3
1643	185.4
1644	315.3
1645	296
1646	250.5
1647	144.8
1648	249.6
1649	394.3
1650	355
1651	491.5
1652	236
1653	396.7
1654	429.6
1655	322.8
1656	435.5
1657	263.7
1658	234.5
1659	250.8
1660	176.8
1661	553.8
1662	358
1663	210.8
1664	325.7
1665	385.5
1666	457
1667	229.2
1668	261.9
1669	237.3
1670	434
1671	219.4
1672	311.9
1673	447.4
1674	219.7
1675	184.3
1676	507
1677	382.1
1678	321.8
1679	145.9
1680	322.2
1681	317.6
1682	317.1
1683	190.7
1684	195.8
1685	183.2
1686	98.8
1687	185.3
1688	194.4
1689	453.5
1690	415.7
1691	435
1692	313.6
1693	380.8
1694	313.1
1695	407.7
1696	476.9
1697	467
1698	293.4
1699	554.1
1700	137
1701	307.3
1702	373.8
1703	412.7
1704	402.3
1705	430.5
1706	195.4
1707	353.3
1708	323.8
1709	203.8
1710	510.8
1711	458.2
1712	244.3
1713	252.6
1714	194.7
1715	374.2
1716	252.6
1717	220.2
1718	589.3
1719	118.3
1720	293.3
1721	327.9
1722	200.7
1723	316
1724	193.9
1725	244.5
1726	261.7
1727	508.1
1728	259.4
1729	372.3
1730	268.2
1731	550
1732	240.9
1733	235.4
1734	402.3
1735	279.8
1736	420.9
1737	227.7
1738	241.2
1739	173.1
1740	327.3
1741	381.7
1742	531.9
1743	190.4
1744	185
1745	256.8
1746	390.9
1747	226.7
1748	226
1749	146.3
1750	110.3
1751	313.8
1752	243.8
1753	311.2
1754	200.8
1755	279.9
1756	163.7
1757	505.1
1758	363.1
1759	379.8
1760	190
1761	199
1762	181.2
1763	267.1
1764	294.5
1765	352.7
1766	200.3
1767	212.5
1768	343.2
1769	299.7
1770	530.6
1771	210.1
1772	308.7
1773	313.2
1774	356.1
1775	103.7
1776	238.3
1777	258.6
1778	391.7
1779	453.4
1780	379.6
1781	163.2
1782	201.1
1783	373.3
1784	194.9
1785	299.2
1786	279.3
1787	472.9
1788	372.6
1789	310.1
1790	299.9
1791	166.8
1792	442.4
1793	310.6
1794	104.5
1795	354.6
1796	301
1797	267.9
1798	386.8
1799	386.7
1800	305.5
1801	261.9
1802	201.3
1803	324.3
1804	235.2
1805	289.9
1806	394.4
1807	291.2
1808	248
1809	309.6
1810	415.8
1811	427
1812	200.2
1813	457.5
1814	437.9
1815	333.6
1816	185.5
1817	212.6
1818	268.5
1819	444
1820	309.9
1821	260
1822	358.6
1823	419.6
1824	248
1825	250.6
1826	285.4
1827	355.3
1828	360.4
1829	406.6
1830	325.1
1831	395.7
1832	413.5
1833	263.6
1834	212
1835	394.3
1836	362.9
1837	88.4
1838	343.1
1839	270.9
1840	246
1841	243.9
1842	404.8
1843	344
1844	320.1
1845	342.4
1846	86
1847	290.1
1848	384.8
1849	319
1850	326.9
1851	349.7
1852	442.8
1853	404.1
1854	358.8
1855	467.1
1856	237
1857	391.4
1858	460.3
1859	366.4
1860	213.7
1861	367.7
1862	372.6
1863	280.8
1864	416.7
1865	311.6
1866	401.1
1867	379.9
1868	345
1869	363.7
1870	46
1871	311.3
1872	279.7
1873	318.6
1874	378.4
1875	421.7
1876	251.8
1877	411.1
1878	189.1
1879	361.1
1880	417.3
1881	353.2
1882	223.6
1883	376
1884	352
1885	369.1
1886	170.1
1887	349.4
1888	307.4
1889	362.4
1890	403.8
1891	38.4
1892	322.9
1893	326.5
1894	402.3
1895	298.3
1896	365.7
1897	356.9
1898	356.7
1899	278.4
1900	348.6
1901	317.8
1902	220.9
1903	260.1
1904	365.1
1905	303.4
1906	218.9
1907	62.6
1908	97.7
1909	34.9
1910	32.3
1911	306.9
1912	329.7
1913	243.7
1914	320.9
1915	277.6
1916	266
1917	237.2
1918	121.2
1919	225.8
1920	300.7
1921	299.9
1922	296.1
1923	251.7
1924	308.4
1925	412.2
1926	247.9
1927	174.2
1928	296.2
1929	36.1
1930	434.6
1931	48.9
1932	152.8
1933	267.1
1934	237.8
1935	332.8
1936	310.5
1937	412.5
1938	297.4
1939	173
1940	417.7
1941	346.7
1942	147.4
1943	384.2
1944	273.4
1945	42.2
1946	372.7
1947	326.5
1948	31.8
1949	257
1950	46.5
1951	411.2
1952	72.8
1953	57.8
1954	368.5
1955	127.1
1956	371.9
1957	196.5
1958	310.1
1959	128.8
1960	308.4
1961	146.4
1962	227.6
1963	428.8
1964	448.5
1965	359.8
1966	26.3
1967	30.6
1968	172.5
1969	402.1
1970	349.9
1971	450.9
1972	321.8
1973	376.3
1974	387.1
1975	52.2
1976	134.1
1977	41.9
1978	428.1
1979	77.4
1980	350.4
1981	365.7
1982	71.5
1983	524.8
1984	407
1985	73.8
1986	138.6
1987	331.8
1988	59.5
1989	46.4
1990	50
1991	290.5
1992	480.9
1993	95.4
1994	275.8
1995	347.6
1996	338.5
1997	122.2
1998	231.9
1999	402.1
2000	93.2
2001	268.8
2002	125.4
2003	95.5
2004	230.3
2005	342
2006	93.7
2007	508.7
2008	39
2009	340.9
2010	111
2011	101.3
2012	307.2
2013	101.7
2014	71.7
2015	171.9
2016	304
2017	438.2
2018	88.6
2019	278.2
2020	253.6
2021	64.2
2022	71.3
2023	74.3
2024	66.3
2025	237
2026	251.7
2027	83
2028	384.9
2029	271.1
2030	521.1
2031	169.5
2032	108.8
2033	376.5
2034	424.5
2035	79.6
2036	57.4
2037	316.7
2038	71.4
2039	228
2040	332.5
2041	73.4
2042	92.5
2043	270.7
2044	351.2
2045	442
2046	382.3
2047	71.3
2048	373.9
2049	310.3
2050	307.1
2051	88.5
2052	351.8
2053	87
2054	101.6
2055	114.8
2056	307.7
2057	86.9
2058	72.5
2059	338.4
2060	74.5
2061	122.2
2062	304.9
2063	274
2064	88.2
2065	262
2066	277
2067	139.7
2068	272.7
2069	367
2070	189.3
2071	73.3
2072	318.1
2073	159.4
2074	321.1
2075	344.3
2076	69.4
2077	257.7
2078	250.1
2079	459
2080	188.2
2081	296.6
2082	365.6
2083	96.4
2084	309.2
2085	399.2
2086	144.7
2087	211.4
2088	438.5
2089	161.1
2090	384
2091	116
2092	185
2093	380.1
2094	295.5
2095	91
2096	363.7
2097	60.7
2098	186.8
2099	213.2
2100	272.2
2101	306.4
2102	377.9
2103	351.1
2104	298.9
2105	396.7
2106	280.6
2107	306.3
2108	219.9
2109	306.5
2110	324.7
2111	196.2
2112	84.8
2113	271.9
2114	181.1
2115	188.4
2116	209.2
2117	373.4
2118	140.9
2119	121.8
2120	327.1
2121	52
2122	226.7
2123	315
2124	223.5
2125	218.9
2126	286.5
2127	44.9
2128	273.9
2129	292.6
2130	318.9
2131	440.2
2132	526.4
2133	457
2134	255.4
2135	165.3
2136	375.4
2137	66.5
2138	156.4
2139	162.8
2140	368.1
2141	254.7
2142	90
2143	186
2144	270.5
2145	169.1
2146	82.3
2147	77.2
2148	260.9
2149	352.8
2150	184.9
2151	372.9
2152	181.3
2153	490.1
2154	268.8
2155	280.9
2156	295.5
2157	219.7
2158	83.5
2159	66.2
2160	521
2161	308.5
2162	378.7
2163	184.8
2164	376.4
2165	95.6
2166	266.7
2167	274.9
2168	384.1
2169	245.6
2170	283.6
2171	386.6
2172	330.6
2173	183.3
2174	253.2
2175	84.8
2176	288.9
2177	386.7
2178	238.7
2179	277.8
2180	208
2181	470.2
2182	348.2
2183	325.3
2184	263
2185	192.7
2186	91
2187	89.7
2188	179.8
2189	355.2
2190	113
2191	294.7
2192	230.3
2193	339
2194	234.5
2195	88.2
2196	228.6
2197	340.1
2198	220.3
2199	488.3
2200	340.7
2201	65.6
2202	92.5
2203	348
2204	138.5
2205	288.3
2206	165.3
2207	94.8
2208	128.2
2209	286.8
2210	369
2211	249.9
2212	151.9
2213	278.1
2214	319.5
2215	201
2216	128.1
2217	360.8
2218	356.2
2219	365
2220	76.8
2221	196.8
2222	515.7
2223	229.5
2224	212.3
2225	172.9
2226	114.8
2227	461.1
2228	224.8
2229	215.1
2230	160.2
2231	215.5
2232	204
2233	423.9
2234	317.4
2235	220.7
2236	339.4
2237	313.9
2238	335.5
2239	99.1
2240	196.7
2241	186.7
2242	482.1
2243	321.9
2244	191.5
2245	403
2246	198.7
2247	556.7
2248	669.9
2249	241.4
2250	164.5
2251	64.1
2252	446
2253	460.5
2254	90.7
2255	432.8
2256	252.3
2257	103.8
2258	261.1
2259	634.9
2260	382.5
2261	298.7
2262	268.6
2263	759.1
2264	575.6
2265	595.2
2266	152.8
2267	186.7
2268	378.2
2269	125.1
2270	518
2271	252.8
2272	119.1
2273	127.3
2274	558.1
2275	334.2
2276	132.8
2277	190
2278	370.7
2279	296.5
2280	334.8
2281	510.9
2282	874.3
2283	187.7
2284	397.4
2285	590.5
2286	440.2
2287	109.1
2288	368.8
2289	163
2290	175.1
2291	339
2292	601.5
2293	146.1
2294	195.8
2295	349.6
2296	552.1
2297	874.4
2298	314.4
2299	124.3
2300	319.2
2301	457.5
2302	510.9
2303	387.5
2304	388.2
2305	423.9
2306	372.4
2307	452.4
2308	269.8
2309	354.1
2310	889.5
2311	689.9
2312	502.4
2313	479.2
2314	261.6
2315	842.1
2316	186.4
2317	699.8
2318	225.3
2319	330.6
2320	501.3
2321	553
2322	280.7
2323	219.4
2324	657.7
2325	390.4
2326	331.4
2327	362.3
2328	632.6
2329	442.5
2330	837.5
2331	687
2332	269.2
2333	515.7
2334	479
2335	901.3
2336	247.2
2337	602.1
2338	454.3
2339	161.1
2340	561.2
2341	276.1
2342	720.9
2343	302.7
2344	568.7
2345	414.8
2346	259.6
2347	278.1
2348	543.4
2349	282.3
2350	525.2
2351	359.7
2352	453.5
2353	321.3
2354	626.9
2355	530.4
2356	629.1
2357	650
2358	97.4
2359	562.5
2360	354.3
2361	259.7
2362	297.1
2363	586.2
2364	370.2
2365	379.3
2366	766.4
2367	707.5
2368	512.2
2369	173.7
2370	762
2371	648
2372	386.7
2373	202.2
2374	115.6
2375	802.9
2376	878.3
2377	227
2378	210.1
2379	526.9
2380	394.5
2381	334.3
2382	567.2
2383	960.6
2384	760.5
2385	208.1
2386	539.7
2387	473.2
2388	402.1
2389	628.8
2390	301.4
2391	492.7
2392	638.3
2393	899.5
2394	678.9
2395	236.4
2396	512
2397	790
2398	202.5
2399	283.4
2400	734.7
2401	402.1
2402	626.8
2403	475.6
2404	166.6
2405	536.5
2406	419.6
2407	772
2408	268.7
2409	284.2
2410	386.8
2411	387.2
2412	351.4
2413	627.3
2414	215.9
2415	461.1
2416	394.2
2417	436.4
2418	402
2419	431.6
2420	482.1
2421	1108.4
2422	399.5
2423	354.2
2424	482.3
2425	118.5
2426	681.9
2427	480.1
2428	607.6
2429	817.6
2430	513.9
2431	480.8
2432	533.6
2433	622.9
2434	200.3
2435	483
2436	600.5
2437	140.6
2438	346.4
2439	504.5
2440	442.7
2441	936
2442	348.8
2443	456.4
2444	533.3
2445	358.3
2446	136.9
2447	421.6
2448	625.7
2449	694.1
2450	751.5
2451	388.7
2452	425.7
2453	613.8
2454	669.1
2455	606.9
2456	555.1
2457	582.3
2458	445.7
2459	377
2460	123.1
2461	615.8
2462	364.7
2463	135.4
2464	596.4
2465	1009.9
2466	617.2
2467	181.3
2468	226.9
2469	331.6
2470	593.1
2471	364.8
2472	331.8
2473	151.2
2474	374
2475	397.5
2476	797.8
2477	394.2
2478	392.3
2479	677.8
2480	304
2481	206.5
2482	85.4
2483	707.6
2484	524.6
2485	286.3
2486	414.6
2487	708.1
2488	318.5
2489	530.2
2490	547.7
2491	102.3
2492	450.4
2493	579.6
2494	334.1
2495	404
2496	91.1
2497	197.1
2498	228.4
2499	78.4
2500	553.2
2501	215.1
2502	197.8
2503	355.9
2504	290.5
2505	356.6
2506	409.9
2507	729.8
2508	373.7
2509	667.7
2510	381.6
2511	453.7
2512	347.4
2513	318
2514	209.5
2515	196.6
2516	405.9
2517	142.7
2518	207.9
2519	386.3
2520	491.9
2521	193
2522	564.9
2523	105.1
2524	618.2
2525	218.9
2526	223.1
2527	199.1
2528	354
2529	340.1
2530	210.8
2531	218.2
2532	223.1
2533	445.2
2534	269.3
2535	183.7
2536	448
2537	254.2
2538	374.9
2539	697.1
2540	477.6
2541	584.2
2542	330.1
2543	305.5
2544	315.3
2545	371.1
2546	371.3
2547	322.5
2548	416.2
2549	302.9
2550	540.9
2551	190.3
2552	663.7
2553	299.1
2554	406.5
2555	285.3
2556	279.6
2557	304.6
2558	385.2
2559	141
2560	456.4
2561	201.4
2562	706.1
2563	357.9
2564	404.5
2565	508
2566	124.4
2567	348.9
2568	549.5
2569	297.6
2570	224.5
2571	174.2
2572	427.1
2573	256.7
2574	396.3
2575	313.9
2576	323.3
2577	214.5
2578	235
2579	290.2
2580	487
2581	456.9
2582	642
2583	528.2
2584	524.1
2585	255
2586	580.3
2587	350.8
2588	279
2589	190.7
2590	342.3
2591	255.7
2592	210.3
2593	158.6
2594	201.8
2595	555.1
2596	426.6
2597	329.8
2598	721
2599	349.8
2600	310.5
2601	238.9
2602	536.7
2603	188
2604	845.2
2605	382.9
2606	337.5
2607	417
2608	165.1
2609	548
2610	263.6
2611	447.2
2612	212
2613	344.8
2614	673.1
2615	214.8
2616	395.9
2617	568.4
2618	308.6
2619	482.9
2620	916.3
2621	153.2
2622	314.5
2623	387.7
2624	197
2625	741.5
2626	130.6
2627	354
2628	247.2
2629	502.9
2630	198.7
2631	194.8
2632	201.9
2633	322.7
2634	288.1
2635	275.2
2636	468.7
2637	538
2638	363.6
2639	249.4
2640	230.8
2641	383.4
2642	219.5
2643	871.4
2644	256
2645	939.9
2646	208.9
2647	191.6
2648	301.7
2649	299.7
2650	371.1
2651	547.7
2652	234.5
2653	228.2
2654	194.3
2655	228.1
2656	418.6
2657	171.1
2658	249.6
2659	438.8
2660	640.4
2661	457.8
2662	741.1
2663	272.5
2664	223.8
2665	339
2666	359.7
2667	181.2
2668	376.9
2669	184.3
2670	701.9
2671	287.3
2672	348.9
2673	170
2674	169.9
2675	225.6
2676	122.2
2677	785.8
2678	454.2
2679	297.5
2680	341.3
2681	367.3
2682	424.3
2683	212.6
2684	110
2685	198.6
2686	355
2687	308.3
2688	265
2689	311.2
2690	366.1
2691	383.5
2692	85.7
2693	438.2
2694	357.4
2695	345.4
2696	145.8
2697	364.1
2698	567.5
2699	206.3
2700	268.3
2701	141.6
2702	355.6
2703	133.2
2704	186.4
2705	254.6
2706	346.5
2707	134.8
2708	299.9
2709	425.3
2710	364.6
2711	329
2712	284.7
2713	158.7
2714	366.4
2715	143.8
2716	345.1
2717	266.5
2718	99.9
2719	398.7
2720	355.5
2721	159.3
2722	347.6
2723	279.3
2724	195.4
2725	302.9
2726	146
2727	240.3
2728	105.9
2729	188.4
2730	390.5
2731	310
2732	341.1
2733	373
2734	372.5
2735	161.4
2736	90.2
2737	160.7
2738	268
2739	159.5
2740	328.4
2741	270
2742	282.4
2743	160.6
2744	125.7
2745	228.7
2746	121.3
2747	136
2748	298.4
2749	147.6
2750	471.9
2751	501.6
2752	180
2753	114.3
2754	450
2755	265.6
2756	141.6
2757	164.2
2758	455.3
2759	151.8
2760	167.7
2761	131.3
2762	142.7
2763	165
2764	357.8
2765	331.4
2766	460
2767	134.2
2768	251.1
2769	164.3
2770	139.6
2771	352.7
2772	298.7
2773	130.7
2774	645.4
2775	486.7
2776	168.3
2777	452.5
2778	474.7
2779	146.8
2780	81.9
2781	140.7
2782	264.9
2783	283.4
2784	337.5
2785	203.6
2786	213.1
2787	311.1
2788	169.3
2789	416.1
2790	228.8
2791	408.3
2792	436
2793	370.3
2794	180.1
2795	147.5
2796	288.4
2797	665.6
2798	369.9
2799	124.3
2800	449.8
2801	392.7
2802	425.4
2803	116.9
2804	113.1
2805	465.2
2806	131
2807	566.3
2808	440.3
2809	364.4
2810	107.7
2811	453.3
2812	243.2
2813	331.6
2814	187
2815	513.9
2816	130.7
2817	165.6
2818	343.5
2819	292.3
2820	374.4
2821	388.9
2822	165.8
2823	288.8
2824	140.7
2825	155.7
2826	189.3
2827	84.7
2828	237.8
2829	221
2830	236.7
2831	400.7
2832	358.6
2833	102.5
2834	420.5
2835	332
2836	280.5
2837	263.9
2838	365.7
2839	327.8
2840	438.5
2841	350.5
2842	238
2843	211.9
2844	120.8
2845	83.7
2846	114
2847	585.3
2848	517.6
2849	383.1
2850	493.3
2851	211.7
2852	224.9
2853	188.8
2854	518.1
2855	255.8
2856	285.4
2857	173.2
2858	338.5
2859	151.5
2860	150.2
2861	325.9
2862	237.1
2863	117.1
2864	231.5
2865	436.5
2866	544.8
2867	150.3
2868	162.6
2869	299.9
2870	143.1
2871	490.1
2872	466.5
2873	508.2
2874	132.3
2875	264.5
2876	116.1
2877	186
2878	328.1
2879	123.3
2880	312.5
2881	201.2
2882	541.2
2883	168.9
2884	297.9
2885	127.2
2886	367.9
2887	118.7
2888	121.7
2889	203
2890	210.6
2891	442.4
2892	501.3
2893	358.8
2894	379.3
2895	461.4
2896	130
2897	522
2898	150
2899	433.1
2900	282.1
2901	119
2902	188.8
2903	474
2904	118.2
2905	228.6
2906	456.1
2907	199.5
2908	143.7
2909	670.8
2910	126.1
2911	431.9
2912	194.7
2913	689.3
2914	652.3
2915	104.4
2916	534.4
2917	220.8
2918	478.8
2919	119.6
2920	99.4
2921	389.7
2922	158.8
2923	203.6
2924	350.4
2925	449.6
2926	252
2927	138.4
2928	362.3
2929	205.4
2930	532.1
2931	344.1
2932	482.4
2933	309.5
2934	113.7
2935	142.7
2936	117
2937	161.6
2938	88
2939	165.6
2940	99.7
2941	176.5
2942	120.5
2943	1011.1
2944	80.8
2945	196.7
2946	345.9
2947	538.4
2948	247.2
2949	173.3
2950	210.9
2951	729.1
2952	262.7
2953	1047.6
2954	437.5
2955	822.2
2956	599.8
2957	297.2
2958	291.3
2959	164.6
2960	312.6
2961	152.8
2962	150.1
2963	357.3
2964	976.4
2965	197.9
2966	802.4
2967	696
2968	268.7
2969	132.6
2970	75.9
2971	326.2
2972	382
2973	79.8
2974	238.9
2975	327
2976	564.4
2977	398.5
2978	349.6
2979	233.7
2980	262.8
2981	332.9
2982	772
2983	240.4
2984	232.4
2985	311
2986	200
2987	184.6
2988	250.8
2989	85.2
2990	193
2991	415.4
2992	405.4
2993	224.8
2994	193.7
2995	276.5
2996	819.5
2997	529.6
2998	199
2999	598.4
3000	177.1
3001	177.3
3002	261.2
3003	151.5
3004	432.2
3005	334.9
3006	333.8
3007	308
3008	206.9
3009	437.9
3010	91.2
3011	228.1
3012	613.8
3013	263.4
3014	189
3015	352.9
3016	174.6
3017	315.3
3018	174.1
3019	327.8
3020	168
3021	460.6
3022	173.5
3023	424.6
3024	293.5
3025	176.7
3026	228.5
3027	314
3028	182.4
3029	337.7
3030	158.3
3031	400.3
3032	477
3033	245
3034	572.6
3035	207.6
3036	154.7
3037	440.1
3038	266.3
3039	214.3
3040	457.4
3041	483
3042	544.6
3043	355.9
3044	398.3
3045	441.8
3046	240.6
3047	236.6
3048	275.8
3049	181.1
3050	240.2
3051	548.4
3052	208.8
3053	410.5
3054	222.4
3055	300.6
3056	368.4
3057	232.9
3058	491.7
3059	330.8
3060	209.5
3061	203.8
3062	360.2
3063	266.8
3064	425.7
3065	212.1
3066	576.5
3067	228.4
3068	547.5
3069	250.1
3070	258.2
3071	444.9
3072	292.7
3073	201.3
3074	390.4
3075	339
3076	574.7
3077	418.8
3078	214.5
3079	389.2
3080	327.3
3081	206.1
3082	250.3
3083	300.4
3084	256.2
3085	206.7
3086	515.9
3087	339
3088	608.9
3089	353
3090	340.9
3091	274.9
3092	262.1
3093	561.1
3094	251.8
3095	189.3
3096	410.7
3097	217.2
3098	344.6
3099	192.5
3100	330
3101	159.1
3102	348.4
3103	387.3
3104	352.6
3105	241.1
3106	318.4
3107	280.8
3108	206.2
3109	376.7
3110	171.6
3111	487
3112	152
3113	508.2
3114	386.7
3115	255.9
3116	358.8
3117	230
3118	588.5
3119	523.4
3120	93.2
3121	480.5
3122	216.5
3123	298.6
3124	129.9
3125	252.4
3126	207.2
3127	89.9
3128	224.7
3129	177
3130	217.7
3131	474.3
3132	288.8
3133	333.8
3134	351.8
3135	159.1
3136	358
3137	186.1
3138	158.6
3139	604.6
3140	248.3
3141	115.8
3142	309.9
3143	450.9
3144	279.7
3145	143.7
3146	181
3147	199.4
3148	132.1
3149	177.5
3150	83.9
3151	418.4
3152	596.5
3153	312.6
3154	238.1
3155	146.8
3156	243.1
3157	219.6
3158	78.8
3159	209.1
3160	117.5
3161	393.9
3162	559.2
3163	153.6
3164	168.3
3165	91.8
3166	612.1
3167	80.8
3168	517.9
3169	200.5
3170	333.2
3171	207.1
3172	510
3173	157.2
3174	113.1
3175	277.8
3176	160.1
3177	270.2
3178	356.2
3179	192.2
3180	176.1
3181	59.8
3182	320.8
3183	277.8
3184	539.4
3185	433.3
3186	267.5
3187	332
3188	146.9
3189	215.6
3190	216.9
3191	206.2
3192	175.6
3193	194.9
3194	322.1
3195	649.2
3196	88.8
3197	65.3
3198	65.1
3199	379.1
3200	187.1
3201	233.4
3202	597.6
3203	287.4
3204	69.5
3205	505.9
3206	259.3
3207	282.6
3208	210.6
3209	87.6
3210	419
3211	527.7
3212	444.4
3213	191.9
3214	194.8
3215	115.9
3216	222.7
3217	380.9
3218	465.2
3219	452.3
3220	70.2
3221	300.5
3222	403.5
3223	175.7
3224	576.8
3225	284.1
3226	647.8
3227	314.3
3228	140.4
3229	110.3
3230	89.8
3231	198.7
3232	284
3233	255
3234	540.8
3235	678.2
3236	429
3237	185
3238	403.6
3239	95.9
3240	124.8
3241	198.8
3242	244.4
3243	410.3
3244	177.6
3245	325.8
3246	412
3247	79.3
3248	234.9
3249	310.8
3250	102.9
3251	285.1
3252	464.1
3253	159.7
3254	425.4
3255	194.7
3256	369
3257	488.1
3258	226.7
3259	200.5
3260	296.9
3261	78.2
3262	325.8
3263	278.2
3264	220.4
3265	249.5
3266	185.4
3267	233.1
3268	340.3
3269	569.6
3270	203.9
3271	171.4
3272	427.3
3273	176.6
3274	558
3275	181.3
3276	97.6
3277	185.9
3278	378.4
3279	228.7
3280	257.2
3281	357
3282	163.9
3283	223.6
3284	172.4
3285	148.5
3286	428.3
3287	308.5
3288	72.6
3289	234.3
3290	438.8
3291	398.3
3292	240.5
3293	74.5
3294	76.2
3295	265.4
3296	179.6
3297	106.5
3298	171.8
3299	91.2
3300	215.2
3301	101.4
3302	289.9
3303	468.9
3304	69.9
3305	202.6
3306	197
3307	294.5
3308	355.2
3309	123
3310	91.8
3311	243.6
3312	68
3313	111
3314	153.9
3315	245.5
3316	228
3317	182.9
3318	118.4
3319	119.7
3320	89.8
3321	153.7
3322	130.7
3323	82.2
3324	194.1
3325	116.8
3326	115.2
3327	120.5
3328	228.2
3329	80.1
3330	141.4
3331	223.7
3332	170.8
3333	104.8
3334	160
3335	237.3
3336	121.2
3337	95
3338	107.4
3339	132.8
3340	141
3341	213.2
3342	108.5
3343	194.7
3344	105.8
3345	97.5
3346	52
3347	108
3348	77.5
3349	107
3350	144
3351	71.4
3352	126.7
3353	87.9
3354	139.3
3355	103.4
3356	102.8
3357	116.8
3358	82.4
3359	81.8
3360	160.2
3361	91.6
3362	102.5
3363	138.7
3364	96.5
3365	128.7
3366	83.5
3367	98.7
3368	132.5
3369	75
3370	98.8
3371	84.3
3372	104.7
3373	92
3374	97.2
3375	127.1
3376	116.5
3377	104.2
3378	121.9
3379	108
3380	115.6
3381	85.7
3382	108.2
3383	102.7
3384	113.4
3385	98.5
3386	96.4
3387	104.3
3388	97.7
3389	115.4
3390	111.8
3391	117.3
3392	131.4
3393	109.8
3394	145.9
3395	111.4
3396	100.6
3397	131.8
3398	86.8
3399	55.8
3400	296.7
3401	209.2
3402	189.1
3403	206.5
3404	303.1
3405	328.7
3406	478.4
3407	144.5
3408	308.5
3409	206.2
3410	33.3
3411	26.9
3412	230.1
3413	288.1
3414	283.8
3415	218.1
3416	406.3
3417	288.1
3418	341.5
3419	234.8
3420	290.6
3421	390
3422	354.2
3423	170.9
3424	222.2
3425	182.3
3426	218.7
3427	349.9
3428	14.7
3429	353.8
3430	22.7
3431	250.3
3432	243
3433	336.5
3434	255.4
3435	238.2
3436	287.3
3437	238.2
3438	240.9
3439	195.5
3440	104.6
3441	202.7
3442	303.5
3443	211.3
3444	75.9
3445	152.7
3446	216.2
3447	242
3448	406.1
3449	226.3
3450	138.4
3451	225.5
3452	266.6
3453	129
3454	269.8
3455	226.7
3456	450.6
3457	229.2
3458	294.5
3459	291.3
3460	228.8
3461	392.2
3462	241.6
3463	301.1
3464	311.5
3465	414.5
3466	119.6
3467	282.6
3468	436.8
3469	123
3470	390.8
3471	224
3472	79.7
3473	195.3
3474	272.7
3475	392
3476	374.2
3477	365
3478	460.4
3479	205.9
3480	340.7
3481	292.8
3482	34.8
3483	101.4
3484	328.3
3485	132.4
3486	304.1
3487	68.8
3488	67.3
3489	311.1
3490	285.9
3491	464.4
3492	173.1
3493	215.6
3494	241.8
3495	396.4
3496	58
3497	205.8
3498	152.5
3499	318.5
3500	168.7
3501	151.1
3502	107.4
3503	149.3
3504	317.8
3505	318.1
3506	504
3507	301.6
3508	419.5
3509	218.4
3510	217.4
3511	438.7
3512	315.3
3513	457.9
3514	257.9
3515	694.9
3516	380.9
3517	432.6
3518	459.3
3519	414.8
3520	595.1
3521	509.9
3522	615.6
3523	419.5
3524	326
3525	343.6
3526	178.2
3527	287.1
3528	452
3529	286.9
3530	323.6
3531	633.1
3532	271.1
3533	471.8
3534	489.6
3535	272.7
3536	359
3537	156.1
3538	333.3
3539	304.2
3540	635.1
3541	299.8
3542	478.9
3543	278.5
3544	255.6
3545	541.2
3546	347.4
3547	199.1
3548	535.9
3549	288.7
3550	267.8
3551	242.7
3552	281.6
3553	283.9
3554	266.2
3555	501.4
3556	279.2
3557	93.3
3558	893.9
3559	78.2
3560	441.3
3561	184.7
3562	258.1
3563	417.6
3564	296.3
3565	420.1
3566	271.2
3567	346.5
3568	401
3569	458
3570	298.9
3571	282.7
3572	242.5
3573	314
3574	410.4
3575	300.5
3576	592.3
3577	450
3578	352.8
3579	309
3580	327.3
3581	232.1
3582	472.3
3583	168.4
3584	730.6
3585	295.8
3586	584.7
3587	269.1
3588	188.3
3589	227.1
3590	85
3591	196.2
3592	80.8
3593	97.5
3594	109.5
