"COMID"	"Value"
1	45.9
2	11.4
3	69.5
4	39.3
5	34.4
6	4.8
7	119.5
8	11.5
9	1.2
10	1.7
11	52.8
12	0.5
13	2.1
14	60.7
15	9.7
16	31.5
17	42.7
18	93.7
19	48.3
20	67
21	18.4
22	54.7
23	0.3
24	0.5
25	41
26	15
27	25.9
28	49.7
29	24.2
30	7.7
31	52
32	37.9
33	37.5
34	0.4
35	14.2
36	0.7
37	51.4
38	1.5
39	0
40	94.2
41	52.8
42	9.8
43	75.5
44	49.6
45	10
46	3.9
47	56.4
48	27
49	24.4
50	6.4
51	0.1
52	7.9
53	1.3
54	26.4
55	51.1
56	47
57	80
58	0.1
59	6.2
60	0.2
61	0.4
62	0.9
63	27.9
64	15.1
65	0.2
66	17.5
67	34.3
68	72.8
69	3.8
70	1.2
71	2.6
72	37.8
73	0.1
74	104.7
75	2.4
76	0.7
77	20.9
78	2.1
79	38.3
80	0.4
81	5
82	9.5
83	24.9
84	1
85	29.5
86	79
87	0.1
88	0.1
89	1.2
90	20.2
91	2.4
92	36.7
93	38.5
94	1
95	112.7
96	0.3
97	56.3
98	0.3
99	10.3
100	29.2
101	25.3
102	18.5
103	0.2
104	13.7
105	0.6
106	57.3
107	3.3
108	0.7
109	0.4
110	0.3
111	2.4
112	50.1
113	0.8
114	53.3
115	17.9
116	75.2
117	67.3
118	32.8
119	0
120	9.5
121	2.1
122	25.3
123	3.5
124	33.2
125	93.7
126	45.1
127	14.8
128	71
129	0.1
130	3.7
131	19.8
132	1.2
133	56.9
134	18.7
135	38.2
136	83.4
137	86.4
138	0.2
139	0.1
140	14.7
141	10.1
142	2
143	0.1
144	5.6
145	0.4
146	29.5
147	44.2
148	106.1
149	55.8
150	102.4
151	17.7
152	27.9
153	0
154	35.4
155	4.4
156	2.7
157	137.4
158	0.1
159	30.7
160	43.7
161	2.2
162	0.4
163	6
164	1.3
165	0.1
166	0.4
167	50.9
168	0
169	75.9
170	42.8
171	57.9
172	1
173	2.1
174	0.2
175	7.6
176	107.8
177	42.4
178	25.2
179	20.7
180	0.3
181	2.5
182	8.2
183	7.1
184	0.2
185	0.6
186	12
187	31.7
188	0.2
189	0.1
190	25.2
191	0
192	18.2
193	0.8
194	48.7
195	11.6
196	0.3
197	51.3
198	0
199	22.1
200	0.2
201	0
202	0.6
203	0.3
204	0.2
205	0.7
206	19.2
207	2.4
208	48.5
209	26.2
210	50
211	49
212	116.1
213	19.5
214	0
215	54.9
216	10.3
217	28.3
218	4.7
219	6.4
220	0.2
221	0.1
222	65.1
223	51.5
224	1.4
225	6.4
226	49.3
227	3.5
228	27.6
229	0.1
230	1.4
231	52.6
232	2.2
233	29.2
234	0.4
235	0.5
236	14.5
237	10.1
238	0.1
239	60.8
240	77.7
241	38.7
242	0.7
243	0.2
244	28.2
245	32
246	47.7
247	0.5
248	0.3
249	0.5
250	33.8
251	48.2
252	41.4
253	4.7
254	0.1
255	0.1
256	3.8
257	0.2
258	12.4
259	0.6
260	0.2
261	35.4
262	40.2
263	0.2
264	0.1
265	0.1
266	26.2
267	25.6
268	27.2
269	29.8
270	0
271	83
272	30.6
273	34.1
274	0
275	31
276	0.2
277	0.1
278	28.5
279	0.2
280	23.8
281	23.7
282	25.4
283	0.1
284	3.6
285	0.7
286	18.8
287	45.4
288	0.5
289	0
290	0
291	12.5
292	1.6
293	0
294	26.2
295	0.1
296	16
297	13.7
298	0
299	35.9
300	12.8
301	0.1
302	17.5
303	8.5
304	0.5
305	17.6
306	2.2
307	13.5
308	59.4
309	0.1
310	3.5
311	22.9
312	11.5
313	10.2
314	0.1
315	0.1
316	0.1
317	0.1
318	1.4
319	0.2
320	15.2
321	0.1
322	11
323	24.4
324	0.2
325	0.4
326	18.1
327	0.2
328	0.2
329	0
330	0.1
331	0.1
332	0.1
333	0.1
334	0.2
335	24.9
336	0.1
337	1
338	0.1
339	0.4
340	0.4
341	0.1
342	0.1
343	0.3
344	5
345	1.1
346	7.2
347	0.2
348	6
349	1.3
350	0.1
351	0.3
352	0.3
353	46.5
354	1
355	0.8
356	0.4
357	3
358	0.9
359	0.3
360	0.9
361	0.3
362	1
363	1.2
364	0.2
365	26.8
366	4.4
367	0
368	29.1
369	0
370	32.5
371	0.5
372	0.3
373	3.5
374	0.1
375	10.7
376	99.8
377	27.9
378	2.1
379	0.4
380	21.8
381	0.1
382	0.8
383	87.9
384	0.1
385	4.7
386	0.3
387	21.9
388	12.7
389	21.1
390	23.6
391	0.3
392	27.3
393	0.9
394	0.3
395	1
396	6.7
397	1.6
398	0
399	6.3
400	0.1
401	15.4
402	1.2
403	1.9
404	1.1
405	6.6
406	30.3
407	2.7
408	1.6
409	1
410	113.1
411	6.4
412	1.3
413	39
414	1.3
415	6.7
416	0.5
417	2.5
418	1
419	6.1
420	0.8
421	1.2
422	5.4
423	29.1
424	21
425	14
426	2.6
427	53.3
428	13.6
429	4.3
430	66.1
431	1.4
432	1.8
433	20.4
434	1.8
435	0.2
436	5.4
437	1.5
438	76.5
439	0.9
440	23.1
441	42.4
442	0.7
443	11.8
444	3
445	115.2
446	0.4
447	140.4
448	122.6
449	0
450	2.2
451	1.9
452	45.5
453	1.8
454	0.2
455	5.9
456	0.2
457	76.9
458	65
459	61.6
460	1.6
461	44.1
462	135.4
463	0.7
464	3.1
465	59.3
466	4.5
467	34.3
468	0.4
469	6.3
470	0.2
471	0.3
472	34.5
473	12.8
474	0.2
475	0.7
476	0
477	151.5
478	0.1
479	14.9
480	62.7
481	1.3
482	1.1
483	89.6
484	0.2
485	4.4
486	15.1
487	13.7
488	34.1
489	1.5
490	25.3
491	21.6
492	73
493	4.5
494	21.7
495	20.1
496	0.7
497	108.7
498	5.9
499	3.3
500	79.8
501	57.2
502	30.3
503	0.1
504	0.4
505	40.9
506	79.3
507	116.5
508	38
509	68
510	69.8
511	4.9
512	19.3
513	0.3
514	36.7
515	2.3
516	1.2
517	106.4
518	1.9
519	3.1
520	20.2
521	42.5
522	0.5
523	0.5
524	101.9
525	41.5
526	4.8
527	48.1
528	0.3
529	1.6
530	149.7
531	70.2
532	160.7
533	53.1
534	8.4
535	227.3
536	85
537	13.6
538	4.2
539	1.6
540	0.4
541	83.6
542	57.3
543	17.5
544	2.4
545	19.8
546	117.5
547	104.8
548	15.9
549	34.8
550	1.1
551	69.1
552	112.5
553	22.4
554	1.1
555	0.2
556	111.2
557	4.6
558	19.1
559	40.9
560	92.8
561	46.9
562	78.9
563	2.2
564	39.9
565	48.1
566	69.9
567	0.3
568	81.7
569	8.5
570	0.8
571	65.1
572	72.4
573	2.9
574	96.7
575	0.3
576	33.5
577	6.5
578	27.2
579	30.8
580	62
581	8.2
582	81.6
583	0.2
584	0.2
585	36.9
586	79.7
587	56.5
588	30.2
589	40.5
590	1.5
591	110.9
592	39.2
593	58.9
594	6
595	135.1
596	0.2
597	0.9
598	0.7
599	63.3
600	3
601	0.5
602	1.1
603	83.9
604	86.9
605	4.5
606	127.7
607	0.1
608	1.9
609	13.4
610	0.2
611	18.8
612	13.3
613	0.5
614	50.5
615	12.6
616	9
617	91.5
618	83.1
619	9.5
620	4.2
621	45.8
622	60.7
623	79.7
624	39
625	0.1
626	0.2
627	62.1
628	0.2
629	22.5
630	116.8
631	0.2
632	84.1
633	25.4
634	0.7
635	15.1
636	18.6
637	11.8
638	0.3
639	113.8
640	12.3
641	95.4
642	6.2
643	61.9
644	15.3
645	101.3
646	39.8
647	0.1
648	123.4
649	38.4
650	0.1
651	125.6
652	1.7
653	0.5
654	0.1
655	1.5
656	3.3
657	77.9
658	29.9
659	70.5
660	18.6
661	23.8
662	17.3
663	71.1
664	0.1
665	0.1
666	0.1
667	70.3
668	61.6
669	79.1
670	0.1
671	0.1
672	0.1
673	22.3
674	6.5
675	29
676	57
677	90.3
678	10.4
679	1.3
680	1.6
681	25.6
682	56.5
683	109.8
684	68.8
685	0.2
686	81.4
687	2
688	26.7
689	0
690	22.3
691	19.4
692	78.1
693	7.1
694	1.8
695	15.2
696	64.4
697	1
698	69.8
699	49.8
700	25.3
701	14.2
702	50
703	34.5
704	40.5
705	69.3
706	6.5
707	63.1
708	33.4
709	62.7
710	60.7
711	0.7
712	27.5
713	65.4
714	2.8
715	61.7
716	7.7
717	131.8
718	60.1
719	69.6
720	32.2
721	0.2
722	64.1
723	43.2
724	64.8
725	0.1
726	3.3
727	5.1
728	65.3
729	11.3
730	56.6
731	6.4
732	2
733	61.1
734	29.1
735	35.2
736	5.1
737	52
738	17.9
739	57.3
740	70
741	55.5
742	101.6
743	61.9
744	1
745	2.1
746	17
747	26.8
748	0.5
749	69.2
750	2.3
751	18.6
752	48.2
753	36.8
754	43.6
755	61.2
756	8.1
757	146.9
758	39.1
759	0.1
760	15.3
761	0.5
762	45.1
763	59.1
764	46.5
765	30.4
766	2.9
767	61.5
768	55.9
769	62.8
770	47.3
771	35.4
772	30.8
773	13.4
774	12.7
775	17.7
776	2.7
777	42.2
778	9.3
779	0.4
780	54.1
781	61.3
782	589.3
783	591.9
784	566.7
785	586.6
786	535.6
787	593.2
788	338.8
789	428.2
790	558.4
791	510.4
792	426.6
793	309.6
794	524.3
795	584.2
796	387.9
797	583.1
798	559
799	380.1
800	466.7
801	307
802	280.1
803	442.8
804	289.6
805	431
806	390.4
807	230.2
808	291.1
809	490.5
810	475.6
811	548.8
812	403.2
813	396.2
814	342.9
815	414.5
816	332
817	269.6
818	424.6
819	457.6
820	481.2
821	331.9
822	461.5
823	345.3
824	409.7
825	253.1
826	396.5
827	499.6
828	406.3
829	226
830	413.1
831	247.5
832	444.9
833	277.4
834	348
835	447.1
836	452.9
837	178.5
838	299.7
839	274.1
840	356.5
841	440.3
842	212.1
843	84.6
844	345.7
845	273.2
846	315.3
847	353.5
848	263.1
849	230.3
850	306.2
851	282.8
852	235.3
853	506.8
854	438.2
855	349.6
856	247
857	338
858	306
859	178.7
860	174.4
861	224.9
862	30
863	416.6
864	259.1
865	169.1
866	194.8
867	196.5
868	385.7
869	444.7
870	110.5
871	236.3
872	241.9
873	33.4
874	384.7
875	340
876	420.3
877	400.7
878	365
879	302.1
880	277.5
881	282.2
882	224.7
883	157
884	381.6
885	280.9
886	18.7
887	193
888	264.8
889	347.3
890	254.9
891	377.6
892	179.9
893	230.4
894	19.8
895	406.4
896	393.3
897	318.7
898	272.1
899	257.8
900	252.1
901	248.7
902	311.6
903	385.5
904	359.8
905	261.9
906	313.4
907	147.1
908	215.3
909	298.8
910	39.7
911	310.3
912	259.3
913	138.9
914	256.9
915	73.2
916	204.1
917	516.2
918	233.6
919	172.6
920	256
921	185.4
922	214.1
923	79.9
924	244.9
925	439
926	273.7
927	385.6
928	413.9
929	153.4
930	212.3
931	366.1
932	458.7
933	330.8
934	59.2
935	285.4
936	222.5
937	338.8
938	352.6
939	484.2
940	160.2
941	301.5
942	153.5
943	42.9
944	366.7
945	228.9
946	189.5
947	67.1
948	228.9
949	326.6
950	344.1
951	363.1
952	148.5
953	502
954	462.8
955	307.6
956	198.8
957	140.2
958	436.3
959	133.9
960	254.8
961	296.1
962	190.2
963	225.7
964	29.4
965	287.9
966	250.9
967	31.7
968	143.8
969	144.1
970	129.5
971	356.9
972	205.1
973	200.2
974	167.6
975	368.1
976	436.2
977	382.2
978	591.7
979	185.6
980	455.1
981	217.9
982	277.3
983	278
984	424.4
985	395.9
986	300
987	593.2
988	350.9
989	316.2
990	54.9
991	222.5
992	169.4
993	453.8
994	249.1
995	386.5
996	297
997	322.8
998	547.3
999	252.1
1000	27.6
1001	520.7
1002	446.3
1003	44.6
1004	271
1005	486.2
1006	191.8
1007	29.6
1008	610.6
1009	93.1
1010	245.8
1011	233.1
1012	173.8
1013	551.3
1014	397.7
1015	539.4
1016	27.7
1017	349.3
1018	509.1
1019	549.1
1020	273
1021	232.6
1022	232.9
1023	192
1024	382.2
1025	248.3
1026	265.8
1027	178.7
1028	237.8
1029	539.9
1030	293.5
1031	32.7
1032	29.6
1033	378.7
1034	270
1035	216
1036	186.7
1037	219
1038	203.3
1039	313.7
1040	522.4
1041	218.9
1042	500.2
1043	36.8
1044	181.3
1045	431.1
1046	476.4
1047	332.6
1048	167.3
1049	242.1
1050	22.6
1051	238.5
1052	194.8
1053	438.9
1054	137.2
1055	178.2
1056	232.8
1057	274.2
1058	334
1059	387.2
1060	297.2
1061	39.3
1062	261.4
1063	306.6
1064	235.3
1065	245.8
1066	185.5
1067	388.8
1068	345.6
1069	244.6
1070	239.7
1071	216.1
1072	265
1073	262.5
1074	270.1
1075	122.6
1076	204.5
1077	311.1
1078	177.6
1079	138.6
1080	471.5
1081	308.5
1082	227.2
1083	265.7
1084	175.1
1085	200.9
1086	280.9
1087	41.8
1088	254.6
1089	333.1
1090	127.8
1091	292.7
1092	273
1093	399.4
1094	158.7
1095	360.9
1096	438.6
1097	248.9
1098	446.4
1099	143.2
1100	43.1
1101	148.4
1102	252.1
1103	218.9
1104	515.4
1105	402.3
1106	258.3
1107	254
1108	554.4
1109	102.3
1110	254.1
1111	289.7
1112	233.5
1113	216.1
1114	125.1
1115	193.9
1116	340.3
1117	241.7
1118	204.4
1119	505.9
1120	318.2
1121	520
1122	410.9
1123	402.9
1124	122.6
1125	260.2
1126	228.2
1127	286.5
1128	173.8
1129	191.6
1130	466.4
1131	206.4
1132	250.3
1133	198.9
1134	418
1135	191
1136	182.1
1137	381.3
1138	396.4
1139	433.4
1140	161.1
1141	323.5
1142	215.2
1143	184.4
1144	321
1145	465.5
1146	340.9
1147	328.2
1148	178.5
1149	279.8
1150	304.3
1151	288
1152	116.2
1153	121.1
1154	39.8
1155	181.8
1156	194.2
1157	217.1
1158	196.7
1159	186.8
1160	328.3
1161	215.6
1162	460.4
1163	406.2
1164	202.1
1165	195.6
1166	176.8
1167	175.7
1168	200
1169	141
1170	224.5
1171	476.3
1172	202.5
1173	387.5
1174	224.6
1175	287.7
1176	153.5
1177	182.7
1178	263.2
1179	168.3
1180	244.6
1181	438.3
1182	259.9
1183	200.9
1184	159.5
1185	185.5
1186	113.4
1187	252.6
1188	322.5
1189	416.9
1190	215.7
1191	154.3
1192	321.4
1193	105.6
1194	334.1
1195	305.2
1196	276.3
1197	135.8
1198	201.8
1199	218.5
1200	52.8
1201	374.7
1202	303.3
1203	151.1
1204	347.6
1205	297.2
1206	268.2
1207	352.1
1208	317.1
1209	399.1
1210	118.3
1211	154.4
1212	236.3
1213	177.3
1214	149.5
1215	460.3
1216	259.8
1217	191.9
1218	220.7
1219	292.5
1220	204.8
1221	260.8
1222	251.8
1223	451
1224	279.2
1225	365.6
1226	123.4
1227	149.3
1228	277
1229	440.5
1230	186
1231	289.7
1232	204
1233	403.8
1234	266.1
1235	506.1
1236	212.9
1237	223.8
1238	178.9
1239	190.7
1240	319.1
1241	223.4
1242	208.1
1243	398.1
1244	264.3
1245	238.8
1246	154.1
1247	174.1
1248	73.5
1249	165.2
1250	266.4
1251	250.8
1252	199.2
1253	332.6
1254	354.7
1255	221
1256	269.7
1257	486
1258	600.8
1259	196.6
1260	291.6
1261	238.4
1262	336.8
1263	486.8
1264	353.5
1265	135
1266	98.8
1267	207.1
1268	231.6
1269	76.7
1270	166.6
1271	547.8
1272	287.2
1273	452.9
1274	135.1
1275	251.4
1276	227.2
1277	176.1
1278	232.3
1279	49.5
1280	206.1
1281	522.1
1282	233.1
1283	321.5
1284	91.4
1285	387.1
1286	304
1287	386
1288	551.3
1289	206.3
1290	584.1
1291	249.5
1292	496
1293	32.3
1294	448.3
1295	211.9
1296	294
1297	110.4
1298	151.7
1299	279.5
1300	487.5
1301	240.4
1302	553.1
1303	367.8
1304	121.2
1305	320.3
1306	219.9
1307	187.9
1308	600.7
1309	252.5
1310	152.4
1311	227.8
1312	259.8
1313	480.2
1314	221.6
1315	218.8
1316	233.8
1317	220.5
1318	461.3
1319	275.7
1320	360.6
1321	382.3
1322	244.1
1323	377.8
1324	505.2
1325	167.8
1326	493.3
1327	359.1
1328	199.5
1329	109.7
1330	242.4
1331	208.3
1332	34.7
1333	186.2
1334	178.3
1335	215.1
1336	294.5
1337	382.3
1338	438.6
1339	422.8
1340	408.3
1341	159.1
1342	259
1343	328.6
1344	245.7
1345	506.3
1346	306.8
1347	301.2
1348	230.1
1349	490.4
1350	251.9
1351	258.2
1352	100.4
1353	248.6
1354	413.4
1355	376.3
1356	77
1357	201.3
1358	437.9
1359	409.8
1360	444.9
1361	516.9
1362	184.8
1363	276.3
1364	302.1
1365	240.3
1366	395.1
1367	268.9
1368	240.6
1369	345.1
1370	224.5
1371	327.1
1372	739.6
1373	210.9
1374	268.4
1375	295.6
1376	97.3
1377	594.3
1378	397.9
1379	374.2
1380	236.6
1381	312.9
1382	352
1383	439.8
1384	723.2
1385	82.7
1386	259.8
1387	360
1388	371.9
1389	360.4
1390	301.6
1391	328.7
1392	273.7
1393	307.1
1394	255
1395	275.9
1396	286.8
1397	369.5
1398	253.2
1399	266.6
1400	138.5
1401	389.7
1402	349.2
1403	286.6
1404	501.3
1405	325.9
1406	284.2
1407	265.8
1408	349.9
1409	234.6
1410	337.3
1411	220.4
1412	286.4
1413	312.4
1414	673.9
1415	251.2
1416	413.1
1417	309
1418	305.4
1419	469
1420	485
1421	389.3
1422	311.1
1423	104.6
1424	285.7
1425	347.3
1426	216.2
1427	575.8
1428	398.2
1429	434.5
1430	320.4
1431	392.7
1432	471.2
1433	372.7
1434	312.2
1435	301.5
1436	327.3
1437	289.6
1438	316.8
1439	646.1
1440	344.4
1441	378.3
1442	176.7
1443	152.1
1444	444.3
1445	154.9
1446	259.3
1447	248.9
1448	331.4
1449	317.9
1450	201.2
1451	168.5
1452	327.7
1453	331.1
1454	109.2
1455	321.8
1456	236.1
1457	410.6
1458	272.1
1459	547.6
1460	422.7
1461	305.6
1462	275.5
1463	424.5
1464	516
1465	473.6
1466	253.4
1467	315.7
1468	329.3
1469	285.8
1470	246.4
1471	273.9
1472	229.1
1473	281.9
1474	329.6
1475	298.5
1476	279.1
1477	197
1478	281.5
1479	253.7
1480	280
1481	321.3
1482	346.7
1483	475.1
1484	388
1485	101.3
1486	398.9
1487	597.1
1488	372.8
1489	341.7
1490	145
1491	176.8
1492	232.6
1493	315.2
1494	292.2
1495	249.2
1496	336.1
1497	288.9
1498	356.2
1499	282.1
1500	324.9
1501	246.7
1502	263.4
1503	279.3
1504	218.5
1505	267.6
1506	232.7
1507	190.7
1508	326.4
1509	79.9
1510	329.1
1511	461.5
1512	165.4
1513	381.7
1514	179.6
1515	476.7
1516	188.9
1517	344.7
1518	295.3
1519	227.3
1520	396.6
1521	583.9
1522	335.5
1523	314
1524	169.3
1525	222.9
1526	359.7
1527	259.2
1528	306.2
1529	238.5
1530	291.5
1531	275.9
1532	238.9
1533	471.1
1534	302.5
1535	46.1
1536	311.2
1537	452.7
1538	63.2
1539	256.9
1540	195.2
1541	486
1542	163
1543	348.1
1544	349.9
1545	174
1546	46.6
1547	161.2
1548	311.9
1549	292.7
1550	294.1
1551	183.5
1552	266.3
1553	264.3
1554	102.3
1555	233.4
1556	192.1
1557	368.7
1558	171.6
1559	324.3
1560	370.4
1561	350.2
1562	329.8
1563	294.7
1564	268.6
1565	129.9
1566	268.1
1567	369.6
1568	240
1569	189.3
1570	343.9
1571	335.9
1572	284.6
1573	247.1
1574	257.3
1575	192.8
1576	344.6
1577	183
1578	437.6
1579	429.5
1580	386.6
1581	390.8
1582	241.5
1583	193
1584	39.5
1585	275.1
1586	326.4
1587	159.9
1588	386.6
1589	376.8
1590	359.2
1591	337.2
1592	394.3
1593	277.2
1594	249.9
1595	278.6
1596	180.9
1597	372.3
1598	385.2
1599	191.8
1600	294.4
1601	68.3
1602	268.4
1603	342
1604	215.4
1605	348.3
1606	341.7
1607	326.8
1608	336.6
1609	307.9
1610	290.7
1611	283.6
1612	336.9
1613	203
1614	269.5
1615	321.3
1616	191.1
1617	269.2
1618	149.6
1619	376.8
1620	385.9
1621	395.6
1622	370.3
1623	279.5
1624	288.8
1625	145.6
1626	378.1
1627	203.4
1628	126.4
1629	293.4
1630	329.2
1631	90.5
1632	301.4
1633	261.5
1634	304.8
1635	272.8
1636	219.5
1637	199.4
1638	98.2
1639	285.7
1640	282.5
1641	161.8
1642	312
1643	100
1644	258.9
1645	363.7
1646	233.4
1647	209.5
1648	251.9
1649	267.2
1650	314.3
1651	335.9
1652	158.2
1653	299.1
1654	389.8
1655	447.7
1656	350.1
1657	363.3
1658	279.1
1659	112.2
1660	176.7
1661	364.6
1662	350.6
1663	152.3
1664	239.2
1665	299.1
1666	358.4
1667	395
1668	144
1669	171.6
1670	377.5
1671	467
1672	341.4
1673	226.1
1674	249.1
1675	162.3
1676	218.5
1677	349
1678	327.2
1679	356.9
1680	476.4
1681	271.5
1682	314.3
1683	142
1684	107.5
1685	136.4
1686	88.6
1687	282.5
1688	180.6
1689	205.7
1690	327
1691	404.1
1692	327.1
1693	399.3
1694	241.3
1695	241.3
1696	290.2
1697	398.3
1698	307.3
1699	238.6
1700	103.4
1701	313.3
1702	375.5
1703	250.2
1704	323.8
1705	210.9
1706	248.2
1707	275.9
1708	293.3
1709	126.3
1710	228.4
1711	215.8
1712	290.5
1713	314.3
1714	276.2
1715	346.5
1716	172.7
1717	226.6
1718	457.1
1719	84.3
1720	300.9
1721	373.4
1722	171.9
1723	269.1
1724	154.6
1725	427.6
1726	201.3
1727	378.4
1728	232.8
1729	376.4
1730	324.3
1731	233.2
1732	279.3
1733	196.4
1734	374.1
1735	372.5
1736	224.1
1737	171.1
1738	187.3
1739	230
1740	380.7
1741	433.2
1742	217.6
1743	142.5
1744	312.7
1745	235.1
1746	270.3
1747	235.9
1748	297.8
1749	76.6
1750	83.1
1751	290.6
1752	219.6
1753	240.6
1754	376.3
1755	257.3
1756	236.2
1757	380.3
1758	270.2
1759	167
1760	285.7
1761	279.8
1762	94.4
1763	390.3
1764	284.2
1765	240.2
1766	252.9
1767	227.2
1768	270.9
1769	287.7
1770	401
1771	140
1772	400.7
1773	264.1
1774	230.4
1775	83.8
1776	207.8
1777	230.4
1778	153.5
1779	202.5
1780	189.4
1781	254.6
1782	233.8
1783	265.6
1784	188.6
1785	328.4
1786	284.4
1787	381.6
1788	454.4
1789	169.4
1790	174.5
1791	58.6
1792	164.9
1793	219.4
1794	54.4
1795	376
1796	327.8
1797	403.9
1798	147.7
1799	405.9
1800	135.2
1801	296
1802	261.8
1803	286.5
1804	167.5
1805	189.7
1806	518.4
1807	278.7
1808	156.8
1809	329
1810	510.7
1811	145.5
1812	307.6
1813	430.9
1814	198.7
1815	149.3
1816	262.9
1817	233.4
1818	159.3
1819	500.2
1820	469.2
1821	200.3
1822	278.7
1823	167.3
1824	392.1
1825	406.6
1826	190.9
1827	135.2
1828	127.7
1829	217
1830	360.6
1831	177.6
1832	385.1
1833	141.6
1834	401.8
1835	375.4
1836	428.5
1837	71.4
1838	449.6
1839	446.9
1840	181
1841	136.2
1842	176.4
1843	564.6
1844	118.4
1845	314
1846	56.5
1847	136.5
1848	490.9
1849	418.9
1850	335.4
1851	181.6
1852	193.7
1853	280.4
1854	231.4
1855	258
1856	158
1857	343.8
1858	198.6
1859	215.4
1860	107.1
1861	341.9
1862	129.8
1863	366.5
1864	113.2
1865	191.2
1866	555.8
1867	385.2
1868	264.9
1869	157.6
1870	50.3
1871	320.2
1872	143.2
1873	185.2
1874	511.5
1875	272.6
1876	159.8
1877	301.8
1878	315.8
1879	480.7
1880	448.3
1881	184.8
1882	433.7
1883	437.4
1884	360.8
1885	238.2
1886	105.6
1887	255.8
1888	173.1
1889	347
1890	354.4
1891	54.2
1892	219.6
1893	135.8
1894	189.7
1895	231.7
1896	170.2
1897	115
1898	348.1
1899	187.1
1900	353.9
1901	385
1902	202.7
1903	219
1904	119.4
1905	179.3
1906	261.7
1907	55.6
1908	72.2
1909	58.6
1910	44.7
1911	200.7
1912	206.9
1913	180.3
1914	252.8
1915	278.6
1916	251.9
1917	441.2
1918	84.7
1919	244.2
1920	313
1921	231
1922	259
1923	221.8
1924	187
1925	255.7
1926	246
1927	469
1928	220.1
1929	58.6
1930	262.4
1931	77.6
1932	120.4
1933	276.5
1934	182.3
1935	295.1
1936	284.5
1937	119.2
1938	200.6
1939	276.9
1940	244.6
1941	208.9
1942	132.3
1943	149
1944	267
1945	51.5
1946	237.4
1947	223.4
1948	35.9
1949	248.9
1950	57.9
1951	242.9
1952	83.1
1953	86.5
1954	166.5
1955	147.8
1956	208.1
1957	445.6
1958	334.9
1959	140.1
1960	209.4
1961	160
1962	252.9
1963	95.2
1964	114.1
1965	198.8
1966	81.8
1967	44.9
1968	183
1969	223.3
1970	247.8
1971	216.6
1972	227.7
1973	90.4
1974	182.9
1975	65.4
1976	131.7
1977	72.8
1978	241.4
1979	88.1
1980	224.9
1981	164.2
1982	83.6
1983	150.1
1984	176.7
1985	99.3
1986	152.3
1987	205.9
1988	87
1989	64.1
1990	66.4
1991	231.5
1992	239.5
1993	136.6
1994	372.3
1995	154.3
1996	101.2
1997	107.7
1998	416.5
1999	251.6
2000	138.2
2001	231.2
2002	168.2
2003	168
2004	103.8
2005	116.7
2006	158.2
2007	146
2008	82.3
2009	212.3
2010	103.9
2011	79
2012	128.6
2013	149.3
2014	72.3
2015	129
2016	180.4
2017	289.1
2018	209.7
2019	100.4
2020	215.5
2021	142.7
2022	170.3
2023	85.6
2024	65.1
2025	332
2026	126.2
2027	72.5
2028	190.8
2029	244.6
2030	125
2031	146.6
2032	122.1
2033	126.7
2034	222.5
2035	70.1
2036	58
2037	266.4
2038	41.2
2039	140.8
2040	184.6
2041	54.5
2042	98.6
2043	245
2044	161.2
2045	112.7
2046	129.9
2047	109
2048	169.6
2049	359
2050	164.6
2051	68.4
2052	108.7
2053	107.2
2054	85.1
2055	155.6
2056	219.7
2057	163.1
2058	55.1
2059	124
2060	165.8
2061	124
2062	290.1
2063	163.1
2064	97.4
2065	201.1
2066	164.6
2067	127.1
2068	213.6
2069	181.6
2070	141.6
2071	172.6
2072	179.6
2073	164.9
2074	155.4
2075	160.2
2076	25
2077	134.8
2078	193.4
2079	113.8
2080	164.5
2081	216.3
2082	123.3
2083	61.3
2084	168.2
2085	276.1
2086	126.5
2087	186.6
2088	278.3
2089	168.8
2090	232.2
2091	121.1
2092	196.9
2093	156
2094	196.9
2095	76.3
2096	130.2
2097	155.5
2098	171.7
2099	226.2
2100	141.9
2101	141.8
2102	152
2103	113.3
2104	79.1
2105	143.8
2106	250.5
2107	216.1
2108	180.7
2109	117.9
2110	252.3
2111	103.2
2112	70.3
2113	141.7
2114	232.6
2115	194.5
2116	172.1
2117	153
2118	154.7
2119	99.8
2120	220.5
2121	108.8
2122	145.4
2123	312.7
2124	148.6
2125	94.6
2126	262.1
2127	100.4
2128	179.1
2129	77.8
2130	314
2131	138.8
2132	136.8
2133	101.2
2134	199.8
2135	79.3
2136	282.6
2137	130.8
2138	103.9
2139	212.4
2140	76.1
2141	186.5
2142	144.7
2143	145.8
2144	150.6
2145	209.3
2146	131.7
2147	116.5
2148	159
2149	170.2
2150	107.8
2151	134.6
2152	229.4
2153	385.4
2154	177.8
2155	85.1
2156	95.4
2157	171.7
2158	125
2159	139.4
2160	432.1
2161	99
2162	245
2163	228.8
2164	126.9
2165	110.6
2166	99.5
2167	100.1
2168	206.5
2169	141.7
2170	101.7
2171	194.1
2172	102.8
2173	146.3
2174	122.7
2175	103.1
2176	141
2177	270.2
2178	102.3
2179	131.4
2180	74.7
2181	406.3
2182	140.2
2183	118.8
2184	116.8
2185	172.7
2186	88.5
2187	126.9
2188	98.9
2189	110.3
2190	131.5
2191	162.7
2192	100.4
2193	103.8
2194	208.8
2195	134
2196	107.1
2197	224.5
2198	101.7
2199	328.2
2200	106.6
2201	97
2202	157.7
2203	121
2204	99.3
2205	125.8
2206	73.7
2207	150.1
2208	123.9
2209	103.3
2210	206.1
2211	104.9
2212	114.2
2213	167.2
2214	107.5
2215	82.6
2216	123.7
2217	138.5
2218	106.1
2219	213.5
2220	157.1
2221	67.2
2222	155
2223	81
2224	114.4
2225	81.5
2226	142.7
2227	202.8
2228	125
2229	100.1
2230	115.6
2231	71.4
2232	116.7
2233	113.9
2234	203.5
2235	109.9
2236	120.9
2237	128.4
2238	132.7
2239	111.4
2240	89.6
2241	102.3
2242	111.7
2243	118.8
2244	94.8
2245	209.7
2246	58.7
2247	107.7
2248	192.3
2249	136.8
2250	60.9
2251	150.2
2252	149.2
2253	148.5
2254	121.3
2255	115.6
2256	166.8
2257	177.1
2258	89.4
2259	146.4
2260	124.3
2261	72.5
2262	63.6
2263	178.8
2264	202.9
2265	137.4
2266	84.5
2267	97.1
2268	130.8
2269	149.2
2270	146.6
2271	98.3
2272	85.4
2273	163.9
2274	134.5
2275	134.9
2276	239.4
2277	111.7
2278	204.8
2279	62
2280	101.8
2281	238.7
2282	163.3
2283	282
2284	220.5
2285	114.4
2286	143.9
2287	134.4
2288	89.7
2289	92.9
2290	96.7
2291	99.6
2292	82.7
2293	61.2
2294	115
2295	134.2
2296	175.6
2297	140.9
2298	79.2
2299	94.1
2300	81.3
2301	259.5
2302	117.5
2303	197.4
2304	173.2
2305	72.7
2306	154.1
2307	101.5
2308	102.1
2309	101.1
2310	135.2
2311	220.3
2312	272.5
2313	150.6
2314	111.3
2315	255
2316	77.9
2317	110.4
2318	71.5
2319	62.8
2320	179
2321	100.5
2322	106.4
2323	72.2
2324	154.6
2325	176.3
2326	98.8
2327	84.9
2328	146.2
2329	105.1
2330	228.1
2331	304.4
2332	44.9
2333	138.9
2334	88.6
2335	283.5
2336	101.1
2337	247.6
2338	86.2
2339	68.2
2340	173.6
2341	111.9
2342	336.7
2343	71.5
2344	162.6
2345	81.7
2346	106.8
2347	69.9
2348	144.5
2349	74.7
2350	135.2
2351	92.6
2352	108.6
2353	96.4
2354	142.9
2355	212.6
2356	306.9
2357	236.3
2358	74.3
2359	171.9
2360	164.5
2361	166.2
2362	79.5
2363	175
2364	87
2365	52.9
2366	324.6
2367	313.8
2368	70
2369	48.4
2370	184.1
2371	126.6
2372	119.5
2373	132.6
2374	71.2
2375	143.7
2376	371.9
2377	207.1
2378	126.1
2379	75.4
2380	54.6
2381	96.9
2382	157.9
2383	340.8
2384	301.4
2385	56.2
2386	99.1
2387	81.3
2388	202.7
2389	218.8
2390	67.7
2391	171.6
2392	203.9
2393	314.5
2394	154.3
2395	67.2
2396	90.3
2397	236.9
2398	47.7
2399	134.7
2400	233.4
2401	100.5
2402	258
2403	113.8
2404	65.8
2405	210.8
2406	133.2
2407	337.9
2408	169.8
2409	180.4
2410	181
2411	184.7
2412	248.8
2413	179.3
2414	65.8
2415	192.1
2416	146.6
2417	111.7
2418	100.3
2419	163.1
2420	249.9
2421	345.3
2422	130.8
2423	109.8
2424	192.6
2425	65.7
2426	343.1
2427	127
2428	286.2
2429	289.7
2430	251.3
2431	234.6
2432	174.5
2433	330.3
2434	55
2435	225.2
2436	118
2437	34.7
2438	150.1
2439	258.9
2440	215
2441	424.5
2442	128.5
2443	171.3
2444	311.6
2445	215.7
2446	88.1
2447	252.9
2448	474.6
2449	289.4
2450	383.6
2451	142.1
2452	138.4
2453	368.4
2454	143.3
2455	129.6
2456	288.7
2457	180
2458	191.9
2459	278.8
2460	49.2
2461	395.3
2462	190.1
2463	76.1
2464	388.8
2465	502.5
2466	195.7
2467	137.7
2468	231
2469	282.3
2470	448.2
2471	228.8
2472	237
2473	78.3
2474	208.9
2475	226.9
2476	519.6
2477	230.6
2478	159.8
2479	340.1
2480	220
2481	99.4
2482	41.7
2483	512.6
2484	166.4
2485	194.8
2486	136.8
2487	200.4
2488	202.6
2489	281.1
2490	335.9
2491	74.1
2492	154.3
2493	560
2494	161.2
2495	144.5
2496	60.8
2497	112.7
2498	200.4
2499	39.4
2500	199.9
2501	194.1
2502	261.1
2503	174.4
2504	147.6
2505	128.7
2506	110
2507	226.6
2508	188.7
2509	503.8
2510	198.8
2511	407.3
2512	80.7
2513	84.2
2514	201.6
2515	235.3
2516	162.1
2517	64.7
2518	83.9
2519	62.5
2520	217
2521	172.2
2522	456.5
2523	44.7
2524	201.3
2525	62.5
2526	161.5
2527	161.2
2528	93.9
2529	106.2
2530	176.6
2531	141
2532	112.5
2533	138.7
2534	86.3
2535	201
2536	198.7
2537	128.6
2538	272.4
2539	477.8
2540	136.3
2541	227.8
2542	70.4
2543	127.2
2544	86.9
2545	119.9
2546	239.9
2547	70.4
2548	140.8
2549	68
2550	208.6
2551	78.6
2552	427.2
2553	124.8
2554	219.9
2555	142.6
2556	212.6
2557	341.7
2558	93
2559	172
2560	271.7
2561	161.3
2562	397.3
2563	116.4
2564	178.4
2565	137.8
2566	55.3
2567	69.4
2568	328.7
2569	167.4
2570	115.2
2571	81.1
2572	156.8
2573	72.9
2574	118.1
2575	72.5
2576	73.5
2577	211.7
2578	210.5
2579	135.8
2580	174.7
2581	172.4
2582	343.8
2583	111.7
2584	170.1
2585	120.5
2586	260.3
2587	109
2588	87.6
2589	170.2
2590	143.1
2591	189.1
2592	186.6
2593	165.4
2594	39.5
2595	224.3
2596	184.7
2597	148.7
2598	345.7
2599	93.8
2600	114.4
2601	175.6
2602	152
2603	240.8
2604	399.7
2605	76.7
2606	157.1
2607	110.1
2608	138.3
2609	107.2
2610	37.7
2611	114.8
2612	211.2
2613	97.2
2614	125.6
2615	88
2616	116.3
2617	218.9
2618	96.7
2619	151.2
2620	355.9
2621	17.4
2622	144.1
2623	108
2624	156.7
2625	221.3
2626	18.2
2627	74.7
2628	65.1
2629	148.2
2630	80.9
2631	137
2632	45.5
2633	118.6
2634	136.2
2635	103.5
2636	111.6
2637	68.4
2638	124.3
2639	129.8
2640	177.5
2641	167.6
2642	56.2
2643	302.5
2644	128.3
2645	334.4
2646	151.3
2647	30.6
2648	99.5
2649	77.2
2650	110.7
2651	85.5
2652	68.2
2653	75.2
2654	149.5
2655	91.7
2656	122.8
2657	37.6
2658	111.5
2659	100.9
2660	194.1
2661	82
2662	217.4
2663	74
2664	111.6
2665	65.5
2666	169.3
2667	54.3
2668	127.2
2669	131.3
2670	183.2
2671	91.7
2672	90.4
2673	56.3
2674	36.3
2675	99.8
2676	25.6
2677	163.1
2678	83
2679	131
2680	134
2681	92.6
2682	81.8
2683	101.1
2684	134.2
2685	71.8
2686	77.9
2687	109.4
2688	83.5
2689	77.9
2690	144.9
2691	88.5
2692	17.2
2693	142.9
2694	83.9
2695	113.5
2696	139
2697	86.8
2698	158.8
2699	66.9
2700	78.9
2701	38.2
2702	147.5
2703	98.4
2704	47
2705	88.3
2706	166.1
2707	33
2708	171.3
2709	136.6
2710	132.9
2711	126.2
2712	53.1
2713	137.5
2714	153.6
2715	52.4
2716	96.6
2717	79.7
2718	73
2719	91.9
2720	95.7
2721	122.5
2722	80.3
2723	100.6
2724	38.9
2725	96.1
2726	124.4
2727	58.8
2728	81.2
2729	66.7
2730	80
2731	52.2
2732	125.7
2733	116.6
2734	84.1
2735	40.5
2736	35.3
2737	165.5
2738	55.5
2739	122.3
2740	80
2741	65.9
2742	59
2743	137.4
2744	53.7
2745	57.6
2746	34.2
2747	84.6
2748	70.7
2749	65.1
2750	90.9
2751	128.9
2752	112.9
2753	83.3
2754	144.9
2755	74.5
2756	90.7
2757	48.6
2758	241
2759	98.7
2760	108.7
2761	65.9
2762	94.7
2763	49.8
2764	86.4
2765	145.9
2766	121.2
2767	36.8
2768	84.3
2769	94.5
2770	69.5
2771	251.8
2772	65.4
2773	36.8
2774	184.5
2775	178.4
2776	112
2777	121.4
2778	153.5
2779	106.2
2780	32.5
2781	69.3
2782	63
2783	149.3
2784	156.3
2785	56.4
2786	50.8
2787	122.6
2788	89.9
2789	112.8
2790	104.3
2791	161.4
2792	213.6
2793	166.2
2794	71.9
2795	98.6
2796	86.6
2797	223.8
2798	154.6
2799	63
2800	206.6
2801	112.4
2802	203.6
2803	81.6
2804	33.4
2805	198.8
2806	95
2807	304.1
2808	176.8
2809	115.5
2810	48.7
2811	221.1
2812	86.6
2813	111.7
2814	140.6
2815	245
2816	89.4
2817	65.8
2818	102.8
2819	149.8
2820	148.8
2821	134.5
2822	53.3
2823	133.8
2824	49.2
2825	85.1
2826	57.2
2827	43.1
2828	101.1
2829	60.4
2830	104
2831	209.2
2832	190.8
2833	147.3
2834	230.3
2835	166.5
2836	118.7
2837	112
2838	180
2839	214.7
2840	133.7
2841	238.5
2842	109.7
2843	104.2
2844	50.6
2845	130
2846	46.2
2847	229
2848	165.3
2849	162.3
2850	203.8
2851	99.1
2852	85.2
2853	80
2854	180.1
2855	72.1
2856	152.3
2857	144.6
2858	121.2
2859	58.6
2860	177.3
2861	183.9
2862	142.3
2863	66.6
2864	131.3
2865	227.1
2866	140.2
2867	77.1
2868	59
2869	119.6
2870	61.8
2871	125.8
2872	206.9
2873	162.4
2874	43.1
2875	99.5
2876	51.9
2877	104.3
2878	67.6
2879	56
2880	97
2881	176.9
2882	222.1
2883	130.7
2884	147.6
2885	66.5
2886	111.4
2887	73.7
2888	34.5
2889	54.3
2890	52.3
2891	196.5
2892	148.4
2893	193.5
2894	126.1
2895	244.9
2896	46.7
2897	189.6
2898	115.9
2899	213.1
2900	108.1
2901	57.8
2902	251.8
2903	250.1
2904	37.3
2905	101.8
2906	140.5
2907	63.5
2908	126.7
2909	124.2
2910	178.9
2911	204.6
2912	139
2913	121.3
2914	164.1
2915	58.6
2916	242.5
2917	57.2
2918	240.3
2919	71.5
2920	68.6
2921	101.6
2922	153.6
2923	91.8
2924	142.9
2925	118.7
2926	98.6
2927	46.7
2928	130.4
2929	92.6
2930	237.6
2931	82.5
2932	237.5
2933	138.8
2934	46.7
2935	153.1
2936	59.8
2937	161
2938	55.5
2939	139.9
2940	36.2
2941	167.3
2942	45.7
2943	102.4
2944	57.9
2945	154.2
2946	112.4
2947	316.5
2948	106
2949	156.5
2950	184
2951	375.4
2952	115.2
2953	112.7
2954	100.3
2955	196.2
2956	305.3
2957	131.8
2958	111.7
2959	63.8
2960	119.6
2961	229.1
2962	234.6
2963	142.9
2964	74.8
2965	198.7
2966	434.5
2967	182.9
2968	115
2969	56.9
2970	46.4
2971	116.5
2972	185.8
2973	38.3
2974	157
2975	134.4
2976	266.6
2977	199.3
2978	129.6
2979	215.8
2980	118.7
2981	156.8
2982	75
2983	77.9
2984	162.2
2985	124.5
2986	125.5
2987	166.1
2988	103.2
2989	46.7
2990	136.4
2991	191.5
2992	152.5
2993	221.1
2994	168
2995	78.8
2996	396.7
2997	240.2
2998	160.8
2999	77.6
3000	179
3001	77
3002	183.2
3003	177.1
3004	98.4
3005	102.6
3006	82.2
3007	167.2
3008	131
3009	96.1
3010	54.4
3011	116.3
3012	229.9
3013	159.5
3014	116.5
3015	50.4
3016	150.8
3017	262.2
3018	125.9
3019	49.8
3020	101.9
3021	73.4
3022	57.8
3023	89.9
3024	108.3
3025	102.2
3026	143.1
3027	109.1
3028	152.9
3029	117.5
3030	66.2
3031	133.1
3032	115.8
3033	67.4
3034	157.6
3035	141
3036	75.3
3037	142.9
3038	59.4
3039	111.7
3040	120.2
3041	265.6
3042	283.3
3043	136.6
3044	167
3045	124.3
3046	44.8
3047	55.7
3048	124.3
3049	99.1
3050	157
3051	233.9
3052	131.6
3053	162.6
3054	113.7
3055	141.9
3056	129.8
3057	51.4
3058	110.8
3059	187.4
3060	71.1
3061	40.1
3062	73.8
3063	184.8
3064	181.8
3065	67.7
3066	296.9
3067	88.3
3068	304.7
3069	93.5
3070	152.5
3071	158.9
3072	176.1
3073	43.3
3074	124.7
3075	127.7
3076	122.1
3077	182.6
3078	176.4
3079	103.5
3080	154.4
3081	81.5
3082	57
3083	187.1
3084	107.5
3085	164.7
3086	199.8
3087	358.6
3088	333.5
3089	235.4
3090	194.2
3091	60.6
3092	115.5
3093	159.6
3094	74.1
3095	56.5
3096	206
3097	103.7
3098	286.8
3099	61.6
3100	218.9
3101	38.9
3102	65.9
3103	116
3104	153.4
3105	91.6
3106	209.4
3107	204.4
3108	52.6
3109	67.7
3110	67.6
3111	406.2
3112	34.4
3113	290.6
3114	69.8
3115	97.6
3116	64.7
3117	102.9
3118	342.8
3119	416.1
3120	19.2
3121	408.6
3122	74.3
3123	237.6
3124	35.6
3125	82.9
3126	54.3
3127	24.1
3128	35.9
3129	56.6
3130	32
3131	329.8
3132	269.3
3133	284.1
3134	214
3135	91.9
3136	320.6
3137	51.9
3138	62.8
3139	493.6
3140	215.3
3141	64.2
3142	215.9
3143	377.3
3144	32.8
3145	28.7
3146	25.3
3147	37.6
3148	97.8
3149	18.6
3150	27.1
3151	444
3152	364.4
3153	224.1
3154	223
3155	62.5
3156	173.6
3157	145.7
3158	31.8
3159	218.3
3160	27.8
3161	360.1
3162	366.6
3163	55
3164	75.7
3165	66.2
3166	320.6
3167	62.7
3168	344.6
3169	17.9
3170	199.3
3171	77.6
3172	408.9
3173	41.7
3174	36.8
3175	224.2
3176	86.3
3177	33.6
3178	30.2
3179	31.9
3180	59.4
3181	58.7
3182	245.5
3183	236.5
3184	338.2
3185	319.9
3186	123
3187	229.1
3188	47
3189	126.7
3190	69.5
3191	77.2
3192	56.3
3193	56.3
3194	246.6
3195	290.5
3196	43.7
3197	56.8
3198	56.4
3199	191
3200	30.1
3201	71.4
3202	369.4
3203	271
3204	67.9
3205	168.9
3206	25.3
3207	70.8
3208	93
3209	79.9
3210	233.6
3211	233.3
3212	262
3213	28.6
3214	40.1
3215	44.6
3216	36.3
3217	37
3218	191.9
3219	214.7
3220	53.4
3221	74.6
3222	221.8
3223	60.2
3224	240.7
3225	50.1
3226	195.1
3227	42
3228	52.4
3229	70
3230	86.7
3231	46.3
3232	50.7
3233	26.4
3234	185
3235	225.6
3236	233
3237	26.7
3238	295.6
3239	73.7
3240	104.4
3241	75.8
3242	58.2
3243	239.7
3244	87.7
3245	37.1
3246	52.1
3247	72.2
3248	45.3
3249	66.9
3250	74.6
3251	276
3252	196.9
3253	81.1
3254	193.5
3255	31.1
3256	42.2
3257	208
3258	72.1
3259	103.9
3260	38.2
3261	65.6
3262	179
3263	25.4
3264	32.3
3265	34.1
3266	46.6
3267	102.2
3268	188.7
3269	195.6
3270	36.1
3271	40.3
3272	192.7
3273	38.9
3274	170.2
3275	72.5
3276	104.2
3277	31
3278	145.3
3279	30.1
3280	23.7
3281	42.1
3282	44.6
3283	107.4
3284	54.4
3285	34.4
3286	120.4
3287	19.3
3288	67.5
3289	28.8
3290	38.7
3291	132.2
3292	32.1
3293	70.9
3294	73.2
3295	36.1
3296	37.5
3297	72.4
3298	92.2
3299	83.4
3300	82.3
3301	106
3302	39.2
3303	152.4
3304	72.3
3305	100.8
3306	37.3
3307	25.8
3308	157.8
3309	106.4
3310	88
3311	37.7
3312	54.9
3313	88.9
3314	37.6
3315	30
3316	146.6
3317	30.9
3318	103.9
3319	48.5
3320	91.6
3321	85.3
3322	46.4
3323	41.2
3324	38
3325	85.1
3326	83.1
3327	25.9
3328	26.7
3329	86
3330	76.1
3331	34.3
3332	37.9
3333	75.7
3334	32.7
3335	129.4
3336	76.9
3337	23.6
3338	109.8
3339	28.5
3340	26.1
3341	82.6
3342	70.1
3343	25.3
3344	59
3345	17.4
3346	29.1
3347	72.2
3348	23.9
3349	62.5
3350	106.8
3351	32.7
3352	106.5
3353	85.4
3354	65
3355	121.3
3356	111.7
3357	70.2
3358	29.4
3359	41.1
3360	107.8
3361	51.7
3362	68
3363	55.8
3364	35.8
3365	51.7
3366	43.4
3367	75.6
3368	24.1
3369	31.2
3370	39.7
3371	42.3
3372	37
3373	60.7
3374	48.9
3375	77
3376	35.7
3377	64.1
3378	75.5
3379	54.1
3380	38.4
3381	55.3
3382	55.1
3383	60.5
3384	44.2
3385	48.1
3386	62.4
3387	90.3
3388	50.2
3389	54.5
3390	66.3
3391	67
3392	73.9
3393	85.4
3394	55.1
3395	53.9
3396	61.1
3397	47.7
3398	55
3399	32.1
3400	422
3401	469.1
3402	491.8
3403	243.2
3404	391.8
3405	309
3406	296.2
3407	285.5
3408	401.7
3409	248.3
3410	47.9
3411	36.9
3412	311.4
3413	187.3
3414	320.7
3415	155.9
3416	416.4
3417	220.3
3418	245.6
3419	187.2
3420	316.7
3421	158.8
3422	198
3423	111.3
3424	283.5
3425	292.3
3426	215.9
3427	561.7
3428	118.9
3429	273.8
3430	109
3431	208.6
3432	355.5
3433	462.7
3434	304.2
3435	365.9
3436	213.5
3437	306
3438	268
3439	173.1
3440	198.4
3441	213
3442	470.8
3443	233.2
3444	162.2
3445	233.1
3446	338.1
3447	263.8
3448	367.3
3449	214.8
3450	508.4
3451	175.8
3452	246.3
3453	94.6
3454	268.1
3455	330.1
3456	374.1
3457	266.7
3458	247
3459	282.7
3460	192.8
3461	362.6
3462	333.5
3463	376
3464	237.7
3465	165.5
3466	63.7
3467	198.7
3468	168.5
3469	59.6
3470	183.5
3471	250
3472	50.5
3473	264.6
3474	165.2
3475	339.4
3476	394.8
3477	138
3478	124.1
3479	323.4
3480	221.3
3481	364.1
3482	35.6
3483	94.2
3484	177.4
3485	122.5
3486	280.9
3487	64
3488	82.6
3489	153
3490	156.2
3491	134
3492	153.7
3493	126
3494	177.6
3495	265
3496	102.6
3497	66.8
3498	57.7
3499	176.3
3500	135.3
3501	155.1
3502	168.7
3503	76.1
3504	77.8
3505	132.4
3506	89.1
3507	59.7
3508	131.2
3509	74.2
3510	54.9
3511	168.1
3512	89.6
3513	88
3514	46
3515	144.1
3516	71.4
3517	144.5
3518	164.9
3519	194.1
3520	229
3521	185.6
3522	349.6
3523	212.8
3524	133.4
3525	143.3
3526	61.9
3527	91.8
3528	257.4
3529	106.6
3530	103
3531	371
3532	36.2
3533	193.5
3534	90.4
3535	77
3536	71.8
3537	53.1
3538	74.7
3539	209.4
3540	220.2
3541	82.5
3542	158.3
3543	81.4
3544	86.6
3545	242.7
3546	97.7
3547	104.2
3548	217.2
3549	133.5
3550	99.3
3551	181.3
3552	105.5
3553	110.6
3554	160.3
3555	172.2
3556	144.5
3557	46.7
3558	154
3559	58.7
3560	198.7
3561	89.9
3562	49.8
3563	90.8
3564	63.2
3565	88
3566	62.5
3567	103.3
3568	138.8
3569	290.5
3570	204.2
3571	247.3
3572	65.1
3573	242
3574	128.4
3575	134
3576	442.2
3577	231.3
3578	239
3579	23
3580	22
3581	69.1
3582	220.1
3583	43
3584	262.8
3585	62.8
3586	201.3
3587	47.8
3588	94.7
3589	31.3
3590	59
3591	120.6
3592	104.7
3593	55.2
3594	63.6
