"COMID"	"Value"
1	77.4
2	25.4
3	107
4	137
5	91.2
6	19
7	128.4
8	69.1
9	13.2
10	4.5
11	148.6
12	26.1
13	97.2
14	182.2
15	139.1
16	88
17	60.6
18	121.3
19	127.4
20	77.5
21	200.4
22	124.3
23	0.3
24	10.1
25	122.1
26	67.4
27	77.5
28	91
29	49.9
30	56.7
31	84
32	72.9
33	131.4
34	10.1
35	111.3
36	56.6
37	110.8
38	3.6
39	11.9
40	88.6
41	171.1
42	140.8
43	87.6
44	80.2
45	84.9
46	144.3
47	225.6
48	98.2
49	108.1
50	21.3
51	10.9
52	218
53	69.7
54	111
55	113.8
56	83.5
57	68.7
58	10.1
59	141.2
60	9.5
61	40.1
62	52.1
63	135.8
64	108.5
65	23.9
66	62.5
67	89.4
68	224.7
69	41.8
70	18.5
71	6.5
72	160.6
73	9.2
74	231.5
75	26.6
76	38.5
77	34.4
78	45
79	92.2
80	27.3
81	134.6
82	18.4
83	160
84	1.3
85	144.2
86	246.8
87	10.3
88	11.9
89	32
90	153.7
91	132.6
92	88.1
93	116.6
94	43
95	174.8
96	29.3
97	83.6
98	0.2
99	54.9
100	94.1
101	140.8
102	189.7
103	11.2
104	62.7
105	43.6
106	99.4
107	132
108	0.5
109	15.1
110	9.7
111	8.4
112	101.2
113	10.7
114	107.5
115	193.6
116	331.1
117	125.5
118	77.9
119	12.7
120	156.7
121	168.8
122	157.8
123	23.1
124	82.3
125	412.7
126	100.3
127	115.6
128	132.6
129	7.2
130	55.2
131	228
132	4.6
133	106.6
134	92.4
135	79.5
136	339.5
137	150.8
138	9.4
139	4.3
140	143.7
141	210.5
142	13
143	0.3
144	148.2
145	2.8
146	76
147	129.5
148	166.5
149	90.9
150	143
151	146.7
152	70.5
153	2.8
154	91.2
155	49.6
156	61.1
157	156.9
158	10.8
159	247.7
160	112
161	43.8
162	5.5
163	136.6
164	50.4
165	4.1
166	5.4
167	105.7
168	33.1
169	135.2
170	132.6
171	178.7
172	37.7
173	59.6
174	6.8
175	147.7
176	142.7
177	231.8
178	92
179	69.2
180	5.4
181	31.5
182	88.1
183	83.9
184	2.8
185	3.1
186	139.2
187	104.8
188	4.7
189	4.6
190	160.9
191	3.8
192	103.1
193	18.7
194	108.1
195	65.1
196	1.3
197	171.2
198	3.4
199	81.1
200	1.5
201	1.8
202	7.4
203	0.9
204	0.6
205	7.6
206	100.4
207	113.3
208	76.9
209	83.6
210	165.8
211	139.8
212	115.6
213	111.1
214	3.2
215	110.9
216	109.6
217	138.2
218	116.6
219	159.6
220	1.2
221	57.3
222	127.4
223	92.1
224	20.5
225	134.5
226	107.3
227	51.8
228	101.7
229	1.4
230	112.1
231	132.8
232	183.6
233	78.2
234	89
235	58.6
236	112.9
237	129.2
238	182.9
239	89.3
240	201.3
241	100.7
242	6.4
243	7.4
244	61.9
245	105.5
246	59
247	24.4
248	11.7
249	11
250	68.4
251	90.8
252	124
253	125.5
254	2.5
255	0.9
256	126.7
257	1.5
258	81.6
259	28.5
260	5.3
261	113.4
262	62.9
263	56
264	0.3
265	0.4
266	106.7
267	49.1
268	112.8
269	80.7
270	0.2
271	110.2
272	88.7
273	36.7
274	11.6
275	24.7
276	62.1
277	0.9
278	33.8
279	0.8
280	14.6
281	72.5
282	19.5
283	1.7
284	36.7
285	7.6
286	12.7
287	183.7
288	39.3
289	12
290	0
291	131.5
292	29.7
293	10.7
294	135.1
295	0.1
296	82.4
297	6.8
298	0.1
299	53.2
300	9.4
301	0.4
302	54.7
303	124
304	35.4
305	8.4
306	67.4
307	13.9
308	41.8
309	15.6
310	144.7
311	40.4
312	15.9
313	80.1
314	66.7
315	4.5
316	4.1
317	11.5
318	163.4
319	35.2
320	33.4
321	0
322	85.5
323	77.1
324	11.6
325	40.2
326	147.6
327	10.3
328	8.4
329	0.1
330	3.9
331	5.4
332	0.1
333	0.2
334	3.9
335	17.5
336	0
337	45.9
338	0
339	47.1
340	12.5
341	0
342	6.8
343	0.8
344	65.7
345	23.9
346	23.9
347	0.7
348	44.3
349	27.7
350	0.5
351	2
352	1.1
353	36
354	14.9
355	19.5
356	1.5
357	9.2
358	13.4
359	10
360	8.2
361	0.8
362	6.5
363	5.3
364	10.4
365	19.2
366	80.3
367	9.2
368	172.1
369	3.4
370	47.9
371	10.9
372	19.8
373	113.8
374	12.8
375	182.9
376	119.3
377	63.3
378	100.5
379	16.7
380	74
381	3.7
382	8.5
383	217.9
384	18.1
385	10.2
386	6.7
387	148.7
388	185.9
389	200.8
390	171.7
391	24.9
392	287.8
393	10.1
394	29.4
395	9
396	14.4
397	11.8
398	2.3
399	37.8
400	10.5
401	107
402	11.3
403	6.7
404	9.9
405	13
406	285.2
407	36.2
408	8.5
409	12.8
410	140
411	110.4
412	4.4
413	271.6
414	1
415	21.2
416	4.4
417	9.4
418	7
419	116.3
420	5.6
421	33.8
422	15.2
423	63.2
424	211.1
425	136.5
426	6.6
427	201.7
428	194.4
429	90.7
430	164
431	23.2
432	34.3
433	127.2
434	56.7
435	14.5
436	66.7
437	58.5
438	159.1
439	7.5
440	82.5
441	163
442	12.5
443	144.4
444	42.6
445	193.9
446	5.6
447	214.4
448	187.7
449	4.6
450	106.5
451	10
452	132.3
453	8.2
454	5.3
455	144.8
456	13.4
457	175.6
458	86.1
459	93.9
460	30.8
461	224.8
462	185.2
463	48.6
464	19.3
465	80.3
466	24.2
467	150
468	1.3
469	62.5
470	3.6
471	29.1
472	124.1
473	95.4
474	0.9
475	54.5
476	0.3
477	214.6
478	0.6
479	81.8
480	235.6
481	14.4
482	3.9
483	222.3
484	5.8
485	43.2
486	80.8
487	103.1
488	146.7
489	15.1
490	143.1
491	154.1
492	160.7
493	32.8
494	219.9
495	129.2
496	5.6
497	255.7
498	150.4
499	19.1
500	244.1
501	127.9
502	186.3
503	4
504	7.4
505	147.8
506	253.4
507	168.3
508	125.7
509	235.6
510	127.9
511	211.4
512	248
513	1.5
514	120.8
515	5.2
516	18.6
517	158.1
518	22.7
519	66.5
520	110.7
521	154.1
522	7.5
523	1.1
524	157.4
525	165.3
526	63.5
527	197
528	5.1
529	5
530	164.6
531	94.7
532	208.2
533	206.5
534	94.9
535	214.1
536	121.8
537	43.7
538	11.9
539	22
540	4.6
541	123.7
542	106
543	133.6
544	6.3
545	52
546	145.7
547	127.4
548	39.3
549	55.8
550	30.4
551	110.2
552	121.1
553	211.6
554	2.4
555	4.6
556	133.1
557	81.4
558	43
559	170.1
560	104.9
561	200.1
562	118.9
563	4.1
564	52.7
565	196
566	94.4
567	10.1
568	103.3
569	129.4
570	2.8
571	255.4
572	60.7
573	84.6
574	153.5
575	10.4
576	31.3
577	18.8
578	242.5
579	309.9
580	58.2
581	14.6
582	156.4
583	7.4
584	8.5
585	25.4
586	154.8
587	92.6
588	271.5
589	85.1
590	2.6
591	181.9
592	500.1
593	50.5
594	188.6
595	213.1
596	10.1
597	1.9
598	34.9
599	80.1
600	170.3
601	61.3
602	2.9
603	151.8
604	316.4
605	5.5
606	223.6
607	15.2
608	95
609	6.8
610	10.9
611	167.8
612	4.9
613	0.7
614	85.3
615	86
616	5
617	136.9
618	117.6
619	198.8
620	152.3
621	297.3
622	138.5
623	144.3
624	123.1
625	7.7
626	18
627	56
628	32.6
629	167.3
630	118.1
631	7.3
632	131.7
633	246.9
634	0.5
635	194.2
636	152
637	136.9
638	5.4
639	225.1
640	94
641	126.4
642	5.2
643	149.4
644	23.8
645	183.1
646	340.4
647	7.3
648	177.9
649	157.6
650	9.6
651	170.1
652	23.4
653	0.4
654	8.2
655	2.7
656	35.1
657	127.1
658	313
659	100.8
660	70.5
661	253.8
662	222.9
663	116
664	7
665	7.1
666	8.9
667	293.9
668	140.6
669	232.3
670	10
671	11.1
672	10.7
673	242.6
674	120.5
675	377.9
676	134.5
677	151.2
678	98.7
679	18.8
680	33.2
681	312.9
682	96.4
683	182.7
684	93.1
685	12.3
686	197.1
687	5.9
688	223.9
689	13.6
690	331.5
691	196.9
692	194.3
693	84.8
694	87.6
695	196.7
696	227.8
697	16
698	116.3
699	51.1
700	335.5
701	203.2
702	219.6
703	217.3
704	46.7
705	133.7
706	90.4
707	195.9
708	141.8
709	135.8
710	108.2
711	49.1
712	158
713	130
714	55.6
715	100.8
716	36.6
717	286.1
718	212.4
719	108.2
720	138.3
721	12.8
722	109.6
723	220.9
724	71.9
725	13.4
726	11.4
727	148.7
728	124.3
729	182
730	76.8
731	118
732	96.4
733	81.6
734	157.9
735	150.5
736	95.6
737	63.1
738	90
739	74.8
740	89
741	108.3
742	161.3
743	79
744	32.4
745	5.9
746	174
747	119.9
748	0.6
749	119.8
750	36.7
751	70.6
752	73
753	180.3
754	198.8
755	74.5
756	290.4
757	220.6
758	166.2
759	12
760	101.3
761	11.7
762	89.3
763	79.8
764	132.3
765	225.4
766	21.6
767	173.7
768	102.8
769	204.4
770	99.7
771	133.7
772	196.9
773	56.3
774	43.3
775	207.6
776	92.9
777	84.6
778	251
779	13
780	253.5
781	76.4
782	306.8
783	251.4
784	265.4
785	326.6
786	300.7
787	241.2
788	197.2
789	186.9
790	260
791	281.4
792	219.8
793	309.5
794	208.5
795	326.1
796	289.5
797	276.5
798	301.3
799	205.5
800	162.6
801	279.3
802	185.9
803	155.8
804	165.9
805	179.6
806	178.6
807	104.3
808	220.8
809	228.7
810	271.6
811	171.3
812	279.2
813	201.1
814	167.9
815	200.2
816	199.5
817	127.4
818	307
819	354.9
820	142.7
821	204.8
822	128.9
823	161.7
824	309.8
825	281
826	340.8
827	220.4
828	154
829	293.5
830	280.8
831	205.3
832	224.7
833	171.9
834	323.5
835	100.5
836	212.2
837	87
838	211.9
839	223.9
840	165.9
841	113.9
842	110.2
843	30.1
844	293.5
845	122.5
846	244.3
847	208.2
848	320.8
849	204.4
850	319.2
851	316.7
852	123.9
853	275.2
854	289.5
855	244.8
856	223
857	138.2
858	380.9
859	152.1
860	159.2
861	382.2
862	16.9
863	361.4
864	133.1
865	367.6
866	144.5
867	92.5
868	337.6
869	152.7
870	58.6
871	165.8
872	133.7
873	21.9
874	268.6
875	234.3
876	136.7
877	437.5
878	404.2
879	457.1
880	164
881	223
882	220.8
883	97.1
884	456.5
885	403.5
886	14.1
887	134.4
888	85.3
889	334.1
890	247.2
891	175.3
892	185
893	240.5
894	26.6
895	320.8
896	267.5
897	160.6
898	126
899	173.5
900	107.4
901	134.1
902	265.5
903	269.4
904	379.9
905	142.4
906	232.1
907	198.1
908	138.5
909	282.3
910	45.7
911	336.5
912	102.7
913	220.4
914	102.1
915	64.1
916	157
917	318.7
918	171.2
919	155.6
920	159.2
921	182.3
922	161.3
923	82.9
924	135.8
925	265.8
926	233
927	249.2
928	211.1
929	157.5
930	244.6
931	244.2
932	181.3
933	131.1
934	47.4
935	116.5
936	212
937	338.1
938	336.7
939	244.2
940	161.9
941	294.5
942	279.9
943	49
944	365.3
945	234.6
946	190.1
947	57.3
948	140.2
949	272.1
950	265.3
951	218.4
952	172
953	197.7
954	146.2
955	203.4
956	112
957	151.7
958	229.5
959	143.2
960	159
961	295.4
962	258.2
963	164.3
964	39.7
965	322.6
966	331.8
967	30.5
968	140.8
969	219.6
970	101.4
971	225.4
972	281
973	200.9
974	178.1
975	329.2
976	290.6
977	276.1
978	180.9
979	303.3
980	269.6
981	353.9
982	237.7
983	235.6
984	292.8
985	273.4
986	313.7
987	224.7
988	303.2
989	204
990	47.8
991	280.9
992	108.1
993	311.3
994	274.8
995	338.9
996	293.6
997	332.3
998	247.2
999	247.2
1000	33.2
1001	323
1002	336.4
1003	44.6
1004	279
1005	223.5
1006	403
1007	31.3
1008	154
1009	76.3
1010	232.7
1011	116.5
1012	401.7
1013	363.8
1014	355.8
1015	160.3
1016	30.3
1017	339.4
1018	279.7
1019	374.6
1020	257.1
1021	154.5
1022	242.8
1023	238.7
1024	375.7
1025	266.3
1026	240.3
1027	375
1028	293.8
1029	345.3
1030	241.5
1031	32.9
1032	37.9
1033	418.2
1034	329.3
1035	266.3
1036	130.3
1037	234.8
1038	303.8
1039	272.1
1040	387.9
1041	264.3
1042	336.8
1043	37.4
1044	224.1
1045	373.8
1046	215.1
1047	369.6
1048	409.1
1049	272.2
1050	28.6
1051	119.6
1052	177.1
1053	340.2
1054	243.9
1055	253.8
1056	198.9
1057	336.4
1058	197
1059	406.5
1060	281.5
1061	38.3
1062	263.5
1063	346.9
1064	459.4
1065	201.8
1066	370.8
1067	428.9
1068	337
1069	384.7
1070	301.2
1071	265.1
1072	445.8
1073	419.9
1074	231.1
1075	125
1076	224
1077	406.1
1078	308.2
1079	280.7
1080	264.9
1081	356.2
1082	275.3
1083	474.3
1084	193.6
1085	244.4
1086	244
1087	24.1
1088	436.7
1089	224.6
1090	314.1
1091	254.8
1092	304.3
1093	487.9
1094	571.6
1095	291.6
1096	359.5
1097	338.5
1098	373
1099	106.4
1100	30.3
1101	590.3
1102	320.1
1103	488.7
1104	427.8
1105	303.6
1106	326.3
1107	452.7
1108	242.2
1109	314.1
1110	300.3
1111	403.4
1112	202
1113	399.1
1114	213
1115	306.4
1116	488.4
1117	317.4
1118	337.2
1119	421.4
1120	326.5
1121	299.5
1122	312.7
1123	373.2
1124	331.2
1125	484
1126	370.1
1127	483.9
1128	268.3
1129	255
1130	246.9
1131	485.3
1132	347.8
1133	293.5
1134	209.8
1135	193.7
1136	522.3
1137	289
1138	288.1
1139	476.5
1140	396.6
1141	399.8
1142	403.9
1143	214.9
1144	351.8
1145	442.4
1146	240.5
1147	234.8
1148	343.5
1149	397.8
1150	552.1
1151	281.1
1152	258.1
1153	222.9
1154	23.9
1155	221.8
1156	482.3
1157	495.1
1158	297.2
1159	141.2
1160	382.5
1161	386.3
1162	408.1
1163	316.3
1164	471.8
1165	209.2
1166	290.1
1167	308.6
1168	403
1169	350.5
1170	523.3
1171	417.1
1172	175.3
1173	419.6
1174	310.4
1175	320.9
1176	97.7
1177	344
1178	413.8
1179	468.4
1180	305.3
1181	405.6
1182	324.1
1183	402.6
1184	255.9
1185	236.8
1186	223.5
1187	464.3
1188	262.9
1189	393.6
1190	512.2
1191	288
1192	274.6
1193	275.8
1194	296.5
1195	499
1196	491.7
1197	379.6
1198	350.9
1199	326.1
1200	24.8
1201	331.1
1202	291.6
1203	393.4
1204	372.3
1205	349.8
1206	425.7
1207	302.5
1208	382.8
1209	413.6
1210	322.8
1211	316.2
1212	310.9
1213	147.7
1214	223.9
1215	339.4
1216	263.5
1217	232.5
1218	401.4
1219	434.9
1220	262.5
1221	312.6
1222	367.3
1223	360.4
1224	295.5
1225	392.2
1226	202.5
1227	378.6
1228	309
1229	505.1
1230	155
1231	410.3
1232	205.3
1233	267.4
1234	313.2
1235	360.9
1236	371.9
1237	275.2
1238	232.6
1239	441.6
1240	307.7
1241	410.5
1242	169.8
1243	449.7
1244	321.4
1245	475.1
1246	223.8
1247	93.6
1248	25.9
1249	529.7
1250	277.9
1251	311
1252	395.5
1253	283.4
1254	396.5
1255	316.7
1256	270.1
1257	479.5
1258	466.6
1259	531.7
1260	313.4
1261	318.4
1262	376.8
1263	567
1264	508.1
1265	505.2
1266	192.2
1267	372.7
1268	243.7
1269	46.1
1270	273.8
1271	567.4
1272	224.3
1273	643.3
1274	236
1275	238.1
1276	296.5
1277	177.8
1278	249.3
1279	62.5
1280	509.3
1281	398.1
1282	468
1283	435.3
1284	37.4
1285	677.2
1286	419
1287	426.3
1288	448.7
1289	143.5
1290	396.9
1291	322.8
1292	367.5
1293	62.6
1294	436.9
1295	248
1296	393.3
1297	63.4
1298	276.3
1299	265.8
1300	502
1301	341.5
1302	432.5
1303	360.4
1304	53.5
1305	474.1
1306	318.8
1307	318.1
1308	381.2
1309	274
1310	275.6
1311	290.2
1312	235
1313	386.5
1314	234.6
1315	396.4
1316	317.5
1317	328.9
1318	291.5
1319	390.3
1320	410.5
1321	352.7
1322	319.8
1323	301.4
1324	447.9
1325	194.8
1326	334.8
1327	336.7
1328	280.1
1329	42.5
1330	362.3
1331	340.4
1332	58.9
1333	113
1334	244.2
1335	336.4
1336	192.2
1337	372.1
1338	389.7
1339	383.5
1340	656
1341	226.5
1342	231.1
1343	287.5
1344	510.9
1345	351.2
1346	362.7
1347	289.3
1348	411.1
1349	420.8
1350	275
1351	438.5
1352	54.3
1353	248.2
1354	340.6
1355	382.5
1356	71.8
1357	188
1358	288.1
1359	560.3
1360	297.9
1361	392.7
1362	229.4
1363	296
1364	260.9
1365	361.1
1366	431.7
1367	418.7
1368	348
1369	327.6
1370	374.2
1371	302
1372	286
1373	230.7
1374	321
1375	230.4
1376	44.2
1377	437.8
1378	503.5
1379	532.7
1380	330.7
1381	326.8
1382	245.5
1383	252.5
1384	361.1
1385	45.9
1386	308
1387	451.8
1388	470.9
1389	408
1390	278.8
1391	535.9
1392	286.5
1393	423.3
1394	290
1395	333.1
1396	277.5
1397	387.3
1398	268.1
1399	215.3
1400	185.3
1401	318.3
1402	294.5
1403	168.6
1404	371
1405	260.6
1406	528.6
1407	238.4
1408	294.8
1409	206.3
1410	290
1411	250.5
1412	259.4
1413	172.8
1414	260.1
1415	267.1
1416	232.1
1417	360.1
1418	184.6
1419	374.2
1420	568.3
1421	450.9
1422	342.8
1423	96.6
1424	344
1425	313.6
1426	261.2
1427	290
1428	401.1
1429	382.2
1430	303.6
1431	151.4
1432	325.2
1433	231.4
1434	283.7
1435	301.6
1436	199.9
1437	392.6
1438	488.4
1439	308.9
1440	246.5
1441	240.2
1442	364.3
1443	175.4
1444	322.7
1445	270
1446	329.7
1447	334.9
1448	262.7
1449	224.4
1450	277.7
1451	427.6
1452	185.5
1453	161.8
1454	65.6
1455	304.1
1456	257
1457	119
1458	307.6
1459	441.1
1460	290.9
1461	215.3
1462	309.9
1463	254.1
1464	252.2
1465	291.2
1466	327.1
1467	340.8
1468	294.5
1469	326.7
1470	169
1471	260.1
1472	415.4
1473	357.3
1474	397.5
1475	329
1476	261.8
1477	318.9
1478	289.3
1479	313.5
1480	276
1481	290.9
1482	207.8
1483	252.6
1484	256.4
1485	75.2
1486	296
1487	215
1488	189.8
1489	344.6
1490	292.5
1491	117.1
1492	266.6
1493	430.9
1494	264.4
1495	357.1
1496	249.8
1497	199.5
1498	286.5
1499	327.2
1500	452.7
1501	286.7
1502	237.9
1503	291.4
1504	435.5
1505	207.9
1506	261.6
1507	211
1508	230.1
1509	106.4
1510	305.8
1511	264.5
1512	218.7
1513	302.8
1514	348
1515	335.4
1516	362.6
1517	536.4
1518	212.9
1519	424.4
1520	278.4
1521	227.6
1522	340.3
1523	330.3
1524	548
1525	452.2
1526	305.1
1527	227.7
1528	283.8
1529	410.5
1530	257.3
1531	323.5
1532	302.7
1533	311.2
1534	226.9
1535	74.8
1536	204.3
1537	282.9
1538	81.2
1539	337.4
1540	543
1541	239.7
1542	534
1543	212.3
1544	197.8
1545	225.3
1546	72.3
1547	207.2
1548	210.4
1549	266.4
1550	302.7
1551	463.7
1552	175.6
1553	216
1554	202.5
1555	251.9
1556	444.7
1557	322.5
1558	225.8
1559	245.6
1560	335.6
1561	171.6
1562	363.8
1563	421.2
1564	182
1565	220.9
1566	398.1
1567	257.3
1568	227.1
1569	253.1
1570	262.8
1571	183.8
1572	214.8
1573	124.9
1574	444.7
1575	280.1
1576	272.8
1577	115.7
1578	224.2
1579	240.6
1580	222.7
1581	422.1
1582	221.3
1583	199.4
1584	86.5
1585	176.7
1586	199.3
1587	389.9
1588	400.2
1589	282.5
1590	160.7
1591	254.1
1592	339.8
1593	470.3
1594	262.7
1595	319.5
1596	234.2
1597	195.2
1598	279.5
1599	309.2
1600	313.3
1601	147.9
1602	123.6
1603	355.7
1604	241.6
1605	438.8
1606	248.6
1607	295.1
1608	327.9
1609	232.8
1610	266
1611	467.4
1612	282
1613	288.5
1614	272.3
1615	375.9
1616	279.9
1617	311.7
1618	297.2
1619	296.8
1620	400.8
1621	280
1622	430.5
1623	198
1624	156.7
1625	250.4
1626	413.7
1627	260.7
1628	281.2
1629	208.7
1630	449.5
1631	170.3
1632	135.9
1633	309.2
1634	169.3
1635	126
1636	253.8
1637	281.2
1638	215.4
1639	231.8
1640	319.2
1641	264.8
1642	177.3
1643	323.2
1644	291.4
1645	229.4
1646	313.5
1647	173.2
1648	230.1
1649	363.6
1650	381.5
1651	448.6
1652	371.7
1653	435.5
1654	361.6
1655	244.3
1656	338.3
1657	200.9
1658	229.3
1659	394.7
1660	260.9
1661	448.1
1662	325.4
1663	289.9
1664	310.8
1665	399.8
1666	346.1
1667	157.9
1668	408.4
1669	177.7
1670	350.9
1671	158
1672	252.3
1673	411.4
1674	237.7
1675	260.2
1676	433.9
1677	300.3
1678	331
1679	103.9
1680	235.6
1681	236.8
1682	333.2
1683	140.1
1684	316.9
1685	133.9
1686	183.6
1687	155.9
1688	294.4
1689	374.5
1690	373.4
1691	319.3
1692	265.3
1693	285.2
1694	243.4
1695	378.2
1696	390
1697	321.8
1698	314.5
1699	502.1
1700	233.4
1701	260.5
1702	251.8
1703	310.1
1704	323.1
1705	414.7
1706	208.9
1707	381.5
1708	365.9
1709	311.2
1710	443.5
1711	436.4
1712	195.1
1713	201.5
1714	143.4
1715	343.3
1716	184
1717	299.2
1718	377.3
1719	208
1720	215.8
1721	247.7
1722	156
1723	235.6
1724	142.2
1725	227
1726	194.7
1727	318.5
1728	174.3
1729	261.6
1730	217.9
1731	486.8
1732	166
1733	349.3
1734	269.4
1735	244.8
1736	464.2
1737	331.9
1738	181.7
1739	201
1740	278.2
1741	269.9
1742	478.8
1743	146
1744	121.6
1745	202.2
1746	296.8
1747	168.1
1748	159.6
1749	226.1
1750	186.3
1751	225.9
1752	167
1753	215.5
1754	188.6
1755	198.8
1756	170.2
1757	304.5
1758	281.7
1759	278.2
1760	232.8
1761	128.7
1762	248.9
1763	208.4
1764	389.7
1765	332.8
1766	134.8
1767	149.9
1768	278.4
1769	182.7
1770	322.4
1771	296.5
1772	274.7
1773	198.2
1774	245.3
1775	149.8
1776	180.6
1777	177
1778	340
1779	387.9
1780	399.1
1781	114.2
1782	148.1
1783	245.2
1784	150.9
1785	253.1
1786	213.6
1787	282.4
1788	270
1789	238.7
1790	310
1791	216.5
1792	316.5
1793	390.2
1794	136
1795	315.9
1796	274.4
1797	253.8
1798	288
1799	225.3
1800	404.7
1801	205.8
1802	231.2
1803	261.7
1804	175.9
1805	261.9
1806	275.3
1807	190.8
1808	185
1809	270
1810	279.1
1811	324.8
1812	144.3
1813	278.2
1814	309.1
1815	244.7
1816	130.6
1817	230.6
1818	201.5
1819	286.4
1820	250.9
1821	272.8
1822	312.4
1823	344.7
1824	152.6
1825	204.2
1826	289.9
1827	265.9
1828	277.3
1829	303
1830	283
1831	333.7
1832	233
1833	240
1834	146.7
1835	316.6
1836	256.9
1837	133.9
1838	194.6
1839	216.1
1840	279.7
1841	213.7
1842	370
1843	279.4
1844	258.5
1845	283
1846	123.3
1847	258.8
1848	323.6
1849	245.3
1850	247.9
1851	363.7
1852	357.7
1853	286.7
1854	317
1855	337.6
1856	209.6
1857	278
1858	344.5
1859	301.1
1860	260.2
1861	278.2
1862	298
1863	158.8
1864	313.7
1865	327.9
1866	315.7
1867	237.6
1868	296.6
1869	362.6
1870	59.6
1871	260.1
1872	257.5
1873	275.7
1874	293
1875	241.6
1876	268.4
1877	275.6
1878	110.4
1879	284.1
1880	339.6
1881	306.4
1882	139.7
1883	294.3
1884	309.8
1885	285.7
1886	194.6
1887	212.2
1888	258
1889	312.3
1890	320.5
1891	50.6
1892	286.6
1893	241.9
1894	314.7
1895	263.9
1896	283.5
1897	306.2
1898	275.3
1899	264.3
1900	293.8
1901	252
1902	191.1
1903	216.5
1904	344.6
1905	235.1
1906	126.1
1907	96.5
1908	119.2
1909	45.6
1910	43.7
1911	245.5
1912	255.3
1913	201.5
1914	253.5
1915	180.3
1916	226.1
1917	186.1
1918	124.1
1919	139.4
1920	201.4
1921	240.9
1922	189.7
1923	214.6
1924	204.5
1925	308.8
1926	220
1927	144.1
1928	232.7
1929	47.1
1930	341.7
1931	68
1932	143.8
1933	245.3
1934	196
1935	298.5
1936	245.6
1937	300.4
1938	274.1
1939	155.6
1940	306
1941	307.7
1942	122.6
1943	291.5
1944	222.9
1945	56.1
1946	253.9
1947	212.4
1948	44.3
1949	221.5
1950	112.7
1951	347.7
1952	64.6
1953	59.3
1954	247.6
1955	144.6
1956	294.5
1957	183.7
1958	216.5
1959	106.9
1960	261.4
1961	124
1962	207.2
1963	294
1964	332.9
1965	283.6
1966	75.4
1967	43.9
1968	225.4
1969	298.9
1970	276.6
1971	344.5
1972	226.5
1973	256.3
1974	295.5
1975	63.7
1976	127.1
1977	56.1
1978	330.9
1979	116.1
1980	273.2
1981	285.9
1982	116.5
1983	391.1
1984	312.7
1985	59.9
1986	203.9
1987	270.1
1988	45.4
1989	60.4
1990	94.1
1991	218.9
1992	400.6
1993	76.4
1994	212.3
1995	286.3
1996	240.6
1997	169.4
1998	215.4
1999	346.7
2000	88.1
2001	241.7
2002	116.9
2003	81.3
2004	168.6
2005	258.2
2006	75
2007	383.9
2008	50
2009	302.7
2010	129.2
2011	126.4
2012	214.5
2013	170.4
2014	106.4
2015	184.8
2016	219.3
2017	360.6
2018	98.2
2019	218.4
2020	197.5
2021	79.5
2022	85.9
2023	58.1
2024	97.2
2025	170.7
2026	190.7
2027	60.6
2028	273.5
2029	290.7
2030	372.3
2031	150.1
2032	89.7
2033	262.1
2034	362.1
2035	55.1
2036	97.4
2037	331.8
2038	118.7
2039	188.2
2040	264.2
2041	93.4
2042	74.4
2043	272.3
2044	235.7
2045	306.1
2046	296.8
2047	57
2048	316
2049	281.3
2050	170.2
2051	116.8
2052	230.5
2053	105.4
2054	76.5
2055	126.9
2056	349.2
2057	79.5
2058	95.2
2059	262.7
2060	83.7
2061	99.1
2062	216.8
2063	235.4
2064	111.5
2065	218.7
2066	269.2
2067	124
2068	249
2069	402.4
2070	152.8
2071	81.1
2072	302.1
2073	146.2
2074	189
2075	347.1
2076	139
2077	192.1
2078	121
2079	287.9
2080	146.8
2081	149.9
2082	220.6
2083	135.2
2084	140.4
2085	362.6
2086	124.8
2087	172.6
2088	282.4
2089	98.1
2090	211.9
2091	94.8
2092	127
2093	188
2094	245.8
2095	125
2096	203
2097	87.2
2098	197.3
2099	219.2
2100	287.9
2101	323.6
2102	168.2
2103	231.3
2104	170.4
2105	216.2
2106	230
2107	267.9
2108	165.2
2109	320.8
2110	307.6
2111	121.3
2112	134
2113	124.7
2114	129.5
2115	161.7
2116	224.3
2117	157
2118	136.5
2119	111.6
2120	284.9
2121	87.8
2122	226.7
2123	275.4
2124	241.8
2125	117.9
2126	285.1
2127	79.7
2128	208
2129	165.4
2130	267.2
2131	212.6
2132	263.6
2133	243.4
2134	260.7
2135	188.2
2136	347.3
2137	113.1
2138	119.6
2139	207.6
2140	200.8
2141	268.2
2142	118.5
2143	118.9
2144	279.1
2145	198.5
2146	132.3
2147	111.2
2148	265.1
2149	271.7
2150	175.5
2151	196.9
2152	183
2153	510.4
2154	267.3
2155	154.4
2156	159
2157	145.4
2158	137.7
2159	88.2
2160	571.4
2161	174.4
2162	340.1
2163	191
2164	197.9
2165	152.1
2166	141.6
2167	154.4
2168	303.2
2169	244.8
2170	147.2
2171	310.1
2172	160.4
2173	243.2
2174	124.8
2175	138.3
2176	200
2177	436.6
2178	165.5
2179	185
2180	137.4
2181	456.1
2182	285.2
2183	162.3
2184	160.1
2185	171.6
2186	157
2187	99.7
2188	90.6
2189	183.2
2190	149.2
2191	210.7
2192	108.2
2193	158.9
2194	290.6
2195	133.3
2196	148.7
2197	296.7
2198	101.7
2199	497
2200	153.7
2201	122.5
2202	149.3
2203	251.4
2204	75.7
2205	246.8
2206	105.2
2207	141.9
2208	136.5
2209	213.7
2210	347.2
2211	202.9
2212	135.6
2213	227.1
2214	149
2215	113
2216	136.2
2217	177.3
2218	152.5
2219	305.2
2220	133.3
2221	91.7
2222	385
2223	104
2224	171.5
2225	100.4
2226	153.9
2227	334.8
2228	142.1
2229	161.2
2230	136.5
2231	102.5
2232	136.8
2233	185.1
2234	251.7
2235	124.6
2236	176.2
2237	206.5
2238	207.6
2239	99.3
2240	156.7
2241	103.5
2242	218.5
2243	199.9
2244	129.2
2245	293.5
2246	104.2
2247	293.4
2248	411
2249	125.6
2250	90.7
2251	116.9
2252	256
2253	222.3
2254	87.4
2255	243.8
2256	198.6
2257	158.5
2258	127.5
2259	318.7
2260	179
2261	173.2
2262	154.2
2263	397
2264	374.5
2265	280.2
2266	112.9
2267	141
2268	212.7
2269	126.7
2270	255.7
2271	208.4
2272	78.9
2273	156.4
2274	322.9
2275	171.1
2276	183.5
2277	127.3
2278	188.5
2279	191.9
2280	199.9
2281	268
2282	471.1
2283	191.4
2284	200.8
2285	301.8
2286	267.4
2287	117.9
2288	274
2289	101.2
2290	104.6
2291	192.6
2292	333.6
2293	132.2
2294	190.5
2295	205
2296	325.6
2297	471.1
2298	210.2
2299	130.5
2300	214
2301	239.3
2302	324.3
2303	199.1
2304	214.9
2305	297
2306	226.8
2307	266.5
2308	176.9
2309	246.7
2310	451
2311	387.7
2312	272.4
2313	289.1
2314	169.7
2315	459
2316	140.1
2317	387.1
2318	164.4
2319	236.5
2320	320.2
2321	258.2
2322	196.8
2323	169.1
2324	390
2325	251.2
2326	230.9
2327	241.7
2328	319.2
2329	281.4
2330	487
2331	372.8
2332	124.9
2333	297.8
2334	186.2
2335	491.8
2336	162.2
2337	319.6
2338	138.7
2339	139.9
2340	356.4
2341	192.3
2342	394.2
2343	82.7
2344	293
2345	193.1
2346	168.3
2347	203.9
2348	304.8
2349	220.9
2350	337.6
2351	174.3
2352	300.5
2353	242.5
2354	336.2
2355	337
2356	340.7
2357	333.7
2358	140.2
2359	352.5
2360	239.4
2361	171.2
2362	193.8
2363	383.8
2364	224.8
2365	290.1
2366	390.1
2367	356.5
2368	330.8
2369	61.3
2370	423.9
2371	377.3
2372	266.8
2373	139.5
2374	141.5
2375	414.8
2376	445.1
2377	171.6
2378	148
2379	363.6
2380	272.2
2381	247.5
2382	370.3
2383	496.5
2384	377.7
2385	101.8
2386	294.9
2387	280.3
2388	296.6
2389	345.8
2390	193.8
2391	334.9
2392	370.3
2393	478.9
2394	350.1
2395	117.4
2396	322.3
2397	380.5
2398	121.8
2399	199.8
2400	370.6
2401	233.3
2402	338.1
2403	312.3
2404	136.9
2405	383.5
2406	275.4
2407	428.4
2408	220.9
2409	203.8
2410	286.1
2411	281.2
2412	245.4
2413	293.1
2414	164.5
2415	340.5
2416	241.2
2417	292.9
2418	206.4
2419	277.5
2420	263.3
2421	637.1
2422	246.8
2423	224.4
2424	362.2
2425	117.7
2426	413.5
2427	245.7
2428	344.5
2429	449.6
2430	262.4
2431	350.1
2432	320.7
2433	340.8
2434	131.2
2435	304.9
2436	340.1
2437	86.4
2438	238.5
2439	301
2440	339.2
2441	540.3
2442	206
2443	286.9
2444	310.4
2445	279.3
2446	106.7
2447	290.7
2448	402
2449	353.8
2450	448
2451	299.7
2452	336.5
2453	435.5
2454	439.6
2455	330.8
2456	339.9
2457	275.9
2458	294
2459	277.8
2460	79.1
2461	385.4
2462	223.5
2463	91.1
2464	419.8
2465	545.7
2466	401.2
2467	255.7
2468	198.8
2469	246
2470	398.5
2471	263.9
2472	251.4
2473	105.4
2474	240.6
2475	299.8
2476	409.7
2477	307.2
2478	312.9
2479	331.3
2480	236.4
2481	133.5
2482	55.3
2483	370.3
2484	279
2485	244.4
2486	340.7
2487	530.8
2488	261.9
2489	349.7
2490	345.7
2491	76
2492	286.8
2493	329.1
2494	244.3
2495	314.5
2496	71.8
2497	275.7
2498	213.2
2499	58.9
2500	289.7
2501	216
2502	192
2503	277.4
2504	193.7
2505	202.2
2506	320
2507	573.4
2508	244.4
2509	392
2510	250.9
2511	287.8
2512	224.4
2513	235.3
2514	205.9
2515	193.5
2516	305.6
2517	111.4
2518	136.1
2519	280.4
2520	301.4
2521	188.2
2522	361.3
2523	90.4
2524	477.2
2525	154.1
2526	221.7
2527	187
2528	274.2
2529	294.7
2530	262.3
2531	269.7
2532	297
2533	315.4
2534	179.1
2535	165.8
2536	344.4
2537	163.2
2538	239.8
2539	457.5
2540	396.1
2541	454.1
2542	233
2543	286.3
2544	225.4
2545	302.1
2546	245
2547	239
2548	347.3
2549	215.5
2550	413.4
2551	149.8
2552	476
2553	265.5
2554	286.6
2555	380.8
2556	252.7
2557	378.9
2558	305.4
2559	173.1
2560	292.7
2561	265.5
2562	494.1
2563	273.8
2564	289.2
2565	420.5
2566	108.5
2567	262.8
2568	362.3
2569	286.1
2570	151.3
2571	148.2
2572	321.9
2573	209.4
2574	304.2
2575	254.8
2576	276
2577	283
2578	280.6
2579	275.4
2580	384.8
2581	353.2
2582	476.8
2583	446.4
2584	406.1
2585	167.2
2586	424.1
2587	311.3
2588	234.7
2589	213.3
2590	314.3
2591	303.4
2592	274.3
2593	190.2
2594	162.2
2595	443.6
2596	276.3
2597	295
2598	507
2599	301.7
2600	277.2
2601	291.7
2602	447.1
2603	223.9
2604	607.4
2605	319.7
2606	316.5
2607	261.7
2608	202.8
2609	467.4
2610	206.5
2611	377.4
2612	247.6
2613	310.4
2614	545
2615	186.4
2616	336.5
2617	379.2
2618	263.7
2619	412.8
2620	655.5
2621	124.8
2622	327.2
2623	252.4
2624	228
2625	596.1
2626	105.9
2627	321.7
2628	212.6
2629	464.9
2630	216.5
2631	240.3
2632	140.5
2633	316.1
2634	314.5
2635	290.4
2636	407.1
2637	472.4
2638	364.2
2639	287.2
2640	283.2
2641	379.3
2642	149.2
2643	677.8
2644	234.7
2645	701
2646	278.2
2647	141.1
2648	284
2649	272.4
2650	263.3
2651	495.3
2652	211.1
2653	287.8
2654	197.7
2655	252.2
2656	366.4
2657	130.7
2658	365.3
2659	504.1
2660	459.9
2661	422.8
2662	553
2663	252.1
2664	287.5
2665	314.7
2666	375.7
2667	132.1
2668	392
2669	266.3
2670	535.4
2671	334.2
2672	336.3
2673	136.7
2674	132.2
2675	224.3
2676	91.2
2677	652.3
2678	515.6
2679	318.4
2680	365.1
2681	344
2682	398.5
2683	296.9
2684	174
2685	233.5
2686	412.8
2687	296.3
2688	256.6
2689	303.5
2690	286.4
2691	359.4
2692	63.7
2693	370.6
2694	411.3
2695	344.6
2696	219.9
2697	366
2698	501.4
2699	162.5
2700	263.9
2701	108.2
2702	288.7
2703	221.2
2704	142.9
2705	391.4
2706	375.3
2707	108.9
2708	265.4
2709	320.6
2710	336.2
2711	355
2712	273.4
2713	208.6
2714	299.6
2715	219.7
2716	326
2717	254.8
2718	153.8
2719	472.2
2720	354.5
2721	208.2
2722	322.9
2723	324.6
2724	142
2725	282.3
2726	201.2
2727	345.2
2728	166.1
2729	212.5
2730	346.5
2731	279.4
2732	345.3
2733	397.9
2734	315.8
2735	226.5
2736	71.5
2737	213.4
2738	226.1
2739	213.2
2740	312.4
2741	224.9
2742	253.5
2743	208.8
2744	189.3
2745	200.5
2746	95.2
2747	188.6
2748	257.8
2749	155.5
2750	480.9
2751	511
2752	180.7
2753	182.7
2754	458.6
2755	237.4
2756	189
2757	201.1
2758	442.2
2759	190.2
2760	207.6
2761	180.6
2762	210.6
2763	131.7
2764	295.4
2765	317.4
2766	470.3
2767	103
2768	223.1
2769	204.1
2770	197.6
2771	319.4
2772	264.2
2773	127.7
2774	741.9
2775	419.3
2776	266.4
2777	479
2778	424.4
2779	218.5
2780	69.9
2781	145.1
2782	296.5
2783	275.6
2784	346.2
2785	156.9
2786	170.5
2787	261.7
2788	202.4
2789	360.3
2790	212.5
2791	413
2792	393.9
2793	457.2
2794	293
2795	174.9
2796	248.2
2797	786.8
2798	391.1
2799	154.6
2800	408
2801	329.7
2802	395.1
2803	144.1
2804	115.4
2805	416.2
2806	191
2807	560.1
2808	399.9
2809	308.4
2810	78.9
2811	409.4
2812	198.6
2813	287
2814	275.6
2815	470.7
2816	160.5
2817	229.4
2818	443.7
2819	384.8
2820	307.8
2821	372.1
2822	269.9
2823	245.9
2824	99.9
2825	195.3
2826	133
2827	75.4
2828	197.9
2829	173.2
2830	369.2
2831	374.8
2832	314.8
2833	123
2834	425.3
2835	305.6
2836	370.4
2837	227.5
2838	338.5
2839	324.2
2840	357
2841	347.2
2842	328.6
2843	250.2
2844	144.2
2845	101.3
2846	94.4
2847	507.4
2848	464.3
2849	325.9
2850	438.1
2851	300.8
2852	213.2
2853	250.8
2854	434
2855	316.9
2856	247
2857	232.8
2858	305.2
2859	220.4
2860	177.4
2861	265.1
2862	203.5
2863	156.4
2864	195.3
2865	372
2866	522.9
2867	203.3
2868	175.1
2869	237.9
2870	197.1
2871	423.3
2872	439.9
2873	422.4
2874	130.3
2875	266.6
2876	120.2
2877	213.2
2878	381.5
2879	134.2
2880	291.6
2881	248.3
2882	449.7
2883	199.6
2884	268.9
2885	139.4
2886	314.3
2887	159.3
2888	137.1
2889	170.5
2890	184.8
2891	363.8
2892	393.4
2893	306.2
2894	304
2895	409.7
2896	139.9
2897	436.5
2898	190.4
2899	377.1
2900	250.1
2901	152
2902	155.4
2903	376.9
2904	124.7
2905	266.3
2906	448
2907	194.5
2908	161.9
2909	593.1
2910	219.7
2911	347.2
2912	174.2
2913	564.4
2914	490.8
2915	123.7
2916	434.4
2917	223.1
2918	416.2
2919	181.9
2920	140
2921	348.3
2922	210.8
2923	243.6
2924	310.2
2925	356.4
2926	250.1
2927	157.3
2928	307.1
2929	224.4
2930	395.8
2931	275
2932	397.2
2933	257
2934	144.3
2935	163.3
2936	165.4
2937	194.5
2938	114.9
2939	180.4
2940	131.2
2941	185.2
2942	140.7
2943	799.7
2944	119.4
2945	210.1
2946	267.7
2947	436.2
2948	189.1
2949	184.1
2950	284.9
2951	536.2
2952	209.3
2953	796.7
2954	315.7
2955	665.8
2956	417.1
2957	276.7
2958	221.8
2959	190.4
2960	246.7
2961	165.4
2962	163.8
2963	272.5
2964	713.7
2965	240.6
2966	574.3
2967	562.6
2968	213.7
2969	135.1
2970	106.8
2971	253.9
2972	274.6
2973	103
2974	226.3
2975	250.8
2976	383.2
2977	306.9
2978	280.1
2979	229.4
2980	241.3
2981	258.4
2982	555.4
2983	184.2
2984	172.7
2985	234.8
2986	223.6
2987	205.5
2988	207.8
2989	106.3
2990	277
2991	313.6
2992	292.3
2993	211.2
2994	232.7
2995	207.2
2996	531.2
2997	350.9
2998	228.7
2999	447.8
3000	203.5
3001	160.8
3002	219.7
3003	192.6
3004	307.8
3005	212.5
3006	264.5
3007	257.2
3008	251.5
3009	312.9
3010	67.6
3011	166.1
3012	384.5
3013	188.1
3014	215.9
3015	249
3016	225.1
3017	213.5
3018	210.7
3019	232.9
3020	247
3021	346.3
3022	149.3
3023	251.4
3024	230.5
3025	207.9
3026	160
3027	229.9
3028	248.3
3029	310.9
3030	97.3
3031	242.9
3032	301.2
3033	203.6
3034	334.2
3035	259.2
3036	84.4
3037	260.6
3038	187.5
3039	287.9
3040	313
3041	330.5
3042	404.1
3043	395.5
3044	326.4
3045	296.9
3046	157.1
3047	169
3048	359.8
3049	243.5
3050	157.6
3051	443
3052	304.7
3053	268.2
3054	279.8
3055	366.5
3056	423.7
3057	159.4
3058	479.7
3059	421.2
3060	124.3
3061	153.1
3062	233.8
3063	179.7
3064	271.9
3065	151.1
3066	451.1
3067	131.1
3068	418.5
3069	150.6
3070	346.3
3071	241.5
3072	400
3073	91
3074	288.2
3075	185.2
3076	306.6
3077	518.1
3078	324.3
3079	318.8
3080	376.7
3081	161.7
3082	136.5
3083	198.1
3084	124.6
3085	286.2
3086	435.5
3087	228.1
3088	521.9
3089	224.8
3090	487.6
3091	191.1
3092	123.5
3093	290.8
3094	115.2
3095	102.6
3096	525.9
3097	106.5
3098	218.4
3099	159.5
3100	415.6
3101	74.6
3102	223
3103	401.5
3104	368.4
3105	112
3106	346.4
3107	335.8
3108	107.8
3109	208.7
3110	133.2
3111	382.3
3112	77.3
3113	455
3114	214.7
3115	146
3116	218.2
3117	186.9
3118	538.9
3119	477.3
3120	49
3121	342.4
3122	112.9
3123	351.4
3124	105.6
3125	216.2
3126	104
3127	76.1
3128	144.8
3129	127
3130	116.9
3131	477
3132	373.7
3133	355.2
3134	386.3
3135	98.3
3136	397.3
3137	115.5
3138	128.2
3139	702.3
3140	377
3141	119.7
3142	445.5
3143	355
3144	167.8
3145	77.2
3146	125.3
3147	115.9
3148	177
3149	95.7
3150	68.4
3151	444.6
3152	718.8
3153	390.9
3154	357.1
3155	134.9
3156	268.5
3157	261
3158	66.7
3159	318.5
3160	62.4
3161	424.1
3162	674.2
3163	138.7
3164	113.9
3165	115.4
3166	768.7
3167	109.2
3168	582.8
3169	109.4
3170	395.6
3171	149.8
3172	483.6
3173	137.5
3174	108.6
3175	394.5
3176	115.4
3177	213.2
3178	254
3179	96.9
3180	115.7
3181	85.8
3182	396.7
3183	390
3184	583.1
3185	467.3
3186	305.3
3187	289.2
3188	125.6
3189	219.2
3190	172.1
3191	164.4
3192	168.6
3193	181.1
3194	408.6
3195	800.2
3196	89.1
3197	103.1
3198	99.6
3199	472.2
3200	97.1
3201	151
3202	721.2
3203	396.8
3204	89.2
3205	544.8
3206	165.2
3207	267.9
3208	154
3209	94.1
3210	494.9
3211	615.8
3212	547
3213	101.4
3214	111.7
3215	112.3
3216	190.3
3217	314.7
3218	496.3
3219	483.1
3220	112.2
3221	201.8
3222	466.5
3223	153.2
3224	780.7
3225	167.3
3226	824.6
3227	259.7
3228	121
3229	135
3230	103
3231	177.6
3232	260.4
3233	182.7
3234	739.7
3235	830.6
3236	464.1
3237	126.8
3238	497.5
3239	109.9
3240	153.3
3241	273.6
3242	231.2
3243	458.4
3244	160.4
3245	214
3246	343.2
3247	88.7
3248	170
3249	264.9
3250	142.2
3251	379.4
3252	489.9
3253	162.1
3254	441.6
3255	146.6
3256	411.3
3257	491.2
3258	217.1
3259	314.2
3260	334.1
3261	101.3
3262	372
3263	196.1
3264	155.4
3265	213.2
3266	182.5
3267	314.9
3268	376.5
3269	540.6
3270	185.9
3271	167.2
3272	411.8
3273	127.2
3274	515.5
3275	195.2
3276	128.3
3277	173.4
3278	429
3279	230.5
3280	242.8
3281	365.3
3282	198.6
3283	225.7
3284	171.2
3285	154.1
3286	418.6
3287	386.7
3288	135.9
3289	215.2
3290	536.2
3291	371.3
3292	333.6
3293	126.4
3294	116.1
3295	319.3
3296	250.4
3297	132.6
3298	214.2
3299	130.4
3300	225.3
3301	141.2
3302	305.9
3303	430.4
3304	138.8
3305	235.8
3306	197.8
3307	430.8
3308	336.9
3309	154.4
3310	120.9
3311	382.5
3312	123.8
3313	151.1
3314	182.5
3315	260.6
3316	207.6
3317	245
3318	116.3
3319	165.6
3320	131
3321	179.6
3322	202.1
3323	99.5
3324	217.1
3325	152.3
3326	161.2
3327	164
3328	373.1
3329	117.7
3330	156.8
3331	359
3332	269.6
3333	140.4
3334	255.2
3335	225.8
3336	163.2
3337	140.6
3338	138.8
3339	206.3
3340	261.2
3341	219.4
3342	160.9
3343	346.7
3344	153.6
3345	168.3
3346	135.3
3347	161.6
3348	152.2
3349	162.5
3350	141.8
3351	159.6
3352	138.7
3353	124
3354	185.4
3355	144.6
3356	150.2
3357	167.1
3358	177.9
3359	130.4
3360	153.7
3361	145.5
3362	156.9
3363	141.9
3364	99.1
3365	199
3366	129.9
3367	162.6
3368	305.8
3369	146.7
3370	104.6
3371	147.7
3372	195.8
3373	142.1
3374	146.8
3375	191.9
3376	188
3377	167.3
3378	186.9
3379	184.5
3380	190.4
3381	159.7
3382	197
3383	188.5
3384	189.5
3385	178.9
3386	163.4
3387	217.1
3388	189.4
3389	193
3390	192.9
3391	222.9
3392	236.8
3393	236.4
3394	242.4
3395	162.9
3396	176.8
3397	203.1
3398	160.3
3399	114.3
3400	319.9
3401	194.7
3402	195.6
3403	205.3
3404	322.1
3405	311.3
3406	484.5
3407	131.6
3408	322
3409	227.6
3410	56.2
3411	44.4
3412	277.8
3413	318
3414	329.9
3415	261.8
3416	489.1
3417	358.9
3418	420.6
3419	248.2
3420	355
3421	359.4
3422	355.3
3423	180.1
3424	328.8
3425	326.9
3426	218.3
3427	420.7
3428	39.1
3429	562.7
3430	69.1
3431	246.1
3432	423.9
3433	287.2
3434	384.1
3435	306.6
3436	250.6
3437	220.4
3438	273.3
3439	253.5
3440	222.5
3441	263.5
3442	251.6
3443	177.5
3444	161.6
3445	204.9
3446	277.8
3447	250.5
3448	314.3
3449	184.3
3450	194.3
3451	259
3452	239.7
3453	276.7
3454	204.3
3455	163.7
3456	366.4
3457	186.4
3458	217.1
3459	285.2
3460	286.7
3461	302.6
3462	157.3
3463	269.9
3464	319.4
3465	351.4
3466	171.9
3467	217.1
3468	297.9
3469	158.1
3470	288.2
3471	222.3
3472	102.4
3473	148.3
3474	319.4
3475	220.8
3476	267.5
3477	264
3478	347.4
3479	130
3480	267.8
3481	228.1
3482	50.7
3483	133.3
3484	275.4
3485	118.9
3486	246.5
3487	87.3
3488	48.7
3489	219.5
3490	159.9
3491	335.8
3492	167.3
3493	135.1
3494	261.1
3495	379
3496	96.8
3497	187.7
3498	148.3
3499	304.7
3500	175.6
3501	177
3502	163.8
3503	86.1
3504	210.8
3505	172.5
3506	277.3
3507	216.7
3508	260.4
3509	182.4
3510	180.4
3511	286.3
3512	245.8
3513	165.9
3514	217.3
3515	373.3
3516	284.5
3517	264
3518	267.8
3519	303.4
3520	266.6
3521	340.8
3522	417.2
3523	333.9
3524	251.6
3525	259
3526	148.1
3527	209.6
3528	310.3
3529	268.4
3530	287.9
3531	453.6
3532	226.7
3533	395.8
3534	455
3535	386.1
3536	349.5
3537	121.6
3538	330.3
3539	270.1
3540	619.6
3541	264.8
3542	420.1
3543	222.8
3544	222.7
3545	737
3546	358.8
3547	171.6
3548	461.2
3549	234.2
3550	251.4
3551	219.6
3552	239.7
3553	239.8
3554	210.7
3555	464.8
3556	221.5
3557	88.5
3558	666.1
3559	72.8
3560	291.3
3561	233.8
3562	177.7
3563	360.5
3564	202
3565	249.7
3566	205.5
3567	265.9
3568	423.1
3569	336.8
3570	364.9
3571	350.3
3572	164
3573	353.5
3574	210.5
3575	231.4
3576	642
3577	458.8
3578	414.1
3579	197.4
3580	200.9
3581	183
3582	516.1
3583	149.4
3584	955.4
3585	177.2
3586	649.3
3587	234
3588	192.9
3589	279.5
3590	122.3
3591	216.2
3592	114.7
3593	150.2
3594	208.9
