"COMID"	"Value"
1	0.4
2	0.1
3	0.3
4	0
5	0.7
6	0.1
7	3.2
8	0.3
9	0.2
10	0.1
11	0.1
12	0.2
13	0
14	0.1
15	0.3
16	0.1
17	1.6
18	1
19	3.1
20	0.4
21	0.5
22	0.2
23	0.2
24	0.3
25	0.2
26	0
27	0.2
28	0.6
29	0.1
30	0.1
31	0.3
32	0.8
33	0
34	0.3
35	0.4
36	0.4
37	0.2
38	0
39	0.2
40	0.9
41	0.1
42	0.9
43	1.7
44	0.9
45	0.1
46	0
47	0.1
48	0
49	0
50	0
51	0.1
52	0
53	0.5
54	0.2
55	0.3
56	0.3
57	1.6
58	0.2
59	0.4
60	0.1
61	0.5
62	0.4
63	2
64	0
65	0.4
66	0.4
67	0.3
68	0.1
69	0.3
70	0
71	0
72	0.6
73	0.1
74	1
75	0
76	0.1
77	0.3
78	0.4
79	0.5
80	0.2
81	0.1
82	0
83	0.2
84	0.1
85	0.8
86	0.4
87	0.2
88	0.2
89	0
90	0.1
91	0
92	0.1
93	0.4
94	0.2
95	2.9
96	0
97	0.5
98	0
99	0
100	0.1
101	0.8
102	0.5
103	0
104	0.1
105	0
106	0.6
107	0
108	0
109	0.1
110	0.1
111	0
112	1.1
113	0
114	1.1
115	0.5
116	0.5
117	0.9
118	0.4
119	0
120	0.3
121	0
122	0.1
123	0
124	0
125	0.5
126	0.3
127	0.2
128	0.8
129	0.1
130	0.1
131	0.1
132	0
133	1.1
134	0
135	0.1
136	0.7
137	1
138	0.1
139	0.1
140	0
141	0.2
142	0.1
143	0.1
144	0
145	0.2
146	0.8
147	1.1
148	1.3
149	0.3
150	1.2
151	0.2
152	0.1
153	0.1
154	0
155	0
156	0
157	1.4
158	0.1
159	0.1
160	0.1
161	0
162	0.3
163	0
164	0.2
165	0
166	0.2
167	1.2
168	0
169	1
170	0.5
171	0.7
172	0.2
173	0
174	0.1
175	0
176	1.9
177	0.1
178	0.1
179	0.5
180	0.1
181	0
182	0.1
183	0
184	0.1
185	0.3
186	0
187	0.7
188	0.1
189	0.1
190	0.5
191	0
192	0
193	0.1
194	2.2
195	0.1
196	0.1
197	0
198	0
199	0.3
200	0.1
201	0
202	0.3
203	0.2
204	0.1
205	0.2
206	0.1
207	0
208	1.1
209	0.4
210	0.3
211	0.4
212	1.6
213	0.4
214	0.4
215	0.7
216	0.2
217	0
218	0.3
219	0.1
220	0.2
221	0
222	0.7
223	1.7
224	0
225	0.9
226	0.8
227	0
228	0.3
229	0.2
230	0.4
231	0.1
232	0.1
233	1
234	0
235	0
236	0.3
237	0
238	0.3
239	1.3
240	0.8
241	0.3
242	0
243	0
244	1.8
245	0.1
246	1.3
247	0.3
248	0.3
249	0
250	1.9
251	0.7
252	0.7
253	0.1
254	0.2
255	0.2
256	0
257	0.3
258	0
259	0.2
260	0.2
261	0
262	0.3
263	0.1
264	0.1
265	0.1
266	0
267	1.4
268	0.1
269	1.6
270	0.1
271	0.5
272	0.1
273	0.9
274	0.1
275	0.2
276	0
277	0.1
278	0.1
279	0.1
280	0.2
281	0.2
282	0.8
283	0
284	0
285	0
286	0.2
287	0.4
288	0
289	0.1
290	0
291	0
292	0
293	0.4
294	0.1
295	0
296	0
297	0.1
298	0.1
299	0.4
300	0
301	0.2
302	0.3
303	0.2
304	0
305	0.1
306	0
307	0
308	0.8
309	0
310	0.1
311	0.2
312	0.1
313	0.1
314	0
315	0.1
316	0
317	0.3
318	0
319	0
320	0.2
321	0
322	0.1
323	0.3
324	0.1
325	0
326	0
327	0.1
328	0.2
329	0.1
330	0.1
331	0.3
332	0
333	0.2
334	0.1
335	0.2
336	0.2
337	0
338	0.1
339	0.1
340	0.1
341	0
342	0.4
343	0.2
344	0
345	0.2
346	0
347	0.2
348	0.2
349	0.1
350	0.2
351	0.3
352	0.1
353	0.4
354	0.2
355	0
356	0
357	0
358	0.1
359	0
360	0.5
361	0
362	0.5
363	0.8
364	0.4
365	0.1
366	0.1
367	0.9
368	0.1
369	0.1
370	0.4
371	0
372	0.1
373	0
374	1
375	0
376	3.4
377	0.8
378	0.1
379	0.7
380	0.5
381	0.2
382	0.3
383	0.3
384	0
385	0.1
386	0.3
387	0.2
388	0
389	0
390	0.9
391	0.2
392	0.3
393	0.1
394	0.2
395	0.2
396	0.1
397	0.1
398	0.3
399	0
400	0.2
401	0.5
402	0.2
403	0
404	0.4
405	0.6
406	0.5
407	0
408	0.1
409	0.4
410	2.2
411	0.3
412	0.3
413	0.8
414	0.2
415	0.2
416	0
417	0.1
418	0
419	0.2
420	0
421	0
422	0.2
423	1.1
424	0.2
425	1.6
426	0
427	2.1
428	0.5
429	0.6
430	5.3
431	0
432	0
433	1.7
434	0
435	0
436	0.6
437	0
438	6.4
439	0.1
440	1.4
441	3.4
442	0.2
443	0.8
444	0
445	15.5
446	0.2
447	13.8
448	9.7
449	0
450	0.2
451	0
452	2.3
453	0
454	0.1
455	0
456	0.4
457	4.3
458	1
459	0.4
460	0.4
461	0.1
462	11.2
463	0
464	0
465	0.7
466	0.1
467	1.6
468	0.3
469	0.7
470	0.3
471	0.2
472	0.9
473	0.4
474	0.1
475	0
476	0
477	7.5
478	0
479	0.7
480	2.2
481	0
482	0
483	3.3
484	0.2
485	0.5
486	0.2
487	0.2
488	0.4
489	0.3
490	0.5
491	0.5
492	0.8
493	0.2
494	0.3
495	0
496	0.5
497	0.3
498	0.4
499	0.6
500	0
501	0.5
502	0.1
503	0.1
504	0.3
505	0.2
506	0
507	0.8
508	0.1
509	0
510	0.8
511	0.2
512	0
513	0.9
514	0
515	0.9
516	0.3
517	2.6
518	0.4
519	0.4
520	0.3
521	0.1
522	0.3
523	0.5
524	3.7
525	0.1
526	0
527	0.2
528	0.1
529	0.5
530	5.8
531	2.5
532	4.9
533	0.1
534	0
535	9.4
536	1
537	0.5
538	0.4
539	0
540	0.1
541	0.9
542	2.4
543	0.1
544	0.6
545	0.6
546	1.8
547	4.9
548	0.6
549	0.5
550	0.1
551	0.5
552	5.2
553	0.6
554	0.3
555	0.1
556	4.8
557	0.3
558	0.2
559	0.1
560	0.6
561	0.9
562	1.3
563	0.2
564	0
565	0.3
566	0.9
567	0.1
568	1.1
569	0.1
570	0.2
571	0.7
572	0.3
573	0
574	4.1
575	0.1
576	0
577	0.2
578	0.2
579	0.6
580	1
581	0.2
582	1.9
583	0.2
584	0.4
585	0
586	3
587	1.7
588	0.3
589	5.3
590	0.2
591	1.1
592	0.9
593	0.7
594	0
595	0.6
596	0.2
597	0.2
598	0
599	1.6
600	0
601	0
602	0.2
603	2.1
604	0.3
605	0.1
606	0.2
607	0.2
608	0
609	0
610	0.4
611	0
612	0
613	0.2
614	4.4
615	0
616	0
617	5.1
618	1.3
619	0.1
620	0
621	0
622	4.1
623	4.1
624	3.6
625	0.2
626	0
627	0.5
628	0
629	0.6
630	1.7
631	0.3
632	2.4
633	2.2
634	0.2
635	0.4
636	0.2
637	0.3
638	0.1
639	0.7
640	0
641	0.4
642	0.1
643	1.5
644	0
645	2.4
646	0.6
647	0.4
648	4.7
649	2.1
650	0.3
651	2.1
652	0
653	0.2
654	0.3
655	0.2
656	0
657	2.1
658	0
659	1.2
660	0
661	0
662	0.9
663	1.1
664	0.4
665	0.1
666	0.6
667	0
668	11.5
669	0.2
670	0.5
671	0.4
672	0.4
673	0.7
674	0
675	0.9
676	0.5
677	0.6
678	0.1
679	0.1
680	0.1
681	0.3
682	3.6
683	5.3
684	0.9
685	0.4
686	0.6
687	0.2
688	0.9
689	0.2
690	0.3
691	0
692	0.1
693	0
694	0
695	0
696	1.1
697	0.1
698	0.6
699	1.7
700	0.5
701	0
702	0.5
703	0.5
704	1.5
705	1.6
706	0.1
707	1.2
708	0.7
709	2
710	0.2
711	0.1
712	0
713	0.7
714	0.1
715	0.1
716	0.1
717	1.9
718	0.5
719	0.4
720	0.5
721	0.5
722	1
723	0.3
724	1.7
725	0.2
726	0.2
727	0
728	2.3
729	0
730	0.8
731	0
732	0
733	0
734	0.3
735	0
736	0.1
737	1
738	0.8
739	0.9
740	1.7
741	1.8
742	5.1
743	0.7
744	0.3
745	0.2
746	0.2
747	0.7
748	0.2
749	0.2
750	0.2
751	0.4
752	0.5
753	0.4
754	0.2
755	0.3
756	0
757	1.9
758	0
759	0.5
760	0.2
761	0.3
762	1.2
763	0.3
764	1
765	0.1
766	0.7
767	0.2
768	3.9
769	0.2
770	3.9
771	0
772	0
773	0.3
774	0.1
775	0
776	0.1
777	0.6
778	0.1
779	0.2
780	0.1
781	0.2
782	81.9
783	67.7
784	86.1
785	92.3
786	57.4
787	95.2
788	63.1
789	70.7
790	83.8
791	56
792	69.5
793	61.6
794	94.7
795	93.1
796	66.3
797	101.6
798	55.8
799	74.1
800	87.3
801	77.3
802	96.9
803	84.7
804	52.8
805	67
806	84
807	41.9
808	92.4
809	79.3
810	103.7
811	50.9
812	78.7
813	82.7
814	69.3
815	70.2
816	52.5
817	40.7
818	68.2
819	90.6
820	57.3
821	67
822	52.9
823	60.4
824	67.9
825	59.1
826	69.3
827	68.2
828	54.3
829	61
830	52.7
831	62.3
832	63.4
833	64.7
834	64.3
835	58.3
836	59
837	40.3
838	71.3
839	80.7
840	66.7
841	66.8
842	113.7
843	20.5
844	64.2
845	64.2
846	93.4
847	71.5
848	75.2
849	118.3
850	50.3
851	44.7
852	55.2
853	64
854	52.4
855	70.5
856	77.6
857	62.1
858	61.7
859	72.1
860	93.5
861	50.2
862	9.3
863	68.2
864	66.7
865	50.7
866	100.2
867	42.2
868	74.4
869	66.7
870	30.5
871	85
872	85.3
873	13.4
874	84.6
875	66.9
876	85.3
877	72.2
878	66.8
879	71.5
880	88.4
881	77.8
882	66.8
883	45.4
884	70.6
885	81.9
886	6.5
887	83.6
888	107.3
889	93.2
890	117.1
891	98.7
892	82.4
893	124.6
894	6.7
895	70.5
896	77.8
897	93.7
898	94.9
899	125
900	123.2
901	80.6
902	91.6
903	80.8
904	77.9
905	82.4
906	85.7
907	68.5
908	103.5
909	92.6
910	7.1
911	81.1
912	93.2
913	78.3
914	119.4
915	5.3
916	71.9
917	65.5
918	90.2
919	92.5
920	87.6
921	50
922	106.4
923	23.9
924	83.2
925	74.2
926	97.3
927	67.4
928	102.9
929	100.4
930	121.8
931	74.8
932	90.5
933	103.9
934	7.6
935	91.9
936	92.3
937	89.3
938	80.7
939	71.6
940	109.5
941	78.7
942	93.8
943	3.9
944	89.5
945	92.7
946	95.9
947	8.1
948	69.4
949	106.5
950	84.2
951	102.2
952	107.5
953	78.5
954	112.4
955	124.3
956	78.1
957	116.4
958	84.8
959	141.2
960	122.5
961	123.7
962	89.4
963	89.8
964	2.9
965	92.7
966	111.5
967	9.5
968	165.4
969	131
970	36.9
971	68.3
972	90.1
973	107.1
974	140.2
975	87.7
976	60.5
977	52.1
978	80.9
979	111
980	68.8
981	86.9
982	118.7
983	68.2
984	63.1
985	55
986	44.8
987	109
988	42.8
989	106.7
990	29.3
991	89.9
992	56.1
993	43.5
994	100.8
995	84.3
996	89.8
997	41.5
998	124
999	100.3
1000	5.6
1001	127.9
1002	64.3
1003	25.9
1004	105.5
1005	95.8
1006	132.8
1007	10.5
1008	103.9
1009	48.1
1010	157.2
1011	77.1
1012	102.1
1013	97.2
1014	70.3
1015	113.7
1016	13.4
1017	44
1018	111.9
1019	104.2
1020	144.8
1021	88.4
1022	133
1023	186
1024	82.8
1025	119.1
1026	134.6
1027	89.3
1028	109.3
1029	75
1030	83.9
1031	10.6
1032	16.8
1033	63
1034	117.9
1035	65
1036	85.1
1037	132.2
1038	118.8
1039	126.9
1040	79.7
1041	123.7
1042	99.6
1043	10.6
1044	104.2
1045	122.3
1046	100.7
1047	100.3
1048	91.1
1049	102.3
1050	12
1051	86.1
1052	121.1
1053	66.5
1054	147.6
1055	139.4
1056	125.6
1057	81.2
1058	139.6
1059	69.5
1060	131.3
1061	6.8
1062	141.8
1063	97
1064	81.3
1065	130.2
1066	87.4
1067	49.6
1068	87.8
1069	52.9
1070	94.3
1071	118.5
1072	47.8
1073	68.4
1074	120.6
1075	44.2
1076	116.8
1077	57
1078	152
1079	161.4
1080	91.9
1081	72
1082	83.3
1083	52.7
1084	157.1
1085	116.8
1086	108
1087	9.3
1088	66.9
1089	123
1090	119.2
1091	112.6
1092	84.7
1093	113.3
1094	107
1095	69.2
1096	84.4
1097	111.2
1098	99.4
1099	49
1100	4.5
1101	105.4
1102	123.3
1103	72.5
1104	113.3
1105	139.6
1106	132.3
1107	73.7
1108	69
1109	127.2
1110	80.6
1111	72.3
1112	89.3
1113	99
1114	149.9
1115	168.4
1116	125.2
1117	89.9
1118	163
1119	111
1120	66.3
1121	86
1122	94.1
1123	117.6
1124	110.1
1125	123.8
1126	96.9
1127	127.5
1128	100.6
1129	96
1130	91
1131	79.8
1132	101
1133	87.3
1134	105.9
1135	122.5
1136	80.8
1137	101.6
1138	98
1139	117.1
1140	103.6
1141	68.3
1142	85.6
1143	87.9
1144	133.9
1145	144.9
1146	69.6
1147	94.4
1148	95.7
1149	80.3
1150	111.4
1151	115.3
1152	84.9
1153	66.5
1154	7
1155	140.3
1156	89.8
1157	116.3
1158	172.7
1159	55.9
1160	60.4
1161	89.3
1162	148.1
1163	114.2
1164	126.9
1165	142.9
1166	76.9
1167	92.8
1168	88.6
1169	70.5
1170	118.3
1171	108.7
1172	67.3
1173	108.6
1174	66.9
1175	111.8
1176	41.7
1177	137.7
1178	90.9
1179	136.4
1180	146.1
1181	106.6
1182	111.4
1183	94
1184	131.4
1185	68.2
1186	46.3
1187	85.3
1188	73.7
1189	106.9
1190	92.9
1191	69.4
1192	80.1
1193	69.7
1194	93
1195	159.4
1196	88.4
1197	103.8
1198	84.8
1199	95.2
1200	10.2
1201	70.4
1202	128.5
1203	123.4
1204	79.4
1205	125.2
1206	78.9
1207	107.1
1208	79.9
1209	88.6
1210	82.2
1211	88.2
1212	125.4
1213	60.9
1214	56.9
1215	97.7
1216	70.2
1217	114.6
1218	69.2
1219	67.1
1220	96
1221	87.5
1222	111.3
1223	100.6
1224	74.5
1225	162.4
1226	52.8
1227	77.7
1228	111.9
1229	110
1230	70.2
1231	116
1232	112.8
1233	84.4
1234	110
1235	99.1
1236	62.2
1237	84.5
1238	96.7
1239	155.3
1240	64.1
1241	83.1
1242	127.2
1243	82.8
1244	49.1
1245	120.8
1246	76.9
1247	54
1248	14.4
1249	140.9
1250	49.8
1251	87.9
1252	93.8
1253	89.8
1254	114
1255	74.4
1256	56.5
1257	133.1
1258	121.5
1259	149.4
1260	80.4
1261	57.7
1262	104.3
1263	89.1
1264	87.1
1265	120.6
1266	63.7
1267	66.9
1268	132
1269	8.2
1270	73.6
1271	78.9
1272	62.2
1273	137.6
1274	81.4
1275	59
1276	48.5
1277	111.9
1278	84.7
1279	6.3
1280	155.2
1281	127.1
1282	113.2
1283	120.1
1284	15.7
1285	111.2
1286	126.2
1287	89.9
1288	85.8
1289	124.2
1290	74.3
1291	103.7
1292	62.5
1293	5
1294	93.9
1295	124.7
1296	117.4
1297	11.4
1298	61.9
1299	63.3
1300	143.7
1301	153.1
1302	74.9
1303	83.4
1304	24.8
1305	115
1306	80.8
1307	114.4
1308	69.1
1309	78.8
1310	71.1
1311	63.6
1312	76.1
1313	113.8
1314	129.6
1315	157.2
1316	77
1317	59.1
1318	79.3
1319	116.9
1320	131
1321	80.7
1322	100.2
1323	90.6
1324	71.3
1325	86
1326	100.9
1327	81.4
1328	67.8
1329	22.6
1330	102.1
1331	68.4
1332	3
1333	54.6
1334	91.1
1335	174.2
1336	117.1
1337	83.8
1338	114.8
1339	47.5
1340	80.5
1341	92.6
1342	79.2
1343	114.1
1344	172.3
1345	51.9
1346	133.5
1347	77.1
1348	83.6
1349	81.3
1350	104.3
1351	105.5
1352	13.2
1353	88.4
1354	82.1
1355	135.3
1356	6.2
1357	64
1358	128.3
1359	107.7
1360	74.7
1361	59.3
1362	64.5
1363	132.9
1364	283.6
1365	88.4
1366	106.7
1367	166.5
1368	84.5
1369	59.3
1370	144.9
1371	58.4
1372	54.4
1373	58.2
1374	235.4
1375	104.3
1376	23.9
1377	77.9
1378	93
1379	100.4
1380	75
1381	163.8
1382	102.5
1383	89.4
1384	59.3
1385	14.3
1386	81.3
1387	116
1388	78.2
1389	61.8
1390	100.2
1391	99.9
1392	90.8
1393	94.7
1394	139.7
1395	95.7
1396	142.8
1397	102.3
1398	138.1
1399	123.1
1400	62.2
1401	59.6
1402	64
1403	90.5
1404	82.9
1405	206.6
1406	111.4
1407	128.7
1408	48.5
1409	98
1410	53.8
1411	68.2
1412	182.6
1413	89.3
1414	76.8
1415	167.1
1416	83.7
1417	53.3
1418	102.1
1419	63.7
1420	74
1421	84.7
1422	170.1
1423	51
1424	87.5
1425	61.1
1426	75.9
1427	71.3
1428	78.5
1429	78.6
1430	135.4
1431	82
1432	59.2
1433	87.5
1434	103.6
1435	135.7
1436	114.1
1437	90.4
1438	77.9
1439	63.6
1440	67.5
1441	68.4
1442	90.3
1443	78.9
1444	87.1
1445	142.5
1446	115
1447	155.5
1448	92.4
1449	105.8
1450	107.1
1451	79.3
1452	105.4
1453	73.1
1454	45.2
1455	155.9
1456	112.2
1457	76.4
1458	58
1459	71.9
1460	67.9
1461	58.9
1462	63.7
1463	85
1464	78.9
1465	75.9
1466	108.7
1467	64
1468	58.4
1469	65
1470	83.2
1471	73.7
1472	72.4
1473	95.7
1474	173.5
1475	110.8
1476	56.6
1477	113
1478	72.1
1479	73.1
1480	61.7
1481	87.5
1482	78.4
1483	74.5
1484	119.4
1485	27.6
1486	61.4
1487	81
1488	80.3
1489	88.5
1490	133.3
1491	55.8
1492	107.5
1493	97
1494	106.7
1495	65.6
1496	84.6
1497	61.8
1498	69.6
1499	86.8
1500	150.5
1501	112.8
1502	98
1503	125
1504	69.7
1505	76
1506	74.2
1507	77.3
1508	116.2
1509	24.5
1510	126.6
1511	142.1
1512	66.8
1513	72.9
1514	96.6
1515	74.6
1516	70
1517	89.7
1518	92
1519	74.5
1520	155.8
1521	66.3
1522	63
1523	67.8
1524	63.2
1525	90.3
1526	77.8
1527	101.9
1528	64.3
1529	73.3
1530	85
1531	116.4
1532	143.7
1533	142.2
1534	76.8
1535	7.3
1536	71.1
1537	52.9
1538	16.5
1539	127.3
1540	87.6
1541	42.8
1542	71.5
1543	80.3
1544	81
1545	60.9
1546	12.6
1547	48.7
1548	47.2
1549	35.8
1550	39.6
1551	67.9
1552	73.9
1553	68.1
1554	36.7
1555	69.1
1556	71
1557	140.7
1558	67.6
1559	92.1
1560	172.8
1561	81
1562	116.1
1563	153.8
1564	54.3
1565	47.6
1566	151.2
1567	35.7
1568	87.5
1569	58.2
1570	107.2
1571	39.3
1572	69
1573	88.6
1574	113.6
1575	52.3
1576	107.2
1577	99.5
1578	40
1579	44.3
1580	101.2
1581	121.1
1582	94.6
1583	89.4
1584	12.2
1585	72.3
1586	91.7
1587	89.9
1588	115.3
1589	105
1590	74.8
1591	36.2
1592	137.6
1593	135.2
1594	90.4
1595	95.2
1596	55.7
1597	31.4
1598	123.5
1599	78.1
1600	77.5
1601	25.9
1602	73.3
1603	82.1
1604	53
1605	130
1606	50.4
1607	53.2
1608	82.7
1609	39.5
1610	76.3
1611	124.7
1612	125.7
1613	70.4
1614	97.6
1615	118.9
1616	52.1
1617	60.5
1618	39.1
1619	126.8
1620	101.6
1621	108.1
1622	66.7
1623	30.2
1624	99.6
1625	41.6
1626	84.1
1627	82.8
1628	42.8
1629	36.7
1630	118.5
1631	34.6
1632	98.4
1633	60.8
1634	87.9
1635	89.6
1636	64.6
1637	80.2
1638	38.8
1639	63.3
1640	66.6
1641	31.9
1642	97.1
1643	40.8
1644	157.1
1645	88.1
1646	47.7
1647	33.9
1648	124.3
1649	139.3
1650	45.4
1651	124
1652	32.9
1653	57.2
1654	75.4
1655	98.3
1656	131.3
1657	87
1658	78.1
1659	39.1
1660	27
1661	115.2
1662	76
1663	44.5
1664	114.1
1665	48.8
1666	98.9
1667	105.4
1668	33.5
1669	86.2
1670	96
1671	99.3
1672	60.6
1673	124.1
1674	64.1
1675	35.2
1676	228.2
1677	111.6
1678	43.3
1679	99.6
1680	74.9
1681	96.1
1682	43
1683	98.6
1684	37
1685	84.8
1686	27.8
1687	104.1
1688	32.6
1689	253.1
1690	123.2
1691	92.6
1692	84.5
1693	72.1
1694	77
1695	128.8
1696	58.1
1697	68.9
1698	48.4
1699	181.8
1700	30.1
1701	110.8
1702	74.3
1703	97.2
1704	78.5
1705	134.1
1706	53.7
1707	45.5
1708	43.9
1709	30.6
1710	238.7
1711	133
1712	66.1
1713	129
1714	88
1715	147.9
1716	64.8
1717	57.3
1718	95.9
1719	20.7
1720	53.1
1721	99.5
1722	76.1
1723	94.5
1724	66.1
1725	61
1726	74.2
1727	64
1728	66.9
1729	94
1730	127.5
1731	213.8
1732	81.7
1733	35.9
1734	107.3
1735	157.5
1736	34.2
1737	23.5
1738	65.6
1739	69.4
1740	74
1741	70.9
1742	161.5
1743	38.1
1744	81.6
1745	93.1
1746	51.6
1747	59.6
1748	75.8
1749	22.9
1750	15.2
1751	52.7
1752	63.6
1753	70.8
1754	56.6
1755	57.3
1756	66.2
1757	85.4
1758	63.4
1759	45.2
1760	56.7
1761	60.7
1762	23.4
1763	90
1764	56.2
1765	123.1
1766	81.7
1767	67.7
1768	64.9
1769	67.2
1770	95.2
1771	22.4
1772	64.3
1773	78.2
1774	68.4
1775	10.9
1776	57.4
1777	73
1778	152.3
1779	140.6
1780	53.9
1781	50
1782	67.3
1783	68.5
1784	58.9
1785	126
1786	75
1787	102.7
1788	78.7
1789	34.1
1790	78.9
1791	19.4
1792	49.6
1793	50.7
1794	12.6
1795	112.1
1796	153.7
1797	57.5
1798	31.2
1799	76.5
1800	30.8
1801	86.4
1802	53.7
1803	70.8
1804	40.3
1805	121.8
1806	76.8
1807	63.1
1808	37.1
1809	160.9
1810	78.7
1811	45.7
1812	96.7
1813	72.5
1814	64.2
1815	46.8
1816	53.9
1817	45.7
1818	49.9
1819	76.3
1820	99.7
1821	34.5
1822	153.5
1823	48.7
1824	70
1825	91.5
1826	36.4
1827	47.7
1828	51.8
1829	69.2
1830	69.4
1831	79.8
1832	61.5
1833	111.4
1834	81.6
1835	82.3
1836	78.3
1837	8
1838	54.6
1839	81.3
1840	24.7
1841	74.4
1842	89.8
1843	103.2
1844	47.3
1845	80.4
1846	8.4
1847	83.7
1848	77.5
1849	76.6
1850	68.6
1851	78.9
1852	52
1853	61.2
1854	132.5
1855	61.9
1856	70.8
1857	71.8
1858	63.5
1859	42.4
1860	25.3
1861	68.7
1862	86.7
1863	78
1864	83.8
1865	29.9
1866	93.4
1867	84.9
1868	125
1869	40.1
1870	15.7
1871	84.5
1872	72.2
1873	90
1874	88.8
1875	74.8
1876	33.3
1877	68
1878	99.1
1879	93.5
1880	80.2
1881	40.7
1882	101.6
1883	94.4
1884	81.8
1885	64.2
1886	35
1887	75.3
1888	36.8
1889	63.6
1890	76.9
1891	16.2
1892	58.5
1893	78.1
1894	69.3
1895	49.7
1896	92.5
1897	97.4
1898	74.6
1899	61.5
1900	64
1901	80.9
1902	78.7
1903	56.5
1904	87.2
1905	63.1
1906	77.6
1907	9.5
1908	27.4
1909	11.3
1910	14.9
1911	52.2
1912	87
1913	50.5
1914	45.1
1915	36.6
1916	88.8
1917	77.2
1918	23.2
1919	56
1920	80.1
1921	59.1
1922	34.2
1923	60.4
1924	66.8
1925	74.5
1926	83.4
1927	90.7
1928	65.3
1929	10.6
1930	37.6
1931	7.2
1932	28.4
1933	86.5
1934	46.6
1935	63.1
1936	67.2
1937	51.9
1938	49.2
1939	80.9
1940	27.3
1941	65.3
1942	29.3
1943	63.2
1944	60.3
1945	7.9
1946	33.5
1947	44.8
1948	9.7
1949	59.9
1950	4
1951	34.7
1952	14.6
1953	12.4
1954	59.6
1955	60.9
1956	49.6
1957	112.6
1958	70.1
1959	41.5
1960	63.4
1961	39
1962	53.6
1963	35.7
1964	37.9
1965	50.7
1966	0.5
1967	12.1
1968	78.5
1969	31.4
1970	72.9
1971	42.5
1972	42.5
1973	31.6
1974	54.6
1975	16
1976	37.4
1977	16.2
1978	65.7
1979	5
1980	39
1981	61.2
1982	2.3
1983	26
1984	28.2
1985	20.3
1986	65.4
1987	67.4
1988	25.5
1989	5.4
1990	1.8
1991	39.3
1992	23
1993	30.6
1994	119.1
1995	66.4
1996	25.1
1997	45.4
1998	130
1999	29.9
2000	16.2
2001	58.4
2002	36.1
2003	37.4
2004	27
2005	31.5
2006	31.4
2007	23.6
2008	10.4
2009	31.9
2010	38.6
2011	3.8
2012	38.2
2013	67.4
2014	2.1
2015	35.1
2016	38.4
2017	34.2
2018	20.5
2019	29.7
2020	35.4
2021	21.2
2022	21.8
2023	20.5
2024	2.1
2025	155.8
2026	35
2027	21.4
2028	49.3
2029	63.7
2030	28.6
2031	38.7
2032	41.8
2033	33.2
2034	34.4
2035	19.2
2036	1.9
2037	79.9
2038	3.4
2039	27.8
2040	40.2
2041	9.7
2042	20.1
2043	59.6
2044	41.1
2045	33
2046	34.5
2047	17.7
2048	32
2049	32.1
2050	81.7
2051	13
2052	36.8
2053	17.8
2054	19.2
2055	62.4
2056	53.4
2057	21.6
2058	9.2
2059	27.5
2060	17.2
2061	45.4
2062	153.7
2063	24.3
2064	15.6
2065	26.2
2066	21
2067	26
2068	23.6
2069	60.1
2070	34.9
2071	15.9
2072	39.2
2073	39.4
2074	46.7
2075	45.1
2076	3
2077	24.5
2078	61.4
2079	48.9
2080	23.8
2081	70.5
2082	50.3
2083	12.1
2084	44
2085	36.2
2086	37.2
2087	23.4
2088	115.3
2089	45.5
2090	85.3
2091	44.1
2092	45.6
2093	58.3
2094	22.3
2095	16
2096	65.4
2097	14.7
2098	39.4
2099	117.5
2100	50
2101	30.3
2102	51.2
2103	42.5
2104	30.8
2105	67.4
2106	20
2107	18.8
2108	56.7
2109	26.1
2110	21.3
2111	33.9
2112	15.4
2113	52.8
2114	22.2
2115	60.1
2116	60.2
2117	62.6
2118	73.8
2119	46.6
2120	82.3
2121	11.7
2122	49.2
2123	19
2124	78.8
2125	50.5
2126	28.5
2127	9.6
2128	25.5
2129	26
2130	21.8
2131	58.9
2132	57.6
2133	48.2
2134	32.3
2135	40.6
2136	88.3
2137	11.5
2138	45
2139	47.7
2140	27.2
2141	78
2142	22.3
2143	34.6
2144	24.5
2145	59.8
2146	12.4
2147	18.8
2148	21.3
2149	31.6
2150	39.1
2151	43.2
2152	42.4
2153	111.4
2154	36.3
2155	29.3
2156	38.6
2157	32.6
2158	16.6
2159	13.5
2160	126.1
2161	32.8
2162	29.1
2163	52.5
2164	45.1
2165	17
2166	33
2167	30.7
2168	31.2
2169	25.5
2170	29
2171	34.6
2172	33.5
2173	53.9
2174	51.5
2175	8.9
2176	40.3
2177	105.3
2178	26.9
2179	51.9
2180	13.8
2181	123
2182	41.6
2183	52.4
2184	40.4
2185	48.1
2186	3.5
2187	9.8
2188	31.3
2189	34.2
2190	15.7
2191	42.9
2192	32.5
2193	36.4
2194	77.2
2195	11.6
2196	50.9
2197	77.1
2198	30.8
2199	99
2200	41.6
2201	5.3
2202	6.3
2203	34.3
2204	28.3
2205	40.6
2206	15.5
2207	6.9
2208	5.7
2209	37.8
2210	73.1
2211	54.4
2212	21.5
2213	53.5
2214	38.9
2215	17.7
2216	6
2217	39.6
2218	36.6
2219	47.5
2220	3.8
2221	20.4
2222	85.3
2223	28.5
2224	50.1
2225	20.8
2226	4.6
2227	49.8
2228	39.7
2229	40.8
2230	14.2
2231	15.5
2232	25
2233	39
2234	29
2235	22.5
2236	30
2237	30.3
2238	24.9
2239	6.9
2240	40.5
2241	19.3
2242	38.1
2243	33.9
2244	41.5
2245	28.5
2246	16.2
2247	22.5
2248	55.6
2249	20.1
2250	19.7
2251	3.5
2252	50.1
2253	39.8
2254	5.1
2255	25.9
2256	22.1
2257	6.9
2258	14.9
2259	45.8
2260	27.9
2261	30
2262	28.3
2263	38.5
2264	30.9
2265	45.3
2266	30.3
2267	24.6
2268	26.8
2269	6
2270	40
2271	10.2
2272	25
2273	9.7
2274	34.5
2275	38.8
2276	15.6
2277	27.3
2278	42.1
2279	64.4
2280	43.3
2281	54
2282	45.5
2283	18.5
2284	45.4
2285	54.6
2286	31.5
2287	7.3
2288	9.2
2289	37.5
2290	38.2
2291	33.1
2292	56.1
2293	3.1
2294	7.1
2295	51.5
2296	41.4
2297	41.8
2298	91.5
2299	6.5
2300	90.7
2301	44.4
2302	68.7
2303	43.5
2304	62.1
2305	62.2
2306	46.3
2307	47.1
2308	68.9
2309	17.9
2310	42
2311	57
2312	54
2313	99.4
2314	61.1
2315	51.8
2316	91.2
2317	46.3
2318	85.9
2319	77.2
2320	68.3
2321	10.7
2322	62.3
2323	104.7
2324	46.8
2325	60.1
2326	23.4
2327	89.5
2328	27.8
2329	79.1
2330	77.9
2331	73.1
2332	3.5
2333	78.3
2334	15.3
2335	69.2
2336	40.5
2337	99.7
2338	11.1
2339	2.9
2340	57.7
2341	47.3
2342	103.7
2343	9.6
2344	89.3
2345	8
2346	31.5
2347	114.1
2348	56.9
2349	88.8
2350	51
2351	13.6
2352	80.8
2353	43.8
2354	71.9
2355	62.8
2356	84
2357	98.3
2358	1.7
2359	79.4
2360	36.9
2361	26.2
2362	5.8
2363	66.5
2364	18
2365	72
2366	113.7
2367	88.2
2368	110.8
2369	7.9
2370	90.1
2371	46.8
2372	33.9
2373	30.1
2374	2.2
2375	48.7
2376	127.3
2377	45.3
2378	25.7
2379	60.3
2380	121.8
2381	58.1
2382	65.1
2383	131.7
2384	77.7
2385	6.5
2386	63.4
2387	70.9
2388	32.1
2389	89.3
2390	18
2391	36.9
2392	96.8
2393	108
2394	121.7
2395	6.4
2396	67.2
2397	81.7
2398	8.6
2399	23.2
2400	80.8
2401	56.5
2402	105.8
2403	45.6
2404	4
2405	36.4
2406	40.5
2407	199.7
2408	30.9
2409	30.4
2410	28.5
2411	23.9
2412	26.3
2413	80.7
2414	2.9
2415	25.4
2416	48.1
2417	36.9
2418	61.9
2419	42.7
2420	133.1
2421	217.9
2422	35.1
2423	32.1
2424	30.1
2425	5.2
2426	206.6
2427	60.3
2428	70.1
2429	162.4
2430	127
2431	31.2
2432	66.4
2433	133.5
2434	2.1
2435	70.6
2436	50.7
2437	2.5
2438	17.3
2439	40.5
2440	33.5
2441	240.5
2442	31.5
2443	30.6
2444	133.9
2445	16.1
2446	3.3
2447	32.9
2448	128.9
2449	134.6
2450	139.2
2451	15.2
2452	17.2
2453	116.5
2454	101.6
2455	57.5
2456	43.6
2457	75.4
2458	36
2459	35
2460	1.8
2461	65.2
2462	23.9
2463	2.3
2464	104.2
2465	214.8
2466	103
2467	37.4
2468	20.5
2469	26.1
2470	83.4
2471	43.9
2472	25.2
2473	1.7
2474	34.5
2475	40.2
2476	148.5
2477	28.9
2478	17.5
2479	95.3
2480	38.7
2481	16.8
2482	3.2
2483	116.1
2484	83.9
2485	24.7
2486	21.6
2487	79.4
2488	50.7
2489	66.2
2490	90.2
2491	2.1
2492	90.6
2493	109.7
2494	17.3
2495	16.2
2496	3.7
2497	29.7
2498	21.5
2499	3.9
2500	104.6
2501	15.1
2502	15.5
2503	21.5
2504	24.3
2505	82.5
2506	28.3
2507	79.5
2508	37.7
2509	110.1
2510	47.3
2511	63.3
2512	55.7
2513	47.6
2514	14.4
2515	15.7
2516	76.1
2517	1.7
2518	11.5
2519	19.6
2520	91.8
2521	17.2
2522	79.5
2523	4
2524	100.8
2525	7.5
2526	14.8
2527	14.3
2528	16.6
2529	19.2
2530	50.1
2531	34.8
2532	35
2533	76
2534	11.5
2535	15.9
2536	72.3
2537	16.9
2538	36.7
2539	95.2
2540	45.2
2541	96.2
2542	52.2
2543	20.4
2544	10.9
2545	41.9
2546	36.5
2547	19
2548	44.6
2549	20.7
2550	92.9
2551	3.9
2552	75.5
2553	19.4
2554	89
2555	20.1
2556	24.8
2557	23.1
2558	19.4
2559	40.8
2560	41.7
2561	24.8
2562	69.7
2563	44.9
2564	69.7
2565	46.3
2566	4.8
2567	16.5
2568	59
2569	17.7
2570	10.8
2571	4.6
2572	61.2
2573	6.1
2574	31.8
2575	10.3
2576	21.9
2577	33.8
2578	34.4
2579	13.2
2580	45.3
2581	43
2582	66.8
2583	39
2584	78.3
2585	11.9
2586	77.6
2587	20.7
2588	19.3
2589	37.8
2590	14.4
2591	30.2
2592	26.7
2593	17.5
2594	10
2595	67.6
2596	20.7
2597	31
2598	47.9
2599	33.5
2600	13.5
2601	34.2
2602	30.3
2603	30.1
2604	47.9
2605	23.2
2606	21.8
2607	17
2608	37.1
2609	42
2610	8.8
2611	37.6
2612	20.6
2613	20.1
2614	37.6
2615	7.8
2616	51.9
2617	28.5
2618	33
2619	48.9
2620	47.2
2621	9.2
2622	33.1
2623	14.4
2624	35.1
2625	49.3
2626	7.6
2627	29.3
2628	7.2
2629	75.3
2630	27.4
2631	36.3
2632	8.5
2633	31.7
2634	32.7
2635	26.1
2636	40.1
2637	30.4
2638	12.7
2639	20.7
2640	24.5
2641	14.4
2642	8.9
2643	58.7
2644	28.5
2645	51.9
2646	30.6
2647	9.7
2648	37.8
2649	33.1
2650	12.2
2651	31.1
2652	33.2
2653	26.5
2654	22.5
2655	30.7
2656	40.2
2657	8.1
2658	26.2
2659	29.5
2660	19.7
2661	24.3
2662	35.4
2663	25.7
2664	27.8
2665	29
2666	15.8
2667	7.3
2668	25.1
2669	15.1
2670	28.9
2671	29.7
2672	32.6
2673	6.1
2674	9.7
2675	21.8
2676	8.4
2677	30.9
2678	40.3
2679	15.5
2680	28
2681	40.7
2682	25
2683	15.9
2684	17.1
2685	26.2
2686	52.7
2687	27
2688	16.2
2689	39.3
2690	17.4
2691	28.7
2692	6.3
2693	13.1
2694	23.7
2695	50.4
2696	14.2
2697	40
2698	27.5
2699	8
2700	18
2701	6.8
2702	13.4
2703	14.8
2704	3
2705	27
2706	22.7
2707	8.9
2708	10.4
2709	14.3
2710	9.8
2711	29.4
2712	16.6
2713	18.1
2714	21.2
2715	21.9
2716	10.6
2717	22
2718	19.1
2719	24.3
2720	19.4
2721	13.5
2722	39.7
2723	29.2
2724	3.1
2725	10
2726	14.4
2727	43.4
2728	17.9
2729	30.7
2730	37.8
2731	17.3
2732	26.4
2733	17.8
2734	34.5
2735	30
2736	6.1
2737	12.5
2738	7.9
2739	17.2
2740	22.6
2741	11
2742	24.2
2743	12.5
2744	30.6
2745	7.6
2746	5.4
2747	20.3
2748	41.8
2749	37.4
2750	18.1
2751	11.1
2752	29
2753	32
2754	13.9
2755	13.3
2756	13.9
2757	46
2758	22.8
2759	12.7
2760	13.2
2761	25.5
2762	22.8
2763	3.9
2764	51.9
2765	20.3
2766	31.7
2767	4.1
2768	13.9
2769	12.5
2770	28.5
2771	15.2
2772	17.6
2773	1.8
2774	14.8
2775	29.6
2776	43.6
2777	28
2778	41.9
2779	35.1
2780	1.7
2781	56.5
2782	2.3
2783	33.1
2784	27.2
2785	4
2786	1.4
2787	11.1
2788	15.1
2789	42.4
2790	39.9
2791	19.9
2792	43.1
2793	18.5
2794	29.2
2795	10.6
2796	11.8
2797	32.6
2798	36
2799	54.8
2800	29
2801	54.4
2802	16.5
2803	13.8
2804	0.4
2805	34.2
2806	36.2
2807	14.5
2808	22.3
2809	37.6
2810	2.7
2811	46.6
2812	12.7
2813	18.4
2814	36.2
2815	45.5
2816	11.2
2817	21.6
2818	12.5
2819	42.9
2820	49.9
2821	33.4
2822	21
2823	23.5
2824	6
2825	13.6
2826	4.6
2827	1
2828	12.4
2829	2.8
2830	33.8
2831	55.8
2832	57
2833	13
2834	11
2835	16.6
2836	28.1
2837	48.5
2838	13.3
2839	42
2840	61.1
2841	45
2842	12.2
2843	15
2844	1.1
2845	12.3
2846	3.5
2847	40.3
2848	31.6
2849	44.2
2850	38.6
2851	10.6
2852	51.2
2853	20.2
2854	56.6
2855	19.2
2856	19.9
2857	47.3
2858	18.1
2859	17.4
2860	12.8
2861	29.4
2862	11.6
2863	7.5
2864	14.8
2865	26.1
2866	39.2
2867	20.2
2868	7.2
2869	22.2
2870	17.1
2871	39.1
2872	37.1
2873	44.7
2874	2.2
2875	50.2
2876	1.3
2877	21.8
2878	19.1
2879	2.8
2880	39.1
2881	35
2882	31.2
2883	21.8
2884	29.5
2885	12.7
2886	18.1
2887	13.1
2888	1.7
2889	5.3
2890	4.7
2891	27.6
2892	39.9
2893	25.2
2894	30.6
2895	53.1
2896	1.8
2897	39.4
2898	21.1
2899	31.7
2900	50.1
2901	7.1
2902	36.5
2903	65.4
2904	2.7
2905	24.9
2906	51.3
2907	8.8
2908	24.3
2909	57.5
2910	13
2911	49.8
2912	30
2913	47.5
2914	36.8
2915	10.1
2916	66.6
2917	3.4
2918	34.2
2919	7.4
2920	11
2921	40
2922	13.9
2923	25.1
2924	12.3
2925	36.5
2926	9.8
2927	2.4
2928	38.4
2929	6.7
2930	49.5
2931	33.9
2932	51.8
2933	35.8
2934	4
2935	32
2936	5.9
2937	33.3
2938	4.1
2939	39.4
2940	4.3
2941	39.4
2942	3.3
2943	59.2
2944	4.4
2945	44.2
2946	45.9
2947	15
2948	43.2
2949	40.4
2950	25.9
2951	37.4
2952	37
2953	54.2
2954	38.6
2955	51.8
2956	35.3
2957	8.3
2958	38.6
2959	5
2960	36.2
2961	37.7
2962	52.6
2963	19.5
2964	44.1
2965	31.6
2966	20.5
2967	56
2968	33.2
2969	3.9
2970	2.9
2971	32.2
2972	30.8
2973	3
2974	48.5
2975	67.9
2976	28.8
2977	7.9
2978	20.9
2979	50.6
2980	43
2981	44.6
2982	32.5
2983	29.5
2984	40.9
2985	32.7
2986	72.2
2987	61
2988	30.6
2989	3.1
2990	37.8
2991	84.9
2992	21.4
2993	41.3
2994	97.3
2995	31.8
2996	30.6
2997	29.5
2998	30.4
2999	36.5
3000	43.2
3001	4.6
3002	66.4
3003	45.4
3004	24.4
3005	10.1
3006	58.1
3007	35
3008	100.9
3009	37.9
3010	2.8
3011	47.5
3012	13
3013	54.9
3014	35.5
3015	21.1
3016	78.4
3017	90.3
3018	41.6
3019	13.3
3020	27.8
3021	21.1
3022	2.7
3023	17.6
3024	109.2
3025	41.1
3026	58.9
3027	47.1
3028	61.7
3029	72.7
3030	1.9
3031	15.2
3032	18.4
3033	17.3
3034	19.7
3035	52.5
3036	2.1
3037	18.2
3038	20.5
3039	46.7
3040	66.4
3041	73.2
3042	51.6
3043	96.1
3044	36
3045	84.1
3046	10.2
3047	15.9
3048	130.6
3049	34.6
3050	84.9
3051	39.4
3052	39.6
3053	87.1
3054	45.9
3055	47.7
3056	119.1
3057	11
3058	99.1
3059	56.7
3060	6.9
3061	1.3
3062	17.5
3063	78.1
3064	73.5
3065	2.8
3066	41.4
3067	2.4
3068	61.3
3069	13.2
3070	87.8
3071	17.8
3072	60.6
3073	1.8
3074	108.8
3075	20.5
3076	18.7
3077	54.2
3078	76.6
3079	116.6
3080	131.1
3081	13.1
3082	1.3
3083	95.7
3084	3.2
3085	55.5
3086	26.8
3087	168.3
3088	48.3
3089	121.4
3090	67.3
3091	19.8
3092	2
3093	15.2
3094	2.5
3095	8.1
3096	64.4
3097	2.2
3098	142
3099	12.8
3100	74.9
3101	1.8
3102	21.6
3103	112.8
3104	142.7
3105	2.8
3106	158.7
3107	159.4
3108	6.4
3109	9.8
3110	14.3
3111	182.6
3112	2.7
3113	147.5
3114	10.8
3115	2.3
3116	16.6
3117	30
3118	38.7
3119	74.3
3120	2.4
3121	132.7
3122	2.3
3123	178.4
3124	11.1
3125	12.3
3126	2.6
3127	10.1
3128	10.1
3129	10.3
3130	5.4
3131	40.6
3132	154.3
3133	184.6
3134	120.3
3135	1.6
3136	173
3137	2.2
3138	17.1
3139	79.6
3140	83.8
3141	6.8
3142	110
3143	98.8
3144	8.3
3145	5
3146	10.3
3147	2.3
3148	6.2
3149	2.9
3150	8.8
3151	137.3
3152	61.5
3153	172.2
3154	85
3155	32.9
3156	22.2
3157	17.6
3158	5.3
3159	67.9
3160	4.9
3161	121.2
3162	67.7
3163	18.4
3164	2.7
3165	5.5
3166	48.9
3167	3.8
3168	57.5
3169	5.6
3170	131
3171	0.9
3172	94.1
3173	6.5
3174	7
3175	110.7
3176	0.9
3177	10.2
3178	9.8
3179	4.4
3180	3.5
3181	2.9
3182	142.9
3183	112
3184	83.2
3185	82.2
3186	11.4
3187	47.4
3188	4
3189	13.7
3190	0.4
3191	1
3192	4.9
3193	8.8
3194	124.7
3195	59.4
3196	7.9
3197	2.3
3198	4.2
3199	20.2
3200	6.3
3201	2.4
3202	46.9
3203	105.9
3204	2.3
3205	99.1
3206	8.1
3207	3
3208	2.9
3209	4.1
3210	58.4
3211	57.9
3212	26.7
3213	4.2
3214	3.7
3215	4.2
3216	3.2
3217	9.6
3218	74.1
3219	98.7
3220	1.9
3221	3
3222	50.8
3223	0.5
3224	19
3225	5.3
3226	18.7
3227	2.8
3228	2.7
3229	2.8
3230	3
3231	1.7
3232	3.2
3233	10.1
3234	13.2
3235	29.7
3236	50.4
3237	7.1
3238	81.4
3239	3.3
3240	4.5
3241	1.8
3242	1.9
3243	87.4
3244	2.4
3245	6.9
3246	3.8
3247	2.7
3248	5
3249	1.6
3250	2.3
3251	77
3252	42.4
3253	1.6
3254	71
3255	6.3
3256	2.7
3257	56
3258	2.5
3259	1.5
3260	4.5
3261	1.5
3262	55.5
3263	7.5
3264	9.1
3265	1.6
3266	1.5
3267	3
3268	71.3
3269	43.6
3270	1.5
3271	5.5
3272	47.9
3273	7.2
3274	32.1
3275	1.7
3276	2.3
3277	1
3278	7
3279	6.2
3280	6.2
3281	3.5
3282	5
3283	45.3
3284	1.1
3285	9.2
3286	21.6
3287	7
3288	2.7
3289	0.6
3290	2
3291	14.1
3292	3.4
3293	2
3294	2.5
3295	4.8
3296	4.4
3297	1
3298	3.4
3299	0.3
3300	7.6
3301	1.2
3302	1.9
3303	25.7
3304	4.4
3305	39.5
3306	0.7
3307	4.3
3308	27.7
3309	1.1
3310	2.1
3311	1.8
3312	4.1
3313	1
3314	7.2
3315	0.8
3316	37.3
3317	6.4
3318	24.5
3319	6.6
3320	0.2
3321	1
3322	4.7
3323	7.8
3324	0.8
3325	1.7
3326	0.7
3327	6
3328	4
3329	0.5
3330	11.5
3331	2.3
3332	1.4
3333	1.1
3334	1.9
3335	14.3
3336	1.2
3337	4.5
3338	0.7
3339	3.6
3340	2.5
3341	11.6
3342	1.5
3343	2.5
3344	1.3
3345	3.3
3346	0.5
3347	0.5
3348	2.1
3349	1.5
3350	19
3351	0.6
3352	16.7
3353	0.5
3354	1.2
3355	0.6
3356	0.5
3357	0.9
3358	1.9
3359	0.7
3360	18.9
3361	0.9
3362	1.4
3363	4.7
3364	3.5
3365	0.7
3366	0.6
3367	0.5
3368	1.4
3369	1
3370	4.1
3371	0.7
3372	0.9
3373	0.5
3374	0.5
3375	1.2
3376	0.3
3377	0.8
3378	0.7
3379	0.5
3380	0.4
3381	0.5
3382	0.4
3383	0.3
3384	0.4
3385	0.5
3386	0.5
3387	0.3
3388	0.2
3389	0.3
3390	0.4
3391	0.2
3392	0.4
3393	0.2
3394	0.4
3395	0.3
3396	0.4
3397	0.3
3398	0.2
3399	0.2
3400	60.2
3401	93.2
3402	71.7
3403	79.6
3404	73.3
3405	56.8
3406	65.4
3407	99.5
3408	75.1
3409	99.1
3410	7.7
3411	19.5
3412	46.5
3413	108.2
3414	71.6
3415	123.1
3416	106.2
3417	114.3
3418	91.1
3419	125.7
3420	66.1
3421	109
3422	67.5
3423	64.2
3424	78.9
3425	89.3
3426	102.8
3427	108.6
3428	15
3429	94.1
3430	11.8
3431	151.4
3432	102.3
3433	113.1
3434	105
3435	63.3
3436	108
3437	62.8
3438	64.9
3439	60
3440	77.9
3441	91.9
3442	109.2
3443	62.1
3444	53.3
3445	60.8
3446	43.5
3447	68.6
3448	161.1
3449	77.3
3450	57
3451	64.7
3452	80
3453	39.7
3454	95.3
3455	82.9
3456	113.2
3457	92.5
3458	92.6
3459	73.5
3460	52.9
3461	89.2
3462	87.9
3463	89.2
3464	93
3465	169.7
3466	16.3
3467	40.3
3468	48.2
3469	17.5
3470	62.8
3471	48.3
3472	9.9
3473	71.3
3474	29.4
3475	63.4
3476	80.2
3477	54.9
3478	75.9
3479	93.4
3480	66.4
3481	79.8
3482	15.9
3483	48.3
3484	54.6
3485	27.9
3486	34.1
3487	6.9
3488	24.9
3489	75.2
3490	46.1
3491	34.4
3492	63.2
3493	50
3494	52.3
3495	91.6
3496	14.7
3497	12.7
3498	12.8
3499	75.1
3500	27.4
3501	9
3502	5.5
3503	31.5
3504	42.3
3505	35.1
3506	48.7
3507	84.8
3508	45.4
3509	3.8
3510	120.4
3511	61.7
3512	60
3513	10.5
3514	110.3
3515	120.1
3516	60.2
3517	32.8
3518	55.1
3519	18.7
3520	72.1
3521	62.1
3522	93.8
3523	51.5
3524	55.4
3525	61
3526	4.5
3527	54.7
3528	95.9
3529	16.5
3530	20.4
3531	63.9
3532	9
3533	56.1
3534	61.5
3535	35.2
3536	25.2
3537	5.4
3538	30.6
3539	16.4
3540	34.2
3541	42.9
3542	40.7
3543	42.2
3544	17.7
3545	35.5
3546	36.2
3547	8.6
3548	38
3549	37
3550	37.9
3551	33.5
3552	38.9
3553	56.6
3554	37.4
3555	57.9
3556	40.3
3557	2.2
3558	44.9
3559	2.3
3560	22.9
3561	33.2
3562	16.4
3563	99.6
3564	18.7
3565	16.8
3566	11.3
3567	119.5
3568	122.9
3569	89
3570	112
3571	149.3
3572	17.1
3573	172.9
3574	12.5
3575	37.8
3576	102.2
3577	103.2
3578	138.4
3579	7.7
3580	7.7
3581	1
3582	68
3583	4.7
3584	42.4
3585	4.2
3586	26.5
3587	5
3588	2
3589	5.1
3590	1
3591	30
3592	0.8
3593	0.9
3594	0.5
