"COMID"	"Value"
1	2.1
2	0
3	0.8
4	0
5	0.7
6	0.5
7	2.4
8	0.1
9	0.1
10	0.9
11	0.1
12	0.1
13	0.1
14	0.2
15	0.1
16	0.5
17	2.9
18	0.8
19	3.1
20	0.7
21	0.2
22	0.7
23	1.2
24	0.1
25	0.2
26	0
27	0
28	0.5
29	0.4
30	0
31	1.6
32	0.8
33	0.2
34	0.2
35	0.3
36	0.3
37	0.2
38	1.6
39	0
40	1.3
41	0.1
42	0.9
43	2.5
44	0.7
45	0.3
46	0.1
47	0.2
48	0.3
49	0.1
50	0
51	0
52	0
53	0.3
54	0.7
55	0.4
56	0.9
57	0.9
58	0
59	0.3
60	0.1
61	0.4
62	0.3
63	1.9
64	0
65	0.3
66	0.1
67	0.1
68	0.1
69	0.1
70	0
71	1.4
72	0
73	0.1
74	1.2
75	0
76	0
77	0.3
78	0.4
79	0.1
80	0.1
81	0.8
82	1.2
83	0.1
84	2.3
85	0
86	0.4
87	0.1
88	0.1
89	0.2
90	0.1
91	0.1
92	0.1
93	0
94	0.1
95	3
96	0
97	0.2
98	4.3
99	0
100	0.1
101	0.5
102	0
103	0
104	0.1
105	0.2
106	0.1
107	0.2
108	3.6
109	0.4
110	0.2
111	2.3
112	0.9
113	0
114	1.2
115	0.2
116	0.4
117	1.7
118	0.2
119	0
120	0
121	0
122	0
123	1.3
124	0.1
125	0.8
126	0.2
127	0.1
128	4.9
129	0.1
130	0.1
131	0
132	0.1
133	1.3
134	0
135	0.1
136	0.7
137	7.4
138	0.1
139	0.1
140	0.1
141	0
142	0.2
143	0.1
144	0
145	0.4
146	1
147	2
148	10.2
149	0.1
150	8
151	0.1
152	0.1
153	0.1
154	0
155	0.7
156	0.1
157	7.6
158	0.1
159	0
160	0.1
161	0
162	0.7
163	0
164	0.5
165	0.1
166	0.6
167	0.6
168	0
169	2
170	0.1
171	1.2
172	0.6
173	0
174	0.3
175	0
176	5.1
177	0
178	0
179	0.1
180	0.4
181	0.4
182	0.1
183	0
184	0.6
185	0.5
186	0
187	0.1
188	0.5
189	0.4
190	0.2
191	0.3
192	0
193	0.1
194	3.3
195	0.1
196	0.4
197	0.1
198	0.3
199	0
200	0.3
201	0.4
202	0.3
203	0.3
204	0.1
205	0.3
206	0
207	0
208	3.5
209	0
210	1
211	0.3
212	2.3
213	0
214	0.3
215	1.1
216	0
217	0
218	0
219	0.1
220	0.4
221	0
222	0.7
223	3.5
224	0.1
225	0.2
226	0.3
227	0
228	0
229	0.2
230	0.1
231	0.1
232	0
233	3.8
234	0
235	0
236	0.1
237	0
238	0
239	0.9
240	1.1
241	0.1
242	0.7
243	0
244	4.7
245	0.1
246	1.2
247	0.3
248	0.3
249	0.1
250	2.9
251	0.9
252	3.1
253	0
254	0.4
255	0.4
256	0.1
257	0.5
258	0
259	0.4
260	0.3
261	0.1
262	1.1
263	0
264	0.3
265	0.5
266	0
267	1.1
268	0.7
269	2.6
270	0.2
271	0.7
272	0.5
273	0.7
274	0
275	1.3
276	0
277	0.5
278	1.3
279	0.4
280	0.7
281	0.5
282	0.4
283	0.5
284	0
285	0.5
286	1.2
287	4.4
288	0
289	0.1
290	0.5
291	0.2
292	0
293	0.1
294	2.1
295	0.6
296	0
297	0.4
298	0.4
299	0.1
300	0.2
301	0.9
302	0.2
303	0
304	0
305	0.2
306	0
307	0.1
308	0.6
309	0.2
310	0
311	0
312	0.1
313	0
314	0.3
315	0.6
316	0.6
317	0.1
318	0.1
319	0
320	0
321	0.4
322	0.1
323	0.1
324	0.8
325	0
326	0.9
327	1.3
328	1.4
329	0.4
330	0.8
331	2.1
332	1.2
333	4.9
334	1.4
335	0.2
336	3.9
337	0
338	4.6
339	1.5
340	2.6
341	4.3
342	0.1
343	4.4
344	0.7
345	2.4
346	0
347	4.6
348	1.1
349	1.9
350	4.9
351	4.4
352	4.2
353	0.9
354	2
355	0
356	4
357	0
358	2.7
359	0.1
360	1.9
361	1.5
362	1.5
363	1.5
364	0.1
365	0.2
366	1
367	0
368	1.4
369	0.1
370	0.8
371	0
372	1.5
373	0.4
374	0
375	0.3
376	1.3
377	1
378	0.1
379	0.1
380	1.1
381	0
382	0
383	0.3
384	0.1
385	0
386	0
387	0.3
388	0
389	0
390	0.7
391	0.4
392	0
393	0
394	0.1
395	0
396	0.1
397	0
398	0.5
399	0.5
400	0.2
401	3
402	0
403	0.2
404	0
405	0.5
406	1.2
407	0.5
408	0
409	0
410	0.3
411	3.5
412	0.3
413	1.6
414	0.2
415	0
416	0.1
417	0
418	0
419	0.5
420	0.1
421	0.5
422	0
423	0.6
424	0.3
425	4.2
426	0
427	1.2
428	0.2
429	1.8
430	0.9
431	0.2
432	0.3
433	4.7
434	0.4
435	0.7
436	1.3
437	0.7
438	11.6
439	0.1
440	3.6
441	0.2
442	0.2
443	0.1
444	0.3
445	20.2
446	0.1
447	17.6
448	14.4
449	0.9
450	0.2
451	0.2
452	1.3
453	0.1
454	0.2
455	0
456	0.2
457	8.1
458	0.1
459	0.4
460	0.6
461	1.1
462	11.4
463	0
464	0
465	0.5
466	1.2
467	0.4
468	0.6
469	0.3
470	0.2
471	0.1
472	4.2
473	0
474	0.1
475	0.1
476	1.1
477	10.9
478	4.9
479	0.1
480	1.6
481	0.5
482	0
483	3.4
484	0.8
485	0.4
486	0.7
487	0
488	0.6
489	0.4
490	0.3
491	0.7
492	2.2
493	0.2
494	1.1
495	0.5
496	0.3
497	1.8
498	0.3
499	0.4
500	1.7
501	1.2
502	1
503	0.8
504	0.6
505	1.2
506	1.1
507	1.9
508	1
509	1.2
510	2
511	0.2
512	0.2
513	0.3
514	0.5
515	0.5
516	0.4
517	2.2
518	0.5
519	0.4
520	0.4
521	0.3
522	0.3
523	0.2
524	3.9
525	0.4
526	0.1
527	0.5
528	0.3
529	0.2
530	3.6
531	1.3
532	7.8
533	0.1
534	0
535	9.3
536	3.2
537	0.7
538	0.3
539	0
540	0.1
541	0.5
542	1.4
543	0.1
544	0.4
545	1.2
546	0.3
547	2.6
548	0.8
549	0.9
550	0
551	0.5
552	2
553	2.2
554	0.3
555	0.2
556	2
557	0.1
558	0.5
559	0
560	0.5
561	2.1
562	1.5
563	0.2
564	0.4
565	0
566	2.9
567	0.1
568	1.5
569	0
570	0.2
571	1.6
572	1.1
573	0
574	1.3
575	0.1
576	1
577	0.3
578	0
579	0.3
580	2
581	0.3
582	1.2
583	0.2
584	0.2
585	1.3
586	1.1
587	4.5
588	0.9
589	2.4
590	0.2
591	0.9
592	0.9
593	2.1
594	0
595	1
596	0.2
597	0.2
598	0
599	4
600	0
601	0
602	0.1
603	1
604	0.3
605	0.4
606	0.4
607	0.1
608	0
609	0.5
610	0.2
611	0.2
612	0.4
613	0.1
614	4
615	0
616	0.3
617	3.9
618	0.7
619	0.1
620	0
621	0.2
622	1.4
623	1.7
624	2.2
625	0.1
626	0
627	1.9
628	0.1
629	0.4
630	4.7
631	0.2
632	1.7
633	0.1
634	0.1
635	0.4
636	0
637	0.3
638	0.3
639	0.4
640	0
641	1.9
642	0.1
643	0.5
644	0.2
645	1
646	0
647	0.2
648	5.3
649	1
650	0.3
651	5.1
652	0
653	0.1
654	0.6
655	0
656	0
657	1.6
658	0
659	0.7
660	0.2
661	0
662	0.1
663	0.3
664	0.5
665	0.1
666	1
667	0
668	11.8
669	0.3
670	0.7
671	0.3
672	0.2
673	0.1
674	0
675	1.6
676	0.2
677	2.6
678	0
679	0
680	0.1
681	0.1
682	2.6
683	5.8
684	0
685	0.2
686	2.7
687	0.1
688	1.2
689	0.2
690	0.1
691	0
692	1.7
693	0
694	0
695	0
696	2.9
697	0.1
698	0.2
699	1.4
700	1.2
701	0
702	1.4
703	1.7
704	2
705	1.4
706	0.1
707	2.2
708	1.1
709	0.6
710	0.4
711	0.1
712	0.5
713	0.4
714	0.1
715	0.1
716	0.1
717	0.8
718	1.6
719	0.5
720	1.2
721	0.3
722	0.3
723	1.1
724	1.9
725	0.3
726	0.2
727	0
728	0.7
729	0.1
730	0.6
731	0
732	0
733	0.5
734	0.8
735	0.3
736	0.1
737	3.4
738	1.9
739	2.8
740	1.8
741	1.2
742	3.7
743	0.6
744	0.3
745	0.4
746	0.5
747	1.9
748	0.2
749	0.2
750	0.1
751	0.7
752	1.2
753	1.2
754	1
755	0.9
756	0
757	0.8
758	0.3
759	0.5
760	0.3
761	0.2
762	1
763	1.6
764	1.7
765	0.3
766	0.5
767	0.2
768	3.6
769	0.6
770	3.8
771	0
772	0.4
773	0.7
774	0
775	0
776	0
777	1.2
778	0.1
779	0.3
780	0.4
781	1
782	88
783	73.4
784	95.4
785	96.4
786	77.3
787	99.7
788	49.3
789	63.4
790	100.6
791	64.1
792	82
793	65.1
794	99.3
795	104.6
796	62.6
797	122.4
798	56.9
799	74.6
800	88.5
801	73.3
802	94.5
803	80.7
804	56.8
805	79
806	94.3
807	49
808	95.4
809	127.6
810	140.7
811	71.4
812	99
813	83.2
814	84.3
815	85.4
816	72.1
817	69.1
818	88.1
819	158.1
820	77.6
821	105.2
822	65.7
823	69.2
824	102.3
825	79.5
826	125.1
827	97.4
828	89.7
829	73.6
830	108.9
831	100.3
832	104
833	104.9
834	122.9
835	48.5
836	107.3
837	55.4
838	72.3
839	105.7
840	67
841	55
842	74.8
843	27.2
844	132
845	71.5
846	84.1
847	70.4
848	66.8
849	53.7
850	118.6
851	112.2
852	94.2
853	89.7
854	103.2
855	79.6
856	70.3
857	59.5
858	140.3
859	79.3
860	87.2
861	101.3
862	18.2
863	72.4
864	53.3
865	75.1
866	80.7
867	84.2
868	140
869	44.1
870	65.8
871	95.3
872	67
873	28.5
874	80.3
875	118
876	56
877	78.7
878	68.4
879	114.9
880	103.4
881	85.3
882	68.5
883	86.7
884	65.3
885	73.5
886	10.7
887	90.6
888	112
889	84.1
890	74.5
891	70.6
892	71.5
893	121.4
894	9.5
895	112.2
896	126.7
897	73.7
898	66.7
899	154.3
900	124.6
901	124.5
902	147
903	119.1
904	59.9
905	103.4
906	127.4
907	63.2
908	92
909	83.9
910	6.8
911	68.8
912	68.7
913	60.6
914	114
915	8.2
916	61.7
917	73.2
918	86.5
919	72.1
920	81.1
921	69.9
922	71.8
923	25.3
924	116.4
925	111.6
926	88.4
927	70.7
928	60.9
929	93.4
930	99.5
931	71.2
932	66.6
933	124.7
934	4.7
935	79.8
936	84.7
937	122.5
938	95.2
939	90.4
940	65.7
941	80.6
942	86.1
943	3.4
944	95.7
945	99.5
946	76.3
947	5.5
948	86.5
949	84.3
950	75.3
951	74.6
952	61.7
953	62.6
954	78.7
955	95.9
956	75.6
957	64.7
958	55
959	53.8
960	122.9
961	115.6
962	82.9
963	111.8
964	3.6
965	102.2
966	119.4
967	6.1
968	66.7
969	86
970	32.5
971	89.4
972	94.4
973	76.9
974	53.6
975	88.5
976	63.6
977	78.1
978	66.5
979	132.7
980	101.2
981	126.6
982	112.6
983	87
984	70.1
985	77.7
986	62.4
987	65.4
988	63.4
989	127
990	20.6
991	99.1
992	81.5
993	67.2
994	98.3
995	107.7
996	71.7
997	61.7
998	72.6
999	100.5
1000	8.2
1001	58.3
1002	74
1003	19
1004	82.3
1005	74.9
1006	126.6
1007	11.4
1008	66
1009	53.1
1010	79.9
1011	104.5
1012	126.3
1013	53.6
1014	76.2
1015	60.8
1016	12.4
1017	67.2
1018	69.6
1019	46.4
1020	80.9
1021	95.3
1022	47.4
1023	104.7
1024	76.2
1025	48.9
1026	84.1
1027	114.3
1028	94.9
1029	52.3
1030	122.3
1031	8.8
1032	18.2
1033	103.1
1034	58.7
1035	89
1036	94.2
1037	89.9
1038	65.8
1039	88.1
1040	52.1
1041	54.3
1042	50
1043	7.3
1044	37.5
1045	51.8
1046	44.8
1047	81
1048	93.4
1049	85.4
1050	10.7
1051	79.5
1052	95.1
1053	49.9
1054	56.1
1055	116.8
1056	50.5
1057	123.4
1058	46.5
1059	106.6
1060	56.6
1061	5.6
1062	71.2
1063	77
1064	69
1065	45
1066	103.1
1067	80.7
1068	129.4
1069	63.6
1070	81.7
1071	72.3
1072	71.2
1073	61.5
1074	65.8
1075	68.5
1076	86.1
1077	67.1
1078	67.5
1079	55.2
1080	49.2
1081	103.2
1082	117.8
1083	65.6
1084	48.8
1085	116.3
1086	82
1087	9.1
1088	67.5
1089	45.2
1090	66.6
1091	69
1092	114.1
1093	68.7
1094	69.5
1095	42
1096	54
1097	63.6
1098	69.9
1099	72.8
1100	2.5
1101	68.1
1102	48.4
1103	57.2
1104	76.3
1105	104.9
1106	54.1
1107	75.8
1108	39.6
1109	55.4
1110	110.4
1111	81
1112	95.7
1113	60.7
1114	48.1
1115	77.5
1116	60.2
1117	77.8
1118	78.4
1119	64.2
1120	46.1
1121	48.2
1122	55.5
1123	56
1124	57.7
1125	39.1
1126	71.5
1127	48.6
1128	60.8
1129	103.3
1130	63.7
1131	68.2
1132	60.4
1133	75.8
1134	50.3
1135	47.3
1136	70.8
1137	71.9
1138	60.1
1139	61.9
1140	50.8
1141	19.5
1142	57.5
1143	61.7
1144	64.6
1145	78.7
1146	55.4
1147	56.9
1148	79.5
1149	28.9
1150	49.9
1151	54.8
1152	57.3
1153	56.1
1154	8.7
1155	58.1
1156	57
1157	48.3
1158	77.3
1159	83.5
1160	21.3
1161	62.5
1162	89.5
1163	87.3
1164	66.9
1165	43.9
1166	79.2
1167	82.3
1168	60.2
1169	75.8
1170	52.4
1171	90.2
1172	88.5
1173	65.7
1174	96
1175	48.4
1176	61.7
1177	63.3
1178	34
1179	102.8
1180	55.7
1181	118.1
1182	56.2
1183	70.5
1184	46.2
1185	64.6
1186	57.9
1187	47
1188	53.1
1189	100.6
1190	46
1191	63.9
1192	58.9
1193	61.4
1194	46.7
1195	76.1
1196	41.5
1197	49.6
1198	58.5
1199	67.8
1200	10.6
1201	31.6
1202	52.8
1203	58.6
1204	50.5
1205	60.7
1206	109.7
1207	80
1208	60.1
1209	39.2
1210	60.3
1211	72.5
1212	53.9
1213	91.7
1214	65.6
1215	78.8
1216	51.7
1217	66
1218	51.5
1219	69.9
1220	97.9
1221	38.7
1222	52.6
1223	34.3
1224	43.1
1225	68.9
1226	58.3
1227	61.3
1228	37.2
1229	106.4
1230	59.9
1231	93.3
1232	87.6
1233	46.9
1234	52.3
1235	68.7
1236	49.3
1237	103.6
1238	81
1239	65
1240	44.3
1241	49.1
1242	93.3
1243	38.3
1244	45.3
1245	50.3
1246	52.3
1247	67.2
1248	12
1249	106.9
1250	39
1251	68.5
1252	45.5
1253	68.4
1254	70.9
1255	42.1
1256	27.9
1257	62.5
1258	37
1259	48.9
1260	32.3
1261	49.5
1262	62.3
1263	44.4
1264	47
1265	88.7
1266	52
1267	32.4
1268	73.5
1269	5.3
1270	62.7
1271	31.6
1272	67.7
1273	59.8
1274	58.7
1275	57.2
1276	23.9
1277	90.1
1278	98.2
1279	3.4
1280	63.3
1281	44.8
1282	34.8
1283	82.1
1284	9.8
1285	55
1286	71.7
1287	80.5
1288	21.5
1289	83.4
1290	15.9
1291	20.1
1292	28.8
1293	3.4
1294	59
1295	70.1
1296	54.5
1297	5.7
1298	51.2
1299	57.7
1300	58
1301	36.8
1302	16.4
1303	45.1
1304	9
1305	82.1
1306	39.4
1307	75.9
1308	18.7
1309	55.6
1310	58.1
1311	57.9
1312	84.4
1313	40.8
1314	67
1315	41.4
1316	22.3
1317	30.7
1318	60.9
1319	73.9
1320	76.4
1321	50.5
1322	39.7
1323	77.9
1324	38.1
1325	76.3
1326	76.3
1327	47.6
1328	54.5
1329	6.4
1330	23.2
1331	43.9
1332	3.4
1333	40.5
1334	73.1
1335	82.3
1336	85
1337	109.9
1338	102.1
1339	24
1340	34.2
1341	70.4
1342	58.4
1343	78.6
1344	32.1
1345	19.2
1346	43
1347	79
1348	64.2
1349	19.6
1350	62.9
1351	68.6
1352	8
1353	52.4
1354	58.1
1355	72.7
1356	6.8
1357	44.2
1358	71.8
1359	44.1
1360	103.5
1361	13.9
1362	60.4
1363	54.1
1364	76.9
1365	25.7
1366	79.7
1367	34.7
1368	51.7
1369	37.2
1370	74.4
1371	33.7
1372	34.6
1373	54.3
1374	86.3
1375	50.3
1376	9.6
1377	45.1
1378	18.2
1379	27.5
1380	31.1
1381	43.7
1382	71.2
1383	83.7
1384	37.2
1385	8.4
1386	41
1387	101.8
1388	62.5
1389	49.7
1390	58.7
1391	35.9
1392	34.9
1393	26.2
1394	76.4
1395	30
1396	53.4
1397	54.3
1398	73.2
1399	88.9
1400	42.9
1401	27.6
1402	34
1403	60.5
1404	22.3
1405	82.5
1406	82.1
1407	92
1408	31.4
1409	69.2
1410	28.2
1411	58.1
1412	79.2
1413	75.5
1414	36.4
1415	92.9
1416	60.2
1417	30.1
1418	51.5
1419	8.8
1420	38
1421	8.6
1422	102.6
1423	25.6
1424	33.4
1425	29.6
1426	59.4
1427	23.8
1428	12.8
1429	12.6
1430	76.1
1431	66.4
1432	22
1433	72.8
1434	68.2
1435	75.6
1436	87.5
1437	37.2
1438	43.8
1439	47.9
1440	52
1441	54.1
1442	68
1443	47.7
1444	17.1
1445	57.7
1446	70.4
1447	58.6
1448	69.2
1449	101.3
1450	64.3
1451	58.8
1452	81.9
1453	83.8
1454	24
1455	92.5
1456	78.7
1457	62.7
1458	36.2
1459	48.1
1460	18.3
1461	52.1
1462	25.3
1463	20.8
1464	31.3
1465	25.2
1466	67
1467	30.3
1468	29.5
1469	44.4
1470	58.4
1471	35.3
1472	43.7
1473	52.8
1474	70.8
1475	61.9
1476	28.7
1477	53.4
1478	43.7
1479	49.6
1480	30.1
1481	51.8
1482	44.8
1483	28.3
1484	132.8
1485	22
1486	26.6
1487	30
1488	51
1489	48
1490	61.4
1491	35.5
1492	45.9
1493	50.3
1494	57
1495	55.7
1496	51.2
1497	35.3
1498	22.9
1499	55.6
1500	43.6
1501	51.1
1502	55.9
1503	109
1504	56.6
1505	64.9
1506	46.1
1507	34.5
1508	84.5
1509	22.2
1510	84.3
1511	271.8
1512	24.2
1513	48.3
1514	88
1515	42.3
1516	61.3
1517	49
1518	53.3
1519	44.6
1520	53.2
1521	28.7
1522	43.5
1523	27.1
1524	42.9
1525	66.3
1526	22
1527	75.1
1528	20
1529	42.1
1530	51.4
1531	78.2
1532	54.8
1533	228.6
1534	40.6
1535	5.7
1536	39.6
1537	28.6
1538	18.2
1539	43
1540	57.3
1541	22.9
1542	46.2
1543	35.3
1544	43.7
1545	29.2
1546	12.4
1547	39.6
1548	26
1549	19.5
1550	23.4
1551	34.8
1552	35.4
1553	42
1554	31.5
1555	42
1556	26.6
1557	144.7
1558	31.6
1559	41.4
1560	41.5
1561	32.2
1562	43.3
1563	38
1564	25.6
1565	35.6
1566	33
1567	20.1
1568	33.3
1569	34.4
1570	55.5
1571	23.5
1572	38.8
1573	53.2
1574	38.8
1575	43.3
1576	86.6
1577	65.6
1578	18
1579	31.8
1580	50.1
1581	54
1582	58
1583	49.6
1584	9.8
1585	57.5
1586	51.6
1587	52.5
1588	53.2
1589	90.6
1590	26
1591	20.1
1592	46.6
1593	38.1
1594	40.2
1595	52.5
1596	39.2
1597	18.9
1598	24.6
1599	48.1
1600	36.3
1601	25.7
1602	68.5
1603	32.6
1604	34.7
1605	47.3
1606	19.9
1607	33.2
1608	37.8
1609	33.2
1610	34.3
1611	62.3
1612	29.4
1613	46
1614	57.2
1615	80.8
1616	39.6
1617	39
1618	33.2
1619	50.4
1620	56.1
1621	40.8
1622	69.8
1623	48.6
1624	78.3
1625	41.2
1626	50.9
1627	67.7
1628	42.7
1629	35.3
1630	100.7
1631	33.7
1632	91.3
1633	33.5
1634	56.2
1635	77.3
1636	42.9
1637	70.5
1638	42.7
1639	19.3
1640	31.6
1641	22.7
1642	61.8
1643	41.5
1644	35
1645	42
1646	36.6
1647	33.5
1648	22.9
1649	66.1
1650	27
1651	70.9
1652	25.2
1653	35.7
1654	49.1
1655	29.7
1656	136.8
1657	48.9
1658	83.2
1659	37
1660	20.4
1661	78.6
1662	66.6
1663	40
1664	27
1665	27.7
1666	75
1667	51.4
1668	30.5
1669	63.9
1670	121.6
1671	48
1672	53
1673	68
1674	43.8
1675	38.6
1676	43.4
1677	116.8
1678	22.7
1679	85.8
1680	40.9
1681	65.9
1682	23.6
1683	50.3
1684	48.2
1685	58.3
1686	34.5
1687	93.6
1688	34.9
1689	35.3
1690	56
1691	53.8
1692	67.3
1693	68.1
1694	46.4
1695	53.9
1696	55.8
1697	60.8
1698	23.2
1699	50.1
1700	48
1701	81.5
1702	58.3
1703	76.2
1704	77.1
1705	43.6
1706	59.9
1707	23
1708	21
1709	50.5
1710	51.9
1711	45.7
1712	76.3
1713	87.8
1714	66.7
1715	62.2
1716	59.3
1717	62.8
1718	54.3
1719	32.3
1720	86.5
1721	69.1
1722	58.2
1723	78.1
1724	63.4
1725	107.2
1726	63.1
1727	60.6
1728	88
1729	66.1
1730	88.8
1731	51.6
1732	105.4
1733	65.3
1734	64.9
1735	76.9
1736	21.8
1737	71.6
1738	62.4
1739	79.2
1740	104.3
1741	54.9
1742	46.6
1743	62.8
1744	131.4
1745	70.9
1746	75.7
1747	90
1748	90.5
1749	35.8
1750	22.3
1751	79.3
1752	87.7
1753	52.5
1754	114.2
1755	82.1
1756	87.1
1757	59.3
1758	79.5
1759	63.6
1760	77
1761	213.1
1762	45.7
1763	42
1764	84.4
1765	45.4
1766	53.2
1767	119.6
1768	93.6
1769	180
1770	60.2
1771	59.2
1772	111.8
1773	61
1774	99.2
1775	20
1776	79.7
1777	51.2
1778	42.2
1779	56.4
1780	27.8
1781	169
1782	126.3
1783	128.5
1784	79.6
1785	76.4
1786	122.3
1787	76.4
1788	49.3
1789	62.4
1790	33.8
1791	45.5
1792	59.1
1793	70.7
1794	33.5
1795	54.1
1796	77.1
1797	96.3
1798	50.4
1799	66.5
1800	74.1
1801	140
1802	71.2
1803	88.8
1804	60.3
1805	40.7
1806	57.4
1807	137
1808	54.8
1809	78.5
1810	70.2
1811	55.9
1812	49.7
1813	88.1
1814	65
1815	45.6
1816	151.2
1817	74.8
1818	51.9
1819	65
1820	154.5
1821	77.2
1822	57
1823	77.4
1824	67.6
1825	173.8
1826	83.2
1827	50.2
1828	59
1829	51.9
1830	100.2
1831	39.6
1832	84
1833	29.9
1834	42.1
1835	49
1836	55.1
1837	19.7
1838	76
1839	165
1840	71.7
1841	28.5
1842	34
1843	172.6
1844	84.4
1845	53.4
1846	17.4
1847	33.4
1848	125.9
1849	147.5
1850	141.5
1851	24.5
1852	63.2
1853	108.8
1854	74.8
1855	95.8
1856	34.1
1857	46.8
1858	65.4
1859	48
1860	44.9
1861	53.7
1862	26.6
1863	80.1
1864	44.2
1865	86.4
1866	135.8
1867	68.5
1868	43.1
1869	79.8
1870	24.8
1871	39.4
1872	32.8
1873	41.9
1874	148.5
1875	105.8
1876	78.5
1877	47.8
1878	46.6
1879	160.7
1880	131.5
1881	90.1
1882	47
1883	136.7
1884	34.9
1885	73
1886	77.8
1887	73.3
1888	109.6
1889	106.8
1890	130.6
1891	35.3
1892	72.2
1893	54.8
1894	53.9
1895	53.6
1896	45.9
1897	30
1898	105
1899	25.4
1900	38.1
1901	156.8
1902	18.4
1903	82.2
1904	27.2
1905	76.3
1906	77.4
1907	18.2
1908	61.1
1909	15.4
1910	27
1911	116.2
1912	54.9
1913	137.3
1914	46.2
1915	86.2
1916	27.7
1917	70.7
1918	39.3
1919	74.3
1920	54.3
1921	94.7
1922	74.2
1923	160
1924	54.5
1925	89.7
1926	31.1
1927	118.9
1928	70.3
1929	13.4
1930	43.6
1931	11.9
1932	37.6
1933	29.7
1934	91.6
1935	31.8
1936	70.6
1937	57.7
1938	67.3
1939	155.8
1940	59.2
1941	13.1
1942	99
1943	62.1
1944	59.2
1945	11.2
1946	56.2
1947	66.3
1948	17
1949	26.5
1950	5.4
1951	33.8
1952	37.1
1953	18.3
1954	51
1955	124.5
1956	68.5
1957	147.6
1958	58.2
1959	115.3
1960	96.6
1961	120.1
1962	17.6
1963	45.1
1964	65.1
1965	50
1966	1.6
1967	22.4
1968	142.7
1969	41.2
1970	84.7
1971	72.3
1972	59.2
1973	37.4
1974	72.9
1975	18.7
1976	131.3
1977	23.9
1978	93.3
1979	6.7
1980	44.3
1981	96.4
1982	2.6
1983	71.5
1984	48.9
1985	28.5
1986	118.3
1987	100.6
1988	36.8
1989	12.4
1990	2.2
1991	46.9
1992	33.6
1993	113.4
1994	143.1
1995	126.3
1996	27
1997	97.8
1998	143.7
1999	25.1
2000	25.7
2001	17.4
2002	141.1
2003	134.4
2004	17
2005	30.1
2006	109.9
2007	49.1
2008	24.9
2009	19.6
2010	115.8
2011	3.7
2012	47.9
2013	101.7
2014	2.4
2015	98
2016	56.4
2017	47.3
2018	30.9
2019	11.6
2020	42.4
2021	31.3
2022	33.8
2023	55.5
2024	3.1
2025	159.7
2026	33.1
2027	39.9
2028	117.6
2029	11.3
2030	61.1
2031	135.6
2032	109.3
2033	78.7
2034	27.6
2035	36.8
2036	3.4
2037	13.5
2038	3.9
2039	14.6
2040	25.6
2041	15.3
2042	30.7
2043	13.1
2044	125.6
2045	44.6
2046	24.5
2047	34.1
2048	20.7
2049	58.5
2050	87.1
2051	25.4
2052	68
2053	33.5
2054	30.8
2055	78.1
2056	17.3
2057	28.9
2058	9.8
2059	14.6
2060	35.3
2061	77.9
2062	152.4
2063	17.6
2064	28.1
2065	43.9
2066	43.4
2067	27.3
2068	49.6
2069	23.1
2070	90.3
2071	34.3
2072	44.8
2073	81.4
2074	85.3
2075	44.7
2076	6.8
2077	16.4
2078	65.1
2079	36.6
2080	27.3
2081	77.2
2082	52.3
2083	15.8
2084	40.3
2085	45.5
2086	38.5
2087	29.6
2088	122.3
2089	70.3
2090	104.8
2091	54.1
2092	77.1
2093	41
2094	26.4
2095	19.2
2096	30.3
2097	23.1
2098	44.8
2099	88.5
2100	22.8
2101	31.4
2102	30.2
2103	26.7
2104	19
2105	33.1
2106	29.1
2107	32.8
2108	77.6
2109	28.5
2110	26.1
2111	24.2
2112	15.7
2113	59.8
2114	28.7
2115	56.1
2116	59
2117	44.5
2118	77.3
2119	51.8
2120	95.1
2121	10.5
2122	38.3
2123	30.4
2124	62.5
2125	73.1
2126	29.5
2127	9.2
2128	25.2
2129	19.2
2130	29.1
2131	35.5
2132	27.7
2133	12.8
2134	27.9
2135	46.3
2136	74.6
2137	12
2138	68.3
2139	35.3
2140	11.1
2141	69.3
2142	20.3
2143	31.3
2144	23
2145	41.1
2146	9.2
2147	16.3
2148	37.2
2149	20.1
2150	62.2
2151	19.7
2152	48.8
2153	76.5
2154	38.3
2155	18.5
2156	53.6
2157	36.3
2158	7.8
2159	9.6
2160	81.9
2161	68.3
2162	28.5
2163	43.7
2164	34.7
2165	8
2166	17.6
2167	20.4
2168	15.8
2169	25.8
2170	35
2171	18.3
2172	26.9
2173	66.7
2174	28.6
2175	7.8
2176	29.2
2177	77.5
2178	75.6
2179	31.6
2180	66.2
2181	82.3
2182	14.5
2183	36.3
2184	21.8
2185	36.4
2186	7.1
2187	6.8
2188	20.3
2189	44.6
2190	8.5
2191	21.4
2192	18.9
2193	22.6
2194	59.8
2195	5.8
2196	24.6
2197	61.2
2198	17.4
2199	87.8
2200	17.9
2201	5
2202	3.7
2203	16.8
2204	22.3
2205	24.5
2206	52.5
2207	2.6
2208	5.3
2209	17.3
2210	95.3
2211	16
2212	17.9
2213	50.9
2214	25.7
2215	56
2216	3.9
2217	33.1
2218	20.9
2219	59.5
2220	2.5
2221	19.3
2222	81
2223	26
2224	16.6
2225	56.1
2226	1.8
2227	89.3
2228	20.8
2229	21.5
2230	18.1
2231	20.5
2232	52.3
2233	16.3
2234	53.4
2235	11.9
2236	48.1
2237	22.9
2238	22.1
2239	3.7
2240	21.8
2241	47.6
2242	15.9
2243	36
2244	30.8
2245	65.7
2246	23
2247	43.9
2248	107.4
2249	44.6
2250	20.2
2251	1.3
2252	57.3
2253	28.3
2254	4
2255	53.3
2256	39.9
2257	1.5
2258	22.2
2259	83.7
2260	12.4
2261	17.7
2262	18.2
2263	113
2264	108.5
2265	79
2266	24.4
2267	20
2268	46.2
2269	3.3
2270	27.2
2271	22.6
2272	30.6
2273	2.9
2274	54.4
2275	65.3
2276	9
2277	25.4
2278	19
2279	32.5
2280	27.4
2281	45.7
2282	112.6
2283	10.9
2284	24
2285	92.2
2286	65.7
2287	3
2288	31.8
2289	30.4
2290	30.6
2291	20.9
2292	106.4
2293	4.4
2294	5.8
2295	63.2
2296	75.2
2297	102.6
2298	39
2299	3.6
2300	43.4
2301	24.8
2302	31.2
2303	15.8
2304	20.3
2305	27.2
2306	83
2307	110
2308	39.4
2309	22.7
2310	123.6
2311	79.6
2312	25.7
2313	24.5
2314	36.3
2315	66.3
2316	27.6
2317	150.6
2318	18.5
2319	15.9
2320	75.8
2321	51
2322	50.2
2323	59.3
2324	149.8
2325	61.7
2326	50.3
2327	17.2
2328	105
2329	19.8
2330	78.5
2331	39.1
2332	17.3
2333	21.5
2334	52.7
2335	61.6
2336	29.5
2337	22.6
2338	39.8
2339	15.8
2340	125
2341	38.7
2342	57
2343	17.3
2344	19.2
2345	38.8
2346	37.4
2347	21.5
2348	20.7
2349	64.1
2350	20.7
2351	38.1
2352	14.9
2353	39.2
2354	24.6
2355	48.5
2356	57.7
2357	25.4
2358	10.6
2359	52.2
2360	23.5
2361	33.9
2362	27
2363	91.2
2364	32.6
2365	39.1
2366	60.6
2367	30.1
2368	20
2369	10.3
2370	46.1
2371	25.3
2372	25.2
2373	74.3
2374	8.9
2375	25.9
2376	51
2377	61.6
2378	49.4
2379	25
2380	29.4
2381	41.1
2382	73.9
2383	47.3
2384	23.2
2385	11
2386	22.5
2387	22.6
2388	25.3
2389	62.4
2390	28.4
2391	24.4
2392	79.4
2393	26.5
2394	72.4
2395	10.5
2396	25.2
2397	30.4
2398	13
2399	49.6
2400	28
2401	24.9
2402	104.6
2403	41.7
2404	7.6
2405	34.5
2406	43.9
2407	122
2408	43.8
2409	43.4
2410	31
2411	40.6
2412	50
2413	27.5
2414	9.5
2415	39.4
2416	31.5
2417	40.6
2418	32.9
2419	42.9
2420	89.6
2421	90.4
2422	39.9
2423	35
2424	39.3
2425	7
2426	145.3
2427	36.4
2428	100.3
2429	42.2
2430	21.4
2431	40.6
2432	27.1
2433	101
2434	6.9
2435	35.5
2436	29
2437	5.8
2438	26
2439	58.2
2440	39.3
2441	108.8
2442	25.2
2443	27.6
2444	71.2
2445	29.3
2446	7.7
2447	23.6
2448	88.2
2449	20.1
2450	86.3
2451	14.5
2452	13.3
2453	56.4
2454	50
2455	33.2
2456	55.4
2457	22.8
2458	14.5
2459	19.4
2460	5.2
2461	72.7
2462	35
2463	9.5
2464	69.2
2465	67.3
2466	47.8
2467	10.4
2468	20.7
2469	27.4
2470	86.4
2471	19.9
2472	28.4
2473	6.3
2474	38.7
2475	17.7
2476	30.9
2477	33.9
2478	17.7
2479	12.2
2480	32.7
2481	22.7
2482	4.7
2483	22.7
2484	35.5
2485	18.7
2486	21.6
2487	30.7
2488	47.5
2489	68
2490	52.5
2491	4.5
2492	52.9
2493	49
2494	20
2495	18
2496	3.3
2497	7.9
2498	25.5
2499	4.4
2500	22.6
2501	30.2
2502	28.3
2503	24.2
2504	34
2505	34.6
2506	36.6
2507	23
2508	61.1
2509	35.8
2510	71.5
2511	39.6
2512	32.8
2513	44.7
2514	30.8
2515	30.1
2516	32.8
2517	6.1
2518	28.4
2519	27.8
2520	21.3
2521	43.5
2522	59
2523	9.3
2524	31.4
2525	23.6
2526	39.8
2527	52.2
2528	20.9
2529	32.9
2530	18.4
2531	8.8
2532	5.4
2533	48
2534	25.1
2535	44.2
2536	50.3
2537	32.9
2538	28.8
2539	59.3
2540	48.6
2541	45.7
2542	24.3
2543	35.3
2544	19.6
2545	45.8
2546	37.5
2547	29.9
2548	49.7
2549	36.2
2550	33.3
2551	9.3
2552	67.4
2553	55
2554	32.3
2555	9.1
2556	31.4
2557	24.2
2558	26.4
2559	11.8
2560	33.5
2561	7.7
2562	73.1
2563	38.5
2564	36
2565	56
2566	9.4
2567	29.7
2568	58
2569	43.3
2570	15.3
2571	13.4
2572	23.8
2573	17.2
2574	20.8
2575	13.9
2576	32.3
2577	14.1
2578	20.7
2579	54.9
2580	19.6
2581	38.9
2582	80.4
2583	60.5
2584	36.5
2585	12.1
2586	49.6
2587	26.2
2588	28.9
2589	29.8
2590	30.3
2591	22.1
2592	14
2593	13.4
2594	8
2595	29.4
2596	17.6
2597	28.3
2598	81.3
2599	31.5
2600	43.9
2601	20.4
2602	41.8
2603	12.2
2604	95
2605	23.9
2606	27.4
2607	9.2
2608	10.6
2609	59
2610	12.2
2611	56.6
2612	12.5
2613	34.6
2614	38.9
2615	11.3
2616	41.8
2617	42.5
2618	39.2
2619	27.7
2620	98
2621	5.6
2622	41.5
2623	8.5
2624	19.9
2625	47.2
2626	4.5
2627	24.4
2628	12.8
2629	43.2
2630	22.6
2631	19.7
2632	5.3
2633	32.8
2634	43.1
2635	38.3
2636	57.9
2637	19.9
2638	42.4
2639	26.5
2640	18.2
2641	58.1
2642	5.7
2643	93.8
2644	27.4
2645	110
2646	17.4
2647	7.7
2648	50.6
2649	20.5
2650	12.9
2651	16.1
2652	34.4
2653	25.8
2654	32.9
2655	23.9
2656	54.8
2657	6.5
2658	18.7
2659	54.5
2660	56.1
2661	14.1
2662	103.4
2663	22.7
2664	21.6
2665	19.7
2666	65
2667	8.4
2668	75.6
2669	25.1
2670	96.7
2671	35.7
2672	38.9
2673	7.3
2674	5.5
2675	29.1
2676	5.9
2677	84.5
2678	38.4
2679	45.4
2680	65.3
2681	21
2682	11.4
2683	26.7
2684	9.2
2685	25
2686	29.4
2687	55.4
2688	22.5
2689	26.8
2690	44.8
2691	15.8
2692	5.1
2693	50
2694	51.4
2695	35
2696	15
2697	32.7
2698	70.5
2699	5
2700	39.9
2701	7.4
2702	38.4
2703	11.8
2704	2.2
2705	19.1
2706	46.2
2707	3.2
2708	37.2
2709	37.7
2710	48.5
2711	53.3
2712	27.5
2713	15.6
2714	58.1
2715	12.7
2716	48.5
2717	25.1
2718	12.7
2719	49.5
2720	34
2721	19.3
2722	28.7
2723	32.9
2724	3.1
2725	40.2
2726	14.8
2727	14.6
2728	12.1
2729	20.8
2730	22
2731	35.4
2732	44.3
2733	53.7
2734	25.7
2735	9.6
2736	4.2
2737	4.2
2738	44.9
2739	10
2740	35
2741	48
2742	39.3
2743	4.8
2744	13.8
2745	11.6
2746	3.3
2747	14.7
2748	40.5
2749	13.4
2750	52.6
2751	18.1
2752	29
2753	17
2754	59.3
2755	47.6
2756	15.9
2757	9.5
2758	38
2759	11.2
2760	10.6
2761	11.8
2762	11.6
2763	4.2
2764	29.7
2765	47.5
2766	65.3
2767	2.4
2768	71.5
2769	9.2
2770	12.1
2771	34.4
2772	38.5
2773	3.2
2774	15.5
2775	38.7
2776	15.5
2777	60.1
2778	26.4
2779	18.3
2780	2.7
2781	15.2
2782	2.7
2783	52.2
2784	53.4
2785	3.3
2786	4.5
2787	75.5
2788	12.9
2789	27.6
2790	35.8
2791	51.4
2792	19.9
2793	15.4
2794	16.4
2795	13.2
2796	43.5
2797	22.8
2798	43.7
2799	11.6
2800	33.1
2801	42.6
2802	33.4
2803	11.3
2804	1.6
2805	28.6
2806	14.7
2807	28.8
2808	40.3
2809	43.4
2810	2.3
2811	22.6
2812	52.8
2813	29.3
2814	20.5
2815	21.3
2816	12.5
2817	14.7
2818	10
2819	20.9
2820	74.4
2821	31.5
2822	14.2
2823	48
2824	2.6
2825	15.3
2826	2.4
2827	1.8
2828	67.9
2829	2
2830	15.5
2831	34.2
2832	34.1
2833	11.6
2834	26.5
2835	105.4
2836	18
2837	36
2838	95.7
2839	50.9
2840	72.8
2841	38.4
2842	6.3
2843	15.6
2844	1.7
2845	9.2
2846	2
2847	21.4
2848	38.1
2849	45.5
2850	23.6
2851	4.8
2852	27.4
2853	12.3
2854	55.5
2855	18.9
2856	102.8
2857	27.4
2858	51.6
2859	13
2860	14.4
2861	20.6
2862	32.2
2863	3.7
2864	37.1
2865	27.6
2866	44.4
2867	7.6
2868	7.3
2869	45.3
2870	17.9
2871	39.8
2872	38
2873	61.3
2874	1.4
2875	21.3
2876	1
2877	18.9
2878	15.3
2879	0.5
2880	20.8
2881	32.3
2882	34.1
2883	13.2
2884	24.2
2885	9.1
2886	32.3
2887	2
2888	0.6
2889	2
2890	2
2891	25.3
2892	38.7
2893	63.7
2894	34.2
2895	33.1
2896	0.3
2897	52
2898	13.8
2899	55.3
2900	26.2
2901	2.1
2902	34.9
2903	56
2904	0.3
2905	13.9
2906	36.6
2907	10.3
2908	7.8
2909	24.5
2910	3.2
2911	61.5
2912	22.2
2913	33.1
2914	37.1
2915	7.4
2916	37
2917	1.4
2918	44.1
2919	5.9
2920	8.4
2921	32.5
2922	6.9
2923	12.8
2924	12.9
2925	33.2
2926	7.2
2927	0.6
2928	35.5
2929	8.5
2930	72.4
2931	31
2932	34.3
2933	10.3
2934	1
2935	10.1
2936	4.9
2937	6.9
2938	6.1
2939	10.8
2940	3
2941	9.7
2942	1
2943	27.4
2944	6.9
2945	14.4
2946	43.9
2947	17.4
2948	37.7
2949	17.4
2950	5.6
2951	33.2
2952	48.9
2953	22.9
2954	41.2
2955	22.2
2956	31.5
2957	6.6
2958	28.8
2959	3.7
2960	20
2961	16.9
2962	14
2963	26
2964	39.7
2965	5.8
2966	24.3
2967	47.4
2968	41.5
2969	1.6
2970	4.7
2971	23
2972	28.8
2973	4.5
2974	22.8
2975	56
2976	31.3
2977	9.3
2978	26.4
2979	34.2
2980	17.5
2981	44.2
2982	31.5
2983	15
2984	37.3
2985	35.2
2986	18.6
2987	7.8
2988	15
2989	2.1
2990	6.5
2991	60.6
2992	37.3
2993	27.3
2994	8.2
2995	16.5
2996	36.8
2997	30.5
2998	7.5
2999	28.6
3000	4.9
3001	1.8
3002	22.1
3003	4.4
3004	27
3005	14.1
3006	22.1
3007	36.1
3008	13.3
3009	13.2
3010	1.7
3011	18.6
3012	16.7
3013	26.5
3014	5
3015	12.5
3016	6.8
3017	49.9
3018	5.3
3019	13.6
3020	2.5
3021	16.8
3022	2.6
3023	18
3024	17.6
3025	6
3026	22.6
3027	18.4
3028	11.5
3029	27.3
3030	3
3031	17.4
3032	22.6
3033	13.1
3034	21.7
3035	10.8
3036	2.7
3037	20.8
3038	13.8
3039	4.4
3040	17
3041	55
3042	50.8
3043	24.4
3044	34
3045	20
3046	10.9
3047	19.7
3048	22.5
3049	5.5
3050	29
3051	43.7
3052	3.6
3053	28.3
3054	6.3
3055	9.8
3056	23.5
3057	18.2
3058	23.4
3059	16.6
3060	8.7
3061	2.3
3062	14.2
3063	36.8
3064	29.8
3065	3.6
3066	60.8
3067	2.4
3068	64.3
3069	13.6
3070	18.2
3071	23.5
3072	7.2
3073	1.3
3074	20.6
3075	17.2
3076	18.2
3077	14.6
3078	6.6
3079	18.7
3080	19.7
3081	13.9
3082	2
3083	40.2
3084	2.1
3085	5.2
3086	27.6
3087	65.6
3088	81.2
3089	59.5
3090	10.3
3091	23.6
3092	2.1
3093	24.1
3094	2.2
3095	7.8
3096	15.4
3097	2.1
3098	66.1
3099	8.6
3100	14.6
3101	3.4
3102	17.3
3103	18.8
3104	19.4
3105	3
3106	16.8
3107	13.7
3108	8.1
3109	21.1
3110	12.2
3111	61.7
3112	5.6
3113	41.5
3114	27.2
3115	3.6
3116	15.5
3117	18.5
3118	105.1
3119	178.3
3120	3.5
3121	87.8
3122	2.4
3123	23.2
3124	9
3125	11.8
3126	3.7
3127	4.7
3128	17.5
3129	15.6
3130	13.6
3131	128.2
3132	14.2
3133	20.5
3134	17.7
3135	3.6
3136	29.7
3137	3.9
3138	13.5
3139	61.3
3140	8.7
3141	10.1
3142	11.8
3143	96.3
3144	18.5
3145	4.9
3146	14.3
3147	3.3
3148	14.7
3149	6.6
3150	12.4
3151	19.4
3152	26.9
3153	17.1
3154	8.4
3155	9.3
3156	52.6
3157	49.2
3158	9.2
3159	6.9
3160	4.9
3161	24.2
3162	22.5
3163	11.4
3164	5.7
3165	9.1
3166	26.8
3167	7.5
3168	85.3
3169	9.2
3170	19.1
3171	1.6
3172	82.3
3173	9.3
3174	0.6
3175	13.2
3176	1.9
3177	11.4
3178	10.8
3179	8.2
3180	5.5
3181	4
3182	17.2
3183	11.3
3184	30.6
3185	28.4
3186	39.2
3187	79.8
3188	0.1
3189	40.9
3190	0.3
3191	2.1
3192	0.4
3193	2.6
3194	18.7
3195	31.4
3196	2.5
3197	3.1
3198	3.4
3199	47.2
3200	7.6
3201	7.3
3202	39.3
3203	13.7
3204	7.2
3205	19.9
3206	9.1
3207	0.5
3208	5.5
3209	12.2
3210	38
3211	35.2
3212	36.7
3213	6.3
3214	6.4
3215	0.3
3216	3.9
3217	8.5
3218	27.2
3219	22.7
3220	2.4
3221	8.7
3222	40.5
3223	0.2
3224	32
3225	10.1
3226	16.5
3227	4.1
3228	0
3229	8
3230	14.3
3231	1.5
3232	3.5
3233	8.2
3234	19
3235	26.2
3236	42
3237	7.8
3238	34.1
3239	7.3
3240	14.9
3241	10.1
3242	1.1
3243	31.9
3244	0
3245	4.3
3246	5.2
3247	8.3
3248	9.1
3249	3.2
3250	5.9
3251	17.6
3252	46.7
3253	0
3254	36.2
3255	5.8
3256	2.5
3257	42.5
3258	0.2
3259	10.1
3260	1.7
3261	4.6
3262	52.2
3263	4.6
3264	5.8
3265	2.8
3266	1.4
3267	5.8
3268	40
3269	43.1
3270	2.4
3271	3.1
3272	42
3273	6.9
3274	41.3
3275	0.4
3276	4.1
3277	3.1
3278	16
3279	3.7
3280	3.2
3281	5.2
3282	0.9
3283	45.2
3284	2
3285	2.3
3286	35.3
3287	2.7
3288	4.2
3289	4
3290	1.5
3291	33.2
3292	0.9
3293	5.3
3294	5.4
3295	3.8
3296	0.2
3297	0.1
3298	3.8
3299	0.1
3300	13.9
3301	1
3302	3.1
3303	33.9
3304	3.2
3305	35.8
3306	3.4
3307	2.5
3308	35.8
3309	0.3
3310	3.8
3311	1.3
3312	3
3313	0.4
3314	1.1
3315	3.3
3316	46.6
3317	1.6
3318	39.1
3319	0.7
3320	0
3321	1.3
3322	0.5
3323	6.6
3324	3
3325	1.4
3326	0.3
3327	0.1
3328	1.8
3329	0
3330	14.8
3331	2.1
3332	2.1
3333	0.6
3334	0.5
3335	25.9
3336	0.9
3337	0
3338	0.1
3339	0.6
3340	1.7
3341	16.1
3342	0.7
3343	1.5
3344	0.3
3345	0.2
3346	0.7
3347	0.6
3348	0.1
3349	1.1
3350	27.9
3351	0.9
3352	22.7
3353	0.2
3354	1.5
3355	0.5
3356	1.2
3357	2.8
3358	0.8
3359	0.3
3360	30.9
3361	0.3
3362	1.7
3363	10.1
3364	7
3365	2.8
3366	0.3
3367	1.4
3368	1
3369	1.1
3370	8.2
3371	0.6
3372	1.4
3373	1
3374	0.6
3375	2.3
3376	0.3
3377	0.8
3378	1.5
3379	0.7
3380	0.5
3381	0.9
3382	1
3383	0.7
3384	0.7
3385	0.9
3386	1
3387	1
3388	0.8
3389	1.2
3390	1.3
3391	0.7
3392	0.6
3393	0.6
3394	0.9
3395	0.6
3396	0.6
3397	0.6
3398	0.2
3399	0.1
3400	74.5
3401	106.9
3402	83.2
3403	101
3404	82.8
3405	70.6
3406	92
3407	110.6
3408	87.4
3409	105.8
3410	6.4
3411	12.6
3412	56.1
3413	109.4
3414	56.9
3415	73.3
3416	68.4
3417	72.4
3418	51
3419	60.8
3420	22.6
3421	58.5
3422	53.5
3423	62.2
3424	23.1
3425	94.9
3426	76
3427	31.1
3428	5.5
3429	42.5
3430	9.1
3431	80.9
3432	61.5
3433	56.1
3434	27.8
3435	29.3
3436	57.4
3437	41.5
3438	20.7
3439	27.3
3440	48.2
3441	67.3
3442	178.9
3443	33.6
3444	37.5
3445	22.7
3446	39.6
3447	41.1
3448	84.2
3449	39.6
3450	20.6
3451	38.8
3452	49.9
3453	38.4
3454	47
3455	68.5
3456	58.7
3457	104.3
3458	63.7
3459	24.8
3460	53.1
3461	69.8
3462	63.9
3463	77.2
3464	31.2
3465	38.1
3466	32.2
3467	72
3468	56
3469	39.8
3470	60
3471	85.2
3472	26.7
3473	135.6
3474	60.7
3475	94.4
3476	55.6
3477	51.6
3478	44.8
3479	37
3480	78.7
3481	63.4
3482	23.3
3483	109.4
3484	101.7
3485	119.6
3486	50.6
3487	9.3
3488	32.9
3489	104.7
3490	74.9
3491	36.7
3492	65.7
3493	63.6
3494	27.5
3495	69.6
3496	8.7
3497	55.4
3498	57.3
3499	80.6
3500	32.1
3501	4.8
3502	1.2
3503	28.7
3504	28.5
3505	50.6
3506	102.7
3507	27.4
3508	112
3509	13.6
3510	53.9
3511	63.7
3512	48.8
3513	36.6
3514	59.6
3515	69.3
3516	46.3
3517	38.5
3518	27
3519	25.5
3520	16.8
3521	29.4
3522	64.2
3523	34.2
3524	51.2
3525	40.8
3526	10.5
3527	36.5
3528	26.3
3529	66.6
3530	61.4
3531	76.8
3532	12.4
3533	28.8
3534	32.7
3535	24.3
3536	12.2
3537	4
3538	36.9
3539	50.6
3540	59.4
3541	33
3542	29.3
3543	41.5
3544	107.3
3545	23.4
3546	29.7
3547	30.4
3548	17.5
3549	22.8
3550	28.9
3551	29.4
3552	32.4
3553	31.8
3554	37
3555	35
3556	17.9
3557	3
3558	20.2
3559	2.8
3560	25.5
3561	7.1
3562	12.8
3563	20.7
3564	14.4
3565	11.9
3566	13.1
3567	18.3
3568	20.6
3569	82.5
3570	11.2
3571	11.6
3572	16.3
3573	25.5
3574	22.3
3575	22.8
3576	46.5
3577	26.3
3578	22.3
3579	10.1
3580	9.7
3581	1.7
3582	29.5
3583	3.8
3584	29.3
3585	9.7
3586	38.3
3587	4.8
3588	0
3589	0.6
3590	0.8
3591	47.4
3592	0.5
3593	0.4
3594	1.1
