"COMID"	"Value"
1	95
2	20.6
3	111.7
4	91.9
5	104.8
6	6.5
7	116.1
8	17.2
9	1.3
10	1.8
11	76
12	0.7
13	15
14	140.4
15	18.7
16	55.9
17	96.9
18	87.4
19	151.1
20	95.6
21	21.9
22	160.7
23	0.7
24	0.5
25	78.7
26	34.7
27	52.8
28	98.1
29	29.4
30	12.7
31	83.1
32	95.6
33	127
34	0.2
35	21.8
36	2
37	94.3
38	1.8
39	0.4
40	120.7
41	123
42	7.1
43	164.1
44	121.6
45	9
46	13.3
47	20.5
48	131
49	72.8
50	6.7
51	0.2
52	12.4
53	1.8
54	162.2
55	134.7
56	83.2
57	144.3
58	0.1
59	4.4
60	0
61	0.5
62	0.7
63	115.6
64	34.5
65	0.3
66	28.4
67	107.2
68	21.2
69	10
70	0.9
71	3.4
72	80.8
73	0
74	87.8
75	2.5
76	1.3
77	27.9
78	3.5
79	123.7
80	0.6
81	4.4
82	10.1
83	59.8
84	1
85	66.4
86	26.1
87	0.1
88	0.1
89	3.5
90	18.5
91	1
92	107
93	63.8
94	1.9
95	138.3
96	0
97	120.5
98	1.4
99	5.8
100	121.3
101	73.7
102	51.4
103	0
104	17.4
105	0.1
106	109.8
107	2.8
108	3.3
109	0
110	0
111	2.6
112	107.4
113	1.2
114	93.8
115	22.9
116	32.9
117	98.4
118	126.6
119	8.4
120	6.7
121	9.4
122	38
123	2.9
124	95.8
125	52
126	116.7
127	9.9
128	125.4
129	0
130	1.5
131	23.3
132	0.3
133	120.1
134	33.2
135	148.4
136	49.5
137	150.5
138	0.1
139	0
140	24.4
141	25.2
142	0.4
143	5.8
144	5.4
145	0.1
146	111.8
147	115.4
148	167.5
149	169.6
150	130.1
151	22.5
152	116.9
153	0
154	132.9
155	2.7
156	0.8
157	145.3
158	0.1
159	35.5
160	83.6
161	0.7
162	0.2
163	11.3
164	0.6
165	5.4
166	0.1
167	121.7
168	11.8
169	144.7
170	53.3
171	66.1
172	0.5
173	1.6
174	0
175	14.5
176	101.7
177	38.7
178	62.9
179	106.8
180	0.1
181	0.8
182	13.3
183	8.1
184	0
185	0.1
186	21.6
187	43.9
188	0.1
189	0.1
190	36.6
191	0.1
192	83.6
193	0.3
194	106.2
195	19.6
196	0
197	38.5
198	0.1
199	97.3
200	0.1
201	0.1
202	0.2
203	0
204	0
205	0.2
206	55.2
207	5.1
208	100.8
209	107.8
210	58.1
211	130.5
212	99.9
213	97.1
214	0.2
215	123.7
216	46.6
217	30.2
218	10.2
219	12.6
220	0
221	7.7
222	109.4
223	83.1
224	0.9
225	20.2
226	94
227	7.5
228	120.9
229	0
230	4.3
231	35.4
232	34.3
233	91.9
234	10.7
235	0.5
236	81.5
237	18
238	9.7
239	68.8
240	68.8
241	90.7
242	0.2
243	4.7
244	80.4
245	113.9
246	62.8
247	1.3
248	1
249	0.2
250	77.7
251	69.9
252	146
253	38.9
254	0.3
255	0
256	7.1
257	0.2
258	26.2
259	1.1
260	0.8
261	104.6
262	65.7
263	1.7
264	0
265	0
266	92.6
267	81.8
268	88.2
269	89.2
270	0
271	52.6
272	76.8
273	60.4
274	5.5
275	61.9
276	6.4
277	0.1
278	57
279	0.1
280	64
281	72.7
282	61.7
283	0
284	12.2
285	0.5
286	57.9
287	165.5
288	3.5
289	0
290	0
291	53.9
292	3.9
293	7.6
294	117.2
295	0
296	47.3
297	67.7
298	0.1
299	27.3
300	68
301	0
302	70
303	30.4
304	2.7
305	63.5
306	9.5
307	67.3
308	43.1
309	0.3
310	22.7
311	70.4
312	57.5
313	39.7
314	4.1
315	0
316	0.1
317	8.7
318	15.4
319	7.5
320	59.6
321	0.1
322	27.2
323	60.4
324	0.4
325	7
326	81.5
327	0.3
328	0.3
329	0.1
330	0.5
331	0.3
332	0.2
333	0.5
334	0.2
335	26.5
336	0.5
337	6.5
338	0.5
339	4.2
340	2.7
341	0.6
342	7.7
343	0.4
344	14.7
345	5.1
346	11.7
347	0.4
348	12.9
349	6.3
350	0.5
351	0.8
352	0.3
353	45.8
354	3.5
355	6.4
356	0.3
357	8.2
358	3.2
359	9.5
360	2.2
361	0.4
362	2
363	1.6
364	9.3
365	26.4
366	18.8
367	8.7
368	140.1
369	6.1
370	37
371	7.6
372	1.1
373	16.8
374	8.2
375	103.7
376	47.6
377	39.3
378	11.1
379	8
380	43.2
381	6.1
382	5.5
383	37.4
384	12
385	7.8
386	6.6
387	137.8
388	12.6
389	17.4
390	99.9
391	1.5
392	27.1
393	9.5
394	1.9
395	4
396	7.9
397	8.6
398	0.1
399	15.3
400	0.1
401	41.2
402	7.6
403	6.5
404	4.5
405	5.5
406	160.8
407	12.1
408	3.6
409	6.6
410	105.1
411	30.6
412	2.7
413	187.4
414	1.6
415	5.5
416	1.8
417	3.4
418	2.7
419	31.3
420	2.4
421	8.2
422	7.6
423	74.1
424	116
425	39.9
426	3.6
427	161.2
428	89.4
429	25.1
430	111.1
431	8
432	5.6
433	39
434	12.2
435	0.9
436	21.9
437	16.4
438	78.6
439	3.6
440	24.5
441	152
442	2.7
443	71.6
444	10.4
445	160.9
446	0.6
447	165
448	115
449	0.2
450	25.4
451	3.3
452	112.8
453	2.7
454	0.2
455	29.8
456	0.6
457	77.4
458	129.3
459	102.7
460	11
461	97.9
462	197.9
463	0.7
464	2.7
465	110.1
466	10.1
467	94.1
468	0
469	25.2
470	0.1
471	1
472	51.4
473	27
474	0
475	0.9
476	0
477	213.3
478	0.4
479	47.1
480	77.4
481	8.7
482	2.6
483	103.1
484	1.6
485	16.4
486	24.9
487	43.1
488	27.4
489	9.1
490	27.2
491	67.5
492	73.4
493	8.9
494	100.6
495	18.7
496	3.1
497	136
498	33.1
499	7
500	67.6
501	113.6
502	116.2
503	0.2
504	1.4
505	29
506	99.8
507	133.7
508	32
509	69
510	122.6
511	67.6
512	103.8
513	0.8
514	30.8
515	2.6
516	4.6
517	90.5
518	7.5
519	16.6
520	27.5
521	91.5
522	1.8
523	0.8
524	69.3
525	88.8
526	20.9
527	140.3
528	0.3
529	3.1
530	160.9
531	78
532	94.5
533	167
534	32.3
535	150.9
536	66.9
537	17.4
538	6.1
539	5
540	0.3
541	75.8
542	69.6
543	66.4
544	3.9
545	21.6
546	109.2
547	33.6
548	18.8
549	36.3
550	3.8
551	73
552	47.8
553	7.3
554	2.2
555	0.1
556	58.7
557	21.1
558	27.8
559	113.4
560	81.5
561	17.5
562	87.7
563	2.7
564	41.8
565	113.7
566	65.3
567	0.5
568	91
569	46.8
570	1.7
571	20.9
572	59.1
573	16.5
574	53.4
575	0.6
576	27.1
577	11.3
578	95.5
579	176.4
580	64.1
581	10.2
582	45.5
583	0.3
584	0.3
585	29.2
586	52.6
587	58.8
588	6.4
589	40.7
590	1.9
591	32.9
592	217.8
593	51.9
594	35.2
595	21.2
596	0.5
597	1.5
598	3.6
599	70.3
600	18.7
601	4.7
602	1.8
603	64.8
604	18.4
605	5
606	26.2
607	0.7
608	11.8
609	13
610	0.6
611	4.9
612	11.4
613	1
614	157.4
615	3
616	6.4
617	83.3
618	64.2
619	51
620	29.1
621	18.8
622	209.8
623	235.4
624	161.3
625	0.6
626	0.6
627	65.8
628	1.2
629	18.8
630	125.4
631	0.7
632	89.1
633	48.4
634	1.2
635	60.9
636	17.1
637	24.2
638	0.1
639	51.3
640	4.6
641	124.7
642	5.7
643	162.3
644	21.8
645	80.8
646	58.7
647	0.7
648	100.7
649	137.6
650	0.6
651	198.4
652	1.2
653	1.4
654	0.3
655	2.5
656	0.9
657	179.8
658	17
659	152.1
660	41.5
661	13.5
662	60.8
663	153.9
664	0.3
665	0.3
666	0.4
667	43.9
668	74.8
669	32.7
670	0.5
671	0.7
672	0.5
673	65.4
674	9.2
675	101.1
676	100
677	178.7
678	15.1
679	0.8
680	2.9
681	88.5
682	140
683	91.4
684	129.7
685	0.6
686	146.8
687	3.3
688	120.4
689	0.7
690	59.3
691	18.5
692	140.6
693	15.8
694	12.3
695	17.2
696	143.1
697	0.9
698	141.7
699	125.7
700	79.2
701	13.9
702	148.3
703	87.4
704	133.1
705	124.4
706	19.7
707	175.3
708	104.8
709	132.4
710	96.7
711	9.5
712	62.6
713	92.7
714	7.5
715	89.3
716	11.1
717	81.6
718	126.9
719	86.1
720	74.9
721	0.6
722	122.7
723	112.2
724	195.3
725	0.6
726	3.2
727	13.5
728	179.7
729	15.9
730	92.8
731	17.5
732	15.6
733	70.7
734	42.3
735	52.7
736	19.1
737	144.9
738	63.8
739	136.1
740	188.2
741	150.7
742	101.8
743	108.8
744	13.8
745	1.1
746	29.5
747	75.8
748	0.1
749	125.6
750	4
751	49.4
752	92.4
753	74
754	102.3
755	84.9
756	25.5
757	96
758	119.6
759	0.5
760	28.7
761	0.5
762	113.4
763	94.9
764	174.6
765	40.6
766	18.7
767	87.5
768	143.6
769	162.9
770	169.8
771	78.3
772	71.8
773	29.4
774	24.4
775	15.6
776	10.5
777	104.6
778	31.9
779	16.2
780	148.6
781	79.9
782	237
783	181.4
784	319.1
785	268.7
786	140.7
787	298.5
788	180.9
789	231.4
790	143.9
791	170.8
792	124.2
793	177.9
794	261.2
795	293.2
796	150.9
797	304.5
798	98.6
799	139
800	193.9
801	173.9
802	162.8
803	143.3
804	161
805	109.2
806	79.4
807	90.7
808	134
809	229.5
810	276.5
811	84.7
812	195
813	101.2
814	124.4
815	137.1
816	116.7
817	123.7
818	178
819	279.2
820	97.4
821	74.8
822	112
823	110.3
824	178.2
825	76.3
826	247.1
827	156.7
828	128.5
829	92.4
830	167.5
831	161.6
832	160.6
833	114.6
834	217.7
835	115.2
836	157.8
837	92.2
838	114.9
839	210.8
840	106.7
841	74.5
842	142.3
843	63.9
844	223
845	87
846	210.6
847	106.3
848	113.3
849	116.3
850	172.7
851	150.9
852	142.9
853	100.9
854	143.6
855	117.8
856	91.2
857	61.8
858	156.7
859	81.6
860	162.4
861	121.1
862	27.8
863	109
864	56.7
865	115
866	114.8
867	113.1
868	193.3
869	48.5
870	73.3
871	77.3
872	61.5
873	32.1
874	114.2
875	160
876	74.6
877	119.5
878	108.9
879	108.3
880	116.9
881	115.8
882	196.5
883	95.9
884	140.7
885	151.1
886	18.2
887	134.8
888	114.2
889	141.3
890	118.8
891	103.9
892	168.8
893	120.9
894	29.5
895	92.9
896	158.2
897	97.1
898	67.7
899	132.6
900	144.8
901	170
902	169.7
903	148.5
904	156.8
905	182.8
906	162.8
907	227.1
908	105.9
909	159.2
910	39.9
911	151.9
912	76.6
913	265.7
914	102.4
915	34.7
916	169.5
917	145.9
918	144.9
919	155
920	92.8
921	88.7
922	241.4
923	37.9
924	138.3
925	109.1
926	193.1
927	149.4
928	147.9
929	121.7
930	190.3
931	133
932	188.7
933	126
934	29.8
935	78.1
936	119
937	167.6
938	140.2
939	126.2
940	105
941	94.2
942	256.8
943	24.6
944	151.5
945	230.3
946	124.3
947	23.1
948	216.1
949	134.3
950	108.4
951	138.8
952	143.5
953	189.6
954	183.5
955	125.6
956	168.8
957	176.7
958	202.2
959	186.5
960	141.9
961	134.7
962	156.2
963	206.7
964	19.6
965	89.7
966	172.4
967	13.7
968	219.6
969	253.2
970	41.9
971	102.9
972	195.4
973	185.3
974	198.7
975	116.3
976	108.4
977	105.5
978	152.3
979	194.8
980	107.2
981	68.9
982	176.2
983	78.1
984	100.1
985	101.1
986	65.3
987	171.9
988	81.4
989	160
990	24.1
991	53.3
992	77.2
993	104
994	184.9
995	154.7
996	60.6
997	77.4
998	200.3
999	206.3
1000	13.2
1001	201.7
1002	132.1
1003	34.1
1004	56
1005	135.1
1006	225.4
1007	13
1008	150.2
1009	78.4
1010	199.9
1011	203.8
1012	191.7
1013	167.1
1014	79.8
1015	184.4
1016	25.9
1017	100.7
1018	200.4
1019	210.1
1020	192.4
1021	214.4
1022	198.4
1023	222.8
1024	79.5
1025	136.4
1026	211.8
1027	119.7
1028	70.4
1029	158.7
1030	219.7
1031	16.3
1032	45.7
1033	222.4
1034	146.8
1035	183.3
1036	209.4
1037	155.1
1038	113.4
1039	124.1
1040	179.9
1041	118.4
1042	202.6
1043	17.5
1044	117.6
1045	246.8
1046	180.2
1047	86.9
1048	180.4
1049	92.2
1050	22.3
1051	224.6
1052	192.3
1053	187.5
1054	173.4
1055	196.6
1056	138.5
1057	197.7
1058	190.1
1059	224.2
1060	187.9
1061	15.8
1062	136.8
1063	93.4
1064	97.2
1065	86.2
1066	155.7
1067	207.7
1068	230.3
1069	113.9
1070	91.8
1071	186.8
1072	136.9
1073	97.6
1074	205.9
1075	73.6
1076	212.8
1077	224.9
1078	183.3
1079	254.5
1080	160.1
1081	234.2
1082	141.8
1083	174.3
1084	227.7
1085	159.2
1086	73.8
1087	17.9
1088	176.9
1089	127.7
1090	201.2
1091	80
1092	182.8
1093	206.8
1094	102.5
1095	295.1
1096	277.6
1097	90.5
1098	261.2
1099	66.9
1100	16.5
1101	106.6
1102	119.2
1103	114.1
1104	169.2
1105	327.8
1106	162.4
1107	143
1108	183.8
1109	200.6
1110	137.3
1111	181.3
1112	129
1113	95.1
1114	223.8
1115	191.7
1116	110.1
1117	89.2
1118	176.2
1119	183.7
1120	205.9
1121	174.8
1122	210.5
1123	226.6
1124	201.9
1125	101.6
1126	145.4
1127	105.2
1128	106.6
1129	161.8
1130	173
1131	109.2
1132	163.2
1133	102
1134	165.3
1135	194.2
1136	117.7
1137	180.6
1138	218.6
1139	136.3
1140	191
1141	193.5
1142	109.1
1143	125.9
1144	245.7
1145	166.5
1146	165.7
1147	166.6
1148	90.8
1149	149.3
1150	95.9
1151	183.3
1152	113.5
1153	125.3
1154	12.2
1155	177.3
1156	92.5
1157	79.8
1158	171.4
1159	62.3
1160	221.4
1161	114.1
1162	160.9
1163	189.8
1164	183.3
1165	168
1166	136.1
1167	89
1168	92.8
1169	112.9
1170	114.7
1171	166.7
1172	61
1173	125
1174	76.8
1175	224.7
1176	47.4
1177	192.9
1178	168
1179	244.4
1180	192.3
1181	132.3
1182	191.5
1183	101.7
1184	202.3
1185	142.9
1186	110.9
1187	79.4
1188	210.3
1189	162.7
1190	100
1191	130.5
1192	199.9
1193	99.8
1194	182.2
1195	191.9
1196	96.8
1197	225.7
1198	123.3
1199	120.7
1200	23.3
1201	210
1202	220.6
1203	255.6
1204	101.4
1205	167.4
1206	73.5
1207	177.3
1208	126.8
1209	181.8
1210	104.5
1211	111.2
1212	212.7
1213	80.7
1214	106
1215	171.6
1216	145.3
1217	143.2
1218	112.2
1219	134.9
1220	120.9
1221	196.5
1222	154.1
1223	214.3
1224	220
1225	184.4
1226	107.3
1227	164.2
1228	203.9
1229	153.6
1230	167.8
1231	94
1232	141.2
1233	275.3
1234	201.5
1235	158.2
1236	135.2
1237	64.5
1238	116.7
1239	276
1240	238.5
1241	122
1242	151.5
1243	158.1
1244	259.1
1245	106.9
1246	90.3
1247	82.9
1248	36.7
1249	263.6
1250	145.2
1251	174.9
1252	265
1253	238.4
1254	161.8
1255	219.4
1256	102.5
1257	171.8
1258	162.1
1259	244.4
1260	97
1261	168.5
1262	112.9
1263	163.7
1264	170.3
1265	230.4
1266	161.1
1267	229.8
1268	145.2
1269	61
1270	96.5
1271	201.3
1272	164.7
1273	145.7
1274	140.1
1275	240.3
1276	123.6
1277	156.8
1278	103
1279	37.8
1280	255.2
1281	182.3
1282	252.6
1283	158.5
1284	76.9
1285	137.8
1286	138.9
1287	140
1288	122.1
1289	177.6
1290	159.5
1291	139.6
1292	149.3
1293	32.3
1294	134
1295	256
1296	131.9
1297	62.3
1298	134.9
1299	242.6
1300	184.6
1301	212.2
1302	150
1303	220
1304	69.3
1305	182.8
1306	210.4
1307	255.7
1308	175.7
1309	162.9
1310	157
1311	159
1312	109.1
1313	213.5
1314	236.5
1315	190.4
1316	160.8
1317	152
1318	247.2
1319	109.7
1320	104.8
1321	155.8
1322	247.8
1323	158.2
1324	186.7
1325	180.6
1326	130.9
1327	172.8
1328	184.6
1329	73.4
1330	175.1
1331	152.4
1332	29.6
1333	82.5
1334	157.5
1335	286.4
1336	150.2
1337	196.1
1338	164.7
1339	191.4
1340	160.9
1341	186.7
1342	207.7
1343	183.8
1344	170.2
1345	196
1346	218.2
1347	112.5
1348	118.5
1349	170.7
1350	189.4
1351	106.5
1352	53.6
1353	244.1
1354	134.1
1355	108
1356	38.6
1357	89.5
1358	102.7
1359	186
1360	194.5
1361	160.6
1362	183.6
1363	305.1
1364	308.4
1365	190.5
1366	152.6
1367	181.8
1368	142.5
1369	160.3
1370	238.6
1371	177.9
1372	124.9
1373	133.4
1374	315.2
1375	224.7
1376	53
1377	160.2
1378	180.3
1379	205.6
1380	183
1381	156.1
1382	109.4
1383	204.2
1384	121.8
1385	51.9
1386	162.5
1387	196.9
1388	164
1389	161.2
1390	132.3
1391	142.1
1392	164.8
1393	167.6
1394	169.4
1395	182.9
1396	175.1
1397	132.4
1398	354.5
1399	263
1400	93.6
1401	175.2
1402	161.7
1403	233.1
1404	153.4
1405	255.1
1406	217.3
1407	332.1
1408	175.2
1409	361.8
1410	142.7
1411	129.1
1412	237.4
1413	170.5
1414	140.4
1415	362.1
1416	142.5
1417	187.6
1418	245.2
1419	176.8
1420	140.8
1421	210
1422	341.5
1423	67.7
1424	149.3
1425	138.9
1426	140.4
1427	127.9
1428	252.7
1429	236.6
1430	117
1431	201.9
1432	227.6
1433	139.3
1434	212.5
1435	126.7
1436	243.4
1437	157.9
1438	171.1
1439	164.6
1440	169.7
1441	144.7
1442	171.5
1443	95
1444	257.6
1445	165.8
1446	334.9
1447	169.1
1448	136.2
1449	297.7
1450	300.8
1451	167.8
1452	254.8
1453	211.5
1454	69.9
1455	284
1456	228.7
1457	163
1458	119.3
1459	179.3
1460	233.6
1461	180.7
1462	117.8
1463	151.6
1464	161.3
1465	210.1
1466	166.6
1467	178
1468	135.5
1469	108.5
1470	338.6
1471	169.1
1472	179.1
1473	152.8
1474	370.9
1475	143.2
1476	169.6
1477	298.1
1478	263.6
1479	156.8
1480	150.1
1481	195.8
1482	161.7
1483	185.3
1484	280.5
1485	106.4
1486	188.7
1487	165.2
1488	221.5
1489	149
1490	220.4
1491	107.1
1492	188.3
1493	264.7
1494	184.1
1495	138.9
1496	143.9
1497	175.6
1498	183.3
1499	110.7
1500	176.8
1501	179.7
1502	177.2
1503	277.3
1504	155.1
1505	183.6
1506	189.8
1507	208.3
1508	313.6
1509	128.3
1510	186.6
1511	255.5
1512	177.1
1513	187.2
1514	224.3
1515	176.9
1516	185.4
1517	177.5
1518	208.7
1519	133.3
1520	183
1521	157.1
1522	205.4
1523	190.5
1524	153.4
1525	194.9
1526	240.2
1527	186.8
1528	209.8
1529	149.4
1530	204.1
1531	316.4
1532	363.2
1533	285.7
1534	208.2
1535	46.9
1536	196.9
1537	197
1538	78.4
1539	209.3
1540	188.6
1541	174.6
1542	167.2
1543	191.9
1544	189.9
1545	180.4
1546	56.8
1547	189.9
1548	178.3
1549	201.9
1550	167.3
1551	153.5
1552	174.3
1553	153.2
1554	142.8
1555	166.6
1556	157.2
1557	304.5
1558	227.5
1559	150.6
1560	140.7
1561	143.8
1562	212.1
1563	425.8
1564	139.7
1565	136.4
1566	282.2
1567	140.1
1568	247.6
1569	162.1
1570	175.9
1571	192
1572	212
1573	204
1574	245.6
1575	194.6
1576	266.4
1577	174.8
1578	143.7
1579	184.7
1580	172.4
1581	217.4
1582	192.7
1583	222.5
1584	50.4
1585	221.9
1586	162.6
1587	181.2
1588	182.9
1589	328.2
1590	153.7
1591	171.2
1592	159.4
1593	349.6
1594	176
1595	153.2
1596	177.9
1597	231.1
1598	176.7
1599	206.9
1600	201.7
1601	90.2
1602	192.7
1603	176.6
1604	170.1
1605	226.2
1606	261.4
1607	268.9
1608	171.2
1609	222.8
1610	182.8
1611	570.7
1612	174.7
1613	204.8
1614	176
1615	297.7
1616	185.4
1617	214.8
1618	240.8
1619	206
1620	310.7
1621	200.9
1622	516.7
1623	216.7
1624	160.3
1625	214.9
1626	468.7
1627	221.6
1628	187.2
1629	229.2
1630	456
1631	101.4
1632	145.5
1633	159.7
1634	187.7
1635	175
1636	202.9
1637	218.9
1638	153.9
1639	201.1
1640	183.3
1641	250.9
1642	159.1
1643	224.6
1644	247.9
1645	152.3
1646	211.3
1647	225
1648	197.3
1649	336.8
1650	269.1
1651	323.8
1652	244.5
1653	199
1654	472.9
1655	231.3
1656	515.4
1657	142.8
1658	246.1
1659	274.7
1660	242.1
1661	210.6
1662	256.3
1663	203.2
1664	201.8
1665	186.3
1666	625.6
1667	176.1
1668	252.9
1669	242.9
1670	237.4
1671	241
1672	470.2
1673	305.7
1674	208.8
1675	250.7
1676	264.4
1677	391.8
1678	189.7
1679	190.1
1680	273.3
1681	245.8
1682	183.1
1683	207.9
1684	194.2
1685	222.3
1686	89.8
1687	171.8
1688	208.2
1689	323.9
1690	435.7
1691	220.9
1692	381.9
1693	363.7
1694	223.3
1695	328.3
1696	207.1
1697	217.7
1698	177.2
1699	221.2
1700	123.1
1701	377
1702	221.5
1703	244.5
1704	192.2
1705	162.6
1706	200.8
1707	175.6
1708	165.4
1709	196.2
1710	261.9
1711	198.9
1712	206.3
1713	326.1
1714	223.4
1715	318.3
1716	192.3
1717	231.2
1718	192.3
1719	137.3
1720	169
1721	539.8
1722	191.7
1723	229.5
1724	213.4
1725	203.4
1726	225.6
1727	188.4
1728	197
1729	340.7
1730	284.5
1731	230.5
1732	199.4
1733	225
1734	260.7
1735	323.2
1736	197.8
1737	208.5
1738	193
1739	180.6
1740	253.7
1741	358.3
1742	204
1743	222.2
1744	209.9
1745	172.2
1746	163
1747	254.5
1748	206.8
1749	151.7
1750	143.1
1751	139.7
1752	167.8
1753	203.3
1754	169.2
1755	144.1
1756	185.9
1757	177.5
1758	182.2
1759	226.5
1760	161.4
1761	182
1762	153.5
1763	339.4
1764	221.4
1765	222.5
1766	216.7
1767	170
1768	254.7
1769	186.3
1770	183.5
1771	166.6
1772	256.3
1773	196.4
1774	234.2
1775	166.1
1776	230.9
1777	214.6
1778	129.1
1779	195.3
1780	213.8
1781	168.3
1782	155.1
1783	201.9
1784	280
1785	262.6
1786	170.2
1787	215.4
1788	340
1789	249.9
1790	251.7
1791	125.9
1792	170.8
1793	182.1
1794	151.5
1795	254
1796	302.6
1797	163.7
1798	192
1799	197.2
1800	155.5
1801	194.5
1802	148.8
1803	221
1804	330.3
1805	179.7
1806	309.1
1807	199.7
1808	289.1
1809	346.4
1810	364.6
1811	179.3
1812	167.9
1813	310.7
1814	187.3
1815	229.1
1816	197.4
1817	130.9
1818	300.1
1819	289.6
1820	224.7
1821	117.5
1822	279.2
1823	168.3
1824	216.7
1825	237
1826	111.8
1827	211.4
1828	205.6
1829	161
1830	209.4
1831	168.8
1832	202.3
1833	167.4
1834	132.3
1835	280.2
1836	287.1
1837	148.2
1838	167.1
1839	242.5
1840	85
1841	190.8
1842	201.8
1843	241.8
1844	225.6
1845	191.7
1846	113.7
1847	152.6
1848	247
1849	213.6
1850	228.6
1851	238.9
1852	154.5
1853	217.6
1854	277.2
1855	202.1
1856	207
1857	189.3
1858	232.8
1859	157.6
1860	133.6
1861	168.9
1862	204.9
1863	166.1
1864	259.6
1865	102.8
1866	217.1
1867	250.1
1868	223
1869	117.1
1870	108.9
1871	163.8
1872	275.3
1873	228.2
1874	178.2
1875	241.9
1876	109.8
1877	191.2
1878	169.4
1879	167.8
1880	241
1881	241.9
1882	187.7
1883	175.1
1884	166.5
1885	179.1
1886	104.3
1887	223.1
1888	261.9
1889	192.4
1890	211.9
1891	100.9
1892	295.1
1893	226.1
1894	217.4
1895	253.9
1896	253.3
1897	210.1
1898	209.7
1899	314.4
1900	171.3
1901	173.8
1902	226.6
1903	356.2
1904	349.7
1905	192.7
1906	211.8
1907	87.6
1908	100
1909	76.6
1910	82.6
1911	235.9
1912	250.9
1913	133.6
1914	144.3
1915	243
1916	177.4
1917	153.5
1918	96.4
1919	258.3
1920	222.8
1921	321
1922	227.6
1923	136.4
1924	238.5
1925	236.6
1926	162.9
1927	148.7
1928	225.7
1929	80.6
1930	180.3
1931	77.2
1932	76.3
1933	184.2
1934	93
1935	206.6
1936	338.2
1937	151.5
1938	106.5
1939	123.9
1940	188.7
1941	295.2
1942	96.9
1943	163.6
1944	359
1945	84
1946	185
1947	224.3
1948	75.6
1949	150.5
1950	80.1
1951	218.2
1952	63.2
1953	101.3
1954	217.4
1955	119
1956	294.7
1957	174.8
1958	164.8
1959	46.6
1960	211.3
1961	81.2
1962	231.7
1963	149.5
1964	161
1965	333
1966	64.5
1967	69.9
1968	134.9
1969	158.6
1970	240.6
1971	266.7
1972	156.6
1973	161.1
1974	228.6
1975	91.9
1976	99.5
1977	77.4
1978	203.8
1979	88.6
1980	132
1981	215.3
1982	70.6
1983	270.3
1984	280.9
1985	69.3
1986	142.8
1987	156
1988	47
1989	83.7
1990	61.7
1991	134.2
1992	188.2
1993	56.7
1994	240.3
1995	176.1
1996	126.4
1997	171.5
1998	233.8
1999	184
2000	110.3
2001	183.7
2002	165.4
2003	123.4
2004	124.1
2005	147.4
2006	82.4
2007	317.5
2008	75.5
2009	169
2010	125.4
2011	92.4
2012	168.9
2013	178.4
2014	73.3
2015	206.6
2016	155.2
2017	163.2
2018	145.6
2019	137.6
2020	151
2021	109.5
2022	126.9
2023	37.1
2024	59.1
2025	249
2026	118
2027	42.8
2028	157.6
2029	185.9
2030	225.5
2031	190.4
2032	99
2033	181.2
2034	176.8
2035	38.4
2036	55.6
2037	214.5
2038	68.8
2039	122.6
2040	116.4
2041	88.7
2042	57.2
2043	206.2
2044	152.8
2045	155.4
2046	129.1
2047	54.4
2048	100.3
2049	201.7
2050	236.9
2051	83.6
2052	200.4
2053	101.7
2054	49.4
2055	140.2
2056	214.3
2057	97.7
2058	91.6
2059	119.7
2060	148.9
2061	99.5
2062	268
2063	96.8
2064	93.9
2065	144.7
2066	214.3
2067	76.7
2068	189
2069	239.1
2070	183.8
2071	138.9
2072	198.5
2073	186.1
2074	165.9
2075	204.3
2076	53.1
2077	105.7
2078	192.1
2079	130.4
2080	106.3
2081	214.9
2082	210.1
2083	109.7
2084	125.9
2085	200.4
2086	110.3
2087	100.9
2088	384.5
2089	99.4
2090	298.7
2091	98.4
2092	129.8
2093	147.3
2094	100.8
2095	111.1
2096	156.7
2097	113.4
2098	153.2
2099	191.8
2100	186
2101	197.5
2102	118.2
2103	98.1
2104	82.9
2105	200.5
2106	124.1
2107	149.4
2108	138.3
2109	144.6
2110	212.6
2111	100.1
2112	109.9
2113	122.7
2114	143.8
2115	213.9
2116	185.6
2117	107.7
2118	112.1
2119	97.3
2120	259.4
2121	72.3
2122	137.8
2123	152
2124	182.1
2125	111.4
2126	239.4
2127	80.7
2128	139.8
2129	74.6
2130	128.9
2131	107.4
2132	127.5
2133	124.6
2134	259.2
2135	84.2
2136	401.6
2137	115.1
2138	104.7
2139	179.2
2140	86.5
2141	228.6
2142	93
2143	110.3
2144	195.3
2145	184.6
2146	120.9
2147	128.4
2148	146.5
2149	134.4
2150	144.8
2151	100
2152	133
2153	581.7
2154	161.1
2155	83.2
2156	88.8
2157	123.9
2158	144.9
2159	81.9
2160	656.4
2161	126.4
2162	206.1
2163	234.8
2164	71.6
2165	153.5
2166	140.8
2167	99.5
2168	132.5
2169	145.3
2170	82.8
2171	137.6
2172	71.6
2173	231
2174	68.1
2175	147.9
2176	112.9
2177	522.6
2178	129.9
2179	76.8
2180	117.1
2181	566
2182	136.7
2183	59
2184	77
2185	225.5
2186	131.5
2187	90.3
2188	106.1
2189	185.5
2190	112.7
2191	122.1
2192	63.5
2193	78.4
2194	342.8
2195	148.4
2196	74.4
2197	391.3
2198	59.3
2199	673.3
2200	69
2201	120
2202	163
2203	157.7
2204	102.1
2205	215.2
2206	210.8
2207	160.3
2208	95
2209	163.8
2210	683.4
2211	241.7
2212	148.6
2213	290
2214	52.8
2215	160
2216	99.8
2217	177.4
2218	38.1
2219	374.9
2220	125.6
2221	37.8
2222	357.9
2223	56
2224	287
2225	201.4
2226	113.5
2227	383.3
2228	128
2229	234.3
2230	152.1
2231	47.5
2232	184.8
2233	62.5
2234	322.1
2235	150.9
2236	208.5
2237	199.6
2238	157.5
2239	117.4
2240	234.8
2241	226.3
2242	77.6
2243	170.5
2244	151.9
2245	335.9
2246	90.4
2247	165.8
2248	336.1
2249	193
2250	120.4
2251	113.8
2252	216.4
2253	159.1
2254	125.4
2255	191.7
2256	240.4
2257	128.4
2258	65.2
2259	241.2
2260	58.1
2261	135.6
2262	141.3
2263	358.2
2264	398.2
2265	267.2
2266	194.6
2267	200
2268	134.1
2269	138.6
2270	125.5
2271	183.9
2272	193.2
2273	140.3
2274	133.5
2275	165.8
2276	160.1
2277	181
2278	144.5
2279	135.8
2280	146.4
2281	148.3
2282	466.4
2283	183.8
2284	155.8
2285	320
2286	173.5
2287	107.4
2288	186.3
2289	160.9
2290	178.7
2291	115.6
2292	368.1
2293	93.8
2294	150.5
2295	150.4
2296	167.9
2297	431.4
2298	148.6
2299	96.8
2300	149.1
2301	170
2302	174.2
2303	132.8
2304	142.1
2305	142.8
2306	194.7
2307	268.6
2308	161.6
2309	227
2310	426.2
2311	195.6
2312	230.8
2313	218.1
2314	176.8
2315	247.8
2316	150.6
2317	398.6
2318	140.1
2319	131.1
2320	169.8
2321	199.4
2322	205.1
2323	180.1
2324	395
2325	138.6
2326	232.4
2327	188
2328	326.2
2329	206.4
2330	164.3
2331	244.2
2332	99.2
2333	257.8
2334	194
2335	221.9
2336	178.6
2337	253
2338	148.5
2339	97.1
2340	340.6
2341	189.1
2342	200.8
2343	129.6
2344	260
2345	128.9
2346	171.8
2347	174.1
2348	252.5
2349	206.8
2350	194.3
2351	180.1
2352	186.5
2353	191.1
2354	236.2
2355	193.5
2356	266.5
2357	261.3
2358	76.3
2359	261.3
2360	176.5
2361	155
2362	108.6
2363	320.5
2364	202.7
2365	186.7
2366	308.3
2367	239.5
2368	254.6
2369	127
2370	237.4
2371	239.5
2372	150.3
2373	206
2374	65.8
2375	276.9
2376	243.3
2377	250.2
2378	133.6
2379	205
2380	211.2
2381	145.7
2382	295.6
2383	269.6
2384	274.3
2385	116.7
2386	206.3
2387	201.5
2388	170.2
2389	244.6
2390	163.8
2391	109.1
2392	334.3
2393	289
2394	263.6
2395	146.7
2396	223.4
2397	282.8
2398	114.5
2399	169.5
2400	288.1
2401	203.1
2402	363.4
2403	181.6
2404	140.6
2405	102.8
2406	157.6
2407	327.7
2408	200.6
2409	232
2410	206.8
2411	234.5
2412	281
2413	208.1
2414	152.8
2415	231.5
2416	192.7
2417	166.9
2418	152.6
2419	177.4
2420	300.8
2421	326.1
2422	209.9
2423	194.5
2424	209.6
2425	117.6
2426	341.1
2427	155.1
2428	315.8
2429	326
2430	263.8
2431	139.9
2432	189.9
2433	343.3
2434	115.9
2435	177.7
2436	185.7
2437	91.1
2438	205.9
2439	254.4
2440	201.6
2441	316.3
2442	125.1
2443	124.3
2444	311.4
2445	174.6
2446	117.8
2447	163.9
2448	358.9
2449	246.1
2450	252.3
2451	142.4
2452	154.3
2453	320.3
2454	212.9
2455	210.2
2456	338.6
2457	189.8
2458	91.1
2459	158
2460	74.4
2461	333
2462	223.5
2463	106.7
2464	339.5
2465	274.3
2466	203.9
2467	142.7
2468	157.7
2469	182.5
2470	337
2471	124.5
2472	170.4
2473	102.7
2474	254.5
2475	94.5
2476	265.6
2477	188.3
2478	122.9
2479	247.4
2480	148.2
2481	178.3
2482	69.5
2483	264.1
2484	201.1
2485	181.1
2486	176
2487	245.2
2488	147
2489	333.7
2490	251.5
2491	90.1
2492	198.6
2493	278.5
2494	138.1
2495	126.6
2496	102.3
2497	160.1
2498	157.5
2499	88.7
2500	236
2501	167.2
2502	174.4
2503	123.7
2504	171.1
2505	187.3
2506	139.7
2507	207
2508	212
2509	338.6
2510	192
2511	213.6
2512	179.5
2513	174.9
2514	178.6
2515	163.1
2516	151.3
2517	120.7
2518	102.5
2519	146.1
2520	306.3
2521	198.2
2522	266.6
2523	122
2524	227.8
2525	94.7
2526	143.2
2527	167.3
2528	92.6
2529	109.3
2530	169.1
2531	224.1
2532	216.2
2533	178.6
2534	117.5
2535	188.8
2536	170.3
2537	117.4
2538	164.6
2539	389.2
2540	195.1
2541	254.9
2542	160
2543	127.7
2544	118.5
2545	125.7
2546	179
2547	207
2548	136.9
2549	253.4
2550	306
2551	122.9
2552	534.5
2553	153.9
2554	308.5
2555	170.1
2556	192.7
2557	141.3
2558	124.8
2559	150.5
2560	236.1
2561	151.7
2562	525.1
2563	194.2
2564	281.3
2565	207.7
2566	115.7
2567	267.7
2568	329.4
2569	97.6
2570	117.5
2571	126.3
2572	210.3
2573	120
2574	186.8
2575	119.8
2576	194.9
2577	182.4
2578	155.7
2579	92.1
2580	250.4
2581	269.5
2582	423.4
2583	170.5
2584	301.4
2585	121.6
2586	371
2587	117.7
2588	233.9
2589	188.6
2590	74.3
2591	171.8
2592	228
2593	177.7
2594	112.4
2595	325.9
2596	185.3
2597	170.6
2598	510.6
2599	182.6
2600	112.6
2601	167.3
2602	261.8
2603	203.6
2604	466.9
2605	244.3
2606	113.3
2607	140.8
2608	178.8
2609	219.3
2610	226.6
2611	191
2612	202.3
2613	138.1
2614	258.9
2615	185
2616	232.3
2617	265.8
2618	210.4
2619	330.3
2620	400
2621	128.5
2622	205.7
2623	126.4
2624	164
2625	326.9
2626	88.1
2627	216.8
2628	186
2629	300.6
2630	180.5
2631	168
2632	85.6
2633	173.1
2634	187.2
2635	252.9
2636	210.9
2637	273
2638	123.8
2639	220.2
2640	120.4
2641	111.9
2642	72.1
2643	400.7
2644	146.5
2645	421.4
2646	137.3
2647	156.2
2648	192.4
2649	195.3
2650	128.5
2651	203.1
2652	195.6
2653	189
2654	141.3
2655	207
2656	198.7
2657	130.4
2658	179.6
2659	180.7
2660	243.1
2661	196.8
2662	337.6
2663	199.8
2664	186
2665	181.8
2666	113.7
2667	94.7
2668	112.3
2669	225.6
2670	327.4
2671	185.2
2672	202.9
2673	140.9
2674	111.6
2675	187.7
2676	66.8
2677	342.7
2678	219.9
2679	150.4
2680	96.9
2681	199.6
2682	194.7
2683	171.6
2684	188.9
2685	157.7
2686	194.3
2687	215.7
2688	224.3
2689	208.5
2690	202.1
2691	191.8
2692	60.6
2693	236.3
2694	145.3
2695	217.6
2696	205.9
2697	220.4
2698	270.6
2699	142
2700	184.9
2701	80.9
2702	200.5
2703	197.6
2704	131.3
2705	187.9
2706	107
2707	108.8
2708	197.4
2709	220.7
2710	210.6
2711	93.9
2712	145.1
2713	113.1
2714	223.2
2715	225.8
2716	203.7
2717	198.1
2718	255
2719	127.9
2720	186.1
2721	131
2722	244.7
2723	154
2724	165.8
2725	187
2726	101.2
2727	227.3
2728	251.4
2729	163.5
2730	233.6
2731	124.8
2732	143.3
2733	105.7
2734	227.8
2735	243.9
2736	115.7
2737	123.7
2738	176.2
2739	124.1
2740	214
2741	148.2
2742	102.8
2743	127.5
2744	238.7
2745	104.3
2746	132.7
2747	122.5
2748	151.7
2749	178.7
2750	130.1
2751	184.2
2752	164.5
2753	242.1
2754	163.4
2755	86.1
2756	130.1
2757	172.6
2758	243.1
2759	158.8
2760	169.3
2761	112.1
2762	213.7
2763	253.7
2764	251.4
2765	219.8
2766	118.6
2767	126.8
2768	117.8
2769	148
2770	173.1
2771	227.8
2772	86.8
2773	60.5
2774	227.1
2775	314.2
2776	192.4
2777	114.8
2778	349.8
2779	175.3
2780	57
2781	186
2782	92.4
2783	145.3
2784	127
2785	240.5
2786	245
2787	170.3
2788	161.5
2789	291.7
2790	188.5
2791	192.9
2792	435.4
2793	220.2
2794	209.7
2795	129
2796	96.3
2797	273.7
2798	165.6
2799	154.6
2800	364.5
2801	255.7
2802	236.2
2803	171.5
2804	62.4
2805	371.1
2806	150.7
2807	282.9
2808	283.7
2809	160.6
2810	92.7
2811	422.7
2812	108.8
2813	100.8
2814	174.5
2815	430.4
2816	128.1
2817	133.9
2818	168.2
2819	180.2
2820	216.1
2821	187.6
2822	257
2823	143.8
2824	126.4
2825	136.5
2826	164.8
2827	70.5
2828	119.1
2829	273.5
2830	215.8
2831	203.9
2832	205.9
2833	171
2834	224.9
2835	184.9
2836	188.7
2837	200.8
2838	206.2
2839	207.9
2840	221.6
2841	259.6
2842	147.7
2843	158.5
2844	93.7
2845	241.3
2846	95.9
2847	316.6
2848	283.3
2849	223.2
2850	329.7
2851	129.9
2852	163.9
2853	185.6
2854	255.7
2855	172.8
2856	160
2857	129.8
2858	173.7
2859	239.9
2860	167.7
2861	266.3
2862	94.1
2863	78.6
2864	111.7
2865	378.2
2866	204.8
2867	249.2
2868	99.5
2869	129.6
2870	172.3
2871	213.5
2872	197.3
2873	194.6
2874	128
2875	123.2
2876	116.9
2877	187.9
2878	191.4
2879	103.7
2880	156.5
2881	152.7
2882	386.9
2883	187.3
2884	120.5
2885	99.4
2886	142.7
2887	77
2888	92.1
2889	166.9
2890	140.8
2891	372.6
2892	298.2
2893	153.9
2894	101.2
2895	188.3
2896	105.6
2897	181
2898	181.6
2899	157.9
2900	126.4
2901	87.6
2902	248.5
2903	216.8
2904	73.2
2905	187.8
2906	215.9
2907	101.5
2908	229.5
2909	363.6
2910	187.5
2911	178.7
2912	235.4
2913	382.4
2914	413.8
2915	67.8
2916	182.8
2917	121.8
2918	157.9
2919	99.1
2920	81.5
2921	196.6
2922	203.3
2923	185.8
2924	111.8
2925	325.7
2926	87.6
2927	82
2928	105.3
2929	77.5
2930	170.8
2931	151.7
2932	160.3
2933	182.6
2934	83.5
2935	214.5
2936	95.1
2937	178.2
2938	51.3
2939	183.6
2940	102.5
2941	201.1
2942	102.5
2943	367.9
2944	78.1
2945	143.7
2946	198.2
2947	131.1
2948	191.2
2949	183.3
2950	149.9
2951	187.9
2952	164.7
2953	358
2954	181
2955	259.2
2956	127.3
2957	76.9
2958	202.6
2959	48.5
2960	165.1
2961	212.8
2962	212.2
2963	111.7
2964	331.9
2965	155.5
2966	181.4
2967	210.7
2968	126.1
2969	123.3
2970	48.8
2971	130.8
2972	103.6
2973	78.3
2974	185.7
2975	166.4
2976	116.4
2977	85.7
2978	101.1
2979	200.9
2980	171.5
2981	193.6
2982	274.1
2983	224
2984	160.7
2985	168.5
2986	191.8
2987	217.5
2988	197.3
2989	57.8
2990	110.9
2991	190.1
2992	133.7
2993	176.8
2994	236.9
2995	257.2
2996	191.3
2997	153.7
2998	165.9
2999	229.7
3000	187.4
3001	137.9
3002	176.2
3003	244.6
3004	131.8
3005	124.3
3006	193.7
3007	183.6
3008	211.5
3009	125.8
3010	62.6
3011	222.6
3012	124.9
3013	234.2
3014	190.1
3015	129
3016	197.8
3017	276.5
3018	248.9
3019	122.3
3020	201.7
3021	176.5
3022	120.1
3023	138
3024	178.7
3025	203.9
3026	240.7
3027	264.1
3028	232.9
3029	191.5
3030	90.1
3031	158.5
3032	140.1
3033	131
3034	127.4
3035	224.1
3036	75.4
3037	133.3
3038	103.5
3039	231.4
3040	246.7
3041	247.2
3042	262.9
3043	179.6
3044	187.4
3045	211.3
3046	99.2
3047	109.2
3048	198.3
3049	181.4
3050	268.4
3051	234.3
3052	271.5
3053	257.7
3054	184
3055	194.2
3056	153.2
3057	115.9
3058	141.4
3059	194.2
3060	84.7
3061	110.3
3062	125.6
3063	273.9
3064	276.8
3065	76.1
3066	267.9
3067	90.3
3068	298.5
3069	137.7
3070	207.2
3071	176.8
3072	232.1
3073	78
3074	206.9
3075	177.9
3076	185.2
3077	207.7
3078	262
3079	171.1
3080	219.2
3081	95.2
3082	110.5
3083	346.7
3084	105.7
3085	242.5
3086	224.3
3087	504.8
3088	335.7
3089	454.1
3090	258.1
3091	109.8
3092	96.8
3093	181.1
3094	106
3095	104.4
3096	209.8
3097	121.8
3098	502.7
3099	82.9
3100	217.8
3101	78.9
3102	137.7
3103	201.9
3104	186.2
3105	103.7
3106	254.1
3107	435
3108	106.5
3109	165.1
3110	81.6
3111	503.5
3112	86.8
3113	360.5
3114	181.4
3115	130.6
3116	145.6
3117	107.8
3118	380.5
3119	418.7
3120	72.7
3121	536.9
3122	114.9
3123	519.2
3124	54.5
3125	126.5
3126	127
3127	39.1
3128	121.8
3129	72.2
3130	115
3131	347.6
3132	333.8
3133	398.2
3134	371.5
3135	113.7
3136	491.4
3137	113.7
3138	94.4
3139	512.3
3140	272.4
3141	90.7
3142	242.7
3143	472.7
3144	157.8
3145	98.4
3146	102.7
3147	118.1
3148	91.8
3149	117.8
3150	68.5
3151	568
3152	503.2
3153	485.6
3154	268
3155	80.6
3156	179.5
3157	156.3
3158	64.3
3159	261.1
3160	103.6
3161	582.2
3162	532
3163	93.7
3164	95.3
3165	91.7
3166	519.9
3167	65.5
3168	552.7
3169	114.3
3170	401.2
3171	142.7
3172	494.5
3173	106.5
3174	102.3
3175	247.7
3176	112.4
3177	105.2
3178	114.2
3179	124.7
3180	100
3181	67.6
3182	302
3183	227.9
3184	689.4
3185	684.6
3186	237.6
3187	270.4
3188	132.6
3189	211.5
3190	157.8
3191	126.1
3192	171.2
3193	167.6
3194	288.4
3195	614.4
3196	80
3197	67.5
3198	79
3199	347.8
3200	115.6
3201	125.3
3202	503.3
3203	261.4
3204	60.9
3205	558.7
3206	123.4
3207	211.1
3208	140
3209	78
3210	705.5
3211	692.9
3212	377.1
3213	146.3
3214	108.9
3215	87.9
3216	165.5
3217	164.9
3218	662.2
3219	531.5
3220	70.1
3221	106.2
3222	733.2
3223	127.9
3224	512.1
3225	115.4
3226	590.5
3227	197.8
3228	156.5
3229	86.3
3230	68.4
3231	165.8
3232	167.8
3233	123.6
3234	472.5
3235	646.9
3236	736.6
3237	109.6
3238	542.2
3239	84.7
3240	89.8
3241	165.7
3242	170.3
3243	570
3244	202.9
3245	156.4
3246	229.5
3247	79
3248	93.7
3249	197
3250	93.1
3251	312.9
3252	724.4
3253	182.3
3254	535.5
3255	112.1
3256	190.6
3257	648.4
3258	192.6
3259	201.6
3260	144.6
3261	95.3
3262	345.4
3263	122.4
3264	107.5
3265	157.4
3266	139.9
3267	239.5
3268	379.9
3269	623.7
3270	140.4
3271	106.4
3272	426.1
3273	93.4
3274	655.5
3275	172.3
3276	118.1
3277	125.9
3278	392.3
3279	126.8
3280	127.4
3281	165.7
3282	111.4
3283	211.6
3284	143.6
3285	77.2
3286	585.5
3287	126.9
3288	156.6
3289	143.1
3290	204.6
3291	506.1
3292	92
3293	130.4
3294	133.6
3295	117.7
3296	87.7
3297	163
3298	205.3
3299	138.9
3300	287.2
3301	161.4
3302	159.7
3303	419.3
3304	181
3305	228.6
3306	174.6
3307	114.7
3308	346.6
3309	172.2
3310	152.2
3311	87.2
3312	172.5
3313	148.1
3314	60.4
3315	142.5
3316	264.6
3317	79.2
3318	131.3
3319	53.2
3320	121.1
3321	154.5
3322	57.7
3323	163.7
3324	164.6
3325	153.5
3326	166.2
3327	49
3328	90.1
3329	107.7
3330	186
3331	110.2
3332	136.1
3333	141.3
3334	48.5
3335	374.8
3336	141.7
3337	48.2
3338	157.6
3339	72
3340	88.1
3341	203.9
3342	135.3
3343	88.1
3344	127.9
3345	52.4
3346	105
3347	184.1
3348	62.9
3349	131.9
3350	165.4
3351	114.2
3352	138.5
3353	156.3
3354	152.5
3355	168
3356	200
3357	138.1
3358	95.2
3359	183
3360	199.9
3361	130.8
3362	121.7
3363	191.9
3364	134.9
3365	136
3366	204.2
3367	203
3368	81.4
3369	117.9
3370	125.8
3371	201.8
3372	128.3
3373	212.4
3374	206.4
3375	130
3376	222.8
3377	151.7
3378	141.4
3379	206.6
3380	203.4
3381	184.5
3382	125.5
3383	224.6
3384	191.6
3385	199
3386	166
3387	129.1
3388	110
3389	184.8
3390	180.2
3391	184.7
3392	163
3393	121.4
3394	172.6
3395	138.1
3396	148.1
3397	132.2
3398	104.3
3399	74.6
3400	165.7
3401	206.1
3402	129.4
3403	177.8
3404	118.7
3405	111.3
3406	109.1
3407	140.3
3408	122
3409	166.5
3410	15.1
3411	17.1
3412	66
3413	181.7
3414	61.7
3415	167.9
3416	243.9
3417	87.7
3418	113
3419	216.9
3420	177.7
3421	204.9
3422	96.6
3423	138.4
3424	106.5
3425	138.8
3426	230.8
3427	141.1
3428	87.1
3429	154.2
3430	43.8
3431	289.2
3432	151.7
3433	134.9
3434	173
3435	116.7
3436	382.3
3437	194.5
3438	171
3439	145
3440	125.1
3441	183.2
3442	249.8
3443	171.5
3444	136.7
3445	176.2
3446	216.7
3447	184.7
3448	418.7
3449	197.8
3450	134.2
3451	181.2
3452	184.2
3453	165.5
3454	195.6
3455	187.2
3456	202.9
3457	147.4
3458	148.2
3459	145.5
3460	246.6
3461	247.3
3462	236.9
3463	212.1
3464	181.9
3465	233.3
3466	185.7
3467	268.7
3468	198.1
3469	99.7
3470	209.1
3471	130.6
3472	98.5
3473	180.4
3474	120.2
3475	192.6
3476	222.2
3477	270.7
3478	270.6
3479	204.6
3480	225.4
3481	192.7
3482	73.7
3483	120.3
3484	219.7
3485	97.1
3486	144.6
3487	88.2
3488	45.2
3489	188.7
3490	128.4
3491	132.2
3492	209.3
3493	120.7
3494	210.7
3495	434.4
3496	93.6
3497	81.6
3498	132.2
3499	485.9
3500	220.1
3501	117.4
3502	114.5
3503	110.7
3504	105.1
3505	133.1
3506	309.1
3507	128.2
3508	243.1
3509	110.9
3510	145.2
3511	202
3512	215.4
3513	145.9
3514	154.1
3515	270.9
3516	142.2
3517	133
3518	186.9
3519	199
3520	213.4
3521	133.5
3522	355.7
3523	109.8
3524	145.5
3525	125.4
3526	165.3
3527	163.8
3528	343.3
3529	122.6
3530	136.1
3531	485.2
3532	193.3
3533	306.1
3534	332.3
3535	201.1
3536	197.7
3537	214.2
3538	167.1
3539	211.5
3540	298.1
3541	211.5
3542	330.9
3543	178.2
3544	154.8
3545	307.8
3546	168.9
3547	98.5
3548	312.5
3549	188.8
3550	118
3551	188.6
3552	102.1
3553	119.1
3554	254.3
3555	207.6
3556	198.6
3557	110.4
3558	280.4
3559	57.1
3560	161.3
3561	187.4
3562	117.7
3563	176.2
3564	110.3
3565	140.3
3566	125
3567	169.4
3568	149.9
3569	347
3570	306.7
3571	393.9
3572	107.3
3573	426.9
3574	145.3
3575	156.4
3576	538
3577	359.9
3578	519
3579	135.6
3580	142.8
3581	140.9
3582	668
3583	140.3
3584	586.9
3585	110.2
3586	658.1
3587	119.4
3588	214.6
3589	142.9
3590	97.5
3591	224.4
3592	112
3593	139
3594	168
