"COMID"	"Value"
1	5.3
2	0.1
3	3.9
4	1.6
5	8.5
6	0.8
7	58.5
8	0.3
9	0
10	0.1
11	3.6
12	0.1
13	1.2
14	5.5
15	0.3
16	10.8
17	17.9
18	40.7
19	34.5
20	8.7
21	0.3
22	2.6
23	0.2
24	0
25	1.3
26	0.2
27	0.4
28	12.2
29	3
30	0.1
31	8.4
32	19.3
33	3.8
34	0
35	0.3
36	0.3
37	3.2
38	0.1
39	0
40	4.1
41	3.2
42	0.2
43	9.7
44	20.4
45	0
46	0.9
47	4.2
48	2.7
49	0.2
50	0
51	0
52	0.6
53	0.6
54	2
55	2
56	7.3
57	3
58	0
59	0
60	0
61	0.6
62	0.5
63	34.3
64	0.1
65	0.5
66	3.8
67	1.7
68	1.3
69	0
70	0
71	0.1
72	1
73	0.1
74	59.8
75	0
76	0.1
77	1.1
78	0.1
79	0.8
80	0.1
81	0.4
82	0.6
83	0.4
84	0.1
85	0.4
86	4.5
87	0.1
88	0.1
89	0
90	0.2
91	0
92	0.6
93	0.1
94	0.2
95	82.6
96	0
97	1
98	0.1
99	0
100	0.8
101	16.3
102	0
103	0
104	0.9
105	0
106	0.4
107	0.1
108	0.4
109	0.1
110	0
111	0.1
112	1.7
113	0
114	4
115	0.2
116	7.3
117	10.5
118	0.3
119	0.3
120	0
121	0.2
122	0
123	0.2
124	0.5
125	25.5
126	0.3
127	0.2
128	16.8
129	0
130	0
131	0.8
132	0
133	8.8
134	0
135	0.5
136	26.6
137	16.3
138	0.1
139	0.1
140	0
141	0
142	0
143	0.2
144	0
145	0.1
146	1.5
147	37.8
148	14.7
149	0.2
150	12.8
151	2.7
152	0.4
153	0
154	0.3
155	0.3
156	0
157	13.1
158	0.1
159	2.8
160	0.2
161	0
162	0.2
163	0.1
164	0.2
165	0.5
166	0.1
167	8.9
168	0.4
169	12.5
170	0.3
171	23.5
172	0.2
173	0
174	0.1
175	0.2
176	14.5
177	2.8
178	0.1
179	1.8
180	0
181	0.2
182	0
183	0.7
184	0
185	0.1
186	0
187	0.2
188	0.1
189	0
190	0.2
191	0
192	0.5
193	0
194	23.3
195	1.8
196	0
197	3.8
198	0
199	2.3
200	0
201	0
202	0.2
203	0.1
204	0.1
205	0.2
206	5.3
207	0
208	13.1
209	1.8
210	30.5
211	29.9
212	16.8
213	0.9
214	0.1
215	8.4
216	0.1
217	1.9
218	0
219	0
220	0.1
221	0.7
222	9.1
223	12.8
224	0.2
225	0.1
226	6.1
227	0.9
228	3
229	0.1
230	0
231	9.2
232	0
233	3.8
234	0.4
235	0
236	0.9
237	1.1
238	0.1
239	7.6
240	47.2
241	3.9
242	0
243	1.7
244	7.3
245	4.9
246	4.2
247	0
248	0
249	0
250	6.5
251	4.6
252	30.8
253	0.1
254	0.1
255	0.1
256	0
257	0
258	2.1
259	0
260	0
261	3.5
262	2.9
263	0.1
264	0
265	0
266	2.2
267	4.5
268	6.7
269	5
270	0
271	22.6
272	3.6
273	3.1
274	1.7
275	1.9
276	0.9
277	0
278	2.4
279	0
280	1.9
281	2.9
282	3.2
283	0.1
284	0
285	0
286	1.9
287	32.7
288	0
289	0.1
290	0
291	1.3
292	0
293	1.9
294	9.8
295	0
296	1.2
297	0.7
298	0
299	4
300	0.4
301	0.1
302	0.8
303	0.6
304	0
305	0.7
306	0.1
307	0.1
308	10
309	0
310	0
311	0.1
312	0.2
313	0.1
314	0
315	0.1
316	0.2
317	2
318	0
319	1.5
320	0
321	0
322	0
323	0.1
324	0
325	1.5
326	4.1
327	0.1
328	0.1
329	0.1
330	0.1
331	0
332	0
333	0
334	0.1
335	5.5
336	0
337	1.6
338	0
339	0
340	0
341	0
342	2
343	0
344	0.3
345	0
346	2.4
347	0
348	0
349	0
350	0
351	0
352	0
353	15.4
354	0.1
355	2.1
356	0
357	2.5
358	0
359	1.9
360	0.1
361	0.1
362	0.2
363	0.3
364	1.9
365	6.5
366	1.4
367	1.8
368	23.8
369	1.4
370	20.1
371	1.8
372	0.1
373	1.6
374	1.6
375	17.2
376	24.3
377	19.1
378	1
379	1.6
380	13.9
381	1.2
382	1.4
383	9.9
384	0.8
385	2.2
386	1.3
387	20
388	0.2
389	0.3
390	18.9
391	0.1
392	2.2
393	2.4
394	0.1
395	1.4
396	2
397	2.1
398	0
399	2.4
400	0
401	19.1
402	1.7
403	0.4
404	0.8
405	0.2
406	22.6
407	0.7
408	0.6
409	1.3
410	46.7
411	9
412	0.3
413	38.6
414	0.4
415	2.5
416	0.3
417	0.8
418	1
419	2.2
420	0.7
421	0.3
422	2.9
423	6.5
424	13.7
425	11.7
426	1.4
427	37.8
428	4.7
429	2.2
430	44.6
431	0.2
432	0.6
433	15.5
434	1
435	0
436	2
437	0.1
438	68.2
439	0.2
440	9.3
441	14.9
442	0
443	1
444	1.5
445	112.1
446	0
447	142
448	104.8
449	0
450	0.1
451	0.3
452	16.2
453	0.2
454	0
455	0.3
456	0
457	40.7
458	4.9
459	9
460	0
461	3.8
462	133.3
463	0
464	0
465	3.4
466	1.3
467	8.9
468	0.1
469	0
470	0.2
471	0
472	9.8
473	0.2
474	0
475	0
476	0
477	143
478	0.1
479	0.9
480	20.3
481	0.5
482	0.2
483	49
484	0
485	0.3
486	2.7
487	2
488	5.9
489	0.1
490	3.8
491	5.9
492	37.2
493	0.2
494	9.2
495	0.8
496	0.1
497	59.2
498	0.7
499	0
500	14.8
501	28.7
502	14.4
503	0
504	0
505	2.7
506	23.9
507	44.8
508	2.9
509	13.8
510	35.8
511	0.8
512	2.4
513	0
514	3.6
515	0
516	0
517	25.5
518	0
519	0
520	3.1
521	8.2
522	0
523	0
524	30
525	5.2
526	0.1
527	5.3
528	0.1
529	0.1
530	70.8
531	32.1
532	56.2
533	2.8
534	0.2
535	86.1
536	33.2
537	4.1
538	0.6
539	0
540	0
541	20.3
542	35.8
543	0.3
544	0.5
545	6.3
546	46.9
547	29.3
548	3.5
549	9.5
550	0
551	16.9
552	37.6
553	2.4
554	0.3
555	0
556	36.3
557	0
558	4.2
559	0.7
560	28.4
561	8.2
562	38.7
563	0.6
564	8.2
565	0.8
566	34.7
567	0
568	34.7
569	0
570	0.3
571	8.7
572	20.7
573	0
574	26.5
575	0
576	7.3
577	1.1
578	0.5
579	2.3
580	29.6
581	1.4
582	14.9
583	0.1
584	0.1
585	9.7
586	17.2
587	38.9
588	2.4
589	22.1
590	0.4
591	9.7
592	1.1
593	29.8
594	0
595	9.6
596	0.1
597	0.2
598	0
599	43.7
600	0
601	0
602	0.4
603	9.5
604	3.7
605	1.2
606	5.2
607	0
608	0
609	2.9
610	0.1
611	0.9
612	3.8
613	0.2
614	21.9
615	0.8
616	2.6
617	32.8
618	8.5
619	0.2
620	0
621	1.9
622	16.7
623	14.1
624	20.4
625	0
626	0
627	39.9
628	0
629	0.1
630	90.9
631	0.1
632	20.9
633	2.4
634	0.3
635	0.3
636	0.4
637	0.1
638	0
639	3.7
640	1
641	76.3
642	2.1
643	12.4
644	8.6
645	18.1
646	1.5
647	0.1
648	39
649	12.9
650	0
651	102.2
652	0
653	0.5
654	0
655	1.1
656	0
657	12.6
658	1
659	10.6
660	17.9
661	1
662	3.2
663	12.1
664	0
665	0
666	0.1
667	1.4
668	44.4
669	3.4
670	0.1
671	0
672	0
673	5.5
674	1.2
675	14.5
676	10.6
677	79.3
678	0.1
679	0
680	1.9
681	1.8
682	13
683	38.5
684	6.5
685	0
686	77.4
687	1.1
688	12.5
689	0
690	4.6
691	1.2
692	71.9
693	0.1
694	1.4
695	1.1
696	18
697	0
698	5.9
699	19.1
700	5.3
701	1
702	14.5
703	5.3
704	21.2
705	14.8
706	0.1
707	73.3
708	13.2
709	10.9
710	8.5
711	2.2
712	25.2
713	14.6
714	0
715	11.8
716	3.7
717	20.9
718	6.8
719	12.1
720	5.8
721	0
722	9.8
723	5.5
724	22.4
725	0
726	0.7
727	1.2
728	13
729	1
730	4.9
731	0
732	1.3
733	11.8
734	2.3
735	17.2
736	0.1
737	23.3
738	4.2
739	21.7
740	19.8
741	14.3
742	45.7
743	4.9
744	2.4
745	0.1
746	1.8
747	3.1
748	0
749	4.1
750	0
751	2.4
752	9.8
753	2.9
754	5.5
755	5.7
756	0.9
757	51.1
758	4.5
759	0
760	1.1
761	0
762	14.4
763	7.6
764	42
765	0.6
766	2.5
767	4.1
768	37
769	5.8
770	42.4
771	0.6
772	1.9
773	0.3
774	0.2
775	1.8
776	0.1
777	7.4
778	1.2
779	1.4
780	4.8
781	9.4
782	270.2
783	296.7
784	205.3
785	248.2
786	224.5
787	195.2
788	111.4
789	123.9
790	246
791	183.4
792	211.3
793	131.4
794	257.7
795	206.4
796	155.6
797	218
798	155.4
799	159.1
800	244.9
801	136.8
802	155
803	215.6
804	119.8
805	154.9
806	184.2
807	78.4
808	173.2
809	169
810	250.2
811	163.5
812	254.6
813	162.6
814	215.4
815	190
816	148.7
817	77.9
818	269.8
819	214.1
820	170.7
821	125.6
822	259
823	170
824	297.4
825	98
826	159.6
827	220.3
828	293.1
829	117.5
830	263.9
831	139.2
832	217.3
833	119.6
834	168.5
835	219.4
836	211.3
837	76.1
838	178.6
839	128.4
840	220.7
841	187
842	78.7
843	41.7
844	150.2
845	179.1
846	174.8
847	185
848	130.1
849	94
850	325.2
851	316.9
852	113.7
853	229.8
854	239
855	195.1
856	141.2
857	140.7
858	250.4
859	98.3
860	71
861	274.6
862	22.5
863	229.4
864	96.9
865	231
866	81.9
867	98.1
868	175
869	106.4
870	57.5
871	96.6
872	85.9
873	26.9
874	160.8
875	158.1
876	112
877	200.2
878	152.4
879	194.9
880	140.9
881	172.1
882	71.7
883	90.5
884	153.2
885	175.6
886	18.3
887	114.8
888	141.4
889	158.6
890	153.5
891	114
892	77.3
893	178.1
894	23.3
895	198.6
896	213.2
897	112.7
898	110
899	175.2
900	158.6
901	159.8
902	221.1
903	235.5
904	203.9
905	141.9
906	212.4
907	78.9
908	116.5
909	140.5
910	49.2
911	203.2
912	134.7
913	100.3
914	158.3
915	51.5
916	126.5
917	188.2
918	128.2
919	92
920	131.9
921	110
922	140
923	48.8
924	106
925	223.7
926	117.1
927	182.8
928	107.2
929	126.3
930	95.7
931	157.8
932	131.5
933	141.3
934	58
935	136.3
936	142.8
937	252
938	268.5
939	182.7
940	118.7
941	173.1
942	76.5
943	43.7
944	238.4
945	110.9
946	166.6
947	49.1
948	90.9
949	119.9
950	142.2
951	93.8
952	141.2
953	100
954	143.9
955	130.2
956	161.4
957	111
958	98.5
959	133.4
960	144.2
961	119.7
962	177.7
963	105.7
964	23.8
965	103.1
966	111.6
967	34.4
968	124.5
969	94.2
970	85.2
971	151.9
972	148.5
973	169.9
974	140.9
975	222.1
976	178.8
977	200
978	124.2
979	95.5
980	194.1
981	96.4
982	152.8
983	159.7
984	216.8
985	203
986	276.1
987	179
988	245.8
989	178
990	52.6
991	165.3
992	115.2
993	238.4
994	143
995	250.6
996	240
997	263.2
998	245
999	136.3
1000	20.7
1001	205.2
1002	268.1
1003	52.1
1004	206.6
1005	143.6
1006	182.7
1007	30.5
1008	214.6
1009	93.3
1010	118
1011	212.6
1012	155.7
1013	195.1
1014	286
1015	252.8
1016	39.8
1017	264.4
1018	263.2
1019	152.7
1020	139.3
1021	179.6
1022	155.7
1023	175.4
1024	273.5
1025	63.8
1026	216.6
1027	137.6
1028	202.4
1029	203.1
1030	250.4
1031	34.2
1032	59.6
1033	288
1034	116.9
1035	216.6
1036	176
1037	93.9
1038	154.9
1039	126.9
1040	153.9
1041	69.2
1042	119.1
1043	37.7
1044	101.1
1045	107.9
1046	277
1047	272.9
1048	118.8
1049	174.8
1050	40.6
1051	179.5
1052	168.6
1053	234.7
1054	201.8
1055	146.4
1056	138.8
1057	261.9
1058	134.3
1059	282.4
1060	120.2
1061	27.5
1062	83.2
1063	257.7
1064	211.2
1065	120.2
1066	159
1067	295
1068	296.1
1069	227.3
1070	183.2
1071	137.8
1072	243.4
1073	228.8
1074	165.3
1075	149.9
1076	163.1
1077	307.9
1078	123.2
1079	221.1
1080	225.5
1081	329
1082	191
1083	277
1084	175.3
1085	128.4
1086	231.4
1087	30.7
1088	289.1
1089	118.7
1090	160.7
1091	259.8
1092	353.4
1093	118.1
1094	170.4
1095	134.8
1096	127.3
1097	182.3
1098	116.9
1099	150.4
1100	21.9
1101	185.8
1102	158
1103	271.2
1104	146.9
1105	95.5
1106	89.3
1107	276
1108	182.3
1109	158.6
1110	272.2
1111	293
1112	185
1113	139
1114	159.2
1115	118.9
1116	159.7
1117	159.2
1118	81.1
1119	163.1
1120	182.2
1121	183.5
1122	117.9
1123	103.3
1124	166.4
1125	180.8
1126	206.5
1127	156.2
1128	164.2
1129	154.7
1130	174.9
1131	224.1
1132	180.9
1133	167.6
1134	165.9
1135	111.1
1136	221.2
1137	136.2
1138	91.7
1139	149.1
1140	173.9
1141	208.4
1142	139.4
1143	179.4
1144	106.5
1145	178.2
1146	155
1147	126.3
1148	123.9
1149	173.7
1150	146.1
1151	123.1
1152	182.2
1153	137.2
1154	20.8
1155	119.4
1156	144.9
1157	151
1158	111.9
1159	130.9
1160	239.7
1161	153.9
1162	200.8
1163	174.5
1164	168.6
1165	113.8
1166	184.3
1167	156.9
1168	219.9
1169	159.1
1170	153
1171	216.9
1172	137.2
1173	183.8
1174	190.7
1175	114.7
1176	103
1177	110.9
1178	137
1179	191.4
1180	129.8
1181	242.4
1182	158.8
1183	158.2
1184	119.9
1185	215
1186	150
1187	177.4
1188	152.4
1189	241.7
1190	134.4
1191	136.2
1192	119
1193	175.6
1194	173.5
1195	149.7
1196	150.6
1197	109.3
1198	194.4
1199	174
1200	38.8
1201	187.8
1202	184
1203	110.1
1204	220.4
1205	168.8
1206	252.6
1207	128.5
1208	323.9
1209	181.2
1210	161.4
1211	186.1
1212	118.4
1213	162
1214	168.5
1215	223.1
1216	193.7
1217	214.4
1218	206.8
1219	294.4
1220	151.5
1221	168.4
1222	175.2
1223	192.1
1224	167.1
1225	146.5
1226	145.4
1227	167.6
1228	174.8
1229	219
1230	145.8
1231	236
1232	184.3
1233	92.5
1234	215.6
1235	226.5
1236	212.4
1237	196.6
1238	128.8
1239	156.8
1240	138.2
1241	172.5
1242	181.7
1243	140.4
1244	165.5
1245	142.7
1246	113
1247	135.1
1248	50.2
1249	187.1
1250	196.8
1251	186.1
1252	119.6
1253	111.6
1254	155.2
1255	132.7
1256	189.2
1257	148.3
1258	181.9
1259	177.4
1260	204.8
1261	191.2
1262	312
1263	180.9
1264	125.2
1265	251.8
1266	107.1
1267	137.2
1268	197.4
1269	38.3
1270	88.8
1271	201.4
1272	114.5
1273	131
1274	108.5
1275	179
1276	168.2
1277	138.6
1278	170.4
1279	28.1
1280	216.2
1281	206.6
1282	199
1283	196.1
1284	54.5
1285	107.8
1286	225.3
1287	153.3
1288	223.1
1289	126.3
1290	211.1
1291	180.9
1292	181.6
1293	25.8
1294	165.4
1295	151.1
1296	276.3
1297	36.2
1298	84
1299	190
1300	177.4
1301	202.1
1302	211.7
1303	185.7
1304	61.1
1305	205.6
1306	141.5
1307	152.3
1308	206.7
1309	165.2
1310	109.5
1311	87.8
1312	122
1313	194.2
1314	136.6
1315	212.8
1316	168.8
1317	156.5
1318	193.9
1319	187.2
1320	167.3
1321	148.6
1322	208.7
1323	173.1
1324	141.9
1325	100.6
1326	124.8
1327	178.2
1328	83.1
1329	47
1330	225.1
1331	156.6
1332	25.8
1333	96.6
1334	112.3
1335	228.4
1336	105.9
1337	111.3
1338	112.2
1339	184.3
1340	103.8
1341	92.3
1342	90
1343	142.5
1344	230.6
1345	161.2
1346	217.8
1347	139.3
1348	157.3
1349	167.5
1350	157.7
1351	175.2
1352	42.1
1353	65.7
1354	140.8
1355	138.4
1356	30.3
1357	82
1358	93.2
1359	129.8
1360	142.9
1361	140.7
1362	106
1363	230.2
1364	230.7
1365	190.3
1366	163.1
1367	218.1
1368	148.5
1369	181.9
1370	147.6
1371	204.3
1372	168.7
1373	109.1
1374	184.9
1375	76.2
1376	48
1377	142.4
1378	125.1
1379	125.8
1380	157.1
1381	234
1382	99.7
1383	165.5
1384	146.6
1385	44.1
1386	140.9
1387	158.2
1388	170.8
1389	153.3
1390	125.9
1391	257.5
1392	140
1393	223.7
1394	185.1
1395	149.6
1396	236.7
1397	249.9
1398	298.7
1399	247.6
1400	67.1
1401	131.3
1402	169.3
1403	50.6
1404	118.3
1405	162.9
1406	212.4
1407	282.1
1408	170.9
1409	108.7
1410	147.6
1411	85
1412	232.8
1413	87.2
1414	150.5
1415	119.2
1416	93.8
1417	166.6
1418	41.4
1419	112.1
1420	148.3
1421	125.2
1422	141.5
1423	67.4
1424	139.9
1425	135.6
1426	81
1427	117.4
1428	145.8
1429	127
1430	112.4
1431	69.6
1432	116.5
1433	96.9
1434	240.5
1435	109.1
1436	229
1437	152.2
1438	197.5
1439	96.2
1440	108.8
1441	104.5
1442	205.8
1443	79.9
1444	152.7
1445	219.8
1446	99.5
1447	217.2
1448	127
1449	274.2
1450	308.9
1451	198.7
1452	257.5
1453	116.2
1454	86.2
1455	181.1
1456	225
1457	131.8
1458	122.1
1459	119
1460	161.7
1461	108
1462	123.9
1463	105
1464	117.3
1465	137.7
1466	193.8
1467	136.7
1468	142.1
1469	116
1470	122.8
1471	152.8
1472	176.1
1473	193.8
1474	158.4
1475	140.1
1476	144.2
1477	322.5
1478	112.6
1479	94.8
1480	148.6
1481	68.5
1482	117.8
1483	83.4
1484	240.1
1485	92
1486	146.3
1487	96.8
1488	97.9
1489	79.8
1490	260.9
1491	95.7
1492	105.9
1493	123.8
1494	92.2
1495	106.5
1496	123.8
1497	113.4
1498	139.7
1499	100.9
1500	164.3
1501	129.6
1502	104.5
1503	187.3
1504	108.5
1505	99.3
1506	116.6
1507	180.8
1508	294.5
1509	93.3
1510	218.2
1511	344.9
1512	182.7
1513	106.5
1514	166.7
1515	134
1516	167.7
1517	116.7
1518	183.7
1519	126
1520	174.5
1521	109.8
1522	181
1523	115.6
1524	119.2
1525	122.1
1526	123.7
1527	94.8
1528	116.8
1529	146.2
1530	119.4
1531	196.2
1532	336.4
1533	311.7
1534	79.1
1535	32.5
1536	93.9
1537	109.8
1538	65.8
1539	329
1540	134.5
1541	134.3
1542	136.3
1543	103.2
1544	194.8
1545	119.8
1546	51.4
1547	94.8
1548	77.1
1549	99.9
1550	107.9
1551	144.6
1552	111.1
1553	97
1554	104
1555	81.3
1556	168.5
1557	358.7
1558	172.7
1559	127.3
1560	147.8
1561	172.4
1562	206.3
1563	495.3
1564	62.1
1565	93.6
1566	466.6
1567	120.6
1568	148.2
1569	113.4
1570	66
1571	64.9
1572	188.3
1573	71.8
1574	346.9
1575	133.9
1576	394.7
1577	78.8
1578	133
1579	135
1580	96.9
1581	106.5
1582	106.4
1583	90.1
1584	33.6
1585	62
1586	77.9
1587	196.4
1588	152.6
1589	408.2
1590	172.5
1591	100
1592	148
1593	403.6
1594	113.3
1595	136.6
1596	85.7
1597	81.7
1598	121.8
1599	98.8
1600	156.5
1601	69.8
1602	66
1603	136.5
1604	120.1
1605	163.5
1606	66.9
1607	149.2
1608	127.1
1609	138.7
1610	142
1611	450.3
1612	86.4
1613	92.1
1614	109.5
1615	361.5
1616	122.1
1617	130.9
1618	92.2
1619	159.7
1620	435.4
1621	146.6
1622	500.7
1623	139.5
1624	61.2
1625	81.7
1626	488.1
1627	200.8
1628	107.3
1629	158.2
1630	308.3
1631	87.4
1632	61.9
1633	83.5
1634	80.6
1635	67.3
1636	87.7
1637	107
1638	112.5
1639	121.3
1640	61.4
1641	63.5
1642	70.9
1643	146.2
1644	203.4
1645	148.9
1646	109
1647	181.2
1648	178.3
1649	298.7
1650	105.1
1651	283.9
1652	95.2
1653	77.4
1654	358.8
1655	145.4
1656	343.2
1657	139.7
1658	121
1659	144
1660	54.8
1661	192.9
1662	197.9
1663	92
1664	149.5
1665	58.7
1666	373.2
1667	89
1668	117.9
1669	90.7
1670	248.4
1671	128.9
1672	253
1673	331
1674	91.4
1675	38.8
1676	257.8
1677	340.1
1678	87.3
1679	75.5
1680	183.1
1681	76.7
1682	63.8
1683	92.3
1684	117.8
1685	83.8
1686	79.7
1687	83.9
1688	58.9
1689	251.3
1690	320.9
1691	223.4
1692	232.7
1693	278
1694	101
1695	279.3
1696	175.1
1697	236.8
1698	79.8
1699	149.1
1700	97.1
1701	209.7
1702	206.1
1703	106.6
1704	169.8
1705	104.1
1706	73.3
1707	59.8
1708	62.1
1709	121
1710	241.1
1711	117.8
1712	167.9
1713	147.5
1714	130.6
1715	278.6
1716	80.2
1717	42.5
1718	224.9
1719	69
1720	156.2
1721	257.2
1722	86.4
1723	116.7
1724	75.7
1725	118.8
1726	106.9
1727	238.8
1728	189.9
1729	246.3
1730	128.7
1731	201.9
1732	168.9
1733	87.2
1734	228.3
1735	155.4
1736	63.2
1737	110.3
1738	75.5
1739	65.8
1740	159.6
1741	220.1
1742	150.5
1743	84.5
1744	183.2
1745	95.2
1746	148.1
1747	135.4
1748	194.7
1749	98.5
1750	52.4
1751	144.1
1752	163.6
1753	127.6
1754	98.9
1755	150.3
1756	69.6
1757	160.7
1758	203.7
1759	127.6
1760	94.9
1761	193.4
1762	125.7
1763	140.4
1764	97.2
1765	208.2
1766	201.4
1767	200.6
1768	222.8
1769	179.1
1770	143.4
1771	119.5
1772	195.4
1773	185.3
1774	140.3
1775	89.2
1776	130.5
1777	182.9
1778	134.8
1779	166
1780	70.7
1781	208.8
1782	205.5
1783	143.1
1784	86.9
1785	144.1
1786	210.1
1787	109.5
1788	128.7
1789	80.3
1790	87.2
1791	121.7
1792	133.7
1793	130.2
1794	111.5
1795	124.4
1796	205.3
1797	131.9
1798	95.9
1799	114
1800	103.5
1801	240
1802	111
1803	260
1804	102.1
1805	157.5
1806	88.5
1807	192.2
1808	85
1809	153.5
1810	183.4
1811	104.8
1812	188.9
1813	106.2
1814	158.9
1815	95.2
1816	206.7
1817	111.7
1818	132.5
1819	80.5
1820	303.9
1821	113.1
1822	159.2
1823	113.7
1824	262.7
1825	250.3
1826	130.4
1827	105
1828	104.4
1829	127.1
1830	209.8
1831	81.6
1832	82.1
1833	106
1834	203.7
1835	93.6
1836	84.9
1837	123.9
1838	118.2
1839	237.6
1840	158.2
1841	78.2
1842	81
1843	301.6
1844	116.3
1845	111.2
1846	112.8
1847	75.3
1848	252.5
1849	217.4
1850	253.9
1851	70.2
1852	121.3
1853	191.3
1854	160.8
1855	167.3
1856	68.5
1857	74.6
1858	202.7
1859	102.9
1860	136.1
1861	77.6
1862	65.8
1863	115.7
1864	153.8
1865	134.4
1866	234.4
1867	89.2
1868	158.1
1869	125.8
1870	91.8
1871	154.2
1872	58.4
1873	131.1
1874	177.9
1875	100.1
1876	157.5
1877	87.3
1878	165.5
1879	172.5
1880	258.4
1881	128.7
1882	208.2
1883	175.9
1884	146.5
1885	178.7
1886	159
1887	109.5
1888	170.6
1889	211.3
1890	230.2
1891	100.5
1892	121.1
1893	109.1
1894	182.7
1895	130.1
1896	153
1897	66.3
1898	196.7
1899	60.8
1900	102.2
1901	210.7
1902	102.3
1903	196.6
1904	57
1905	142.9
1906	169
1907	130.5
1908	127.6
1909	101.8
1910	83.3
1911	193.2
1912	139.7
1913	158.2
1914	124.3
1915	132.9
1916	102.6
1917	200.5
1918	116.2
1919	176.3
1920	183.6
1921	242.4
1922	155.8
1923	205.7
1924	170.3
1925	178.7
1926	87
1927	245.1
1928	128.7
1929	91.9
1930	92
1931	120
1932	103.6
1933	109
1934	155.7
1935	124.1
1936	299
1937	92.9
1938	136.4
1939	211.2
1940	111.9
1941	51.6
1942	111.3
1943	107.4
1944	258.7
1945	80.8
1946	142.9
1947	187.9
1948	67.4
1949	78.7
1950	74.7
1951	145.9
1952	68
1953	83.5
1954	154.9
1955	190.7
1956	195.5
1957	292.6
1958	156.2
1959	137.5
1960	155.5
1961	142.4
1962	79.7
1963	122.1
1964	143.9
1965	193.9
1966	35.2
1967	75
1968	233.8
1969	133.8
1970	242.8
1971	231
1972	214.3
1973	136.4
1974	241.8
1975	100.6
1976	161.1
1977	102.6
1978	212
1979	98.7
1980	153
1981	202.3
1982	64.9
1983	165.3
1984	193.6
1985	73.6
1986	197.1
1987	210.4
1988	84.9
1989	81.3
1990	52.8
1991	178.4
1992	118.5
1993	130.2
1994	231.7
1995	166.6
1996	131.1
1997	136.8
1998	288.9
1999	161.9
2000	91.6
2001	134.1
2002	194.3
2003	167.3
2004	120
2005	120.6
2006	128.8
2007	169.7
2008	81.7
2009	202
2010	147.6
2011	72.9
2012	163.7
2013	152.8
2014	64.1
2015	163.3
2016	167.9
2017	101.7
2018	111.5
2019	102.1
2020	130.4
2021	93.9
2022	102.5
2023	95.3
2024	56.9
2025	216.3
2026	110.3
2027	116.9
2028	261.4
2029	59.4
2030	139.7
2031	198
2032	159.6
2033	143.8
2034	170.6
2035	79
2036	53.2
2037	59.5
2038	85.4
2039	94.1
2040	79
2041	88.6
2042	120.9
2043	76.1
2044	230.7
2045	113
2046	116
2047	78.1
2048	54.1
2049	101.1
2050	185.9
2051	105
2052	136.4
2053	124
2054	91.7
2055	134
2056	81.5
2057	95.1
2058	96.3
2059	104.3
2060	114.1
2061	147.9
2062	216.2
2063	70.2
2064	134.1
2065	90.4
2066	91.9
2067	126.4
2068	89.8
2069	141.7
2070	166.7
2071	117.5
2072	144.1
2073	161.7
2074	157.7
2075	160.8
2076	58
2077	91.3
2078	140.2
2079	116.6
2080	72.1
2081	154.9
2082	122.5
2083	108.7
2084	170.8
2085	98.8
2086	136.4
2087	57.6
2088	247.5
2089	99.6
2090	156.2
2091	121.2
2092	119.9
2093	127.9
2094	57
2095	112.9
2096	112.2
2097	116.9
2098	148.8
2099	174.1
2100	138.9
2101	90
2102	167.9
2103	100.2
2104	81.4
2105	114.3
2106	54.7
2107	67.3
2108	134.2
2109	109.9
2110	81.7
2111	71.8
2112	85
2113	133.5
2114	67.5
2115	118.5
2116	139.6
2117	138.2
2118	107.6
2119	120.3
2120	157.9
2121	133.6
2122	122.6
2123	73
2124	123.5
2125	93.9
2126	77.3
2127	126
2128	59.7
2129	83.7
2130	68.4
2131	143.9
2132	142.6
2133	99.9
2134	78
2135	98.7
2136	155.3
2137	119.2
2138	106.3
2139	141.9
2140	100.6
2141	120.3
2142	104.2
2143	92.7
2144	79.8
2145	123
2146	127.3
2147	117.5
2148	88
2149	73.7
2150	94.1
2151	96.9
2152	138
2153	166.5
2154	115.2
2155	110.4
2156	109.2
2157	120.6
2158	123.8
2159	115.3
2160	180.4
2161	79.4
2162	72.4
2163	118.1
2164	127.8
2165	121.9
2166	99.3
2167	136.3
2168	55.7
2169	92.2
2170	89.1
2171	53.2
2172	79.5
2173	106.1
2174	78.7
2175	101.4
2176	132.4
2177	169.1
2178	94.5
2179	172.8
2180	69.1
2181	183.2
2182	53.6
2183	86.5
2184	129.4
2185	107.3
2186	76.5
2187	80.3
2188	85.2
2189	67.7
2190	114.7
2191	97.4
2192	73.8
2193	65.8
2194	121
2195	106.9
2196	142.6
2197	146.4
2198	79.5
2199	175.5
2200	62.1
2201	70.6
2202	84.3
2203	70.2
2204	110.2
2205	75.3
2206	86.7
2207	85.4
2208	79.1
2209	58.3
2210	177.3
2211	56.3
2212	83.9
2213	129.5
2214	69.4
2215	81.6
2216	72.6
2217	76.8
2218	73.4
2219	135.1
2220	64.8
2221	73.2
2222	184.6
2223	81.9
2224	61.5
2225	99.2
2226	64.7
2227	186
2228	107.4
2229	72.1
2230	73.2
2231	77.3
2232	120.5
2233	90.7
2234	119.9
2235	103.5
2236	99.8
2237	86.9
2238	102
2239	76.3
2240	84.4
2241	108
2242	108.9
2243	125.8
2244	110.1
2245	113
2246	72.8
2247	110
2248	178.2
2249	122.8
2250	65.5
2251	50
2252	182.4
2253	103.3
2254	55.3
2255	120.5
2256	89.6
2257	60.9
2258	98.5
2259	226.5
2260	118.6
2261	89.1
2262	81.2
2263	203.3
2264	149.4
2265	228.3
2266	93.6
2267	83.6
2268	173.8
2269	72.2
2270	145.2
2271	52.6
2272	104
2273	82.7
2274	161.7
2275	182.4
2276	75.8
2277	99.9
2278	177.7
2279	80
2280	93.8
2281	202.2
2282	197.4
2283	114.2
2284	179.7
2285	223.6
2286	172.9
2287	72.3
2288	59.2
2289	151.9
2290	137.9
2291	64.9
2292	208.3
2293	24.1
2294	49.9
2295	193.9
2296	210.6
2297	156.2
2298	83.3
2299	41
2300	111.7
2301	153.4
2302	91.8
2303	128.3
2304	110.3
2305	76.3
2306	221.9
2307	204.2
2308	153.9
2309	125.8
2310	158.4
2311	220.7
2312	144
2313	141.5
2314	207.1
2315	203.9
2316	126
2317	208.2
2318	94.2
2319	82.2
2320	232
2321	62.4
2322	200
2323	177.9
2324	226.5
2325	246.6
2326	94.2
2327	127.7
2328	170.6
2329	150.7
2330	220.6
2331	162.6
2332	30.9
2333	150.5
2334	72.1
2335	209.1
2336	118.2
2337	140.9
2338	66.2
2339	67
2340	230.8
2341	129.1
2342	202.9
2343	65.1
2344	143.3
2345	74.5
2346	120.8
2347	136.9
2348	155.7
2349	134.8
2350	154.5
2351	106.4
2352	147.6
2353	118.4
2354	166.4
2355	327.4
2356	239.3
2357	174.9
2358	63.8
2359	374.3
2360	121
2361	113.1
2362	69.2
2363	219.9
2364	94.7
2365	122.5
2366	252.1
2367	210.7
2368	122.9
2369	53.2
2370	308.5
2371	150.1
2372	87.5
2373	98.2
2374	46.8
2375	154.9
2376	246.1
2377	70.2
2378	108.5
2379	102.8
2380	124.3
2381	98.5
2382	222
2383	256.9
2384	246
2385	63.7
2386	121.9
2387	110.5
2388	89.8
2389	268.4
2390	83.2
2391	58.9
2392	277.3
2393	274.4
2394	277.8
2395	52.3
2396	90.1
2397	208.4
2398	65.6
2399	123.1
2400	223.1
2401	103.2
2402	233.1
2403	84.8
2404	59.7
2405	62.1
2406	78
2407	252
2408	53.3
2409	62.2
2410	108.9
2411	140.3
2412	108.1
2413	167.7
2414	74.1
2415	151.8
2416	99.9
2417	103.4
2418	132.4
2419	100.1
2420	256
2421	284.9
2422	152.2
2423	106
2424	137.9
2425	67.5
2426	279
2427	128.9
2428	253.5
2429	302
2430	240.4
2431	73.8
2432	155.1
2433	253.8
2434	57
2435	122.9
2436	155.3
2437	42.8
2438	67.9
2439	204.7
2440	123.1
2441	319.2
2442	108.5
2443	84.2
2444	251.8
2445	48.6
2446	80.7
2447	90
2448	256
2449	198.8
2450	244.4
2451	76
2452	90.4
2453	232.5
2454	194
2455	161.2
2456	261.4
2457	152.1
2458	116.3
2459	111.8
2460	41.9
2461	259.6
2462	161.9
2463	74
2464	242
2465	252.2
2466	172.4
2467	79.6
2468	46.3
2469	111.2
2470	241.1
2471	126.8
2472	143.9
2473	79.2
2474	188.3
2475	130.6
2476	180.9
2477	105.5
2478	68.3
2479	172.8
2480	158.7
2481	120
2482	34.7
2483	175.2
2484	172.1
2485	55.1
2486	102
2487	225.9
2488	168.1
2489	192.5
2490	207.9
2491	55.4
2492	169.8
2493	183.6
2494	60.3
2495	72.3
2496	34.3
2497	75
2498	52.1
2499	39.9
2500	126.2
2501	34.8
2502	36.1
2503	88.2
2504	108.5
2505	131.7
2506	165.6
2507	200.2
2508	132.5
2509	150.5
2510	134.7
2511	152
2512	110.3
2513	156.6
2514	56.9
2515	51.1
2516	145.5
2517	59.6
2518	63
2519	125.2
2520	115.6
2521	53.2
2522	177.5
2523	60.6
2524	160.5
2525	66.4
2526	63.4
2527	50.1
2528	94
2529	75.9
2530	73.4
2531	87.5
2532	90.9
2533	143.9
2534	70.7
2535	66.6
2536	115.7
2537	77.1
2538	127.7
2539	188.9
2540	123.3
2541	138.4
2542	131.9
2543	72.4
2544	69.6
2545	149.8
2546	119.3
2547	114
2548	127.5
2549	146.9
2550	144.7
2551	81.1
2552	220.5
2553	70.9
2554	190.6
2555	65.2
2556	83.6
2557	61.1
2558	107
2559	65.7
2560	170.3
2561	67.1
2562	233.7
2563	147
2564	180.3
2565	140.5
2566	58.4
2567	148.8
2568	203
2569	98
2570	75.1
2571	54.9
2572	151
2573	89.9
2574	163.9
2575	61.4
2576	98.3
2577	49
2578	73.6
2579	86
2580	146.7
2581	140.2
2582	271.5
2583	127.4
2584	165.2
2585	70.8
2586	235
2587	135
2588	74.3
2589	79.9
2590	145.6
2591	69.2
2592	54.8
2593	79.1
2594	50.8
2595	152.4
2596	117.9
2597	95.4
2598	250.8
2599	114.4
2600	84.4
2601	53.1
2602	112.2
2603	42.9
2604	233
2605	125.1
2606	146.4
2607	105.8
2608	85.8
2609	113.1
2610	63
2611	141.2
2612	63.3
2613	84.6
2614	124.5
2615	86.9
2616	152.2
2617	177.3
2618	129.6
2619	97.3
2620	209.7
2621	40.2
2622	92.3
2623	110.2
2624	59.8
2625	177
2626	41
2627	158.1
2628	92.9
2629	116.6
2630	107.8
2631	71.8
2632	53.9
2633	97.1
2634	94.2
2635	85.8
2636	109.6
2637	138.6
2638	92
2639	92
2640	56.1
2641	101.3
2642	60
2643	219.5
2644	169.9
2645	218.3
2646	65.2
2647	38.7
2648	102.8
2649	183.9
2650	104.5
2651	161.8
2652	179.5
2653	122.6
2654	142
2655	76
2656	115.8
2657	44.2
2658	88.3
2659	139.3
2660	134.3
2661	185.6
2662	175.7
2663	173.5
2664	68.6
2665	178.9
2666	99.5
2667	54.9
2668	84.7
2669	52.7
2670	171.8
2671	139.8
2672	100.7
2673	54.1
2674	40
2675	158.7
2676	27.2
2677	176.1
2678	152.2
2679	139.2
2680	88.6
2681	131.5
2682	197.6
2683	50.4
2684	57.7
2685	139.9
2686	148.2
2687	116
2688	162.8
2689	166.2
2690	127
2691	184.2
2692	21.4
2693	145.5
2694	138.7
2695	105.5
2696	47.2
2697	112.4
2698	168.1
2699	69
2700	92.8
2701	38.2
2702	131.9
2703	66.6
2704	60.3
2705	82
2706	129.7
2707	29.8
2708	109
2709	112.6
2710	131.9
2711	129
2712	73.9
2713	52.1
2714	131.2
2715	69.8
2716	113.5
2717	186.9
2718	85.8
2719	167.9
2720	157.7
2721	62
2722	159.3
2723	155.8
2724	65.7
2725	106.5
2726	37.1
2727	119
2728	84
2729	138.2
2730	170.4
2731	64.8
2732	142.2
2733	135.8
2734	160.3
2735	86
2736	23.8
2737	52.4
2738	84.1
2739	40.9
2740	147.1
2741	66.8
2742	87.9
2743	52.7
2744	92.3
2745	52.8
2746	30.8
2747	57.4
2748	103.3
2749	115.7
2750	151.3
2751	114.4
2752	111.1
2753	105.4
2754	116.4
2755	50.1
2756	53.1
2757	125.6
2758	123.3
2759	41.8
2760	38.7
2761	49.7
2762	71.2
2763	79
2764	90.7
2765	117.1
2766	167.2
2767	32
2768	44.5
2769	47.3
2770	98.5
2771	117.9
2772	76.2
2773	32.5
2774	155.9
2775	127.9
2776	74.6
2777	166.3
2778	113.5
2779	83.9
2780	21.2
2781	99.3
2782	57.3
2783	124.7
2784	147.7
2785	70
2786	68.8
2787	105
2788	55.9
2789	126.7
2790	113.7
2791	128.9
2792	107.5
2793	96.3
2794	99.2
2795	45.5
2796	52.4
2797	155.3
2798	148.8
2799	97
2800	117.3
2801	104.6
2802	118.8
2803	41.7
2804	23.9
2805	118.2
2806	106.3
2807	136.6
2808	113.7
2809	102.6
2810	30.5
2811	101.5
2812	52.8
2813	67.1
2814	112.8
2815	102.2
2816	50.8
2817	74.9
2818	101.8
2819	97.3
2820	133.5
2821	139
2822	71.9
2823	83.4
2824	52.4
2825	76.1
2826	43.8
2827	24.6
2828	61.7
2829	50.2
2830	95.2
2831	147.8
2832	142.5
2833	45.2
2834	110.3
2835	88.8
2836	79.7
2837	115.3
2838	105
2839	166.1
2840	127.2
2841	162.5
2842	58.8
2843	51.9
2844	37
2845	55.5
2846	54.6
2847	85.2
2848	119
2849	177.5
2850	112.4
2851	64.7
2852	109.3
2853	82.4
2854	92.1
2855	85.9
2856	88.9
2857	121.6
2858	84.9
2859	69.7
2860	60.9
2861	122.1
2862	67
2863	35.2
2864	78.4
2865	134.6
2866	133.8
2867	80.7
2868	43
2869	84.4
2870	72
2871	153.4
2872	93.9
2873	82.5
2874	105.6
2875	93.1
2876	66.4
2877	77.8
2878	62.9
2879	47.4
2880	85.6
2881	104.7
2882	138.7
2883	62.1
2884	62.8
2885	52.9
2886	78.8
2887	46.3
2888	84.3
2889	52.6
2890	76.5
2891	124.7
2892	158.2
2893	93.2
2894	69.5
2895	78.2
2896	56.1
2897	84.8
2898	78.5
2899	97.6
2900	52.5
2901	35.5
2902	91.6
2903	81
2904	30.2
2905	61.9
2906	104.1
2907	47.1
2908	80.4
2909	115.9
2910	37.1
2911	79
2912	93.7
2913	129.5
2914	116.6
2915	49.2
2916	71.3
2917	93.8
2918	92.4
2919	31.3
2920	37.5
2921	76.2
2922	34.9
2923	62.3
2924	68.1
2925	93.7
2926	52.3
2927	47.3
2928	51.2
2929	53.3
2930	64.1
2931	113.8
2932	70.9
2933	118
2934	36.9
2935	88.1
2936	31.1
2937	50.6
2938	33.5
2939	96.2
2940	35.6
2941	69
2942	46.6
2943	93.3
2944	28.1
2945	123
2946	106
2947	85.7
2948	138.7
2949	105.3
2950	36.1
2951	91.5
2952	105.8
2953	74.4
2954	65.7
2955	55.9
2956	58.4
2957	53.5
2958	138
2959	34.1
2960	54.5
2961	96.5
2962	92.8
2963	44
2964	87.6
2965	35.3
2966	99.3
2967	43.1
2968	87.4
2969	50.1
2970	28.6
2971	58.7
2972	45.9
2973	32.7
2974	112.4
2975	152.1
2976	67
2977	49.2
2978	47.8
2979	114.9
2980	111.7
2981	105.5
2982	58.5
2983	97.8
2984	107.1
2985	59.5
2986	111.7
2987	69.9
2988	92.1
2989	20.7
2990	26.6
2991	152.3
2992	34.4
2993	106.7
2994	94.6
2995	99.1
2996	96.7
2997	79.7
2998	37
2999	77.7
3000	52
3001	48.9
3002	141.4
3003	63.6
3004	22
3005	44.4
3006	114.2
3007	67.8
3008	123.9
3009	23.2
3010	29.8
3011	95.7
3012	56.5
3013	116.3
3014	53
3015	20.6
3016	78.1
3017	173.6
3018	69.8
3019	21.3
3020	30.1
3021	45.3
3022	38.4
3023	19.1
3024	167.6
3025	56
3026	122.6
3027	114.4
3028	68.4
3029	155.6
3030	43
3031	49.1
3032	26.4
3033	63.8
3034	64.4
3035	59.6
3036	42.2
3037	62.3
3038	9
3039	53.2
3040	136.9
3041	138
3042	96.7
3043	168
3044	78.4
3045	141.8
3046	7.2
3047	5.3
3048	120.3
3049	38.9
3050	159.1
3051	82.4
3052	44.3
3053	132.5
3054	41.2
3055	40.3
3056	137.8
3057	3.5
3058	147.7
3059	43.9
3060	30.5
3061	25.3
3062	8.5
3063	171.5
3064	117.1
3065	28.1
3066	90.4
3067	32.8
3068	129.1
3069	30.8
3070	71.1
3071	35.4
3072	44.4
3073	22.1
3074	132.4
3075	28.3
3076	16.4
3077	48.2
3078	62.2
3079	129.5
3080	102.3
3081	47.2
3082	34.9
3083	180.5
3084	31.1
3085	70.3
3086	81.4
3087	101.2
3088	144.6
3089	191.4
3090	56.9
3091	3.7
3092	25.3
3093	23.6
3094	31
3095	15.8
3096	80.2
3097	26.4
3098	149.6
3099	55.4
3100	74.2
3101	21.3
3102	6.7
3103	124.5
3104	138
3105	44.1
3106	132.2
3107	102.1
3108	15.9
3109	13.6
3110	25.2
3111	131.1
3112	23.2
3113	125.8
3114	16.2
3115	44.2
3116	8.9
3117	24
3118	217.5
3119	295.7
3120	10.7
3121	225.1
3122	19.1
3123	140.3
3124	33.4
3125	64.9
3126	24.8
3127	22.9
3128	6.1
3129	3.6
3130	13.2
3131	231.5
3132	113.7
3133	231
3134	161.5
3135	24.9
3136	216.6
3137	25.2
3138	5.7
3139	113.2
3140	74
3141	54.3
3142	87.3
3143	163.7
3144	8.2
3145	23.2
3146	2.8
3147	23
3148	51
3149	16.1
3150	1.6
3151	213.1
3152	114.1
3153	113.8
3154	97.4
3155	20.6
3156	110.4
3157	101.8
3158	1.7
3159	112
3160	20.7
3161	195.7
3162	155.5
3163	7.4
3164	26
3165	50.6
3166	98.1
3167	40.9
3168	118
3169	5.6
3170	101.2
3171	21.3
3172	129.2
3173	1.2
3174	28.8
3175	99.7
3176	17.6
3177	0.9
3178	1
3179	16.3
3180	18.3
3181	51.5
3182	101.2
3183	154.7
3184	132.8
3185	171.4
3186	47.3
3187	150.1
3188	62.7
3189	52.3
3190	5.4
3191	12.7
3192	39.5
3193	15.3
3194	112.5
3195	113.9
3196	44.2
3197	47.9
3198	48.6
3199	63.1
3200	9.2
3201	14.3
3202	91.9
3203	170.2
3204	47.4
3205	136.4
3206	1.9
3207	17.9
3208	10.4
3209	24.6
3210	132.3
3211	108.9
3212	65.9
3213	27.5
3214	23.2
3215	52
3216	0.9
3217	1.6
3218	134.2
3219	132.3
3220	42.4
3221	14.3
3222	130.8
3223	2.8
3224	88.9
3225	31.4
3226	73.6
3227	1.7
3228	60.9
3229	13.2
3230	38.8
3231	6.2
3232	6.8
3233	1.8
3234	72
3235	86.1
3236	118.9
3237	3
3238	127.7
3239	15.8
3240	49.4
3241	19
3242	11.6
3243	126.7
3244	55.8
3245	31.4
3246	5.1
3247	18.4
3248	14.5
3249	7.7
3250	47
3251	127.1
3252	105.6
3253	59.4
3254	113.9
3255	10.1
3256	4.6
3257	108.5
3258	32.7
3259	22.4
3260	2.5
3261	15
3262	108.2
3263	28.5
3264	20.9
3265	9.3
3266	18.5
3267	28.2
3268	92.8
3269	98.8
3270	14.8
3271	6.5
3272	88.7
3273	17.3
3274	91
3275	33.2
3276	38.1
3277	22.2
3278	44.2
3279	20.2
3280	29.9
3281	13.3
3282	2.6
3283	66.6
3284	28.9
3285	16.9
3286	61.5
3287	28.8
3288	19.6
3289	43.4
3290	2.7
3291	56.2
3292	1
3293	16.2
3294	19.2
3295	22
3296	1.2
3297	49.8
3298	27.5
3299	58.5
3300	31
3301	28.4
3302	20
3303	81.4
3304	21.1
3305	105.9
3306	51.7
3307	27.5
3308	69.5
3309	43
3310	23.6
3311	0.5
3312	25.1
3313	25.3
3314	17.1
3315	34.1
3316	51.8
3317	26.2
3318	64
3319	4.1
3320	43.3
3321	35.1
3322	1.4
3323	14.5
3324	46.2
3325	21.7
3326	28.1
3327	13.7
3328	22.9
3329	33.1
3330	27.3
3331	25.4
3332	25.1
3333	22.8
3334	0.8
3335	47.1
3336	30.4
3337	18.7
3338	41.7
3339	32.4
3340	23.6
3341	38.9
3342	25.8
3343	27.9
3344	21.9
3345	3.6
3346	30.8
3347	26.3
3348	13.2
3349	18.2
3350	74
3351	28.2
3352	88
3353	33.7
3354	42.2
3355	36.7
3356	28.2
3357	41.9
3358	28.5
3359	17.8
3360	59.1
3361	18.1
3362	21.6
3363	24.9
3364	20.3
3365	35.8
3366	19.9
3367	23.3
3368	17.3
3369	26.2
3370	27.1
3371	13.6
3372	27.5
3373	28.4
3374	22.5
3375	15.4
3376	16.1
3377	11.7
3378	11.6
3379	13.4
3380	11.8
3381	7.4
3382	11.3
3383	20.3
3384	9.1
3385	7
3386	5.2
3387	9.4
3388	10.1
3389	9
3390	10
3391	10.5
3392	9
3393	7.8
3394	5.1
3395	4
3396	7
3397	4.2
3398	3.4
3399	1.7
3400	201.1
3401	231.8
3402	239.1
3403	101.1
3404	254.8
3405	194.3
3406	171.8
3407	122.5
3408	242.8
3409	173.7
3410	39.2
3411	42.4
3412	272.8
3413	148.5
3414	287
3415	120
3416	139.8
3417	130.4
3418	163.1
3419	145.3
3420	178.3
3421	109.1
3422	255
3423	132
3424	155
3425	163.7
3426	97.6
3427	195.4
3428	41.1
3429	275.9
3430	37.6
3431	90.7
3432	222.8
3433	86.4
3434	182.9
3435	136.6
3436	110.1
3437	118.6
3438	171.1
3439	137.4
3440	94.1
3441	101.7
3442	311.2
3443	104
3444	86.5
3445	83.5
3446	174.9
3447	168
3448	342.5
3449	98.7
3450	128.3
3451	87.5
3452	173.1
3453	117.8
3454	115.3
3455	141.8
3456	200.5
3457	69.5
3458	176.8
3459	94.2
3460	51
3461	261.8
3462	139.6
3463	150.8
3464	96.1
3465	202.9
3466	93.4
3467	69.2
3468	124.6
3469	89.4
3470	163.1
3471	111.7
3472	90.6
3473	202.5
3474	162
3475	92.6
3476	80.3
3477	144.7
3478	178.4
3479	198
3480	144.8
3481	195.1
3482	74.5
3483	153.2
3484	167.7
3485	127.6
3486	130.7
3487	81.8
3488	87.7
3489	199.8
3490	170.4
3491	122.9
3492	119.8
3493	102.5
3494	110.3
3495	136.3
3496	117.6
3497	73.3
3498	74.6
3499	141.3
3500	90.3
3501	93.5
3502	72.9
3503	100.9
3504	61.5
3505	163.9
3506	207.8
3507	72.5
3508	213.4
3509	48.2
3510	145.8
3511	304.9
3512	120.2
3513	62.7
3514	127.4
3515	292.4
3516	113.4
3517	74.7
3518	141.2
3519	105.7
3520	170.5
3521	176.3
3522	236.1
3523	147.4
3524	145.4
3525	136.9
3526	68
3527	152.3
3528	139.2
3529	67
3530	66.9
3531	256.5
3532	45.7
3533	121.2
3534	103.9
3535	145.4
3536	182.4
3537	56
3538	101.8
3539	113.9
3540	161.3
3541	103.9
3542	126.3
3543	93.6
3544	57.1
3545	159.1
3546	149.4
3547	68.7
3548	93.3
3549	102.6
3550	75.7
3551	102.1
3552	55.5
3553	46.3
3554	102.4
3555	71.5
3556	80.4
3557	45.5
3558	54.4
3559	26.3
3560	71.4
3561	49.9
3562	8.2
3563	152.4
3564	11.6
3565	12.6
3566	37.7
3567	155.5
3568	108.6
3569	195.1
3570	82.4
3571	102.8
3572	5.9
3573	175.8
3574	22.1
3575	17.1
3576	116.5
3577	116.3
3578	141.9
3579	2.3
3580	2.3
3581	7.2
3582	150.5
3583	2.8
3584	114.4
3585	27.3
3586	95
3587	7.5
3588	52.6
3589	1.1
3590	42.7
3591	85.6
3592	36.7
3593	21.8
3594	4.2
