"COMID"	"Value"
1	135
2	96.5
3	199.4
4	158.8
5	108.7
6	14.9
7	98.4
8	130.4
9	26.3
10	5.1
11	191.5
12	21.5
13	1.7
14	253.9
15	140.8
16	58.8
17	76.8
18	68.3
19	121.2
20	147
21	228.8
22	260.9
23	0.8
24	9.8
25	179.2
26	122.4
27	141.3
28	111.5
29	32.9
30	90.5
31	153.6
32	90.2
33	258.5
34	7
35	185.6
36	40.6
37	219.4
38	3.8
39	8.2
40	199.2
41	251.6
42	231.8
43	194.5
44	136.5
45	85.5
46	3.5
47	28.1
48	248.6
49	196.6
50	57.6
51	8
52	7.7
53	47.6
54	180.5
55	184.6
56	116.4
57	140.7
58	6
59	160.2
60	7.7
61	23.8
62	24
63	106.7
64	161.5
65	11.5
66	39.2
67	228.7
68	26.7
69	97.3
70	40.8
71	6.1
72	236.6
73	9
74	72.8
75	53.7
76	47.6
77	24
78	91.3
79	144
80	24.4
81	186
82	13
83	243
84	1.5
85	217.5
86	41.2
87	8.3
88	11.1
89	50.5
90	167.7
91	122.5
92	188.9
93	179.2
94	33
95	85.3
96	16.3
97	131.1
98	0.2
99	55.4
100	165.6
101	92.3
102	196.2
103	8
104	24.5
105	41.4
106	141.1
107	119.3
108	0.9
109	17.5
110	13
111	3.5
112	133.5
113	10.6
114	123.8
115	194.1
116	44.2
117	171.6
118	228.6
119	0.2
120	205.3
121	6
122	155.3
123	5.4
124	166.6
125	78.4
126	210.3
127	112.2
128	221.2
129	12.7
130	91.5
131	12.8
132	2.4
133	199.8
134	109.2
135	211
136	55.8
137	214
138	14.2
139	13.6
140	163.4
141	244.2
142	7.9
143	0.2
144	219.2
145	1.6
146	167.8
147	114.1
148	205.8
149	207.5
150	229.2
151	49.1
152	187.8
153	11.5
154	196.2
155	7.3
156	119.8
157	194.6
158	17.5
159	25
160	172.1
161	84
162	2.7
163	6.3
164	44.8
165	0.2
166	3
167	261.2
168	1.1
169	264.6
170	138.3
171	45.6
172	33
173	85.5
174	9.3
175	8.3
176	238.4
177	32
178	158.3
179	258.2
180	4.7
181	4
182	120.6
183	24.6
184	2.2
185	4.3
186	114.9
187	129.1
188	2
189	2.6
190	96.7
191	2.3
192	198.9
193	35.8
194	140
195	33.6
196	2.7
197	38.7
198	1.6
199	281.4
200	2.4
201	1.5
202	21.4
203	3.7
204	3.2
205	13.4
206	66
207	74.4
208	157.6
209	296.7
210	65.4
211	137.9
212	185.2
213	255.4
214	4.1
215	233.4
216	181.5
217	24.6
218	89.8
219	109.1
220	4
221	3
222	193.2
223	140.7
224	6.5
225	124.6
226	187.2
227	16.1
228	163.7
229	0.9
230	73.1
231	46.5
232	196.5
233	158.6
234	2.9
235	33.2
236	177.1
237	11.9
238	138.2
239	141.6
240	90.2
241	157.6
242	1.4
243	0.4
244	162.2
245	138.8
246	144.5
247	17.7
248	8.4
249	3.3
250	164.9
251	157.2
252	162.5
253	151.2
254	3.2
255	1
256	85.3
257	2.1
258	38.3
259	22.8
260	5.5
261	116.1
262	161.4
263	39.1
264	1
265	0.7
266	99.4
267	169.5
268	112.8
269	196.6
270	0.4
271	60
272	143.1
273	144.5
274	1.1
275	173
276	3.1
277	1.5
278	175
279	1.4
280	169.8
281	162.4
282	148.3
283	2.1
284	81.3
285	1.5
286	186.2
287	161.3
288	52.4
289	18.3
290	1
291	70.7
292	82.2
293	0.7
294	137.2
295	1
296	96.8
297	168.5
298	0
299	18.4
300	159.8
301	1.8
302	180.7
303	130.7
304	78.8
305	154.4
306	87.7
307	163.7
308	26.4
309	28.6
310	150.8
311	130.7
312	163.5
313	151.5
314	67.3
315	5
316	10.1
317	0.6
318	97.4
319	1.8
320	156.8
321	1.7
322	133.2
323	127.7
324	34.1
325	2.1
326	116.4
327	31.9
328	29.1
329	1.6
330	1
331	9.5
332	1.6
333	1.4
334	12.5
335	6
336	1.4
337	2.9
338	1.2
339	34.8
340	18.2
341	1.1
342	0.4
343	2.4
344	19.5
345	34.3
346	3.6
347	2.3
348	74.4
349	37
350	1.7
351	5.5
352	2.4
353	24.2
354	21
355	1.8
356	2.7
357	0.7
358	15.5
359	0.6
360	15.5
361	1.6
362	12.7
363	8
364	0.5
365	5.6
366	32.8
367	0.3
368	176.3
369	0.1
370	17.4
371	0.6
372	2.1
373	38.6
374	0.3
375	173.3
376	66.8
377	19.6
378	49.7
379	0.5
380	24
381	0.1
382	0.4
383	30.4
384	0.3
385	0.6
386	0.2
387	185
388	7.8
389	10.2
390	130.2
391	7.5
392	19
393	0.9
394	18
395	0.4
396	1.4
397	1.3
398	2.9
399	9.5
400	7.3
401	60.3
402	0.9
403	0.8
404	0.3
405	4.4
406	226.7
407	8
408	0.3
409	0.7
410	74.1
411	85.4
412	3.1
413	239.9
414	0.5
415	2.1
416	0.1
417	0.5
418	0.5
419	58.6
420	0.4
421	10.1
422	1.4
423	46.3
424	156.3
425	112.5
426	0.3
427	229.7
428	189
429	75.3
430	139.3
431	4.2
432	14.1
433	79
434	25.6
435	3.5
436	48.8
437	25.7
438	65.9
439	0.8
440	32.7
441	173.1
442	7.7
443	156.5
444	18
445	86
446	3.2
447	77.7
448	66
449	1.3
450	68.4
451	2.7
452	152.5
453	2.3
454	7.7
455	120.5
456	8
457	45
458	179.8
459	156.9
460	27.6
461	223.2
462	64.6
463	39
464	21.1
465	109.4
466	5.6
467	129.2
468	2.2
469	56
470	8.4
471	32.1
472	20.4
473	108.9
474	3.3
475	44.6
476	1.8
477	66.8
478	1
479	66.2
480	26.4
481	1.6
482	0.9
483	39.2
484	4
485	30.5
486	5.4
487	73.4
488	3.8
489	0.6
490	4.5
491	141.3
492	37.6
493	0.3
494	275.1
495	3.3
496	0
497	74.9
498	78.3
499	0.6
500	47.3
501	155.5
502	235.6
503	1.7
504	4.9
505	15.8
506	60.4
507	36.3
508	24.8
509	50.5
510	163.4
511	155.3
512	184.4
513	0
514	36.8
515	0.6
516	9.1
517	63.8
518	23.9
519	44.4
520	24
521	147.1
522	5.5
523	1.2
524	77.4
525	163.2
526	53.1
527	183.8
528	1.1
529	3.7
530	93.6
531	41.3
532	116.2
533	183.4
534	67.4
535	118.1
536	77.7
537	18.1
538	6.7
539	19.9
540	2.4
541	78.6
542	34.1
543	100.3
544	4.8
545	25.4
546	60
547	62.1
548	25.3
549	39.3
550	15.2
551	62.1
552	62.2
553	6.7
554	3.2
555	0.9
556	75.8
557	37.2
558	28.6
559	127.9
560	47.8
561	26.8
562	28.2
563	3.5
564	28.8
565	128.2
566	26.1
567	1.9
568	31.9
569	68.4
570	1.8
571	23.2
572	34.1
573	29.8
574	82.7
575	1.1
576	21.1
577	6.9
578	119.8
579	155
580	26.2
581	7.3
582	70.2
583	1.2
584	1.2
585	24.6
586	64.8
587	37.1
588	3.8
589	51.7
590	2.3
591	67
592	290.8
593	28.5
594	79.4
595	34.3
596	3.1
597	1.5
598	7.3
599	48.4
600	71.7
601	18
602	2
603	74.8
604	13.6
605	4.9
606	26.1
607	3.7
608	45.9
609	11.8
610	2.5
611	2.4
612	12.7
613	0.2
614	122.6
615	0.8
616	8.4
617	87.6
618	59.9
619	138.9
620	104.9
621	11.8
622	179
623	187.7
624	144.9
625	5
626	11
627	68.6
628	19.4
629	126.6
630	89.6
631	5.3
632	71.4
633	144.2
634	0.2
635	154.3
636	124
637	120.2
638	7.3
639	51.4
640	1.1
641	86.8
642	6.5
643	173.9
644	25.1
645	70.7
646	145
647	6
648	119.4
649	144.4
650	7
651	73.8
652	30.1
653	0.4
654	7.4
655	2.2
656	44.5
657	180.7
658	14.5
659	200.8
660	34.1
661	9.4
662	135.6
663	167
664	7
665	8.6
666	6.7
667	19.4
668	82.5
669	28
670	6.9
671	7.2
672	7.7
673	116.3
674	1.5
675	163.9
676	140.5
677	62.7
678	92.3
679	23.9
680	0.5
681	195.4
682	125.9
683	122.4
684	178
685	7.8
686	81.3
687	4.8
688	189.9
689	8.5
690	161.4
691	10.2
692	85
693	72.2
694	0.3
695	8.6
696	128.8
697	18
698	177.7
699	103.1
700	169.7
701	6.5
702	193.3
703	167.5
704	82.2
705	145.2
706	56.7
707	86.4
708	188.5
709	191.3
710	151.3
711	0.2
712	59.8
713	140.8
714	30.2
715	119.2
716	20.1
717	70.6
718	165.6
719	129.4
720	163.6
721	7.5
722	172.3
723	243.7
724	160.1
725	8
726	9.5
727	2.6
728	185.4
729	6.4
730	144.3
731	77.9
732	0.9
733	143.7
734	171.9
735	71.2
736	50.5
737	113.4
738	140.6
739	162.8
740	167.4
741	133.8
742	75
743	170.1
744	1.1
745	5.4
746	206.5
747	138
748	2.4
749	228.3
750	24.5
751	120.8
752	159.2
753	184.2
754	183.7
755	143.5
756	134.1
757	86.1
758	180.3
759	7.8
760	157
761	10.8
762	111.3
763	160.2
764	87.4
765	216.2
766	2.7
767	203
768	94.4
769	240.5
770	72.2
771	154.7
772	195.2
773	82.4
774	124.8
775	7.8
776	73.5
777	121.5
778	150.2
779	0.8
780	257.2
781	159.5
782	477.7
783	383.5
784	664.8
785	509.1
786	363.3
787	631.3
788	238.2
789	365.1
790	439.3
791	271.9
792	481.5
793	374.1
794	479.1
795	436.7
796	161.9
797	460.5
798	109.4
799	399.8
800	388.4
801	249.3
802	150.4
803	388.7
804	175.7
805	102.8
806	370.7
807	121
808	167.2
809	352.2
810	614.9
811	87.8
812	446.6
813	325.9
814	140.4
815	253.3
816	156.5
817	196.5
818	328.1
819	504
820	100.3
821	94.6
822	125.5
823	115
824	456.3
825	74.2
826	405.8
827	304.7
828	199.6
829	105.2
830	294.5
831	79.8
832	311
833	86
834	393.8
835	136.4
836	280.1
837	155.4
838	87.2
839	57.9
840	177.6
841	113.3
842	59.9
843	75.1
844	393.2
845	109.6
846	33.5
847	148.7
848	74
849	36.5
850	439.7
851	308.3
852	244.4
853	279.8
854	229.6
855	195.7
856	99.5
857	137.9
858	354
859	114.7
860	64.5
861	198.2
862	29.2
863	237.9
864	138.6
865	166.3
866	70.1
867	194.6
868	380.9
869	108.4
870	115.3
871	110.6
872	124.5
873	35.6
874	152.4
875	277.2
876	98.2
877	182.8
878	160.7
879	195.8
880	83.5
881	59.8
882	97.3
883	152.9
884	164.1
885	154.7
886	18.5
887	75.1
888	68.6
889	123.4
890	57.2
891	111
892	83.2
893	77.1
894	19
895	122.8
896	246.2
897	92.4
898	93.1
899	98.3
900	121.6
901	88.6
902	323.7
903	235.4
904	188.9
905	76.4
906	289.5
907	142.8
908	80.2
909	115.2
910	25.6
911	185.5
912	90.8
913	132.3
914	95.2
915	34.2
916	71.1
917	182
918	65.4
919	150.6
920	122.9
921	112.6
922	107.4
923	49.9
924	78.1
925	196.4
926	78.2
927	198.8
928	149.9
929	110.7
930	89
931	162.8
932	255.3
933	96.5
934	35.1
935	125.3
936	103.5
937	259.4
938	271.1
939	235.3
940	179.6
941	187.5
942	115.8
943	39.3
944	213.6
945	63.2
946	141.9
947	35.5
948	75.8
949	72.4
950	100.5
951	156.9
952	166.9
953	182.2
954	235.1
955	106.1
956	109.3
957	194.5
958	209.8
959	184.7
960	114.8
961	103.2
962	96.8
963	69.3
964	25.3
965	58.2
966	97.8
967	13.9
968	129
969	128.7
970	65
971	176.6
972	88.4
973	114.3
974	126.1
975	201.4
976	217.2
977	270.5
978	141.7
979	109.8
980	214.1
981	68.2
982	80.3
983	149.4
984	149.6
985	231.5
986	194.1
987	101.4
988	224.9
989	68.1
990	24.1
991	95.8
992	104.9
993	169.9
994	58.2
995	246.3
996	88.5
997	178
998	94.6
999	66.4
1000	16.9
1001	126.3
1002	180.6
1003	29.5
1004	83
1005	170.8
1006	80.8
1007	18.1
1008	132.3
1009	80.5
1010	145.5
1011	115
1012	88
1013	153.3
1014	110.8
1015	120.9
1016	21.1
1017	176.1
1018	124
1019	156.9
1020	144.9
1021	111.9
1022	169.6
1023	150.1
1024	149.7
1025	186.5
1026	137.2
1027	92.9
1028	98.5
1029	209.1
1030	353.9
1031	15.4
1032	35.9
1033	359
1034	117.8
1035	243.7
1036	92.5
1037	153
1038	98.9
1039	212
1040	220.6
1041	213.4
1042	196.1
1043	17.9
1044	200.2
1045	207.8
1046	166.7
1047	144.7
1048	89.1
1049	89.3
1050	18.1
1051	61.7
1052	125.7
1053	218
1054	138.3
1055	107.9
1056	129.2
1057	248.1
1058	123.4
1059	366.5
1060	148
1061	17.8
1062	182.1
1063	145
1064	121.4
1065	168.8
1066	110.2
1067	341.1
1068	323.8
1069	269.7
1070	105.3
1071	144.6
1072	276.8
1073	204.2
1074	94.5
1075	75.7
1076	107.6
1077	311
1078	156.7
1079	167.7
1080	191.2
1081	282.1
1082	138
1083	355
1084	145.2
1085	70.5
1086	113.1
1087	19.3
1088	337.4
1089	101.4
1090	148.1
1091	157.1
1092	265.7
1093	182.2
1094	156
1095	337.3
1096	340.1
1097	196.1
1098	273.3
1099	91
1100	18.2
1101	168.9
1102	148.9
1103	241.7
1104	100.1
1105	263.5
1106	143.8
1107	276.2
1108	110.6
1109	173.5
1110	255.8
1111	263.7
1112	178.2
1113	181.4
1114	151
1115	183
1116	204.5
1117	124.5
1118	192.2
1119	93.2
1120	215.5
1121	107.7
1122	207.2
1123	225.8
1124	153.6
1125	214
1126	136.4
1127	175
1128	241
1129	93.6
1130	123.5
1131	233.4
1132	109.9
1133	237.7
1134	113.4
1135	134.7
1136	270.6
1137	143.4
1138	140
1139	139.6
1140	142.2
1141	261.7
1142	194.3
1143	170.7
1144	279
1145	132.7
1146	190.3
1147	202.9
1148	115.1
1149	222.2
1150	148.1
1151	239.5
1152	212.1
1153	150
1154	19.4
1155	146.8
1156	116.2
1157	185.4
1158	168.6
1159	129.8
1160	276
1161	203.2
1162	200.1
1163	201.5
1164	121.9
1165	119.9
1166	142.7
1167	103.8
1168	129.7
1169	159.4
1170	129.8
1171	192.3
1172	134.6
1173	169.5
1174	204.4
1175	119.2
1176	86.4
1177	61.6
1178	246.1
1179	107.7
1180	108.9
1181	217.3
1182	310.2
1183	154
1184	82.6
1185	142.5
1186	155.9
1187	167.7
1188	269.8
1189	250.6
1190	210.4
1191	128.3
1192	248
1193	213.2
1194	231.2
1195	81.6
1196	188.2
1197	87.5
1198	281.7
1199	244
1200	22
1201	222.1
1202	163.7
1203	59.8
1204	163.3
1205	290
1206	234.2
1207	176.5
1208	262
1209	186.7
1210	199.9
1211	140
1212	63.6
1213	115.7
1214	127.5
1215	206.9
1216	123
1217	206.6
1218	249.6
1219	224.2
1220	150
1221	251.9
1222	270.5
1223	157.2
1224	196.1
1225	68.4
1226	176.6
1227	203.2
1228	149
1229	242.6
1230	102
1231	265.1
1232	168.2
1233	276.1
1234	235.7
1235	188.2
1236	224.7
1237	191.8
1238	192.3
1239	130.9
1240	207
1241	112.5
1242	138
1243	222.1
1244	226
1245	96.6
1246	178.8
1247	68.2
1248	23
1249	103.4
1250	140.6
1251	259.4
1252	80.8
1253	300.3
1254	195.6
1255	131.4
1256	164.7
1257	151
1258	124
1259	146
1260	205.2
1261	157.3
1262	295
1263	185.6
1264	191.2
1265	119.4
1266	136.1
1267	151.6
1268	167
1269	39.3
1270	225.3
1271	255.6
1272	271.9
1273	135.2
1274	140.9
1275	287.4
1276	189.4
1277	167.2
1278	159.8
1279	26.4
1280	103.9
1281	115.3
1282	152.7
1283	236
1284	38.3
1285	161.7
1286	259.4
1287	205
1288	147.7
1289	178.6
1290	261.4
1291	175.6
1292	222.3
1293	17.3
1294	203.2
1295	157.2
1296	282.8
1297	44.3
1298	165.2
1299	264.1
1300	117
1301	81.6
1302	222.7
1303	217.3
1304	28.5
1305	249.4
1306	169.7
1307	162.2
1308	289.1
1309	194.2
1310	146.1
1311	202.7
1312	139.4
1313	119.4
1314	172.1
1315	118.8
1316	191.2
1317	191.7
1318	194.3
1319	151.1
1320	124.8
1321	232.4
1322	188.4
1323	206.6
1324	209.1
1325	217.8
1326	225.4
1327	177.7
1328	167.5
1329	30.1
1330	170
1331	152.8
1332	15.9
1333	62.4
1334	194.4
1335	124.3
1336	234.2
1337	238.9
1338	226.7
1339	231.9
1340	170.2
1341	207.9
1342	173.3
1343	178.4
1344	171.6
1345	265.4
1346	204.3
1347	234.3
1348	135
1349	188.5
1350	136.7
1351	121.9
1352	29.4
1353	165.4
1354	257.8
1355	132.3
1356	25.5
1357	105.9
1358	183.8
1359	183.3
1360	231.4
1361	250.5
1362	216
1363	187.5
1364	220
1365	153.7
1366	245.5
1367	198.5
1368	147.7
1369	171.7
1370	128.8
1371	184.8
1372	221.6
1373	221.3
1374	157.7
1375	190.9
1376	23.4
1377	313.6
1378	289
1379	309.3
1380	180.7
1381	214.8
1382	218.1
1383	241.1
1384	276.3
1385	24.4
1386	156.1
1387	215.8
1388	244.8
1389	204
1390	164.5
1391	212.2
1392	187.1
1393	167.2
1394	157.6
1395	162.9
1396	170.4
1397	306.9
1398	151.5
1399	195.9
1400	114.1
1401	222.6
1402	238.9
1403	165.3
1404	301.7
1405	143.6
1406	249.8
1407	187.1
1408	194.4
1409	139.1
1410	188.5
1411	161.9
1412	158.1
1413	187.6
1414	211.1
1415	158.1
1416	218.5
1417	180.8
1418	178.7
1419	321.3
1420	284.6
1421	419.3
1422	150.2
1423	58.2
1424	188
1425	206.7
1426	189.3
1427	217.2
1428	491.3
1429	315.2
1430	160.8
1431	221.8
1432	260.6
1433	224
1434	238.7
1435	168.8
1436	229
1437	237.4
1438	207.2
1439	226.2
1440	225.5
1441	213
1442	259.5
1443	150.7
1444	316.7
1445	173.5
1446	185
1447	167
1448	237
1449	200.8
1450	177.2
1451	271.5
1452	247.5
1453	206.1
1454	50
1455	152.3
1456	198.9
1457	226.2
1458	216.1
1459	275.5
1460	393.3
1461	207.1
1462	174.5
1463	265.7
1464	264.6
1465	344
1466	187.7
1467	226.1
1468	171.5
1469	207.8
1470	112.9
1471	181.3
1472	191
1473	239.4
1474	167.1
1475	203.1
1476	175.7
1477	252.3
1478	123.9
1479	247
1480	170.3
1481	188.1
1482	228
1483	266
1484	195.7
1485	44.9
1486	341.1
1487	282.6
1488	191
1489	203.9
1490	249
1491	114.7
1492	209.4
1493	172.3
1494	208.9
1495	215.5
1496	232.1
1497	238.1
1498	319.7
1499	208.2
1500	224
1501	190.4
1502	177.7
1503	165.7
1504	213.8
1505	260.2
1506	219
1507	205.3
1508	277.6
1509	55.1
1510	292.2
1511	168
1512	188.7
1513	128
1514	231.5
1515	380.1
1516	233.7
1517	123.7
1518	210.3
1519	231.9
1520	235.8
1521	293.9
1522	362.4
1523	271.7
1524	254.6
1525	209.5
1526	290.2
1527	281.9
1528	237.2
1529	247.1
1530	228.4
1531	148.5
1532	253.3
1533	182.4
1534	159
1535	55.1
1536	173.1
1537	289.9
1538	51.8
1539	282.4
1540	234.1
1541	320.2
1542	239.3
1543	173
1544	174.1
1545	241.8
1546	60.9
1547	197
1548	177.2
1549	200.3
1550	267.4
1551	248.7
1552	351.1
1553	259.2
1554	73.6
1555	157
1556	279.6
1557	223.4
1558	270.4
1559	229.4
1560	272.7
1561	188
1562	286.1
1563	271.5
1564	192.1
1565	111.8
1566	284.8
1567	325.1
1568	245.1
1569	271.7
1570	177.7
1571	188
1572	235.4
1573	236.3
1574	338.2
1575	217
1576	245.8
1577	370.8
1578	334.2
1579	315.7
1580	200.1
1581	156.5
1582	425.3
1583	336.1
1584	59.7
1585	210.2
1586	234.1
1587	240.8
1588	174.7
1589	245.4
1590	253.9
1591	285.6
1592	233.8
1593	338.9
1594	267.7
1595	252.6
1596	293.7
1597	192.4
1598	170.9
1599	236.9
1600	391.3
1601	88.1
1602	240.2
1603	359.9
1604	346.8
1605	267
1606	263.2
1607	255.7
1608	384.6
1609	294.5
1610	281.5
1611	300.3
1612	201.3
1613	270
1614	343.4
1615	261.8
1616	291.1
1617	304.5
1618	171.9
1619	191
1620	218.2
1621	196.4
1622	298.7
1623	341.9
1624	249.5
1625	208.9
1626	289.9
1627	321.4
1628	165
1629	326.1
1630	293.2
1631	159.6
1632	277.6
1633	279.3
1634	245.2
1635	253.7
1636	282
1637	313.1
1638	238.3
1639	221.8
1640	305.6
1641	172.2
1642	323.3
1643	265.5
1644	343.4
1645	252.9
1646	254.9
1647	272.4
1648	301
1649	257.7
1650	182.9
1651	280.8
1652	141.2
1653	213.4
1654	304.4
1655	237.4
1656	292.3
1657	227.8
1658	343.9
1659	209.4
1660	136.3
1661	277.1
1662	423.7
1663	231
1664	285.4
1665	162.4
1666	324.1
1667	372.9
1668	144
1669	248.6
1670	383.1
1671	309.3
1672	276.4
1673	209.1
1674	248.7
1675	135.1
1676	385.2
1677	338.2
1678	188.3
1679	401.7
1680	253
1681	201
1682	156.3
1683	224.5
1684	232.3
1685	174.6
1686	101.6
1687	276.1
1688	120.5
1689	230.3
1690	270.8
1691	343.6
1692	250.9
1693	308.7
1694	224.9
1695	237
1696	318
1697	283.9
1698	156.8
1699	281.6
1700	132.1
1701	263
1702	330.9
1703	212.4
1704	291.9
1705	252.6
1706	189.6
1707	145
1708	171.8
1709	228.8
1710	307.8
1711	281.1
1712	297.6
1713	247.3
1714	293.5
1715	211.7
1716	220.1
1717	126.7
1718	316.6
1719	72.9
1720	239
1721	273
1722	232
1723	251.5
1724	229.9
1725	216.6
1726	202.2
1727	350.4
1728	185.1
1729	373.9
1730	235.8
1731	297.2
1732	89.8
1733	172.1
1734	316.7
1735	237.7
1736	177.2
1737	234.4
1738	209.6
1739	118.6
1740	253.4
1741	331.2
1742	236.7
1743	206.4
1744	146.6
1745	259.2
1746	294.2
1747	198.9
1748	189.6
1749	116.6
1750	57.9
1751	248.9
1752	203.6
1753	309.5
1754	186.8
1755	234
1756	127.8
1757	304.9
1758	288
1759	183.7
1760	158.2
1761	158.7
1762	228.7
1763	205.5
1764	208.1
1765	222.4
1766	260.4
1767	184.9
1768	308
1769	108.3
1770	319.3
1771	244.7
1772	286.3
1773	246.3
1774	96.6
1775	69.8
1776	147.8
1777	289.6
1778	274.8
1779	248.6
1780	187.2
1781	140.4
1782	173.8
1783	96.7
1784	181.5
1785	214
1786	261.8
1787	356.7
1788	270.3
1789	183.6
1790	222.4
1791	189.6
1792	205.3
1793	247.7
1794	101.2
1795	207.6
1796	223.2
1797	274.5
1798	181.3
1799	305.1
1800	230.9
1801	271.3
1802	197.6
1803	328.4
1804	165.1
1805	248.3
1806	277.1
1807	98.3
1808	160.2
1809	262.6
1810	347.1
1811	251.1
1812	249.7
1813	446.3
1814	95.3
1815	171.2
1816	129.5
1817	205.5
1818	161.9
1819	362.1
1820	418.3
1821	198.6
1822	311.2
1823	320.6
1824	307.5
1825	383.8
1826	202.4
1827	181
1828	228
1829	226.4
1830	362.4
1831	348.2
1832	483.1
1833	231.7
1834	383.7
1835	253.5
1836	304.9
1837	68.3
1838	402.2
1839	384.5
1840	214.4
1841	224.9
1842	215.9
1843	516.3
1844	276.9
1845	357.2
1846	64.3
1847	333.2
1848	377.2
1849	325.5
1850	179.7
1851	235.3
1852	237.8
1853	97.8
1854	228.9
1855	102.3
1856	240.9
1857	322.9
1858	139.5
1859	207
1860	196.7
1861	347.2
1862	262.4
1863	306.9
1864	109.2
1865	246
1866	543.8
1867	369.7
1868	230.7
1869	224.1
1870	105.1
1871	334.5
1872	254.9
1873	214.2
1874	516.2
1875	413.5
1876	245.9
1877	344.3
1878	236.2
1879	616
1880	415.8
1881	284.5
1882	240.2
1883	544.5
1884	303.6
1885	139.7
1886	225.9
1887	310.5
1888	277.3
1889	370.8
1890	485
1891	82.7
1892	220.7
1893	179.1
1894	117
1895	183.2
1896	100.9
1897	287.1
1898	325.3
1899	253.2
1900	329.1
1901	607.9
1902	297.3
1903	251.3
1904	273.5
1905	234.5
1906	248.4
1907	56.5
1908	172.4
1909	68.9
1910	44.6
1911	224.6
1912	131.1
1913	338
1914	237.9
1915	237.6
1916	282.2
1917	240.4
1918	126.4
1919	245.1
1920	187.7
1921	253.8
1922	220.5
1923	422.3
1924	243.8
1925	201.7
1926	305.1
1927	622.5
1928	169.8
1929	67.5
1930	323.1
1931	85.4
1932	143.6
1933	371.4
1934	234.4
1935	384.4
1936	290.6
1937	114.9
1938	231.5
1939	598.6
1940	281.4
1941	309.3
1942	211.3
1943	124.7
1944	281.5
1945	88.8
1946	220.5
1947	211.7
1948	70
1949	238.2
1950	50.7
1951	357.6
1952	64.7
1953	55.1
1954	203.5
1955	262.6
1956	150.3
1957	515.1
1958	263.7
1959	142.2
1960	257.4
1961	189.3
1962	269.4
1963	114.7
1964	132
1965	252.1
1966	46.2
1967	49.9
1968	320.7
1969	236.8
1970	227.3
1971	301.2
1972	197.8
1973	134
1974	172.9
1975	70.8
1976	196
1977	62.3
1978	286.1
1979	90.1
1980	209.1
1981	171.4
1982	60.5
1983	249.7
1984	215.3
1985	88
1986	266.9
1987	304.2
1988	55.9
1989	100.5
1990	34
1991	226.1
1992	262.4
1993	108.6
1994	394.7
1995	313.7
1996	124.6
1997	131.3
1998	455.1
1999	297.9
2000	128.7
2001	281.9
2002	170.2
2003	161.8
2004	156.6
2005	109
2006	144.2
2007	202.9
2008	83.3
2009	315.5
2010	145.6
2011	66.4
2012	165
2013	209.7
2014	56.2
2015	130.9
2016	166.4
2017	230.7
2018	211.1
2019	152.9
2020	206.2
2021	157.6
2022	195.2
2023	71.3
2024	46.3
2025	397.4
2026	150.7
2027	88.5
2028	298.9
2029	301.7
2030	183.2
2031	160
2032	96.6
2033	239.2
2034	214.6
2035	97.4
2036	37.4
2037	299.4
2038	80.9
2039	155.9
2040	172.2
2041	50.3
2042	129.1
2043	270.6
2044	326.4
2045	157.7
2046	107.3
2047	142.4
2048	162.5
2049	191.5
2050	193.2
2051	65.8
2052	232.7
2053	101.7
2054	121.1
2055	170.6
2056	269.4
2057	193.1
2058	75.7
2059	133.2
2060	165.1
2061	91
2062	362.3
2063	158.2
2064	73.6
2065	190.8
2066	161.1
2067	159.9
2068	184
2069	281.6
2070	173.5
2071	181.3
2072	201.5
2073	177.8
2074	265.8
2075	257.9
2076	127
2077	132.5
2078	179.8
2079	153.4
2080	160.9
2081	242.1
2082	192.6
2083	59.9
2084	128
2085	196.3
2086	171.2
2087	168.8
2088	289.9
2089	127
2090	268.2
2091	123.4
2092	131.7
2093	232.2
2094	155.2
2095	48
2096	150.4
2097	137.8
2098	217.9
2099	162.7
2100	229.2
2101	211.1
2102	191.8
2103	125.2
2104	91.9
2105	195.9
2106	154.3
2107	157.6
2108	133.6
2109	231.1
2110	164.4
2111	128.1
2112	79.6
2113	156.4
2114	148
2115	250.2
2116	262.2
2117	153.2
2118	168.3
2119	80.8
2120	175.8
2121	103.9
2122	219.3
2123	242.5
2124	226.1
2125	104
2126	198.5
2127	90.3
2128	175.5
2129	84.4
2130	268
2131	171.5
2132	290.3
2133	148.7
2134	240
2135	54.6
2136	286
2137	93.6
2138	81.3
2139	238.2
2140	92
2141	190.2
2142	140.7
2143	136.1
2144	236
2145	217.1
2146	64.4
2147	54.5
2148	229.5
2149	220.4
2150	75.8
2151	160
2152	309.2
2153	358.1
2154	263.1
2155	105.1
2156	76.1
2157	151.7
2158	63.5
2159	84.8
2160	318.1
2161	89.3
2162	333.7
2163	149.9
2164	157.6
2165	77.7
2166	93.3
2167	125.3
2168	260.1
2169	249
2170	109.5
2171	296.6
2172	135.8
2173	78.1
2174	107.4
2175	48.9
2176	192.1
2177	221.5
2178	108.1
2179	186.4
2180	101.5
2181	311.8
2182	269.6
2183	137
2184	135
2185	151.4
2186	57.2
2187	79.2
2188	101.3
2189	116.5
2190	88.7
2191	210
2192	109
2193	125.4
2194	133.2
2195	49.5
2196	153.5
2197	248
2198	101.9
2199	258.3
2200	115
2201	51.2
2202	52
2203	197.6
2204	128.3
2205	279.9
2206	132.8
2207	52.9
2208	62.6
2209	231.2
2210	187.9
2211	226
2212	103
2213	232.5
2214	135.9
2215	134.9
2216	59.8
2217	107.8
2218	171.2
2219	261.1
2220	44.6
2221	95
2222	298
2223	119
2224	211.2
2225	153.9
2226	68.6
2227	262.9
2228	187.7
2229	214.2
2230	95.8
2231	110.1
2232	131
2233	162.2
2234	227
2235	123.7
2236	138.5
2237	165.3
2238	177.4
2239	64.9
2240	235.6
2241	142
2242	168.8
2243	160.9
2244	189.9
2245	229.5
2246	129.7
2247	151
2248	365.2
2249	115.5
2250	99.4
2251	40.2
2252	274.3
2253	120.9
2254	62.8
2255	128.1
2256	165.7
2257	83.2
2258	131.7
2259	330.3
2260	149.4
2261	102.4
2262	88
2263	327
2264	267.4
2265	260
2266	192.7
2267	229.1
2268	154.8
2269	89.4
2270	214.7
2271	127.3
2272	174.1
2273	99
2274	185.6
2275	203.9
2276	126.2
2277	265.4
2278	285.2
2279	115.7
2280	160.6
2281	258.2
2282	308.7
2283	126.4
2284	283.7
2285	254.4
2286	192.6
2287	72.7
2288	143
2289	168.8
2290	234.5
2291	217.5
2292	270.5
2293	104.4
2294	114.7
2295	259
2296	204.6
2297	309.2
2298	120.8
2299	49.8
2300	144.5
2301	367.3
2302	355.5
2303	275.1
2304	336.9
2305	225
2306	273.1
2307	261.7
2308	158.1
2309	277.2
2310	334.7
2311	267.7
2312	383.4
2313	403.6
2314	213.7
2315	398.8
2316	115.1
2317	310.8
2318	94.3
2319	163.2
2320	172.8
2321	224.8
2322	226.8
2323	121.6
2324	303.8
2325	215.4
2326	232.6
2327	183.7
2328	226.8
2329	196.7
2330	244.5
2331	326.5
2332	157.1
2333	335.1
2334	178.7
2335	334.7
2336	286.8
2337	359.6
2338	312.7
2339	117.6
2340	303.3
2341	282.3
2342	221.9
2343	171.7
2344	396.1
2345	269.2
2346	245.8
2347	137.9
2348	379.6
2349	151.8
2350	281.9
2351	149.2
2352	196.7
2353	195.8
2354	461.5
2355	217.2
2356	233.1
2357	446.5
2358	65.1
2359	278.4
2360	207.4
2361	228.1
2362	147.8
2363	340.6
2364	174.3
2365	104.7
2366	298.2
2367	361.2
2368	146.7
2369	94.1
2370	308.1
2371	369.8
2372	189.1
2373	264.5
2374	71.9
2375	367.3
2376	326.3
2377	213.5
2378	263.4
2379	116.1
2380	149
2381	179.9
2382	306.8
2383	401.4
2384	325.7
2385	96.2
2386	257.5
2387	238.4
2388	218.4
2389	276.8
2390	110.2
2391	200.5
2392	303.6
2393	404.3
2394	323.2
2395	109.1
2396	172.3
2397	272.4
2398	78.5
2399	287.9
2400	336.8
2401	182.7
2402	306
2403	155.8
2404	96
2405	232.9
2406	156.2
2407	449.7
2408	189.3
2409	242.3
2410	244.3
2411	263.9
2412	246.8
2413	297.2
2414	118.6
2415	258.6
2416	176.3
2417	126.4
2418	206.5
2419	156.8
2420	335.2
2421	538.3
2422	184.2
2423	121.4
2424	255.3
2425	88.9
2426	469.7
2427	237.6
2428	267.8
2429	444.5
2430	387.8
2431	302.2
2432	175.5
2433	316.9
2434	96.4
2435	182.1
2436	173.5
2437	69.8
2438	260.1
2439	281.8
2440	280.4
2441	623.3
2442	174
2443	282.1
2444	342.6
2445	324.1
2446	84.5
2447	333.5
2448	427.5
2449	544.2
2450	555.7
2451	343
2452	335.2
2453	443.2
2454	294.6
2455	304.9
2456	433.7
2457	386.9
2458	179.8
2459	294.7
2460	74.8
2461	410.8
2462	283.6
2463	66.9
2464	418.2
2465	759.9
2466	301
2467	184.7
2468	332.1
2469	330.3
2470	431.4
2471	230.6
2472	365.9
2473	79.8
2474	332.3
2475	198.7
2476	772.5
2477	285.4
2478	424
2479	614.8
2480	311.6
2481	231.1
2482	70.1
2483	695.2
2484	436.3
2485	342
2486	392.1
2487	490.9
2488	235.3
2489	474.5
2490	450.5
2491	86.2
2492	406.3
2493	617.4
2494	390.9
2495	456.2
2496	88.6
2497	208.2
2498	445.7
2499	62.5
2500	635.2
2501	432.8
2502	463
2503	477.4
2504	215
2505	462.9
2506	341.2
2507	481
2508	329.6
2509	571.4
2510	308
2511	393.1
2512	451.3
2513	304.9
2514	477.4
2515	491.6
2516	321.1
2517	74.2
2518	188.5
2519	446.5
2520	591.3
2521	431.8
2522	522
2523	125.7
2524	643.3
2525	202.6
2526	461.6
2527	390.8
2528	458.5
2529	452.6
2530	240.6
2531	243.5
2532	229.3
2533	503.7
2534	244.3
2535	310.9
2536	520
2537	197.8
2538	302.9
2539	620
2540	723.2
2541	634.5
2542	479.1
2543	444.7
2544	293.6
2545	551.2
2546	230.9
2547	429.3
2548	607.2
2549	428.1
2550	826.2
2551	106
2552	640.2
2553	241.5
2554	394.8
2555	267.9
2556	303.3
2557	313.6
2558	398.9
2559	293.8
2560	335
2561	251.3
2562	648.1
2563	469.8
2564	362.2
2565	791.7
2566	115.5
2567	437.6
2568	516.7
2569	455.4
2570	129.6
2571	147.8
2572	615.9
2573	184.3
2574	353.1
2575	228
2576	387.3
2577	271.1
2578	355.8
2579	401.1
2580	568.9
2581	428.7
2582	584.8
2583	687.5
2584	885.4
2585	124.5
2586	431.6
2587	328.7
2588	428.3
2589	311.5
2590	339.8
2591	299
2592	273.5
2593	262.9
2594	146.8
2595	846.1
2596	184.5
2597	249.7
2598	597.8
2599	416.6
2600	307.4
2601	288.4
2602	502.3
2603	271.1
2604	687.3
2605	423.8
2606	274.1
2607	170.5
2608	231.7
2609	690.7
2610	137
2611	748.7
2612	277.5
2613	295.9
2614	628.2
2615	169.3
2616	734.3
2617	283.2
2618	494.3
2619	899.2
2620	600.7
2621	131.8
2622	218.2
2623	166.1
2624	301.3
2625	649.8
2626	108.5
2627	404.6
2628	181.9
2629	778.1
2630	326.6
2631	279.9
2632	111.9
2633	243.2
2634	258.2
2635	164.7
2636	615.5
2637	665.9
2638	333.1
2639	222.1
2640	207.8
2641	327.7
2642	119
2643	864.5
2644	287.2
2645	683.6
2646	197.3
2647	131.8
2648	483.1
2649	336.3
2650	160.1
2651	476
2652	408.5
2653	287.1
2654	229.4
2655	166.3
2656	580.5
2657	163.5
2658	178.7
2659	282.3
2660	314.3
2661	403.7
2662	704
2663	329.2
2664	255.4
2665	402.4
2666	346.5
2667	86.4
2668	454.2
2669	254.8
2670	783.3
2671	251
2672	447.2
2673	133.5
2674	149.2
2675	235.9
2676	83.2
2677	929.2
2678	316.1
2679	268.3
2680	517.1
2681	597.6
2682	470.2
2683	242.1
2684	283.6
2685	251.1
2686	364.1
2687	520.4
2688	281.3
2689	510.5
2690	342.1
2691	471.3
2692	58.2
2693	570.3
2694	396.7
2695	572.5
2696	308.4
2697	526.1
2698	695.3
2699	155.2
2700	434.2
2701	58.6
2702	381.5
2703	213.6
2704	134.4
2705	183.5
2706	350
2707	133.1
2708	383
2709	238.6
2710	505.1
2711	374.5
2712	365.7
2713	369
2714	304.6
2715	151.5
2716	375.6
2717	293.1
2718	124.1
2719	367.7
2720	244.3
2721	192.4
2722	487.2
2723	343
2724	187.2
2725	380
2726	341.4
2727	236.1
2728	125.2
2729	291.6
2730	428.5
2731	310.8
2732	211.9
2733	292.6
2734	337.6
2735	205.9
2736	98.1
2737	204
2738	295.8
2739	231.9
2740	265
2741	276.9
2742	310.7
2743	188
2744	249.3
2745	111.1
2746	106.7
2747	200.4
2748	443.3
2749	236.2
2750	300.6
2751	281.4
2752	293.9
2753	193.9
2754	302.8
2755	236.3
2756	201.4
2757	285.6
2758	325.6
2759	166.9
2760	149.5
2761	267.7
2762	193.5
2763	148.9
2764	321.3
2765	252.9
2766	302.9
2767	109.1
2768	255.3
2769	167.6
2770	313.5
2771	386.5
2772	273.2
2773	100.3
2774	427.2
2775	274
2776	271.9
2777	328.7
2778	318.7
2779	348.7
2780	78
2781	305.1
2782	213.1
2783	352.5
2784	359.2
2785	144.5
2786	131.4
2787	294.4
2788	161.1
2789	306.7
2790	319.1
2791	374.5
2792	394.4
2793	347.4
2794	196.7
2795	165.5
2796	221.9
2797	419.3
2798	309.5
2799	397
2800	316.1
2801	324.3
2802	358.3
2803	174.4
2804	100.6
2805	322.2
2806	385.6
2807	367.8
2808	285.9
2809	302.9
2810	129.8
2811	400.3
2812	260.5
2813	289.8
2814	361.1
2815	356.6
2816	158.2
2817	294.1
2818	352.3
2819	298.8
2820	313.4
2821	341.7
2822	197.4
2823	326.1
2824	130.6
2825	252.9
2826	134.2
2827	85.5
2828	283.5
2829	189.4
2830	170.1
2831	408.2
2832	419
2833	194.5
2834	284.9
2835	290.6
2836	232.1
2837	432.3
2838	280.2
2839	387.3
2840	346.1
2841	481.3
2842	261.4
2843	205
2844	144.7
2845	188.3
2846	130.1
2847	277.4
2848	321.4
2849	402.6
2850	342
2851	278.6
2852	410.7
2853	222.1
2854	320.9
2855	257.3
2856	308.7
2857	381.4
2858	220.3
2859	185.7
2860	233.1
2861	468.3
2862	262.1
2863	131.3
2864	257.7
2865	525.3
2866	323
2867	191.1
2868	143.5
2869	262.4
2870	185.1
2871	335.8
2872	352.1
2873	260.9
2874	210.6
2875	359.8
2876	152.2
2877	274.5
2878	218
2879	151.1
2880	417
2881	321.5
2882	552.6
2883	222.8
2884	274.7
2885	183.5
2886	180
2887	160.1
2888	163.3
2889	160.3
2890	248.4
2891	486.2
2892	453.1
2893	262
2894	233.4
2895	356.2
2896	144.3
2897	275.8
2898	215.1
2899	257.9
2900	253.8
2901	146.3
2902	265.2
2903	348.7
2904	97.1
2905	206.8
2906	407.8
2907	144
2908	246.5
2909	596.1
2910	163.6
2911	281.8
2912	294.7
2913	554.1
2914	465.1
2915	127.8
2916	443.7
2917	259
2918	315.8
2919	123.7
2920	153.4
2921	491.6
2922	172.7
2923	212.3
2924	193.5
2925	425.2
2926	133.9
2927	96.2
2928	245.2
2929	111.9
2930	361.1
2931	410.6
2932	349.1
2933	286.8
2934	99.5
2935	271.2
2936	117.9
2937	140.6
2938	91.2
2939	334.9
2940	110.5
2941	192.4
2942	100
2943	612.1
2944	103.3
2945	381.6
2946	389.1
2947	390.3
2948	307.8
2949	270.8
2950	140.4
2951	479.7
2952	285.4
2953	498.3
2954	294.5
2955	503.9
2956	419.4
2957	170.9
2958	323.4
2959	78.7
2960	223
2961	236.6
2962	221.8
2963	234.6
2964	440.8
2965	139.6
2966	538.6
2967	517.4
2968	287.7
2969	126
2970	65.9
2971	236
2972	292.5
2973	90.1
2974	268.9
2975	475
2976	373.6
2977	257.7
2978	215.2
2979	275.6
2980	346.1
2981	416.8
2982	303.8
2983	404.6
2984	369.5
2985	262.2
2986	258.5
2987	230.1
2988	385
2989	67.8
2990	139.1
2991	534.6
2992	278.1
2993	254.7
2994	231.5
2995	405.4
2996	615.4
2997	370.7
2998	123.2
2999	356.5
3000	184
3001	157
3002	280.3
3003	244.2
3004	251.1
3005	218.5
3006	325.5
3007	341.9
3008	297.5
3009	273
3010	81.4
3011	339
3012	442.8
3013	320.9
3014	145.5
3015	225.2
3016	293.9
3017	484.8
3018	199.4
3019	198.6
3020	204.1
3021	244.8
3022	148.1
3023	224.3
3024	323.6
3025	187.9
3026	376.1
3027	398.6
3028	212.7
3029	302.5
3030	95.6
3031	309.3
3032	259
3033	177.6
3034	347
3035	177.9
3036	91.5
3037	270.4
3038	233
3039	154.9
3040	448.3
3041	458.9
3042	531.4
3043	364
3044	342.2
3045	445.1
3046	188.1
3047	207.3
3048	391
3049	181.2
3050	359.7
3051	456.8
3052	262
3053	450.8
3054	192.6
3055	204.9
3056	411.8
3057	195.9
3058	399.4
3059	195.5
3060	166.2
3061	167.6
3062	316.3
3063	342.5
3064	425.8
3065	148.1
3066	502.3
3067	184.8
3068	444.8
3069	251.4
3070	243.4
3071	310.7
3072	205.9
3073	149.8
3074	454.5
3075	285
3076	331.9
3077	229
3078	167.7
3079	370.5
3080	397
3081	220.8
3082	120.3
3083	374.9
3084	193.3
3085	264.1
3086	399
3087	364.5
3088	521.9
3089	368
3090	221.6
3091	235.1
3092	174.3
3093	307
3094	157.7
3095	172.9
3096	293.5
3097	162.2
3098	371
3099	159.3
3100	302.4
3101	110.6
3102	253.8
3103	463.5
3104	482.3
3105	144
3106	475.6
3107	433.7
3108	167.7
3109	197.5
3110	190.4
3111	429.6
3112	92.5
3113	478
3114	228.9
3115	149.3
3116	217.9
3117	253.6
3118	537.5
3119	518.7
3120	63.9
3121	443.6
3122	107.3
3123	419.3
3124	111
3125	211.6
3126	100.5
3127	73.7
3128	118.1
3129	168.5
3130	162.6
3131	481.2
3132	357.8
3133	594.7
3134	666.4
3135	152.9
3136	531.7
3137	83.4
3138	191
3139	728.6
3140	284.3
3141	151.9
3142	332
3143	424.2
3144	170.5
3145	73.7
3146	123.2
3147	63.4
3148	213.9
3149	122.6
3150	84.6
3151	731.4
3152	800.5
3153	354.7
3154	385.1
3155	156.1
3156	295.1
3157	295.7
3158	89.5
3159	450.7
3160	67.5
3161	565.1
3162	946.1
3163	167.3
3164	117.2
3165	165
3166	826.5
3167	171.1
3168	615
3169	118.7
3170	430.6
3171	204.1
3172	496.3
3173	156.6
3174	152
3175	420.1
3176	227.6
3177	203
3178	255
3179	129.1
3180	95.9
3181	147.8
3182	436.3
3183	537.2
3184	704.9
3185	550.6
3186	239.2
3187	322.8
3188	213.4
3189	205.7
3190	177.6
3191	169.5
3192	213.9
3193	182.5
3194	495.2
3195	854.2
3196	136.2
3197	152.1
3198	160
3199	504.8
3200	102.4
3201	149.2
3202	808.9
3203	551.2
3204	119.1
3205	697.8
3206	144.5
3207	226.6
3208	123.5
3209	74.2
3210	514.7
3211	564.6
3212	638.6
3213	107
3214	85.1
3215	189
3216	198.7
3217	240.1
3218	565.5
3219	659.4
3220	153.3
3221	178.6
3222	515.7
3223	135.3
3224	992.5
3225	144.7
3226	793.4
3227	230.1
3228	208.8
3229	108.4
3230	99.9
3231	158.8
3232	144.5
3233	175.8
3234	879.1
3235	679.1
3236	537.6
3237	115
3238	565.1
3239	88.6
3240	141.5
3241	307.9
3242	194.3
3243	505.4
3244	242.5
3245	159.3
3246	282.6
3247	75.2
3248	159.2
3249	146.4
3250	151.1
3251	497.7
3252	629.3
3253	197.1
3254	477.4
3255	126.4
3256	221.7
3257	564.7
3258	262.6
3259	354.4
3260	185.1
3261	117.5
3262	450.1
3263	131.9
3264	113.3
3265	168.5
3266	182.4
3267	371.7
3268	413.3
3269	611.5
3270	152
3271	134.8
3272	470.4
3273	123.8
3274	668.8
3275	196.2
3276	160.3
3277	186.7
3278	366.1
3279	160.2
3280	159
3281	231.9
3282	152.3
3283	348.2
3284	202.9
3285	139.3
3286	594.3
3287	190.2
3288	152.7
3289	184.3
3290	325.9
3291	511.9
3292	222.8
3293	152.4
3294	160.3
3295	196
3296	174.9
3297	161.8
3298	233.5
3299	157
3300	269.8
3301	177.7
3302	216.1
3303	538.6
3304	189.9
3305	307.8
3306	211.8
3307	212
3308	465.8
3309	195.5
3310	127.5
3311	318.6
3312	169.8
3313	123.4
3314	123.8
3315	171.6
3316	346.5
3317	147.1
3318	240.8
3319	126
3320	141.1
3321	207.1
3322	166.1
3323	134.8
3324	187.9
3325	117.3
3326	202
3327	117.8
3328	176.4
3329	118.1
3330	223
3331	285.2
3332	262.8
3333	137.2
3334	182.7
3335	356.3
3336	226.1
3337	121
3338	184.4
3339	121
3340	131.5
3341	276.2
3342	222.9
3343	246.5
3344	159.6
3345	123
3346	312.7
3347	179.5
3348	106.8
3349	197.4
3350	243.9
3351	277.2
3352	217.9
3353	146.6
3354	183.7
3355	197.7
3356	213.3
3357	141.7
3358	251.9
3359	132
3360	240.6
3361	136.2
3362	140.5
3363	209.9
3364	127.4
3365	183.5
3366	142.8
3367	164.5
3368	127.5
3369	257
3370	116.6
3371	145.4
3372	223.2
3373	186.1
3374	170
3375	124.2
3376	186.8
3377	152.3
3378	131.8
3379	159.7
3380	183.3
3381	170.8
3382	159.6
3383	169.9
3384	196.6
3385	169.9
3386	188.1
3387	187.5
3388	196.3
3389	275.3
3390	264.7
3391	186.3
3392	201.5
3393	208.4
3394	215.5
3395	231.7
3396	262
3397	245.3
3398	214.6
3399	223.4
3400	389.4
3401	523.8
3402	313.1
3403	79.4
3404	261.3
3405	187.7
3406	151.6
3407	87.4
3408	262.8
3409	64.9
3410	28.7
3411	22
3412	188.5
3413	107.4
3414	97.6
3415	138
3416	156.2
3417	128.7
3418	169.3
3419	136.3
3420	245.1
3421	76.7
3422	140.6
3423	130.6
3424	197.8
3425	226.3
3426	228
3427	125.7
3428	57.3
3429	233.5
3430	28
3431	165.4
3432	293.9
3433	163.3
3434	159.3
3435	197.4
3436	150.6
3437	211.5
3438	165.5
3439	207.2
3440	188
3441	184.3
3442	211.8
3443	318.7
3444	175.3
3445	209.2
3446	329.4
3447	159.7
3448	274.3
3449	457
3450	289.7
3451	201.2
3452	221.5
3453	143.9
3454	307.2
3455	197.1
3456	341.2
3457	306.2
3458	113.2
3459	250.6
3460	192.5
3461	421.4
3462	370.4
3463	297.5
3464	183.9
3465	200.9
3466	78.1
3467	192.8
3468	208
3469	156.5
3470	113.6
3471	217.7
3472	100.3
3473	186.7
3474	183.5
3475	414.5
3476	333.9
3477	188
3478	126.2
3479	234.7
3480	247.2
3481	181.8
3482	44.7
3483	169.8
3484	189.1
3485	175.4
3486	206.6
3487	48.4
3488	81.1
3489	296.8
3490	174.2
3491	120
3492	239.1
3493	142.1
3494	209.7
3495	285.9
3496	82
3497	78
3498	61.2
3499	198.1
3500	97.1
3501	89.2
3502	60.8
3503	92.5
3504	170.9
3505	167.1
3506	267.2
3507	84.4
3508	261.8
3509	118.6
3510	104.6
3511	227.4
3512	194.9
3513	228.5
3514	99.6
3515	319.6
3516	121.4
3517	192.1
3518	164.5
3519	235.3
3520	522.7
3521	289.4
3522	492.6
3523	206.2
3524	190.2
3525	224.1
3526	130.8
3527	316.5
3528	503.6
3529	328.5
3530	234.4
3531	596.6
3532	167.7
3533	760.4
3534	791
3535	275.2
3536	434.6
3537	146.1
3538	430.8
3539	311.5
3540	393.2
3541	469.3
3542	302.1
3543	306.1
3544	287.7
3545	604.5
3546	337
3547	283
3548	319.5
3549	472.2
3550	364.3
3551	259.3
3552	216
3553	277.3
3554	236.7
3555	459.9
3556	279
3557	90.4
3558	420.1
3559	66
3560	335.9
3561	130.2
3562	206
3563	365.8
3564	239.8
3565	295.8
3566	223.8
3567	389.3
3568	427.6
3569	421.6
3570	365.2
3571	375.4
3572	233.8
3573	500.7
3574	281.7
3575	355.1
3576	694.7
3577	541.4
3578	490.9
3579	229.4
3580	206.3
3581	128.8
3582	593.4
3583	177.9
3584	909
3585	160.9
3586	625.6
3587	137.9
3588	218.6
3589	184.6
3590	146.1
3591	365.8
3592	134.9
3593	175.1
3594	172.7
