"COMID"	"Value"
1	55.9
2	34.9
3	230.3
4	104.9
5	61.4
6	23.7
7	344.7
8	67.6
9	6.1
10	6.4
11	129.5
12	2.2
13	40.6
14	247.8
15	67.9
16	188.4
17	58.9
18	277.8
19	282.7
20	128.5
21	110
22	261.4
23	0.3
24	2.1
25	122.7
26	52.3
27	56.9
28	75
29	180.9
30	30.1
31	80.1
32	58.1
33	356.9
34	1.3
35	71.6
36	6.6
37	217
38	6.6
39	0.6
40	190.9
41	242.5
42	73.5
43	140.9
44	59.2
45	32
46	36.8
47	189.3
48	343.5
49	87
50	22.4
51	0.8
52	79
53	9.2
54	252.2
55	191.3
56	105.9
57	153.8
58	1
59	57.1
60	1.1
61	2.7
62	5
63	210.3
64	69
65	1.6
66	101.8
67	238.4
68	268.5
69	21.9
70	6
71	26.2
72	204.6
73	1.3
74	342.1
75	5.5
76	2.3
77	90.8
78	13.6
79	190.6
80	2.1
81	46.3
82	68.9
83	168.4
84	3.9
85	176.5
86	252.7
87	1.4
88	1.4
89	10.7
90	112.5
91	38.4
92	189.8
93	165.6
94	5.9
95	334.3
96	1.2
97	157.9
98	1.1
99	32.2
100	201.1
101	149.7
102	150.3
103	1.4
104	64.9
105	4
106	108.8
107	26.4
108	1.9
109	0.9
110	0.4
111	11.3
112	78
113	4.4
114	83.1
115	117.3
116	282.9
117	112.3
118	138
119	16.7
120	73
121	86.8
122	129.7
123	13.5
124	110.5
125	412.3
126	156.7
127	55.2
128	129.9
129	0.8
130	11.6
131	157
132	0.9
133	94.3
134	108.3
135	115.2
136	374
137	121.8
138	0.4
139	0.1
140	109.2
141	95.9
142	1.4
143	12.7
144	46
145	0.4
146	79.9
147	164.8
148	108
149	130.6
150	152.3
151	67.4
152	103
153	0.2
154	108.7
155	12.4
156	11.9
157	123.1
158	0.7
159	211.7
160	143.7
161	11.8
162	0.6
163	94.3
164	10
165	10.8
166	0.2
167	92.3
168	22.3
169	89.1
170	156.8
171	224.4
172	5.3
173	23.6
174	0.2
175	109
176	135.4
177	198.3
178	120.8
179	99.4
180	0.1
181	3.1
182	87.7
183	14.3
184	0
185	0.3
186	135.2
187	94.9
188	0.1
189	0.1
190	170.9
191	0.1
192	128.9
193	5.3
194	125.8
195	31.8
196	0
197	199.3
198	0
199	107.7
200	0
201	0
202	1.1
203	0
204	0
205	0.8
206	92.9
207	81.4
208	129.3
209	110.6
210	238.8
211	195
212	98.1
213	108.4
214	1
215	103.1
216	96.1
217	160.1
218	52
219	94.5
220	0
221	24.6
222	112.8
223	73
224	1.2
225	63.8
226	110.4
227	11.6
228	128.2
229	0.1
230	32.8
231	186.8
232	88.5
233	67.6
234	35.9
235	23.1
236	113.2
237	135.9
238	47.9
239	80.9
240	276.9
241	151.4
242	1.2
243	20
244	50.6
245	122.7
246	74.4
247	20.2
248	11.1
249	0.3
250	54.1
251	111.4
252	154.6
253	117.2
254	1.3
255	0.3
256	97.5
257	1.2
258	61
259	21
260	4.8
261	155.6
262	159.7
263	23.6
264	0.4
265	0
266	109.9
267	81.4
268	140.8
269	59.8
270	0.1
271	196.2
272	203.3
273	91.4
274	25.4
275	149.6
276	28.5
277	0
278	223.1
279	0.6
280	124.6
281	216.7
282	99.1
283	1
284	51.7
285	0.8
286	209.1
287	179.8
288	26.3
289	0.4
290	0.2
291	99.8
292	19.3
293	27.5
294	173.2
295	0.4
296	82.9
297	160.7
298	0.2
299	90.8
300	193.6
301	0.9
302	201.5
303	100.6
304	6.9
305	128.3
306	28.9
307	152
308	123.9
309	0.4
310	72.7
311	154.7
312	103.1
313	104.7
314	10.7
315	1.8
316	0.9
317	30.2
318	46.1
319	28.4
320	110.1
321	2
322	84.4
323	126.6
324	1.1
325	35.2
326	149.1
327	1.3
328	1.7
329	2.3
330	0.7
331	0.4
332	1.8
333	1
334	1.1
335	80.4
336	1.2
337	46.5
338	1
339	7.5
340	2.1
341	1.2
342	34.2
343	0.2
344	24.6
345	9.1
346	46.8
347	0.4
348	39.6
349	10
350	0.7
351	0.2
352	0.2
353	209.9
354	4.2
355	31.5
356	0.2
357	23.6
358	5.6
359	27.7
360	3.2
361	0.4
362	3.8
363	3.6
364	27.7
365	113.1
366	32.3
367	25
368	167.1
369	17.5
370	266.8
371	24
372	2.7
373	41.8
374	19
375	165.3
376	175.9
377	247.2
378	37.9
379	22.1
380	251.2
381	10.4
382	21.3
383	203.5
384	14.6
385	33.1
386	14.3
387	158.4
388	118.7
389	134.1
390	149.2
391	4.5
392	208.6
393	28.6
394	8.1
395	21.7
396	58.5
397	36.5
398	0.5
399	159.2
400	2
401	297.5
402	31.3
403	27
404	18.3
405	24.3
406	240.5
407	113.1
408	15.2
409	28
410	268.7
411	410.8
412	12.9
413	212.5
414	2.8
415	69.2
416	7.9
417	22
418	21
419	84.6
420	16.4
421	74.1
422	66.3
423	147.9
424	232.9
425	330.8
426	29.9
427	203.4
428	239.9
429	273.1
430	160.2
431	50.8
432	15.6
433	247.1
434	44.9
435	3.1
436	162.6
437	146.1
438	323
439	23.3
440	169.4
441	224.3
442	7.2
443	192
444	29.7
445	392.2
446	0.7
447	460.6
448	349.2
449	0.6
450	76.3
451	29.7
452	74.6
453	30.3
454	0.4
455	63.3
456	0.1
457	262.1
458	117.1
459	45.1
460	20.1
461	153.8
462	287.1
463	8.3
464	10.9
465	121.8
466	56.8
467	232.1
468	0
469	65.2
470	0.8
471	11.5
472	165
473	108.5
474	0
475	25.6
476	0
477	294.9
478	0.5
479	122.4
480	280.6
481	30.5
482	15.5
483	345.6
484	3.4
485	45
486	81.2
487	139.9
488	176.8
489	26.7
490	125.1
491	222.3
492	270.1
493	35.5
494	348.9
495	123.6
496	17.5
497	519.7
498	130
499	35
500	493.4
501	203.8
502	267.4
503	0.6
504	3
505	217.3
506	434.8
507	299.3
508	237.1
509	440.6
510	166.8
511	148.9
512	200.7
513	6.2
514	146.9
515	14.8
516	13.3
517	268.4
518	19
519	43.3
520	101.4
521	164
522	2.5
523	3.7
524	267.5
525	167
526	41.8
527	208.7
528	0
529	11.6
530	300
531	124
532	417
533	229.1
534	64.4
535	420.6
536	315.1
537	96.9
538	36.8
539	9.7
540	1.2
541	263.3
542	133.6
543	134.6
544	24.2
545	136.6
546	229.6
547	140.6
548	138.7
549	167.5
550	12.7
551	208.6
552	134.3
553	115.5
554	9.8
555	0.7
556	152.3
557	52.5
558	117.7
559	172.6
560	181
561	230.2
562	173.9
563	20.3
564	108
565	196.4
566	153.6
567	2.6
568	201.7
569	82.1
570	6.1
571	218.8
572	144.2
573	37.9
574	159.2
575	1.8
576	66.5
577	46.6
578	199.3
579	241.4
580	128.5
581	34.4
582	241.8
583	0.1
584	0.2
585	71.9
586	191.9
587	92.3
588	132.6
589	86
590	7.2
591	218.5
592	339.8
593	87.5
594	84.9
595	201.4
596	0.2
597	3.9
598	8.8
599	97
600	61.4
601	12
602	5
603	228.6
604	223.5
605	13.2
606	215.8
607	0.5
608	34.9
609	31.6
610	0.1
611	84.1
612	29.5
613	1.5
614	66.9
615	28.2
616	15.8
617	179.3
618	177.6
619	122.5
620	69.8
621	256.7
622	87.9
623	86.7
624	86.6
625	0.3
626	1.5
627	107.4
628	5.8
629	101.4
630	138.5
631	0.1
632	228.1
633	75
634	1.1
635	186.2
636	89.1
637	106.2
638	0.4
639	233.5
640	36.1
641	156.9
642	8.7
643	91.1
644	27
645	228.8
646	113
647	0
648	238
649	79.9
650	0.1
651	216.5
652	8.1
653	0.5
654	0.4
655	2.1
656	13.4
657	96.9
658	279.6
659	118.1
660	58
661	144.4
662	88.7
663	99.8
664	0.2
665	0.4
666	0.1
667	212.3
668	159.3
669	255.9
670	0.1
671	0.1
672	0.1
673	138.4
674	56.7
675	172.8
676	73.5
677	218.6
678	49.9
679	4.2
680	5.6
681	115
682	51.4
683	250
684	114.4
685	0.1
686	218.6
687	3.2
688	182.2
689	0.1
690	233.7
691	181.8
692	300.1
693	35.3
694	45.9
695	153.5
696	188.5
697	3
698	116.2
699	57.6
700	185
701	109.6
702	254.7
703	168.4
704	45.4
705	50.9
706	32.3
707	238.9
708	247.3
709	51.5
710	96.2
711	22.3
712	114.8
713	70.3
714	15.4
715	70.3
716	21.1
717	285.2
718	181.3
719	48.5
720	172.5
721	0.2
722	49.8
723	183.7
724	75.3
725	0.1
726	7.5
727	74.4
728	60.2
729	100.2
730	108.8
731	37.9
732	54
733	54.8
734	148.5
735	153.9
736	30.8
737	60.5
738	160.2
739	75.2
740	76.8
741	62.4
742	224.1
743	152
744	17.8
745	4.1
746	144.1
747	196.1
748	0.2
749	188.4
750	9.5
751	91.3
752	50.3
753	179.8
754	183.3
755	187.6
756	129.4
757	371.4
758	139
759	0.3
760	111.3
761	1.8
762	73.1
763	58.9
764	277.7
765	119.5
766	21.2
767	151.9
768	213.8
769	318.9
770	183.6
771	101
772	169.9
773	51.4
774	57.9
775	106.1
776	28.8
777	52.3
778	115.4
779	14.1
780	316.4
781	75.8
782	477.9
783	457.9
784	464.9
785	517.8
786	382.9
787	486.4
788	232
789	289.6
790	538.5
791	355.2
792	538.4
793	412
794	437.6
795	413.2
796	305
797	401
798	398.1
799	495.9
800	473.4
801	312.3
802	386.2
803	470.2
804	176.3
805	452.3
806	316.7
807	145.6
808	442.5
809	317
810	441.8
811	544.9
812	446.2
813	380.3
814	462.5
815	454.7
816	634.2
817	205.9
818	412.1
819	402.4
820	507.2
821	306.4
822	479.6
823	584.3
824	365.9
825	413.2
826	375
827	320.9
828	499.2
829	507.7
830	428
831	211.8
832	367.4
833	374
834	338.2
835	447
836	311.4
837	133
838	438.6
839	365.7
840	449.8
841	368.1
842	457.4
843	51.1
844	328.2
845	364.3
846	490.3
847	449.6
848	411.5
849	535.2
850	423.1
851	387.7
852	195.3
853	281.3
854	379.6
855	409.3
856	388.3
857	397.9
858	385.4
859	346.7
860	360.1
861	344.6
862	31.6
863	283.3
864	388.2
865	358.3
866	391.5
867	205.2
868	479.6
869	410.8
870	123.6
871	308.9
872	375.5
873	44.1
874	475.5
875	409.8
876	422.7
877	348.6
878	340.6
879	407.6
880	281.8
881	347.8
882	364.2
883	225.1
884	363.3
885	357.2
886	28.2
887	281.8
888	325.9
889	472.2
890	511
891	507.9
892	317.8
893	356.2
894	25.3
895	462.8
896	512.5
897	562
898	426
899	354
900	450.8
901	259.5
902	413.3
903	497.5
904	319.3
905	285.6
906	383.6
907	332.6
908	294.6
909	408.2
910	32.7
911	326
912	512.7
913	268
914	335.4
915	38.4
916	364.8
917	439.1
918	322.1
919	301.8
920	565.7
921	156.8
922	246.6
923	50.9
924	292.1
925	503.7
926	344.2
927	364.2
928	471.3
929	319.8
930	141.2
931	364.2
932	660.1
933	321.7
934	38.2
935	593.3
936	446.1
937	346.3
938	328.5
939	398.8
940	283.4
941	202.4
942	236.2
943	28.1
944	272.5
945	220.9
946	517.8
947	25.3
948	346.9
949	242.8
950	336.8
951	370.6
952	320
953	525.6
954	617.6
955	279.6
956	493.9
957	282.6
958	542.7
959	299.4
960	316.9
961	291.7
962	275.8
963	288.8
964	18.8
965	203.3
966	279.9
967	16.2
968	341.5
969	291.1
970	91.8
971	382.1
972	206.7
973	251.2
974	318.1
975	287.7
976	327.2
977	385.8
978	546.4
979	317.6
980	442.5
981	207.2
982	307.3
983	384.9
984	281.6
985	398.9
986	428.2
987	532
988	440
989	409.7
990	37.8
991	366.7
992	131.8
993	475
994	286.9
995	331.6
996	460.9
997	470.3
998	548.8
999	241.4
1000	16
1001	609
1002	368.6
1003	35
1004	464.2
1005	578.2
1006	307.2
1007	20.2
1008	618.6
1009	100.3
1010	283
1011	384.6
1012	352.2
1013	496.4
1014	451.6
1015	582.8
1016	22.7
1017	480.9
1018	481.6
1019	525.3
1020	302
1021	377.8
1022	301.1
1023	285.1
1024	472.8
1025	460.3
1026	386.7
1027	411
1028	417.2
1029	397.1
1030	330.3
1031	32.4
1032	40.7
1033	389.3
1034	225.7
1035	252.5
1036	275.7
1037	398.4
1038	416.5
1039	518.8
1040	384
1041	516.7
1042	403
1043	33.4
1044	494.8
1045	379.8
1046	506.3
1047	383.6
1048	415.2
1049	494.5
1050	24.4
1051	247.3
1052	287.5
1053	375.7
1054	351
1055	309.2
1056	390.5
1057	318.2
1058	189.5
1059	360.8
1060	204.3
1061	40.4
1062	470.6
1063	378.5
1064	365.7
1065	553.5
1066	420
1067	299.4
1068	359.3
1069	370.7
1070	426.3
1071	276.4
1072	348.7
1073	433.9
1074	264.6
1075	135.9
1076	373.1
1077	245.1
1078	509.6
1079	331.6
1080	458
1081	295.5
1082	380.9
1083	280.8
1084	382.1
1085	420.9
1086	387.9
1087	32.3
1088	334.1
1089	577.9
1090	297.7
1091	501.5
1092	334.1
1093	358
1094	299
1095	481.1
1096	472
1097	536.2
1098	439.5
1099	146.6
1100	40.3
1101	267.9
1102	233.9
1103	404.3
1104	248.5
1105	348.1
1106	504.4
1107	460
1108	451.3
1109	389.7
1110	381.1
1111	319.5
1112	399
1113	489
1114	367.9
1115	544.4
1116	305.2
1117	417.9
1118	525.2
1119	241.8
1120	423.1
1121	474.4
1122	417.7
1123	390.6
1124	343.8
1125	304.4
1126	441.9
1127	373.6
1128	357
1129	442.9
1130	472.9
1131	300.7
1132	343.8
1133	332.2
1134	367.4
1135	420
1136	256.6
1137	355.4
1138	320
1139	339
1140	358.7
1141	379.6
1142	450.7
1143	467.9
1144	393.7
1145	289.6
1146	420.8
1147	402
1148	405.4
1149	365.1
1150	396
1151	401
1152	402.6
1153	625.7
1154	24.8
1155	393.1
1156	418.3
1157	364
1158	470.2
1159	198.2
1160	342.5
1161	387.6
1162	334
1163	446.5
1164	498.3
1165	410.4
1166	499.1
1167	273.1
1168	423.9
1169	347.7
1170	445.8
1171	383.9
1172	255.6
1173	449.7
1174	421.7
1175	406
1176	104.2
1177	373.7
1178	337.6
1179	496.1
1180	469.7
1181	367.6
1182	363.8
1183	365.6
1184	428.6
1185	565.3
1186	512
1187	421.1
1188	274.9
1189	417.7
1190	394.2
1191	632.8
1192	266.4
1193	310.4
1194	513.5
1195	538.9
1196	391.8
1197	372.6
1198	271.9
1199	323.4
1200	43.2
1201	428.8
1202	436.6
1203	232
1204	517
1205	442.9
1206	502.9
1207	332.8
1208	411
1209	363.3
1210	276.5
1211	239.2
1212	313.7
1213	170.7
1214	561
1215	463.6
1216	385.7
1217	245.6
1218	309.3
1219	439.7
1220	272.4
1221	328
1222	421.7
1223	642.5
1224	290
1225	456
1226	373.3
1227	155.1
1228	440.2
1229	444
1230	460.5
1231	467.2
1232	273.2
1233	314
1234	400.9
1235	439.7
1236	317.6
1237	374.3
1238	177.7
1239	363.9
1240	302.6
1241	369.3
1242	257.9
1243	352
1244	275.1
1245	412
1246	369.7
1247	158.3
1248	87.5
1249	397.5
1250	200.7
1251	345.2
1252	242.2
1253	394.2
1254	297.6
1255	316.3
1256	220.6
1257	562.4
1258	528.5
1259	306.7
1260	294.8
1261	220.5
1262	383.6
1263	370.4
1264	448.4
1265	331.3
1266	317.6
1267	308.8
1268	245.4
1269	81.7
1270	283.5
1271	392.8
1272	282.4
1273	404.1
1274	365.2
1275	273.4
1276	194.4
1277	279.9
1278	329.8
1279	59
1280	351.1
1281	355.1
1282	384
1283	405.6
1284	90.6
1285	407
1286	443.6
1287	331.9
1288	273.9
1289	368.4
1290	313.8
1291	417.5
1292	511.6
1293	43.2
1294	466.3
1295	354.4
1296	448
1297	99.8
1298	267.4
1299	334.6
1300	368.2
1301	327.5
1302	269.3
1303	392
1304	78.5
1305	361.1
1306	267.9
1307	326.9
1308	386.8
1309	307.6
1310	335.8
1311	310.6
1312	212.4
1313	276.5
1314	358.5
1315	394.1
1316	299.5
1317	220.5
1318	403.9
1319	242.7
1320	276.7
1321	685.7
1322	310.2
1323	320.9
1324	430.3
1325	403.1
1326	416.9
1327	781.5
1328	246.7
1329	79.4
1330	341.4
1331	191.2
1332	39.4
1333	162.3
1334	221.1
1335	280.6
1336	333
1337	364.4
1338	389.2
1339	427.2
1340	383.6
1341	289.6
1342	281.7
1343	351.7
1344	441.6
1345	355.4
1346	402.5
1347	223.5
1348	157.9
1349	287.1
1350	278
1351	177.5
1352	94
1353	265.9
1354	616.7
1355	244.2
1356	71.3
1357	117.5
1358	266.6
1359	386.8
1360	384.4
1361	340.9
1362	347.8
1363	334.5
1364	200.8
1365	320.9
1366	529.1
1367	407.3
1368	188.8
1369	791
1370	302.4
1371	548.9
1372	411.2
1373	346.7
1374	188.8
1375	304
1376	65.5
1377	393.2
1378	449.8
1379	413.2
1380	319.5
1381	325.4
1382	293
1383	357.2
1384	418.9
1385	64.1
1386	264.6
1387	468.2
1388	642.4
1389	770
1390	189.7
1391	335.1
1392	316.6
1393	343.5
1394	277.7
1395	363.2
1396	342.3
1397	448.2
1398	282.4
1399	247.1
1400	126.6
1401	478.2
1402	458.5
1403	389.3
1404	494.1
1405	224.6
1406	505.6
1407	231.2
1408	522.9
1409	228.2
1410	461.7
1411	193.9
1412	267.1
1413	373.3
1414	514.8
1415	135.9
1416	205.1
1417	683.9
1418	396.4
1419	546.9
1420	434.1
1421	438.4
1422	160.3
1423	98.2
1424	304.4
1425	415
1426	185.4
1427	634.2
1428	414.1
1429	470.8
1430	197.8
1431	410.9
1432	581
1433	183.3
1434	447.2
1435	182.6
1436	291.5
1437	348.3
1438	554.7
1439	566.5
1440	280.4
1441	258.9
1442	478.3
1443	140.1
1444	416
1445	395.9
1446	204.5
1447	309.4
1448	313.9
1449	254.3
1450	354.9
1451	488
1452	340.2
1453	354.4
1454	124.5
1455	309.1
1456	455
1457	384.3
1458	295.7
1459	489.8
1460	481.4
1461	237.9
1462	431.4
1463	708
1464	646
1465	671.8
1466	444.1
1467	445.4
1468	465.2
1469	242.1
1470	262.5
1471	586.7
1472	515.1
1473	455.8
1474	262.7
1475	403.6
1476	515.9
1477	349.6
1478	246
1479	395.6
1480	507.8
1481	351.9
1482	232.7
1483	610.8
1484	390.6
1485	117.4
1486	602.3
1487	552.1
1488	375.3
1489	335.8
1490	328.1
1491	171.5
1492	269.9
1493	240.3
1494	427.8
1495	385.3
1496	244.9
1497	236.8
1498	506.6
1499	200.6
1500	257.2
1501	259.9
1502	381.9
1503	482.5
1504	359.2
1505	223.4
1506	252.4
1507	628.4
1508	295.7
1509	107.2
1510	278.1
1511	336.2
1512	566.6
1513	224.4
1514	616.7
1515	452.7
1516	634.5
1517	200.7
1518	581.8
1519	260.9
1520	343.4
1521	455.5
1522	348.5
1523	455.2
1524	313.6
1525	445.6
1526	356.3
1527	242.8
1528	360.2
1529	266.8
1530	326.9
1531	626.2
1532	293.4
1533	352.3
1534	345.1
1535	80.9
1536	303.5
1537	511.4
1538	80.3
1539	372.8
1540	413.3
1541	447.3
1542	325.5
1543	417.6
1544	569.5
1545	316.2
1546	76.4
1547	239.9
1548	398.3
1549	460.4
1550	537.4
1551	298.9
1552	272.8
1553	352
1554	105.2
1555	395.2
1556	298.2
1557	325.3
1558	369.9
1559	363
1560	338
1561	605.6
1562	443.6
1563	322.4
1564	435
1565	133.9
1566	346.7
1567	537.3
1568	605.6
1569	386.1
1570	301.2
1571	438
1572	385.4
1573	346.2
1574	298.7
1575	292.3
1576	305
1577	457.4
1578	561.5
1579	487.7
1580	255.7
1581	216
1582	302.2
1583	520.9
1584	98.6
1585	344.4
1586	321.7
1587	374.3
1588	276.2
1589	293.5
1590	469.3
1591	594.6
1592	341.2
1593	298.2
1594	433.8
1595	224.9
1596	280.7
1597	549.8
1598	317.7
1599	381.2
1600	260.6
1601	122.7
1602	370.1
1603	282.6
1604	297.7
1605	379.2
1606	440
1607	294.7
1608	324.4
1609	327.9
1610	275.6
1611	300.8
1612	393.4
1613	309.9
1614	305.8
1615	317.4
1616	280.5
1617	284.4
1618	317.3
1619	336.5
1620	288.9
1621	257.2
1622	247.7
1623	323.4
1624	363.9
1625	336.7
1626	222.7
1627	342.9
1628	253.9
1629	296.2
1630	400.5
1631	197.7
1632	365.9
1633	353.8
1634	344.7
1635	379.3
1636	234.6
1637	307.4
1638	297
1639	448.7
1640	440
1641	343.7
1642	326.8
1643	374.6
1644	423.2
1645	226.9
1646	239.5
1647	324
1648	490.2
1649	416
1650	299.6
1651	476.1
1652	308
1653	270.1
1654	277.4
1655	374
1656	453.9
1657	229
1658	202.5
1659	360.9
1660	301.9
1661	321
1662	277.4
1663	303.7
1664	399
1665	281.6
1666	308.5
1667	402.4
1668	317.3
1669	510.4
1670	376.8
1671	351
1672	361.3
1673	441.3
1674	203
1675	290.1
1676	302.9
1677	362.5
1678	354.2
1679	347.4
1680	469.6
1681	337.3
1682	335.4
1683	494.5
1684	384.2
1685	487.5
1686	165.2
1687	378.9
1688	304.4
1689	390.8
1690	516.8
1691	466.2
1692	443.9
1693	234.1
1694	443.2
1695	563.2
1696	283.6
1697	505.5
1698	443.3
1699	287.5
1700	241.8
1701	441.1
1702	354.2
1703	425.5
1704	256.5
1705	284.6
1706	218.8
1707	373.5
1708	324.5
1709	303.4
1710	320.4
1711	274.1
1712	398.8
1713	368.8
1714	260.2
1715	508.8
1716	472.7
1717	267.5
1718	283.8
1719	177.7
1720	403.7
1721	269.6
1722	428.6
1723	272.9
1724	464
1725	269.1
1726	510.4
1727	337.1
1728	390.9
1729	248.2
1730	392.7
1731	335.4
1732	209.7
1733	306.1
1734	331.1
1735	556.4
1736	412.5
1737	294.9
1738	435.8
1739	209.8
1740	282.8
1741	261.1
1742	315.9
1743	415.1
1744	319.4
1745	349.2
1746	284.5
1747	369.6
1748	377.7
1749	160.4
1750	204.7
1751	291.2
1752	337.8
1753	221.5
1754	301.5
1755	294.7
1756	215.5
1757	261.9
1758	241.7
1759	264.6
1760	205.2
1761	373.9
1762	226.3
1763	278.8
1764	210.1
1765	331.3
1766	217
1767	333.8
1768	240.2
1769	280.5
1770	269.8
1771	252.5
1772	343.5
1773	215.7
1774	164.6
1775	191.3
1776	263.3
1777	216.5
1778	200.9
1779	270.5
1780	407.1
1781	355.6
1782	300.4
1783	178.4
1784	362.3
1785	306.3
1786	283.2
1787	283.9
1788	324.8
1789	334.1
1790	282.4
1791	178.5
1792	288.9
1793	162.9
1794	128.6
1795	276.4
1796	512.2
1797	373.7
1798	310.7
1799	222.3
1800	192.1
1801	279.4
1802	189.9
1803	255.6
1804	305
1805	256.5
1806	276.6
1807	265.5
1808	301.1
1809	460.8
1810	340.1
1811	361.6
1812	293.7
1813	273.2
1814	156.3
1815	360.3
1816	294.6
1817	217.5
1818	271.1
1819	240.7
1820	299.6
1821	236.8
1822	349.5
1823	451.4
1824	217.2
1825	243.9
1826	259.8
1827	414.5
1828	444.8
1829	281.2
1830	357.9
1831	171.1
1832	237.6
1833	216.3
1834	339.5
1835	255.1
1836	251
1837	168.9
1838	194
1839	202
1840	210.3
1841	209.5
1842	215.7
1843	287.5
1844	460.1
1845	236.7
1846	168.4
1847	179.5
1848	326
1849	247.7
1850	272.1
1851	267.6
1852	384.8
1853	247.5
1854	275.1
1855	199.9
1856	215.3
1857	268.2
1858	173.2
1859	361.4
1860	177.8
1861	264.2
1862	199.8
1863	153.6
1864	261.4
1865	225.8
1866	373.4
1867	200.8
1868	270.7
1869	227.2
1870	124.1
1871	239
1872	286.6
1873	237.7
1874	390.3
1875	192
1876	232.6
1877	223
1878	156.1
1879	471.2
1880	333.8
1881	372.8
1882	218.9
1883	415
1884	189.2
1885	235.5
1886	225.3
1887	177.1
1888	322.7
1889	289.6
1890	391.3
1891	110.7
1892	291.6
1893	317.3
1894	234.1
1895	323.6
1896	233
1897	285.4
1898	328.8
1899	257.1
1900	265.7
1901	443.6
1902	251.3
1903	308.8
1904	355
1905	314
1906	175.3
1907	255
1908	158.1
1909	168.5
1910	113.2
1911	334.8
1912	250.8
1913	276.2
1914	310.9
1915	139.6
1916	242.1
1917	241.5
1918	217.4
1919	174.8
1920	189.2
1921	344.8
1922	124.9
1923	306.3
1924	140.8
1925	293.1
1926	214
1927	292.3
1928	247.4
1929	147.6
1930	207.6
1931	267.4
1932	208
1933	195.1
1934	246.4
1935	187.9
1936	328.1
1937	180.7
1938	253.2
1939	310
1940	139.9
1941	298.5
1942	285.8
1943	222.7
1944	274.2
1945	176.4
1946	130.5
1947	123.5
1948	182.6
1949	308.4
1950	196.9
1951	162.3
1952	161.3
1953	168.1
1954	150.7
1955	214
1956	315.9
1957	283.2
1958	280.2
1959	273.8
1960	246.6
1961	340.1
1962	272.5
1963	187.5
1964	135.1
1965	193.7
1966	253
1967	219
1968	225.1
1969	175.6
1970	346.2
1971	265
1972	145.5
1973	202
1974	374.2
1975	211
1976	213.2
1977	323.1
1978	275.4
1979	235.9
1980	203.7
1981	349.4
1982	160.3
1983	240.6
1984	177.2
1985	216.9
1986	197.1
1987	334.6
1988	170.3
1989	302.6
1990	200
1991	188.4
1992	198.1
1993	260.3
1994	349.6
1995	316.4
1996	200.6
1997	156
1998	303.7
1999	234.4
2000	412.1
2001	232.7
2002	210.4
2003	243.1
2004	242.8
2005	186.3
2006	290.4
2007	183.1
2008	530.3
2009	229.5
2010	162.9
2011	268.7
2012	171
2013	178.7
2014	194
2015	204.8
2016	162.4
2017	262
2018	668.9
2019	217.8
2020	191.2
2021	653.9
2022	628.2
2023	153.3
2024	204.1
2025	432.3
2026	167.5
2027	105
2028	367.3
2029	349.2
2030	206.6
2031	229.4
2032	149
2033	214.2
2034	267.3
2035	130.6
2036	234.4
2037	326.4
2038	336.4
2039	189.7
2040	158.9
2041	452.8
2042	130.9
2043	277
2044	268.5
2045	179.1
2046	175.5
2047	197.6
2048	173
2049	274.3
2050	277.6
2051	471.9
2052	194.1
2053	481.1
2054	131.4
2055	201.5
2056	321.7
2057	443.3
2058	357.2
2059	167.1
2060	527.2
2061	156.2
2062	408.9
2063	197.7
2064	357.1
2065	213.9
2066	308.8
2067	191.3
2068	272.1
2069	290.5
2070	240.6
2071	374.9
2072	283.1
2073	243.9
2074	199.4
2075	256.1
2076	416.2
2077	163.5
2078	238.7
2079	145.7
2080	263.4
2081	200.6
2082	179.6
2083	262.4
2084	244.3
2085	286.7
2086	187.9
2087	279
2088	323.4
2089	196.2
2090	228
2091	159.8
2092	274.3
2093	191.5
2094	248.2
2095	230.6
2096	118.9
2097	288.3
2098	211.1
2099	203.2
2100	272.3
2101	288
2102	208.5
2103	116.1
2104	107.8
2105	163.8
2106	245.8
2107	300.4
2108	234.7
2109	295.8
2110	236.3
2111	145.1
2112	272.7
2113	186.7
2114	297.5
2115	237.8
2116	236.8
2117	172.9
2118	158.8
2119	110.7
2120	240.1
2121	206.2
2122	287.4
2123	233.7
2124	308.4
2125	140.1
2126	214.6
2127	250.6
2128	237.2
2129	132.9
2130	222.7
2131	157.6
2132	147.3
2133	134.6
2134	222.6
2135	91.5
2136	279.5
2137	271.2
2138	117
2139	286
2140	109.3
2141	412.4
2142	202.6
2143	193.2
2144	257.1
2145	381
2146	201.4
2147	223.7
2148	296.6
2149	189.4
2150	169.8
2151	151.5
2152	243.3
2153	350.9
2154	265.3
2155	116.7
2156	191.4
2157	213.3
2158	240.2
2159	214.7
2160	394.3
2161	234.1
2162	259.6
2163	380.6
2164	185.1
2165	324.6
2166	93.1
2167	70.5
2168	194.8
2169	283.7
2170	223.6
2171	211.4
2172	192.6
2173	188.2
2174	171.1
2175	199.3
2176	149.8
2177	274.6
2178	158.5
2179	108.3
2180	119.8
2181	573.2
2182	217.9
2183	205.6
2184	80.7
2185	396.1
2186	205.6
2187	208.5
2188	117.9
2189	239.2
2190	310.7
2191	137.2
2192	147.1
2193	156.6
2194	221.4
2195	313.1
2196	94.6
2197	543.7
2198	134.8
2199	431.6
2200	131.7
2201	217.6
2202	355.2
2203	169.9
2204	128.4
2205	241.1
2206	135.6
2207	380.8
2208	203
2209	211.3
2210	407
2211	210.1
2212	282.6
2213	230.2
2214	174.7
2215	136.1
2216	200.7
2217	212.8
2218	138.3
2219	525
2220	314.5
2221	128
2222	350
2223	133.1
2224	187.4
2225	186.7
2226	277
2227	584.8
2228	138.9
2229	212.3
2230	294.5
2231	150.9
2232	180.9
2233	154.3
2234	514.6
2235	208.7
2236	220.3
2237	182.1
2238	164.8
2239	214.8
2240	172
2241	243.8
2242	224.8
2243	236.1
2244	229.2
2245	636.4
2246	153.9
2247	230.7
2248	453.6
2249	288
2250	197.8
2251	293
2252	311.9
2253	211.4
2254	185.3
2255	232.7
2256	446.9
2257	339.5
2258	191.3
2259	467.1
2260	241.3
2261	221.8
2262	232.5
2263	614.6
2264	643.5
2265	494
2266	199.5
2267	208.7
2268	258.3
2269	181.2
2270	301.7
2271	370.2
2272	178.9
2273	274.2
2274	231.1
2275	307.7
2276	364.8
2277	180.4
2278	227.5
2279	216.8
2280	189.2
2281	303.4
2282	678.3
2283	338.2
2284	233.8
2285	506.8
2286	267.8
2287	162.3
2288	387.9
2289	165.9
2290	165.3
2291	226.3
2292	535
2293	204.9
2294	236.1
2295	317.2
2296	325.2
2297	597.8
2298	197.9
2299	122.1
2300	202.3
2301	226.8
2302	243.7
2303	206.3
2304	208.5
2305	185.5
2306	369.3
2307	433.2
2308	214.3
2309	131.5
2310	515.5
2311	440.4
2312	237.7
2313	254.3
2314	193
2315	497.2
2316	164.8
2317	498.6
2318	168.7
2319	188.2
2320	386.1
2321	407.5
2322	238.1
2323	264.7
2324	489.9
2325	360.6
2326	159.4
2327	219.3
2328	428.1
2329	230.9
2330	663.2
2331	362.3
2332	323.4
2333	304.2
2334	332.8
2335	622.4
2336	219.5
2337	253.3
2338	522
2339	306.8
2340	493.9
2341	253.6
2342	607.9
2343	294.9
2344	222.3
2345	485.1
2346	317.8
2347	198.5
2348	249.1
2349	254.9
2350	198.9
2351	296.1
2352	204.7
2353	294.6
2354	217.2
2355	474.5
2356	506.2
2357	266.7
2358	211.9
2359	468.9
2360	382.7
2361	437.2
2362	303.6
2363	441
2364	325.1
2365	277.7
2366	524.1
2367	292.3
2368	223.1
2369	143.1
2370	539.9
2371	166.7
2372	274.5
2373	241.4
2374	174.5
2375	185.6
2376	462
2377	289.5
2378	350
2379	238.7
2380	214.2
2381	253.7
2382	424.5
2383	383.8
2384	271.9
2385	214.4
2386	187.7
2387	187.6
2388	287.6
2389	469.5
2390	250.4
2391	200.1
2392	490.5
2393	353.4
2394	474
2395	149
2396	207.8
2397	259.3
2398	212.6
2399	249
2400	275.5
2401	190.1
2402	484.2
2403	203.4
2404	130.5
2405	178
2406	168.4
2407	444.7
2408	251.6
2409	173.2
2410	246.6
2411	218.6
2412	209.9
2413	301.2
2414	116.9
2415	219
2416	187.3
2417	216.2
2418	233.8
2419	229.4
2420	341
2421	475.1
2422	299.3
2423	193.3
2424	147.9
2425	84.8
2426	442.9
2427	256.4
2428	426.1
2429	515.4
2430	443.1
2431	179.8
2432	228.5
2433	393.7
2434	122.6
2435	338.3
2436	221.9
2437	91.6
2438	209
2439	388.6
2440	125.4
2441	581.6
2442	217.2
2443	178.4
2444	308.8
2445	232.4
2446	94.4
2447	219.7
2448	446
2449	487.3
2450	483.9
2451	156.5
2452	144.9
2453	380.1
2454	552.3
2455	390.1
2456	520.8
2457	335.5
2458	273.4
2459	250.5
2460	79.1
2461	516.1
2462	336.5
2463	87.9
2464	466.1
2465	638.8
2466	499
2467	125.8
2468	173.7
2469	271.9
2470	499.1
2471	235.9
2472	323.7
2473	98.2
2474	389.3
2475	271.7
2476	583.5
2477	179
2478	132.4
2479	567.1
2480	257.3
2481	259
2482	73.8
2483	573.7
2484	424.2
2485	195.2
2486	112.4
2487	511.1
2488	218.5
2489	467.4
2490	411.9
2491	93.6
2492	471.9
2493	517.1
2494	179.1
2495	120.8
2496	91.9
2497	188.1
2498	143.8
2499	94.8
2500	431.8
2501	140.9
2502	131.6
2503	170.3
2504	225.5
2505	334.5
2506	171.4
2507	426.7
2508	284.7
2509	593.5
2510	283.3
2511	473.9
2512	332.7
2513	188.4
2514	115.3
2515	124.6
2516	290.6
2517	136.4
2518	115.4
2519	162.5
2520	440.8
2521	118.1
2522	683.9
2523	120.7
2524	356.5
2525	139.1
2526	129.5
2527	148.2
2528	144.4
2529	168.1
2530	129.2
2531	143.2
2532	152.6
2533	473.3
2534	122.4
2535	156.2
2536	446
2537	137.1
2538	341.3
2539	758.9
2540	295.6
2541	439.8
2542	343.1
2543	161.2
2544	166
2545	343.2
2546	285.8
2547	173.8
2548	330.2
2549	144.4
2550	347.8
2551	147.4
2552	667.2
2553	113.3
2554	501.3
2555	142.3
2556	144.4
2557	179.1
2558	156.9
2559	150.6
2560	365
2561	155
2562	700
2563	393.4
2564	523.5
2565	271.7
2566	155.3
2567	169.1
2568	551.1
2569	162.8
2570	124.1
2571	190.7
2572	202.2
2573	216.2
2574	180.1
2575	199
2576	166.6
2577	151
2578	185.9
2579	146.9
2580	147.7
2581	456
2582	692.9
2583	276.9
2584	299.6
2585	163.2
2586	639.3
2587	168.9
2588	195.1
2589	164
2590	199.9
2591	183.9
2592	106.5
2593	88.7
2594	105.6
2595	200
2596	282
2597	157
2598	595.1
2599	193.2
2600	160.2
2601	155.6
2602	371.6
2603	124
2604	553.4
2605	167.1
2606	222.5
2607	256.9
2608	90.6
2609	283.6
2610	163
2611	224.2
2612	100.8
2613	164.5
2614	349.2
2615	239.9
2616	246.3
2617	385.6
2618	254.6
2619	239.5
2620	451.4
2621	118.3
2622	179.7
2623	255.8
2624	127.1
2625	442.7
2626	76.1
2627	153.6
2628	186.1
2629	289.1
2630	145.7
2631	117.2
2632	108
2633	164.5
2634	176.3
2635	118.8
2636	294.4
2637	205.8
2638	224.4
2639	96
2640	109.3
2641	392.1
2642	119.5
2643	536.9
2644	287.5
2645	454.9
2646	93
2647	165.8
2648	276
2649	193.5
2650	254.2
2651	217.7
2652	275.3
2653	167
2654	370.8
2655	178.3
2656	276.1
2657	137.3
2658	93.8
2659	194.2
2660	350.6
2661	195.1
2662	403
2663	224.8
2664	99.5
2665	222.8
2666	364.8
2667	136.9
2668	221.4
2669	214.3
2670	410
2671	251.7
2672	240.5
2673	167.4
2674	89.9
2675	251.1
2676	46.9
2677	417.2
2678	207.3
2679	275.6
2680	261.7
2681	238.3
2682	227.2
2683	186.5
2684	118.5
2685	196.7
2686	223.3
2687	188.5
2688	192.3
2689	205.8
2690	270.3
2691	221.5
2692	45.7
2693	297.1
2694	206.2
2695	289.8
2696	175.8
2697	272.9
2698	315.9
2699	208.6
2700	173.8
2701	106.1
2702	273.2
2703	85.2
2704	182.2
2705	76.9
2706	305.3
2707	68.6
2708	225.8
2709	335.2
2710	225.8
2711	285.7
2712	176.9
2713	195.2
2714	327.3
2715	52.7
2716	183.7
2717	230.8
2718	79.3
2719	186.1
2720	191.9
2721	128.9
2722	245.4
2723	180.7
2724	155.9
2725	177.2
2726	147.7
2727	137.6
2728	83.6
2729	144.6
2730	292
2731	178.4
2732	265.6
2733	242.8
2734	353.2
2735	73.6
2736	52.7
2737	107.3
2738	114.2
2739	135.5
2740	221.3
2741	131.3
2742	208.9
2743	134.1
2744	72.5
2745	158
2746	79.9
2747	93.7
2748	261.2
2749	150
2750	180.6
2751	396.6
2752	145.6
2753	81.3
2754	218.2
2755	154.9
2756	89.3
2757	121.1
2758	356.6
2759	99.6
2760	138.2
2761	86.4
2762	106.9
2763	132.2
2764	471.9
2765	216
2766	137.6
2767	94.3
2768	118.2
2769	139.7
2770	103.9
2771	226.5
2772	198
2773	98.5
2774	596.9
2775	287.8
2776	117.2
2777	123.1
2778	326.6
2779	118.8
2780	53.6
2781	144.8
2782	217.5
2783	113.8
2784	124.7
2785	154.7
2786	163.4
2787	114.9
2788	97.2
2789	381.1
2790	121.5
2791	180.4
2792	343.7
2793	417.4
2794	102.9
2795	116.3
2796	142.3
2797	646.1
2798	156.4
2799	125.8
2800	343.1
2801	522.4
2802	206.4
2803	140.3
2804	72.5
2805	346.4
2806	115.7
2807	273.7
2808	306.8
2809	379.2
2810	70.3
2811	390.5
2812	127.3
2813	226.7
2814	129.1
2815	393.2
2816	129.1
2817	111.1
2818	422.2
2819	128
2820	500.1
2821	198.9
2822	109.9
2823	343.3
2824	101.7
2825	127.9
2826	127.7
2827	52.4
2828	143.4
2829	171.5
2830	133.6
2831	167.3
2832	160.2
2833	164.2
2834	254.4
2835	187.1
2836	153.2
2837	118.5
2838	199.3
2839	169.5
2840	546.7
2841	168.5
2842	266.2
2843	154.9
2844	114.4
2845	189.1
2846	69.1
2847	421.4
2848	332.3
2849	189.1
2850	343.9
2851	249
2852	106.8
2853	202.2
2854	513.9
2855	183.9
2856	160.1
2857	124.9
2858	234.6
2859	195.5
2860	202.7
2861	171.9
2862	196.6
2863	96.4
2864	254.9
2865	163.4
2866	326.3
2867	220.4
2868	126.2
2869	343.4
2870	235.2
2871	329.2
2872	344
2873	484.9
2874	80.2
2875	128.6
2876	87.6
2877	177.5
2878	182.1
2879	112.1
2880	145.9
2881	163.7
2882	178.9
2883	253.2
2884	261.8
2885	149.1
2886	232.6
2887	127.4
2888	79.4
2889	153.7
2890	169.2
2891	175.2
2892	259.5
2893	268.2
2894	384.8
2895	437.4
2896	103.2
2897	501.9
2898	198.5
2899	332.8
2900	231.9
2901	126.1
2902	150.8
2903	574.1
2904	91.9
2905	238.6
2906	370.7
2907	203.1
2908	197
2909	484.4
2910	260.3
2911	559
2912	155.1
2913	430.2
2914	329.3
2915	126.6
2916	556.3
2917	123
2918	370.7
2919	110.7
2920	110.5
2921	212.1
2922	218.7
2923	170.8
2924	279.4
2925	237.1
2926	255.4
2927	70.7
2928	364.9
2929	214.9
2930	597.1
2931	186.1
2932	379.4
2933	175.8
2934	74
2935	169.8
2936	94.3
2937	207.8
2938	108.5
2939	170
2940	86.8
2941	109
2942	84.4
2943	423
2944	79.2
2945	154.5
2946	254.7
2947	479.2
2948	236.3
2949	120.1
2950	193.7
2951	641.4
2952	182.6
2953	408.5
2954	210.9
2955	633
2956	490.6
2957	243.9
2958	222.4
2959	163.6
2960	81.5
2961	183
2962	121.4
2963	357.2
2964	382.3
2965	177.7
2966	726.6
2967	754.5
2968	125.8
2969	123.4
2970	92
2971	94.2
2972	335.8
2973	56
2974	137.2
2975	311.5
2976	338.2
2977	355
2978	404.1
2979	148.9
2980	153.8
2981	317.5
2982	311.9
2983	142.1
2984	126.6
2985	237.3
2986	98.4
2987	108.3
2988	154.7
2989	82.5
2990	125.6
2991	272.8
2992	458.8
2993	153.6
2994	120
2995	153.9
2996	670.7
2997	414.7
2998	153.7
2999	312
3000	142
3001	218.3
3002	160.4
3003	95.2
3004	380.1
3005	340.8
3006	151.3
3007	269.1
3008	151.2
3009	305.8
3010	79.1
3011	137.5
3012	531.5
3013	132.2
3014	120.7
3015	189.1
3016	122.9
3017	200.9
3018	73.7
3019	172.5
3020	113.9
3021	245.5
3022	204.1
3023	349.6
3024	164.5
3025	87.8
3026	195.6
3027	176.7
3028	79.2
3029	193.4
3030	101.5
3031	417.4
3032	435.1
3033	171.6
3034	425.4
3035	66.4
3036	99.7
3037	348.7
3038	224.2
3039	107.8
3040	260
3041	272.6
3042	361.4
3043	243.7
3044	293.9
3045	245.9
3046	152.8
3047	216.3
3048	153.8
3049	124.4
3050	304.5
3051	421.9
3052	96.5
3053	311.8
3054	91.4
3055	67.3
3056	264.3
3057	186.2
3058	324.1
3059	72.2
3060	190.5
3061	249.8
3062	226.4
3063	248
3064	357.3
3065	169.9
3066	486.9
3067	140
3068	392.4
3069	260.7
3070	100.4
3071	376.2
3072	76.2
3073	119.6
3074	324.1
3075	298.3
3076	318.2
3077	64.6
3078	75.6
3079	244
3080	204.7
3081	139.7
3082	231.9
3083	321.5
3084	120.5
3085	89.1
3086	464.3
3087	441.2
3088	612.8
3089	344
3090	69.6
3091	217.2
3092	128.1
3093	345.1
3094	136.9
3095	163.5
3096	85.7
3097	116.5
3098	366.4
3099	123.6
3100	115.6
3101	81.7
3102	188.6
3103	300.7
3104	345.9
3105	161.2
3106	284.6
3107	202
3108	161.9
3109	197.2
3110	125.8
3111	581.8
3112	93.4
3113	487.9
3114	200.9
3115	169.4
3116	180.9
3117	219.5
3118	703.8
3119	614.7
3120	72.4
3121	565.8
3122	94.1
3123	216.6
3124	79.3
3125	225.4
3126	104.2
3127	45.5
3128	102.8
3129	130.2
3130	132.2
3131	586.8
3132	184.3
3133	423.4
3134	444.7
3135	99.1
3136	299.6
3137	59.2
3138	178.8
3139	599
3140	84.9
3141	95.8
3142	99
3143	613.4
3144	156.8
3145	91
3146	81
3147	75.7
3148	148.7
3149	144.3
3150	54.1
3151	579
3152	542.9
3153	238.8
3154	97.9
3155	109.6
3156	379.1
3157	340.4
3158	60.8
3159	111.1
3160	96.3
3161	397.7
3162	608.6
3163	136.6
3164	90.3
3165	93
3166	595.9
3167	121.1
3168	764.5
3169	126
3170	268.1
3171	192.7
3172	632.2
3173	91.8
3174	87.8
3175	135.9
3176	192.4
3177	96.4
3178	104.2
3179	162.9
3180	103.3
3181	127.9
3182	188.9
3183	196.9
3184	644.8
3185	488.3
3186	355.1
3187	372.5
3188	147.5
3189	287.7
3190	220.9
3191	191.8
3192	147.4
3193	126.3
3194	225.2
3195	612.3
3196	90.2
3197	164.3
3198	118.2
3199	527.7
3200	132
3201	158
3202	534.8
3203	269.8
3204	126.1
3205	284
3206	122.5
3207	162.7
3208	128.5
3209	82.5
3210	451.9
3211	545.2
3212	481.7
3213	179.5
3214	153.2
3215	147.2
3216	98.6
3217	128
3218	267.8
3219	310
3220	157.7
3221	166.2
3222	412.7
3223	236.6
3224	562.4
3225	180
3226	528.7
3227	112.9
3228	176.1
3229	101.7
3230	90.9
3231	111.3
3232	174.2
3233	107.9
3234	484.2
3235	561
3236	341.6
3237	119.3
3238	376.3
3239	80.6
3240	130.8
3241	177
3242	153.7
3243	274.7
3244	177.8
3245	202
3246	151.5
3247	57
3248	145.3
3249	180.5
3250	147.3
3251	272
3252	426.7
3253	179.3
3254	216.8
3255	146.8
3256	225.4
3257	247.1
3258	178.5
3259	183.6
3260	196.2
3261	87
3262	226
3263	146.3
3264	124.7
3265	100
3266	156.3
3267	218.8
3268	192.8
3269	243.5
3270	118.7
3271	110.3
3272	219.8
3273	122
3274	274.1
3275	130.8
3276	127.8
3277	148
3278	310.9
3279	163.8
3280	151
3281	165.6
3282	106.8
3283	136.7
3284	149.3
3285	122.3
3286	335.7
3287	121.4
3288	74.8
3289	163.8
3290	228.6
3291	219
3292	157.3
3293	82.3
3294	83.1
3295	191
3296	125.2
3297	130.4
3298	157.5
3299	105.8
3300	181.6
3301	121.1
3302	137
3303	243.9
3304	68.6
3305	226.6
3306	196.7
3307	120.5
3308	228.9
3309	153.8
3310	98
3311	176.7
3312	73.1
3313	82.9
3314	113.3
3315	149.3
3316	159.8
3317	123.1
3318	105.9
3319	86
3320	108.4
3321	146.5
3322	112
3323	69
3324	191.5
3325	66.6
3326	148.3
3327	73.9
3328	117.2
3329	103
3330	98.2
3331	209.4
3332	195.6
3333	65.9
3334	138.6
3335	183.6
3336	146.5
3337	67.4
3338	146.8
3339	84.2
3340	98.4
3341	154.8
3342	143.1
3343	136
3344	72.8
3345	62.6
3346	146.4
3347	138.9
3348	72.4
3349	142.2
3350	135.9
3351	137.8
3352	154.7
3353	100.9
3354	174.7
3355	113.1
3356	131.9
3357	190.3
3358	141.6
3359	112.9
3360	135.7
3361	95.1
3362	153.9
3363	109.6
3364	77
3365	194
3366	104.8
3367	117
3368	120.5
3369	199.5
3370	78.5
3371	133
3372	176.3
3373	95.7
3374	88.3
3375	145.2
3376	83.7
3377	118.5
3378	120.7
3379	138.6
3380	106.4
3381	125.6
3382	122.5
3383	125.3
3384	115.6
3385	138.1
3386	126.3
3387	149.7
3388	142.8
3389	158.7
3390	158.3
3391	144.1
3392	176.9
3393	152.4
3394	242.4
3395	200
3396	231.8
3397	256.5
3398	216.2
3399	229.3
3400	427.9
3401	390.5
3402	349.1
3403	312.7
3404	328.1
3405	343.5
3406	413.8
3407	287.1
3408	325.7
3409	442.2
3410	13.9
3411	20.7
3412	355.8
3413	264.2
3414	433.9
3415	309.5
3416	279.8
3417	434.8
3418	338.6
3419	408.9
3420	338.2
3421	333.2
3422	402.5
3423	405.7
3424	324
3425	276.9
3426	369.2
3427	375.4
3428	97.8
3429	353
3430	103.4
3431	241.8
3432	344.5
3433	222.7
3434	312.3
3435	408.7
3436	181.9
3437	236.7
3438	613.2
3439	423.2
3440	187
3441	463.6
3442	331.6
3443	259.4
3444	193.1
3445	347
3446	324.6
3447	638.1
3448	250.1
3449	294.3
3450	484.1
3451	380.2
3452	287.8
3453	193.8
3454	238.8
3455	284.2
3456	355.9
3457	374.3
3458	158.4
3459	390
3460	248.5
3461	295.3
3462	275.7
3463	228
3464	399.3
3465	277.9
3466	139.5
3467	347.7
3468	251.9
3469	155.1
3470	165.8
3471	294.1
3472	131.2
3473	242.2
3474	170.1
3475	185.1
3476	246.6
3477	361.7
3478	250.8
3479	173.9
3480	244.1
3481	275.1
3482	126.9
3483	156.8
3484	298.9
3485	210.5
3486	222.1
3487	368.3
3488	174.6
3489	352.9
3490	329.6
3491	170
3492	243
3493	147.3
3494	312.2
3495	358.6
3496	254.7
3497	98.4
3498	125.3
3499	282.9
3500	156.9
3501	250.2
3502	360.9
3503	150.7
3504	194.5
3505	270.5
3506	467.8
3507	198.1
3508	405.7
3509	269.9
3510	219.8
3511	457.6
3512	264.8
3513	383.6
3514	251.6
3515	491.9
3516	267.9
3517	137
3518	185.7
3519	187.1
3520	435.6
3521	399.5
3522	486.8
3523	250.4
3524	215.6
3525	254.4
3526	142.9
3527	216.9
3528	475.3
3529	116.3
3530	117.6
3531	680.8
3532	159.9
3533	249.5
3534	209
3535	145.8
3536	247.4
3537	145.3
3538	271.9
3539	271.2
3540	520.8
3541	308.6
3542	286.7
3543	413.9
3544	97.4
3545	639.6
3546	168.6
3547	225.5
3548	374.9
3549	145.7
3550	169
3551	178.3
3552	228.4
3553	286.1
3554	175.9
3555	485.6
3556	117.9
3557	64.7
3558	433.1
3559	54.6
3560	425.2
3561	124.3
3562	169.3
3563	217.5
3564	245.6
3565	263.8
3566	158.9
3567	201
3568	321.2
3569	360
3570	167.9
3571	198
3572	195.2
3573	240.9
3574	234.5
3575	330.2
3576	469.5
3577	376.5
3578	299.3
3579	132.7
3580	129
3581	202.5
3582	363
3583	101.6
3584	647.8
3585	197.4
3586	500.1
3587	151.1
3588	169
3589	145.4
3590	114.7
3591	169.5
3592	108.1
3593	143.7
3594	138.7
