"COMID"	"Value"
1	7.8
2	1.9
3	3
4	0.3
5	7.2
6	0.1
7	38.1
8	2.1
9	0.3
10	0.1
11	0.9
12	0.1
13	0.1
14	1.9
15	2.2
16	2
17	12.8
18	23.2
19	9
20	3
21	0.2
22	1.6
23	0.3
24	0.3
25	0.6
26	0.1
27	0.5
28	11.3
29	1.1
30	1.9
31	3.4
32	12.4
33	2.2
34	0.1
35	0.3
36	0.5
37	2.4
38	0.1
39	0.2
40	1.5
41	1.8
42	0.5
43	2.3
44	11.6
45	1.4
46	0
47	6.7
48	2.4
49	0.6
50	1
51	0.2
52	0.4
53	1
54	0.8
55	0.6
56	1.6
57	0.9
58	0.3
59	0.3
60	0.2
61	0.6
62	0.8
63	8.6
64	0.3
65	0.5
66	1
67	1.4
68	5.1
69	0.2
70	0.3
71	0
72	1
73	0.1
74	26.3
75	0.5
76	0.2
77	0.9
78	0.4
79	0.6
80	0.3
81	0.5
82	0.2
83	0.7
84	0
85	1
86	8
87	0.2
88	0.3
89	0.3
90	0.3
91	0.2
92	1.2
93	1.1
94	0.6
95	38.9
96	0
97	0.4
98	0
99	0.1
100	0.8
101	3.9
102	0.4
103	0.2
104	0.3
105	0
106	0.4
107	0.2
108	0
109	0
110	0
111	0
112	0.8
113	0.1
114	1.2
115	0.3
116	6.3
117	1.8
118	1.8
119	0
120	0.3
121	0.1
122	0.6
123	0
124	0.9
125	9.8
126	2.8
127	0.2
128	2
129	0.2
130	0
131	0.7
132	0
133	1.9
134	1.3
135	1.1
136	9.8
137	2.2
138	0.2
139	0.2
140	1.5
141	0.3
142	0
143	0.1
144	0.3
145	0
146	1.1
147	10.9
148	2.6
149	1.2
150	1.6
151	0.6
152	0.3
153	0.1
154	0.5
155	0
156	0.1
157	2
158	0.1
159	1.1
160	1.1
161	0
162	0.1
163	0.1
164	0.1
165	0.3
166	0.1
167	1.8
168	0
169	1.9
170	0.3
171	8.2
172	0.1
173	0.2
174	0.1
175	0.1
176	1.1
177	0.8
178	0.6
179	1
180	0.1
181	0
182	1.6
183	0.1
184	0.1
185	0
186	0.3
187	0.3
188	0.1
189	0.1
190	0.1
191	0.1
192	0.7
193	0
194	3.3
195	0.5
196	0.1
197	1.1
198	0.1
199	1.9
200	0.2
201	0.2
202	0
203	0.1
204	0.2
205	0.1
206	1.5
207	0
208	3.5
209	2.3
210	5.3
211	8
212	1.3
213	1.7
214	0
215	1.3
216	0.8
217	0.6
218	0.1
219	0
220	0.1
221	0
222	1.3
223	3.2
224	0
225	0.3
226	1.7
227	0.1
228	1.6
229	0.1
230	0.1
231	2.3
232	0.3
233	7.1
234	0
235	0
236	1.1
237	0.2
238	0.2
239	1.7
240	8.3
241	1.5
242	0
243	0.3
244	4.4
245	1.1
246	2.5
247	0
248	0
249	0
250	2.9
251	2.8
252	5.9
253	0.5
254	0
255	0
256	0
257	0
258	0.7
259	0
260	0
261	1.2
262	2.9
263	0
264	0
265	0
266	1.1
267	2.6
268	1.4
269	3.1
270	0
271	3.5
272	1.4
273	2.6
274	0
275	2.7
276	0
277	0.1
278	2
279	0
280	2
281	1.3
282	2.3
283	0
284	0.3
285	0
286	1.2
287	5.8
288	0.1
289	0
290	0
291	0.6
292	0.2
293	0
294	1.7
295	0
296	0.8
297	0.8
298	0
299	0.7
300	0.3
301	0.1
302	0.8
303	0.7
304	0.1
305	1.4
306	0.3
307	0.4
308	1.9
309	0
310	0.3
311	0.8
312	0.1
313	0.5
314	0.2
315	0
316	0
317	0
318	0.3
319	0
320	0.4
321	0.1
322	0.5
323	1.7
324	0
325	0
326	1
327	0
328	0
329	0
330	0.1
331	0
332	0.1
333	0.1
334	0
335	1.4
336	0.1
337	0
338	0.1
339	0.2
340	0.2
341	0.1
342	0
343	0.2
344	0.1
345	0.1
346	0.1
347	0.2
348	0.4
349	0.5
350	0.1
351	0.2
352	0.2
353	2.7
354	0.6
355	0
356	0.3
357	0.1
358	0.5
359	0
360	0.6
361	0.2
362	0.5
363	0.6
364	0
365	2.1
366	0.1
367	0.1
368	2.9
369	0
370	2
371	0
372	0.1
373	0
374	0.2
375	1.8
376	16.4
377	1.3
378	0
379	0.1
380	1
381	0.1
382	0
383	10
384	0.1
385	0.2
386	0.3
387	2.7
388	0.4
389	0.5
390	4.1
391	0.2
392	1.4
393	0.2
394	0.1
395	0
396	0.2
397	0.1
398	0.3
399	0.2
400	0.2
401	0.4
402	0.1
403	0.3
404	0
405	0.2
406	3.4
407	0
408	0
409	0
410	16.9
411	0.5
412	0.3
413	5.1
414	0.3
415	0.1
416	0
417	0.1
418	0
419	0.4
420	0
421	0
422	0.3
423	2.7
424	1.7
425	1.6
426	0.1
427	5.7
428	1.6
429	0.4
430	12.1
431	0
432	0
433	2.4
434	0
435	0.1
436	0.2
437	0.1
438	6
439	0
440	1.1
441	4.2
442	0.1
443	0.7
444	0
445	18.2
446	0
447	12.2
448	9.2
449	0
450	0
451	0.1
452	10.7
453	0.2
454	0
455	1.4
456	0.3
457	4.3
458	1.5
459	5.1
460	0
461	0.8
462	16.5
463	0.1
464	0.1
465	1.2
466	0
467	3.9
468	0.1
469	0.1
470	0
471	0
472	1.9
473	0.5
474	0.1
475	0
476	0
477	17.7
478	0.1
479	0.5
480	1.7
481	0
482	0.4
483	4.9
484	0
485	0.3
486	0.4
487	1.5
488	0.4
489	0.1
490	0.2
491	3
492	3.3
493	0
494	2.5
495	0.1
496	0.1
497	6.2
498	0.1
499	0
500	1.6
501	5.5
502	3
503	0
504	0
505	0.1
506	2.7
507	8.4
508	0.3
509	1.8
510	5
511	0.3
512	0.3
513	0.2
514	0.7
515	0.3
516	0
517	8.2
518	0
519	0
520	1.3
521	0.9
522	0
523	0.5
524	10.2
525	0.6
526	0
527	0.6
528	0
529	0.6
530	35.8
531	15.4
532	23.6
533	0.1
534	0
535	31.7
536	13.1
537	2.7
538	0.9
539	0
540	0
541	16.1
542	11.5
543	0
544	1.3
545	4.9
546	16.5
547	21.7
548	4.4
549	5.6
550	0
551	13.6
552	26.9
553	2.9
554	0.7
555	0
556	27.4
557	0
558	3.9
559	0.1
560	12.7
561	6.1
562	11.8
563	0.2
564	5.3
565	0.3
566	15.3
567	0
568	19.3
569	0.1
570	0.2
571	6.4
572	11.1
573	0
574	27.2
575	0
576	3
577	0.9
578	0.3
579	0.9
580	16.7
581	0.7
582	14.1
583	0
584	0.1
585	5.4
586	17.4
587	17.6
588	2.6
589	30.3
590	0.1
591	13.9
592	1.1
593	14
594	0
595	7.3
596	0
597	0.1
598	0
599	20.5
600	0
601	0
602	0.2
603	14.6
604	3.3
605	0.6
606	3.9
607	0.1
608	0
609	2.2
610	0.1
611	4
612	1.9
613	0.3
614	16
615	1.9
616	0.8
617	26.9
618	10.7
619	0.1
620	0
621	2.4
622	11
623	14.9
624	13.2
625	0.1
626	0
627	11.2
628	0
629	0.7
630	21.4
631	0.2
632	14.9
633	4.6
634	0.3
635	0.6
636	0.5
637	0.7
638	0
639	7.7
640	1.4
641	11.6
642	0.6
643	4.9
644	1.3
645	12.2
646	1.6
647	0.3
648	27.3
649	10.8
650	0.1
651	18
652	0
653	0.2
654	0.1
655	0.3
656	0
657	8.1
658	1.8
659	4.3
660	1.6
661	1.9
662	6.8
663	2.4
664	0
665	0
666	0.2
667	1.7
668	34.2
669	4.3
670	0.2
671	0.3
672	0.1
673	8.2
674	0.5
675	9.4
676	3.4
677	9.1
678	0.1
679	0
680	0.2
681	3.5
682	14.1
683	35.5
684	2
685	0.2
686	8.8
687	0.2
688	10.1
689	0.2
690	5.9
691	0.5
692	6.4
693	0.1
694	0.2
695	0.3
696	3
697	0
698	2
699	14.9
700	8
701	0.4
702	1.7
703	7.2
704	13.7
705	10.3
706	0.2
707	7.8
708	5.8
709	6.5
710	2
711	0.2
712	1.8
713	4.9
714	0.1
715	3.5
716	0.5
717	19
718	1.5
719	7.6
720	6.8
721	0.3
722	4.8
723	1
724	10.9
725	0.2
726	0.1
727	0.1
728	8.1
729	0.2
730	2.9
731	0.8
732	0.2
733	5.8
734	4.8
735	1.1
736	0.5
737	10.2
738	5.8
739	9.6
740	9.1
741	7
742	44.5
743	3.6
744	0.6
745	0
746	4.7
747	5.1
748	0.1
749	2.5
750	0.1
751	4.5
752	8.2
753	2.4
754	0.7
755	5.1
756	1.9
757	40
758	0.3
759	0.3
760	3.1
761	0.1
762	9.4
763	7
764	7
765	0.8
766	0.9
767	1.5
768	10.7
769	2.1
770	10.9
771	0.1
772	0
773	3.1
774	2.4
775	0.4
776	0.4
777	6.7
778	4.3
779	0.5
780	1.7
781	3.8
782	198.1
783	170.1
784	216.8
785	228.9
786	176.7
787	186.6
788	150.5
789	186.2
790	167
791	181
792	158.6
793	153.8
794	207.6
795	234.4
796	138.8
797	236
798	149.5
799	159.6
800	191
801	129.8
802	151.4
803	196.2
804	137
805	155.9
806	234.5
807	128.9
808	158.8
809	253.2
810	276.5
811	134.5
812	214.2
813	235.9
814	220
815	287.9
816	120.6
817	156.6
818	191.5
819	300.5
820	177.2
821	161.6
822	226.7
823	151.7
824	244.9
825	128.7
826	244
827	296
828	263.8
829	120.7
830	205.5
831	149.8
832	333
833	185.6
834	212.4
835	174
836	217.5
837	115.8
838	155.9
839	155.2
840	164.5
841	141.7
842	194.4
843	62.6
844	200.8
845	141.2
846	158.7
847	149.6
848	146
849	168
850	243.3
851	269.6
852	167.7
853	124.7
854	160.6
855	151
856	128.4
857	129.1
858	251.5
859	93.3
860	158
861	275
862	31.1
863	88.6
864	121.6
865	211.6
866	134.5
867	158.4
868	231
869	115.3
870	125.5
871	96.5
872	109.6
873	44.2
874	157.2
875	225
876	118
877	109.1
878	123.8
879	250.7
880	121.5
881	153.9
882	156.5
883	156.2
884	130.3
885	113.1
886	19
887	114.3
888	100.4
889	124.3
890	140.8
891	106.8
892	145
893	125.8
894	20.7
895	173.6
896	209.3
897	103.3
898	109.2
899	111.1
900	115.1
901	94.4
902	283.7
903	183.1
904	143.3
905	90.6
906	253
907	148.4
908	144.5
909	130.3
910	24.8
911	154.2
912	118.4
913	158.2
914	128.9
915	45.1
916	111
917	121.9
918	96.6
919	138.7
920	122.1
921	173.1
922	166.9
923	75.3
924	94.2
925	142.1
926	142.9
927	170.3
928	223.4
929	151.8
930	230.8
931	178
932	313.6
933	93
934	25.1
935	116.1
936	119.8
937	284
938	247.2
939	140.1
940	142.1
941	280.8
942	180.8
943	18.6
944	286.3
945	141.6
946	110.8
947	25.6
948	113.6
949	173.3
950	192.9
951	230.7
952	126.9
953	330.9
954	338
955	213.8
956	111.1
957	135.1
958	266.4
959	117.1
960	156.6
961	232.7
962	102.6
963	88.6
964	13.4
965	148.8
966	215.4
967	26.7
968	134.2
969	159.9
970	131.7
971	169.7
972	118.6
973	203.4
974	104.5
975	297.4
976	186.1
977	180.5
978	280
979	195
980	136.5
981	122.7
982	156.8
983	178.7
984	206.8
985	171.5
986	233.6
987	235.6
988	230.5
989	102.2
990	70.4
991	138.8
992	172.6
993	175.9
994	96.3
995	264
996	155.8
997	212.4
998	173
999	95.7
1000	17.5
1001	228.4
1002	173.5
1003	60.7
1004	128.1
1005	194.9
1006	100.1
1007	20.1
1008	136.5
1009	129
1010	161.8
1011	82.3
1012	101.7
1013	121.2
1014	183.2
1015	117
1016	31.2
1017	178
1018	130.1
1019	130.5
1020	201.6
1021	100.5
1022	223.3
1023	77.7
1024	166.4
1025	184.3
1026	196.6
1027	92.5
1028	85
1029	96
1030	226.5
1031	21.5
1032	40.8
1033	191.2
1034	103.2
1035	152.1
1036	63.1
1037	167
1038	97.2
1039	178
1040	88.2
1041	192.5
1042	94
1043	21.9
1044	175.3
1045	83
1046	114.1
1047	138
1048	85.7
1049	87.5
1050	23.4
1051	91.8
1052	55.9
1053	102.2
1054	115.8
1055	74.7
1056	241.4
1057	151.9
1058	119.1
1059	163
1060	109.1
1061	20.5
1062	209
1063	128.8
1064	128.8
1065	149.1
1066	94.2
1067	140.7
1068	161.4
1069	137.4
1070	92.1
1071	89.6
1072	120.4
1073	140.1
1074	82.1
1075	71.3
1076	56.2
1077	139
1078	201.1
1079	138.6
1080	131.2
1081	141
1082	98.6
1083	96
1084	207.4
1085	47.1
1086	100.7
1087	13
1088	89.2
1089	154.5
1090	74.2
1091	119.5
1092	137.7
1093	72.7
1094	138.9
1095	107.2
1096	123.4
1097	132.9
1098	133.5
1099	74.2
1100	14.3
1101	155.2
1102	88.8
1103	85.9
1104	79.6
1105	131.8
1106	151.4
1107	80.1
1108	97.9
1109	78.7
1110	125.8
1111	113.3
1112	105.6
1113	146.8
1114	133.3
1115	128.7
1116	67.1
1117	128.6
1118	151.8
1119	89.2
1120	85.1
1121	112
1122	133.2
1123	132.9
1124	61.3
1125	76.1
1126	67.9
1127	68.3
1128	83.4
1129	63.1
1130	117
1131	109.7
1132	92.8
1133	95.4
1134	134.1
1135	100.3
1136	121
1137	112.1
1138	150.7
1139	93.2
1140	61.1
1141	78.4
1142	144.8
1143	96.1
1144	118.8
1145	116.9
1146	91.4
1147	101.6
1148	175.3
1149	77.3
1150	79.3
1151	106.8
1152	80.6
1153	94.5
1154	12.1
1155	135.9
1156	109.7
1157	66.2
1158	131.7
1159	90.3
1160	95
1161	128.1
1162	114.1
1163	106.2
1164	79.3
1165	107.6
1166	65.5
1167	134.4
1168	81
1169	115.9
1170	96.4
1171	118.5
1172	91.8
1173	93.5
1174	107.9
1175	138.4
1176	66.4
1177	119.3
1178	77.1
1179	75.6
1180	134.3
1181	99
1182	112.4
1183	129.1
1184	80.5
1185	80.8
1186	89.5
1187	62.7
1188	132.2
1189	90.7
1190	79.9
1191	75.7
1192	116.8
1193	82.3
1194	92
1195	87
1196	68.8
1197	99.4
1198	84
1199	88.8
1200	24.1
1201	114.5
1202	111.5
1203	129.5
1204	71.9
1205	97.2
1206	107.1
1207	87.9
1208	78.9
1209	132.9
1210	82.2
1211	83.6
1212	146
1213	92.2
1214	83.8
1215	92.8
1216	101.6
1217	51.6
1218	89.7
1219	95.2
1220	78.3
1221	120.1
1222	115.2
1223	105.9
1224	92.3
1225	76.7
1226	90.7
1227	87
1228	145.5
1229	114.2
1230	120.1
1231	128.2
1232	54.1
1233	83.9
1234	130.2
1235	102.7
1236	116.1
1237	102.3
1238	77.6
1239	94.1
1240	73.8
1241	83.7
1242	57.1
1243	68.5
1244	60.3
1245	81.9
1246	99
1247	89.4
1248	37.6
1249	74.1
1250	81.9
1251	165.8
1252	170.2
1253	85.9
1254	108.8
1255	178.5
1256	78.1
1257	119.5
1258	135
1259	142.2
1260	82.4
1261	101.9
1262	81.2
1263	97.8
1264	119.2
1265	54.2
1266	138.4
1267	202.6
1268	66.5
1269	33.4
1270	94
1271	86.3
1272	83.5
1273	159.5
1274	120.7
1275	71.6
1276	71.2
1277	56.6
1278	110.8
1279	21.3
1280	65
1281	167.6
1282	191.1
1283	169.2
1284	47
1285	156
1286	153.3
1287	146.2
1288	115.8
1289	57
1290	107
1291	103.4
1292	117.6
1293	16.4
1294	124.3
1295	59.7
1296	107.6
1297	40.4
1298	127
1299	70.1
1300	166.8
1301	93.7
1302	109
1303	92.5
1304	60.8
1305	176
1306	188.9
1307	59.2
1308	109.1
1309	169.3
1310	125.9
1311	101.6
1312	137.1
1313	156.8
1314	71.9
1315	133.6
1316	100.5
1317	77.4
1318	101.5
1319	79.3
1320	88.9
1321	186.9
1322	214.9
1323	163
1324	112.9
1325	78
1326	141
1327	180.3
1328	114.4
1329	61.9
1330	127.3
1331	74.5
1332	14.5
1333	97.1
1334	90.8
1335	66.5
1336	75.7
1337	176.5
1338	144.5
1339	174.4
1340	144.7
1341	104.9
1342	86.8
1343	171.3
1344	134.4
1345	148.9
1346	229.3
1347	142.6
1348	106
1349	136.4
1350	182.2
1351	106.5
1352	45.7
1353	95.7
1354	159
1355	100
1356	27.9
1357	122.3
1358	94.6
1359	146.5
1360	245.9
1361	141.8
1362	104.1
1363	209.8
1364	116.7
1365	121.2
1366	156.2
1367	155.8
1368	98.8
1369	151.3
1370	59.9
1371	178.6
1372	90.2
1373	98.6
1374	107.1
1375	101.3
1376	46.5
1377	75.9
1378	148.2
1379	138.8
1380	107
1381	160.8
1382	87.9
1383	308.7
1384	82.9
1385	37.6
1386	108.7
1387	170.7
1388	150.3
1389	147.7
1390	111.6
1391	188.3
1392	135.6
1393	157.1
1394	101.4
1395	147.2
1396	175.5
1397	194.4
1398	233.5
1399	238.5
1400	109.4
1401	139.9
1402	174.7
1403	74.3
1404	109.5
1405	113.7
1406	165
1407	264
1408	124.2
1409	71.7
1410	110
1411	127
1412	119.4
1413	82.5
1414	103
1415	100.1
1416	96.5
1417	116.6
1418	84.6
1419	170.7
1420	74.3
1421	137
1422	107.1
1423	74.9
1424	157.3
1425	98.8
1426	103.9
1427	109.7
1428	120.3
1429	145.7
1430	110.2
1431	70.9
1432	157.4
1433	91.3
1434	165.2
1435	122.2
1436	225
1437	166.5
1438	150.4
1439	116.9
1440	102.7
1441	94.6
1442	151.2
1443	92.1
1444	131.7
1445	194.3
1446	95
1447	111.1
1448	150
1449	259.5
1450	255.2
1451	174.2
1452	237.3
1453	84.8
1454	53
1455	102.6
1456	164.8
1457	77.4
1458	143.3
1459	101.1
1460	119.9
1461	82.8
1462	89.7
1463	97.5
1464	127.9
1465	107.2
1466	211
1467	92.4
1468	100.6
1469	132.9
1470	83.2
1471	83.3
1472	136.4
1473	195.2
1474	104.8
1475	164.2
1476	91
1477	201.4
1478	70.5
1479	192.7
1480	95.9
1481	96
1482	106.1
1483	71.3
1484	190.4
1485	46.5
1486	112.1
1487	112.4
1488	88.6
1489	107.7
1490	169.8
1491	71.3
1492	93
1493	86.3
1494	139.3
1495	207.1
1496	118.6
1497	95.2
1498	128.5
1499	135.5
1500	69.5
1501	112
1502	166.8
1503	166.7
1504	217.4
1505	83.8
1506	80.9
1507	97.1
1508	203
1509	41.7
1510	95.1
1511	228.7
1512	86.5
1513	71.9
1514	159.2
1515	113.4
1516	151.5
1517	55.9
1518	126.9
1519	179.5
1520	94.2
1521	87.9
1522	85.4
1523	97.9
1524	225.3
1525	230.1
1526	103.5
1527	98.1
1528	129.7
1529	152.8
1530	116.9
1531	106
1532	198.2
1533	173.7
1534	102.4
1535	30.7
1536	124.7
1537	74
1538	40
1539	94.2
1540	214.9
1541	70.1
1542	208.5
1543	89.1
1544	138
1545	80.1
1546	39.8
1547	85.9
1548	75.8
1549	104.2
1550	90
1551	192.1
1552	135.7
1553	120.3
1554	59.9
1555	146.8
1556	178.4
1557	117.5
1558	105.9
1559	99.7
1560	81.7
1561	114.9
1562	93.3
1563	233.2
1564	72.3
1565	79.7
1566	148.8
1567	82.5
1568	88.6
1569	111.7
1570	49.7
1571	77.1
1572	126.9
1573	80.4
1574	117
1575	97.7
1576	109.9
1577	75.3
1578	73.7
1579	68.6
1580	74.1
1581	53.3
1582	138
1583	66.6
1584	38.1
1585	108.9
1586	55.9
1587	232
1588	73.6
1589	144.6
1590	106
1591	78.1
1592	96.6
1593	185.3
1594	85.3
1595	155.2
1596	105.7
1597	88.4
1598	70.3
1599	175.2
1600	221.8
1601	57.1
1602	92.2
1603	174.7
1604	95.5
1605	119.9
1606	88.8
1607	100
1608	170.1
1609	67.3
1610	194.7
1611	275.8
1612	62.4
1613	149.1
1614	123.5
1615	66.1
1616	89.5
1617	79.5
1618	114.3
1619	112.1
1620	75.8
1621	92.7
1622	221.6
1623	98.3
1624	104
1625	116.3
1626	123.6
1627	246.3
1628	90.4
1629	76.8
1630	184.2
1631	52.6
1632	122.7
1633	67.3
1634	103.8
1635	103.1
1636	107.8
1637	174.3
1638	66.1
1639	91.4
1640	75.9
1641	83.5
1642	79
1643	87.4
1644	89.9
1645	124.1
1646	93.4
1647	118.2
1648	77.2
1649	100.6
1650	67.2
1651	84.2
1652	87.8
1653	64.4
1654	90.3
1655	101.7
1656	168.5
1657	128.9
1658	131.9
1659	104.2
1660	71.5
1661	153.4
1662	189.2
1663	94.1
1664	80.5
1665	60.5
1666	127
1667	104.4
1668	96.5
1669	97.1
1670	192.5
1671	141.9
1672	106.1
1673	103.4
1674	105.2
1675	72
1676	75.8
1677	188.4
1678	71.7
1679	101.1
1680	135.2
1681	95.9
1682	56.6
1683	113.6
1684	82.7
1685	125.4
1686	41.8
1687	108.1
1688	76.5
1689	92.6
1690	85.8
1691	112.7
1692	108.3
1693	199.8
1694	86.6
1695	91.9
1696	172.4
1697	128.4
1698	58.5
1699	86.5
1700	51.7
1701	125.4
1702	165.5
1703	123.8
1704	146.7
1705	103.4
1706	97.4
1707	59.1
1708	64.7
1709	96.2
1710	79.1
1711	90
1712	186.1
1713	172.8
1714	122.1
1715	85.8
1716	97.1
1717	98.5
1718	116.3
1719	49.9
1720	198.8
1721	151
1722	93.5
1723	111.3
1724	98.8
1725	139.6
1726	166.5
1727	162.1
1728	222.9
1729	219.5
1730	177.9
1731	75.9
1732	138.5
1733	99.6
1734	156.9
1735	152.3
1736	62
1737	77.6
1738	98.9
1739	110.2
1740	163.6
1741	242.6
1742	73.8
1743	81.9
1744	182.8
1745	102.3
1746	219.3
1747	184.6
1748	178.8
1749	68.9
1750	48.7
1751	223.8
1752	221.8
1753	159.2
1754	173.9
1755	220.4
1756	113.5
1757	139.3
1758	235.7
1759	134.5
1760	118.8
1761	213.8
1762	69.6
1763	164.6
1764	126.3
1765	81.2
1766	204.2
1767	233.7
1768	216.4
1769	197.7
1770	123.7
1771	63.8
1772	181.4
1773	177.9
1774	132
1775	63.8
1776	123.5
1777	163.4
1778	135.3
1779	112.5
1780	49.4
1781	210.7
1782	237.4
1783	145.6
1784	120
1785	146.5
1786	229.2
1787	135.4
1788	194.2
1789	65.5
1790	54.1
1791	64.8
1792	125.7
1793	118.2
1794	65.7
1795	135.6
1796	95.4
1797	198
1798	95.6
1799	116
1800	86.3
1801	217.3
1802	131.9
1803	213.5
1804	93.4
1805	105.4
1806	151.2
1807	212.4
1808	74.6
1809	128.1
1810	192.6
1811	121.3
1812	168
1813	146.4
1814	123.4
1815	75.6
1816	216.5
1817	141.5
1818	96.5
1819	141.7
1820	187.3
1821	145.5
1822	141.9
1823	122.4
1824	114
1825	199.4
1826	145.1
1827	83.7
1828	94.2
1829	156.4
1830	178.4
1831	106.1
1832	129.6
1833	119.2
1834	94.6
1835	127.8
1836	119.5
1837	57.6
1838	128
1839	195.9
1840	81
1841	97.1
1842	79.8
1843	183.2
1844	89.9
1845	127.6
1846	41.2
1847	103.5
1848	210.4
1849	228.8
1850	247.4
1851	58.5
1852	109.6
1853	208.8
1854	108
1855	184.1
1856	77.9
1857	118.9
1858	147
1859	79.9
1860	81
1861	119.1
1862	97.4
1863	122.3
1864	111.3
1865	93.5
1866	162.8
1867	108.6
1868	112.5
1869	101.1
1870	38.1
1871	110.5
1872	76.9
1873	99.7
1874	217.8
1875	112.5
1876	85.4
1877	132
1878	113.2
1879	218.8
1880	170.7
1881	93.8
1882	100.8
1883	262.1
1884	91.6
1885	171.9
1886	93.2
1887	155.4
1888	84.6
1889	169
1890	117.1
1891	33.2
1892	73.8
1893	87.1
1894	153.8
1895	52.6
1896	122.7
1897	82
1898	226.9
1899	67.9
1900	146.1
1901	124.1
1902	101
1903	62.2
1904	59.3
1905	103.1
1906	131.9
1907	31.3
1908	63.3
1909	18
1910	19.1
1911	78.6
1912	109.9
1913	95.1
1914	72.3
1915	156.2
1916	98.2
1917	138.9
1918	79.5
1919	134.2
1920	90.1
1921	59.3
1922	109.5
1923	89.3
1924	119.7
1925	61.7
1926	121.9
1927	163.3
1928	84.5
1929	12
1930	187.3
1931	16.7
1932	94.2
1933	156.8
1934	105.2
1935	187.7
1936	47.1
1937	107.2
1938	124.3
1939	134
1940	167.5
1941	66.2
1942	89.3
1943	110.3
1944	53.6
1945	12.6
1946	105.7
1947	102
1948	14.6
1949	108.2
1950	16.8
1951	181.6
1952	76.8
1953	48.4
1954	109.4
1955	84.6
1956	168.7
1957	158.2
1958	96.7
1959	101.6
1960	119.3
1961	105.9
1962	98.9
1963	89.1
1964	147.4
1965	80.1
1966	2.6
1967	20.7
1968	119.3
1969	111.6
1970	145.8
1971	70.4
1972	99.7
1973	77.7
1974	169.8
1975	46
1976	62.8
1977	45.1
1978	96.1
1979	8.4
1980	96.7
1981	155.5
1982	2.4
1983	87.7
1984	92.4
1985	85
1986	103.5
1987	128
1988	81.8
1989	13
1990	2.2
1991	86.3
1992	134.4
1993	104.1
1994	162.4
1995	102
1996	81.7
1997	82.7
1998	152.4
1999	104.8
2000	95.4
2001	103.6
2002	98
2003	96.6
2004	64.2
2005	102.7
2006	102.4
2007	78.5
2008	33.2
2009	94.7
2010	68.8
2011	3.9
2012	90.5
2013	88.4
2014	1
2015	111.4
2016	113.3
2017	107.1
2018	103.2
2019	91.7
2020	95
2021	76.1
2022	86.8
2023	80.1
2024	1
2025	174.1
2026	79.7
2027	56.9
2028	94.6
2029	98.5
2030	82.9
2031	115.9
2032	79.9
2033	91.8
2034	100.8
2035	37
2036	0.9
2037	98.7
2038	2
2039	82.1
2040	73.4
2041	15.7
2042	55.1
2043	97.8
2044	101.8
2045	88.9
2046	105.6
2047	42
2048	57.7
2049	86.4
2050	186.4
2051	27.4
2052	119.8
2053	50.9
2054	46.9
2055	106.7
2056	97.8
2057	79.3
2058	9.1
2059	102.9
2060	76.4
2061	76.2
2062	155.5
2063	80.4
2064	42.1
2065	81.6
2066	75.2
2067	54.7
2068	76.6
2069	101.1
2070	121.1
2071	52.4
2072	102.1
2073	117.4
2074	179.1
2075	107.8
2076	2.2
2077	93.8
2078	166.8
2079	92.2
2080	81
2081	182.1
2082	136.8
2083	20.3
2084	145.3
2085	98.2
2086	56.1
2087	62.7
2088	220.7
2089	114.2
2090	204.4
2091	53.7
2092	99.9
2093	150.2
2094	59.1
2095	28.1
2096	113.5
2097	42.3
2098	74.9
2099	100
2100	66.8
2101	59.3
2102	121.8
2103	87.6
2104	79
2105	122.6
2106	61
2107	70.5
2108	77
2109	64.9
2110	89.1
2111	91.4
2112	14.3
2113	101.2
2114	65.9
2115	63.8
2116	101.7
2117	66.7
2118	92.8
2119	47.3
2120	85.5
2121	35.7
2122	68.6
2123	72.3
2124	99.1
2125	69.5
2126	99.4
2127	23.3
2128	53.6
2129	80.3
2130	66.7
2131	88
2132	89.5
2133	98.4
2134	86.6
2135	51.8
2136	107.6
2137	29.5
2138	57.4
2139	56.2
2140	80.2
2141	87.9
2142	45.2
2143	100.2
2144	68.3
2145	66.7
2146	32
2147	31.6
2148	87.2
2149	43.6
2150	73.2
2151	91.1
2152	52.6
2153	124.6
2154	68.6
2155	89.3
2156	94.3
2157	73.6
2158	40.1
2159	17.1
2160	161.9
2161	99.9
2162	102.7
2163	62.3
2164	123.3
2165	39.3
2166	68.2
2167	83.2
2168	37.1
2169	83.1
2170	127.8
2171	44.5
2172	149.4
2173	82.4
2174	83.2
2175	23.4
2176	50.9
2177	169.1
2178	75.4
2179	40.4
2180	68.6
2181	130.6
2182	56.6
2183	142
2184	88.4
2185	57.6
2186	12.3
2187	22.5
2188	67
2189	130.6
2190	27.2
2191	39.7
2192	66.5
2193	142.2
2194	134.7
2195	33.7
2196	74.4
2197	76.6
2198	65.4
2199	137.8
2200	120
2201	14.9
2202	33.8
2203	38.5
2204	104
2205	107.3
2206	72.2
2207	40.7
2208	32.1
2209	45.1
2210	93.8
2211	72.4
2212	28.3
2213	110.1
2214	124.9
2215	79.2
2216	50.5
2217	149.8
2218	74.3
2219	58.6
2220	37.1
2221	71.2
2222	120.9
2223	77.3
2224	54.2
2225	99.7
2226	46.9
2227	78.2
2228	49.9
2229	37.4
2230	22.7
2231	61.3
2232	95.9
2233	88
2234	51.6
2235	49.3
2236	105.1
2237	44.8
2238	49.1
2239	38
2240	42.5
2241	82.7
2242	101.3
2243	32.9
2244	32.1
2245	56.3
2246	46.7
2247	102.1
2248	127.3
2249	60.1
2250	42.8
2251	21.4
2252	155.1
2253	111
2254	20.3
2255	68.5
2256	42.6
2257	30.1
2258	56.4
2259	121.8
2260	79.9
2261	54.9
2262	49.3
2263	99.9
2264	81
2265	106.5
2266	56.6
2267	53.7
2268	47.9
2269	25.1
2270	132.5
2271	31.8
2272	44.5
2273	31.7
2274	105.3
2275	120.9
2276	30.2
2277	37.5
2278	103.7
2279	50.5
2280	50.7
2281	199.8
2282	106.6
2283	41.6
2284	119.8
2285	114.9
2286	63.6
2287	33.2
2288	33.2
2289	38.8
2290	30.3
2291	48.4
2292	133.7
2293	22.6
2294	28.2
2295	112.3
2296	181.6
2297	112.9
2298	46
2299	18.7
2300	49.4
2301	94.4
2302	57
2303	77.4
2304	70.6
2305	42.1
2306	124.8
2307	138.3
2308	45.5
2309	24.2
2310	159.3
2311	263.8
2312	87.5
2313	73.6
2314	30
2315	226.5
2316	64.1
2317	169.3
2318	52.9
2319	44.1
2320	122.8
2321	41.1
2322	32.4
2323	47.3
2324	160.4
2325	98.8
2326	21.3
2327	47.2
2328	95.5
2329	55
2330	157.8
2331	148
2332	17.3
2333	84.6
2334	46.7
2335	184.8
2336	36.6
2337	113.5
2338	20.6
2339	21.7
2340	143.5
2341	36.6
2342	145.8
2343	16.1
2344	99.9
2345	24.5
2346	38.1
2347	53.9
2348	107.7
2349	29.8
2350	99.5
2351	42.7
2352	59.9
2353	23.3
2354	102.6
2355	111.1
2356	149.8
2357	110.1
2358	22.4
2359	158.2
2360	29
2361	39.7
2362	27.4
2363	158.6
2364	60.3
2365	49.7
2366	206.4
2367	174.2
2368	54.2
2369	19.7
2370	188.5
2371	110.3
2372	32.1
2373	31.9
2374	21.6
2375	115
2376	237.7
2377	42.4
2378	36.9
2379	61.1
2380	55.1
2381	30
2382	171.6
2383	228.7
2384	172.8
2385	30.6
2386	109.9
2387	84
2388	34
2389	159
2390	58.6
2391	34.5
2392	181.1
2393	236.2
2394	178
2395	20.7
2396	70
2397	143.9
2398	30.1
2399	31
2400	140.2
2401	95.8
2402	193
2403	75
2404	16.3
2405	23.4
2406	37.4
2407	180.5
2408	46
2409	48.4
2410	23.2
2411	22.7
2412	33.9
2413	155.1
2414	18.1
2415	29.9
2416	75.6
2417	71.4
2418	102.6
2419	82.2
2420	184.1
2421	251.7
2422	101.9
2423	50.9
2424	40.5
2425	21.5
2426	205.8
2427	87.1
2428	185.8
2429	268.2
2430	210.1
2431	20.7
2432	69.7
2433	238.6
2434	17.6
2435	82.9
2436	59.7
2437	16.9
2438	32.6
2439	130.6
2440	44.5
2441	283.4
2442	34.6
2443	25.5
2444	231.9
2445	20.1
2446	25.7
2447	37.9
2448	305
2449	195.3
2450	207
2451	40.7
2452	40.8
2453	234.7
2454	76.4
2455	96.2
2456	155.9
2457	127.2
2458	31.2
2459	40.2
2460	17.1
2461	226.9
2462	72.9
2463	20.7
2464	237
2465	229.5
2466	82.1
2467	32.2
2468	36.1
2469	45.3
2470	233.3
2471	27.2
2472	37.4
2473	19.1
2474	113.2
2475	34.2
2476	217.7
2477	34
2478	40.5
2479	197.5
2480	28.5
2481	56.4
2482	18.5
2483	241.4
2484	95
2485	29.1
2486	50.7
2487	54
2488	26.1
2489	148
2490	159.7
2491	20.6
2492	78.4
2493	231.6
2494	38.7
2495	43.6
2496	20.4
2497	35.8
2498	25.2
2499	21.1
2500	123.7
2501	32
2502	33.3
2503	31.6
2504	69.6
2505	94.5
2506	40.4
2507	43.9
2508	104
2509	228.2
2510	110.1
2511	156.2
2512	104.3
2513	45.8
2514	27.4
2515	26.2
2516	60.5
2517	14.6
2518	39.6
2519	60.4
2520	129.7
2521	34.9
2522	211
2523	15.6
2524	67.1
2525	32.6
2526	23.4
2527	37.7
2528	33.8
2529	37.8
2530	20.5
2531	12.8
2532	18.8
2533	68.4
2534	37.2
2535	44.9
2536	61.5
2537	51.6
2538	103.3
2539	223.8
2540	54
2541	70.5
2542	83.9
2543	35.2
2544	30.8
2545	41.9
2546	80
2547	57.3
2548	40.2
2549	59.3
2550	116.5
2551	32.9
2552	144
2553	33.8
2554	104.1
2555	38.9
2556	55.7
2557	17.4
2558	40
2559	29.3
2560	98.2
2561	44.1
2562	171.8
2563	66.7
2564	87.3
2565	62
2566	11.3
2567	47.8
2568	141
2569	23.4
2570	33.7
2571	13.2
2572	87.5
2573	36.6
2574	41.6
2575	33.1
2576	42.6
2577	27
2578	18.8
2579	30.4
2580	47.7
2581	74.3
2582	140.1
2583	50.6
2584	112.1
2585	47.5
2586	108.7
2587	34.9
2588	32.6
2589	21.3
2590	26.7
2591	22.8
2592	36.5
2593	44.6
2594	31.2
2595	85.6
2596	67.5
2597	57.9
2598	156.3
2599	45.1
2600	44.7
2601	27.5
2602	85.5
2603	29.2
2604	158.8
2605	34.7
2606	37.4
2607	40.1
2608	26.7
2609	65.2
2610	25.3
2611	57.9
2612	31.8
2613	47.5
2614	123.7
2615	33
2616	71.2
2617	74.9
2618	61.1
2619	56.5
2620	120.8
2621	33.2
2622	35.1
2623	37.6
2624	25.5
2625	122.1
2626	34.1
2627	42.4
2628	44.4
2629	87.4
2630	31.9
2631	21.9
2632	40.1
2633	44.2
2634	28.5
2635	35.6
2636	83.2
2637	52.3
2638	33.4
2639	36.5
2640	20.4
2641	39.1
2642	46.3
2643	165.4
2644	51.6
2645	153.7
2646	23.3
2647	19.7
2648	58.3
2649	37.4
2650	32.7
2651	51.2
2652	57.4
2653	41.1
2654	53.8
2655	26.1
2656	89.9
2657	21.9
2658	35.4
2659	48.1
2660	59.9
2661	34.5
2662	107.7
2663	41.7
2664	36.5
2665	35.1
2666	34.7
2667	23.4
2668	44.8
2669	24.9
2670	89.4
2671	53.5
2672	52.8
2673	20.5
2674	29.9
2675	50
2676	30.8
2677	125.5
2678	44.8
2679	32.7
2680	43
2681	57.2
2682	44.2
2683	17.7
2684	36
2685	50.6
2686	31.2
2687	77.6
2688	43
2689	71.7
2690	102
2691	61
2692	18.5
2693	78.1
2694	36.2
2695	56
2696	30
2697	63.2
2698	118.3
2699	29.3
2700	66.6
2701	16.9
2702	83
2703	30
2704	25.6
2705	37
2706	33.1
2707	21.8
2708	88.9
2709	56.9
2710	91.8
2711	34.5
2712	52.6
2713	29.4
2714	119.9
2715	23.6
2716	57.7
2717	40.2
2718	18.4
2719	18.2
2720	33.6
2721	40.1
2722	66.8
2723	29
2724	24.3
2725	65.4
2726	25.5
2727	79
2728	20.6
2729	73.8
2730	42.4
2731	45.6
2732	28.2
2733	27.4
2734	31.5
2735	26.6
2736	18.7
2737	14.1
2738	40
2739	23.4
2740	35.1
2741	37.7
2742	38.8
2743	14.2
2744	22.9
2745	22.9
2746	19.4
2747	38.9
2748	35.6
2749	76.5
2750	25.5
2751	38.5
2752	36.4
2753	22.6
2754	29
2755	26.1
2756	23.7
2757	78.8
2758	132.3
2759	25.2
2760	22.1
2761	30.3
2762	40.1
2763	21.9
2764	42.5
2765	29.6
2766	35.8
2767	18.9
2768	30.9
2769	12.2
2770	54.7
2771	110.3
2772	31.4
2773	9.7
2774	57.1
2775	25.4
2776	30.1
2777	20.9
2778	34.4
2779	40.8
2780	8.3
2781	71.3
2782	23
2783	30.2
2784	21.2
2785	20.3
2786	16.7
2787	69.5
2788	22
2789	34.2
2790	49
2791	32.9
2792	36.4
2793	95
2794	60.3
2795	17.4
2796	25.6
2797	114.1
2798	38.5
2799	60.4
2800	21.3
2801	54.7
2802	107.9
2803	12.5
2804	10.1
2805	21.7
2806	52.6
2807	122.4
2808	19.1
2809	45.8
2810	15.9
2811	48.6
2812	57.7
2813	40.6
2814	44.7
2815	60
2816	16.4
2817	31
2818	47.1
2819	35.9
2820	53.7
2821	22.4
2822	50.1
2823	47.6
2824	19.9
2825	15.5
2826	20.3
2827	7.3
2828	74.7
2829	11.8
2830	34.9
2831	39.3
2832	38.7
2833	13.4
2834	93.8
2835	96.3
2836	36.8
2837	37.7
2838	88.5
2839	44.3
2840	63.4
2841	48.1
2842	55.2
2843	15
2844	12.7
2845	8.5
2846	11.2
2847	73.8
2848	23.2
2849	53
2850	40.8
2851	40
2852	35.3
2853	42.1
2854	74.3
2855	19.6
2856	119.1
2857	33.4
2858	90.1
2859	24.3
2860	10
2861	33.9
2862	53.6
2863	22
2864	37.9
2865	42.9
2866	22.7
2867	25
2868	30
2869	33.8
2870	21.7
2871	26.6
2872	47.9
2873	75.4
2874	9.8
2875	27.9
2876	7.1
2877	40.7
2878	18
2879	7.6
2880	26.5
2881	35.2
2882	49.6
2883	15
2884	41
2885	34.9
2886	91.6
2887	18.5
2888	10.1
2889	15.6
2890	15.4
2891	39.2
2892	56.9
2893	98.1
2894	41.3
2895	68.5
2896	8
2897	93.8
2898	37.5
2899	74.1
2900	43.9
2901	10.5
2902	27.5
2903	123.5
2904	8.8
2905	27
2906	38
2907	49.6
2908	67.8
2909	50.4
2910	15.3
2911	105.8
2912	37.4
2913	51.8
2914	48.9
2915	33.9
2916	78.6
2917	10.2
2918	59
2919	11.6
2920	17.2
2921	38.7
2922	16.9
2923	30.1
2924	50.5
2925	36.1
2926	51.6
2927	10.3
2928	43.1
2929	47.8
2930	90.2
2931	45.5
2932	54.6
2933	41.6
2934	12.7
2935	86.6
2936	12.3
2937	23.6
2938	29.6
2939	93.9
2940	14.2
2941	33.2
2942	12.8
2943	61.7
2944	16
2945	63.1
2946	64.4
2947	49.6
2948	48.2
2949	64.2
2950	15.6
2951	68.9
2952	67.1
2953	73
2954	43.7
2955	82.1
2956	80.7
2957	29.9
2958	44.8
2959	29
2960	78.8
2961	57.8
2962	42.7
2963	52.9
2964	51.2
2965	24.4
2966	58.2
2967	71.3
2968	92.4
2969	13
2970	19.3
2971	102.2
2972	67.1
2973	16.3
2974	61.2
2975	68.9
2976	86
2977	22.1
2978	45.6
2979	62
2980	51.4
2981	62.6
2982	60.2
2983	64.1
2984	110.3
2985	43.1
2986	83.1
2987	37.4
2988	51.4
2989	24.5
2990	22.9
2991	106.3
2992	44.9
2993	57.4
2994	70.8
2995	61.9
2996	94.8
2997	58.7
2998	28.7
2999	35.9
3000	34.7
3001	11.8
3002	67.5
3003	28.9
3004	26.9
3005	44.3
3006	62.9
3007	44.4
3008	116
3009	26.4
3010	42.9
3011	81.8
3012	33
3013	103.7
3014	19.1
3015	35.7
3016	60.1
3017	140.9
3018	23.6
3019	50.6
3020	33.2
3021	50.9
3022	13.3
3023	31.2
3024	62
3025	20.3
3026	86.7
3027	69.2
3028	33.3
3029	61.5
3030	41.2
3031	47.4
3032	30.5
3033	25.5
3034	33
3035	28.8
3036	50.8
3037	29.5
3038	17.8
3039	23.9
3040	75.4
3041	130.1
3042	88.4
3043	109.3
3044	48.2
3045	77.7
3046	42.2
3047	27.2
3048	168.5
3049	41.7
3050	104.2
3051	59
3052	29.4
3053	111.5
3054	22.7
3055	31.6
3056	122.5
3057	42.6
3058	74.3
3059	69.2
3060	20.7
3061	13.5
3062	33.3
3063	126.5
3064	149.3
3065	18.2
3066	88.3
3067	32.3
3068	125.8
3069	39.5
3070	126.8
3071	53.2
3072	32.9
3073	19.5
3074	98.7
3075	54.5
3076	48.3
3077	65
3078	28.7
3079	39.2
3080	176.5
3081	45.2
3082	16.5
3083	127.1
3084	78.4
3085	29.4
3086	34.3
3087	193.9
3088	107.8
3089	168.6
3090	59.5
3091	39.7
3092	51.5
3093	40.8
3094	21.6
3095	26.5
3096	122.9
3097	64.6
3098	181.2
3099	26.8
3100	159.4
3101	26.3
3102	49
3103	63.5
3104	103.6
3105	36.7
3106	180.2
3107	170.7
3108	23.6
3109	25.3
3110	38.3
3111	200.5
3112	26.8
3113	126.2
3114	25.1
3115	23
3116	37.2
3117	43
3118	97.4
3119	196.1
3120	15.8
3121	184.4
3122	32.1
3123	143.9
3124	13.4
3125	16
3126	19.8
3127	9.7
3128	18.8
3129	21.3
3130	14.8
3131	100.9
3132	163.7
3133	162.8
3134	106.3
3135	22.2
3136	163.5
3137	26.4
3138	29
3139	144.4
3140	81.9
3141	7.9
3142	135.9
3143	162.9
3144	19.9
3145	12.2
3146	16.5
3147	18.9
3148	5.6
3149	11.6
3150	14.7
3151	139
3152	101.2
3153	100.6
3154	105.6
3155	26.8
3156	35.9
3157	25.2
3158	15.8
3159	105.1
3160	14.6
3161	155.7
3162	102.7
3163	29.5
3164	14.9
3165	5.9
3166	88.7
3167	6
3168	116.1
3169	11.7
3170	92.5
3171	2.9
3172	167.7
3173	14.9
3174	5.6
3175	119.1
3176	4.2
3177	13.6
3178	11.3
3179	12.8
3180	13.5
3181	5.3
3182	144.2
3183	103.1
3184	100
3185	115.2
3186	24.5
3187	92.3
3188	4.5
3189	27.8
3190	0.5
3191	2.8
3192	6
3193	11.2
3194	114.2
3195	85.5
3196	5.1
3197	4.6
3198	4.5
3199	46.5
3200	13.1
3201	8.5
3202	81.8
3203	75.7
3204	5.7
3205	68.6
3206	17.1
3207	5.9
3208	6.5
3209	10
3210	73.1
3211	70.8
3212	54.9
3213	15.4
3214	11.6
3215	3.1
3216	14.7
3217	10.5
3218	59.1
3219	60.6
3220	3.8
3221	6
3222	79.9
3223	0.9
3224	67
3225	9.5
3226	47.5
3227	13.7
3228	4.8
3229	8
3230	10.2
3231	8
3232	6.2
3233	13.4
3234	43.4
3235	56.5
3236	86.1
3237	18.3
3238	56.6
3239	6
3240	14.6
3241	14.6
3242	7.1
3243	53.3
3244	4.6
3245	18.1
3246	11.4
3247	6.5
3248	7.3
3249	2
3250	8.3
3251	64.5
3252	123.3
3253	4.5
3254	46.5
3255	17.1
3256	5.1
3257	69.1
3258	4.5
3259	12.4
3260	6.7
3261	8.8
3262	74.7
3263	12.7
3264	10.4
3265	8.6
3266	5.1
3267	12.5
3268	48.1
3269	85
3270	6.7
3271	10.7
3272	51.7
3273	10.9
3274	135.1
3275	4.7
3276	7.9
3277	4.7
3278	29
3279	14.1
3280	10.1
3281	13.9
3282	7.7
3283	45.5
3284	5.1
3285	7.7
3286	123.8
3287	11.6
3288	10.8
3289	4.1
3290	2.4
3291	104.3
3292	5.2
3293	14
3294	15.1
3295	15.4
3296	4.8
3297	2.2
3298	10.2
3299	0.9
3300	31.9
3301	4.7
3302	9.4
3303	85.5
3304	14.8
3305	44.6
3306	5.7
3307	11.7
3308	67.6
3309	4.3
3310	6.6
3311	2.3
3312	8.9
3313	3.9
3314	9.7
3315	5.3
3316	42.2
3317	8.1
3318	68.7
3319	9
3320	1.7
3321	6.9
3322	5.1
3323	14.6
3324	4.3
3325	3.6
3326	3.9
3327	7.8
3328	14.1
3329	2.5
3330	26.1
3331	21
3332	15.4
3333	3.3
3334	2.8
3335	70.1
3336	6.4
3337	7.4
3338	3.5
3339	9.3
3340	14.7
3341	32.3
3342	3.9
3343	14.9
3344	3.3
3345	9
3346	19.3
3347	0.9
3348	9.2
3349	2.9
3350	59.2
3351	17.2
3352	61.9
3353	2.5
3354	4.3
3355	2.8
3356	1.4
3357	4
3358	12.3
3359	3.6
3360	61.2
3361	3.5
3362	3.1
3363	27.3
3364	21.8
3365	5
3366	3
3367	1.5
3368	9.6
3369	10.2
3370	27.3
3371	4.5
3372	6.6
3373	1.7
3374	2.4
3375	3.4
3376	1.8
3377	1.6
3378	2.2
3379	1.6
3380	2.8
3381	4
3382	2.4
3383	1.5
3384	3.2
3385	4.2
3386	3.3
3387	3.2
3388	1.9
3389	2.3
3390	2
3391	2.3
3392	2.5
3393	2.6
3394	2.6
3395	2.6
3396	2.1
3397	2.4
3398	1.5
3399	1.2
3400	174.7
3401	198.6
3402	204.2
3403	159.8
3404	130.8
3405	122.3
3406	196
3407	93.5
3408	209.2
3409	90.2
3410	26
3411	43.7
3412	240.9
3413	108.7
3414	189.9
3415	96.7
3416	72.7
3417	198.5
3418	88.5
3419	72.1
3420	92.3
3421	108.8
3422	86.4
3423	120.4
3424	89.5
3425	141.5
3426	78.1
3427	143.4
3428	52.6
3429	172.5
3430	43.2
3431	57.1
3432	185.3
3433	107.7
3434	158.9
3435	108.4
3436	80.4
3437	90.8
3438	72.1
3439	80.7
3440	80.5
3441	216.2
3442	195.9
3443	144.2
3444	64.5
3445	60.9
3446	73.5
3447	121.6
3448	221.3
3449	150.8
3450	84.2
3451	138.9
3452	193.3
3453	71.7
3454	114.3
3455	145.9
3456	113.3
3457	100.2
3458	88
3459	93.8
3460	101
3461	196.9
3462	129.7
3463	128.6
3464	80.8
3465	106
3466	58.3
3467	81.3
3468	130.1
3469	57.9
3470	128.4
3471	172.9
3472	43.7
3473	220.2
3474	87.6
3475	123.5
3476	108
3477	86.2
3478	115.1
3479	107.9
3480	64.2
3481	133
3482	19.2
3483	74
3484	150.9
3485	64.8
3486	85.5
3487	12.6
3488	62.4
3489	136.1
3490	163.6
3491	93.6
3492	76.4
3493	79.8
3494	58.2
3495	98.6
3496	23.6
3497	47.2
3498	31.9
3499	98.6
3500	73.1
3501	38.2
3502	46.6
3503	69.6
3504	42.2
3505	80.7
3506	126.8
3507	40.7
3508	142.8
3509	27.1
3510	49
3511	110.6
3512	24.6
3513	24.3
3514	39.7
3515	179.6
3516	40.2
3517	28.7
3518	72.1
3519	39.8
3520	123.7
3521	70
3522	189.3
3523	29.6
3524	35.9
3525	51.8
3526	20.7
3527	49.3
3528	122.9
3529	35.3
3530	38.6
3531	128
3532	29.9
3533	61.9
3534	64.1
3535	81.2
3536	38.2
3537	23.6
3538	46
3539	90.4
3540	114.8
3541	53
3542	34.2
3543	48.1
3544	45.3
3545	130.8
3546	32.7
3547	37.1
3548	62.6
3549	26.8
3550	32.4
3551	32.1
3552	35.5
3553	49.4
3554	51.2
3555	60.9
3556	62.9
3557	20.7
3558	70.2
3559	30.8
3560	50.2
3561	31.7
3562	30.6
3563	38.9
3564	20.1
3565	32.4
3566	49.7
3567	43.1
3568	132.8
3569	148.5
3570	191.3
3571	167.1
3572	50.5
3573	170.5
3574	34.8
3575	44.1
3576	109.2
3577	73.5
3578	120.5
3579	13.6
3580	12.4
3581	1.5
3582	100.3
3583	12.7
3584	75.4
3585	8.8
3586	79
3587	6.1
3588	3.8
3589	7.7
3590	3.6
3591	57.5
3592	2.1
3593	1.8
3594	3.4
